423.745
463.182
386.849
435.082
431.004
419.331
415.527
377.952
424.727
400.404
398.529
421.278
423.38
377.341
367.199
429.198
390.34
393.846
454.257
520.523
339.428
413.751
393.741
426.725
388.758
358.628
365.346
429.126
383.619
412.6
376.493
351.467
399.09
435.929
401.243
430.029
458.045
424.447
428.902
416.07
454.507
444.378
406.074
441.713
382.783
435.703
440.956
462.026
481.23
391.674
441.604
413.91
363.203
465.876
446.786
373.183
428.017
396.04
396.041
381.2
402.899
441.648
479.044
374.427
455.631
485.548
489.855
399.559
378.634
468.589
378.6
433.937
457.547
414.224
396.509
380.839
431.455
433.663
404.386
410.411
398.186
386.789
363.111
387.517
385.687
379.62
409.876
384.768
458.684
428.733
430.562
387.625
368.407
530.975
476.795
464.964
496.379
411.213
411.872
328.23
387.179
477.779
391.036
510.326
413.251
390.843
405.984
441.831
375.921
464.186
442.102
476.2
383.599
440.901
465.335
445.797
431.273
445.805
378.61
440.047
449.445
471.373
409.638
357.573
416.607
432.547
427.42
471.416
444.84
437.65
347.449
386.233
357.656
443.561
383.46
423.334
457.996
415.726
380.755
415.32
405.577
431.374
358.035
435.966
477.358
432.266
400.963
395.192
375.488
403.918
488.023
433.131
457.638
417.555
401.06
378.606
389.417
446.105
459.978
468.281
395.496
431.917
482.442
423.633
445.552
387.901
380.03
361.429
415.454
457.453
405.477
431.856
398.455
402.735
395.89
419.086
419.049
376.288
427.168
428.945
445.028
447.295
358.216
477.829
563.443
454.863
416.437
469.076
454.921
446.501
379.732
436.661
385.854
350.134
484.479
447.848
334.81
408.067
387.053
451.555
460.179
457.376
412.568
434.775
455.387
431.083
417.679
436.707
461.291
519.605
517.41
404.958
396.508
518.324
413.726
410
487.197
437.338
443.325
411.362
479.847
445.089
401.992
439.072
446.154
413.435
434.183
342.659
426.499
425.965
452.453
398.093
450.017
393.237
442.934
434.622
426.844
452.572
413.537
446.491
435.37
445.014
417.776
504.084
467.507
451.525
441.089
417.221
381.691
470.122
459.044
408.003
383.976
457.449
395.197
423.892
476.787
436.088
349.139
416.741
410.522
332.93
479.598
448.239
442.109
336.688
424.852
417.174
371.307
491.615
391.131
457.35
456.905
418.77
387.604
456.887
390.665
409.886
459.881
416.564
428.793
390.936
394.918
426.14
418.802
492.361
420.917
417.099
351.149
447.498
394.251
428.91
438.007
504.527
436.062
418.028
416.229
511.943
440.952
448.864
446.106
372.374
483.501
349.666
366.055
376.159
430.589
439.85
437.343
475.669
408.734
425.572
443.182
386.636
402.743
454.232
409.065
379.45
440.919
489.177
395.051
404.868
413.676
444.278
453.187
398.953
507.122
447.15
465.908
364.508
404.668
436.391
546.53
459.882
390.831
416.726
422.815
387.524
392.906
466.08
385.718
438.792
362.242
422.596
431.496
469.722
459.593
377.116
436.372
428.994
462.409
457.465
444.165
377.622
449.764
388.312
422.148
436.298
472.038
382.399
383.483
451.277
450.138
406.246
330.123
433.748
502.39
316.474
463.178
468.567
474.849
389.26
437.045
402.353
451.653
448.949
360.026
408.462
369.558
442.809
466.092
443.038
497.323
482.178
431.536
441.283
384.445
382.22
424.617
423.348
397.906
356.309
432.558
393.004
394.939
428.129
399.904
418.461
435.844
445.544
414.926
417.201
423.966
462.115
463.54
503.559
444.537
388.037
377.958
404.423
414.984
433.166
491.316
456.6
524.863
530.574
489.746
388.483
410.003
412.232
410.001
423.498
472.799
384.281
454.825
511.631
437.793
406.423
420.23
405.536
458.725
451.235
460.755
405.58
405.282
396.835
407.441
380.383
421.175
409.06
459.38
410.775
457.39
405.115
447.646
393.232
453.896
379.788
388.723
393.962
446.288
487.757
523.301
476.148
366.056
359.28
407.369
433.443
364.196
392.78
417.877
393.914
405.077
551.105
428.791
471.401
377.094
395.127
461.18
445.305
518.478
469.017
384.823
405.232
388.68
493.233
388.365
430.345
454.895
401.257
470.675
491.389
397.786
441.495
489.709
399.153
393.61
377.875
388.061
415.706
458.893
419.269
499.965
415.162
460.645
469.271
406.481
473.839
466.207
413.598
371.434
345.607
433.014
476.906
414.077
457.154
372.832
418.305
479.347
382.908
415.341
468.56
402.225
445.952
380.247
463.67
441.992
363.45
450.512
488.801
345.08
440.602
437.98
367.152
409.499
473.873
409.239
448.657
494.22
459.578
384.357
375.199
450.46
437.104
464.64
391.457
374.895
411.263
420.695
394.493
429.962
449.907
405.177
453.744
504.106
369.163
451.514
394.057
458.361
447.271
449.672
414.654
501.158
418.035
447.597
449.022
389.525
400.406
464.229
404.797
437.276
429.546
439.093
436.746
487.009
438.989
464.759
424.024
471.01
400.981
426.425
392.224
381.464
411.262
414.546
454.667
416.876
432.927
408.302
484.942
389.818
419.179
417.911
442.84
468.253
418.309
511.293
453.992
382.585
410.239
455.083
448.909
452.002
366.304
359.754
437.416
382.458
341.423
389.221
406.849
417.667
430.364
449.49
462.633
390.256
381.664
493.504
337.909
477.408
466.833
369.739
356.193
422.539
409.246
400.12
426.281
420.012
426.918
416.001
385.864
401.195
510.109
425.307
444.253
508.321
401.442
393.007
469.527
420.079
439.223
535.986
422.006
424.854
358.198
399.568
445.041
502.836
449.952
395.964
472.325
398.618
435.048
397.767
432.448
444.446
414.028
357.177
381.832
422.422
362.372
492.958
453.164
460.293
403.944
442.139
355.608
425.569
439.285
524.27
381.681
389.438
430.418
416.944
431.545
453.806
415.69
455.957
408.682
472.526
422.811
422.009
402.968
411.358
409.466
418.693
428.137
370.684
515.516
408.934
401.594
429.34
393.361
391.959
371.951
423.505
426.831
449.516
499.807
422.206
421.26
440.13
444.519
518.142
403.026
465.552
390.013
436.835
350.314
443.119
421.956
378.328
367.952
474.707
399.417
421.803
373.37
452.156
382.235
538.487
433.877
413.353
472.583
342.252
425.796
441.865
395.795
396.893
374.825
467.592
453.201
446.488
425.623
385.455
405.62
457.041
388.319
473.007
462.657
546.105
414.976
434.346
405.352
410.764
444.812
386.384
409.599
416.135
372.859
432.302
379.787
505.57
379.802
385.672
419.42
451.016
450.216
472.461
544.332
440.325
489.724
433.865
428.035
437.3
426.026
451.893
436.368
457.824
437.256
399.146
368.001
434.591
405.376
483.013
373.111
448.695
395.319
412.731
450.606
405.421
426.197
363.909
464.914
392.6
380.951
428.762
427.584
425.033
415.904
423.838
457.215
380.704
406.458
467.769
434.969
401.145
377.546
385.258
350.813
444.747
453.335
485.139
450.433
424.396
428.297
366.656
446.047
412.333
382.114
423.276
463.109
431.13
410.514
376.569
439.053
418.06
464.294
396.409
485.363
470.657
383.345
403.376
422.782
421.447
437.711
440.212
444.697
411.564
401.831
525.963
452.966
448.687
407.938
393.674
417.666
541.605
440.9
457.557
405.287
381.165
447.263
418.457
505.694
418.222
388.097
443.049
411.635
427.896
390.036
408.021
424.996
413.983
451.312
396.129
480.776
497.895
506.261
498.732
371.678
455.943
434.22
458.013
438.379
393.777
379.696
466.316
447.484
411.474
385.877
397.6
389.858
460.828
447.201
410.272
367.058
388.634
376.623
316.84
450.081
393.467
404.673
491.32
443.821
464.419
395.965
419.021
428.08
437.252
430.621
460.412
416.917
439.964
478.438
410.122
410.597
335.355
445.958
466.755
453.085
426.624
481.112
424.809
463.312
451.364
435.151
491.789
454.012
469.713
330.954
411.571
371.145
409.712
432.617
396.968
411.857
395.287
389.311
511.437
364.622
485.592
325.36
489.672
434.531
349.864
478.723
435.293
473.104
459.905
374.374
430.015
414.753
438.373
475.031
440.02
373.127
417.745
458.117
412.046
447.583
411.29
447.842
442.929
448.987
388.039
438.988
406.695
449.816
388.53
403.549
430.192
469.792
465.664
419.658
456.274
415.866
393.983
414.134
391.376
450.11
444.176
408.429
381.094
383.307
351.377
366.655
448.074
378.771
422.571
477.077
391.453
399.378
424.979
459.503
366.846
465.576
440.616
416.276
404.052
384.071
470.08
388.809
324.152
495.283
372.52
379.88
462.866
357.765
416.488
544.239
411.183
487.277
409.833
525.149
441.371
465.394
485.082
394.665
413.202
548.455
399.607
457.202
387.566
477.649
367.162
451.535
395.76
436.923
429.133
413.977
399.796
474.747
449.078
470.667
442.528
411.017
477.712
453.091
376.327
446.199
464.177
399.862
407.608
447.93
413.777
419.443
480.43
407.144
424.146
428.383
452.643
363.543
424.752
464.808
418.551
408.787
415.082
419.473
425.362
458.064
509.739
435.774
457.859
437.534
382.832
347.815
448.154
471.218
507.861
429.252
451.816
412.04
385.797
362.433
483.031
476.158
463.919
482.449
436.457
389.403
364.6
369.09
489.542
455.172
430.99
350.397
403.016
485.214
464.605
533.858
417.439
398.399
387.259
389.408
364.584
427.232
399.813
419.036
410.587
466.794
480.567
408.986
456.681
480.52
402.004
385.683
407.934
390.288
422.549
382.917
373.447
444.032
383.805
414.149
445.965
358.578
376.87
442.85
378.204
470.427
446.337
374.307
425.182
408.774
443.768
444.226
466.205
428.062
492.305
399.199
435.537
417.132
460.8
418.191
403.624
400.924
402.193
367.254
367.164
370.755
402.802
392.641
387.876
346.822
371.994
448.214
404.039
514.709
478.576
436.522
434.764
420.331
390.079
436.984
409.587
449.924
435.896
471.365
365.455
391.917
482.897
338.554
458.993
437.828
399.58
445.994
402.615
424.55
477.355
444.476
450.365
375.822
441.273
487.132
488.99
465.259
414.014
476.563
429.951
414.798
498.294
348.926
430.249
400.941
413.951
550.481
437.997
421.185
473.48
408.944
524.162
426.836
441.115
437.506
391.545
450.861
418.29
427.711
398.912
423.832
392.308
394.987
449.309
439.5
376.822
476.982
428.063
437.736
404.364
448.146
397.186
364.196
349.445
387.595
377.292
345.338
365.68
428.544
323.687
484.003
433.358
430.998
396.865
496.246
447.802
433.173
430.487
480.76
447.483
447.269
419.818
413.529
431.475
456.876
387.906
455.221
391.195
426.728
437.145
397.543
451.954
427.325
336.92
438.874
499.948
428.458
411.388
496.404
428.719
473.037
297.339
432.189
417.297
417.07
369.813
443.622
449.132
448.472
346.884
368.038
434.217
440.742
406.638
486.547
431.984
413.636
445.159
496.473
464.135
365.866
379.145
378.546
370.027
396.064
460.67
390.282
441.932
412.888
447.668
373.713
489.976
426.233
390.103
349.135
402.722
406.846
413.687
425.677
438.129
443.991
403.649
496.827
501.079
376.689
397.142
314.985
363.146
487.816
563.723
460.873
428.442
354.857
479.493
341.027
421.593
469.073
375.045
382.016
437.202
384.964
464.176
424.557
428.246
461.919
459.216
431.469
375.231
512.149
418.869
473.721
407.029
417.261
380.367
397.942
509.323
422.346
465.15
399.832
391.284
413.662
428.603
410.767
374.664
349.831
454.115
366.222
506.955
420.572
415.359
396.154
442.319
444.92
363.626
418.899
463.077
471.793
492.179
464.032
340.162
423.237
409.348
389.941
428.796
472.327
449.073
459.847
454.508
412.047
367.762
443.853
420.542
408.3
430.917
400.348
452.406
418.399
435.787
366.06
465.472
425.819
460.911
441.289
459.513
441.974
377.447
498.014
405.219
453.398
492.784
415.186
411.501
417.251
444.262
482.867
404.193
435.543
436.9
336.979
432.201
368.641
413.269
377.697
411.605
421.529
423.537
365.143
415.283
428.507
420.289
362.902
442.788
495.195
471.183
474.384
450.561
372.299
386.369
384.778
375.851
430.572
387.985
339.036
503.296
409.868
461.681
431.369
452.895
384.222
412.704
436.165
366.103
390.922
431.22
402.264
401.901
461.14
344.347
446.564
426.881
379.169
411.863
418.909
440.802
442.198
495.277
439.432
448.452
476.088
388.534
444.066
438.013
405.483
349.216
427.454
419.18
367.169
423.632
450.647
384.237
430.504
348.876
442.872
401.205
424.213
405.239
420.638
390.045
470.755
429.67
403.461
326.371
448.94
556.372
486.762
451.683
431.942
395.774
423.604
438.423
348.651
449.864
374.349
418.657
405.648
426.939
366.547
425.831
422.046
472.44
433.863
361.09
418.866
348.607
375.392
510.523
479.911
392.934
457.66
429.586
401.332
449.733
431.396
384.371
453.153
478.316
339.781
482.013
390.935
432.483
406.818
394.866
395.508
473.687
435.124
459.257
492.84
417.28
409.872
397.625
420.986
482.954
455.811
413.271
415.348
405.073
423.783
433.748
435.586
353.253
513.163
420.907
466.856
375.487
453.357
401.818
490.551
504.678
383.602
434.984
458.113
436.747
415.309
449.399
445.166
351.341
439.217
368.176
408.029
438.06
466.338
435.189
414.758
427.483
406.626
432.806
414.171
379.804
396.798
438.255
445.835
484.31
469.275
430.257
410.338
408.51
406.565
380.689
417.409
463.455
432.772
474.671
445.116
360.833
452.994
370.976
448.354
477.122
391.161
516.242
380.03
390.202
472.884
451.923
486.758
449.443
513.052
411.514
534.17
474.77
465.711
422.553
401.62
417.589
458.246
439.882
439.111
520.051
463.698
404.206
442.131
392.405
468.647
418.222
406.878
383.08
444.451
374.693
461.682
410.087
413.249
491.467
402.613
418.473
462.319
429.293
403.452
434.604
412.365
380.644
494.843
386.755
405.883
454.281
407.074
485.309
421.838
460.144
390.012
368.724
485.276
501.903
477.533
364.438
434.752
474.35
412.408
374.609
535.197
422.479
433.122
408.451
428.369
453.348
473.043
530.661
381.729
441.163
480.092
404.388
426.08
405.632
427.628
455.046
401.466
458.108
345.034
497.315
355.966
376.628
423.376
474.783
443.057
411.42
437.907
362.753
450.534
344.275
405.894
396.329
474.025
466.113
395.79
400.937
462.54
399.019
393.174
446.946
422.692
445.102
372.693
420.852
471.687
385.021
395.595
443.508
392.45
382.968
421.992
476.42
373.157
488.535
404.731
420.176
400.615
377.862
422.029
380.83
412.698
522.906
368.731
424.905
415.194
471.407
453.811
484.111
425.733
432.004
438.79
430.492
426.908
446.452
486.797
440.034
378.245
438.95
470.957
393.764
457.983
463.214
475.836
386.779
508.448
421.309
395.456
416.571
395.21
433.092
471.124
383.62
413.265
448.757
423.208
437.283
330.549
376.29
402.66
338.748
423.57
339.98
430.812
439.396
456.374
473.389
440.851
457.052
408.703
472.974
443.738
340.244
480.832
431.705
482.349
427.272
379.408
481.379
411.311
404.341
470.009
444.485
384.122
362.704
425.397
466.692
371.943
364.321
414.121
398.985
476.039
473.407
461.035
494.055
397.801
389.545
399.745
381.113
421.39
393.246
389.848
465.851
416.562
360.418
458.319
445.657
465.393
456.746
383.745
476.859
442.65
342.254
405.796
431.109
399.821
385.832
516.465
456.044
409.049
413.928
420.221
393.302
441.583
414.285
473.409
450.302
464.743
420.47
401.953
463.526
424.469
447.515
452.721
423.871
399.77
431.03
425.544
360.692
345.266
341.36
440.699
442.999
397.125
444.262
433.433
375.745
484.411
419.787
432.37
508.155
390.919
412.335
390.741
419.155
396.523
382.318
356.035
519.277
422.908
386.164
423.961
414.504
448.172
470.46
453.206
408.903
431.866
417.733
347.142
332.498
393.157
399.569
417.241
429.879
426.543
368.977
398.628
390.195
400.892
380.472
488.122
471.22
368.258
450.062
451.153
378.976
369.285
448.725
478.435
404.091
423.95
351.321
396.447
400.565
435.15
492.084
423.369
436.726
415.891
442.818
405.306
409.777
450.136
443.532
424.571
438.449
436.528
522.953
363.568
475.059
401.932
445.108
397.017
433.684
396.185
470.533
412.079
339.735
439.656
375.683
360.092
396.514
426.169
429.151
342.819
359.997
333.067
439.805
394.28
390.771
375.489
439.042
384.322
434.798
421.267
442.431
392.535
384.272
443.894
381.431
402.802
395.46
436.951
417.722
425.955
423.686
408.837
469.501
397.202
425.939
421.537
415.362
432.674
320.384
377.259
402.895
412.352
498.689
463.199
342.518
424.892
390.001
474.713
350.762
412.376
370.625
472.754
451.961
431.113
369.896
411.233
456.044
320.484
523.279
480.635
492.801
481.367
376.356
402.448
464.63
454.89
438.579
414.284
426.829
428.26
466.601
350.367
406.474
469.989
415.782
410.062
410.31
406.03
429.303
406.862
443.358
442.829
471.901
409.904
447.854
477.529
436.598
480.473
475.534
367.784
405.361
443.815
437.028
389.354
406.337
414.219
460.939
389.056
454.194
444.583
367.939
364.004
458.663
387.563
487.493
429.053
405.246
424.839
452.908
401.415
443.215
420.863
426.065
397.31
443.132
419.667
425.85
366.467
444.97
466.17
360.857
445.209
411.754
402.09
380.385
370.997
432.289
484.181
371.92
401.004
414.12
373.309
461.52
447.066
469.608
385.487
424.31
484.249
482.299
438.757
417.596
433.981
361.339
337.834
415.274
406.103
408.26
409.922
407.33
446.743
420.04
418.805
429.356
414.749
473.381
454.986
429.758
393.384
387.94
387.998
436.413
438.432
480.668
429.637
431.941
491.316
488.006
491.337
409.42
489.23
454.069
418.369
399.622
405.153
476.735
368.528
442.014
413.488
443.492
446.341
410.842
366.914
442.914
399.675
390.42
356.492
391.248
392.697
479.277
456.056
401.178
333.482
447.312
417.243
424.21
441.973
350.655
470.645
417.777
345.452
405.112
384.92
388.895
405.12
481.473
438.53
464.169
397.704
454.095
440.705
458.818
385.339
444.919
419.468
406.339
436.089
459.997
441.955
456.979
425.769
413.39
450.531
448.748
426.676
451.771
458.395
434.482
474.589
388.033
443.856
360.128
370.034
375.945
469.673
474.313
367.619
426.974
391.246
504.454
451.043
414.011
456.083
387.182
493.252
466.647
476.446
386.106
437.878
383.777
430.694
440.419
458.988
322.059
372.327
487.977
410.387
447.397
473.615
395.392
406.009
436.612
395.324
427.741
453.456
450.762
388.293
479.635
426.381
374.962
482.135
405.975
471.403
424.974
429.416
392.923
469.369
360.245
421.826
428.086
369.326
410.915
473.783
407.946
486.35
446.876
401.388
433.878
383.336
424.496
449.378
433.076
379.506
460.921
371.613
460.658
354.867
422.899
450.986
382.949
424.808
402.283
473.034
459.546
402.961
397.212
430.118
404.27
479.723
413.851
468.74
428.818
493.06
389.587
385.198
436.216
489.819
410.502
416.467
502.294
370.552
437.698
410.559
388.088
433.349
439.939
399.531
395.583
390.903
415.301
407.556
467.807
408.805
400.983
433.941
491.832
412.886
377.386
433.666
440.001
404.736
389.648
476.683
424.096
451.342
358.813
440.955
398.399
450.715
370.76
425.176
386.486
415.375
466.082
434.441
478.416
480.089
461.353
421.356
435.861
443.244
482.554
353.689
430.496
424.935
436.793
402.586
427.332
414.298
469.779
397.873
456.502
411.096
397.998
370.7
461.436
418.667
437.252
471.186
412.664
391.707
469.992
398.968
466.84
396.136
428.884
418.194
514.203
441.307
423.201
403.531
391.884
422.08
465.472
469.749
424.673
457.272
495.242
508.824
445.08
521.55
369.908
391.419
486.359
419.835
430.501
388.255
492.967
462.682
457.71
390.471
417.228
483.031
417.28
455.674
375.624
455.312
464.579
440.122
435.821
461.42
450.176
389.205
408.42
434.755
394.408
399.738
474.739
374.907
432.583
378.004
431.47
418.395
426.655
372.98
343.79
436.447
382.232
409.153
434.041
412.44
391.027
370.659
379.134
333.918
521.108
442.338
467.74
482.647
384.672
432.842
394.219
420.728
411.723
498.262
457.353
386.006
397.425
519.043
392.187
395.013
450.334
417.498
431.385
420.587
438.68
470.791
401.25
422.629
403.582
441.064
480.286
449.833
426.284
395.209
459.858
436.194
501.792
459.056
373.852
505.54
408.967
506.127
337.938
375.176
377.309
467.103
430.974
451.727
458.736
462.418
345.528
534.474
420.953
449.947
429.137
449.063
405.832
368.894
473.846
386.167
357.69
412.256
505.389
366.413
454.903
585.27
412.711
496.21
446.727
362.94
432.621
411.83
415.751
418.442
408.73
432.997
338.67
461.001
437.971
458.12
415.921
483.183
398.845
423.95
428.599
426.913
441.859
441.793
493.274
452.016
470.531
407.694
435.347
401.262
336.461
448.575
399.505
525.349
448.35
437.32
403.971
460.548
394.226
406.881
445.041
437.185
405.722
401.863
478.535
433.171
453.927
353.342
482.236
438.928
434.215
411.327
430.712
364.001
534.047
457.64
395.37
460.982
421.494
410.387
500.149
519.337
392.103
462.527
366.28
488.324
389.387
429.087
378.973
481.047
496.495
462.654
398.915
391.97
505.971
406.822
423.057
503.227
412.209
483.011
453.897
460.437
367.781
431.87
376.393
417.025
365.975
375.744
396.095
468.898
442.56
437.942
402.956
465.597
334.715
475.102
403.812
413.68
411.08
444.261
428.536
346.442
389.195
395.916
439.001
396.313
380.713
451.96
459.994
366.953
397.749
455.252
409.804
452.278
423.084
443.636
516.898
385.699
497.585
453.804
480.168
450.148
358.154
439.349
451.391
473.664
408.373
410.478
451.461
389.498
466.198
358.138
450.677
362.729
398.743
461.127
425.828
433.069
430.297
438.544
463.651
433.223
416.631
401.127
457.947
427.52
420.624
467.787
396.219
525.547
405.049
455.299
418.983
408.523
399.749
417.872
401.042
417.945
454.732
454.113
379.98
396.915
415.871
469.065
394.726
387.481
438.066
500.293
516.183
515.234
381.241
440.94
369.053
458.509
459.341
436.64
419.231
410.392
424.236
394.306
420.963
421.405
450.459
510.776
417.278
405.803
469.703
461.725
418.581
447.771
387.899
387.095
454.093
466.341
428.442
425.667
476.057
385.026
442.38
377.41
359.51
337.18
435.145
414.894
449.795
424.448
432.53
523.841
467.07
460.803
437.118
416.596
506.423
473.141
345.923
497.824
405.085
419.707
445.285
415.665
373.917
531.829
378.453
369.514
417.618
425.468
357.965
430.733
369.998
518.312
409.242
395.085
445.348
418.671
437.099
447.542
455.256
406.431
459.623
416.751
432.801
427.24
453.715
422.84
463.699
448.189
405.396
436.5
371.078
539.763
450.973
419.613
367.683
387.977
454.935
437.66
524.302
408.537
459.427
397.385
422.761
347.015
423.168
413.354
399.501
416.69
439.842
439.532
389.001
485.992
398.863
417.338
403.172
431.438
494.375
437.216
402.28
389.491
419.709
450.573
409.463
492.246
418.487
425.263
424.332
428.891
357.777
426.716
405.446
474.885
444.789
459.664
436.653
395.506
494.127
449.868
391.083
479.428
441.817
435.684
441.717
372.983
438.242
446.103
388.403
412.166
468.655
438.992
494.758
423.383
429.677
436.514
424.19
486.139
406.022
484.371
372.579
435.466
419.037
408.302
435.505
464.383
351.273
496.441
402.729
411.957
419.165
536.547
357.58
475.706
443.241
461.265
381.729
415.628
431.898
420.717
447.192
481.716
405.703
396.441
476.934
411.667
441.494
406.487
484.714
466.615
465.71
422.439
384.708
360.82
539.508
380.235
427.145
446.715
446.233
443.055
393.352
386.326
401.44
465.854
467.428
471.213
408.6
446.984
429.355
438.809
453.103
451.259
440.387
425.664
358.478
402.894
456.184
431.523
444.313
453.326
460.634
431.389
382.637
405.037
398.578
473.632
399.999
435.741
315.313
395.209
478.287
386.781
356.915
419.72
442.233
488.765
416.117
410.245
387.349
371.993
473.344
444.168
411.982
408.658
399.437
452.934
383.952
421.707
468.776
408.026
472.3
363.351
404.771
453.132
404.322
416.137
405.606
373.726
442.292
462.451
468.651
452.889
389.367
450.957
453.133
478.894
428.436
417.18
421.93
504.317
392.739
443.729
451.384
393.862
440.253
420.51
516.128
371.425
431.818
450.666
411.941
410.604
387.638
394.409
446.075
360.33
389.834
421.386
426.105
425.781
381.005
435.005
394.934
367.977
430.747
450.788
392.389
408.067
451.049
488.644
477.558
452.941
378.542
363.561
447.752
471.954
427.902
466.032
401.023
460.686
426.419
420.76
451.105
444.083
401.518
411.89
406.771
426.998
431.476
431.918
436.86
368.015
298.739
401.168
504.605
430.561
486.847
393.923
450.682
512.412
371.145
418.621
463.566
455.536
382.743
384.752
426.189
459.607
473.502
413.397
439.315
357.696
467.291
466.464
497.742
447.322
443.645
511.841
430.51
389.34
443.845
469.555
495.85
498.28
379.986
379.867
415.898
494.309
482.743
456.045
359.176
396.256
428.755
403.47
421.245
429.057
415.019
414.593
482.912
390.918
399.758
397.006
466.849
421.295
433.9
467.419
385.464
468.904
451.356
423.469
413.911
464.193
419.35
418.975
470.954
418.067
479.627
413.298
417.411
412.468
505.158
473.711
392.972
400.99
427.932
396.381
448.588
383.368
383.357
409.555
384.808
319.03
407.604
461.662
398.005
376.446
409.867
480.344
403.128
454.982
456.906
490.689
393.623
372.723
413.89
438.572
360.779
409.769
402.007
468.812
412.279
429.032
387.473
402.329
522.097
458.594
402.614
375.278
459.248
438.192
429.343
398.633
453.093
457.893
395.786
432.368
507.192
372.61
451.129
414.039
432.406
447.75
369.25
427.3
457.046
431.323
460.975
396.925
454.713
422.202
456.154
415.454
419.416
428.674
440.207
421.784
466.392
401.841
469.286
417.978
494.008
437.104
419.924
430.955
505.818
409.765
404.252
391.652
422.39
441.805
408.017
376.27
381.377
491.467
366.782
443.992
439.84
474.545
370.274
494.726
401.79
427.247
443.158
404.766
434.655
420.699
353.781
419.473
404.332
408.159
453.782
459.403
542.325
407.307
392.633
472.777
456.378
425.579
458.967
452.551
437.62
385.513
445.215
404.545
437.83
410.168
400.109
485.411
357.637
421.129
440.955
338.723
420.261
459.939
380.725
483.088
456.469
523.171
475.318
423.806
436.774
380.874
431.933
374.4
397.7
393.514
472.556
424.607
458.288
357.975
426.544
392.84
421.394
379.584
429.08
431.683
424.262
476.337
461.314
436.398
362.088
409.289
394.787
471.613
383.632
380.721
436.199
388.584
421.314
412.828
408.412
456.764
439.264
404.932
358.975
434.778
381.57
390.628
433.422
408.842
455.241
397.995
409.391
373.22
444.281
401.339
467.276
414.048
451.463
399.225
383.851
417.528
330.454
459.67
433.015
401.203
425.979
349.486
415.422
411.297
486.341
430.495
450.078
421.27
434.945
452.242
439.246
441.689
402.088
438.271
415.181
369.888
469.32
444.634
450.614
368.043
363.935
430.612
458.377
473.327
450.234
454.357
331.643
358.22
479.855
454.555
438.451
409.876
470.662
461.504
422.249
383.338
350.029
458.253
405.379
403.934
455.865
431.368
481.611
403.746
381.861
507.42
340.497
445.889
374.382
381.752
401.577
435.997
456.369
373.938
465.94
458.65
497.073
475.924
401.828
450.899
389.036
480.396
424.871
488.681
395.249
375.7
414.936
441.218
457.267
513.732
428.511
517.084
418.004
448.208
483.782
437.211
411.471
476.093
462.851
420.548
497.81
396.913
370.952
424.709
422.485
391.93
392.982
424.118
384.709
447.101
426.174
414.518
365.625
440.315
429.743
430.484
346.695
332.109
369.634
435.664
499.663
444.925
499.123
421.499
446.538
434.029
350.236
434.782
329.065
382.525
496.662
401.714
361.955
435.036
436.565
408.814
488.952
441.435
443.075
433.381
459.027
449.72
435.752
459.511
457.73
347.164
454.334
391.186
442.831
482.858
407.99
402.87
426.088
388.925
403.024
447.718
413.493
410.138
457.477
384.187
440.01
412.747
413.649
367.727
428.567
386.388
323.625
486.295
486.706
502.288
437.255
425.93
443.494
461.084
373.204
336.383
432.35
501.345
401.998
414.717
365.995
423.373
443.873
438.207
413.917
445.693
437.99
352.414
411.214
403.747
415.868
413.317
435.557
425.11
409.123
457.802
339.337
417.645
481.194
376.283
447.328
408.142
387.063
404.967
415.161
402.058
441.49
427.228
431.813
361.223
490.025
466.817
483.935
416.027
465.692
464.749
437.516
458.41
393.639
423.859
423.818
494.067
443.734
422.032
406.863
398.971
449.773
453.308
450.162
487.249
372.091
389.866
446.101
415.995
432.682
523.77
394.617
409.775
452.843
385.202
398.942
453.38
459.227
401.409
536.342
373.609
390.06
362.944
419.856
428.459
459.039
444.1
346.465
441.839
385.47
442.35
407.985
392.331
413.812
365.823
409.344
448.991
351.107
421.72
442.903
416.268
401.692
491.174
411.842
463.467
434.965
402.215
455.584
464.926
380.318
466.599
456.808
399.102
446.161
369.396
408.523
417.739
411.604
412.617
466.028
449.212
350.014
359.873
412.749
413.336
424.361
388.219
417.644
406.487
383.887
516.181
484.544
400.896
389.107
491.739
412.568
425.914
461.331
397.578
414.076
439.769
427.17
382.219
565.278
496.643
430.442
520.805
445.253
456.337
411.602
385.816
371.166
479.57
457.772
437.858
462.367
437.94
432.741
456.451
401.84
422.011
409.246
474.675
372.879
449.142
468.405
427.544
407.022
456.319
428.085
458.413
415.42
388.944
520.997
367.498
434.35
421.401
424.172
412.608
483.121
468.695
376.8
463.951
450.272
403.346
414.533
428.339
401.066
478.149
353.431
572.656
413.842
467.485
388.126
478.806
444.418
401.048
440.945
388.836
464.276
449.612
403.003
433.423
408.554
423.623
461.355
441.375
496.291
473.579
368.52
452.677
429.309
398.171
459.434
457.988
424.288
403.913
557.992
440.387
354.287
485.943
366.159
378.884
504.427
396.637
431.257
375.51
391.734
399.038
439.995
409.945
392.864
455.261
568.194
417.336
480.541
444.375
368.488
396.242
423.185
450.627
413.319
415.416
462.512
466.93
408.69
479.711
455.086
365.775
373.643
411.129
501.174
452.48
450.539
503.88
402.163
492.727
510.029
517.979
457.662
416.599
407.38
425.243
411.436
379.297
440.418
492.979
438.511
504.321
405.82
424.967
526.003
431.368
402.263
418.181
408.871
391.546
401.262
394.227
409.896
460.113
425.06
405.753
431.163
408.811
390.09
454.68
370.121
375.021
295.252
411.088
460.226
520.924
446.652
398.609
435.134
334.275
547.89
445.056
431.27
420.26
480.47
438.494
430.725
475.266
365.361
419.123
361.027
380.488
407.434
391.421
413.63
488.637
448.389
457.68
463.836
446.386
496.552
431.888
380.93
489.564
366.827
424.738
441.374
457.737
517.723
468.533
396.654
462.411
371.718
463.596
491.502
474.706
393.996
406.55
408.498
361.345
397.122
389.727
330.895
411.245
439.018
364.752
406.836
395.733
454.149
437.795
438.646
413.666
482.183
384.291
470.775
403.07
446.373
374.021
437.372
436.131
476.785
395.359
381.737
420.44
429.541
443.005
401.779
550.596
357.201
464.408
312.686
400.579
404.543
424.681
423.078
483.7
388.399
431.734
421.185
394.057
437.383
408.942
370.692
381.812
461.778
386.059
343.818
409.573
383.624
430.734
440.01
397.565
478.974
422.131
396.054
412.196
473.418
403.85
416.071
464.438
376.917
464.93
418.184
462.771
433.486
401.95
385.575
424.067
365.491
405.219
426.998
413.332
391.908
415.104
409.914
415.872
363.376
457.474
415.952
389.335
338.056
481.987
421.641
438.884
432.782
390.698
439.703
512.508
475.97
422.005
433.378
379.548
421.101
384.662
476.245
403.387
397.886
373.702
368.5
375.251
411.945
460.037
428.994
452.345
469.691
507.908
387.426
484.337
413.739
412.35
455.187
426.738
513.115
444.071
482.062
447.838
477.545
470.609
468.888
459.459
372.042
423.284
398.32
402.908
448.569
410.364
388.9
463.384
434.763
478.994
416.184
462.996
404.244
463.429
380.548
377.514
353.718
493.701
438.313
452.541
398.715
471.689
449.876
459.967
478.03
469.325
406.994
491.71
433.013
438.22
361.288
465.176
440.804
444.533
426.601
449.014
460.067
450.698
417.289
384.007
376.109
377.567
434.131
402.196
470.651
429.495
432.97
420.067
394.699
443.879
413.849
462.938
444.959
443.466
388.339
431.405
372.066
478.95
517.322
440.895
402.515
448.011
362.532
394.49
433.529
409.146
474.529
394.501
442.394
432.905
378.305
496.772
456.846
370.63
381.626
417.295
360.473
459.699
365.357
363.938
382.607
419.602
486.735
426.9
421.961
467.94
440.479
457.342
525.978
422.005
511.91
458.278
458.439
345.421
437.043
397.169
445.52
429.331
485.53
394.739
378.344
481.823
511.888
407.756
342.021
403.254
450.501
459.032
393.193
475.208
384.981
373.509
452.755
416.16
483.851
494.082
434.582
365.077
417.72
432.953
437.449
373.501
385.85
425.032
439.467
426.725
468.57
402.294
409.276
459.984
359.304
428.177
424.77
386.916
457.932
435.814
478.595
368.28
414.541
416.784
369.158
462.112
385.253
407.019
465.082
461.013
432.477
430.611
434.788
466.038
387.434
449.267
379.319
451.183
449.926
475.791
452.059
438.795
418.89
450.682
362.712
453.028
423.982
467.612
412.094
478.644
387.563
457.085
395.266
454.458
375.062
438.338
417.05
497.269
347.772
344.215
379.105
444.533
381.013
479.796
414.217
403.161
435.666
474.427
420.568
427.875
443.413
356.465
326.358
395.564
425.244
416.451
428.892
461.663
448.849
506.372
469.609
376.452
481.739
364.854
428.578
451.815
431.162
452.352
453.687
420.266
426.761
352.423
439.253
394.275
313.818
401.525
374.173
377.852
465.499
365
378.973
413.589
368.885
395.635
405.723
428.514
365.874
429.677
438.186
407.939
412.631
390.201
393.049
410.767
481.57
435.147
425.875
370.739
427.077
465.023
438.442
429.055
393.886
338.109
471.346
465.214
339.879
463.812
390.159
474.244
446.38
362.966
476.699
475.313
399.743
427.013
399.735
391.237
427.721
481.221
399.95
415.064
413.452
378.27
439.987
491.373
352.342
437.769
390.29
416.784
418.539
431.883
467.01
385.245
466.595
376.168
386.608
391.165
449.036
390.062
448.151
417.341
408.664
468.152
296.492
424.013
502.62
403.073
462.575
366.008
424.031
472.467
425.881
447.173
483.854
387.204
513.061
406.602
498.159
428.687
508.304
427.422
462.62
362.028
451.306
398.241
454.087
349.372
390.924
376.384
437.992
431.267
389.805
512.643
417.287
333.941
384.494
439.825
434.999
366.689
356.48
421.936
463.259
406.669
437.133
355.611
439.077
451.307
347.588
393.266
411.243
444.165
415.436
441.355
390.332
461.761
445.179
438.352
429.417
480.71
436.568
496.037
472.745
459.543
397.68
505.996
475.43
429.974
409.528
426.55
444.733
379.889
420.115
525.034
370.402
448.06
406.213
456.609
374.593
429.377
355.264
412.813
424.322
377.045
471.495
412.381
461.022
334.363
445.059
535.748
384.065
468.302
425.396
401.379
478.817
459.834
376.849
405.349
354.143
397.5
444.511
428.351
426.408
375.272
436.687
426.112
427.402
464.157
426.819
437.009
453.192
409.243
395.925
437.893
407.839
413.691
421.793
396.074
400.716
386.232
464.63
384.701
415.395
473.148
443.597
470.669
418.087
510.946
400.994
384.202
384.847
430.133
487.104
385.733
434.32
383.831
418.174
410.11
409.871
397.104
368.157
490.694
423.532
414.971
346.781
415.533
391.797
444.129
413.671
503.114
415.398
500.122
389.767
372.5
436.076
414.881
390.933
412.311
382.981
451.926
408.943
423.61
354.939
490.798
379.594
396.733
442.774
397.898
339.821
494.888
410.693
411.522
475.92
449.324
409.12
384.638
503.407
473.503
437.401
475.643
451.806
369.381
454.897
440.785
352.244
482.006
407.685
424.426
410.616
382.989
403.874
397.063
434.994
398.114
445.019
462.037
401.756
405.439
487.578
409.768
380.626
457.812
477.922
471.936
390.192
451.201
398.429
403.397
417.961
430.011
514.594
445.327
464.763
446.924
449.023
406.781
429.128
454.679
343.967
467.75
449.134
416.438
450.533
387.826
443.129
467.747
376.893
417.386
420.892
518.777
461.987
391.694
464.625
420.164
395.178
453.94
371.185
492.674
347.981
419.206
423.928
422.069
512.784
471.46
388.612
482.015
456.269
477.255
380.048
463.047
445.054
404.603
439.514
400.768
418.308
420.367
433.805
467.382
481.914
455.452
439.851
417.07
453.972
459.116
433.982
384.877
429.571
414.432
366.457
458.513
393.216
500.504
437.796
483.17
411.125
364.171
462.785
490.664
424.804
441.026
454.77
430.075
456.318
378.839
391.503
426.902
371.581
362.972
359.5
397.608
420.762
460.466
415.327
466.141
444.087
442.474
393.395
380.187
463.914
479.651
439.976
349.364
367.388
534.455
462.69
473.018
528.178
436.23
399.433
410.474
394.547
402.787
406.102
389.326
318.778
397.379
430.548
332.45
403.472
422.104
423.137
385.569
474.17
491.892
407.791
434.067
487.976
407.162
421.035
418.79
488.386
393.495
413.887
406.686
399.134
389.232
476.547
378.345
431.536
477.115
470.284
423.763
373.988
430.657
407.624
407.953
382.573
483.317
434.889
451.507
378.835
398.585
437.725
411.238
458.826
408.559
392.863
443.426
443.509
363.349
435.46
478.423
344.768
484.05
431.276
453.068
468.182
495.667
434.954
472.551
462.68
422.903
457.954
397.079
423.139
472.508
433.946
471.86
416.367
420.645
422.91
485.25
415.723
418.426
421.92
432.214
318.978
503.535
370.997
435.649
381.967
452.474
392.488
456.438
431.06
458.094
423.064
530.086
430.263
387.14
470.193
384.521
380.721
429.165
544.805
422.672
386.954
464.076
510.986
407.706
483.789
466.773
413.862
356.778
508.546
353.72
419.054
403.934
475.821
437.73
423.49
354.707
454.691
379.232
428.923
442.325
396.773
465.78
393.176
375.669
445.969
397.929
449.599
435.484
407.897
427.753
383.7
442.726
445.657
432.744
310.038
417.957
405.515
426.178
454.074
395.937
462.531
392.34
377.708
393.213
418.086
384.105
416.958
477.676
411.619
471.929
465.919
396.287
428.191
420.963
402.304
442.192
439.157
414.19
393.902
418.954
375.493
372.703
504.949
441.376
482.792
365.557
486.746
531.838
440.176
451.324
453.992
400.849
447.476
451.93
447.257
502.224
368.356
463.269
407.499
469.862
352.186
411.897
453.666
462.23
393.95
456.84
451.97
402.286
444.165
387.222
454.458
410.082
452.032
411.377
402.375
417.737
419.272
372.403
385.408
415.328
490.354
417.148
458.809
449.612
418.396
369.78
410.904
409.251
441.14
507.913
334.915
403.436
443.771
418.057
359.257
484.492
377.31
401.989
386.78
404.913
395.505
428.004
507.144
438.214
412.459
440.344
436.857
431.532
447.833
425.395
391.62
484.537
432.356
449.756
399.43
482.129
401.577
444.064
430.343
436.595
545.77
430.484
474.805
466.64
517.211
414.413
392.517
429.15
408.866
498.44
417.572
355.228
471.569
441.636
487.394
497.913
444.011
458.008
411.924
367.692
410.081
412.51
425.063
431.108
455.217
405.102
354.828
355.3
443.271
465.767
451.46
452.905
390.924
399.637
380.49
482.725
428.352
466.244
356.303
419.619
465.133
413.924
373.236
421.398
395.535
393.186
441.734
414.229
435.111
476.079
446.878
457.989
481.986
393.29
413.23
429.211
462.81
453.785
363.925
416.902
455.803
470.609
483.718
377.046
355.392
470.184
417.764
446.883
415.058
398.107
411.935
405.91
448.363
448.75
436.968
332.953
441.415
460.765
431.395
413.814
409.07
411.794
442.535
465.237
402.482
418.43
429.35
445.776
428.601
336.807
424.137
474.583
406.221
395.063
388.656
427.326
456.212
379.005
445.361
428.028
413.547
456.935
552.315
490.673
499.876
470.553
436.771
497.418
408.131
427.47
450.475
413.359
450.05
444.719
495.363
416.188
480.865
402.713
396.358
463.838
428.14
399.306
377.959
438.827
412.818
437.118
405.13
378.531
380.065
420.431
452.029
418.257
475.552
508.552
438.83
431.058
386.69
417.489
395.978
473.03
430.111
447.725
450.531
435.383
472.945
423.416
452.035
487.171
444.625
423.056
472.887
394.805
443.97
462.299
412.589
413.77
432.922
433.922
525.535
379.514
417.074
447.524
445.319
467.847
460.955
387.551
449.136
460.666
386.83
550.461
426.822
425.307
474.895
344.49
551.303
400.5
439.176
379.805
344.438
401.598
400.748
414.326
370.149
439.622
485.879
394.052
420.995
431.355
375.334
413.58
426.562
372.258
496.026
415.304
393.724
435.938
438.195
474.042
496.056
425.564
372.437
468.495
410.2
395.192
408.455
432.73
448.324
371.96
410.847
406.813
428.695
430.27
410.891
490.174
401.499
351.833
409.132
440.832
416.91
504.146
509.933
477.95
340.47
416.721
460.011
403.267
383.139
452.965
418.041
420.963
391.109
463.26
409.909
501.143
382.292
408.996
357.111
508.75
496.695
445.618
401.102
445.784
412.379
403.094
345.474
425.552
395.705
398.938
449.224
434.605
464.322
429.102
424.619
497.065
381.415
409.888
381.559
411.406
431.203
443.558
483.628
436.742
449.187
466.942
395.975
404.975
366.088
432.463
465.011
542.416
392.773
395.2
353.926
401.481
379.528
474.71
444.06
424.638
384.294
373.946
409.545
455.27
454.566
386.791
459.71
484.706
423.03
404.491
545.981
429.896
443.375
430.96
411.183
395.84
465.043
410.696
403.422
442.825
383.183
378.426
431.27
431.568
427.866
383.86
449.057
407.408
375.377
400.657
450.493
370.997
398.076
454.421
491.864
377.832
440.991
411.141
357.714
376.731
465.709
368.479
463.824
473.136
495.257
394.271
405.025
421.201
452.734
420.144
423.905
401.976
399.47
438.091
415.258
430.235
427.646
444.282
517.128
433.281
382.543
447.319
491.09
384.596
405.819
410.407
398.875
415.753
422.262
501.582
434.461
403.221
391.411
419.655
442.406
488.524
454.097
399.24
449.177
446.154
449.467
363.643
467.912
443.59
380.408
404.847
395.464
354.818
455.649
376.789
361.253
428.097
423.623
391.605
433.064
461.93
450.075
449.969
402.451
377.182
399.84
461.555
431.998
432.351
420.351
399.107
390.04
450.704
410.12
375.658
371.828
432.205
419.998
448.504
462.218
422.606
409.125
381.291
381.508
450.405
371.457
463.375
539.624
444.08
348.688
439.459
410.038
411.554
434.274
430.311
380.425
501.953
398.073
468.904
442.881
475.981
472.441
398.179
351.103
388.884
406.034
398.433
448.405
416.206
435.605
474.453
437.995
440.967
430.99
379.621
392.902
494.107
450.819
487.74
399.211
363.793
433.242
440.49
394.605
447.477
456.283
534.889
407.911
385.575
448.194
416.457
492.111
477.821
387.354
359.718
394.616
498.996
397.08
345.735
428.603
438.319
419.617
427.249
371.125
467.077
400.979
367.804
403.717
374.084
488.74
444.25
458.17
425.552
379.719
451.021
415.782
468.658
416.693
480.103
421.432
439.49
384.065
437.812
409.508
358.076
467.531
412.36
406.723
394.798
422.188
375.713
482.507
424.35
386.237
450.718
414.769
479.497
487.97
460.885
450.212
445.194
385.139
451.804
440.734
399.848
504.122
373.347
452.408
394.939
397.874
383.003
421.364
486.372
440.956
426.391
398.154
531.328
410.915
407.797
468.34
421.628
392.442
431.648
405.63
422.563
371.033
398.873
465.191
452.012
420.081
412.738
428.464
373.333
427.079
470.26
414.991
439.826
489.705
362.057
525.327
460.96
425.125
455.546
428.778
426.252
443.078
456.206
432.105
459.795
424.26
404.059
374.58
382.582
384.104
461.011
412.569
495.361
455.657
418.858
439.679
394.185
438.701
402.926
441.509
442.851
514.47
458.292
427.192
426.303
426.816
411.027
418.973
447.557
440.353
442.41
450.505
445.055
384.052
422.836
388.757
449.386
509.186
417.934
362.569
430.45
447.707
451.482
459.537
397.081
361.705
297.421
408.909
432.736
443.726
426.424
409.932
496.614
481.058
406.992
423.134
471.526
398.139
467.846
430.867
407.276
393.277
411.309
401.361
437.337
418.069
411.793
420.635
418.905
412.201
433.776
425.184
462.639
360.933
381.907
419.282
435.057
382.316
404.498
439.299
432.682
428.765
449.532
422.578
455.537
431.266
457.755
392.668
396.581
470.99
436.265
466.711
476.57
477.558
459.7
470.534
492.126
452.809
425.571
372.055
384.544
376.207
436.794
435.516
463.202
488.267
474.532
389.441
506.557
345.388
391.756
433.931
436.244
441.8
403.045
482.41
326.428
422.875
398.797
421.617
416.025
435.854
500.617
462.786
449.039
438.237
474.537
377.746
429.241
437.769
471.46
487.899
413.068
437.146
439.816
386.46
468.37
444.202
441.075
415.505
370.95
384.778
431.258
386.946
412.753
396.221
441.44
361.75
377.036
475.422
483.604
425.892
441.104
390.872
395.301
459.196
378.584
421.618
419.824
408.422
443.459
331.107
426.594
435.423
443.611
433.116
484.646
400.259
363.439
363.53
417.232
435.655
458.954
446.546
446.41
403.815
420.094
448.438
345.49
424.032
394.853
416.659
398.086
425.317
389.434
481.353
421.886
455.638
452.549
394.47
459.382
388.551
382.988
327.715
469.908
420.459
434.565
422.578
400.198
356.248
417.717
474.494
360.981
456.331
377.319
509.247
451.536
445.972
451.816
478.262
438.229
375.407
368.631
450.953
377.808
445.945
363.149
448.074
396.526
378.397
525.255
419.235
500.397
437.412
456.684
428.443
460.044
431.888
416.514
415.142
429.749
368.021
454.959
424.474
321.902
417.97
404.663
420.158
489.454
419.936
355.379
481.181
378.141
551.614
398.96
419.469
436.251
406.724
384.221
385.248
398.199
358.488
379.07
400.981
381.943
490.6
461.451
459.561
415.615
455.141
464.083
440.307
415.535
386.014
423.004
398.089
376.616
381.097
439.289
413.996
420.166
436.744
391.101
420.064
398.656
366.659
394.149
421.343
413.153
404.047
358.698
464.367
410.479
390.177
453.545
386.405
444.898
434.791
461.241
426.297
438.07
392.633
435.58
406.303
394.701
411.163
398.518
442.045
467.094
477.254
476.386
425.356
489.823
343.488
448.882
418.729
396.098
393.857
368.285
457.527
516.841
379.197
489.812
437.282
385.458
474.984
391.814
361.321
388.148
429.48
455.185
411.632
424.593
416.524
468.762
504.129
433.896
393.808
395.976
451.187
381.26
379.838
441.878
478.512
441.446
417.825
411.519
350.262
402.938
390.8
418.332
391.828
425.889
444.195
408.933
453.123
409.85
432.091
424.993
408.591
409.316
470.902
398.075
442.376
412.376
488.258
425.71
403.655
444.995
443.306
459.657
459.708
447.98
385.89
378.84
393.132
422.506
380.923
394.385
451.822
418.572
439.809
489.879
387.315
486.564
383.405
391.143
359.369
398.544
469.882
370.92
407.388
501.222
424.504
399.817
398.577
466.518
415.819
461.05
336.806
403.664
374.569
483.537
446.529
396.842
404.896
401.432
481.498
448.318
424.931
445.809
449.263
514.094
505.586
482.752
436.106
391.236
388.592
425.978
443.029
477.698
456.836
434.135
442.913
394.224
457.747
474.63
443.047
425.219
428.957
377.279
421.839
418.404
362.978
384.635
526.716
420.933
440.297
447.988
428.935
351.089
387.753
476.805
397.855
469.788
483.381
452.133
425.737
429.721
392.595
421.42
403.291
436.757
463.69
366.149
424.425
358.585
436.932
417.997
453.948
424.849
406.289
370.139
452.655
418.95
490.133
394.378
418.334
434.331
438.012
419.322
390.055
421.225
389.124
358.156
451.82
424.751
460.847
407.504
420.071
422.774
427.994
481.305
359.427
373.098
474.858
475.255
410.628
371.24
409.265
328.722
482.168
463.068
486.883
395.421
447.984
363.234
384.489
459.344
384.554
397.166
420.59
389.694
480.624
471.633
434.556
525.125
329.561
443.564
421.451
397.224
402.828
432.765
484.656
394.02
407.395
444.089
366.084
448.491
487.197
411.744
403.527
440.856
404.828
446.631
366.066
394.463
365.05
413.16
360.256
507.653
487.618
451.242
463.948
474.563
408.748
364.241
368.528
451.044
369.496
454.669
481.513
458.757
451.419
437.263
394.595
425.278
407.274
440.629
405.985
453.685
466.34
428.909
420.505
468.608
370.937
416.89
419.613
472.41
380.248
433.61
452.044
457.515
443.191
417.969
441.029
433.651
417.392
533.377
372.293
404.23
434.628
416.397
441.394
468.785
382.514
404.502
379.918
412.84
459.95
398.129
452.029
419.52
459.283
377.675
394.268
502.649
487.804
414.635
396.57
356.771
312.06
353.985
382.075
454.06
457.306
419.509
424.901
293.014
363.304
465.783
391.707
410.092
389.659
426.067
454.241
453.241
457.09
489.207
436.362
418.964
436.508
434.49
446.068
405.853
406.198
520.927
413.992
492.683
402.549
448.601
446.514
423.2
374.619
450.843
428.212
441.294
446.433
378.505
382.775
433.23
496.676
469.385
389.69
403.292
404.786
453.09
423.445
412.929
452.865
438.896
378.49
430.55
414.726
461.775
412.148
383.032
347.288
438.097
429.6
457.112
439
464.119
395.806
452.487
392.673
394.805
479.485
434.058
398.966
374.39
400.854
453.64
378.424
407.377
401.193
413.848
430.782
403.15
490.306
419.462
356.544
347.396
421.644
434.578
491.801
517.357
405.056
439.999
531.27
454.875
441.504
439.339
363.258
407.612
358.591
487.14
440.238
402.301
379.543
414.566
424.845
468.108
439.431
417.67
485.314
434.719
464.213
433.564
422.017
390.123
454.901
395.699
457.381
482.504
329.65
450.493
386.18
378.089
445.9
348.547
438.915
401.996
413.208
366.832
399.264
463.919
329.63
454.748
429.867
361.621
400.243
415.901
380.845
353.622
371.099
431.429
397.444
420.235
438.012
435.257
473.114
522.255
428.141
422.004
474.745
421.938
417.267
514.931
423.714
394.28
442.946
454.064
466.694
435.935
350.319
475.033
456.738
386.768
411.635
420.885
436.426
458.951
483.737
431.442
445.679
398.978
364.065
435.473
424.856
370.851
371.534
421.963
402.432
446.388
439.644
426.521
404.205
410.443
334.94
433.438
403.634
486.878
452.6
401.741
409.707
422.42
372.75
414.584
424.796
477.716
412.358
448.572
451.826
395.149
398.797
437.833
421.043
457.122
434.299
435.303
377.691
450.239
462.921
470.261
407.412
467.636
519.354
409.736
371.686
452.293
408.844
442.144
388.989
456.115
382.124
377.978
460.043
385.826
424.767
358.219
438.52
483.393
352.124
384.883
483.599
400.162
445.021
447.838
446.147
352.983
377.584
499.973
397.425
481.847
426.808
434.662
372.493
403.039
400.061
465.452
395.989
456.094
454.818
461.669
486.33
427.673
409.174
463.326
461.965
432.147
395.855
490.345
342.99
402.602
456.909
473.483
410.286
394.647
403.114
479.335
457.885
365.794
403.144
443.247
446.8
445.645
408.28
418.31
503.176
408.169
432.228
445.414
420.92
357.786
488.349
381.93
479.655
364.464
495.097
433.811
417.401
384.575
454.944
385.576
423.734
416.694
434.139
446.139
402.546
461.683
421.647
445.281
401.815
355.065
485.653
465.527
424.8
390.461
402.238
406.376
453.177
429.925
382.371
375.4
422.551
450.864
421.233
357.37
429.291
429.443
365.491
451.122
434.436
413.359
464.651
492.966
400.57
369.278
455.192
385.955
357.57
401.971
399.319
442.888
454.355
405.809
428.118
377.649
374.666
466.167
373.473
438.134
326.079
423.431
410.279
422.672
452.034
405.249
437.425
463.747
407.659
459.497
418.591
479.825
549.226
400.685
379.339
368.5
397.649
447.751
385.687
454.322
382.03
469.621
392.016
382.21
464.95
426.623
458.987
404.792
455.72
383.978
394.891
419.395
425.904
399.628
455.824
433.996
394.114
355.4
428.531
381.538
536.901
389.385
398.284
470.633
445.034
377.94
342.719
413.681
414.924
450.333
431.57
444.093
395.792
416.464
417.19
438.59
408.896
433.888
464.211
418.199
426.423
437.323
462.148
454.058
397.003
376.886
412.182
513.937
464.332
493.042
481.576
448.156
406.641
377.796
409.626
453.835
348.397
402.45
419.641
436.718
414.628
421.229
489.884
435.842
432.156
488.794
436.858
407.361
435.903
386.052
413.745
432.686
467.694
487.43
469.492
458.118
366.734
424.527
425.706
418.092
395.407
382.788
407.584
462.01
439.327
404.286
364.139
375.184
467.188
321.882
464.483
451.789
464.047
474.005
446.946
490.468
392.032
375.182
508.623
494.216
393.141
478.861
428.844
451.925
390.239
423.672
429.106
427.2
436.133
399.436
442.247
433.799
432.888
442.139
434.572
403.41
472.232
516.842
415.062
432.117
408.464
407.633
380.185
448.13
531.902
427.956
353.915
409.666
452.851
441.109
437.262
512.124
424.637
427.332
429.552
385.646
533.353
417.139
378.876
383.907
450.307
442.377
481.199
415.645
455.389
389.614
419.892
480.206
417.408
413.787
417.745
351.929
416.437
481.942
490.515
359.431
442.365
421.539
420.282
408.778
417.848
398.38
372.141
362.171
410.565
424.832
492.201
449.224
386.769
430.182
410.95
401.751
450.948
444.544
438.483
447.322
440.489
391.08
392.721
467.746
406.695
440.945
385.015
408.817
441.97
459.662
418.375
460.037
433.965
386.988
435.133
366
427.815
436.164
417.008
421.916
452.871
375.139
418.48
386.443
433.992
464.097
493.789
377.056
410.662
471.051
378.947
373.8
449.411
492.509
522.229
393.446
381.609
417.043
460.018
374.155
424.048
475.556
456.451
449.228
405.551
392.788
423.663
353.582
521.885
460.731
408.544
415.153
411.001
412.189
379.89
450.488
397.19
472.451
464.056
457.378
404.932
416.772
368.939
451.604
435.251
458.741
406.199
455.544
411.001
458.251
375.169
384.21
459.098
496.325
401.595
437.22
359.237
392.144
362.177
423.251
396.104
457.38
456.073
436.238
412.462
424.187
430.139
372.707
388.991
455.692
441.122
392.7
454.923
399.649
463.056
420.466
461.692
380.718
369.11
419.447
460.925
366.078
417.89
422.043
462.023
365.335
406.552
440.501
432.428
487.746
413.375
373.668
400.975
475
370.857
411.396
390.619
451.051
442.727
399.993
398.07
444.653
342.796
402.314
434.94
447.49
407.593
418.354
484.67
496.701
499.067
422.482
385.851
466.598
393.032
391.645
409.497
421.273
467.031
468.24
412.39
439.911
425.33
430.017
448.721
428.189
386.047
409.74
454.112
486.9
438.159
346.613
387.929
449.832
408.709
325.081
425.611
462.339
415.441
435.572
500.246
484.979
460.341
437.023
401.683
467.332
445.402
390.798
449.417
514.052
467.677
479.61
487.164
449.833
442.506
465.045
407.495
378.966
393.317
436.539
347.897
417.704
450.68
495.291
438.107
427.388
373.586
428.089
504.763
421.691
401.117
456.932
425.407
406.616
452.946
371.016
413.826
494.048
356.229
399.869
478.054
462.419
422.568
363.313
411.051
408.355
402.086
313.203
467.454
486.3
423.816
501.595
371.528
455.773
388.069
462.241
471.172
410.389
366.379
434.974
383.517
411.656
405.05
450.382
437.042
368.435
431.718
409.407
430.755
399.299
428.808
405.694
419.55
497.982
488.67
387.854
391.044
403.033
424.292
441.672
539.339
374.495
397.645
431.594
444.416
502.211
439.508
447.518
415.505
389.692
448.314
458.564
427
508.423
482.606
415.724
413.712
374.279
365.464
460.803
377.722
406.175
480.688
430.174
423.479
476.34
375.196
459.382
469.957
394.515
380.158
503.512
436.571
459.11
400.552
390.706
438.364
472.477
396.744
411.662
461.031
413.454
437.716
347.19
364.407
398.129
440.034
377.592
456.434
405.303
399.683
466.314
431.841
440.186
530.077
478.29
397.246
421.097
501.061
437.471
373.091
456.663
429.76
380.981
470.424
467.182
525.27
390.119
371.537
421.71
459.323
445.966
405.322
440.868
407.988
402.083
381.536
460.287
437.438
445.853
394.843
418.667
367.097
348.957
389.815
423.049
453.583
415.573
413.01
455.537
467.023
419.723
417.72
411.033
431.313
484.22
376.776
465.539
501.163
423.256
415.741
415.528
464.414
425.321
475.409
363.153
419.781
458.777
454.926
420.951
424.555
326.356
490.939
566.14
417.289
419.39
393.832
463.713
506.791
402.779
362.175
375.784
426.335
440.749
415.282
359.215
426.963
464.045
391.542
401.308
457.614
363.866
493.891
449.561
441.069
398.865
421.318
399.528
368.779
367.553
376.727
459.209
506.17
449.915
413.67
415.857
387.466
436.835
390.98
403.196
434.394
450.816
394.763
446.227
423.396
462.263
498.875
419.637
440.552
385.887
444.543
362.944
397.5
400.167
524.137
434.452
370.274
383.344
399.666
432.082
417.526
410.675
391.221
383.886
476.12
424.951
416.785
398.788
418.677
460.453
409.786
407.908
426.563
331.655
385.238
493.296
433.593
441.561
523.18
366.566
402.35
425.782
423.557
421.029
391.142
490.775
408.722
431.228
398.954
478.732
389.887
432.881
442.676
461.987
461.826
385.465
434.285
425.737
394.041
418.715
471.792
475.548
403.016
428.157
392.198
401.09
468.121
395.849
489.178
435.132
402.064
456.785
392.629
491.214
408.736
404.496
396.865
442.392
388.512
424.322
489.015
457.736
424.905
434.799
449.894
437.911
442.306
402.823
380.516
553.075
385.046
344.467
439.519
442.562
475.692
432.243
423.174
414.52
440.368
374.074
383.256
471.859
353.209
390.95
459.17
452.564
424.408
365.234
403.113
436.04
367.835
358.351
406.867
471.637
419.062
384.778
451.452
430.743
348.275
425.472
389.142
431.636
423.682
410.717
419.984
437.507
486.522
360.991
437.574
379.177
380.474
396.847
416.11
448.639
366.992
453.254
434.426
449.661
420.621
407.253
436.679
411.493
431.877
387.537
385.754
459.408
409.816
396.704
377.29
401.526
456.066
440.596
398.906
446.651
447.394
405.759
429.656
418.711
406.719
447.654
360.713
421.777
479.716
389.819
445.099
397.021
424.706
399.484
416.796
507.585
396.362
410.05
408.951
441.93
356.601
455.16
436.542
466.194
413.432
379.946
455.415
508.387
409.252
459.856
391.791
337.356
422.291
447.095
470.017
393.442
398.106
392.844
376.97
365.405
397.055
409.883
492.423
387.855
436.224
424.676
480.857
408.51
350.911
458.576
490.644
479.55
402.704
477.131
413.676
405.306
461.334
457.187
383.73
408.687
385.263
438.095
522.015
376.684
383.158
441.868
472.35
415.606
389.536
435.024
484.892
441.3
379.95
438.647
383.645
439.278
472.139
460.931
458.634
510.368
384.302
391.74
419.928
437.749
418.155
469.387
381.464
402.042
466.479
474.512
481.569
465.729
444.862
448.187
384.164
395.517
476.774
431.325
400.049
338.338
455.981
495.876
387.431
504.935
406.076
440.84
460.189
469.375
453.632
370.748
505.127
378.131
400.96
395.892
406.258
422.615
490.022
398.911
374.189
406.64
400.766
421.463
431.251
354.951
411.593
406.2
407.925
439.361
404.245
485.353
411.531
411.118
441.163
426.887
434.878
475.687
430.401
422.749
423.09
469.589
481.142
440.217
427.7
440.477
385.649
413.655
391.847
376.069
419.278
342.359
394.978
444.738
424.309
472.201
404.185
491.911
358.242
459.224
430.243
392.731
421.347
424.461
469.655
397.68
474.581
373.491
422.608
497.275
446.504
396.925
510.938
445.932
430.138
410.896
510.345
375.966
441.382
414.987
529.137
445.456
490.583
432.301
467.305
449.89
409.855
415.48
404.882
374.875
407.756
436.455
396.235
435.55
366.197
419.406
312.506
473.528
422.441
453.546
432.087
490.198
403.893
429.522
333.255
432.1
421.811
371.315
499.69
399.773
470.804
512.479
384.254
460.95
378.137
358.017
449.483
486.502
407.959
403.299
439.858
400.564
382.665
434.858
414.511
486.824
462.953
396.389
410.263
417.576
305.615
416.91
473.244
384.34
416.949
401.617
490.417
510.169
360.83
454.877
387.604
411.836
396.59
381.512
376.233
407.433
393.781
448.693
439.668
358.314
430.111
360.521
403.809
384.914
475.651
412.89
475.438
477.215
471.204
423.833
428.336
507.071
460.347
432.477
423.245
575.696
461.799
448.587
425.805
404.326
435.327
425.807
434.359
451.862
410.98
435.864
380.341
455.328
494.773
458.199
415.553
417.258
539.819
424.266
401.024
410.201
455.254
439.98
395.756
390.787
378.657
427.013
437.404
470.256
426.113
399.411
397.106
428.011
326.111
469.495
433.448
455.708
451.584
386.257
445.115
418.07
406.091
380.592
445.556
396.445
392.665
403.46
323.119
483.337
331.599
408.663
359.413
422.385
430.936
411.538
432.989
405.52
453.552
394.033
429.275
445.907
401.062
531.085
376.753
495.817
419.014
426.842
438.299
454.825
428.573
396.64
490.147
510.321
520.485
493.099
411.613
452.666
406.213
411.153
377.089
428.229
435.831
422.782
384.48
430.817
505.655
373.823
449.656
485.602
396.089
421.401
478.978
429.832
451.023
394.354
437.371
398.783
412.478
395.263
421.715
468.713
394.373
369.908
464.693
364.6
423.05
434.264
416.695
460.844
476.349
405.503
419.87
340.853
401.518
366.962
485.144
437.878
496.558
369.911
523.092
429.469
433.703
389.124
417.458
479.709
422.043
346.129
410.402
502.114
410.774
399.724
388.865
423.803
500.08
463.41
374.651
423.133
487.303
434.668
370.128
415.806
407.224
499.337
350.705
428.357
422.36
430.921
474.622
379.01
366.591
429.097
353.604
400.966
375.436
443.501
400.693
496.857
385.927
398.392
446.617
429.399
478.74
402.048
452.893
364.511
464.523
458.424
427.236
353.425
480.855
407.859
353.115
461.356
430.724
400.55
445.547
455.78
392.182
432.744
430.462
463.044
360.778
379.822
401.652
447.33
388.57
431.078
455.524
420.372
427.833
426.686
371.901
372.314
406.816
402.569
441.036
437.576
379.486
464.309
501.777
436.703
479.24
412.104
470.821
469.118
463.979
403.753
371.65
469.591
437.074
500.24
394.862
412.195
404.159
438.855
497.852
377.94
354.675
451.843
504.577
480.606
416.378
375.347
382.95
434.639
447.39
372.957
442.958
414.803
435.846
441.31
436.139
423.977
424.074
394.867
393.522
392.094
427.669
367.084
368.374
463.225
418.347
480.95
461.419
427.935
488.026
370.102
451.811
478.547
387.719
445.293
448.076
347.978
404.003
446.656
445.554
398.504
382.117
397.465
364.833
407.84
349.83
442.466
336.08
442.206
452.463
433.942
379.579
476.18
457.775
485.538
419.829
436.215
422.67
493.168
465.081
464.766
368.041
453.828
473.2
446.994
445.498
366.232
431.7
413.609
416.087
417.503
447.844
408.464
412.519
442.677
423.693
438.148
375.208
389.323
493.757
416.715
442.123
388.806
407.41
529.846
423.902
397.534
369.821
501.542
454.768
489.245
402.805
474.293
452.574
410.976
411.119
464.717
428.025
437.044
423.995
402.633
365.822
391.917
419.548
363.613
444.075
448.96
382.726
417.399
420.736
431.995
421.36
415.787
392.272
439.468
432.015
457.191
323.36
459.832
402.612
390.161
426.095
380.802
406.643
408.112
448.995
431.221
461.452
418.327
392.807
462.226
421.868
475.967
412.815
490.193
491.039
402.837
374.636
377.576
384.775
406.701
452.746
415.713
420.735
338.562
383.452
380.43
465.925
454.708
400.738
385.922
366.023
441.771
376.176
477.11
361.725
385.662
456.278
405.837
483.002
412.686
475.492
365.187
391.642
425.792
387.672
422.205
430.666
420.636
434.458
494.995
434.398
406.269
350.343
472.282
460.778
404.817
374.688
440.303
478.733
410.291
431.681
393.132
440.614
450.496
379.795
462.893
407.623
403.146
359.874
461.648
397.101
396.418
402.93
526.149
419.265
472.864
396.676
448.273
345.837
385.388
370.784
409.09
455.636
396.957
445.778
416.026
432.596
370.744
414.54
486.201
437.691
412.647
397.604
425.725
444.386
451.338
373.186
353.494
392.279
381.984
467.122
403.873
373.284
423.085
387.024
463.081
470.005
418.789
433.885
374.17
419.13
368.811
446.46
457.372
462.846
404.879
368.446
415.82
448.71
383.05
434.45
395.927
450.954
476.148
410.821
398.226
448.009
484.807
473.247
447.738
487.793
392.333
456.866
416.746
470.475
438.193
467.59
450.659
400.067
421.997
497.073
455.999
452.56
406.017
458.487
384.863
443.413
393.884
380.413
363.659
439.851
440.78
454.035
411.168
460.835
479.721
458.424
434.201
526.644
412.799
393.118
413.875
466.571
444.674
438.266
395.634
509.164
421.32
466.261
408.101
416.979
357.571
414.912
424.023
398.986
414.495
383.522
415.258
403.757
361.268
439.991
393.824
363.631
400.356
397.763
431.878
416.63
361.326
414.457
436.596
407.001
419.788
413.912
466.651
400.934
449.934
385.056
398.421
430.767
360.64
410.336
381.032
344.407
491.52
408.187
461.365
483.984
468.858
392.263
446.956
431.593
459.084
450.273
383.551
449.68
380.653
404.731
449.884
437.582
485.47
467.314
421.631
531.883
466.979
399.659
354.068
501.894
520.052
388.736
364.328
421.556
342.955
387.533
454.068
465.858
484.276
393.212
387.255
498.148
431.895
451.545
448.564
491.707
453.787
429.897
386.762
452.526
427.59
382.492
477.746
419.942
493.419
380.486
412.446
471.413
459.175
404.405
512.027
352.994
395.132
469.78
444.135
408.933
424.305
426.945
384.105
453.551
441.013
511.176
419.828
388.639
396.953
358.25
422.386
375.712
428.729
449.168
355.092
373.829
428.724
499.251
364.401
493.349
407.782
462.452
398.724
458.637
453.462
465.189
449.965
392.725
455.1
361.727
340.658
488.915
488.411
429.287
431.624
466.207
365.538
433.782
458.476
406.813
432.757
454.052
395.036
365.104
447.157
485.364
486.801
432.262
416.903
466.745
431.485
456.76
360.422
351.253
391.88
390.08
453.111
459.488
467.016
389.735
368.397
397.597
384.078
428.078
461.327
432.389
425.434
383.779
378.667
356.006
476.469
402.554
332.154
430.957
410.249
458.452
388.597
445.05
409.65
432.544
420.997
387.674
501.957
434.691
415.246
404.165
432.739
425.15
425.294
373.09
447.799
412.242
406.082
468.525
373.545
471.553
416.589
457.445
489.075
439.84
346.426
396.42
354.569
352.434
463.514
449.98
429.482
455.573
421.298
378.559
411.232
470.434
350.313
451.03
372.277
501.486
354.885
418.949
407.996
412.656
483.446
444.563
415.658
416.785
411.249
462.252
445.356
442.54
463.502
439.695
419.831
431.482
464.617
517.297
467.459
403.66
443.555
431.533
461.597
411.927
406.57
394.624
387.565
363.958
465.789
470.972
365.84
502.641
416.295
486.044
468.349
495.904
455.622
396.384
341.865
408.104
473.84
413.31
369.13
457.442
418.149
384.251
433.148
428.562
448.916
437.777
383.089
366.677
425.424
414.411
457.244
476.663
445.934
440.256
439.34
413.881
387.309
335.046
421.84
364.355
383.335
380.394
387.272
494.462
418.844
461.1
428.777
367.066
376.55
356.961
403.223
395.903
320.758
404.117
440.048
483.96
406.643
454.112
469.854
375.788
434.305
411.15
433.162
403.406
382.346
388.075
433.957
442.659
427.714
440.799
504.028
359.049
449.425
465.677
406.013
392.958
432.117
428.615
399.576
454.917
407.552
434.799
317.442
438.176
450.898
412.15
399.027
405.881
537.717
433.813
403.831
397.848
422.333
481.056
419.123
456.503
423.355
374.747
396.824
431.216
386.814
408.721
402.573
361.182
370.114
438.711
444.219
405.387
467.386
549.317
334.468
495.137
378.215
425.234
409.951
474.008
406.388
446.882
416.871
376.661
464.742
455.769
474.724
440.913
448.939
450.57
409.41
414.846
456.365
452.137
505.83
394.355
528.843
394.192
424.768
428.281
463.572
426.454
388.241
451.857
454.368
415.856
404.482
404.094
385.883
498.136
385.075
454.578
362.939
392.864
389.117
457.198
415.178
476.076
454.149
515.752
399.507
448.528
410.151
469.556
381.25
481.083
401.449
380.85
392.134
417.225
374.101
405.811
393.769
434.097
368.543
436.295
471.099
466.149
388.883
421.308
415.807
376.446
392.861
464.58
479.879
376.173
359.237
407.022
399.332
456.279
433.002
379.906
436.737
427.024
397.652
400.436
420.247
283.874
461.041
391.344
420.381
429.754
419.093
351.099
373.137
518.901
419.127
508.068
437.884
502.685
499.317
414.077
368.389
410.239
389.965
378.747
440.458
424.653
425.276
470.728
325.556
432.3
437.734
418.694
384.646
444.443
391.543
415.408
468.638
468.524
417.647
414.848
389.008
426.7
409.474
400.94
393.015
394.469
341.22
361.093
478.172
412.654
366.04
423.679
392.512
442.681
371.999
416.817
465.352
457.589
488.095
389.048
442.792
463.045
493.214
442.796
424.508
409.24
397.22
422.715
454.162
350.738
340.588
406.531
410.884
378.858
394.178
491.224
428.353
395.606
451.628
458.438
404.309
442.138
409.594
486.942
411.179
400.241
444.717
364.512
405.653
424.752
480.145
460.49
451.922
390.371
419.121
392.51
399.241
499.655
367.974
455.999
414.761
473.94
429.761
390.325
418.468
373.59
448.537
398.903
369.608
433.287
465.841
464.497
483.78
420.136
414.672
427.807
451.141
455.479
479.96
457.91
457.753
405.582
465.72
489.432
455.479
421.189
362.984
463.794
418.753
417.519
436.714
378.469
402.17
586.702
448.813
463.012
418.736
419.311
435.596
432.421
388.762
438.501
463.07
444.956
412.758
405.744
454.285
368.864
446.208
446.641
436.474
411.379
381.61
394.168
452.305
459.523
413.637
456.947
449.069
417.138
392.14
434.205
444.892
448.569
378.728
359.884
458.143
461.15
458.738
376.684
425.695
450.342
485.112
424.324
495
422.696
496.583
376.356
479.216
465.522
425.041
430.65
425.042
403.552
409.791
405.73
422.536
439.432
472.536
460.789
517.604
427.859
419.332
401.5
399.64
537.992
441.307
432.668
438.391
384.577
435.595
405.793
445.41
419.667
407.451
409.251
434.582
484.655
469.875
365.871
469.72
436.585
420.391
443.753
461.216
307.497
480.504
415.532
416.63
399.259
392.339
376.128
397.146
479.097
424.836
418.09
434.631
382.361
421.173
428.555
370.929
445.393
419.704
437.489
385.566
435.483
452.811
455.486
463.116
392.848
417.15
376.273
463.666
478.594
423.819
415.534
370.624
395.356
409.038
383.756
433.405
404.548
415.471
431.233
354.953
379.636
409.029
456.891
428.297
417.251
402.267
408.056
429.212
469.596
357.024
345.025
529.686
369.748
409.733
372.797
504.137
392.76
471.944
379.574
452.05
438.763
363.811
437.549
435.646
402.922
483.052
473.314
418.672
421.978
399.143
437.478
373.564
417.378
403.741
393.904
416.718
459.859
376.168
422.486
429.623
480.425
414.799
407.234
427.753
443.832
387.8
416.748
422.988
411.984
443.627
465.317
407.746
493.226
477.068
391.163
483.654
427.431
477.266
490.976
352.347
444.656
495.423
386.049
417.782
461.41
433.131
447.419
379.812
382.328
451.798
415.22
416.916
422.376
404.099
385.666
425.378
450.906
416.955
383.359
447.797
417.402
444.899
430.63
475.781
419.133
466.382
404.592
413.395
385.156
542.931
439.718
439.187
364.26
410.592
426.481
355.092
455.848
457.072
434.177
414.371
416.17
393.298
419.453
421.637
465.236
398.744
436.848
468.742
366.968
399.468
414.49
470.71
413.356
490.735
529.754
453.036
403.867
405.409
422.865
399.082
434.298
399.799
441.675
418.742
405.744
482.958
378.563
438.989
447.479
489.96
446.938
444.822
396.751
404.874
425.189
424.934
484.82
469.79
402.054
385.049
430.943
418.347
482.488
464.851
488.995
355.868
400.024
422.563
407.152
455.763
343.008
408.267
435.334
513.671
437.877
470.172
409.389
428.808
469.432
359.98
470.847
471.022
483.452
438.375
388.755
429.996
422.455
445.565
445.525
481.128
440.844
445.73
480.922
397.203
399.882
402.507
449.626
486.531
404.614
372.387
381.343
488.755
450.876
449.237
414.036
445.163
385.112
362.657
406.059
424.721
471.94
439.864
423.345
448.327
388.794
475.925
407.988
432.997
400.012
456.861
419.925
423.882
506.811
381.119
374.088
402.294
363.798
401.096
393.888
477.931
495.866
357.022
456.685
381.486
413.79
430.512
456.47
420.921
484.04
451.518
504.805
364.862
414.072
367.331
458.173
384.114
396.344
412.906
535.252
411.01
428.462
398.184
434.688
426.479
436.348
370.349
436.547
390.513
396.729
465.485
429.314
454.695
437.149
417.477
427.861
372.712
388.921
451.973
409.903
409.674
403.938
341.801
477.787
355.747
405.258
424.49
453.909
442.544
384.516
443.128
398.553
359.19
407.83
392.402
410.882
439.958
460.929
467.588
361.718
412.64
383.185
336.247
509.602
406.231
395.039
377.003
422.914
381.19
382.505
461.897
433.619
475.522
433.543
474.336
360.774
522.226
388.073
441.474
365.041
436.268
357.377
374.58
441.096
396.418
387.694
383.105
326.194
363.261
442.305
528.839
401.107
422.469
405.394
450.013
429.675
437.378
388.369
423.126
388.228
374.09
439.036
388.512
380.26
408.028
370.115
546.661
379.436
456.048
461.83
394.898
431.992
342
399.711
445.419
466.676
451.677
410.97
445.152
413.934
440.452
505.491
367.174
380.977
409.83
459.775
348.684
396.153
360.852
394.918
485.803
419.36
406.953
437.152
416.802
401.152
409.711
447.696
405.029
467.281
479.168
437.115
448.562
463.674
401.55
413.097
398.786
451.64
377.005
358.518
413.07
374.841
416.48
495.712
498.723
401.195
459.678
432.107
371.503
409.693
359.39
428.823
433.046
491.477
424.974
458.599
399.867
422.827
447.3
445.82
501.857
362.223
454.917
334.78
456.657
509.897
416.548
460.222
475.136
381.305
438.426
458.855
362.324
380.124
483.594
405.935
425.449
448.328
472.869
448.797
373.251
451.217
463.773
412.232
436.564
424.911
418.585
424.851
377.952
405.269
441.354
415.025
412.784
442.654
416.151
417.818
444.178
379.088
416.231
439.208
519.841
447.356
457.446
482.579
392.387
426.909
399.556
401.597
384.618
415.27
470.223
472.297
391.644
387.397
413.53
467.748
469.294
374.076
386.45
426.201
438.351
418.845
400.714
418.197
478.164
387.022
455.386
452.559
402.643
436.045
421.985
439.314
440.593
452.585
399.599
339.576
413.7
449.241
485.436
433.557
436.279
464.661
420.277
401.906
427.253
438.766
441.114
438.987
373.328
401.215
369.946
431.261
435.027
424.689
496.74
466.099
438.223
421.132
340.054
421.125
514.883
358.223
407.846
410.163
375.495
415.19
450.099
412.71
414.279
406.476
545.402
446.334
386.372
468.346
388.488
453.483
432.868
417.743
370.617
414.325
414.91
453.519
401.412
376.937
353.528
482.886
413.292
448.834
456.243
424.57
379.668
453.334
457.986
418.371
469.533
502.723
466.93
502.112
376.102
368.753
366.479
432.387
396.645
472.762
458.636
486.267
393.722
428.115
457.751
422.9
362.382
376.995
430.993
397.097
416.02
394.634
491.382
376.67
365.091
399.626
431.305
428.892
476.956
477.643
474.247
464.889
401.222
402.175
398.905
450.422
442.405
423.341
429.015
443.068
383.451
430.039
454.706
480.521
382.543
425.626
485.58
388.276
424.047
396.929
384.4
409.356
366.406
405.623
485.297
385.696
540.673
407.591
469.338
414.843
401.045
420.807
417.852
426.373
355.528
405.643
470.517
324.912
374.333
446.124
384.211
376.917
411.853
419.118
444.888
504
440.183
341.81
411.575
479.965
405.673
415.456
376.557
448.281
367.006
381.826
441.941
465.866
434.725
379.993
365.316
454.593
477.195
459.34
452.435
419.986
441.433
364.688
411.843
429.656
389.336
427
479.538
346.036
443.041
417.07
372.605
458.736
433.645
366.69
391.04
373.234
487.2
463.711
400.852
418.59
447.909
395.104
405.688
415.404
472.565
470.468
472.596
527.598
468.564
483.366
409.836
412.321
373.646
414.013
398.768
409.866
419.04
476.887
395.293
360.082
412.42
469.536
366.287
483.03
420.132
439.762
373.634
370.96
459.707
392.56
509.654
456.402
491.418
417.788
481.563
377.545
441.456
440.473
455.163
367.639
480.732
391.397
355.019
369.756
425.767
453.009
402.36
429.434
453.183
424.706
415.23
359.005
416.231
329.753
432.181
491.136
436.349
411.097
379.011
473.467
366.935
540.853
384.648
465.021
343.087
439.962
447.633
418.03
490.652
401.629
404.657
397.317
403.838
430.946
499.53
540.463
443.029
431.364
374.787
433.556
408.116
468.72
341.997
364.477
423.92
390.676
461.479
401.494
477.27
383.569
450.262
470.384
446.283
473.279
375.948
325.022
413.109
425.214
453.952
357.633
478.461
372.956
425.757
347.49
379.676
487.929
392.931
349.221
419.297
396.27
510.663
430.54
455.854
456.166
392.284
379.203
466.625
438.942
487.569
451.662
500.568
451.928
415.819
484.287
507.625
455.649
485.074
442.292
489.408
440.3
437.79
429.527
383.272
402.256
380.668
450.514
477.845
428.482
549.391
396.033
508.778
438.099
443.668
488.685
374.041
417.301
433.536
458.527
339.436
431.047
492.53
451.42
405.862
382.695
446.056
455.843
451.833
438.528
436.918
435.646
415.504
423.601
455.185
428.435
444.628
457.448
437.84
453.609
477.544
364.82
356.881
415.162
402.541
457.531
429.588
437.611
459.051
439.012
411.2
361.096
383.061
483.664
481.716
382.367
430.54
418.639
432.769
433.397
452.765
447.472
394.275
407.048
515.934
435.026
405.901
462.545
395.812
462.606
436.426
426.95
368.921
409.909
377.183
388.606
462.489
394.543
452.664
440.274
460.84
448.696
459.334
420.015
435.252
428.923
378.582
421.577
439.557
460.09
409.402
437.876
423.379
361.579
452.158
412.36
462.071
452.608
363.121
434.782
370.412
414.301
480.387
426.517
370.988
448.81
437.687
460.749
403.551
450.861
346.784
350.879
441.556
381.182
490.524
410
546.599
491.128
429.27
494.172
468.976
426.122
334.805
456.188
403.292
351.883
446.938
437.043
498.074
408.046
408.365
502.293
477.167
403.675
446.47
471.051
454.333
440.348
476.022
384.751
455.079
421.992
424.236
506.94
397.518
370.442
470.169
411.417
399.467
463.667
409.077
452.872
446.675
410.273
372.601
458.997
450.307
404.039
437.582
396.692
534.015
460.674
418.121
467.367
531.802
381.739
458.678
431.417
371.065
451.791
366.399
476.383
422.471
540.25
407.1
396.357
413.927
438.24
430.662
404.035
343.295
440.483
430.487
359.251
416.755
442.094
377.713
419.929
395.162
407.928
353.914
417.737
349.712
386.745
431.801
404.908
488.64
375.894
350.602
363.284
376.122
404.568
410.237
421.95
476.612
415.636
421.043
425.615
490.566
430.5
521.986
416.191
390.458
391.779
435.639
444.063
401.013
397.548
451.66
445.359
444.929
382.274
379.127
370.35
362.486
421.965
409.79
432.279
422.391
433.463
419.142
374.319
448.148
420.626
381.35
439.957
491.762
466.284
507.003
398.416
425.297
425.858
357.111
423.991
399.501
428.399
362.384
444.886
446.255
444.43
422.247
402.64
463.986
401.522
368.951
513.198
378.124
397.62
425.143
473.672
392.499
377.2
444.197
464.324
464.927
395.671
481.873
454.171
497.222
427.414
460.047
492.851
420.24
444.466
391.267
330.524
398.835
396.575
402.98
439.125
414.133
473.685
403.701
486.48
452.855
387.545
431.775
404.562
389.465
399.069
391.287
412.013
436.537
462.396
472.168
426.878
439.242
431.01
439.854
396.543
450.17
373.635
376.435
444.278
474.283
432.862
445.557
436.821
399.243
474.162
472.259
397.352
392.159
452.779
467.258
441.684
447.924
460.158
372.583
404.124
386.487
375.558
420.849
332.902
392.386
470.729
473.756
382.148
495.786
349.46
409.126
414.087
438.168
418.626
351.619
391.56
451.159
496.047
394.941
481.798
431.166
376.402
479.378
422.229
414.056
406.94
393.907
441.491
484.204
396.949
420.5
502.246
371.387
445.988
389.212
373.086
483.836
338.158
422.227
485.021
467.198
406.718
428.862
492.482
439.617
418.806
350.201
410.127
445.624
413.648
465.282
432.617
482.026
387.89
314.481
394.591
435.362
427.281
450.175
535.181
485.19
495.629
395.682
492.216
417.321
473.272
398.323
398.865
462.895
423.787
417.034
471.906
511.16
366.884
461.452
402.442
420.308
464.835
416.369
430.645
384.732
457.105
429.05
434.298
395.083
403.134
399.92
428.401
500.833
401.697
418.501
401.014
465.82
507.026
431.027
391.055
410.493
394.886
382.467
451.433
382.214
479.526
497.163
415.931
395.456
440.787
395.399
433.65
373.736
385.028
428.053
429.147
355.807
430.614
444.698
395.295
461.019
377.771
425.542
382.054
443.809
429.589
431.753
423.525
392.355
400.776
397.573
359.381
404.859
408.877
390.038
351.407
429.237
441.697
440.019
374.637
443.352
429.926
479.705
501.842
445.895
462.171
371.388
531.678
503.749
413.349
543.463
456.176
390.221
488.967
406.235
412.512
388.653
461.813
371.772
453.174
449.546
377.338
435.604
420.776
512.444
441.769
433.369
412.113
493.654
460.79
427.916
387.399
404.476
400.467
474.605
369.188
438.278
412.895
414.248
381.152
393.603
370.3
411.437
448.521
522.754
465.194
378.359
412.515
403.811
511.337
380.552
383.066
404.561
455.518
416.655
372.343
388.879
446.205
440.238
389.115
425.338
408.919
509.094
439.218
368.507
405.79
433.259
450.327
410.366
402.568
528.033
435.443
420.989
464.711
452.38
425.266
379.806
429.941
447.908
480.833
404.927
395.055
460.241
399.504
406.7
387.332
410.209
459.756
403.5
371.504
386.861
437.561
419.236
434.301
415.537
517.364
426.313
428.203
401.395
440.437
417.378
428.173
418.217
380.553
452.113
399.25
413.201
373.932
394.444
436.74
424.654
495.148
417.395
413.211
358.074
363.97
440.092
500.894
431.322
393.965
372.236
453.163
416.759
466.08
535.534
409.839
468.893
444.981
468.372
359.689
392.166
438.876
487.708
427.531
473.105
472.313
389.201
355.236
409.968
401.52
367.47
495.473
409.255
430.193
505.534
391.554
474.662
433.72
430.939
420.787
447.143
337.391
416.603
459.528
403.988
447.296
445.941
370.699
471.634
423.779
393.998
411.576
363.103
412.698
408.89
407.879
410.583
495.338
404.792
394.038
418.308
338.63
371.911
425.304
392.354
405.777
408.232
454.548
460.568
449.197
479.456
448.907
460.59
407.924
356.657
417.761
429.128
430.633
362.648
340.648
384.62
421.767
397.683
398.788
437.882
411.215
327.253
403.092
419.616
431.678
415.147
463.806
419.989
393.42
376.082
373.361
431.939
384.283
441.461
344.808
412.034
498.896
396.337
392.424
402.488
506.777
455.372
409.11
425.077
329.92
427.571
442.975
386.23
440.414
475.171
404.905
411.406
422.694
398.062
431.511
331.058
378.028
478.342
453.074
482.052
418.802
356.837
515.582
432.486
384.402
449.501
424.911
435.678
472.39
468.694
452.569
434.07
441.043
435.059
503.715
332.625
445.908
396.404
441.387
444.366
466.773
383.859
418.388
460.9
458.55
466.125
391.461
402.659
418.021
429.757
385.539
467.548
389.204
382.579
373.035
466.008
386.838
445.762
395.1
448.961
465.277
381.912
384.432
483.338
429.131
433.802
387.632
414.301
390.569
408.517
481.983
451.228
483.061
484.772
382.168
528.049
469.218
397.782
386.599
372.792
360.098
468.1
404.69
490.501
431.128
476.735
344.782
366.923
481.155
429.021
474.344
423.698
391.565
415.721
404.296
409.454
395.26
416.904
411.987
381.936
404.812
448.398
381.236
387.512
376.029
450.646
460.742
410.613
391.774
458.827
483.955
434.382
353.48
469.688
372.125
452.102
468.36
433.857
386.704
460.559
423.518
429.148
489.362
485.54
471.966
398.313
463.995
540.794
442.998
410.856
391.005
449.383
447.028
470.321
487.702
421.965
372.686
399.275
465.134
461.536
479.568
460.728
454.919
465.003
462.111
396.43
437.318
440.634
405.733
400.944
446.814
363.019
404.972
478.919
397.31
436.305
502.667
488.56
394.328
449.784
428.472
442.625
509.584
412.409
459.821
426.763
424.595
346.46
484.481
439.58
346.543
401.128
382.986
370.131
501.724
474.014
425.439
426.357
418.806
457.741
408.733
402.75
415.43
485.889
413.603
450.685
401.085
392.499
377.474
449.416
469.82
453.582
441.834
426.237
412.274
447.143
358.769
423.858
375.165
423.162
416.427
398.252
412.378
404.379
380.308
393.935
362.755
389.57
441.49
412.611
381.502
472.98
475.1
398.241
348.673
448.36
424.484
407.677
357.309
444.172
411.828
466.529
340.109
340.529
405.92
399.928
459.074
412.286
383.197
390.697
409.817
425.934
362.249
437.168
454.274
436.59
477.684
363.415
405.396
397.686
444.518
396.673
420.553
443.42
458.043
426.698
419.748
390.826
439.346
508.537
376.728
380.16
392.36
417.52
412.037
459.707
393.967
372.772
433.511
459.817
407.54
445.525
428.002
366.801
457.7
442.396
495.449
430.07
437.655
410.665
396.748
399.884
409.875
430.669
415.314
438.62
408.247
468.564
489.535
446.02
418.115
400.574
460.448
454.411
409.946
447.422
438.397
417.039
456.314
452.944
397.69
390.364
406.255
464.834
419.007
450.109
514.262
441.023
483.971
455.824
450.36
392.657
414.911
435.511
430.402
396.63
497.98
418.032
399.181
432.723
440.067
401.071
520.008
427.058
411.94
401.673
533.179
359.296
470.308
403.478
390.467
330.491
398.614
466.593
437.225
361.034
426.494
382.845
496.389
350.07
416.654
418.754
427.376
366.983
417.346
439.506
432.657
408.681
393.266
388.034
396.037
363.37
435.696
448.271
388.637
476.687
429.602
445.405
468.987
394.517
444.894
378.733
420.4
359.23
349.003
479.446
429.202
395.504
434.765
472.125
461.313
478.181
365.917
464.217
432.065
361.796
479.897
438.659
427.931
413.164
398.376
337.588
447.85
421.945
468.2
352.157
381.953
427.548
398.184
424.587
463.219
455.088
420.925
400.968
450.446
455.415
400.54
394.756
452.014
458.013
341.201
421.013
381.67
432.76
409.538
447.831
440.396
411.327
402.477
429.369
352.82
425.208
519.505
467.453
420.48
422.447
485.957
484.93
370.329
466.795
419.349
494.884
386.893
455.881
436.413
435.76
452.876
437.866
448.881
497.086
405.711
472.477
446.36
483.392
464.012
417.163
