91.0547
111.965
102.52
104.716
113.323
96.28
124.892
112.383
134.8
104.022
114.517
110.629
142.586
81.4616
112.54
106.356
108.792
78.5721
97.3166
92.38
84.1711
91.2876
84.4293
103.932
104.089
117.825
90.3242
93.8232
108.448
136.932
121.116
108.346
101.408
122.194
107.547
115.608
125.654
114.774
99.7067
114.84
117.373
123.346
118.639
112.858
73.7479
103.076
122.533
128.925
87.4
132.817
130.688
119.699
108.377
108.861
84.0236
99.1203
116.013
90.0091
101.237
113.934
115.84
130.138
109.32
105.776
139.358
114.667
129.312
119.211
110.384
98.4797
103.159
98.9633
102.386
109.247
128.857
118.98
125.351
98.4557
120.997
99.2481
116.909
123.979
109.865
102.819
96.4632
93.0727
121.916
92.6642
112.376
109.84
120.988
113.763
109.055
96.9093
118.028
96.9718
102.075
113.624
121.55
103.638
92.8519
96.1156
130.428
115.385
105.406
106.528
113.486
105.882
92.5763
108.908
86.4568
88.4944
124.747
115.918
135.752
117.556
131.221
129.739
103.545
107.116
95.8384
100.739
145.326
118.571
111.501
120.194
112.309
110.659
117.05
108.239
128.796
124.767
75.0241
126.22
103.466
95.9948
104.076
118.223
129.471
122.682
101.786
110.792
103.009
134.804
114.745
142.207
120.595
115.379
125.586
79.8812
115.25
118.254
118.884
109.89
87.0338
80.5993
132.453
134.382
92.7892
114.472
121.169
83.555
102.967
92.0377
97.2956
111.443
97.4023
97.8618
122.815
116.596
105.525
102.926
97.9638
105.995
106.276
74.4174
104.635
94.0282
112.16
102.331
106.98
122.318
123.346
103.247
116.004
108.706
115.875
127.274
93.2613
100.847
112.549
114.805
86.8046
100.727
112.06
94.3817
99.5417
94.3294
113.079
131.688
114.951
93.9648
112.615
96.338
101.353
96.2229
157.959
93.7278
107.143
111.722
138.076
87.0778
98.8041
86.8898
95.9819
97.6303
143.852
102.525
107.351
112.143
103.81
90.745
111.931
92.1976
94.7992
87.3664
91.6176
137.294
108.799
107.682
114.61
115.441
122.888
120.875
107.708
119.392
114.703
120.733
95.7442
118.049
135.638
127.788
78.5195
117.652
102.492
146.631
116.433
83.3611
111.2
99.8234
119.84
74.9578
123.806
106.337
122.943
134.364
90.8288
112.532
106.111
86.5387
112.717
102.207
107.152
93.0836
104.057
107.162
107.451
111.013
98.8084
105.761
85.3548
106.994
95.4117
130.919
98.0326
96.7116
101.131
103.064
127.304
130.181
124.702
103.235
116.967
136.616
117.724
123.973
112.748
115.611
97.5813
132.161
104.88
150.847
108.612
112.201
143.864
88.0858
86.6192
102.515
103.358
90.8489
122.682
124.301
86.9841
112.563
115.35
98.5135
124.013
94.2285
101.16
121.658
96.8443
109.729
114.477
108.462
132.241
127.354
104.517
95.0433
112.117
99.5338
98.2871
90.2064
103.661
104.057
107.889
86.7736
87.2027
96.0159
105.587
112.85
85.833
140.893
115.715
126.671
115.174
112.27
137.015
103.439
113.383
121.498
92.6631
109.912
131.425
88.2624
110.725
95.5003
131.588
98.3048
106.722
135.84
105.579
118.078
98.7094
77.1998
115.631
102.434
117.519
87.3746
97.3193
107.693
98.3079
108.681
104.507
91.457
138.722
125.43
107.744
93.7825
127.285
101.522
113.938
107.976
105.848
93.4866
110.754
108.846
88.8153
112.246
95.2732
112.236
109.775
113.863
112.871
114.58
111.693
94.8143
90.9513
89.8945
114.789
83.7059
138.5
110.411
105.239
97.747
138.901
117.87
101.102
109.061
117.138
134.044
104.655
123.222
87.7727
97.1581
115.673
112.569
106.474
95.9444
133.061
83.4205
129.795
116.043
99.0963
92.876
100.148
81.0646
126.783
157.549
125.784
88.1546
76.2927
107.656
98.2647
137.613
127.021
100.108
95.9263
115.071
85.3624
80.2699
121.414
81.774
86.3094
96.4302
78.181
114.442
141.809
102.083
95.9414
117.837
142.307
107.344
95.0592
116.279
85.6867
104.986
77.4926
81.1063
96.5839
112.671
101.641
123.231
111.588
89.5899
110.691
123.446
103.545
119.327
113.076
75.4035
95.28
114.08
116.332
103.823
96.4344
143.843
89.3284
107.981
108.168
118.427
137.613
102.039
111.432
136.691
122.436
101.642
97.7661
81.8924
121.222
93.6583
103.62
80.3759
122.679
90.0927
94.3803
121.135
96.8841
99.2338
91.1821
102.238
92.1359
138.263
121.37
112.82
111.365
111.229
96.1851
86.4526
85.8894
121.039
93.5997
103.272
104.372
101.325
106.735
105.438
132.528
115.389
100.494
112.375
92.4289
106.155
94.1742
116.612
117.863
125.077
126.941
110.104
83.641
112.492
93.6731
89.6576
113.607
113.098
126.904
94.5878
115.863
135.971
102.881
127.91
125.891
110.78
101.453
102.576
83.9365
113.046
81.7548
89.8051
119.31
92.3645
117.646
99.2254
110.285
122.362
127.601
101.462
87.29
130.368
105.212
101.401
120.731
108.105
96.3749
105.945
90.4792
122.619
134.285
89.3951
160.048
91.8697
141.264
102.822
100.34
123.211
96.3953
107.924
93.4238
124.868
117.407
113.736
99.7167
91.4642
92.5991
117.209
102.513
126.285
104.378
106.571
97.6429
102.638
110.092
84.3611
120.162
129.029
142.687
114.676
87.135
114.174
93.981
106.591
115.119
115.01
143.737
120.918
104.562
94.1428
91.4465
97.8342
99.3717
125.389
119.523
104.425
115.199
101.809
106.201
112.228
81.9767
113.281
90.8911
133.729
112.975
114.133
112.662
125.736
102.488
115.941
98.047
85.566
95.8769
123.739
108.322
109.269
122.109
130.961
112.466
123.782
91.8716
126.638
95.1649
125.418
90.8978
99.6871
128.428
86.9084
99.8002
108.577
102.967
89.6405
67.59
106.814
116.185
116.995
102.304
125.072
113.828
119.954
95.2734
90.5778
121.395
85.9484
93.7881
113.324
96.8352
112.74
126.456
120.999
101.448
102.814
107.616
126.913
117.666
117.191
132.687
93.2561
106.845
91.4885
104.545
94.2596
89.7007
95.5966
133.629
148.196
86.1483
102.851
124.57
86.4571
87.4007
96.9247
117.01
103.617
112.745
118.418
113.683
95.4547
88.7832
94.7377
98.1315
121.83
133.633
103.152
106.7
100.074
90.4571
131.122
113.242
125.186
83.2785
114.557
122.954
120.603
112.443
109.329
91.0279
97.3874
115.973
103.317
111.533
110.535
125.866
99.8531
106.609
119.246
100.341
97.752
138.657
107.091
100.725
94.5275
101.049
103.17
122.544
93.3282
121.275
98.4391
102.946
102.466
95.0053
139.408
147.168
109.064
122.889
141.181
100.896
117.621
104.684
88.2501
88.3592
92.1727
93.5714
114.107
116.032
118.257
111.21
124.953
92.8543
119.761
116.202
115.112
122.456
115.365
122.892
117.331
110.586
152.063
101.657
115.275
85.5003
104.493
97.7222
98.79
109.819
101.978
100.309
120.813
91.8344
112.324
130.786
104.897
94.0963
107.502
105.481
114.115
99.9621
105.93
125.655
96.112
134.901
108.365
97.171
124.795
92.8667
107.88
117.196
116.068
98.591
107.736
115.987
110.78
106.974
97.4277
115.162
99.9307
100.131
115.806
78.1585
115.519
99.2048
123.804
100.859
99.6304
97.2464
122.836
108.661
107.428
108.158
110.091
97.1341
150.596
113.291
111.996
88.1772
115.874
93.6987
120.096
120.023
102.736
104.311
118.079
99.6385
115.151
99.667
110.453
108.713
130.148
112.597
110.781
109.391
126.503
121.707
100.521
110.557
84.2618
81.377
117.474
91.6217
133.787
94.8664
123.386
98.2233
95.1755
91.922
117.044
108.595
104.315
134.174
113.798
111.992
93.915
110.399
91.0475
90.4099
90.0844
104.66
106.813
90.1294
96.1581
102.234
111.45
135.795
127.245
102.205
98.0184
117.952
96.1892
85.1971
110.212
117.21
109.305
126.078
99.8014
94.6739
105.915
112.167
95.6708
109.482
92.5972
131.454
116.029
112.333
105.33
88.852
98.2203
98.7654
120.58
70.0274
94.3939
107.819
138.559
117.413
110.667
121.584
115.706
109.755
80.5684
119.367
104.179
109.841
116.705
117.429
119.642
84.3571
119.311
85.1919
90.802
129.079
113.047
131.973
103.394
129.674
103.149
83.5519
102.161
87.5369
112.758
109.089
109.34
91.0269
132.36
113.971
93.4735
92.0703
109.94
109.393
115.988
96.8512
75.3716
118.344
92.7085
109.254
99.115
100.067
111.167
123.9
92.9391
108.436
94.9027
102.477
111.466
114.501
111.598
121.156
94.5376
96.2295
114.304
98.6157
95.8639
116.877
99.3093
93.7467
131.097
105.689
134.898
112.425
91.8219
96.6794
119.619
121.647
134.234
115.805
114.54
110.733
107.046
92.9545
102.988
115.447
82.7033
87.3232
102.394
156.768
113.99
109.035
84.8966
143.666
110.756
132.213
114.315
108.092
92.4606
100.846
103.693
106.988
135.557
95.1628
86.0383
120.109
145.127
112.772
123.919
88.9378
100.21
93.286
108.987
101.606
97.3754
119.156
135.641
91.9462
121.939
108.132
101.56
121.449
116.786
152.002
131.054
116.206
114.334
101.58
83.5457
107.659
108.005
91.7607
110.979
142.818
121.03
111.675
91.4117
120.299
89.6588
69.5207
106.194
119.151
125.122
163.2
80.6907
118.837
105.409
106.618
105.945
116.44
99.9084
117.166
115.457
114.453
101.99
108.322
89.625
83.5928
105.358
114.365
104.245
163.697
111.908
99.5327
109.08
124.316
108.412
114.495
99.4247
102.359
117.76
115.152
115.297
116.88
92.1477
92.2945
130.855
86.032
119.534
103.158
98.2041
93.2537
106.859
110.738
108.754
91.4592
89.2898
148.748
98.4249
118.565
111.834
107.3
81.3621
123.21
127.203
96.5805
106.46
120.237
111.511
89.8787
120.969
96.3678
137.91
109.468
103.893
146.244
94.44
88.3337
99.8149
110.517
113.563
101.76
76.8683
87.3065
88.1403
98.9841
91.51
134.267
99.1836
119.961
88.8829
117.984
99.295
122.906
110.756
99.9057
104.239
108.038
116.166
107.524
98.5734
117.622
118.078
119.459
124.9
121.287
101.432
102.79
81.1917
101.475
90.408
97.722
99.1631
124.447
128.859
99.736
95.2794
76.9965
119.007
88.0687
86.0824
114.449
73.0594
128.72
115.164
142.261
116.745
126.874
109.924
139.79
119.299
94.5068
127.789
104.487
82.5017
110.535
101.411
104.523
119.638
122.154
113.854
94.8127
111.63
119.813
128.899
103.937
119.971
112.036
96.8735
121.06
110.928
131.579
99.4608
126.996
95.2411
106.736
104.996
90.9064
89.2876
102.84
97.3163
100.169
115.974
100.585
139.532
112.647
106.497
110.95
123.126
120.092
142.545
93.3324
114.054
115.37
110.946
104.715
101.397
102.663
102.064
142.835
92.0715
138.968
108.546
124.776
136.418
91.1643
103.552
108.994
127.283
100.456
86.9933
114.995
129.681
95.9417
130.692
115.314
82.8295
94.1156
86.9166
81.8864
99.6118
94.5672
138.684
125.716
125.002
129.356
91.4647
116.31
104.206
108.632
100.989
107.869
114.57
104.129
98.3137
113.897
90.2896
105.85
101.085
105.963
121.384
87.953
147.301
116.469
99.9878
96.257
103.378
92.8056
122.458
102.385
112.286
117.309
100.09
128.357
118.526
99.2425
89.7405
106.645
109.417
112.65
126.318
106.824
123.035
94.0924
110.516
90.9297
127.854
90.4059
85.2215
87.9264
105.878
120.734
111.991
109.311
112.602
110.816
89.7576
121.479
123.883
97.6658
134.663
102.656
120.161
101.002
91.8533
91.5137
139.693
101.149
110.618
116.695
121.61
146.824
131.893
109.182
82.6086
119.57
106.263
105.726
114.132
154.729
118.845
106.117
100.11
110.283
107.762
91.3624
122.402
114.131
130.342
129.765
90.49
89.7466
86.2856
130.358
101.18
136.94
127.538
89.6878
80.4386
104.751
105.67
105.008
120.188
111.669
120.202
134.512
118.125
111.937
109.016
81.3236
104.5
122.765
92.8319
110.437
102.543
112.745
104.842
117.669
125.67
90.2385
79.585
121.043
104.456
122.879
108.018
107.763
83.9352
100.665
105.287
106.408
132.098
83.4525
112.619
128.63
101.83
113.523
111.44
113.119
118.05
131.212
142.499
95.2132
116.527
92.8178
98.4006
121.978
98.5393
128.614
113.737
134.258
107.54
108.663
96.4243
104.936
105.986
100.461
92.0335
101.661
119.369
109.906
97.0529
91.896
105.63
101.914
96.659
120.435
120.34
104.795
114.805
149.708
110.001
96.0623
106.573
87.1127
89.7008
102.189
119.284
109.965
108.335
121.275
113.069
125.39
106.167
112.985
98.8625
127.762
117.136
120.997
93.3826
121.61
93.1268
88.7876
120.374
123.034
88.4294
116.504
73.0514
98.4771
102.395
108.584
110.712
141.742
126.134
133.107
111.99
120.612
80.0821
120.546
93.4482
91.746
99.0826
99.8382
118.292
113.71
102.924
139.734
85.193
103.962
92.8343
115.58
91.9729
121.826
82.6759
99.5382
110.776
95.2326
119.157
113.512
83.852
146.898
92.9193
95.2887
117.934
123.296
118.199
95.5996
76.9254
156.161
111.894
147.266
134.08
116.924
110.093
90.5768
78.5985
93.4746
121.661
107.543
111.132
117.213
140.396
124.405
108.818
108.522
102.413
124.005
91.0385
132.739
93.6979
86.0921
105.701
110.839
115.741
112.505
115.657
91.1904
120.998
139.995
101.831
112.33
84.3111
99.0476
96.424
114.829
145.54
112.229
152.344
105.816
100.884
104.653
92.3896
91.6318
111.852
110.569
116.306
110.019
91.8563
100.13
109.017
84.5593
105.244
110.592
95.7043
149.407
137.023
110.517
88.3838
113.701
112.941
113.093
96.4002
112.254
108.099
134.241
94.2525
111.89
93.6361
102.302
101.783
128.11
103.552
111.25
134.363
111.21
111.225
84.6473
114.114
107.89
120.572
100.455
100.907
103.659
104.117
91.9926
110.739
133.583
73.5885
94.9842
116.868
140.176
105.495
121.437
127.326
99.3383
115.625
142.126
103.058
84.3993
106.49
123.113
103.577
121.051
100.811
117.171
92.3592
91.7738
112.067
91.9215
156.577
118.703
92.2829
107.269
114.198
114.592
95.0163
130.854
130.387
80.5423
79.8623
87.9505
112.25
95.7242
124.757
122.298
110.799
104.678
100.889
97.8391
96.2219
122.722
137.115
114.88
128.355
133.106
125.945
95.5217
110.079
137.396
88.7486
107.083
97.5528
107.013
112.156
104.552
120.392
120.841
114.169
112.298
96.0422
124.128
108.421
110.235
125.635
109.391
104.591
140.917
133.416
130.307
112.049
113.583
90.6561
110.269
106.446
116.516
110.731
108.942
96.6705
129.415
128.274
101.549
141.512
119.588
100.059
109.832
138.174
145.24
94.3676
84.1577
91.4036
121.581
116.019
130.926
107.452
99.6494
122.863
116.724
91.7985
109.403
115.967
121.499
118.025
93.6532
93.9256
112.361
115.238
105.417
91.2313
121.193
94.3779
93.8524
107.834
117.747
91.4396
93.9725
100.093
108.632
111.62
106.526
109.704
89.4985
124.12
107.365
130.327
112.796
78.4373
99.2224
119.78
103.771
111.294
154.101
97.0939
122.182
139.319
100.089
93.4372
82.3709
101.438
112.007
106.365
74.333
92.1934
102.106
106.639
98.7189
92.9989
110.615
101.622
150.848
108.517
84.9999
110.695
129.827
112.621
119.45
122.101
110.53
86.9669
135.202
144.854
127.798
101.02
113.712
102.872
102.105
101.044
91.9033
102.628
111.13
84.662
114.641
94.7376
127.687
84.1053
93.2706
82.7966
125.615
105.568
99.2728
99.1683
95.2598
110.695
112.379
107.825
118.472
108.432
94.1074
82.2491
121.154
110.48
122.704
88.4983
165.669
135.039
113.861
102.378
121.625
114.222
108.968
102.68
109.954
103.54
141.484
93.112
101.079
120.869
128.716
109.803
96.2263
127.532
157.18
118.544
113.619
120.436
110.312
129.858
91.4927
90.9212
130.983
110.92
99.0886
106.346
98.9778
124.449
120.124
114.315
100.301
115.276
98.2873
95.1662
73.7338
100.023
90.9507
106.309
88.9892
124.725
88.9506
72.0666
108.042
112.935
100.293
116.154
119.832
102.795
146.934
95.5341
116.987
89.205
135.675
100.105
114.599
117.862
128.281
121.67
141.475
117.472
124.704
123.284
106.645
84.054
120.587
92.5976
132.272
110.168
89.6368
110.234
105.138
123.838
93.5291
128.379
100.383
100.573
127.707
85.552
96.505
104.644
98.7035
119.822
110.37
114.135
113.293
84.4586
89.9964
106.465
100.573
114.899
105.211
111.112
105.172
111.264
114.701
96.216
74.1724
112.396
100.635
132.235
139.754
96.739
105.525
94.2047
106.995
103.873
125.904
127.215
94.0215
102.891
109.471
108.611
101.343
100.708
115.83
104.657
131.269
145.242
104.235
109.301
100.962
97.5777
115.904
110.954
95.7524
105.038
118.92
108.531
110.058
119.515
98.8496
128.575
96.6069
120.204
111.543
84.6045
107.137
92.9228
128.384
108.36
122.821
122.662
103.909
107.107
111.385
87.3649
170.666
113.125
115.106
105.739
116.76
113.601
106.691
103.045
96.7632
100.683
106.372
108.551
116.447
104.906
97.7508
94.5135
85.6348
116.232
85.1051
87.2791
133.229
127.768
129.808
104.207
104.653
99.0569
123.137
103.38
125.93
104.815
121.955
94.2802
100.169
105.875
84.5727
97.9924
101.78
117.541
96.0616
91.7873
107.793
101.076
136.194
105.256
96.7293
89.5966
112.693
127.926
112.314
115.974
123.875
102.963
84.1497
117.041
109.905
101.516
142.662
104.873
101.701
135.698
118.094
130.02
101.305
130.693
112.865
113.316
116.898
104.281
128.997
106.788
111.82
108.349
111.779
108.787
106.495
122.596
90.7977
138.802
96.7571
110.831
99.8521
82.9374
121.651
112.052
112.148
121.192
78.7563
102.1
93.6613
115.488
123.366
111.248
115.379
120.155
116.578
105.418
121.35
82.6431
122.542
97.5847
90.9698
105.672
98.0076
127.231
114.025
109.469
94.1067
99.6199
122.149
94.9535
112.818
78.6292
88.948
119.533
106.356
110.75
104.887
101.983
113.6
94.4895
127.673
131.689
115.664
114.549
108.107
84.4356
87.8924
101.635
130.034
129.381
113.182
99.3298
89.2605
84.9825
82.5483
94.4523
90.5966
106.554
111.484
103.311
94.3063
76.3745
124.179
136.337
115.842
94.9043
103.102
121.13
100.532
82.5658
139.602
87.6411
116.154
132.167
102.987
113.339
105.574
114.349
89.2963
109.094
85.2783
100.182
117.559
95.0022
116.838
125.517
106.627
78.6936
97.5675
97.7015
87.1998
107.322
111.609
120.009
104.789
112.33
138.703
101.256
118.41
105.426
139.676
103.053
122.928
94.7549
128.647
109.351
136.935
155.149
107.849
104.504
93.9927
114.797
108.619
95.9956
109.752
123.758
121.601
132.681
125.994
157.311
83.401
114.143
108.5
112.906
118.759
119.917
98.0672
81.3532
125.12
94.9931
104.293
137.433
89.3494
124.213
115.169
123.111
115.695
123.085
85.3847
113.386
104.634
124.745
110.032
90.6586
133.763
126.565
108.303
139.336
116.784
96.8045
103.349
102.169
109.788
110.239
96.6529
95.2311
106.793
117.986
112.497
123.248
83.6212
112.03
98.7708
107.316
108.224
74.4602
121.7
112.981
88.852
116.692
101.679
124.493
93.6285
134.276
105.273
103.835
98.2966
117.194
127.676
82.9936
121.122
93.2592
97.7486
118.761
141.775
104.81
90.9567
127.724
116.914
131.65
98.605
124.881
96.9412
119.53
141.845
122.072
121.827
121.564
90.5213
110.378
98.411
110.49
98.4213
112.508
125.471
102.85
100.123
116.184
97.2627
108.276
141.111
96.6397
116.406
95.5516
95.827
97.1174
95.2492
92.9815
112.568
117.911
99.8114
118.72
130.093
121.587
105.348
97.4598
127.451
122.212
102.209
112.989
100.471
131.191
118.298
110.048
89.6535
141.952
93.1034
107.264
131.993
92.4142
107.941
90.0961
100.253
92.4225
78.9951
110.19
131.313
116.901
111.858
149.657
140.545
127.876
114.46
88.4308
109.905
105.867
92.2547
107.469
88.2185
126.13
107.498
140.059
109.969
124.994
83.8827
109.265
105.431
118.959
120.738
111.979
100.483
103.251
105.397
131.316
103.541
101.753
84.8388
128.931
117.912
108.781
106.562
98.7731
111.06
101.97
111.962
83.6162
122.34
125.719
68.1392
113.976
130.763
108.37
100.454
128.081
105.228
92.1903
130.427
106.078
101.057
126.365
101.988
120.658
136.122
123.18
120.761
116.55
99.5334
136.884
108.429
135.329
156.439
129.902
98.4947
109.957
99.9113
117.407
142.187
68.0513
95.4594
86.2975
116.445
102.505
108.071
119.2
140.191
129.968
91.3804
59.1927
84.7845
97.1784
110.838
125.878
116.575
125.745
84.4539
123.746
93.8113
91.023
77.914
127.726
141.143
115.56
121.172
98.2319
94.0397
83.2452
105.11
85.5206
79.7343
84.6704
116.205
107.097
96.4836
115.93
106.818
125.218
102.199
109.069
107.863
87.9721
123.031
119.635
85.5661
124.716
90.5038
88.1717
98.1401
135.59
77.6764
130.484
106.979
95.939
103.604
115.318
115.515
136.813
127.946
106.973
104.987
100.179
148.811
103.476
118.341
93.5303
123.268
104.292
120.704
119.598
119.046
98.8897
119.01
108.614
98.057
131.603
116.516
110.801
127.234
123.585
117.466
99.2228
116.612
99.0213
90.5055
102.52
107.433
104.744
80.8854
108.86
133.147
100.624
124.966
100.76
105.108
122.204
124.748
113.432
103.212
93.4717
90.2561
107.829
113.077
95.3393
107.028
128.404
129.661
114.42
85.2132
120.555
96.8723
105.561
104.871
108.618
108.519
85.7384
92.6933
108.407
95.0758
135.205
107.305
108.144
92.4603
116.706
116.455
94.3897
89.8348
102.238
117.013
120.087
98.4231
111.331
96.8394
99.4487
128.571
94.6621
107.026
90.4243
100.654
105.394
121.18
115.736
163.273
88.2278
101.036
102.324
121.199
118.21
106.449
108.936
107.465
104.217
103.729
103.86
102.658
138.639
120.402
87.0576
111.438
105.757
126.356
110.18
114.722
107.437
106.974
101.149
125.814
94.9868
129.793
81.1441
103.74
98.1782
148.711
113.754
94.4622
95.6429
90.7805
110.58
99.9376
98.2024
82.1431
105.219
115.512
107.486
117.956
89.0828
119.88
132.374
142.174
122.67
106.053
92.4353
115.181
87.0503
113.527
96.4037
103.53
103.374
82.3388
121.826
99.1152
116.313
126.752
87.5064
115.719
98.1356
133.273
85.719
99.6752
119.197
118.12
119.472
104.381
99.4153
112.091
105.411
114.746
112.95
125.841
92.8174
80.1728
86.8713
119.912
104.921
86.4945
94.3081
118.133
113.689
87.1291
125.52
124.78
103.428
79.9557
132.819
119.46
89.9598
101.763
104.705
100.554
99.4067
88.6276
125.556
86.8091
81.5134
98.8954
88.1879
123.402
111.295
120.365
121.796
124.362
96.6265
120.959
114.853
98.2265
119.484
111.719
105.155
97.0899
110.3
101.836
94.8152
133.61
97.5853
127.194
100.479
104.4
87.9277
148.977
130.25
84.4099
112.381
125.51
103.194
124.872
101.177
112.886
121.725
106.773
116.561
138.487
88.3873
128.616
115.604
107.686
113.296
85.0307
116.451
124.172
114.598
74.1094
109.725
97.6799
90.8234
115.378
84.861
108.232
135.782
70.3592
136.645
89.7736
117.051
125.521
103.205
103.382
114.046
93.0292
108.58
109.489
117.495
124.775
86.6325
98.4481
93.6928
131.832
92.0285
112.88
99.5858
118.99
126.705
118.152
106.1
125.15
125.219
67.1439
127.011
129.392
99.2552
96.1795
143.459
125.4
100.22
92.0675
108.173
104.404
95.1888
133.087
100.206
140.457
129.647
106.044
69.5307
107.939
88.4946
104.218
102.692
77.4146
87.2497
109.212
97.1278
125.94
117.431
104.839
132.222
105.937
103.763
102.584
104.71
118.896
105.807
118.062
104.378
119.443
123.037
113.989
95.7404
78.1119
91.621
112.176
134.227
122.003
88.1905
120.787
103.173
98.0735
129.48
102.209
157.662
98.6852
111.276
81.0543
117.696
114.061
116.211
104.938
87.8479
115.265
81.1999
89.3322
119.515
85.7974
117.853
128.004
108.515
130.597
96.2453
89.6522
116.115
108.096
100.982
95.5511
108.474
136.097
73.3669
75.5546
85.6087
117.714
111.846
122.672
107.216
113.474
128.116
106.06
124.57
121.864
103.557
100.902
113.148
100.205
116.857
121.392
86.7269
112.318
113.435
109.806
99.7413
101.826
104.597
113.912
99.6322
113.969
115.069
109.734
74.9021
103.097
117.903
105.696
101.721
67.7191
95.5649
109.44
128.704
124.608
118.61
106.942
111.71
102.207
105.685
97.4614
89.9178
94.3021
96.2751
119.472
114.628
115.542
98.118
108.3
133.666
112.469
93.8857
103.149
101.359
91.7144
117.881
138.395
114.358
117.086
102.358
121.529
79.6518
120.282
124.579
117.676
124.878
84.4886
121.115
89.3236
117.523
121.841
105.576
90.0139
94.7041
124.656
111.197
131.693
111.962
118.516
87.8695
95.4406
93.963
88.2054
109.506
104.131
119.341
109.667
84.4179
109.583
127.679
107.014
89.3688
143.765
100.051
94.7903
103.234
110.818
116.127
94.1661
116.977
95.9913
124.127
108.893
104.278
89.4835
108.163
118.42
97.8222
71.8631
123.592
105.728
117.007
86.0574
123.173
120.392
94.6917
91.9669
132.748
101.045
115.09
105.138
90.1063
136.597
110.609
126.421
80.5829
144.393
110.531
118.603
104.17
137.498
110.718
120.669
113.306
105.212
91.7636
80.1842
106.897
75.569
92.922
102.192
116.817
107.063
138.483
113.025
108.899
118.1
110.8
121.477
100.57
94.3026
124.846
103.128
84.9519
121.364
105.665
108.738
115.503
123.736
120.627
143.123
146.762
115.17
126.738
134.842
106.547
108.571
108.73
133.882
103.535
136.826
99.0535
125.316
99.5521
128.555
112.671
106.457
112.344
117.255
105.015
103.94
98.6675
106.515
115.898
108.006
121.733
122.086
118.515
126.54
99.3511
79.4078
97.6892
103.042
115.031
99.7916
88.159
88.0847
100.953
86.4653
99.1218
99.4224
91.8579
111.811
99.3501
120.282
102.15
125.517
103.319
96.9731
162.412
83.7753
92.9682
95.3532
104.247
92.7009
96.5579
134.646
100.047
92.6774
108.531
101.566
125.27
106.921
95.1058
97.0154
111.048
93.7671
129.321
103.907
99.5872
97.1661
98.6619
109.53
103.151
106.719
116.074
108.258
104.611
130.005
103.762
110.907
112.801
116.477
89.5026
91.6251
89.7388
93.9081
94.0401
124.804
96.7641
91.9536
102.84
150.146
122.326
101.591
100.57
119.632
101.448
93.6424
103.92
128.982
124.068
132.437
144.755
130.832
111.971
103.486
111.505
136.826
101.364
139.089
98.2662
84.1152
90.4185
122.851
141.087
60.8443
132.274
102.381
108.401
130.898
112.063
130.69
124.568
102.669
119.271
128.557
107.284
88.8186
105.445
93.1127
105.084
107.601
137.178
57.2766
108.406
116.357
125.495
105.564
72.2767
108.514
133.802
121.693
98.5996
101.489
101.52
100.093
103.76
111.825
113.961
106.43
95.8435
111.09
103.094
86.4546
140.516
102.449
133.93
104.712
104.996
104.266
86.0804
97.1516
98.1968
106.079
98.2056
143.618
110.938
93.4033
110.137
103.862
104.705
154.909
111.797
103.274
83.8629
113.016
117.382
101.873
121.52
88.9217
124.409
102.616
104.833
114.618
114.106
88.2457
135.064
117.438
95.673
148.598
112.342
101.115
87.1255
123.56
96.0514
99.8371
101.563
110.114
129.034
126.145
91.4999
104.751
119.1
125.175
108.978
93.2578
102.069
94.5832
85.6989
102.576
115.706
109.982
95.6633
111.831
95.6481
84.7953
105.187
102.606
116.971
120.768
121.839
106.846
89.9001
119.983
104.844
95.1933
113.011
113.784
101.565
108.549
89.5505
70.4161
108.516
113.683
105.905
118.179
104.084
87.7953
122.298
150.06
89.0343
117.438
136.116
107.088
68.0065
129.387
96.5506
100.52
113.073
122.621
100.256
94.5435
119.347
126.797
95.3416
106.369
136.039
117.4
113.405
126.564
95.8313
119.535
114.226
115.568
84.3557
123.402
97.506
113.248
96.6937
87.7461
104.444
122.082
120.061
123.008
97.447
107.51
107.306
122.997
114.665
97.061
115.026
108.693
106.992
108.462
90.711
104.467
85.0101
79.8132
124.668
88.8341
110.117
110.331
112.471
113.923
96.6012
110.054
117.53
112.866
119.061
117.107
97.641
129.333
124.592
84.2339
113.731
82.4421
89.9122
125.094
90.7801
115.742
142.595
80.13
89.4261
96.021
124.702
90.4801
108.878
108.668
114.465
125.493
105.224
92.1217
109.863
92.3368
106.673
111.374
101.958
106.563
96.6053
107.777
96.713
103.31
80.0695
97.0756
120.783
88.7833
97.4305
115.814
108.205
102.608
125.213
104.329
118.094
97.6249
115.492
99.8598
77.5782
103.716
110.411
116.347
100.963
117.887
114.005
89.5547
107.14
85.2669
92.442
109.786
100.571
94.0707
130.273
165.217
107.135
126.61
156.436
103.175
74.455
109.256
108.243
128.689
106.601
103.636
93.7801
96.072
126.308
107.875
99.4691
105.199
136.997
111.203
142.069
132.832
77.7931
95.2953
97.4802
125.604
96.4842
114.999
73.1713
99.5838
106.532
120.232
114.857
135.93
116.724
91.8399
97.3631
119.487
123.447
107.217
119.938
111.237
101.307
105.365
119.237
104.252
90.1093
113.078
114.203
114.478
104.326
129.296
105.91
113.023
67.3792
69.6317
93.2666
130.943
82.8563
118.447
110.644
124.273
105.377
138.016
93.3569
85.8195
123.888
72.5306
105.148
85.6252
104.434
126.725
84.3526
121.107
111.832
116.074
133.574
118.224
89.9848
100.887
111.909
115.777
91.8
90.8348
103.671
102.821
90.6086
97.7928
107.083
103.912
105.967
90.4022
123.689
116.352
113.676
92.8698
104.201
92.5955
97.6682
123.057
99.2044
132.025
86.7246
132.581
93.4388
130.995
114.883
100.344
127.262
95.348
92.286
82.1392
105.947
128.188
121.087
88.9319
100.052
115.964
100.127
99.5992
100.148
116.931
130.506
85.7626
83.9478
93.4311
105.871
102.375
107.864
97.4512
113.169
108.936
86.7899
83.8639
75.6086
115.405
112.502
112.414
100.661
130.65
94.7589
110.984
113.743
109.092
100.094
87.7675
87.4373
109.463
122.139
98.4862
110.708
113.365
94.1677
125.271
114.653
105.746
120.018
124.535
107.727
113.631
106.548
135.219
115.737
118.442
109.811
94.6405
120.16
128.519
142.688
99.3291
108.348
137.492
103.257
88.5228
124.872
116.873
120.789
105.266
77.6388
111.895
133.322
97.431
108.16
112.178
85.1471
116.402
112.908
95.6494
98.508
90.8192
107.248
95.0142
97.4488
121.36
112.306
149.053
109.85
116.917
130.117
82.8708
119.841
112.642
89.7785
94.22
117.196
90.7207
97.1887
100.519
98.4436
142.758
120.103
96.54
144.81
92.2574
91.5007
104.133
121.016
105.646
87.3465
100.96
83.7796
94.455
116.032
99.4794
102.669
105.025
110.37
99.0733
96.4733
90.1532
116.196
120.339
92.0999
115.662
144.606
91.8433
110.814
121.841
127.445
109.09
66.5702
100.417
95.256
115.933
146.497
92.3877
107.24
99.2569
115.629
103.843
96.7985
102.646
113.725
113.134
133.268
115.615
123.336
117.757
76.3696
104.789
113.825
83.0547
125.181
93.4431
77.3481
98.2127
83.9349
98.0288
119.527
108.259
137.515
83.7469
117.924
109.594
109.661
103.67
116.13
118.867
109.621
113.479
98.2786
111.469
141.497
108.517
117.943
130.992
144.785
113.375
104.607
118.238
96.8971
92.7102
122.81
107.039
118.191
114.903
144.628
71.5311
77.2051
162.596
106.565
98.9229
74.4795
100.446
115.412
124.078
99.4461
93.8442
119.276
96.7569
99.207
130.187
107.324
132.434
131.572
107.396
72.3735
92.9626
105.355
98.9969
89.309
107.669
91.8215
113.929
105.487
103.806
93.393
119.219
117.964
95.1035
109.07
106.633
122.556
114.062
95.1156
107.117
113.104
119.261
116.465
104.965
114.712
96.4517
101.924
118.446
116.307
123.306
104.462
109.138
129.271
146.031
88.0936
111.444
97.5125
109.036
137.352
90.9207
102.83
103.187
106.833
120.233
125.664
112.473
110.51
135.685
91.7841
154.939
87.411
119.035
114.642
107.935
99.4563
104.791
99.5959
94.792
110.193
125.716
100.071
107.096
119.985
84.7878
125.873
99.3664
128.864
92.2432
103.978
104.602
102.018
95.5926
135.835
114.335
98.3999
107.759
113.855
131.933
111.536
137.948
112.528
103.97
120.252
118.699
104.205
100.658
127.221
121.873
125.827
103.229
105.732
119.826
128.468
111.32
89.1923
101.504
92.3523
114.644
112.668
86.1202
74.8888
123.91
106.023
128.577
120.388
105.714
142.12
79.1127
109.139
92.0101
97.6808
110.332
115.587
104.897
92.8853
95.4721
123.956
96.1468
114.629
90.3037
113.558
103.067
114.858
99.8291
117.75
107.956
119.325
86.1008
82.1089
106.243
102.802
111.314
107.763
132.011
117.716
96.605
94.657
88.3179
118.229
87.8693
115.74
91.6016
89.1505
95.8396
94.922
94.5056
83.9986
114.832
101.091
109.95
118.929
120.04
109.104
117.527
101.015
118.949
112.436
126.272
106.521
126.589
116.51
109.859
132.409
95.9285
111.134
139.692
126.647
110.558
79.3524
66.4822
76.7929
88.0646
83.1491
120.35
111.074
126.387
105.957
115.256
112.686
95.185
102.292
99.3935
108.278
111.785
83.3758
153.24
138.348
108.468
77.0057
122.907
127.748
145.54
125.757
106.274
103.227
119.716
118.895
155.143
131.451
93.3658
113.879
95.6705
111.681
138.58
111.948
97.0297
127.444
111.896
105.62
95.3337
113.115
130.051
114.785
118.719
105.682
96.0483
98.6049
114.562
96.3405
117.438
115.114
108.75
121.26
107.265
104.473
80.6477
100.65
100.127
98.7882
100.846
121.085
106.767
114.497
104.623
111.966
135.495
111.708
114.425
108.992
114.927
125.651
93.4522
105.18
137.552
98.9542
106.34
104.565
92.0739
115.022
90.5185
92.8814
105.831
102.823
103.183
119.267
100.045
86.1988
89.8915
75.8162
113.837
109.179
115.428
104.76
100.598
121.806
117.142
111.196
104.078
104.62
106.063
112.491
134.775
120.783
84.5858
123.345
108.909
88.9078
121.122
112.669
140.158
117.163
97.5521
101.682
100.414
108.53
92.7548
127.712
95.7247
86.3159
107.67
122.599
111.888
102.991
89.0539
102.884
99.9663
100.029
113.999
91.3846
99.3579
122.46
94.6114
99.2591
103.44
135.229
104.788
107.077
103.343
88.8843
124.468
82.3122
113.252
83.1169
100.59
117.44
117.637
118.774
111.82
108.734
71.5261
116.927
102.739
85.8659
103.953
111.701
115.636
110.107
108.749
97.6543
93.5615
87.7655
113.705
100.173
91.4638
94.1784
96.0069
94.1217
125.36
78.1701
108.695
122.263
112.508
83.8129
149.09
107.51
109.852
85.0277
113.21
123.593
123.25
118.663
106.042
130.999
90.9765
121.142
93.7165
101.808
111.367
86.5837
119.062
88.6742
111.129
82.4681
106.733
99.6464
88.466
100.019
88.2051
97.6282
74.6437
140.102
105.476
114.561
112.708
96.1883
119.017
90.2644
105.978
91.1326
95.0811
99.3711
107.027
81.7289
117.736
112.941
86.7578
95.8329
95.9304
140.601
88.9944
121.657
116.301
90.17
111.425
133.737
109.48
82.9741
140.424
97.3213
112.899
104.984
122.408
105.615
113.411
140.919
96.6795
80.4306
111.316
113.236
120.003
107.306
79.3712
92.323
119.27
109.327
117.912
101.241
116.566
123.242
117.465
112.045
89.5209
113.484
92.6483
80.4444
114.942
101.324
99.8972
125.884
103.337
125.179
122.55
102.627
145.66
127.643
127.792
129.945
136.296
98.3144
95.7542
92.2247
121.08
115.964
85.946
115.782
83.6172
117.117
81.9127
98.2988
120.506
102.165
89.6211
113.141
94.8369
88.6135
83.9238
123.385
104.682
117.943
110.047
102.837
111.567
110.853
114.564
126.422
136.076
90.2394
125.158
94.2712
111.501
96.1937
138.272
116.581
100.423
129.449
118.009
130.593
126.274
118.54
127.671
118.235
112.611
94.5688
126.722
98.1018
109.012
85.8289
97.5157
92.5152
110.728
99.4462
100.273
118.469
118.907
103.461
68.2642
82.0647
127.497
102.984
106.77
89.1809
114.042
93.5899
147.243
108.091
113.941
107.887
91.3134
110.103
100.595
105.202
119.563
120.061
97.898
121.444
99.1588
79.2336
98.0619
123.272
114.277
74.9974
118.168
123.245
135.216
109.226
114.705
94.051
112.44
113.776
105.789
92.3459
86.2514
133.133
115.667
124.755
102.043
95.8414
113.616
123.564
94.3082
121.695
102.606
149.132
96.084
105.691
86.6141
89.8141
88.3323
86.5326
112.324
128.009
127.279
97.5685
123.209
89.3855
103.7
116.273
132.704
148.473
107.202
111.764
87.3598
122.487
77.5144
109.407
98.0668
101.52
131.471
112.268
139.036
125.658
89.5389
101.605
78.444
99.0056
112.965
113.197
102.305
98.5959
135.41
112.017
123.487
110.992
103.09
93.3658
96.5856
84.981
120.354
128.525
98.8415
131.821
98.9423
134.677
113.378
133.527
88.9326
112.783
121.651
115.335
114.795
115.191
126.928
115.966
141.444
90.9335
89.3093
142.662
82.4472
106.529
91.6102
91.4433
115.721
129.241
95.964
104.004
130.858
109.394
139.056
107.166
101.169
96.8747
105.155
115.315
113.972
97.2611
132.105
105.969
112.433
124.127
101.666
107.014
120.566
132.041
114.208
91.7121
128.952
107.914
117.316
96.1109
107.616
122.613
132.89
106.767
111.128
94.9761
109.652
105.342
104.863
101.671
92.4267
91.4726
100.504
134.798
117.682
88.6345
118.095
139.856
114.17
127.01
82.4672
116.296
100.095
87.6721
131.893
122.728
107.523
123.256
123.068
118.99
106.378
105.249
75.5212
136.835
126.951
115.786
108.581
123.222
124.515
96.3221
98.5802
96.8381
81.0987
128.8
101.863
103.363
90.5252
107.024
127.697
109.983
112.142
111.032
117.363
107.27
95.1469
104.777
107.37
122.042
98.445
94.3729
128.392
108.325
127.997
102.824
112.969
97.6269
156.118
106.745
122.545
135.407
120.935
109.22
126.32
125.384
100.288
103.457
99.1261
96.0977
104.036
111.16
76.7014
106.132
90.5223
88.4461
88.4907
104.537
112.651
83.9883
122.833
132.837
129.427
105.784
112.157
124.321
104.194
120.964
118.141
105.898
129.168
110.338
119.082
112.106
126.87
116.592
103.391
115.008
103.473
111.582
112.32
118.493
121.777
88.7644
118.606
97.8788
124.705
103.363
98.6086
119.109
93.8747
105.32
89.3373
100.651
90.0313
111.675
96.7127
106.098
117.235
113.639
114.514
109.964
90.314
115.749
100.894
127.281
118.361
118.282
110.257
131.717
113.277
97.7175
93.4042
109.436
135.421
114.269
125.309
94.4097
113.451
97.8439
94.5687
83.4173
99.246
75.8588
94.8958
128.214
122.155
111.435
127.869
87.3055
137.487
134.324
137.386
114.027
94.567
115.762
82.7667
111.227
92.5291
92.1907
107.388
85.1054
92.1059
112.321
98.9719
118.591
111.32
96.857
98.4876
94.0264
119.373
112.777
113.311
112.603
124.106
101.538
149.884
96.6245
99.0204
131.773
86.918
110.73
115.821
112.319
94.7722
101.143
120.621
139.405
84.6425
118.462
79.873
113.963
117.924
125.361
125.565
117.3
98.8588
135.886
130.125
108.928
108.332
137.616
123.231
127.086
112.26
135.912
90.735
99.596
137.229
124.337
114.409
112.339
95.8197
110.018
118.597
115.936
114.006
115.49
109.601
86.7391
131.243
116.923
104.655
139.97
88.2445
87.9909
110.899
97.2985
119.894
107.418
97.1966
105.742
146.925
95.5886
93.4784
95.115
97.4064
119.199
89.0977
100.928
130.437
103.468
91.7626
126.606
111.948
141.779
99.9922
107.212
112.427
118.923
123.232
102.595
142.303
101.089
133.298
104.8
87.375
113.092
89.2024
99.7043
102.215
89.8179
94.769
92.2728
89.7028
100.206
117.071
121.026
92.0391
101.185
104.32
120.434
120.395
101.754
106.61
95.3475
98.9873
92.8197
112.088
94.3157
95.8233
102.115
111.223
78.6999
111.598
115.772
123.324
100.001
85.9321
94.2758
96.3429
105.42
107.571
110.5
131.971
128.26
140.203
94.8196
99.7239
144.324
110.516
108.744
102.862
107.24
124.298
111.838
87.4253
111.148
109.027
87.3447
122.372
79.0723
104.698
94.5871
130.421
104.71
110.493
87.8191
124.926
97.9215
119.898
87.9933
127.165
107.56
109.04
108.355
110.776
108.017
84.1379
114.597
96.6878
104.726
102.974
111.515
108.078
105.146
88.8058
128.613
92.959
111.622
104.855
88.6895
108.288
121.111
111.218
146.706
73.3166
90.2688
138.625
103.075
140.631
105.99
110.031
83.3947
111.356
104.95
135.33
91.4086
104.885
81.9391
132.724
109.189
109.026
102.736
113.593
127.43
73.4131
121.932
129.392
80.2518
100.377
120.174
110.039
91.3735
112.396
97.2254
107.353
140.75
145.317
103.547
115.547
103.818
127.967
104.485
92.5757
109.032
112.496
93.5997
102.913
96.7273
99.7768
113.559
93.5654
110.814
86.1091
92.8511
115.956
91.6894
116.725
107.964
109.131
96.8855
104.626
99.7228
118.584
112.907
130.314
136.758
101.967
91.6604
106.412
95.1167
121.305
100.748
111.574
97.2221
93.8823
115.69
104.097
109.186
95.3605
113.801
90.7348
84.1734
102.095
93.9469
107.387
103.902
68.3339
91.6855
94.1542
130.733
128.821
95.4397
89.5585
96.9409
104.339
118.516
92.2322
121.954
125.323
106.849
115.273
143.327
102.279
113.328
118.176
126.609
100.799
94.0832
115.121
122.633
116.874
109.607
122.724
131.192
99.3332
98.715
98.6714
101.711
97.0887
112.727
133.396
131.232
100.918
114.86
114.379
99.6524
102.797
99.84
77.5292
95.9694
104.746
127.308
101.13
92.1166
121.66
104.255
113.856
106.48
107.45
123.353
158.314
120.167
94.6224
112.31
107.976
114.294
138.849
118.625
133.551
98.3954
91.0293
102.368
100.999
110.628
102.205
123.735
113.464
113.274
102.894
115.4
104.439
143.745
103.917
98.5562
101.127
92.793
114.136
87.4678
129.843
112.334
104.913
104.893
102.074
92.9692
110.313
109.958
137.679
109.591
110.366
111.404
95.7611
121.873
125.13
119.192
101.501
121.689
129.338
107.279
100.149
88.7467
134.371
152.714
122.344
109.841
110.949
113.841
112.969
93.278
80.2355
124.185
71.327
118.097
114.809
98.3446
106.079
110.022
105.052
80.4756
115.282
124.382
108.417
114.262
123.076
80.6119
122.267
114.685
96.5889
120.939
127.121
118.748
101.754
104.178
118.554
110.61
118.854
116.804
84.6294
115.126
100.437
107.014
114.859
88.7608
117.049
123.707
104.371
120.702
72.5794
110.029
112.44
107.339
141.032
117.995
112.696
92.9587
88.9229
106.822
103.362
130.355
124.184
116.537
101.425
87.6172
108.883
101.874
103.134
109.684
124.139
102.421
117.134
94.5061
99.7439
132.545
111.904
111.527
93.6135
93.0871
85.3613
80.6554
78.1022
136.789
100.901
107.452
81.1681
107.116
93.7272
156.3
128.453
114.678
145.679
99.1547
88.7064
111.744
141.825
120.759
118.486
110.643
128.645
118.88
114.3
102.123
105.783
92.9094
89.1758
105.383
123.171
110.545
108.068
132.129
118.523
127.165
87.2906
122.508
82.8433
107.439
93.3804
94.6613
115.004
145.589
128.245
125.228
129.408
95.0396
111.303
99.8816
95.8564
111.137
127.845
117.825
123.587
101.815
134.782
134.231
104.454
81.5588
130.334
104.086
112.815
108.14
95.2934
142.087
132.663
86.0588
106.513
120.334
121.687
107.304
85.682
113.744
100.625
113.178
106.481
113.526
110.676
117.17
132.053
89.142
95.4296
101.067
100.719
108.445
116.449
99.6074
80.2477
105.319
131.653
131.562
96.1263
79.1773
115.964
93.6121
121.144
112.956
97.5034
132.613
94.4788
97.22
100.094
116.834
94.1895
102.077
118.718
104.928
103.459
107.171
117.609
160.508
91.5157
109.937
135.094
100.295
100.966
108.91
96.334
124.853
119.101
101.495
95.4825
114.641
124.721
122.833
113.033
115.996
109.951
100.182
107.134
103.295
102.153
107.557
93.9439
113.314
99.3999
101.432
101.499
117.018
99.901
118.623
116.355
94.977
96.4032
106.336
120.545
88.2107
127.7
105.545
111.175
94.7851
106.389
145.527
117.512
112.636
101.855
142.898
98.6099
113.79
110.55
109.804
97.0191
125.271
75.5801
90.6153
113.827
110.572
116.95
121.058
116.082
101.69
108.049
110.72
130.433
142.34
102.857
118.502
131.814
86.1528
124.014
113.629
134.675
124.632
160.047
115.792
122.124
108.275
96.9212
110.868
142.502
98.098
100.211
110.764
113.563
143.946
105.899
95.0472
106.727
128.536
110.167
113.073
91.4324
91.0905
108.744
114.491
97.1339
104.148
117.901
100.66
117.425
126.16
131.298
107.285
116.046
100.45
118.687
110.522
102.446
109.011
103.33
91.2
104.711
135.508
122.849
109.516
116.173
120.667
113.891
114.462
90.9701
124.363
120.921
87.0032
119.39
105.825
124.517
93.863
83.9279
130.162
91.302
111.121
99.3412
89.923
106.169
119.122
84.4729
90.0642
123.61
121.967
105.055
97.2167
99.9959
136.015
111.24
110.444
108.443
113.244
92.1263
131.409
82.1073
112.352
119.719
106.329
103.905
109.422
111.769
99.5672
125.094
100.744
92.6554
86.1937
131.521
104.057
96.1018
110.887
95.4194
133.779
122.839
129.411
104.881
104.848
111.519
91.2564
118.541
96.6221
103.648
127.322
98.7472
109.223
115.96
119.503
99.4831
81.9329
108.102
116.582
110.967
100.564
133.213
105.558
115.823
85.0842
145.535
88.0917
100.323
112.379
114.98
101.466
96.6894
121.178
100.032
119.755
131.21
122.141
105.872
130.727
109.887
116.072
96.9965
102.827
112.824
95.9512
102.521
109.335
119.106
99.3026
122.838
123.76
84.2709
117.922
88.315
114.274
118.63
95.5529
114.359
111.233
126.806
106.108
104.276
132.509
132.445
91.501
103.488
109.974
125.39
120.282
97.0322
122.415
97.6139
113.636
131.39
109.643
124.428
112.207
125.721
114.499
105.873
99.4404
88.0257
94.398
119.942
125.836
115.202
134.822
103.971
98.9171
107.546
97.4549
101.26
104.002
118.64
110.213
108.363
115.99
90.296
101.772
122.665
101.75
117.329
112.616
122.578
111.144
130.271
142.077
90.3679
116.902
94.5179
124.061
137.319
132.712
109.035
125.569
98.4016
104.009
104.688
97.9929
121.307
83.8601
81.2012
108.724
95.92
83.5376
93.824
133.198
98.2263
105.826
116.568
114.859
113.119
107.182
94.2469
100.259
97.7039
105.886
128.12
95.6324
115.953
119.525
114.072
124.531
118.593
88.9142
86.7297
93.6139
108.194
116.234
90.4955
102.118
120.997
107.957
104.037
136.563
87.9336
104.143
92.7773
135.618
87.8775
127.623
82.2159
114.423
115.384
116.576
94.5704
99.4682
115.135
116.198
122.74
124.659
119.744
131.102
110.244
78.4229
77.1987
103.264
106.85
101.062
120.582
154.679
131.462
112.351
125.102
104.447
107.98
89.5537
97.8226
123.729
102.009
113.155
90.8804
88.381
116.415
108.233
114.085
120.612
140.217
125.237
91.318
119.727
109.441
130.77
121.065
136.273
110.453
105.85
114.704
101.819
105.436
114.112
105.609
109.183
85.901
92.7876
107.667
103.033
87.2337
139.747
125.438
103.358
106.392
124.13
130.176
115.226
84.273
85.2894
103.385
113.959
109.182
87.9083
111.767
88.4519
91.9344
92.4436
94.3249
122.534
117.477
103.561
96.0978
113.39
95.1962
134.215
101.733
94.2027
122.184
112.466
104.197
102.459
109.536
132.134
116.422
147.153
100.85
84.3967
105.559
110.109
107.994
156.962
126.362
105.279
90.921
113.691
123.483
122.536
106.943
84.4189
112.323
114.937
98.6921
109.045
88.3219
138.328
125.202
105.583
118.795
84.8151
126.168
125.023
129.016
139.258
106.67
91.1546
114.999
137.418
111.191
101.294
108.15
104.217
93.333
83.5177
127.805
117.638
86.5133
106.451
109.095
122.03
86.5736
101.32
71.5842
95.2014
93.8215
124.794
119.626
96.8144
135.694
104.144
105.318
110.742
118.713
131.397
92.973
87.8456
104.997
83.2142
113.984
124.457
110.201
109.064
138.27
127.087
103.578
139.752
91.4034
99.1736
101.247
127.269
100.333
123.905
91.4522
115.97
102.383
98.5249
133.238
136.575
114.708
84.9146
114.571
106.964
129.398
93.1284
108.408
113.543
112.201
102.773
102.364
142.674
106.466
86.8819
87.2321
105.601
125.881
120.47
93.0102
100.925
117.311
123.307
77.4294
101.077
120.244
128.294
105.301
130.052
109.248
107.121
136.922
107.526
100.272
95.651
113.376
96.2323
95.347
88.4947
82.1832
90.5494
99.6155
106.964
91.4951
116.898
131.784
106.341
155.71
78.9592
108.324
112.175
148.427
104.62
113.2
99.1293
111.923
124.136
105.76
105.94
94.1382
117.875
140.279
123.608
131.983
115.093
89.9895
143.728
97.3776
124.118
116.508
121.513
131.594
110.644
87.9723
116.905
97.9292
151.996
81.8019
93.3729
130.467
104.411
111.77
99.6851
121.012
128.249
112.394
118.896
121.678
107.156
126.013
111.296
117.038
119.685
89.2706
144.275
95.6964
93.024
127.596
125.737
86.5544
102.047
131.129
101.332
125.813
97.7885
131.939
77.1778
106.826
103.15
98.4366
105.252
115.536
104.952
107.849
104.123
114.05
105.019
112.446
121.387
98.2618
115.182
130.848
103.419
99.0289
104.349
118.921
122.947
130.511
100.558
114.021
118.169
117.703
111.456
98.5326
121.819
103.45
111.747
85.7405
102.614
84.9751
120.603
88.2907
131.537
139.665
94.8307
93.4906
117.147
94.7927
88.2983
80.3486
95.8357
115.361
89.4163
150.125
109.133
78.2514
122.154
116.873
124.807
105.592
85.7672
78.8456
87.5539
116.172
120.026
94.7032
89.4703
96.8872
105.473
92.8053
115.894
117.681
90.5922
110.755
103.629
129.252
154.535
73.3533
109.159
97.6527
103.132
112.186
74.5335
135.785
77.781
111.196
134.759
109.361
102.57
115.11
112.812
92.5091
90.2336
94.4631
122.575
118.928
109.183
97.2174
114.302
108.446
98.8141
119.892
97.5273
88.843
99.9056
98.5055
126.663
119.73
124.905
104.134
93.7306
119.31
110.617
102.426
95.8206
81.7261
104.309
114.076
116.727
90.7177
104.61
101.653
93.405
124.011
115.743
111.75
90.6331
105.074
113.07
105.748
102.46
126.64
94.9986
126.431
94.8398
98.2978
130.516
95.8403
119.712
88.3073
82.065
98.798
103.855
99.9997
125.306
105.727
99.5762
142.93
105.445
110.427
132.288
102.787
112.052
91.4366
127.661
100.627
101.83
135.665
117.348
105.414
89.8671
120.321
142.256
104.411
116.481
124.512
114.451
85.7257
131.337
88.8313
113.446
85.9338
89.6377
94.8176
89.1263
119.212
110.35
109.959
122.946
82.4736
107.114
113.659
114.982
87.1361
102.917
120.913
124.782
151.651
108.259
83.245
93.963
93.6765
95.529
91.8525
68.5409
135.093
97.1246
101.95
112.941
117.2
114.436
92.6989
105.389
109.425
124.211
102.928
112.403
101.896
113.814
116.531
86.4966
113.21
121.094
115.829
95.7778
97.8592
144.439
82.0282
110.256
108.554
98.1615
145.539
120.774
95.0919
110.559
113.208
101.856
86.1083
126.21
146.483
109.731
150.273
99.7333
103.183
120.904
128.399
103.46
113.657
104.132
101.625
116.98
106.27
80.4695
122.578
108.164
107.991
102.536
91.1663
117.235
106.209
103.877
106.67
129.306
90.7546
106.705
128.19
101.552
84.7049
106.465
115.242
123.769
85.4338
129.678
107.555
111.463
112.777
120.744
107.087
89.3105
79.8348
124.872
106.312
125.362
113.056
104.518
125.852
136.762
117.039
117.379
109.896
108.005
118.191
128.958
107.344
121.477
130.654
153.324
102.643
81.1368
104.882
99.2988
118.668
138.692
79.5497
110.75
123.469
103.068
86.9784
125.13
105.551
95.8817
108.589
105.808
95.8851
120.801
131.079
95.3671
102.292
85.8324
97.7982
87.9763
117.67
111.372
89.7266
119.495
103.925
108.476
80.0557
95.5508
97.0473
93.3411
79.7963
110.934
114.678
122.54
88.9648
121.296
111.343
101.877
106.792
126.082
134.619
133.092
133.278
118.318
92.5309
111.712
102.25
110.011
118.936
116.959
96.3667
113.093
108.26
113.609
91.9736
97.9232
107.137
118.595
101.78
116.125
135.049
122.831
106.521
117.881
115.367
97.8229
103.277
88.1992
99.033
93.5727
105.189
96.8669
120.455
106.971
106.728
139.293
116.484
59.5314
98.5198
121.959
110.682
115.967
132.269
105.568
105.312
103.983
105.027
104.355
88.5888
90.2366
102.521
129.39
107.919
128.001
125.424
129.351
105.302
97.7543
147.139
106.759
135.16
81.557
142.481
106.973
112.149
102.672
89.4167
120.266
111.343
111.328
143.824
100.029
104.326
102.158
118.444
131.861
111.957
95.8943
84.6093
109.663
115.651
102.925
104.026
100.791
87.7852
126.11
109.206
110.53
96.9747
121.862
117.273
100.48
115.344
82.8454
90.6774
105.293
108.237
117.276
90.2839
94.999
106.557
92.9861
112.066
96.4058
71.2065
119.111
119.938
91.75
135.857
121.783
124
81.9139
108.972
98.3074
97.4557
116.724
114.936
95.1727
112.08
95.6726
125.512
99.6756
110.166
124.605
107.099
102.211
99.6118
134.528
128.468
123.789
106.238
94.822
94.5985
119.944
113.503
91.7647
106.246
97.1551
111.575
113.304
105.355
79.0346
113.204
124.843
113.695
135.898
120.42
92.5567
122.769
119.548
95.6025
110.403
106.125
122.341
120.045
112.322
101.268
81.0849
93.5596
113.931
94.5639
109.89
111.264
119.483
96.795
110.589
150.432
111.015
105.587
102.223
116.343
122.034
101.862
125.206
103.461
112.014
101.863
109.099
105.798
121.243
100.528
144.346
91.6344
139.797
135.859
117.119
128.6
147.362
115.646
117.913
97.68
98.4064
88.611
111.389
138.421
120.18
102.872
110.922
106.339
112.801
123.504
95.0887
96.0483
81.3131
98.9216
94.6608
97.7696
123.223
98.6824
105.542
115.439
148.522
92.6322
103.57
98.1514
122.781
121.926
136.223
94.6373
121.073
89.6261
114.203
96.1003
125.459
96.7689
111.016
102.308
112.938
109.411
99.0809
134.215
98.122
96.456
126.452
100.784
124.775
90.7115
91.4395
101.766
105.76
128.262
98.7615
121.323
116.526
86.7997
86.0059
110.491
109.334
114.595
89.1705
130.297
148.609
91.8136
134.186
133.595
89.1576
113.273
90.5792
98.5898
122.423
107.637
90.4764
98.6768
97.7725
119.603
126.4
114.864
108.284
89.5904
110.132
94.8215
119.158
94.7314
109.603
140.333
99.6614
108.466
104.694
117.009
95.3882
92.4599
112.657
83.9782
85.3529
130.703
101.113
100.408
116.542
117.09
90.4809
108.833
91.1226
118.455
103.45
115.058
105.362
121.814
135.216
122.633
137.585
105.546
105.075
122.09
108.989
95.7145
109.674
110.264
94.4777
112.553
105.227
102.051
116.891
111.665
93.1922
103.975
109.916
97.423
114.596
86.246
88.8201
108.253
113.548
120.751
80.4984
103.869
113.388
118.78
105.792
118.103
117.31
102.168
89.783
101.675
118.276
109.555
114.155
120.511
116.711
96.7939
109.012
103.662
109.681
88.09
112.805
99.9937
112.377
123.775
108.251
127.524
120.871
97.3573
108.291
110.014
120.977
95.4375
130.911
98.4779
99.347
134.834
99.8571
112.112
114.062
114.426
94.7276
131.783
105.467
105.744
103.24
105.193
136.032
98.2073
122.839
112.895
82.6071
100.377
93.0767
124.155
106.647
129.949
91.3341
98.8114
115.959
104.178
88.9999
103.58
107.776
111.186
112.628
119.134
84.0957
105.592
122.074
129.599
113.508
115.301
113.075
114.997
88.2123
89.2225
130.171
98.6186
99.517
113.894
116.768
126.428
106.038
122.399
94.0487
115.167
113.372
92.6532
98.3964
115.611
101.069
111.412
130.267
97.0907
115.056
91.0096
112.128
118.982
112.897
107.366
111.877
108.181
126.362
121.538
110.798
138.187
97.4727
89.5355
108.26
92.7428
89.1776
79.9211
91.7688
145.175
131.908
125.963
120.172
99.8004
88.98
97.3916
91.5409
98.7232
130.352
131.233
117.771
70.18
94.5163
116.473
92.9452
125.694
80.2329
115.144
109.255
97.4018
117.106
75.7919
87.8219
103.223
134.843
104.244
104.776
67.5038
90.2525
95.0709
102.685
95.173
127.271
119.562
103.154
94.2385
121.14
106.77
96.9135
113.937
106.085
96.5156
151.401
100.038
126.083
92.9907
84.386
89.958
97.9276
119.429
98.3643
137.071
124.544
109.848
113.274
109.698
129.574
89.942
128.735
130.074
152.582
78.4599
100.194
87.1354
109.046
112.597
117.934
102.089
121.513
123.865
115.108
102.974
93.6418
123.334
110.723
114.955
102.065
106.914
105.501
95.4404
95.9465
95.6249
90.5422
116.152
114.974
107.603
117.628
98.5191
111.661
95.1395
103.785
99.5006
129.557
136.935
83.6949
114.807
112.965
102.252
95.9287
107.031
114.484
66.8157
87.7245
115.021
105.116
83.2785
96.6906
103.544
106.021
137.612
127.214
129.974
95.045
94.1753
95.5702
93.2037
100.754
141.443
121.336
128.929
105.211
114.826
134.855
131.338
117.331
100.803
94.9017
85.5728
109.038
131.498
104.382
107.505
128.126
101.182
114.978
126.188
105.175
115.04
110.784
102.725
104.888
109.718
90.0816
127.104
96.8498
109.194
91.3169
110.661
105.344
124.128
90.1774
108.577
84.8336
122.765
84.2141
79.2
90.4001
112.662
116.206
115.858
114.463
106.455
118.27
92.5727
85.6827
110.823
136.522
127.991
129.115
119.243
93.019
106.555
102.058
107.607
92.6685
97.2757
113.792
96.868
96.1053
110.271
127.076
86.6669
149.365
93.6682
129.123
121.571
92.7284
108.801
126.373
100.98
108.959
147.974
102.507
126.243
128.002
110.236
111.269
117.827
82.5364
139.389
123.623
110.256
98.8896
103.396
102.491
94.046
157.5
100.219
133.313
140.4
97.2154
113.186
105.317
93.516
101.261
99.0966
114.026
131.913
100.318
106.22
82.1716
89.2724
102.871
120.686
101.396
110.497
85.9944
121.449
116.806
98.7312
119.88
99.3249
105.514
96.2015
92.5906
126.466
120.869
104.95
117.509
118.343
103.92
113.832
107.493
117.352
99.6251
113.854
105.536
135.518
117.885
97.1818
97.2028
99.1038
106.762
94.7433
120.977
102.299
113.068
128.922
102.414
90.9462
108.591
108.366
69.6164
110.424
120.323
128.249
99.9904
100.957
98.6564
100.224
123.943
71.8355
98.5006
98.6034
102.06
101.134
119.193
103.667
88.272
102.668
126.078
102.244
127.983
95.4351
109.044
82.2748
96.6921
121.302
96.4299
91.4146
110.09
120.477
119.24
114.571
109.28
113.255
95.7579
106.716
93.6326
90.9038
136.539
155.556
113.879
93.8543
113.288
93.8941
103.208
128.647
121.397
91.2639
99.7081
96.9333
121.217
104.105
112.852
132.728
115.557
95.9611
80.3567
100.447
114.841
104.274
114.422
101.992
103.793
113.817
117.009
94.7996
126.274
92.9412
138.426
104.792
107.28
107.734
100.244
113.975
94.7731
105.09
87.9501
101.152
77.5589
114.974
113.438
124.924
113.71
90.4884
109.118
109.742
114.897
116.961
116.183
115.051
127.151
91.0245
117.635
120.757
113.63
99.5383
102.759
101.65
122.221
90.711
96.9006
96.741
113.962
102.816
123.06
88.2821
103.315
91.2112
84.7533
137.92
100.179
136.963
102.634
117.31
119.821
98.6469
119.79
125.479
97.2586
124.49
107.603
101.374
114.897
112.081
91.734
101.128
91.9134
95.6452
112.38
116.304
106.118
118.565
105.083
109.847
105.452
121.284
90.7107
127.005
89.4834
94.0669
105.969
115.736
112.879
104.609
118.491
106.582
138.436
90.0445
129.098
105.836
89.6691
101.213
146.036
116.524
129.558
100.391
94.3235
88.8068
118.277
105.326
116.807
109.165
120.642
131.175
92.9027
114.028
106.794
116.585
83.4958
131.454
99.7165
90.4161
96.4932
113.206
101.959
122.269
101.897
85.3128
104.66
81.7091
100.648
102.739
92.4251
99.133
106.412
121.048
122.583
109.126
98.5581
101.697
124.811
127.727
121.58
143.581
94.627
99.8033
102.549
136.288
127.836
159.218
104.648
121.661
117.309
103.074
93.4674
115.275
104.176
102.971
95.424
119.8
108.656
103.968
95.4298
101.732
102.08
105.391
92.3631
131.765
98.8558
94.5474
121.539
140.18
103.366
104.541
140.255
112.289
118.245
94.9882
77.6809
105.528
101.815
107.652
106.029
95.1633
104.689
110.692
86.3276
102.387
112.458
101.468
108.983
116.086
124.785
107.399
102.096
100.286
99.9229
147.335
98.3656
135.044
103.98
86.6658
114.932
115.748
78.2828
89.4412
90.9917
97.2083
129.126
102.297
121.239
99.7193
137.836
106.476
109.528
81.7871
125.205
116.372
102.665
124.077
114.118
115.838
84.1802
80.8995
112.427
93.2183
157.905
89.6014
131.525
103.562
98.7763
109.726
107.634
90.2129
110.827
117.725
84.5341
100.126
91.257
95.4505
107.933
108.405
111.077
111.762
165.472
98.3532
122.671
104.502
121.103
102.733
119.052
106.19
123.952
120.705
94.1881
99.0843
129.918
110.662
138.41
104.801
123.296
96.983
115.176
107.33
89.8314
156.964
108.663
110.096
93.8805
105.884
97.6006
126.655
108.352
84.1564
134.655
86.5932
88.2985
126.077
111.778
124.82
105.335
106.401
108.298
127.533
106.434
109.829
113.87
106.614
136.869
102.959
104.354
117.709
92.3591
110.034
82.0319
75.9351
108.939
107.562
87.92
112.306
97.6989
121.603
147.443
101.7
92.9908
116.347
146.756
115.647
72.4302
125.906
97.7522
121.747
108.906
92.2868
120.653
82.7153
114.127
91.6971
105.343
131.454
129.487
101.791
96.5377
130.66
109.467
97.5772
91.4568
123.02
104.484
127.113
92.7297
138.395
93.7516
101.898
108.288
90.4394
91.925
143.86
90.9615
97.7946
72.7472
123.948
91.8928
118.791
111.817
100.722
122.416
117.476
109.994
125.855
119.228
105.95
107.172
116.941
137.01
123.952
119.044
108.058
109.973
93.8115
116.904
106.76
99.3454
119.63
121.822
108.593
97.1569
99.9576
101.21
120.937
78.5391
118.401
91.7497
87.6728
114.102
122.049
126.623
103.31
104.966
120.433
119.053
94.0246
105.79
117.851
128.996
120.523
132.215
93.0521
120.999
114.914
105.592
74.2003
78.4395
142.309
124.583
81.1697
95.1085
99.5221
87.956
132.11
118.277
131.893
85.3845
124.295
105.075
98.359
99.112
110.622
96.9971
129.959
113.58
100.326
104.234
104.132
126.559
115.931
95.8734
139.092
106.151
93.4587
114.82
115.533
113.709
120.165
116.01
93.1641
125.551
109.791
124.296
105.673
125.38
98.3337
105.088
120.334
107.194
93.5628
108.85
95.7053
128.066
109.79
101.711
136.162
98.5215
89.7865
97.7085
111.149
105.57
134.342
88.5711
101.221
121.546
106.323
91.3219
92.176
103.68
104.452
117.182
83.8491
119.519
95.2564
138.764
90.1116
109.031
108.137
125.58
139.402
117.771
117.075
114.778
98.542
107.477
102.241
86.9104
95.43
104.97
106.84
90.5362
118.06
93.1616
125.006
140.573
129
97.5685
100.587
123.536
139.89
134.201
97.8749
125.706
126.916
93.8857
144.885
93.3657
99.6955
110.241
81.1178
89.6056
94.7614
104.438
94.962
136.861
130.954
103.715
95.7407
96.1028
125.088
101.518
82.6755
118.845
108.506
130.603
111.718
108.546
125.709
125.635
84.9833
88.544
88.378
115.807
94.476
88.0808
115.68
97.3751
113.099
131.291
107.442
105.712
111.236
72.8741
114.093
81.9175
123.428
120.76
115.488
103.487
107.298
121.428
95.3046
119.347
99.1546
107.67
109.359
107.218
121.19
119.036
111.775
108.452
150.358
126.498
87.6524
110.236
100.619
91.7007
101.11
80.8068
140.51
101.989
85.7724
85.2408
107.252
130.027
93.5779
104.835
118.029
144.282
80.8015
103.831
96.3031
96.8638
106.264
97.1189
123.24
101.131
109.227
99.8984
121.113
90.4703
113.978
117.052
117.836
105.593
127.615
106.715
101.125
122.744
95.2603
112.374
130.011
129.736
88.0454
109.801
106.665
112.353
114.039
115.394
84.3848
90.3322
103.76
104.706
92.9904
109.619
117.944
126.301
109.745
101.237
112.228
142.403
86.5023
97.807
92.5591
123.805
121.401
87.2896
145.512
120.286
112.478
139.354
86.8041
122.363
94.9845
105.814
109.09
122.13
118.201
118.3
110.881
116.564
124.564
94.4624
82.997
97.7311
120.598
87.3249
116.214
100.735
106.048
100.33
129.115
116.01
126.936
80.455
129.361
101.804
103.828
77.4306
112.539
84.0551
114.394
85.1332
103.479
118.364
118.711
97.0086
107.641
81.8478
83.134
140.338
118.45
127.974
102.828
124.133
117.244
115.009
132.189
113.246
121.893
122.519
56.5085
87.2723
117.838
107.831
87.1416
87.6365
102.716
90.4886
102.425
107.827
108.595
109.9
121.94
115.436
110.108
113.21
108.544
99.717
107.304
108.459
104.33
89.4446
112.694
92.8504
144.256
114.877
98.0569
115.134
96.1274
114.187
113.508
108.623
82.3248
155.714
96.5715
96.3343
112.146
83.5398
100.371
133.661
101.245
112.456
109.35
102.857
113.431
113.568
90.7325
111.758
88.4914
88.5229
129.313
131.297
141.546
150.895
115.692
98.5717
95.1122
128.559
95.3398
103.324
108.64
102.323
94.7433
122.811
94.8837
92.896
95.7437
109.704
100.832
93.9781
107.762
133.374
102.353
106.889
111.825
79.6389
128.659
92.1977
83.2278
87.4886
133.392
110.441
100.237
105.431
96.8811
82.1243
130.246
97.0329
96.4167
114.2
136.781
130.62
127.777
110.664
117.047
135.075
84.496
107.137
97.7231
119.492
109.504
104.034
84.5789
107.886
98.7555
112.28
79.2921
118.604
93.9331
124.506
131.507
99.2112
151.399
112.17
141.323
118.397
95.9153
107.178
97.7081
101.356
115.196
123.093
129.839
107.916
125.092
105.147
103.298
94.6615
134.35
83.6474
106.122
99.7493
125.465
115.747
119.014
115.733
84.6726
127.384
84.4918
81.5928
107.586
105.567
110.019
128.487
102.552
101.54
134.135
126.854
141.293
96.8018
131.712
113.475
101.335
94.8565
101.617
131.428
126.932
91.2745
98.0151
156.061
95.8012
117.351
119.273
112.611
100.332
109.785
118.041
135.281
113.953
96.5448
111.038
123.488
127.463
117.308
129.173
90.8636
85.7355
98.8734
108.259
97.2921
95.0237
122.344
109.038
116.334
118.881
109.997
88.654
93.5478
107.9
107.081
112.11
95.2677
104.71
123.997
92.7075
98.2277
119.967
111.969
103.354
118.799
111.024
111.591
83.1168
95.4975
105.711
129.046
133.037
120.61
96.5512
104.753
111.782
128.2
103.474
113.327
101.119
100.126
159.542
105.97
97.8551
70.8208
110.202
120.725
105.182
101.348
109.216
85.5872
84.3885
81.7906
91.9399
145.688
122.136
103.842
91.2846
113.144
121.993
98.3846
118.251
134.309
112.67
101.716
97.4447
99.0466
125.861
107.84
95.5967
96.673
142.279
88.2957
114.693
104.683
102.744
158.657
101.201
104.598
108.444
123.211
115.509
99.3871
108.221
118.547
104.129
115.467
133.161
97.0369
122.949
74.0208
126.328
118.762
116.727
124.807
103.799
102.219
102.016
91.7226
82.0024
100.157
111.512
132.521
96.1826
107.996
106.561
107.202
107.65
114.258
106.003
95.9701
131.953
113.505
126.672
93.3426
134.844
113.825
103.112
100.036
106.553
115.769
112.077
87.6526
91.9939
133.425
82.8158
93.299
94.5871
125.404
85.0673
109.866
123.223
88.2545
88.9006
103.783
116.864
144.186
87.3561
115.48
116.24
98.5486
116.825
103.121
95.9834
93.233
117.067
98.4938
102.524
101.993
102.434
115.774
87.3131
117.138
120.848
92.9666
116.081
147.426
106.394
101.502
97.8765
91.0995
93.5812
113.479
81.6013
123.758
74.1083
87.6816
98.3303
80.3622
111.189
116.477
94.7737
84.9504
93.7061
117.401
93.5753
73.8235
113.405
108.496
103.272
105.821
117.381
102.732
121.075
97.4239
113.22
112.81
84.7743
102.12
82.0345
113.024
107.085
112.134
106.153
98.5573
102.115
94.6364
102.308
101.16
113.737
119.975
87.466
85.8818
87.4167
124.217
70.6051
89.5909
71.1427
148.281
95.9807
83.8147
134.14
94.5042
90.7766
125.246
105.268
97.2763
99.0923
113.515
99.6367
81.8717
103.073
108.804
106.016
85.0129
99.3663
114.605
89.1291
127.92
106.434
111.41
87.9614
97.4844
110.069
121.761
120.21
136.248
121.837
124.04
115.044
114.022
110.811
86.2636
120.308
89.7973
128.603
112.966
109.922
103.633
113.096
135.823
97.3045
114.195
92.4344
117.911
120.664
117.796
139.103
117.768
114.206
123.187
117.108
106.427
136.152
100.587
93.8747
114.643
93.0543
95.7876
82.2763
107.005
107.196
81.0333
67.9932
95.6675
121.85
142.581
88.8342
107.756
120.212
109.583
140.803
130.474
140.947
112.951
91.8895
90.1455
118.887
131.553
126.064
95.7853
122.955
125.371
116.037
90.1161
122.234
132.534
112.358
134.386
96.5085
99.4853
122.608
107.469
129.385
103.836
141.349
125.253
112.264
110.637
120.313
121.075
107.459
105.065
115.314
123.106
104.63
123.447
139.726
98.1066
121.495
87.3586
132.711
99.8609
106.698
76.7293
120.077
98.2052
114.608
109.949
99.9002
137.59
82.0256
107.817
119.646
75.772
111.27
109.012
104.694
118.772
105.192
126.634
92.1601
120.233
142.845
101.995
89.2495
104.81
113.817
84.5848
116.49
108.499
114.043
103.36
119.5
99.826
115.551
97.9915
139.146
92.411
107.365
138.177
95.9074
103.291
78.1805
152.132
96.1684
114.008
87.9702
111.887
115.668
141.142
130.436
105.551
132.866
131.695
98.9361
94.903
134.58
111.984
89.3254
132.884
94.3259
137.496
117.141
119.298
102.098
142.097
120.071
98.7526
118.325
120.054
123.875
84.7269
142.094
123.41
100.087
108.617
118.226
102.793
124.663
109.442
102.651
100.115
93.4
111.627
84.8395
101.18
104.462
111.356
114.244
99.9964
116.035
116.664
82.8579
121.1
100.921
107.959
115.541
130.11
111.592
116.405
99.6064
110.562
122.311
108.438
104.003
101.512
135.885
94.7112
102.038
80.4745
102.655
98.644
98.2859
102.924
121.123
122.406
105.783
123.394
126.105
97.9322
107.531
124.096
100.767
110.942
84.4453
113.58
94.4643
132.043
91.4932
101.666
105.17
109.476
106.327
106.096
124.056
90.1723
81.9974
122.353
119.034
113.609
80.6319
101.649
124.513
116.7
127.697
91.8419
130.417
103.019
86.7716
135.415
112.23
116.669
105.882
111.579
84.7629
122.762
76.1481
101.273
102.345
99.4448
125.343
123.551
101.288
106.486
81.3314
117.801
106.079
99.857
100.635
133.196
127.525
121.013
123.12
120.865
107.129
109.235
109.56
94.9376
130.369
124.003
113.135
106.117
106.615
74.8374
98.0062
87.6517
84.241
137.861
121.84
147.05
101.151
136.001
115.551
98.568
88.8289
94.8072
115.83
137.4
125.055
118.795
111.74
117.569
98.0873
117.35
82.391
88.8937
117.183
118.812
120.832
96.1595
106.006
136.202
108.455
97.9345
113.182
127.823
144.952
139.863
96.733
133.27
99.9419
100.47
106.194
121.776
102.962
109.503
126.203
89.251
109.809
106.471
115.201
98.1328
125.316
112.205
114.603
137.153
97.822
92.2045
131.962
112.811
90.1041
118.383
105.483
100.134
104.26
110.991
77.7976
109.238
95.7719
118.427
111.802
120.792
92.9387
119.682
83.1744
118.812
95.0531
99.0766
104.275
80.8972
108.513
75.0637
129.327
96.7528
124.476
124.258
136.446
102.303
99.5825
134.997
113.442
138.5
97.8988
103.178
132.512
112.44
90.1409
140.374
80.4737
108.002
129.72
99.6185
89.782
108.641
101.224
114.928
92.558
108.041
98.3165
149.661
95.8517
114.754
97.9844
91.4604
141.135
125.011
115.769
95.0347
86.097
98.5799
103.313
86.1809
86.832
96.3021
120.491
84.7366
124.143
97.7725
83.0181
132.312
79.352
146.468
115.241
105.197
102.195
80.2633
106.212
95.6109
94.7079
151.274
141.199
106.689
99.9919
104.303
99.1976
69.0586
128.303
117.689
117.142
106.924
106.169
110.018
79.386
139.492
108.965
122.032
121.076
113.897
103.65
102.177
141.628
125.103
87.6831
101.065
88.5077
91.2094
124.208
87.4332
112.287
115.275
134.138
95.27
114.595
86.9997
98.5635
118.441
130.109
78.0556
88.403
127.571
94.1779
104.366
137.167
102.125
93.2468
143.338
117.53
104.674
124.83
138.276
115.495
100.111
119.914
124.07
103.224
129.293
97.838
104.54
90.023
124.442
94.7285
126.072
113.371
122.625
124.498
102.358
108.949
88.1284
116.748
109.594
108.879
109.484
109.087
114.271
113.633
95.6256
104.303
122.743
110.128
83.8108
86.9587
105.78
108.743
123.297
105.221
88.6892
98.8992
132.288
83.1102
123.006
105.695
103.727
111.875
72.4127
110.507
111.194
95.7128
93.7205
123.919
100.311
114.082
104.873
104.034
124.464
113.965
103.608
166.702
115.745
129.563
95.5516
103.596
116.099
109.25
145.384
132.223
96.0603
138.43
102.521
92.3301
76.023
92.7113
89.1513
85.1748
76.5214
136.578
110.955
118.262
104.085
112.259
125.406
91.4583
101.817
116.354
100.686
111.186
102.743
93.8977
110.224
113.58
108.579
80.4906
129.033
126.029
88.0341
93.3916
103.635
107.321
115.627
91.5871
123.148
111.053
121.596
103.403
96.7963
107.376
127.229
78.5832
86.3437
113.013
110.557
109.641
123.757
111.529
80.8617
114.746
113.368
117.66
131.577
100.99
104.64
88.9205
143.968
115.652
123.494
97.8471
95.7698
107.427
126.687
100.047
118.752
105.495
104.099
80.7374
100.787
100.049
107.194
95.6619
131.433
108.146
86.8846
113.364
90.7246
89.456
105.677
102.971
78.1707
108.13
105.812
114.03
118.448
115.463
134.634
100.822
142.744
85.7682
115.938
104.662
106.898
121.902
123.347
140.272
105.044
113.765
106.434
128.404
113.621
97.9893
100.552
71.0395
89.635
103.491
95.2749
100.71
133.959
108.491
84.1361
97.505
96.8257
121.301
133.045
119.482
124.645
98.798
108.252
114.56
97.9521
111.042
99.9926
100.305
101.465
104.494
152.267
96.3877
85.5515
106.135
113.088
109.367
89.9317
112.735
107.256
114.219
110.125
122.237
123.896
122.138
111.146
118.262
95.617
93.6903
118.03
132.233
97.3403
133.434
113.325
108.375
123.889
85.4589
113.723
113.923
129.686
101.133
112.256
134.008
129.494
105.492
105.266
124.477
121.874
101.821
121.952
101.805
96.3129
122.576
118.825
87.1894
107.31
108.899
75.4655
104.378
92.1669
105.989
81.2718
132.214
129.649
102.477
134.362
111.069
111.784
95.9711
110.559
90.2348
102.34
107.247
81.3695
100.008
102.36
97.2974
123.905
115.113
97.942
119.324
88.9447
111.482
95.0435
131.236
104.227
121.214
155.621
91.3568
123.232
104.012
131.049
109.336
120.057
100.658
99.7105
147.687
135.103
116.404
98.258
106.028
93.1643
96.6152
102.111
112.552
123.691
97.7353
138.811
98.3039
79.6377
107.455
124.492
118.642
126.945
119.778
103.785
114.381
109.57
129.758
113.544
128.17
102.83
117.386
89.1066
118.488
99.2848
123.354
120.034
98.2778
102.998
99.4305
119.086
134.394
127.619
105.906
103.227
96.6088
122.94
103.185
118.81
113.315
117.46
127.97
98.0896
84.3155
112.074
99.8784
99.6952
124.511
86.4834
110.681
86.7697
88.3999
84.2249
93.9592
186.736
116.189
121.25
74.2389
112.947
105.501
100.511
181.049
109.44
88.9579
117.262
131.77
83.0523
120.954
93.1317
97.1619
99.7149
108.226
114.985
129.365
110.482
125.223
93.512
120.522
87.8152
136.75
107.071
104.651
141.674
91.0364
94.5658
110.902
90.9321
94.1188
110.399
100.939
96.3369
110.469
100.05
123.843
89.5483
97.0704
92.1779
113.338
97.044
105.363
100.806
117.787
119.667
95.1978
112.513
107.233
117.072
98.0406
126.38
128.056
90.0045
115.57
113.393
131.77
72.5378
122.581
89.6302
79.2901
97.0668
95.2471
108.838
94.4671
85.2642
146.25
104.582
133.641
129.006
115.728
110.815
119.73
151.261
127.164
116.965
95.1155
113.119
92.6313
93.7512
117.967
104.326
86.63
99.5421
104.616
120.769
110.843
108.903
117.578
84.4242
91.6295
107.336
116.463
93.2504
123.222
106.827
104.115
114.364
112.995
119.031
104.888
112.574
112.625
97.3046
78.7515
112.708
105.334
91.236
110.257
111.717
105.713
103.377
82.4821
112.001
92.7127
120.07
115.747
117.565
81.8479
104.192
107.143
113.88
114.189
130.233
121.81
81.4009
103.863
110.534
103.791
113.088
125.757
98.4959
112.474
94.0097
108.579
87.4435
102.916
131.055
105.023
105.627
120.112
116.508
99.3775
105.529
111.342
123.714
112.262
108.701
120.291
116.484
96.3909
91.6599
117.019
109.005
115.722
121.296
102.117
119.461
99.5447
117.57
98.6932
126.356
122.846
107.221
109.382
68.1093
97.1633
92.0548
99.5694
76.8459
106.232
113.027
114.125
128.179
117.531
101.637
112.202
108.467
100.896
85.2977
119.757
122.694
101.896
123.782
110.903
136.899
106.932
124.789
104.028
102.226
125.918
109.92
126.381
122.946
106.318
94.8512
109.378
90.8964
108.902
125.956
112.06
126.028
109.628
96.2675
89.8142
110.797
93.5792
104.663
74.2221
128.734
106.842
107.427
130.294
117.105
92.4463
133.498
81.2081
120.568
102.246
107.967
113.783
116.616
117.503
107.001
135.675
102.668
124.597
98.1639
97.2994
103.74
133.363
107.387
90.633
97.6881
94.5019
120.32
87.4696
95.0201
141.159
99.2706
99.5782
122.834
94.8119
92.5588
110.631
88.8727
147.377
110.328
119.627
91.6252
106.919
123.393
104.168
78.8185
117.721
91.6565
112.08
101.234
130.118
96.5973
151.691
127.508
118.55
87.9317
116.61
106.707
113.852
106.342
99.0201
88.7533
99.6166
139.702
99.518
112.246
88.3244
114.221
123.892
105.067
88.1936
116.406
125.079
122.104
97.1172
97.7868
115.72
116.666
100.093
123.395
130.848
113.074
105.929
87.7676
98.8061
115.045
94.2645
103.552
113.901
90.1836
78.4494
101.682
84.5603
113.429
107.459
106.132
137.031
112.54
80.153
141.799
117.293
134.959
130.762
122.259
100.674
107.491
161.201
79.0706
121.18
91.0329
78.5342
123.478
114.522
106.854
93.3428
102.138
132.939
160.304
119.171
96.3715
131.699
123.439
102.508
97.7946
129.174
100.955
125.783
120.811
147.777
107.178
103.337
112.831
113.467
104.695
106.849
117.509
95.0721
123.134
113.801
93.7439
95.8502
115.874
136.162
112.166
101.043
139.438
102.74
113.198
129.65
89.4811
81.7409
149.377
136.655
89.6727
129.06
110.805
96.5162
99.8025
97.8739
125.47
87.7272
93.7843
102.359
131.02
94.3272
114.771
94.1707
91.9428
134.508
91.8717
113.91
96.9083
107.493
121.037
106.853
118.81
147.314
100.229
90.486
132.764
106.579
116.932
126.072
124.233
84.4369
144.186
130.283
93.2512
101.487
124.127
101.318
112.128
93.0627
124.364
134.711
118.227
105.517
98.9866
99.3157
117.068
86.0939
127.775
127.134
142.315
120.025
88.583
124.315
117.789
106.176
123.123
97.582
116.861
129.203
99.72
89.8867
96.9571
86.4354
107.774
131.01
106.726
133.868
88.9735
109.024
103.226
97.7064
110.742
109.559
99.9652
107.551
121.772
118.797
98.4856
82.1077
118.542
124.712
107.918
105.408
107.908
87.1346
126.855
113.415
76.0886
114.269
96.1322
109.339
121.545
112.082
106.2
123.221
97.0676
123.711
90.0691
96.2387
110.387
118.524
113.069
109.411
81.7815
94.6892
123.978
95.7937
101.521
113.542
109.021
128.096
123.155
83.6218
94.4725
89.6165
134.908
93.6767
115.934
108.751
129.747
111.791
133.523
111.353
123.01
105.03
83.2705
145.675
97.5396
119.697
119.112
126.196
109.383
104.018
108.881
113.924
110.657
91.3049
95.5125
98.8783
102.192
133.534
115.194
92.3549
121.553
143.327
91.6947
80.8917
114.231
98.2107
74.7827
123.265
97.2037
113.231
129.4
92.1297
106.878
122.069
107.926
96.3884
124.956
110.1
97.5636
126.798
99.0774
116.112
150.992
110.292
100.826
104.369
88.2889
109.741
97.5009
120.641
111.815
88.7969
112.04
111.206
94.7331
95.0132
92.3538
128.247
133.419
104.316
115.384
104.914
119.522
104.52
131.624
110.916
129.642
109.879
126.621
116.696
111.021
103.624
146.984
95.9154
101.264
136.107
95.4288
94.7357
134.171
133.784
99.5721
123.501
113.578
133.762
113.114
98.3098
136.471
107.515
119.003
101.527
130.892
93.3157
118.869
88.3227
97.7451
94.8022
113.667
106.911
101.873
106.345
97.0299
103.378
124.636
113.61
120.873
98.2228
101.431
91.8498
128.018
77.418
105.698
135.061
130.562
75.79
118.804
109.191
115.964
115.673
127.059
90.6604
108.928
110.162
135.137
101.4
136.081
99.6394
125.85
83.1986
97.5775
111.51
125.302
142.768
128.993
110.782
106.189
128.929
113.138
109.956
89.9535
106.441
75.4716
112.972
131.512
83.4255
100.784
96.6475
98.7655
76.7712
134.03
124.548
109.364
148.608
116.316
89.9498
101.147
79.7286
87.221
109.806
114.938
100.342
126.351
112.449
96.9045
113.2
108.546
77.8185
101.576
125.776
109.066
111.159
130.06
145.714
100.77
125.098
103.122
99.2603
144.192
123.628
113.476
109.183
117.078
91.4985
96.5505
102.072
126.424
107.696
105.111
107.831
126.546
101.666
104.878
104.097
99.2614
98.4713
104.848
100.433
93.4034
98.5051
114.924
105.454
103.105
85.5326
106.51
102.365
85.7872
101.361
94.1683
113.109
105.812
109.505
102.418
116.902
138.8
140.914
91.2
133.725
90.5508
96.2537
104.879
108.122
103.442
81.4903
94.8603
116.603
110.826
103.434
104.083
90.584
116.996
114.015
110.088
108.968
108.07
127.223
138.8
87.9341
117.94
93.9737
120.217
118.867
84.6041
136.667
108.383
122.415
113.207
88.3924
130.843
94.395
101.266
122.707
128.378
118.869
107.981
125.766
105.556
96.5753
91.1858
108.07
78.5285
124.207
127.825
106.21
78.8634
80.0538
116.114
82.1123
96.8511
97.7473
105.635
135.296
110.012
96.1552
95.4502
111.971
115.996
127.307
89.6927
108.11
127.47
96.4439
116.332
105.387
113.579
102.74
71.6128
114.403
105.662
137.226
148.701
95.5693
93.7457
104.907
67.2032
117.784
114.406
103.601
91.3785
102.458
99.8146
129.629
113.743
101.305
107.484
110.461
98.712
104.46
105.421
132.569
77.2746
101.706
65.6176
97.4366
102.73
105.395
104.096
139.894
114.057
89.4513
107.136
94.9559
98.535
102.091
126.542
108.715
120.224
95.491
101.166
113.402
120.228
141.72
114.409
84.2546
103.894
88.0561
120.398
114.767
90.8027
93.3985
109.648
97.2673
122.339
107.041
100.437
114.669
103.663
77.8519
94.296
85.3834
119.09
79.237
112.309
91.9327
79.6889
118.849
101.868
101.791
99.0292
99.2843
110.089
94.6125
111.588
113.079
72.7544
99.0548
98.4173
116.984
101.192
99.6287
120.629
113.561
91.669
87.9995
132.605
96.3046
107.986
115.887
132.246
78.2711
92.9767
146.137
87.246
118.734
126.729
137.313
79.9128
103.091
117.065
115.949
102.126
105.226
108.732
116.207
97.8491
129.076
106.653
112.305
97.2111
100.534
116.566
124.806
96.2366
120.257
89.3947
95.6257
103.395
107.312
134.875
95.819
115.373
102.664
88.5772
126.958
109.106
90.6368
107.595
112.411
154.654
94.1234
105.2
141.331
119.531
92.9894
118.643
118.023
127.784
102.085
114.337
69.3468
104.436
110.62
93.0073
115.59
104.156
108.232
99.0521
116.031
93.444
83.478
102.743
124.953
119.496
134.468
105.975
120.362
99.2648
94.8065
111.83
115.977
103.444
95.7842
123.983
125.837
92.2362
108.94
108.44
101.705
116.647
119.904
86.2951
117.4
107.816
101.153
109.468
113.786
102.231
117.284
103.593
84.6356
110.376
116.108
93.8659
92.7336
127.88
116.359
130.221
110.718
127.954
120.666
118.79
103.881
104.8
92.9737
128.933
138.202
115.505
116.398
143.541
109.1
86.9235
96.6383
133.962
96.5216
106.939
124.721
114.772
92.4913
109.285
85.7021
88.4731
92.7244
97.6742
83.2155
95.0038
70.5893
118.672
111.665
99.157
118.009
76.643
145.711
78.404
92.2218
121.09
94.5694
121.442
126.281
102.819
110.268
106.173
81.8064
127.364
95.3583
116.764
83.9843
99.2407
102.016
113.836
123.511
90.1648
123.441
105.137
134.145
100.407
135.995
91.6347
115.081
103.897
125.109
104.382
104.32
97.457
106.127
111.301
118.56
95.2013
97.9892
101.322
127.629
118.44
101.539
112.142
116.177
99.0246
130.308
111.687
94.4538
93.4327
120.963
100.604
94.2735
98.0752
127.543
114.08
109.034
112.124
112.647
110.195
117.212
121.943
156.869
105.519
101.356
114.338
91.3142
98.594
107.045
120.306
127.361
96.8008
106.702
127.091
121.046
100.56
137.217
96.2119
119.234
106.938
133.037
99.1545
137.276
104.874
92.4953
98.8701
109.327
100.8
117.248
71.6302
159.236
106.29
131.23
116.304
106.287
106.84
114.565
117.418
130.859
88.5208
103.45
150.485
106.119
101.584
105.683
93.5961
122.792
90.998
116.334
87.6596
105.595
116.854
104.705
105.943
85.2216
101.666
100.965
107.2
120.052
102.228
84.9407
130.126
118.633
88.5051
98.4925
100.816
111.573
114.103
119.402
122.946
100.758
75.3394
114.546
93.8793
114.245
105.023
118.169
107.64
93.7178
111.37
107.861
107.93
124.209
111.203
115.414
117.705
105.659
99.7071
129.219
127.653
93.8387
88.3192
114.935
132.473
106.526
112.733
90.6133
114.213
94.6697
110.095
115.586
135.093
99.8049
121.838
105.355
115.53
101.487
125.228
99.0214
97.2613
98.1453
99.105
114.073
100.963
104.299
95.0706
111.31
91.4857
98.7974
118.334
114.328
108.225
78.7142
120.421
119.173
125.491
123.856
98.0027
116.355
111.402
106.314
111.083
86.1241
106.422
126.246
91.5586
116.872
110.806
115.095
125.3
127.641
91.3131
123.887
100.035
95.0991
150.455
119.157
111.154
115.798
104.146
114.288
117.846
94.6785
123.884
119.946
113.849
111.625
104.462
99.5269
117.676
121.042
108.405
109.41
105.67
135.216
113.322
101.433
147.063
91.7986
140.25
98.7805
108.937
101.095
129.187
116.009
97.6792
116.285
112.101
77.3109
129.461
103.323
108.1
119.246
118.351
99.1256
103.018
116.99
121.133
125.131
106.543
138.15
109.322
132.466
98.9356
107.668
100.184
102.676
110.775
105.174
101.271
132.903
106.811
132.575
103.89
107.989
106.147
111.644
142.105
122.174
92.2171
94.7157
150.558
105.39
75.5105
128.455
103.227
110.229
88.9078
101.513
97.6734
120.246
115.365
139.286
133.498
95.1255
98.7127
105.751
104.375
134.551
95.0532
115.612
108.667
120.43
99.6345
113.557
100.991
87.7703
135.612
100.89
100.682
107.117
127.951
92.6124
144.606
124.809
113.068
111.683
111.038
88.7629
131.966
163.157
101.915
134.633
136.752
104.848
134.627
152.464
89.8057
130.16
133.554
116.637
117.732
122.586
97.2521
129.463
130.046
140.966
90.3639
124.069
117.916
93.0497
117.492
88.8808
100.617
88.683
86.666
115.465
113.96
113.411
83.3785
88.8945
134.413
98.9292
135.65
115.565
96.3654
141.276
152.214
116.467
93.5069
88.4894
100.077
82.8425
138.46
117.059
150.785
103.299
89.2084
130.084
106.931
99.8452
128.451
98.4585
81.0319
130.377
103.234
131.722
102.607
95.8339
111.347
121.253
96.5238
93.0198
92.6168
83.2225
107.256
106.4
117.885
116.384
94.9102
111.378
102.518
114.886
105.97
83.5757
125.014
103.876
95.6471
129.16
91.7314
136.609
115.594
106.35
100.551
124.537
91.037
104.979
129.228
87.8167
94.1378
99.4641
79.3456
100.288
94.4565
110.799
116.123
112.877
91.384
80.366
132.494
128.007
91.7408
110.154
94.8364
111.747
91.8493
143.899
111.628
114.859
102.131
107.404
126.969
133.611
124.884
109.275
91.5166
130.945
112.978
94.4077
71.4015
114.967
118.043
112.906
130.807
91.2281
110.974
130.08
119.706
115.282
97.9667
107.095
88.2181
126.705
102.209
101.538
116.257
84.1736
99.1249
119.763
96.8106
128.997
107.012
120.542
101.348
126.156
109.347
117.011
96.0866
86.1865
80.9713
95.9706
82.724
120.51
115.181
101.614
110.95
116.855
127.577
153.53
107.734
146.874
116.338
103.415
130.017
120.243
84.1366
77.6157
103.085
100.015
113.637
90.6085
91.9324
97.98
118.051
124.883
93.4129
84.3893
121.804
115.309
109.928
91.765
113.381
111.646
105.661
79.6797
107.438
93.5704
98.5576
107.524
108.805
111.784
80.6515
109.914
85.6491
114.426
131.394
115.035
102.316
88.3114
90.5829
100.706
89.2577
98.1078
111.764
109.923
111.204
141.614
112.56
109.379
146.057
121.674
108.33
120.987
106.241
107.018
104.131
118.101
112.676
100.546
103.726
104.933
126.889
106.292
101.717
98.907
107.637
112.156
115.984
121.564
98.9206
123.284
112.917
96.6572
98.728
124.167
95.2762
100.951
118.882
108.116
88.9468
105.215
111.542
122.512
119.876
112.892
119.143
105.044
146.904
102.945
102.67
77.2693
88.3468
119.349
121.144
104.671
118.113
135.491
109.327
97.0333
113.471
