3164.75
3215.5
3101.29
2909.86
3136.58
3152.31
3240.7
3297.89
3296.67
3110.42
3231.48
3187.73
3063.85
3181.7
3268.93
3160.73
3191.78
3189.38
3411.65
3108.28
3238.73
3122.68
2972.11
3177.07
3142.21
3308.04
3090.6
2987.38
3270.53
3142.86
3094.27
3003.65
3082.21
3134.51
3025.35
3004.9
3066.85
3243.82
3182.7
3192.48
3426.96
2897.41
3015.75
3154.74
3071.6
3076
3162.12
3090.75
2978.35
3015.07
3112.25
3031.08
3045.79
3406.39
3066.57
3158.58
3051.95
3091.67
3067.43
3007.87
2921.86
3295.83
2992.35
3177.4
3160.51
3048.6
3116.43
3111.52
3264.58
3083.61
3187.04
3091.78
3080.89
3005.92
3225.77
3223.39
3036.24
3317.1
2996.87
3208.26
3255.45
3070.64
3278.19
2946.28
3236.98
2999.17
3010.06
3132.24
3183.47
3185.86
3173.86
3308.65
3214.19
3236.01
3181.37
3183.65
3170.99
3035.34
3370.67
3193.99
2817.17
3263.9
3236.78
3050.34
3122.13
3075.32
3022.92
2992.36
3182.47
3219.99
3130.28
3166.44
3088.98
3210.29
3103.48
3077.83
3187.94
3276.98
3293.34
3063.75
3143.96
3139.11
3163.07
2898.54
3157.78
3212.86
2989.33
3115.85
3170.58
3044.85
3080.41
2957.39
3173.06
3190.05
3033.44
3061.62
3012.08
3065.16
3165.37
3045.69
3129.3
3083.25
2981.41
3093.87
3021.61
3222
3090.08
3210.35
3224.56
3058.03
2902.54
3095.87
3020.61
3234.15
3238.81
2928.52
2948.51
2978.6
3126.56
3211.28
3167.25
2942.98
3348.45
3151.63
3139.35
3244.78
3015.43
2956.3
3298.85
3019.09
2943.35
3173.63
3178.92
3336.67
2958.87
3045.13
3204.51
3116.35
3246.26
3141.37
3119.47
3331.57
3104.2
3277.61
3305.96
3067.36
3338.19
2895.83
3150.46
3414.2
3035.47
2808.22
3273.54
2889.24
3311.62
2941.2
3118.18
3200.52
3197.29
3091.64
3130.13
3076.83
3007.97
3093.48
2933.94
3129.84
3208.19
3096.37
3182.85
2911.93
3005.36
2984.1
3093.09
3003.49
3171.77
3436.02
3142.7
3025.5
3275.14
3003.57
3119.3
3329.64
3022.06
3148.61
3091.38
2985.23
3168.52
3012.56
3164.52
3032.54
3335.28
3113.98
3034.22
3029.73
3142.06
3073.97
3279.36
3140.9
3195.62
3150.96
3212.04
3196.48
2785.62
3104.12
3219.36
3128.6
3138.08
3066.88
3249.61
3394.7
3121.09
3230.55
3017.86
3119.93
2999.96
3033.51
2958.94
3091.02
3092.31
3248.2
3125.31
3151.03
3084.1
3132.13
3177.21
3117.25
3029.21
2889.57
3131.08
3033.33
3047.26
3038.43
3148.52
2911.77
3192.52
3189.31
2973.82
3178.02
3148.68
3106.35
2886.86
3075.47
3093.65
3048.56
3085.24
3054.29
2904.39
3251.96
3419.02
3021.57
3036.2
3114.56
3061.9
3165.51
2974.57
3072.95
3024.03
3062.11
3040.17
3281.89
3122.07
2988.17
3064.07
3123.37
3226.77
2850.11
3155.15
3178.92
3281.64
3093.44
3218.99
3189.94
3106.44
3006.5
3030.41
3307.38
3195.2
3188.89
3216.2
2946.94
3122.01
3041.63
3110.51
3050.43
3245.32
3228
3381.5
3341.69
3335.01
3090
3061.99
2980.71
2828.03
3145.4
3103.45
2999.95
2964
2904.87
3075.35
3182.93
3124.85
3093.98
3047.32
3007.09
3180.34
3058.29
3040.01
3165.87
3115.61
3147.15
3260.03
3231.04
3009.2
3249.41
3156.14
3186.64
3222.48
3095.51
2981.85
3051.31
3105.63
3176.63
3096.66
2870.74
3175.67
3247.83
3133
3183.29
3052.28
3188.63
3397.92
3254.66
3122.58
3336.64
3281.51
3120.76
3016.29
3091.78
2979.32
3456.16
3250.19
3020.76
3022.03
3118.89
3203.88
3129.54
3123.74
3097.78
3130.44
3031.38
2844.68
2995.59
3020.61
3042.83
3253.13
2965.39
2965.69
3143.42
3175.67
3009.63
2843.03
3073.44
3178.47
3046.74
3000.17
3112.37
3064.34
3172.12
3158.26
3090.96
3133.17
3118.78
3006.45
3145.36
3273.91
3131.95
3012.2
3072.72
3178.24
3232.82
3082.19
3251.52
3141
3356.2
3085.89
3190.67
3121.43
3109.65
2942.96
3133.82
3188.84
3069.69
3067.65
3256.16
3053.92
3013.16
3074.78
3079.31
3165.68
3099.31
2955.56
2914.4
3322.46
3056.27
3136.08
3252.46
2917.85
2923.05
3032.09
3132.11
2970.68
3122.35
3098.58
3252.99
3028.68
3264.59
2937.14
3223.88
3153.81
3075.83
3050.88
3370.16
3175.03
3102.07
3176.39
3111.89
3131.76
3070.95
3084.78
3377.1
3020.48
2832.35
3252.66
3165.81
3227.45
3086.95
3205.03
3217.66
3100.68
2873.13
3148.65
3246.67
3170.56
3077.55
3103.74
2978.3
3391.76
3161.33
3032.65
3146.56
3102.35
3083.47
3283.85
3002.03
3084.96
2906.11
3058.16
3010.35
2964.79
3053.26
3081.66
3072.06
3046.18
3250.1
2978.92
2908.37
3263.38
3107.97
2994.9
3209.51
3157.35
3089.64
3151.91
2907.64
3157.79
3128.42
2915.85
3003.07
3095.06
3194.31
3039.52
2905.85
3305.79
2909.99
3067.45
3185.55
3114.21
3110.43
3138.25
2844.18
3120.36
3164.59
3104.36
2972.42
3247.13
3253.52
3026.07
3081.92
3240.11
3031.98
3089.46
3096.97
3086.31
2949.41
3291.59
3030.3
3031.83
3228.14
3072.83
2925.62
3007.94
3238.99
3104.01
2894.69
2972.33
2893.34
3057.67
3251.26
3189.63
2992.58
3087.57
3230.05
3318.21
3182.23
3061.73
3141.39
3146.48
3127.89
3179.56
2940.07
3168.8
2928.85
3052.65
2949.35
3252.81
3066.05
3218.48
3124.55
3120.11
3269.72
3191.57
3142.27
3196.32
2999.13
3077.92
3029.02
2974.72
3160.83
3116.55
3144.91
3084.38
3196.79
3046.35
3194.01
3210.01
3374.45
3179.49
3148.85
3431.36
3173.49
3179.9
3202.84
3114.8
3024.29
3120.97
3108.02
2852.55
3321.14
3148.02
2995.09
3239.32
3195.99
3059.08
2960.79
2992.96
3077.91
3281.03
3014.18
3120.05
3345.2
3072.01
3212.15
3048.04
3005.08
3150.98
3170.46
3075.57
2990.39
3113.67
3105.54
3218.83
3288.45
2893.6
3105.46
2946.36
3133.55
2968.09
3092.14
3055.86
3223.95
3058.92
3097.3
3022.82
3227.61
3155.4
3101.4
3030.98
3012.48
3113.62
3071.09
3203.53
3090.17
3279.8
3181.6
3294.67
3163.16
3033.54
3086.49
3247.49
3191.32
3002.28
3274.39
3109.05
3057.6
3260.82
3250.53
3169.33
3180.23
3340.45
2997.14
3213.37
3194.67
3078.68
2843.74
3059.45
3024.55
2936.81
3161.73
3253.44
2992.71
2996.58
2850.62
2907.63
2846.26
3304.89
3106.88
3022.96
2860.99
3160.48
3081.39
3411.67
3115.22
3126.27
2987.85
3094.62
2998.6
3147.73
3183.64
3199.14
3259.7
3138.44
3163.76
3129.93
3087.78
3025.97
3154.06
3087.6
3129.75
3236.09
3070.84
3130.84
3069.04
3130.77
3165.95
2925.74
3117.37
3383.94
3263.06
2894.79
3071.24
3207.16
3163.59
3229.01
3048.3
3110.87
3295.63
3208.75
3205.66
3172.33
2945.72
3502.23
3023.42
3078.46
3344.95
3138.78
3075.77
3232.68
3128.68
3256.43
3070.58
2862.58
3103.33
2867.18
3120.19
3180.03
3188.96
3001.68
3236.56
2997.65
3099.64
3067.34
3228.82
3199.66
2873.93
3278.13
3216.28
2828.93
3189.69
3113.38
3121.3
3132.05
3290.4
3147.61
3106.55
3328.24
3226.33
3045.25
3222.55
3201.36
3321.64
3245.1
3219.15
3086.76
3317.35
3074.93
3143.32
3081.92
3092.12
2957.38
3368.73
3108.4
3001.22
3082.08
3100.32
3050.5
3036.07
3124.82
3010.89
3347.84
3305.32
3007.65
3073.48
3378.96
3042.15
3372.63
3090.72
3248.47
3244.83
3305.26
3026.08
3025.34
3215.78
3129.4
3115.04
2929.87
3160.84
3098.65
3208.9
3200.74
3186.47
3069.73
3049.18
3080.79
3083.07
3105.55
3103.86
2952.09
2920.4
2996.95
3009.77
3040.52
3236.89
3165.22
3074.89
3122.24
3035.11
3031.41
2957.08
3072.32
3082.22
2966.71
3336.95
2979.6
2977.99
3275.76
3362.15
3220.27
3258.71
2983.95
3161.47
3365.08
3146.77
3029.04
3061.36
3185.61
3124.06
3273.5
3307
3210.41
3126.26
2854.89
3077.66
3100.76
3170.68
3169.48
3115.15
2923.91
3041.17
3223.58
3248.1
3004.58
3081.56
3203.6
3126.48
3044.26
3190.25
3111.56
2926.74
3064.26
3217.99
3054.14
2979.5
3218.13
3208.42
3181.01
3198.83
3087.43
3110.07
2949.58
3196.52
3269.83
3071.69
2902.74
3063.33
3032.23
3248.23
3178.4
3142.35
3131.36
3105.72
2971.87
3072.52
3052.87
3019.25
3126.42
3133.1
3137.09
3240.78
3227.88
3208.87
3067.57
2927.21
3171.85
2899.35
3074.87
3088.26
3261.64
3399.05
3245.55
3087.53
3053.88
3196.98
3055.98
3182.08
2924.12
3162.25
3153.87
3124
3052.92
3082.8
3130.71
3280.23
3168.41
3137.13
3142.97
3081.48
3195.28
3261.07
3197.07
3120.06
3113.76
2883.21
2941.79
3093.39
3121.94
3181.45
3232.83
3315.87
3138.36
3084.83
3014.65
3118.62
3139.51
2874.63
3090.21
3115.83
3255.13
3210.34
3163.35
2994.11
3149.39
3243.46
2988.68
3367.07
3266.76
3092.62
3152.74
3138.07
3014.28
3178.74
3009.59
3072.93
2998.76
3191.87
2981.89
3197.86
3046.63
3074.26
3046.39
2914.06
2958.59
3208.79
3267.83
3097.27
3061.67
3115.44
3119.34
3142.73
3299.98
3029.54
3100.02
3123.17
3283.58
3123.1
3014.32
2988.22
3191.38
3067.08
3257.25
3141.32
3304.72
3143.99
3014.16
3096.25
2982.79
3229.59
3276.12
3053.91
3122.28
3240.16
3239.53
2895.99
3208.7
3074.31
3247.1
3006.87
3294.67
3203.21
3076.15
3013.11
3033.24
3175.65
3287.07
3324.08
3130.06
2993.22
2970.04
3017.61
2955.92
3125.15
3083.51
3156.16
2950.33
3136.09
2998.67
3048.01
3161.58
3128
3015.38
3305.96
3050.94
3115.54
3197.78
3039.28
2949.12
3000.85
3060.14
3166.62
2943.7
3100.51
3040.35
3227.5
3256.67
3213.37
3083.91
3346.77
3154.02
3061.51
2878.4
3218.63
3106.62
3169.11
3216.06
2866.53
3186.81
3071.81
3154.92
3010.78
3179.66
3093.99
3320.87
2991.59
3407.84
3055.54
3295.39
3121.61
3137.96
3207.73
3109.25
3266.06
3035.06
3316.16
3065.09
3267.76
3023.38
3317.32
3240.84
2979.04
3031.08
3110.11
3019.96
2890.6
3139.2
3124.1
2981.04
3243.47
3071.09
3011.28
3211.91
3098.39
2986.2
3172.3
3080.5
3239.41
3081.31
3125.85
3089.43
3074.77
3179.53
3147.64
3187.75
3242.66
2972.36
3236.8
3108.2
3131.9
3185.26
3179.76
3231.79
3129.81
2964.06
3115.39
3099.88
3153.18
3104.43
3277
3077.71
3268.91
3333.8
2972.97
3151.17
3017.72
2963.6
2853.75
2932.36
3181.17
3127.14
3170.53
3371.05
3155.55
3103.53
3031.67
2985.73
3029.51
2992.12
3062.03
3283.09
3010.96
3121.09
3214.72
3092.85
3132.52
3026.35
3095.79
3104.45
2870.2
3125.9
3137.32
3075.18
3072.35
3183.78
3047.19
3228.38
3125.33
3178.56
3183.04
3253.35
2917.52
3118.55
2915.88
2835.09
3100.59
3056.64
3268.48
2902.91
2964.96
3364.48
3134.27
3016.82
3178.35
2928.4
3010.77
3233.63
2995.55
2960.07
3072.07
2936.52
3157.17
3158.47
3178.28
2988.42
3048.25
2939.79
2864.42
3265.19
3160.68
3173.72
3120.79
2803.7
3028.84
3161.41
3181.65
3026.72
3077.17
2941.81
3201.69
3202.38
3138.75
3108.42
3184.51
3014.6
3040.17
2934.99
2989.38
3210.55
3055.59
3203.64
3187.37
3279.16
3148.94
3068.97
3402.22
3313.35
3023.88
2864.28
3106.1
3088.08
3119.97
2953.62
3279.44
3139.07
3171.99
3034.47
2937.5
3050.61
3311.99
3224.53
3085.32
3224.82
3111.58
3237.78
3114.71
3053.81
3065.32
3232.8
3138.53
2898.94
3124.92
3075.85
3327.27
2982.06
3228.85
3038.54
3065.49
3132.44
3216.04
3236.65
3080.69
3087.25
3017.4
3005.75
3133.88
2995.61
3115.98
3111.16
3204.09
3214.74
2988.94
3129.54
3091.66
2977.16
2982.49
3051.93
2973.92
3250.41
2983.2
2834.87
3142.21
3139.51
3179.96
3029.03
2986.55
3313.98
3288.92
3209.94
3002.36
3004.35
3139.03
3006.03
3175.79
3075.21
2942.5
3053.81
3187.08
3011.42
3116.83
3146.44
2997.26
3190.09
3225.67
3114.48
3060.16
3004.11
2892.23
3273.68
3116.86
2956.3
3169.76
2990.27
3038.58
3125.7
3228.55
3271.24
3049.94
3039.21
3516.22
3064.25
3122.37
3368
3099.6
3266.09
3214.77
2950.11
2906.17
3181.26
3288.9
3039.99
3117.18
2945.07
2896.36
3225.39
3295.18
3210.56
3294.25
3212.11
3029.52
3099.13
2837.21
3408.4
3152.3
3075.23
3138.15
3198.2
3009.63
3193.48
3065.33
3096.67
2823.44
3090.96
2862.9
3259.25
2997.43
3109.65
3376.01
3261.76
3152.63
3125.29
3165.27
3226.29
3065.92
3147.11
3074.96
3180.25
3220.31
3281.04
2914.38
3230.72
3123.66
3043.55
3264.43
3044.64
3125.89
3165.11
3199.29
3206.9
3084.2
3148.57
3257.08
3074.1
3188.87
3013.15
3225.35
2919.77
3008.15
3248.22
3198.31
3080.22
3052.09
3051.46
3098.18
3127.52
3174.49
3048.44
3186.53
3166.62
3137.49
3099.24
3153.61
3112.88
3022.7
3260.46
3169.15
3007.46
3134.71
2878.95
2869.5
3058.31
3087.88
3273.2
2947.47
3098.14
3135.53
3127.01
3018.02
2990.49
3090.23
3135.99
2962.37
3066.15
3189.01
2959.99
3000.06
3364.75
3150.38
3118.54
3172.26
3259.42
3256.7
3242.93
2836.91
3293.01
3022.33
3096.91
3090.53
3039.09
3251.93
2915.47
3111.98
3353.12
3282.28
3023.96
3089.92
3129.57
3120.96
2912.71
3211.75
3308.81
2935.07
3042.26
3236.33
3065.91
3111.07
3117.6
2867.64
3264.97
3135.02
3192.99
3082.41
3178.91
3014.75
3178.34
3292.03
3076.95
3249.47
3111.18
3083.09
3273.82
3131.02
3084.4
3125.57
3176.22
3034.99
3189.93
2910.72
3189.77
2879.75
3053.5
3122.47
3067.7
3133.15
2950.64
3011.34
2887.26
3305.39
3052.73
3222.27
3085.86
3291.49
3111.51
3136.97
3240.16
3225.51
3096.83
3218.75
3258.12
2961.42
2869.36
3097.6
3330.46
2988.13
3339.17
3004.26
3178.98
3072.32
3072.28
3216.89
2830.8
2943.69
3102.95
3190.73
3021.77
3129.99
3312.4
3250.61
3085.05
3203.97
3365.41
2977.35
3094.44
3019.57
3268.26
3075.92
3095.73
3113.76
2945.24
3331.11
2886.86
3003.33
3274.46
3096.32
3107.57
2973.32
3341.98
2904.44
3039.84
3004.97
3177.93
2904.99
3068.53
3149.25
3050.52
3095.6
2983.3
3158.62
3037.46
3291.55
3285.59
3091.37
2966.56
3050.46
3086.6
3088.21
2966.02
3350.25
3169.68
3154.28
3123.66
3198.95
3152.01
3130.02
3146.46
3109.52
3102.07
3028.87
3271.9
3209.34
3208.1
3211.34
3296.4
3024.43
3116.17
2998.01
3088.65
3181.13
3109.58
2942.34
2956.69
3105.01
2951.66
3022.26
3183.43
3168.57
3217.01
3184.67
3124.13
3168.07
3044.69
3200.43
3161.25
3032.74
3008.56
3258.15
3009.46
3074.16
3130
3064.13
3142.55
3102.38
3301.06
3005.67
3087.75
3292.69
3099.88
3050.42
3153.38
3051.32
3112.78
3311.31
3106.85
3138.86
3244.25
3012.65
3185.8
3176.77
3119.87
3141.75
3071.7
3170.42
3141.69
3099.07
3161.07
3002.29
3186.58
3120.4
2952.63
3110.97
3190.91
3258.25
3161.13
2956.76
3019.35
3128.2
3134.02
3368.28
3257.94
3156.15
3330.13
3218.84
3009.82
2876.13
3129.94
3185.89
3052.32
3289.46
3252.82
3149.11
3012.57
3166.61
3227.41
3128.17
2976.22
3252.01
2909.82
3275.34
2938.8
3166.22
3037.2
3218.09
3267.91
2976.24
3139.35
3188.14
3015.22
3083.99
3076.58
3089.21
3086.04
3147.16
3131.75
3125.4
3313.73
3083.96
3082.7
3148.18
3129.55
3242.51
3207.76
3253.28
3391.05
3103.32
3124.81
3236.17
2992.83
3243.52
3211.33
3156.93
3222.81
3024.2
3233.9
3103.62
2972.05
3179.93
3225.34
2921.1
3093.18
2952.54
3448.71
2968.65
3312.48
3194.12
3271.05
3348.57
3085.09
2979.28
3165.42
3137.57
3206.87
3280.13
3219.53
2952.75
3019.89
3294.01
3202.44
2955.49
3081.04
2990.87
3029.16
3056.44
3141.43
3124.59
3051.04
3127.33
3047.95
3128.08
3193.4
3186.28
3226.99
3002.02
3241.35
3213.64
3240.52
3114.81
3157.79
3163.84
3203.87
3281.02
2848.95
3217.12
3059.78
3001.47
2983.86
3206.66
3202.83
2996.56
2987.02
2969.17
3138.89
3317.53
3104.5
2968.7
3067.72
3042
2990.93
3235.73
2957.47
3086.25
3043.1
3113.4
3110.5
3153.8
3001.82
3021.23
3020.13
3096.59
2975.77
3140.04
3359.95
3266.61
3269.52
2967.36
3180.06
3083.59
3225.13
3131.68
3049.56
3059.57
3404.31
3192.57
3000.26
3167.06
3037.29
3254.99
3142.98
3079.07
3290.18
2962.22
3341.97
3037.88
3042.29
3117.75
3170.13
3206.09
3026.07
3284.83
3271.47
3219.56
3096.02
3184.51
2993.69
3112.39
3060.49
3298.91
3086.62
3000.27
3168.21
2994.86
3355.03
3025.88
3126.65
3176.02
3030.52
3080.19
3140.32
3113.87
3206.22
3162.17
3103.33
3023.52
3051.66
3148.01
2926
2985.98
3160.21
3202.57
3243.64
3127.68
3146.63
3312.61
3195.65
3092.39
3336.9
3106.71
3070.06
3109.17
3127.58
3085.49
3002.91
3073.58
3191.33
3088.46
3159.72
3159.15
3177.61
2994.3
3153.62
3384.9
3214.25
3360.37
3025.89
3058.11
3026.66
2878.69
3070.32
3181.99
2910.88
3317.3
3111.97
3023.98
3274.26
3139.1
3087.31
3223.46
2934.83
3090.12
3132.8
3082.79
2901.64
3346.6
3142.49
3214.58
3169.86
3053.55
3121.77
3294.95
3361.05
3319.95
3202.52
3068.1
3145.47
3211.21
3198.58
3202.15
3142.24
3161.59
3074.41
3155.77
2998.25
3101.63
3203.83
3226.59
3153.83
3140.79
3090.01
3094.88
3143.39
3129.43
3338.58
3191.59
2992.84
2973.26
3313.97
3249.94
3290.29
3138.74
2958.38
3068.09
3074.4
3234.42
3145.37
3004.87
3068.01
3258.03
2845.29
3114.56
3117.15
3382.4
3049.67
3108.03
3315.98
3151.46
3139.9
3060.32
2981.79
2958.15
3017.29
3130.89
3183.02
3297.6
3103.86
3050.99
3192
3189.98
3092.71
3375.65
2976.95
3199.39
3097
3068.91
2998.24
3040.66
3257.9
3101.26
3074.88
3310.88
3032.7
3088.49
3135.39
2956.58
3399.79
3041.37
2986.08
3045.22
3030.93
3261.09
3161.69
2964.05
3152.3
3156.61
3111.47
2956.02
3337.54
3129.46
2947.61
3095.25
3110.21
2930.66
2973.14
3047.26
3129.16
3027.93
3012.57
2981.6
3265.33
3138.06
3249.93
3130.49
3036.19
3143.1
3131.83
3050.04
3103.14
2995.54
3027.55
3061.31
2973.6
2981.28
3075.94
3031.96
3235.15
3011.67
2862.38
3197.42
2883.51
3340.08
3018.41
3133.83
3061.73
3170.13
3003.45
3148.59
3039.44
2944
3215.97
3028.81
3268.04
3219.4
3226.53
2998.11
3150.55
3225.66
2982.92
3066.6
3018.1
3350.02
3224.83
3086.69
3033.12
3044.17
2936.41
2843
3162.53
2987.9
2974.32
3159.43
3169.94
3452.65
3182.95
3029.89
3200.63
3042.05
3156.43
2905.99
3122.38
3184.19
2942.31
3351.02
3163.96
2920.78
3114.26
3081.58
3379.48
3032.08
2958.3
3031.19
2999.1
3293.61
3113.16
3010.59
2973.11
3022.09
3097.86
3038.53
3071.92
3070.49
3123.26
3140.15
2945.39
3255.39
3108.93
3161.5
3144.79
3203.1
3059.29
3141.01
3080.07
3037.77
3407.23
3143.33
3183.01
3276.29
3216.82
3318.83
3055.85
3273.36
3245.69
3042.59
3356.01
3007.58
3128.76
3193.03
3276.88
3131.67
3306.02
3226.11
3258.66
3283.13
3206.19
3169.11
3151.92
3176.83
3059.92
3059.15
3064.92
3212.3
2810.96
3141.11
3298.91
3014.75
3067.32
3021.01
3167.16
3091.41
2976.13
3216.93
2899.3
3324.4
3098.98
3128.46
3103.66
3180.84
3005.99
3070.79
3152.01
2843.47
3106.34
3127.58
3144.3
2791.79
3020.07
3206.79
3192.31
2971.65
3206.38
3145.86
3229.01
3150.38
3197.27
3201.19
3033.37
3126.76
2983.62
3154.76
3371.55
3186.24
3154.56
3034.45
3156.24
3206
3200.71
2781.68
3251.23
3219.43
2888.12
3203.09
2953.07
3251.71
3020.05
3020.17
3277.58
2923.03
3254.27
3188.22
3228.86
3197.75
3419.38
2876.9
2998.76
3114.33
2970.31
3095.74
3108.36
3083.14
3222.71
3063.83
3125.05
3078.35
3027.58
3214
3044.15
3370.55
3171.9
3134.47
3115.03
2927.71
2897.59
3101.85
3001.8
3009.5
3149.57
2962.59
3206.38
3352.44
2930.62
3171.23
3130.82
2768.35
3108.01
3322.92
3055.64
2957.73
2953.64
3233.22
3064.74
2926.5
3069.59
3131.72
2995.88
2993.59
3165.07
3399.12
3097.71
3122.85
3142.19
3229.36
3021.16
3055.51
2808.35
2974.85
3179.04
3316.48
3084.94
3195.12
3176.27
3088.23
3089.18
3160.82
3011.18
2974.02
3059.16
3151
3002.7
3069.31
3209.45
3102.36
3045.68
3259.55
3132.98
3153.2
3262.03
3079.87
2934.16
3232.2
3077.06
3153.04
3142.83
3051.97
3076.58
3114.71
3278.88
3115.55
3080.24
3281.59
3017.7
3092.67
3211.91
2915
3161.33
3377.83
3134.38
3110.37
3227.23
3018.4
3064.26
3366.44
3029.62
3296.28
3129.17
2907.43
3137.5
3240.43
3180.23
3153.19
2996.31
3121.83
3138.73
2975.78
3147.51
3118.29
3184.72
3236.95
3191.97
3313.92
3086.85
3072.71
3187.96
3151.31
3243.12
3190.7
2976.16
3259.32
2994.54
3156.08
2970.17
3189.13
3198.81
3347.3
3328.4
2903.12
2969.52
3294.35
3044.84
2994.77
3124.54
3139.05
3194.19
3173.06
3104.75
3092.33
3398.54
3102.47
3089.23
3214.16
2936.69
3167.31
3072.12
3223.3
3117.97
3074.31
3224.19
3028.93
3338.85
2891.72
3205.91
3168.36
3118.38
3145.55
3127.08
3256.99
3189.38
3170.56
3065.35
3257.9
3075.73
3080.49
3185.74
3148.17
2988.19
3234.27
3237.6
3015.91
2989.98
3150.94
3224.03
3048.57
3284.53
3114.68
2979.04
3002.15
3035.43
3057.34
3172.63
3024.62
3066.77
3051.63
3163.8
2944.35
3086.31
3086.93
3083.19
3363.76
3282.09
3100
3159.19
3106.75
2985.71
3106.39
3127.66
3257.02
3257.06
3106.21
3055.06
3275.84
2682.19
3138.82
3044.25
3101.14
3244.85
3320.31
3203.02
3020.03
2980.5
3039.43
3087.81
3040.56
3249.87
3148.99
3077.93
3168.11
2905.67
2973.89
3276.58
3338.44
3052.14
3183.97
3323.44
3087.44
2971.49
3187.7
3066.75
3403.83
3063.59
3156.11
3130.26
3165.43
3193.09
3216.84
3188.34
3110.8
2949.08
3145.56
2964.04
3124.22
2932.97
3034.23
3135.47
3377.76
3174.52
3182.93
3109.1
2940.77
3198.15
3155.88
3195.73
3111.66
3117.22
3253.97
2988.04
3117.7
3134.07
2911.03
3176.3
3077.79
3254.84
3062.34
3003.72
3156.7
3268
3271.61
3158.52
3160.83
2977.75
3166.57
3137.76
3065.8
3293.36
3142.29
3207.7
2977.61
3422.76
3241.86
3067.93
3183.38
3190.76
3087.07
3050.76
2951.22
3271.17
3194.81
3040.97
3319.02
3215.43
2968.86
3214.13
2978.89
3175.7
3116.94
3143.93
3033.35
3050.97
3041.61
3189.73
3000.57
3234.59
3108.78
3156.8
3298.81
3024.06
3118.06
3057.23
3206.33
3205.82
3112.64
3074.38
3067.32
3042.94
3024.56
2907.56
3206.62
3200.34
3017.87
3385.85
3127.48
3025.82
3122.89
3198.76
2847.69
3081.21
3303.95
3266.77
3059.4
3215.51
3241.72
3219.88
2996.47
3131.52
3020.35
3260.4
3115.97
3082.21
3013.16
3119.42
3084.87
3032.24
3197.28
3078.82
3058.85
3125.62
3178.42
3093.33
3151.68
3232.09
3080.12
3256.57
2976.04
3125.97
3179.07
3062.74
3062.76
3002.64
3039.4
3337.68
3096.49
3094.36
3283.65
3171.02
3170.41
3063.47
3119.6
3134.2
3038.72
2965.19
3168.64
3010.7
3061.15
2977.64
3132.77
3269.66
2924.58
2994.06
3131.02
3391.56
3093.59
3181.21
3189.84
3205.89
3007.11
3194.37
3156.04
3011.76
3055.73
3254.06
3152.18
3112.24
2854.37
3041.52
2966.79
3059.02
3333.43
3037.84
3104.89
3243.29
3167.18
3155.91
3210.27
3162.26
3149.64
2977.32
3127.82
3136.4
3379.98
3299.23
3347.15
3258.04
3015.76
3043.6
3199.6
2964.48
3290.98
3264.62
3080.33
3186.07
3137.05
3313.81
3019.88
3051.59
3252.85
3139.66
2910.79
3045.18
3256.91
3307.98
3158.52
3168.03
3015.12
3120.95
2935.61
3080.58
3269.44
3009.97
3145.28
3237.36
3068.92
2942.2
3006.81
3087.66
3277.17
3155.09
3305.48
3173.07
2873.35
3070.91
3116.71
3110.86
3056.61
2988.2
3173.85
3325.8
2935.22
3079.72
3127.88
3127.91
3143.25
2878.3
3242.5
3279.06
3016.31
3080.87
3178.34
3048.47
3114.45
3081.32
3189.39
2960.73
3206.37
3146.74
3119.86
3215.81
3469.44
3098.05
3042.73
3013.9
3018.83
3029.61
3203.43
3006.27
2830.81
3202.21
3357.33
2942.48
3131.64
3196.81
3116.51
2857.78
3137.29
3184.83
3076
3010.97
3158.5
3176.48
3298.28
3195.17
3029.53
3150.12
2967.95
3295.56
3293.23
3111.06
3140.42
3277.63
3348.65
3134.84
3353.34
3104.22
3110.47
3322.19
3190.17
3054.81
2876.95
3199.84
2975.55
3293.19
3175.49
3028.95
3212.57
3156.55
3161.44
3151.16
2975.36
3217.3
3045.03
3045.73
3271.93
3124.71
3104.42
3231.64
2939.8
2934.59
3279.63
3258.13
3319.46
3180.22
3167.73
3089.03
3205.03
3279.68
3021.22
3128.55
3140.38
3129.74
2935.9
3195.59
3086.29
3407.72
3168.23
3202.13
3071.63
3075.21
3120.61
3191.26
3026.01
3282.42
2915.29
3288.2
3221.76
3141.67
3030.99
3167.4
3135.63
2877.4
3039.84
3055.79
2927.06
2923.4
2944.31
3338.47
2879.23
3110.34
3151.85
3177.87
3234.13
3007.75
3049.7
3088.58
3146.67
3136.28
3016.56
3000.57
3165.55
3387.81
3120.22
3242.89
3187.53
3049.45
3167.86
3091.85
3064.03
3122.44
2998.56
2791.04
3161.29
3105.95
3031.13
3064.86
3068.66
2932.87
3037.23
2953.72
3152.32
3075.34
3334.28
3241.38
3031.26
3041.01
3096.66
3068.64
3103.72
2965.74
3030.4
3040.48
2927.43
3127.08
3351.55
3092.14
3032.32
3248.72
2854.21
3178.06
3167.39
3198
3088.49
2977.3
3104.32
3259.32
3072.32
3054.08
3075.06
3104.53
2868.24
3109.62
3150.63
3133.46
3023.09
3280.18
3228.23
3129.71
3189.46
3057.44
3161.99
3279.58
3242.66
3320.78
2897.25
3062.29
3144.31
3062.43
3047.82
2988.57
3125.06
3148.42
2989.68
3109.22
3253.2
3026.33
3203.87
2987.48
3031.95
3170.36
3162.74
3005.13
3300.53
3142.82
3154.17
3059.72
2925.17
2963.13
3283.1
3292.91
3420.49
3233.62
3066.11
3055.47
2991.55
3033.43
3155.69
3089.33
3036.92
3082.52
2954.69
3096.95
2969.2
2988.64
3073.7
3036.23
3064.51
3313.15
2993.45
3074.68
2995.07
3163.99
3195.28
3142.81
3071.72
3031.04
3159.89
3461.69
3306.59
3097.27
3298.34
3215.68
2918.41
2934.87
3068.52
2942.43
3163.6
3019.01
2933.98
3143.29
3194.9
3274.71
3084.45
3217.88
3182.04
2991.59
2996.81
3075.26
3248.03
3100.13
2915.76
3077.83
3041.4
3329.12
3165.86
3022.19
3203.8
3096.1
3008.21
3165.75
3139.87
3198.83
2993.27
3064.43
3231.45
3120.38
3305.52
3021.72
2945.46
2995.32
3154.37
3093.54
3136.3
3068.56
3161.65
3147.07
3229.19
3161.67
3045.63
3016.48
3085.65
3138.49
3126.53
3168.87
3180.92
3138.82
3053.42
3140.1
3163.78
3226.95
2979.38
3066.54
3062.89
3219.8
3211.9
3130.2
2864.55
3042.04
3197.57
3241.75
3107.81
3309.5
3248.68
3012.06
3261.42
3123.93
3084.12
3178.48
2978.48
3112.55
3254.64
3152.59
3222.09
2908.05
2887.92
3144.35
2871.1
3189.96
3171.95
3143.32
3295.06
3276.72
3053.76
3201.95
3146.48
3146.41
3186.42
2849.88
2978.84
2926.29
3101.04
2973.77
3075.63
3103.58
2993.83
3116.42
3044.98
3352.47
3070.33
3158.42
3005.9
3245.3
2865.95
3061.73
3385.82
3135.63
2828.55
3082.19
3073
3046.41
3146.02
3147.82
2962.41
3158.8
2910.89
3191.55
3093.06
3000.72
3249.49
3332.24
3134.98
3174.19
3183.7
3134.22
3102.61
3149.19
3251.6
3259.77
3124.65
3043.45
3005.98
3032.46
3169.68
2999.32
3249.7
3139.73
3134.84
3131.85
3050.27
3155.05
3056.43
3058.65
2868.69
3111.17
3047.12
3189.88
3270.05
3251.44
2802.3
3205.92
3078.09
3053.66
3178.99
3068.67
3305.25
3050.35
3174.09
2915.37
3276.9
3132.5
3059.65
3085.9
3005.78
3011.09
3111.53
2879.73
3213.95
3047.25
2976.99
2864.53
3084.34
3104.87
3426.33
3058.8
2824.31
3128.15
2952.82
2980.6
2931.31
2877.96
3294.27
2974.97
3221.7
3141.01
3014.69
3190.7
3328.73
3031.8
3013.24
3253.56
3045.36
3056.34
3073.3
3309.22
3086.54
3006.3
2992.72
3206.22
3217.29
3021.7
3300.89
3007.21
2922.44
2935.81
3223.97
3159.26
3015.92
3131.11
3037.63
3105.83
2889.16
2962.78
3049.83
3163.57
3234.25
3119.34
3055.37
2966.42
3353.01
3306.05
3182.96
3133.63
3028.4
3124.56
3163.54
3289.75
3200.31
2891.52
3070.12
2973.23
3204
3037.51
3156.12
3170.39
3294.29
3137.75
3440.01
3008.26
3258.48
3100.11
2928.2
3188.59
3214.44
2966.94
3230.78
3190.48
3008.07
2887.38
3086.16
3204.93
3063.34
3012.93
3182.57
3137.67
2972.44
2994.8
3022.38
3190.88
3133.39
3032.41
3064.23
3102.27
3058.35
3122.99
2962.67
3058.58
3109.42
3102.71
2966.38
3223.25
2919.05
3120.02
3151.37
3096.71
3099.31
3194.29
2979.72
3155.66
3041.57
3141.45
2917.68
3169.37
3012.28
3260.35
3036.75
3250.48
3101.41
3078.1
3473.92
3176.68
3218.66
3100.91
3370.6
3208.16
3000.11
3336
3150.14
3224.07
3195.99
3485.33
3137.27
3062.32
2955.95
3066.43
3121.44
3268.46
3092.45
2988.69
3223.02
3100.41
3092.79
3145.52
3038.07
3169.39
3231
3165.47
2862.48
3065.75
3141.29
3273.28
3089.73
3226.46
2896.09
3169
3044.82
3083.92
2997.74
3236.19
3141.5
3255.17
3080.91
3224.59
3130.25
3195.15
3022.57
3187.65
3078.9
3118.88
2985.78
2882.46
3236.68
3208.76
3246.93
3234.54
3067.72
2983.3
3314.86
3032.2
3138.98
3060.17
3296.9
3112.77
2883.95
3148.22
3305.08
3276.19
3182.33
3056.42
3361.88
3084.86
3268.38
3239.96
3279.76
3077.86
3360.34
2999.25
3331.82
3201.69
3035.92
3345.79
3147.76
2945.82
3085.76
2916.43
3254.67
3126.45
3162.81
2936.02
2948.34
2956.87
3016.92
3154.47
3173.24
3115.34
3049.63
2886.52
3166.73
3410.68
3063.22
3421.17
3060.13
3075.91
3194.11
3160.58
3000.98
3347.27
3127.8
3185.36
3251.63
2990.2
3157.98
3086.67
3192.63
2991.59
3158.71
3111.17
3145.39
3230.97
3081.66
3000.28
3188.17
2969.96
3065.01
3020.57
3190.9
2915.68
3121.86
3054.31
3259.08
3158.27
3162.88
3079.67
3206.64
3143.82
3207.17
3065
3108.71
3034.45
3095.55
3063.72
2989.75
3012.59
3469.57
3240.99
3070.02
2966.73
3029.13
3046.64
3257.67
3019.58
3184.12
3213.34
3072.3
3448.86
3181.45
3073.84
3086.92
3107.1
3138.95
3051.85
3166.15
3190.6
3240.17
3132.87
3086.88
3170.04
3277.23
3089.55
3141.15
3255.05
2885.77
2959.64
3053.57
3024.34
3318.9
3050.72
2976.01
3011.01
3275.3
3088.62
2968.76
3052.39
3193.52
2933.03
3127.89
2968.63
3118.71
3068.87
3073.25
3151.91
3153.9
2990.65
2993.54
3038.99
3259.92
3172.16
3044.85
2902.85
3174.26
2979.4
3024.14
3234.69
2928.3
2961.16
3121.74
3078.42
3087.51
3107.72
3202.82
2912.93
3183.31
2957.7
2948.28
3002.13
3241.33
2942.65
3212.11
3138.22
3062.49
3361.85
3227.74
3223.37
3199.73
3087.07
3032.12
3182.25
3231.24
3143.53
3143.1
3281.71
3162.77
3189.51
3288.82
2881.82
2958.39
3118.88
3042.28
3202.45
2914.99
2927.96
3033.83
3081.31
3305.45
3001.58
3139.31
3251.65
2903.42
3092.14
3052.83
3203.23
3037.01
3152.57
3275.75
3243.76
3129.53
3317.67
2906.48
3220.72
3092.33
2973.11
3108.4
3183.68
3047.11
3099.25
3219.36
3070.73
3055.53
3233.2
3239.49
3030.14
3002.83
3164.55
3130.44
3030.07
3053.87
3294.57
3268.62
3077.78
3155.49
3036.56
3043.43
3169.93
3236.16
3291.92
2863.9
3260.72
3096.2
2954.74
3252.38
2947.91
3170.49
2999.27
3036.13
3138.78
2979.25
3142.72
2924.96
3325.83
3050.79
3170.68
2997.01
3004.2
3320.37
3109.91
3092.9
3115.42
3073.05
3247.96
3037.3
3176.42
3108.13
3314.92
3191.01
3242.76
3023.97
3051.43
3240.24
3166.68
3182.5
3014.02
3191.81
3255.97
3147.34
3018
3243.62
2949.51
3073.24
3310.22
2793.86
3009.43
3136.57
3203.28
3014.28
3155.78
3037.39
2952.37
3023.36
3124.66
3134.12
2971.06
3095.16
2961.56
3176.93
3053.21
3184.68
3328.69
3141.84
3135.72
3301.69
3336.95
3299.28
3210.65
2985.62
2916.12
3329.42
3114.93
3372.97
3114.05
2989.91
3099.94
2986.48
3117.71
3114.93
3144.09
3142.46
2993.16
3136.77
2947.37
3174.79
3135.81
3061.06
3169.27
3180.7
3142.38
3162.1
3153.57
3037.89
2900.26
3052.45
3281
3253.5
3218.15
3119.24
3048.06
3285.69
3064.86
3226.78
3214.87
3341.35
3260.24
3013.43
3189.52
3254.06
3188.01
2952.38
3108.97
3169.94
3002.92
3185.28
2966.15
3016.52
3017.82
3065.6
2965.01
3211.53
3141.95
3096.2
3220.64
3250.13
3143.08
3110.65
3048.89
3141.68
3098.9
3110.18
3045.42
3130.07
3132.2
3081.6
3274.77
3215.52
3242.64
3010.75
3032.65
3233.09
3117.93
3205.4
3170.18
3149.82
3014.49
2947.96
3118.36
3149.72
2990.34
2980.18
3093.62
3165.29
3302.66
2944.04
3310.08
3153.82
3069.1
3093.49
3102.38
3251.9
3032.65
3086.76
3049.4
3064.56
3058.15
3082.06
3242.1
3217.86
3164.9
3075.01
3057.41
2972.69
2863.41
3299.61
3058.7
3271.83
3236.98
3106.09
3164.71
3051.24
3127.5
2849.88
3034.92
3261.54
2951.59
3075.85
3051.12
3019.23
3206.64
2980.9
3007.6
3102.76
3050.7
3179.95
3022.31
3042.17
3090.67
3328.14
3163.52
2993.47
3065.27
2907.21
3217.83
3073.51
2926.68
3130.6
3169.07
3180.28
3237.99
2843.91
3195.1
3264.07
3015.01
3297.48
3230
3198.14
3085.44
3022.24
3074.49
3147.27
3072.55
3242.02
3108.48
3023.83
3140.06
3158.03
3200.15
3202.01
3331.74
3065.19
3259.11
2927.54
3033.55
3076.8
3093.31
2986.88
3059.14
2998.69
3217.37
3275.14
3114.96
3150.06
2953.27
3095.64
3019.89
3229.64
3104.6
3243.43
3208.75
3188.5
3256.66
3082.2
3241.46
3321.24
3458.85
2979.05
3057.05
3008.97
3245.69
3059.46
3180.65
2970.78
3113.6
3290.1
3057.87
3331.94
3420.95
3339.23
3078.9
3039.15
3208.23
3093.86
3260.52
3278.75
3235.95
3007.32
2870.46
3152.32
3305.24
3119.24
3280.87
3198.63
3092.34
3137.85
3196.28
3021.81
3324.68
3133.12
3211.56
3301.12
2946.82
3195.57
3276.69
3389.67
2998.49
3212.41
3021.78
3001.17
3250.71
3052.15
3167.02
2952.24
3227
3085.97
2933.75
3054.21
3020.46
3243.45
3134.75
3124.65
3143.01
3203.68
3111.39
3060.21
3085.81
3188.76
3100.81
3002.77
3149.93
3213.59
3172.81
3057.97
3036.3
3493.1
2923.64
2949.53
3223.14
3172.25
3136.77
3037.24
3121.3
2970.35
2959.4
3210.21
3252.19
3312.61
3268.79
3091.31
3016.28
3319.45
3136.85
3165.57
3067.34
2938.61
3076.3
3184.77
2984.38
3218.03
3108.82
3010.45
3055.85
2925.37
3060.41
3064.27
3086.78
3141.71
3266.21
2859.9
3002.79
3064
3027.72
3008.13
3086.26
3106.65
3090.04
2975.85
3106.58
3276.35
2997.51
3128.14
3027.85
3098.48
3289.03
3118.97
3346.71
3037.26
2966.2
3164.7
2920.65
3198.19
3177.7
3445.2
3174.44
3266.23
3035.06
3080.03
2940.33
3188.1
3249.83
3132.72
3267.27
3392.42
3073.02
3148.43
3009.46
3041.56
3189.89
3174.27
3259.39
3089.84
3141.24
3238.85
3155.13
3126.5
3114.56
3019.3
2889.3
3208.58
3285.97
3103.58
3154.19
3020.23
3243.71
3109.31
3022.85
3033.21
3276.56
3279.92
2986.51
3230.24
3202.51
2986.2
3011.71
2958.09
3168.95
3190.43
3157.12
3277.7
3209.72
3048.89
3012.32
3077.61
3273.56
3194.58
3078.4
3268.97
3123.02
3025.8
3352.58
3299.09
3095.92
3128.24
3143.72
3139.03
3129.82
3075
2958.68
3233.55
2953.06
3097.26
3203.23
3106.48
3023.18
3345.07
3219.02
3308.33
3094.27
3086.89
3112.39
3198.02
2991
3038.76
2892.18
3131.43
3143.13
3074.27
2984.53
3189.66
3207.02
3501.37
3146.94
3257.28
3239.45
3044.33
3098.61
3057.7
3302.16
3051.89
3062.85
3223.48
3141.03
3196.13
2945.87
3248.89
3051.22
3040.64
3115.16
3206.09
3221.78
3068.56
3078.78
3316.36
3096.29
3031.05
3113.16
3157.94
3058.86
3145.59
3107.51
3122.01
2909.12
3142.24
3091.73
3042.22
3178.43
3142.46
2921.15
3153.49
3088.73
3259.63
3010.52
3218.8
2913.09
2931.52
3092.19
2965.71
3032.16
3115.4
3243.93
2914.95
2825.43
3240.94
3130.74
3175.04
3320.39
3027.13
3095.11
3326.76
3050.04
3391.7
2978.16
3064.44
3163.76
2974.85
2994.88
3123.3
3022.34
3097.26
3326.64
3355.18
3127.77
3009.48
3123.86
2964.6
3146.55
3286.26
3041.31
3054.14
3297.09
3251.62
3144.91
3083.7
3167.38
3041.86
3145.15
3252.61
3231.03
3170.79
3124.31
3022
2981.18
3084.85
3104.59
3145.9
3019.54
3154.9
3244.72
3145.58
3079.97
3107.29
3251.36
3205.29
3152.82
2913.8
2914.27
3143.8
3118.45
2932.18
3223.09
3030.65
3098.88
3130.71
3047.22
3289.42
3190.39
3136.47
3082
3209.7
3167.03
3037.9
3155.39
3119.74
3341.83
2985.6
3005.68
2926.26
3127.24
3166.05
3037.56
3235.29
3131.99
3089.22
3130.4
3176.12
3029.91
3084.84
3283.46
3019.03
2915.21
3256.65
3084.21
3350.15
3311.18
3047.66
3176.39
3211.68
2934.18
3245.09
3119.54
3187.53
3146.08
3007.9
3441.16
2947.27
3084.81
3104.43
2992.07
3341.2
3052.34
3068.4
3180.73
3149.11
3011.97
3005.2
3247.69
3281.61
3101.18
3138.07
3206.64
3184.06
2914.28
2989
3055.77
3226.68
3309.38
3072.28
3123.12
3190.41
3392.11
2945.87
3063.79
3070.05
3215.29
3171.73
3175.04
2982.63
3089.1
3161.31
2905.74
3139.06
3213.6
3350.44
3023.98
3133.91
2840.42
3138.44
3126.23
3202.3
3132.06
3183.94
3212.77
3170.08
3234.86
3114
3021.26
3005
3202.56
3069.45
3019.59
3090.08
3222.75
3273.16
3215.87
3239.08
3049.11
3231.11
3192.1
3304.55
3176.26
3297.27
3277.76
3213.66
3112.94
3173.54
3016.46
3082.71
3149.64
3158.43
3168.67
3214.64
3207.2
3219.23
3018.1
3184.96
3123.9
3149.82
3282.25
3173.77
3100.89
3106.77
3188.29
3166.37
3237.97
3126.17
2996.61
2850.58
2974.77
3103.8
3101.2
3053.33
3028.99
3287.99
3221.86
3369.71
3209.8
3111.36
3095.61
2952.21
3247.47
3006.26
3007.95
2875.78
3053.29
3058.95
2991.18
3244.51
2989.68
3058.31
3069.69
2988.84
3097.7
3043.88
3137.97
3237.12
3072.99
3339.83
3008.04
3077.96
3312.33
3136.15
3030.41
3160.48
3012.02
3214.39
3169.36
3258.39
3129.68
3425.75
3081.05
3125.16
3197.95
3245.29
2993.59
3222.46
3203.11
3427.79
3126.48
3408.97
3007.2
3122.42
3224.78
3298.34
3105.16
3015.13
3131.89
3280.31
3085.65
2980.31
3003.96
3201.78
2949.09
3187.71
3166.02
3336.59
3087.46
3233.04
3234.96
3116.12
3016.6
2899.19
3279.46
3117.34
2980.15
3183.87
3265.45
3084.66
3157.49
2964.52
3310.61
3088.11
3255.18
3304.58
3286.39
3065.6
3279.28
3307.84
3060.53
3149.74
3018.83
2976.94
3071.4
3250.84
3057.84
3154.17
3221.29
3330.14
3082.54
3007.56
3101.35
3029.25
3140.12
3258.16
3081.1
3269.54
3289.06
3187.35
3088.2
3189.45
3102.18
3064.99
3279.75
3080.39
3216.29
3266.93
3102.53
3024.7
3174.89
3231.39
3203.75
3097.09
3232.59
3268.86
3076.82
3128.29
3068.66
3166.08
3205.76
3298.88
3030.15
3262.04
3167.66
3097.55
3043.75
3057.31
3287.44
3136.63
3131.72
3513.92
3179.95
3248.03
3206.39
2991.96
3165.3
3053.97
3062.36
2944.96
3246.64
3215
3148.08
3083.41
3126.09
3099.28
3008.2
3053.23
3044.92
3229.61
3062.83
3015.62
2977.99
2964.98
3107.22
3232.9
2969.01
3178.43
2873.39
3228.65
3137.05
3102.27
3166.86
3162.93
3224.74
3040.24
3117.46
3334.1
3053.41
3060.37
3170.05
2948.07
3082.7
3025.39
3108.79
3161.34
3198.59
3076.08
2766.69
3173.95
3036.23
3077.24
3405.88
3145.15
3004.68
2993.19
3007.57
3092.42
3055.71
3218.1
3064.37
3252.96
3229.25
3115.23
2999.48
3136.27
3167.05
3029.21
3288.11
2974.85
3175.35
3100.24
3072.55
2973.44
3122.84
2952.32
3122.3
3200.05
2918.12
3164.01
3152.8
3066.13
3342.84
3130.91
2946.17
2972.75
3200.99
3290.37
3112.29
3067.18
3088.96
3134.51
3063.25
3151.58
3150.77
2935.13
3137.49
3165.54
2995.34
3124.66
3040.54
3157.57
3268.95
2990.83
3197.99
3106.89
3132.34
3306.17
3069.72
3446.08
3057.08
2825.22
2925.08
3269.03
3087.65
3226.22
3067.93
3264.14
3105.56
3084.38
3261.57
3017.64
3229.15
3210.01
3052.21
3106.3
3285.78
3102.47
3219.03
3051.87
3206.39
3023.42
3215.87
3101.03
3030.33
2959.5
3145.29
3004.82
3109.72
2995.79
3171.53
3169.04
3038.51
3034.72
3294.6
3062.05
3317.74
3272.04
3012.54
3400.57
2906.76
3002.55
3133.47
3121.84
3208.44
3402.44
3278.64
3158.21
3126.77
3456.22
3170.86
3018.41
3194.9
3143.64
3185.99
2797.61
2947.25
2961.22
3006.53
3184.2
3395.28
2884.97
3147.32
3325.25
2993.29
3036.93
3110.81
2940.3
3155.56
3148.18
3263.63
3073.23
3109.23
3114.31
3045.36
3146.06
3261.05
3313.21
3026.99
3121.57
3061.94
3190.7
3287.13
3112.28
3322.06
3137.35
2907.54
3276.65
3122.27
3353.92
2893.49
3099.02
3228.74
3129.12
3154.36
3283.68
3074.3
3092.5
3033.95
3134.38
3423.53
3186.43
3189.74
3063.67
3270.83
3046.83
3161.49
3171.91
3083.79
3099.37
3260.69
3267.52
3008.89
3178.18
2968.95
3085.1
3155.46
3122.63
3227.8
2976.72
3124.82
3307.66
3250.76
3169.24
3233.6
3228.48
2980.12
3152.95
3281.23
3218.43
3212.37
3115.85
3196.27
2974.6
3214.26
3155.17
3051.4
3033.56
3217.76
3063.96
3082.21
3034.99
2981.24
3179.55
3069.2
3273.91
3149.7
2999.14
3137.15
3062.92
3212.83
3192.09
3054.11
2986.06
3404.4
2927.2
2971.39
3085.97
3123.46
3102.74
3279.46
3204.47
3018.18
3215.97
3086.7
3057.73
3386.85
3102.77
3268.5
3103.32
3118.26
3124.18
3020.69
3077.55
3243.35
3171.52
3146.42
3045.52
3168.21
3165.32
3058.15
3012.98
3033.66
3186.85
3256.6
3116.38
3127.19
2818.36
3424.41
3084.96
2990.34
3067.47
3121.89
3201.98
3322.43
3229.03
3124.7
3011.85
3120.19
3124.45
3197.91
3239.32
3238.26
3032.48
3147.72
3034.58
3094.29
3143.22
3217.88
3069.24
3248.87
3055.34
3209.56
2977.44
3196.88
3192.75
3185.35
3151.4
3233.04
3108.94
3378.04
2939.47
3294.57
3060.59
2996.08
3110.48
3198.88
3092.14
2962.96
2922.24
3150.17
3341.05
2792.73
3103.75
3078.55
3128.5
3117.43
3150.8
3173.36
3008.82
2871.04
3155.21
3033.53
3120.95
3091.62
2992.88
3175.24
3164.58
3063.69
3133.68
3034.19
3393.4
3129.04
3277.83
3141.22
3225.37
3148.06
3073.73
3034.77
3292.99
3325.25
3184.24
3073.05
3143.8
2989.36
3086.88
3022.9
3318.4
3086.35
3064.75
3107.84
2998.1
2913.67
3256.66
3052.68
3477.96
3054.24
2956.74
3138.81
3110.8
2979.66
3234.63
3150.72
2968.71
3087.4
3268.24
3039.17
3326.13
3155.3
3115.23
3022.39
2902.82
3301.25
2992.86
3113.77
3011.64
3419.81
3015.68
2975.95
3203.32
3172.45
3264.5
3149.18
3333.41
2984.76
3162.65
3171.65
3020.52
3251.2
3282.6
3316.53
2985.35
3226.9
3289.85
3192.75
3002.38
3095.53
3069.72
3253.81
2922
3089.24
3241.18
2971.17
3248.44
3272.59
2961.3
3013.25
2974.75
2932.45
3130.53
3229.59
2981.28
3038.7
3339.3
3210.4
3088.94
2997.85
2962.41
3088.63
3105.99
3330.61
3170.85
3283.01
3138.94
3080.63
3025.21
3305.12
3018.38
3114.82
2994.98
3145.08
3001.81
2995.48
3078.59
2897.3
3174.5
2854.8
3231.77
3121.27
3051.92
3051.55
3129.78
3131.56
3192.1
3109.07
2947.51
3301.3
3110.95
3155.21
3058.95
3119.12
3108.62
3291.38
3190.73
3134.93
3303.99
3039.45
3150.18
2893.32
3150.45
2838.4
3044.53
3105.4
3053.35
3163.57
3048.01
2954.58
3092.93
2984.08
3032.91
3171.99
3181.1
2997.81
3127.85
3229.31
3002.79
2989.19
3286.27
3171.83
3146.07
3162.07
2933.23
2842.82
3361.91
3260.82
3105.14
3128.34
3087.61
3044.12
3223.37
3128.38
3093.68
3005.92
3013.52
3075.83
3098.51
3051.91
3215.02
3089.42
3210.75
3235.5
3015.23
3191.11
3090.26
3115.1
2807.64
3191.71
3106.63
3158.53
2998.31
2927.63
3230.68
3249.75
2886.31
2990.13
3427.18
3260.47
3243.87
3178.93
3099.29
3359.69
3040.82
3230.4
3094.78
3097.24
3172.71
3204.62
3119.95
3172.79
3081.65
3161.24
2941.71
2831.14
3165.68
3031.08
3289.39
3030.23
3177.37
3078.78
3169.09
2946.56
2997.34
3228.85
3163.87
3066.71
3131.56
3341.61
3564.53
3082.08
3064.67
3255.55
3104.32
3171.37
2759.24
3230.38
2834.9
3250.14
2983.36
3110.47
3053.06
3116.51
3061.74
3241.08
2874.11
2976.33
3179.03
3137.31
3260.82
3125.38
3046.45
3137.04
3177.6
2993.03
3006.77
3170.05
3097.39
3034.02
3041.38
2911.52
2940.29
3216.08
3061.58
3181.02
3159.62
3098.7
2972.57
3126.63
3137.04
3089.25
3023.44
3209.76
2967.94
3003.89
3138.75
2878.66
3081.57
3093.15
3108.58
3214.72
3178.66
3236.24
3133.88
3432.27
3177.72
3163.32
3206.96
3191.85
3288.33
3229.79
3099.19
3106.03
2934.93
3100.51
3069.22
3170.05
3056.52
3088.38
3430.15
3054.11
3066.81
3145.15
2864.5
3202.12
3356.26
2991.79
3155.71
3017.81
3369.21
3297.83
3313.09
3038.31
3168.95
3292.05
3226.27
3313.76
3181.96
3197.85
3190.12
3130.81
3466.89
2914.27
3002.91
3192.98
2947.93
3138
3059.44
3039.19
3295.21
3499.5
3148.56
3020.33
3178.71
2992.1
3323.78
3051.13
3080.57
2891.67
3214.17
3285.65
3189.88
3204.75
3300.67
3241.52
3178.58
3215.08
3083.23
3144.47
3114.5
3013.75
3039.99
3060.17
3053.51
3133.77
3282.12
3153.09
3147.39
3253.73
3067.39
3322.83
3164.49
3071.32
3218.7
3246.65
3216
3195.93
3155.14
2979.9
2998.51
3429.48
3114.92
3037.83
3208.83
3156.09
3002.92
3041.98
3214.98
2961.74
3335.86
3242.26
2840.84
3410.76
3369.58
2951.12
2975.25
2984.13
3048.72
3048.25
3047.3
3115.27
3203.08
2949.2
3109.49
3225.6
3146.47
3122.39
3084.62
3011.97
3372.16
3082.59
3028.22
2980.71
3188.44
3073.47
3286.96
3002.91
2989.31
3305.95
2886.3
3271.22
3024.35
2968.79
3155.89
3105.05
3105.98
3044.87
3174.53
3044.17
3387.45
3055.53
3135.81
2961.55
3134.03
3284.08
2956.6
3106.84
2929.22
3010.78
3155.32
3010.24
2997.9
3210.83
3018.79
3079.5
3030.07
3152.3
2955.17
3079.73
3150.3
3268.54
3285.17
3148.06
3130.38
2856.16
3185.66
3004.49
3159.06
3084.49
3166.57
2987.21
3249.73
3130.95
3025.74
3246.63
3302
3091.47
3028.78
2970.04
3193.96
3144.15
3147.32
3208.57
3064.84
3118.84
3202.55
2918.59
3091.31
3416.35
3072.98
3205.98
3185.41
3130.17
3231.08
2915.63
3230.09
3119.22
3113.82
3196.6
3115.2
3080.53
3104.82
3304.12
2990.17
3140.78
3024.47
2977.92
3118.85
3143.49
3243.89
3187.05
3248.17
3085.45
3088.96
3203.53
2968.75
3215.09
3301.08
3060.26
3074.09
2950.21
3070.31
3042.28
2922.24
3221.6
3147.06
3079.24
3158.04
3118.31
3006.04
3004.91
3140.8
3164.7
3224.82
3093.96
3216.48
3167.69
3408.94
3077.92
2882
3080.9
3137.84
3170.83
3412.06
3318.91
2961.79
3231.31
3079.75
3074.25
3114.86
3241.31
3210.84
3119.68
3192.01
3014.4
3184.8
3267.64
3039.63
3271.85
3432.35
3096.64
3045.88
3315.66
2952.43
3110.72
2931.93
3240.87
3033.41
3197.15
3156.54
3080.67
3021.22
3073.67
3412.49
3168.95
3126.44
3043.51
2942.46
3089.95
3021.15
2974.29
3016.48
3114.61
3377.46
3173.91
3211.28
3193.77
3071.12
3061.89
3268.71
3171.63
3181.85
3037.62
3173.98
3201.22
3112.55
3075.95
3082.9
2952.54
3000
3327.42
3220.12
2943.16
3224.31
3113.51
3148.33
3106.06
3004.23
2977.94
3204.17
3010.04
3139.34
2999.02
2984.4
3243.15
2982.13
3058.42
3049.84
3122.13
3261.77
3060.97
3038.72
2911.71
2971.43
3114.75
2821.98
2980.64
3241.07
3217.01
3161.37
3349.3
3026.39
3214.81
3368.6
3249.05
3209.37
3179.98
2930.51
3044.36
3125.46
3072.11
2949.75
2974.6
3405.86
3132.34
3236.74
3044.4
3255.69
3359.85
3162.73
3118.94
3015.54
2986.09
3082.95
2822
2951.35
3043.28
3390.29
3077.64
3088.2
3180.47
2906.59
3293.87
3258.64
3226.09
3153.83
3096.38
3214.4
3137.99
2871.44
3133.85
3078.51
3109.98
2988.66
2907.6
3342.8
3184.26
2998.55
3310.15
3118.03
2890.98
3190.89
3128.84
2902.67
3097.1
3076.17
2904.41
3029.48
3114.25
3003.02
3130.97
2988.36
3025.24
3119.1
3162.25
3124.19
2877.1
3229.2
3037.36
3026.85
3055.23
2883.29
3136.17
3211.83
3189.09
3152.73
2807.1
3057.09
2995.26
2994.89
3075.63
2990.34
3083.83
3080.49
3152.67
3001.18
3193.51
3206.06
3274.96
2916.14
3001.96
2956.61
3195.42
3089.59
3188.64
3113.46
3289.67
3081.41
3191.01
3137.15
3046.74
3049.89
3173.8
3165.47
3202.19
3352.83
3079.68
3227.02
3259.01
3110.53
3162.83
3118.48
3106.5
3317.07
3388.5
2917.93
3275.99
3112.14
3101.51
3237.93
2994.37
3122.71
3164.9
3032.21
3074.47
3266.42
3165.95
3144.57
3184.2
3282.47
3076.17
3061.57
2953.78
3083.87
3074.64
3027.5
3187.06
3137.08
3277.87
2952.08
3118.36
2952.71
3062.01
3192.05
3219.32
3146.62
3201.4
3230.39
3114.91
3292.85
3009.61
3265.88
3210.68
3036.14
3246.51
3128.78
3123.4
3254.34
2937.41
3195.18
3325.17
3185.24
3194.01
3256.67
2958.75
3219.3
3069.39
3261.62
3245.36
3025.15
3054.7
2996.34
2894.01
3107.45
2884.69
3288.06
3095.44
3155.61
3145.08
3201.33
3094.76
3120.22
2960.98
2827.68
3193.34
3093.41
3076.96
3054.42
3129.42
3008.93
3323.07
3099.79
3000.3
3036.13
3140.4
3138.19
3124.9
3067.47
3271.2
2977.18
3025.04
3201.75
3294.22
3210.82
3075.58
3033.97
3199.4
3166.46
3172.98
3007.16
3256.64
3361.47
2933.58
3297.4
3171.19
3067.66
3200.52
3155.74
3378.91
3069.57
3187.29
3030.84
3166.33
3070.72
3085.01
3156.82
3177.41
3099.08
3036.58
3096.15
3036.45
3311.09
3213.45
2965.5
3184.41
3115.79
2966.9
3097.6
3065.86
3198.41
3114.54
3138.64
3144.11
3056.27
3112.74
3204.46
3002.61
3053.5
3161.84
3040.61
3235.02
3209.15
3103.58
3110.75
3138.63
3125.78
3139.02
3042.49
3321.1
3134.29
2871.58
2966.23
3004.18
3094.83
3182.72
3136.4
2912.36
3047.8
2969.01
3417.76
3020.33
3119.98
3318.81
3060.36
3064.44
3115.46
3115.7
3042.19
3212.94
3082.34
3080.32
3082.11
3026.68
2914.88
3314.45
3019.75
3142.27
2871.68
3120.43
2964.29
3207.25
3054.77
3050.34
3128.93
3117.84
3055.58
3192.27
3385.76
3028.87
3450.7
3102.3
3234.3
3102.55
3164.24
3180.29
3043.14
3148.59
3256.14
3037.87
3240.23
3132.58
3135.22
3166.32
3183.64
3330.24
3011.55
3020.64
3295.67
3197.94
3221.66
3132.76
2922.77
3111.44
3166.33
3043.82
2940.58
3036.53
3104.21
3089.64
2992.75
2971.81
3065.54
3229.46
3056.08
3132.53
3030.44
3043.34
3073.86
3175.35
3325.35
3267.73
3196.07
3342.08
3156.85
3079.19
2985.25
3075.5
3129.7
3275.28
3092.48
3054.45
3048.13
2945.73
2900.98
3209.15
3005.95
3084.51
3452.97
3043.33
3052.87
3120.16
3017.97
2818.9
3023.37
3120.29
3166.44
3162.14
2976.09
2946.98
3070.23
3039.58
3176.3
3121.51
3127.53
3087.61
3208.54
3253.17
3174.57
3069.48
3213.24
3103.02
3233.59
3189.7
3269.32
3344.59
3254.44
3094.17
3200.99
3291.09
3162.96
3054.49
3162.78
3094.45
3093.26
3163.42
3020.99
3093.91
3345.66
3209.12
3354.04
3131
2989.42
3154.13
3171.88
2851.57
3167.49
3213.5
2992.32
3134.24
3160.34
3206.49
3070.08
2952.39
3239.22
3191.9
3038.75
3198.04
3172.2
3031.65
3216.82
3092.32
3052.5
3256.58
2989.03
2864.52
3141.02
3133.11
3150.42
3039.41
3231.77
3191.88
3404.37
2981.01
3105.17
3166.76
3035.75
3270.69
3054.76
3251.31
3254.21
3115.94
2945.4
3081.18
3046.27
3161.09
3240.38
3155.97
3062.92
3034.22
3168.6
2993.29
3081.73
3090.39
2993.99
3163.46
3194.37
3092.45
3066.78
2969.3
2946.06
3096.01
3121.03
3335.35
3280.55
3214.51
3109.2
3308.74
3195.08
3051.93
3116.52
3002.49
3071.38
3098
3062.56
3153.57
3007.03
2988.13
3190.26
3227.24
3214.36
3369.53
3013.3
3062.51
3063.79
3089.24
3042.67
3196.42
3051.59
3445.24
3141.51
3213.01
3081.32
3216.68
3079.55
2984.16
3205.38
3212.16
3182.71
3016.56
3061.74
3255.93
2954.28
3104.72
3109.24
3096.89
3158.47
3215.09
3226.77
3309.22
2903.24
3075.19
3253.01
3267.31
3172.69
3354.81
3159.88
3188.12
2993.87
3023.71
3123.43
3111.5
3144.79
3314.24
3025.63
3181.01
2816.04
2955.4
3083.34
2960.47
3235.75
2969.66
3049.94
3246.23
3099.58
3497.73
3026.12
3077.16
3056.56
3180.91
3111.99
3117.56
2982.42
3196.06
3150.46
2929.76
3006.17
3096.36
3117.51
3386.24
3191.2
3005.76
3215.01
3128.54
3147.87
3332.71
2894.3
3174.71
3087.43
3092.64
3353.42
2897.76
3169.33
3001.39
3239.91
3122.89
2872.27
3358.45
3326.22
3111.46
3198.61
3160.94
3158.96
3009.38
2949.62
3223.87
3375.44
3133.39
2934.06
3234.12
2860.64
3185.46
3091.15
3100.36
2974.66
3110.9
3044.54
3059.84
3247.88
3043.96
2943.27
3313.67
3058.28
3056.15
3031.74
3172.65
3172.35
2967.07
3235.89
3229.26
2930.07
3101.74
2965.56
3256.54
3038.36
2962.92
3108.4
3158.97
3166.54
2942.53
2821.09
3169.08
3307.78
3106.27
2947.49
3375.74
3318.85
3140.06
3112.73
3348.43
3270.76
3184.66
3041.7
3228.54
2972.93
3223.83
3227.13
2723.69
3255.04
3257.39
3190.51
3199.84
3245.61
2926.71
3130.79
3126.53
3048.79
3070.61
3356.35
3122.9
3009.01
3028.25
3201.39
2997.01
3033.74
2960.21
3030.89
2897.08
3331.71
2973.2
3085.83
3072.52
2937.83
3320.35
3028.63
3040.11
3124.9
3291.53
3042.5
3184.2
3143.18
2989.38
3175.37
3126.12
3045.53
3057.9
3157.3
3178.32
3167.76
3095.89
3423.19
3172.32
2966.22
3204.29
2993.31
2993.72
3188.73
3201.48
2997.46
3057.18
3209.47
2995.74
3189.18
3410.33
3219.12
2913.26
3165.04
3140.15
3050.36
3148.15
3162.52
3038.19
3032.37
3241.09
3128.28
3034.89
3004.27
3163.45
3087.44
3028.46
3095.88
3127.37
2989.75
3014.88
2895.29
3202.78
3200.68
3057.64
3035.28
3109
3027.56
3054.49
3127.03
3152.42
3120.33
3186.91
3156.03
2979.7
3071.3
3128.87
3141.37
3164.21
3000.89
3114.7
2950.01
3013.99
3109.11
3165.01
2958.92
3001.96
3145.24
3230.37
3141.93
3178.02
3096.99
2960.01
2995.15
3201.8
3114.8
3081.51
3241.18
3111.26
3118.78
2956.67
3233.2
3174.97
3121.16
3004.38
2902.65
3029.96
3226.13
2890.68
3026.98
3110.01
3182.7
3273.71
3191.81
3277.98
2978.85
3279.83
3092.12
3099.69
2979.73
3226.79
3384.46
3020.17
3095.12
3297.45
3168.32
3109.27
3056.1
3241.3
2825.49
3223.05
3238.22
3075.57
2996.31
3124.45
3283.65
3104.89
3165.89
3176.66
3271.5
3134.32
3028.65
2978.32
3370.84
3270.3
2965.7
3219.83
3187.45
3300.32
3162.86
3156.23
2947.38
3168.38
2902.82
3303.79
3136.72
3186.34
3096.72
3159.85
2958.48
3179.24
3242.37
3246.9
2937.43
3005.42
2895.45
3211.16
3178.36
3203.75
3149.32
3192.23
2998.21
3065.97
2996.57
3087.19
3163.34
2907.01
3034.14
3002.43
3076.97
3288.3
3158.43
3031.32
3245.74
3152.49
3116.63
3259.32
3014.16
3173.57
3238.15
3093.32
3122.34
3244.18
2886.09
3039.15
3324.64
3239.44
3077.18
3058.07
3157.29
2777.99
3250.17
3159.54
3157.15
3258.42
3138.12
3139.47
2993.12
3156.09
3434.08
2973.63
3041.76
3083.92
3270.41
3262.06
2894.79
3131.4
3194.7
3122.63
3197.52
3080.62
3065.71
3208.26
3106.19
3169.35
3151.28
3133.3
2912.96
3133.7
3182.66
3246.1
3265.79
3198.6
3204.4
3279.69
2883.1
3141.5
2942.18
3092.44
2999.66
3310.55
2987.72
3117.01
3155.97
3030.17
3103.51
3301.38
3056.97
2887.47
3121.53
3140.04
3011.16
3036.38
3215.3
3052.41
3239.23
2988.57
3166.6
3344.67
3298.96
3212.83
3168.61
3190.95
2979.28
2889.54
2972.31
3067.4
3107.06
2982.95
3138.9
3103.57
3075.1
3025.12
3029.19
3049.37
3025.37
3253.2
3107.18
3099.89
2983.12
3063.12
3153.56
3242.33
3195.97
3307.41
2962.52
2995.82
3170.89
3049.58
3124.94
3056.93
3170.4
3218.11
2988.46
3119.89
3161.81
3272.78
3143.78
3339.92
2947.17
2980.1
2930.59
2942.42
3173.41
3129.65
2978.48
3093.65
2924.78
3168.96
3111.24
3193.88
3270.2
3111.73
3310.27
3052.08
3190.22
3182.13
3193.54
3236.66
3206.65
3089.05
2963.39
3056.17
3153.74
3159.52
3205.23
3082.66
3222.21
3115.56
3189.32
2941.8
3351.93
3027.24
3100.2
3114.77
3520.83
3071.48
2969.3
3171.59
3254.56
3127.79
3073.75
3065.02
3066.74
2975.26
2888.56
3065.84
3293.36
3158.54
3282.6
3236.91
2958.54
3133.57
3128.92
3098.01
3106.6
3070.7
3149.03
3186.83
3013.61
3104.12
3109.67
3089.79
2945.91
3138.3
3172.62
3099.43
3228.73
3147.48
3131.7
3272.36
3086.46
3041.39
3298.48
3088.42
3204.16
3103.97
3172.14
3213.66
3271.46
3164.08
2914.14
3114.81
3345.79
3075.13
3108.53
3054.15
3063.64
2787.67
3053.22
2991.42
3046.96
3341.34
3211.38
3163.85
3125.05
2967.16
3074.55
3187.1
2923.72
3211.11
3198.44
2825.88
2995.7
3118.56
3326.5
3279.77
3079.11
3194.97
3029.18
3201.04
3182.88
3060.55
3178.78
3128.8
3142.97
3220.1
3083.7
2874.16
2958.5
3130.97
3034.83
2982.12
3153.87
3157.57
3046.63
3168.28
3161.6
3271.33
3120.9
3077.28
2937.6
3202.35
3224.67
3279.33
3023.36
3307.41
3232.88
3023.91
3016.38
3042.5
3000.82
2788.22
3049.87
3075.21
3171.52
3090.41
2967.54
3083.8
2991.52
3116.23
3257.74
3215.95
3116.21
2903.7
3156.46
3122.98
3022.38
3036.17
3210.16
3266.87
3073.83
3066.58
2996.43
3037.23
3218.54
3041.23
3181.81
3011.4
3082
3125.36
3153.25
3279.92
3098.84
3093
3131.03
3092.34
3247.2
3107.51
3120.91
3110.24
3030.14
2933
3286.72
3180.78
2956.93
3224.05
3068.91
3075.21
3307.22
3281.25
3182.76
3081.81
3139.08
3028.59
3114.52
3202.43
3045.65
3087.42
3098.63
3147.61
3108.11
3221.76
3498.43
2978.85
2997.44
3158.58
3043.61
3067.75
3103.5
3198.62
3218.77
3164.41
3128.19
3098.57
2862.03
3081.8
3155.31
2892.41
3001.7
3171.04
3119.19
3230.74
3001
2974.3
2988.73
3149.36
3044.88
2969.79
3037.77
3252.73
3076.87
2884.1
3149.72
3038.2
3018.23
3199.35
3288.31
3178.78
3113.68
3228.45
3144.88
3054.58
3005.62
3055.81
3175.35
3165.44
3036.76
3277.72
2914.46
3253.28
3218.96
3146.68
3159.01
3015.23
2976.37
3159.16
2930.23
3092.59
3052.87
3087.86
3110.1
3071.35
3030.46
3081.23
2982.25
3269.03
2916.73
3086.16
2902.48
3214.54
3135.2
3145.64
3304.81
3036.41
3142.64
3249.44
3144.12
3202.47
3012.29
3087.74
3079.71
3071.6
3447.15
2847.05
3192.92
2805.19
3360.49
3155.82
2891.73
3215.37
3060.57
2945.06
2971.19
3047.78
3131.92
3052.08
3206.7
3431.21
3331.23
3175.56
3256.21
3203.19
3126.96
3210.08
3231.92
3190.61
3215.93
3005.16
3295.53
3026.98
3286.73
3065.57
3129.31
3318.12
3031.62
3039.76
3174.87
2962.28
3013.68
2922.42
3182.41
3180.74
3109.5
3247.37
3041.72
3117.55
3193.76
3200.84
3031.62
3053.7
3207.36
3023.12
3219.18
3156.11
3158.25
2952.41
3223.18
3168.87
3019.56
3258.83
2971.32
3000.27
3214.3
3164.27
3056.11
3185.58
3080.41
3137.48
3067.29
3080.76
2969.08
3093.63
3074.54
2877.68
3056.45
3014.6
3240.52
3121.81
3207.72
3178.94
2983.28
3331.87
3005.41
3228.15
3332.8
3158.19
3249.92
3181.51
3294.46
3189.24
3057.15
3105.73
3243.1
3012.81
3069.01
3195.07
3172.37
3149.94
3319.5
2985.46
3079.82
3029.16
3110.56
3084.7
3104.18
3039.84
3084.39
3156.62
3414.01
3132.82
3131.13
3076.01
3154.37
3317.6
3193.57
3585.17
3189.38
3234.02
3279.11
2986.68
3380.84
3145.74
3248.46
3098.46
3327.24
3006.75
2996.64
3303.58
3094.16
3030.22
3191.15
3068.26
3100.74
2993.73
3179.01
3105.18
3078.92
3156.8
3132.26
3109.61
3206.96
3150.1
3271.83
3092.05
3100.99
2974.21
2956.89
3252.47
3256.33
2991.44
2976.09
3175.04
3202.95
3109.4
3161.48
3144.41
2988.11
3166.94
3093.44
3183.47
3039.53
3362.55
3092.47
2986.16
3172.96
2980.25
2961.35
3125.75
3111.03
3189.08
3096.61
3117.96
3025.98
2983.59
3077.77
3185.95
3099.83
3179.22
3002.38
3227.96
3232.24
3091.06
3180.97
3108.55
3036.8
3155.35
3079.11
3200.75
3054.6
2876.66
3252.46
3064.32
3114.16
3102.2
3090.23
3139.43
3144.78
3066.75
3148.43
3302.86
3158.82
3109.78
3180.31
3084.05
3007.7
3122.42
2957.37
3068.27
2978.53
3123.41
3190.94
3138.84
2985.46
3096.25
2900.68
3055.23
3068.23
3131.29
3159.48
3095.4
3017.83
3112.51
3171.17
3373.96
3313.25
3233.31
2948.9
3253.07
3133.65
3387.87
3041.79
3142.15
3237.4
3096.62
3038.87
3109.65
3284.71
3159.31
2998.29
3262.97
2996.49
3043.91
3085.27
3195.05
3155.85
3152.28
2925.78
3062.83
3119.14
2997.84
3072.81
3106.33
3148.48
3254.33
3046.44
3121.19
3142.66
3098.33
3282.27
3101.77
3160.24
3171.82
3164.32
3240.87
3159.44
3009.89
3027.83
3075.87
3192.67
3210.46
3149.65
2938.98
3032.58
3327.43
3262.57
2900.32
3382.31
2984.88
2956.07
3038.43
3146.77
3290.24
3030.37
3202.38
3174.46
3162.28
3107.26
3183.36
3006.68
2858.67
3199.31
3064.85
3236.8
2961.63
3273.66
3034.37
3010.33
3170.14
3330.23
2977.15
3050.48
3052.2
3237.29
3107.4
3109.74
3154.93
3247.8
3116.6
3027.41
3209.6
2964.98
3154.85
3093.09
3234.41
3261.16
3098.42
3262.28
3017.34
3210.1
3276.5
3135.75
3072.44
3094.16
2962.75
3166.34
3124.27
3137.1
3226.68
2953.57
3398.06
2963.91
3284.68
3023.96
3307.25
2899.41
2873.92
3144.3
3097.69
2941.02
3178.93
3145.85
3155.49
3408.7
2965.25
2984.48
3183.74
3186.46
3004.41
2999.31
3213.03
3088.53
3077.74
3148.58
3103.3
3120.91
3283.92
3057.85
3096.22
3299.91
3087.09
3045.67
3087.21
3118.19
3170.23
2905.09
3052.6
3216.47
3166.42
3192.37
3005.7
3187.54
3152.3
3081.82
2968.04
3150.48
3141.77
3085.9
2932.47
3270.59
3044.14
3263.57
3335.63
3050.93
3118.48
3116.4
3125.86
3087.02
3311.74
3310.79
3005.24
3092.68
3063.46
3121.81
3372.26
3190.57
3540.22
2920.69
3041.13
2997.08
3357.82
2979.2
3114.48
3009.92
3081.87
3154.11
3019.41
3331.03
3089.5
3185.69
3154.09
3265.63
3140.81
3167.54
3011.12
2961.05
3243.81
3263.57
3151.45
2977.18
3074.06
3184.85
2990.7
3105.73
3077.25
3089.87
3247.92
3163.72
3164.66
3333.76
3153.08
3216.46
2901.29
3008.34
2973.45
2805.8
3046.36
3230.44
3129.42
3030.41
3218.65
3058.71
3012.19
3091.83
2940.07
3156.57
3140.03
2956.8
3053.4
3336.44
2986.34
3084.72
2867.91
3220.6
3237.16
3119.31
3091.3
3063.07
3128.57
3512.3
3221.57
2964.67
3158.13
3204.25
3217.06
3137.55
3320.15
3099.36
3039.28
3137.64
3191.85
3162.74
3091.04
3070.65
3215.09
3286.69
3033.5
3420.82
3113.38
3010.93
3114.67
3256.88
3057.21
2945.89
3187.82
3055.88
3015.9
3017.58
2982.34
3096.56
3094.97
3013.79
3135.51
3126.74
3017.04
2966.1
3216.77
2998.42
3219.45
3016.84
3125
3333.77
3019.85
3142.49
3299.83
3117.27
3350.25
3051.74
3154.58
3202.99
3129.34
3043.88
3268.01
3224.54
3059.95
3071.45
3192.23
3144.59
3269.52
3270.68
3151.82
2939.82
3059.8
3232.06
3064.01
3200.6
3293.58
3086.61
3070.41
3339.96
3262.47
3092.31
3125.61
2931.03
3143.69
3006.28
3092.67
3158.5
3258.65
3304.87
2994.03
3287.61
2940.47
3211.33
3104.69
3199.57
3159.81
3198.65
3178.42
3286.75
3379.88
3207.32
3099.95
3301.72
3162.51
3232.25
3264.98
3216.11
3122.17
2873.33
3106.63
2994.07
3198.34
3175.71
3185.37
3121.42
3171.51
3351.25
2987.65
2987.97
3113.92
2970.59
3114.78
3372.24
3096.64
3311.73
3183.52
3289.52
3192.71
3053.98
2978.8
3105.36
3088.58
3114.41
3057.7
2946.84
3055.57
3026.16
3040.58
3095.81
3131.38
3060.47
3107.15
3266.59
3154.59
2941.79
3036.64
3173.91
3152.35
3218.17
3103.57
3145.78
3216.5
3153.36
2959
3067.98
3092.51
2942.73
3259.51
3094
2885.08
3321.88
3001.92
3184.05
3226.38
3203.48
3287.72
3030.19
2989.57
3084.58
3253.72
3170.22
2994.12
3144.89
3227.48
3011.27
3175.22
3105.53
3347.55
3189.42
2992
3039.95
3227.73
3124.08
3288.25
3050.63
3149.97
3037.65
2989.73
3259.17
3087.99
3135.45
3081.84
3146.63
3213.59
3263.63
3145.26
3064.72
3153.93
2977.81
3119.87
3077.92
3166.44
3081.13
2958.8
2949.78
3113.59
3013.39
3125.86
2949.56
3181.51
3285.58
3012.55
3058.33
3239.08
3054.6
3116.75
3022.26
2977.84
3310.9
3224.11
2999.8
3097.34
3332.01
3058.05
3191.17
3107.13
3207.88
3088.19
3045.55
3276.94
3244.65
3305.02
3332.58
2952.2
3306.31
3082.93
3090.44
3103.18
3027.39
3053.7
3210.55
2978.24
3071.99
3203.58
3099.34
3119.34
3368.05
3062.73
2934.81
3241.5
2943.8
3246.71
3030.29
3161.67
3024.27
3160.47
3156.04
3192.12
3206.04
3099.6
3197.68
3053.77
3091.2
2988.22
3155.9
3123.03
3016.86
3131.45
3035.95
3052.27
3040.51
2984.37
3054.71
2933.7
2825.39
3110.74
3115.55
3112.8
3231.79
3222.87
3184.2
3243.99
3071.06
3325.69
3231.26
3030.8
3227.16
3301.91
2936.59
3046.26
2975.74
3212.97
3279.27
3093.18
3260.7
3246.26
3142.78
2879.38
3042.5
3049.19
3038.81
3031.67
3269.22
3205.1
3267.99
3386.62
3189.89
3065.58
2989.18
3309.67
3191.67
3343.47
3478.52
3348.43
3280.5
2970.31
2947.79
3166.16
3218.91
3139.2
3175.11
3034.43
2917.75
3228.92
3357.11
3010.74
2947.28
3094.58
3127.91
2991.34
3004.53
2911.48
3276.61
3199.18
3319.99
3182.47
3361.05
3217.6
3048.57
3184.14
2954.06
3077.78
3134.11
3032.99
3056.64
3075.28
3113.48
3358.58
3073.06
3129.36
3325.6
3040.15
2962.34
2972.17
2972.56
3153.39
3131.59
3269.07
3086.58
3011.39
3303.3
3117.33
2959.18
3049.58
3013.02
3118.54
3176.22
3167.01
3193.43
3148.76
3093.06
3051.53
3138.53
3325.52
3168.42
3176.8
3097.29
3036.75
2934.26
3325.99
3085.9
3182.97
3253.1
3235.03
3025.41
3161.71
3140.76
2947.53
3133.59
3128.76
3221.4
3031.53
3185.94
3170.93
3086.22
3131.83
3181.14
3273.04
3169.78
3357.1
3112.04
2960.42
2959.95
3079.66
2956.58
3164.05
2968.85
3253.37
3259.53
3102.9
3071.64
3128.53
3295.52
2949.67
3019.91
3396.07
3323.93
2965.69
2988.52
2873.08
3032.44
3336.52
3203.15
3061.71
3092.06
3246.25
3102.63
3289.11
3051.5
3026.54
2944.66
3056.34
3143.57
3184.22
3275.28
3159.02
3166.68
3225.56
2969.42
3117.95
2961.9
3216.54
3056.56
3155.59
3096.35
3333.96
3046.9
3061.22
3109.39
2952.31
3124.92
3224.13
3078.27
3336.94
3048.59
3348.82
3109.32
3111.38
3037.43
3093.08
3005.12
3115.65
3048.38
3189.05
3132.72
3243.58
2905.22
3164.18
3066.26
3090.75
3192.6
3393.6
3124
3104.5
3059.72
3178.07
2949.21
2988.59
3298.63
3116.98
3165.35
3156.83
3056.6
3347.12
3125.1
3126.57
3111.03
3257.94
3162.52
3229.76
3333.3
3123.25
3150.67
3022.23
3139.2
3219.04
3103.46
3287.06
3060.89
3346.67
3112.93
3277.97
3291.48
3251.02
3014.4
3250.51
3106.02
3217.49
2955.69
3036.36
2737.81
3249.65
3196.08
2837.88
3225.45
3027.43
3287.96
3160.01
3257.96
3084.03
3238.46
3418.32
3152.6
3088.97
3237.95
3033.93
3135.34
3120.4
3266.32
3436.13
3181.15
3034.23
3058
3244.75
2891.5
3107.52
3234.19
3090.54
3230.16
3216.57
2920.71
3093.43
3081.26
2949.15
3026.44
3179.69
3259.35
3083.31
3057.57
3107.89
2953.49
3149.76
2943.52
3126.07
3021.87
3144.73
3164.41
2954.93
2872.27
3234.77
3241.1
3159.07
3117.08
3183.45
3008.34
3088.85
3216.47
3016.82
3202.06
3098.3
3102.55
3235.04
3168.18
2973.28
3044.96
3124.48
3217.77
3131.2
3047.96
3266.83
3094.15
3074.98
3233.45
3003.81
3162.67
3297.52
3050.34
2973.16
3102.07
3150.02
3077.67
3000.88
3202.37
3073.86
3249.76
3097.78
3115.79
3030.37
3290.86
3167.79
3206.82
2974.69
3187.09
3210.99
3165.89
3241.15
3160.76
3047.32
3011.66
3101.78
3344.33
3209.9
3303.3
3224.66
3031.08
2917.49
3042.18
3279.76
3003.3
3127.21
3226.93
3242.19
2810.52
3066.15
3253.7
3183.35
3141.79
3003.91
2965.76
3108.05
3304.52
3199.79
3377.61
3208.67
3242.72
3140.1
2931.02
3051.6
3125.32
3210.31
2970.27
3386.74
3036.8
3192.4
3165.7
3089.08
3274.49
3023.1
3197.29
3264.25
3010.55
3113.03
3077.44
3299.34
2962.31
3120.94
3176.15
3123.69
3136.98
3082.14
3066.66
3298.89
3102.69
3137.09
3071.99
3282.23
2899.07
3239.32
3005.11
3207.16
2875.75
2963.32
3121.18
3084.08
3270.71
2965.46
3059.94
3065.07
3105.32
3144.89
3323.09
3292.74
3293.08
3149.14
3191.65
3243.8
3107.48
3157.1
3149.38
3116.43
3119.54
3107.69
2968.15
3284.84
3236.89
3120.23
3224.02
3098.67
3227.35
3158.4
3175.94
3262.67
3027.79
3171.51
3060.74
3341.43
3238.71
2977.82
3177.39
3402.22
3280.94
3016.11
2949.64
3274.25
3172.65
2998.4
2970.79
2966.35
3189.91
3004.14
3249.02
3232.46
3063.47
3288.17
3219.81
3097.64
3257.86
3001.42
3230.51
3157.1
2867.47
3241.6
3344.92
3132.33
3165.44
3103.88
3046.04
3190.43
3174.14
3161.92
3072.75
3006.85
3309.63
2980.12
2945.24
3182.56
3096.91
2964.7
3212.48
3030.81
2994.59
3112.96
3038.37
3072.16
2959.15
3128.4
2962.71
3335.72
3285.67
3167.09
3166.82
2972.42
3320.35
3021.35
3203.4
3051.72
3046.71
3068.13
2944.27
2898.25
2991.9
2903.1
2997.01
3044.61
3009.46
3096.77
3119.71
3110.68
3429.93
3058.91
3394.74
3138.08
3118.8
3066.26
3074.95
3076.7
2840.11
3190.21
3174.88
3220.66
3301.71
3179.72
3051.05
3195.21
3301.73
3035.7
2880.23
3168.36
3452.32
3336.4
3190.7
3233.14
3347.37
3136.38
3224.47
3236.73
3099.02
2928.82
3116.97
3202.4
3025.67
2946.66
3100.69
3209.64
3070.53
3029.07
3347.05
3094.67
3140.89
3122.46
3078.89
3120.15
3107.38
2991.22
3289.77
3127.16
3027.83
2978.99
3318.59
3016.34
3115.33
3083.11
3123.42
3090.86
3188.51
3164.68
3225.87
3116.4
3016.09
3218.51
3307.62
2954.16
2936.55
3043.58
3176.74
3133.13
3164.18
3169.35
3045.98
3272.98
2992.84
3203.1
3160.99
3214.77
3092.26
3216.41
3243.88
3014.44
3094.6
3211.01
3050.48
3018.82
3010.5
3142.89
3038.35
3102.56
3109.04
3131.63
3129.09
3267.01
2955.91
3068.31
3004.05
3054.5
2970.76
3178.24
3145.31
2993.88
2952.33
3303.47
3266.75
3104.97
3068.78
3099.24
3050.44
3193.09
3342.21
3077.12
3147.51
3020.03
3019.54
3181.8
2986.34
3207.77
2939.4
3186.53
3091.52
3046.37
3224.61
3402.11
3388.72
3145.27
3203.59
3245.08
3131.91
3164.36
3084.37
3328.8
3182.62
3420.19
3119.29
3250.7
3125.5
3179.08
3127.82
3159.25
3338.63
3357.91
2970.85
3149.98
3153.61
3167.42
2829.96
3223.91
3288.73
2997.34
3263.2
3278.35
3141.16
2958.31
2900.58
3108.01
3089.19
3108.56
3045.86
3169.49
3139.08
3171.48
3028.74
2989.69
3392.1
2816.85
3094.7
3244.06
3065.06
2962.91
2930.12
3273.29
3069.32
3125.07
3123.25
3103.51
2990.55
3231.32
3185.61
2947.75
3206.09
3291.99
3064.63
2955.31
2892.15
3044.95
3173.93
3171.96
3130.01
3001.02
3053.13
3235.74
3138.22
3172.87
3282.09
3074.42
3127.6
3291.47
3036.45
3188.44
3167.91
3223
3266.2
3046.12
3081.7
2940.28
3139.44
3018.68
3261.58
3199
2982.89
2992.48
3085.21
3149.13
3156.24
3026.9
3097.38
3169.56
3114.51
3118.65
3071.19
2917.68
3254.43
2951.66
3130.93
3370.01
3443.29
3271.52
2899.25
3149.03
3176.77
3164.22
3140.78
3234.47
3112.56
3315.56
3122.07
3147.06
3131.61
3241.14
3399.86
3171.69
3110.07
3046.04
3073.07
3049.48
3132.35
2970.39
3295.81
3092.71
3094.93
3106.97
2882.31
3435.95
3127.02
2979.4
3151.14
3018.16
3114.94
3209.95
3094.97
3033.34
3192.29
3171.96
3036.54
2994.99
3291.2
3248.94
3240.45
2950.11
3005.98
3103.5
3159.73
2965.62
3162.43
3111.53
3176.5
2926.46
3090.67
2989.97
3248.14
2999.45
2869.24
3041.72
3145.55
2996.35
2993.13
3182.2
3036.91
3033.14
3003.04
3188.47
3145.87
3073.35
3099.31
2990.23
3254.37
3205.81
3283.62
3213.77
3130.1
3089.03
3201.56
3104.61
3092.65
3120.53
3300.46
3105.97
3091.79
3278.33
3064.86
3099.81
3249.67
3044.49
2938.47
2936.66
2981.71
3073.9
2880.18
2848.35
3097.63
3138.66
3042.06
3242.8
3179.29
3100.33
3097.59
3035.68
3107.51
3045
3136.57
3007.61
3174.39
2975.45
3213.73
2995.09
3137.45
2946.92
3081.12
3059.27
3229.15
3214.55
3431.41
3006.89
3116.12
2898.64
3108.16
3099.08
2898.88
3246.03
3086.79
3116.08
2938.1
3220.31
3252.01
3180.3
2925.15
3141.79
3192.44
3224.67
3131.77
3063.95
3037.13
3135.4
3277.22
3252.62
3016.78
3168.96
3032.45
3048.83
3117.62
3157.55
3261.5
3055.07
3088.06
3214.15
3117.45
3235.75
3138.36
3116.34
3236.13
3198.45
3075.7
2878.15
3013.64
3248.26
3235.18
3233.48
3157.74
3031.77
3105.41
3016.09
2891.31
3295.96
3143.74
3152.29
3296.72
2879.07
2981.04
3292.68
3057.44
3203.69
3281.86
3145.13
3050.01
3178.77
3085.41
3186.31
3084.34
3317.48
3048.71
3027.27
3189.56
3437.95
3256.54
3192.5
3153.78
2991.47
3179.8
3081.74
3302.52
3372.5
2983.15
2991.99
3072.76
3145.74
3280.83
3243.04
3410.65
3251.68
3147.71
3098.37
3158.69
3234.94
3010.6
2879.29
3392.34
3154.86
3103.69
3347.1
3192.53
3272.61
3356.98
2934.43
3239.36
3236.89
3116.88
3182.62
3129.43
3132.31
3102.25
3294.6
3024.7
2956.97
2978.35
3453.39
3123.48
3061.72
3079.09
3007.71
3039.78
3347.52
2960.22
3306.14
2937.49
3315.28
2991.63
3117.38
3201.43
3104.7
3179.96
3041.35
2795.39
3133.57
3228.55
3162.26
3169.13
3329.15
3202.46
3032.29
2959.46
3246.04
3281.16
2882.88
3048.12
3132.26
3120.27
3116.69
3184.76
3244.76
3144.46
3044.32
3273.51
3129.86
3135.01
3215.49
3208
3007.28
3202.39
3131.96
3127.33
3140.51
3103.75
3149.23
3142.69
3250.94
2907.53
3312.22
3054.98
2896.51
3039.44
3044.02
3127.66
2942.33
3323.2
3080.25
3112.79
3071.42
3012.92
3245.36
3118.64
3188.43
3306.3
3049.77
3035.01
3278.58
3149.39
3133.94
3119.74
3216.41
3152.05
3027.63
3048.29
3106.9
3272.45
3171.05
2955.27
3108.15
3007.5
3197.57
3097.78
3154.42
3043.91
3232.27
3149.79
3263.94
3040.14
3074.17
3168.08
3248.68
3148.91
3271.28
3114.76
3307.55
3361.1
3045.82
3126.44
3023.82
3158.9
3062.02
3223.86
3058.27
3068.19
2961.29
3049.12
3199.48
3111.09
3051.87
2989.46
3113.94
3245.78
3083.65
2945.01
3050.05
3203.61
3018.49
3191.81
3351.08
3200.93
3250.95
3219.45
3283.43
2978.31
3083.14
2911.4
3411.53
3205.45
3048.73
2855.88
3248.92
3220.15
3198.7
3191.61
3130.22
3056.69
3043.28
3213.46
3111.07
3268.55
3027.85
3314.56
2988.58
2915.59
2971.83
3210.81
3156.64
2922.3
3113.6
3140.25
3090.65
3010.33
3029.05
3101.72
3108.79
3014.14
2979.83
3155.4
3106.24
3018.68
3115.53
3024.93
3134.18
2961.02
3077.49
3196.12
3321.34
3028.61
3090.3
3079.5
3184.4
2957.34
3036.88
2980.7
3095.95
3273.52
3100.82
3113.19
2989.29
3217.15
3050.45
3263.02
3304.43
3173.47
3161.13
3266.45
3079.76
3127.56
2906.68
3146.67
3050.88
3249.47
2859.6
3040.11
3046.42
3248.13
3127.29
3221.39
3161.11
3026.47
3053.84
3286.29
3003.45
3070.13
3187.76
3101.92
3098.06
3115.81
3186.24
2986.03
3205.56
3139.62
2979.35
3160.14
3075.41
2977.43
3225.68
3304.52
2864.26
3311.41
3105.25
2998.95
2941.42
3088.69
3211.84
3066.27
3118.34
3006.52
3101.43
3233.61
3179.21
3097.4
3438.18
3315.56
3265.69
3032.93
3036.24
3047.86
3226.39
3242.84
3015.17
3288.14
3003.11
3083.75
3115.18
3331.58
2854.06
3056.36
3170.97
3427.05
3277.78
2970.51
3349.96
3097.72
3044.69
3142.41
3124.06
3124.85
3068.91
3083.71
3189.29
3105.6
3028.37
3017.02
3096.59
3013.83
3125.75
3129.41
3201.57
3073.82
3032.72
2919.74
3147.11
3291.64
3160.18
2892.83
3133.36
3246.41
2975.89
3284.01
3170.08
3175.23
2991.21
3116.32
3243.71
3118.36
3280.04
3025.92
3079.13
3049.87
3043.78
3069.8
2940.3
3118.94
3141.76
3014.68
3166.3
3184.35
3077
3059.35
3207.93
3267.45
3150.07
3190.61
3093.96
3223.02
3112.75
3063.65
3134.51
3042.4
2897.75
3243.3
3181.05
3098.95
3000.02
2980.61
3120.37
3329.17
3025.93
3021.87
3047.77
3094.04
3256.1
3259.9
2995.98
3082.4
3194.81
3130.42
3119.77
3319.38
3077.99
2919.68
3007.18
2907.12
3211.93
3192.77
3168.19
3306.32
3171.67
3115.51
3129.86
3143.31
3547.5
3093.72
2938.99
3195.78
3196.19
2913.9
2950.87
3086.71
2991.7
2962.01
3146.27
3255.61
3361.28
3060.36
3060.93
3235.68
3223.96
3237.74
3082.86
3096.68
3135.18
3061.01
3193.56
3119.51
3315.84
3198.56
3028.47
3186.25
3083.11
3249.04
3142.9
3141.13
3113.28
3041.59
3121.56
3338.4
3092.78
3222.38
3145.7
3183.68
3060.77
3260.27
3076.05
3249.4
3131.9
3248.74
3037.79
3099.61
3084.25
3058.3
3237.09
3235.29
2925.9
3150.22
3310.57
2851.14
3082.03
3109.09
3196.06
3031.91
3042.8
3177.72
3148.25
3072.07
3144.11
3130.69
2899.51
3036.51
3306.28
3272.13
3282.16
3090.13
2907.28
3087.31
3140.01
3146.63
3301.08
2997.43
3197.44
3075.78
3334.85
2996.78
3154.07
3202.77
3299.77
3078.25
3170.08
3213.92
3262.29
3137.65
3249.36
3140.55
3245.02
3432.32
3081.81
3107.74
3065.62
2986.89
3305.67
3288.34
3111.9
3364.6
2836.29
3122.89
3097.35
3073.22
3195.43
3079.63
3196.34
3310.1
2995.78
2936.34
3117.93
3157.51
3152.67
3202.87
3082.23
2985.61
2992.94
2949.17
3144.34
3001.61
3044.12
3224.27
3462.53
3245.21
3291.81
3030.55
3038.46
3044.98
3112.85
2968.82
3217.33
2946.77
3036.05
3196.14
2968.3
3157.93
3046.56
3203.71
3150.42
3067.53
3139.87
3167.78
3098.34
3314.22
3265.31
3107.06
3091.66
3040.95
3005.12
3125.31
3195.53
3148.02
3079.44
3302.76
3144.44
3260.18
3273.2
3122.86
3325.43
3173.82
2879.95
3079.32
3195.97
3241.54
3113.86
3115.49
3124.37
3068.74
3190.65
3009.33
2840.23
2956.72
3011.66
2981.02
3233.97
3206.91
3022.81
3024.25
2998.81
3007.22
3217.48
3041.37
2986.47
2961.75
2978.56
3098.75
3013.64
2998.13
3079.73
3285.5
3283.72
3213.81
2989.26
3233.86
3161.99
3285.77
3121
2975.65
3028.72
3261.26
3147.63
3091.97
2900.53
3283.12
3085.4
3265.86
3069.44
3015.17
3115.82
3073.04
3094.7
3238.49
3211.05
3166.29
3009.17
3016.11
3286.12
3007.08
3150.33
3105.99
3038.19
3106.13
2921.44
3169.68
3235.23
3237.05
3124.16
3066.36
3401.06
3057.28
2952.26
3183.88
3198.26
3015.73
3137.07
3118.46
3018.07
3121.09
3419.36
2965.31
3188.09
2882.28
3133.47
3000.98
2979.09
3142.55
3059.25
3239.74
3215.23
3229.02
3106.45
3253.84
3126.15
3246.74
3227.09
3073.13
3056.54
3162.05
3235.65
3203.56
3151.83
2999.47
3288.82
3197.38
3122.91
3240.99
2870.48
2990.93
2924.77
2995.78
3304.53
3109.44
3120.13
3240.34
3218.81
3212.28
3173.51
3338.02
3153.08
3195.61
3063.65
3139.26
3141.84
2957.73
3351.9
3239.43
3059.18
2997.51
3142.05
3128.47
3152.53
3084.06
3169.21
3012.74
3160.96
3091.01
3037.18
3193.42
3050.11
2957.54
2907.07
3239.64
3363.86
3085.04
2998.47
2911.09
3023.37
3056.51
3025.84
3134.83
3217.66
3274.97
3000.58
2937.97
3192.24
2944.83
3266.71
3190.64
3115.96
3299.94
3030.15
3166.99
3235.74
3087.86
3245.02
3296.46
3206.89
3132.86
2844.74
3512.99
3079.66
2882.94
3089.34
3163.64
3224.44
3236.41
3034.82
2891.27
3023.95
3000.36
3032.87
2974.81
2978.88
3157.31
3105.75
2948.06
2896.66
2915.58
3071.32
3132.76
3084.95
3094.53
3234.27
2934.85
3344.99
2957.08
3049.2
2901.48
2875.43
3249.16
3281.37
3096.91
2951.65
3158.77
3191.06
3078.19
3204.55
3016.78
2990.72
3117.86
2986.89
3077.32
2964.32
3179.98
3059.75
2939.32
3111.1
3242.78
3156.69
3114.44
3188.15
3219.39
3217.03
3136.48
3248.9
3009.31
3111.18
3104.36
3237.36
2851.67
3133.22
3214.08
3026.98
3243.09
3223.46
3159.13
3238.83
3114.36
3097.04
2962.65
3302.21
3139.22
3259.93
3329.48
3240.95
3050.03
3273.08
3015.14
3299.34
3214.39
3107.38
3131.81
3165.53
3058.31
3118.36
3101.94
3289.14
3372.2
3051.7
3168.94
3026.38
3242.4
3028.44
3154.63
3231.09
3115.06
3081.96
3014.77
3111.81
3153.47
2962.64
3234.62
3039.63
3413.53
3255.43
3090.31
3023.82
3342.52
3211.29
3148.53
2956.64
3110.62
3107.02
3273.57
2922.53
3280.22
3123.7
3046.98
3239.7
3210.25
3194.8
3038.26
3157.8
3131.54
3072.57
3146.98
3078.09
3148.42
3031.21
3159.43
3147.94
3313.74
3204.18
3162.59
3045.25
3226.44
3142.77
3146.76
3083.61
3135.95
3187.3
3192.33
3039.88
3124.35
3013.85
3065.48
3200.05
3207.72
3113.75
3210.77
3109.75
3121.21
3069.65
3055.73
3082.05
3088.14
3229.74
3152.1
3216.03
3032.14
3058.21
3098.13
3125.04
3078.31
3093.59
3029.05
2996.77
3040.69
3135.02
2865.26
3208.12
3049.55
3173.23
3123.63
3203.27
3111.08
3171.23
3038.96
3025.43
3223.92
3110.07
3401.63
3077.64
3220.12
3005.18
3217.66
3263.97
3245.13
2962.99
3200.82
3196.49
3167.15
3413.62
3100.9
2949.72
3135.01
3071.18
3148.06
3145.3
2926.77
2998.48
3201.26
2929.75
2963.25
3107.6
3178.51
3229.87
3058.35
3346.62
3113.52
3180.26
3135.68
2991.62
3020.17
3206.25
3008.45
3026.91
3176.33
2985.89
3181.42
3159.45
3081.8
3149.95
3309.6
3213.69
2963.47
3112.32
3189.03
3004.24
3208.27
2930.78
3203.91
3093.02
3005.65
3191.33
2989.68
3021.36
3009.3
3059.65
3272.99
3461.46
3069.28
3004.8
2910.51
3303.2
3284.62
3224.36
3205.87
3099.31
3070.62
3176.98
3032.31
3196.38
3225.7
3253.5
3107.9
3006.13
3333.69
3206.9
3145.75
3364.19
3259
3143.63
3093.15
3045.06
3154.32
3242.58
3103.04
2917.37
3197.78
2858.36
3139.49
3102.03
3157.47
3166.64
3106.18
3019.74
2957.2
2995.51
3119.72
3079.67
3226.7
3161.08
3132.44
3262.04
3122.3
3045
2919.42
3108.82
2949.79
3020.28
3062.64
3110.72
3370.68
3034.19
3225.14
3212.2
3187.29
3122.76
3161.79
3068.44
3089.01
3088.69
3279.02
3177.7
3145.17
3227.18
3309.21
3319.82
3062.43
3283.31
3123.73
2951.72
3382.82
3034.9
3025.69
3037.79
3089.7
3085.66
3028.65
3082.79
3102.31
3035.16
3066.27
3075.05
3235.35
3006.08
3218.04
3191.53
3062.03
3023.78
3051.27
3221.71
3229.59
3068.59
3308.17
3039.87
2946.62
3339.9
2935.52
3213.33
3160.22
3241.86
3085.7
3282.23
3017.64
3096.44
2928.32
3031.34
2869.97
3048.02
2987.06
2986.78
3146.36
2890.74
3167.96
2921.88
3242.42
3128.06
3260.08
3395.38
3274.75
3289.18
2991.31
3096.35
3225.44
3001.76
3012.89
3128.45
2920.33
3311.07
3184.68
3139.84
3029.1
3082.19
3026.69
3132.43
3075.88
3181.3
2958.03
3175.2
3106.99
3418.63
3300.96
3045.88
3190.61
3132.82
3197.63
3044.2
3076.28
3095.9
3244.83
3074.61
2924.91
3192.56
3155.44
3180.64
2962.52
3375.11
3024.22
3189.69
3218.08
3261.14
3147.77
3201
3235.78
3034.35
3059.01
2789.54
3100.74
3149.23
3036.39
3226.74
3270.39
3163.01
3234.55
3191.54
3137.3
2964.32
3190.2
3157.7
3114.66
3101.72
3187.67
3125.6
2920.66
3181.64
3215.56
3200.86
3063.63
3132.04
2870.73
3150.25
3085.64
3308.04
3183.62
3259.7
3199.15
3034.67
3029.91
3453.14
3237.32
3212.25
3082.21
3124.75
3166.62
3095.98
3148.83
3216.31
3199.73
3145.31
3005.26
3040.79
3021.83
3020.82
3239.76
3041.98
3018.22
3003.93
3117.52
3230.33
3146.37
3130.87
3026.65
3091.92
3140.48
3234.91
3271.09
3074.92
3100.87
3069.86
3106.27
2959.14
3201.36
2843.59
3222.19
3410.97
3096.95
3239.83
3025.91
3154.22
3012.96
3109.87
3037.3
3229.69
3045.4
3177.3
3143.91
3261.22
3195.88
3117.14
3099.6
3105.49
3203.69
3098.29
3134.38
3271.4
3154.66
3034.74
3211.54
3058.14
3049.75
3352.05
3285.09
3247.78
2899.96
3059.84
2980.71
3092.8
3086.62
3086.62
3198.81
3342.87
3270.03
3095.38
3237.45
2915.44
3024.88
3035.72
3390.73
3144.51
3252.22
3131.53
3383.23
3219.4
3058.96
3082.08
3070.4
3114.73
3102.8
3110.86
2961.57
2944.23
3249.81
3206.13
3203.71
3153.03
3067.8
3024.98
3254.09
3380.31
3050.88
3129.05
3166.59
3109.09
3030.06
3061.63
2897.69
3009.41
3139.62
3060.93
3119.5
3142.62
3132.73
2979.87
3208.78
2986.65
3166.96
3088.18
3067.06
3257.87
2890.4
3204.53
3040.82
3173.65
3160.54
3029.29
2912.29
3105.24
3166.64
3184.72
3104.17
3085.85
3070.57
3244.01
2991.67
3022.86
3112.73
3186.17
2887.37
3217.1
2898
3216.2
3071.29
3049.36
3150.3
2923.21
3071.45
2923.56
2973.05
3009.97
3289.69
3004.41
3499
3336.98
3247.86
3065.49
3290.25
3021.06
3094.52
3085.34
3114.69
3029.8
3144.54
2914.29
3199.92
3066.8
3188.45
3162.23
3164.92
3082.85
3096.18
3234.72
3138.11
3202.3
3127.19
3118.97
3254.17
2984.37
3152.3
3026.83
3150.23
3045.75
2953.91
2864.91
3357.21
3028.7
3041.46
2990.32
3159.6
3137.12
3007.99
3028.25
3015.86
3121.17
3409.17
3036.78
3196.86
3160.71
3186.88
2975.84
3212.02
3063.4
3063.56
2967.43
3406.52
3041.71
3308.55
3130.02
3080.28
3181.37
3086
3065.14
2909.14
2964.77
3136.49
3064.29
3165.91
3051.55
3232.13
3160.42
3148.08
3018.63
3138.11
2916.92
2857.38
3136.53
3034.51
2890.25
3355.82
3282.87
3088.13
3042.79
3193.28
2899.57
2897.63
3158.3
3140.83
3023.53
3040.68
3040.46
3089.82
3084.88
2951.29
3230.54
3015.04
2925.99
3132.95
3053.75
3193.72
3005.38
2918.73
3291.31
2961.24
3089.18
2989.71
3206.93
3056.68
3173.44
2923.12
3176.92
3047.84
3170.39
2968.79
3036.96
3232.43
3068.04
3211.38
3140.91
3091.96
3008.28
2976.06
3023.36
3078.62
3333.15
3201.95
3293.65
3124.7
3140.08
3245.92
3140.13
3125.07
3271.94
2937.41
2934.43
3186.64
3075.47
3198.63
3188.42
2946.31
3198.59
3079.45
2971.76
3430.09
3017.05
3256.97
3268.4
2991.83
3476.9
3290.53
3161.01
3150.11
3082.37
2963.2
3018.78
3053.81
3068.54
3167.64
3229.48
3040.95
3140.97
3059.7
3080.07
3258.03
3051.23
2929.98
3254.33
3128.34
3204.69
3008.89
3271.07
3046.34
3212.76
3316.05
3171.02
3110.54
3241.58
3129.11
3143.2
3170.3
3047.91
3130.34
3303.59
3096.85
3241.11
2842.66
2894.33
3089.88
3039.82
2953.39
2996.21
3266.18
3280.5
2897.28
3103
3202.05
2919.15
3111.65
3060.17
3172.08
3135.25
3105.92
3004.51
3223.08
3153.61
3189.35
3040.84
3018.84
2951.69
3020.31
3184.59
2979.63
3160.37
3088.86
3345.31
3080.1
3146.98
3282.49
3097.35
3041.28
3164.45
3103.92
3186.48
2906.54
3001.74
3022.94
3109.67
2990.75
3029.34
3198.21
2933.07
2972.19
3008.12
2975.1
3022.99
2984.63
3192
3159.3
3192.27
2938.32
3288.39
2961.87
3120.98
3102.24
3034.77
3127.05
3069.87
3232.38
3212.53
2994.87
3192.06
3039.68
2939.5
3148.18
3176.66
3211.49
3275.01
3003.77
3111.19
2953.59
3257.58
3363.34
3263.16
3083.08
3324.35
3290.98
3063.33
3129.65
2921.73
3191.29
3266.85
3253.49
3026.64
3253.28
3201.09
3076.59
3121.17
3248.39
2944.31
3138.04
2975.4
3139.97
3108.32
3173.4
3022.51
2837.63
3063.17
3192.73
3106.88
3153.5
3139.52
2777.86
2980.39
3120.44
2884.87
3337.28
3153.59
3379.8
3093.84
3012.19
3398.26
3309.33
3211.72
3192.55
3179.88
3068.64
3195.77
2939.41
3234.66
3114.81
3084.67
3151.08
2957.07
3063.59
3200.56
3032.77
2978.88
2970.27
2780.71
3097.66
2898.37
3001.5
3039.8
3111.05
2918.78
3126.65
3287.1
3229.43
3108.25
3043.67
3222.91
3233.89
2952.64
2933.71
3181.15
2987.13
3309.28
3174.31
3135.71
3123.41
3001.57
3148.96
2966.45
3167.62
3038.4
2954.13
3126.48
3247.16
3090.61
3066.36
3163.35
3093.37
3203.94
3109.67
3276.87
3099.43
2765.56
3091.69
3180.14
3294.13
3197.23
3051.61
3102.47
3065.48
3154.19
2795.46
3098.18
3101.61
3018.13
3090.36
3069.25
2931.12
3026.52
3115.77
2921.75
3268.6
3039.96
3312.25
3122.87
3128.38
3109.9
3188.21
3183.44
3070.51
3050.56
3176.35
3121.67
3141.71
3086.35
3082.36
3176.12
2976.09
3023.18
3275.34
3136.04
3181.34
3043.52
2919.49
3035.07
2985.13
3023.97
3170
3412.42
3287.46
3108.54
3083.75
3078.87
3087.05
3300.55
3041.15
3083.42
2882.41
3315.44
3214.81
3228.96
3159.2
3084.53
3229.25
3160.11
3163.82
3025.51
3421.83
3224.27
2903.19
3074.42
3115.52
2971.9
3285.26
3374.68
2958.48
3051.09
3018.89
3135.08
3050.26
3243.3
3021.94
3015.98
2962.19
2873.55
3192.55
3049.51
3041.22
3189.89
3243.01
2992.24
3064.94
3097.71
3164.54
3202.47
3154.72
3010.66
3187.45
3199.56
3012.58
3226.55
3074.65
3127
3204.58
3197.21
3094.13
3228.84
3027.18
3313.5
3114.5
2979.87
3083.95
2942.37
3241.72
3247.78
3064.33
2996.32
3297.36
2984.99
3074.48
3076.01
3195.93
3069.57
2952.31
3096.05
3350.42
2994.59
3176.54
3131.86
3132.7
2984.06
3041.29
2954.25
3093.32
3016.37
3012.91
3018.02
3302.3
3107.37
3154.67
3192.46
3186.42
3018.85
3277.27
2944.55
3071.33
3096.44
3098.06
3084.53
3294.71
2998.69
3226.84
3136.82
3263.99
3189.17
3044.59
3117.92
2946.13
3183.67
3051.63
3088.03
3012.39
2983.53
2963.73
3229.84
3176.81
3167.9
3069.95
3149.45
3080.36
3270.41
3092.13
3039.54
2840.02
3067.07
2906.03
3290.92
3219
2883.34
2996.17
2949.89
3183.36
3273.15
3199.37
3071.51
3189.33
3217.65
3057.9
3192.98
3152.15
3209.27
3228.34
2995.36
3006.56
3215.02
3028.97
3185.86
3307.27
3121.35
3221.84
3048.34
2932.7
3137.54
3114.39
3275.63
3113.37
3323.5
2878.85
3225.34
3132.37
2955.88
3123.55
3144.5
3102.7
3171.6
3199.55
3056.18
3232.04
