1625.81
1552.64
1757.39
1728.4
1654.93
1775.38
1772.75
1676.72
1797.41
1690.36
1640.53
1631.35
1570.81
1547.66
1704.51
1735.12
1637.35
1662.27
1668.63
1667.92
1675.08
1631.09
1612.6
1723.83
1550.24
1618.62
1707.21
1578.11
1678.51
1656.7
1615.37
1744.21
1500.42
1529.71
1489.79
1510.74
1671.15
1656.2
1711.98
1544.83
1653.87
1626.28
1633.66
1505.2
1663.17
1717.62
1471.59
1847.99
1791.85
1701.09
1754.08
1782.27
1529.08
1739.11
1636.6
1567.1
1477.63
1613.25
1649.01
1652.25
1606.29
1615.12
1737.24
1575.19
1664.13
1576.72
1632.21
1516.34
1794.07
1763.41
1616.38
1628.47
1515.44
1509.75
1702.07
1769.48
1639.77
1588.51
1506.44
1697.67
1629.47
1704.91
1662.95
1655.72
1534.54
1737.53
1720.22
1576.41
1662.99
1685.05
1710.1
1605.37
1631.61
1575.81
1687.79
1651.45
1705.23
1606.35
1643.18
1530.28
1692.62
1708.15
1693.28
1740.91
1585.28
1753.47
1583.96
1635.89
1643.06
1529.16
1746.45
1627.51
1644.6
1511.23
1546.3
1573.13
1656.32
1557.51
1660.26
1799.45
1717.52
1581.33
1485.71
1542.28
1764.44
1845.43
1578.69
1746.27
1661.23
1449.51
1564.73
1585.13
1552.45
1789.98
1726.76
1604.34
1679.92
1666.02
1570.21
1743.32
1713.36
1650.69
1743.7
1565.41
1594.19
1496.27
1655.77
1619.88
1673.58
1551.16
1518.8
1552.01
1535.09
1613.13
1707.61
1555.07
1460.62
1589.62
1616.4
1688.77
1446.02
1538.86
1723.57
1613.69
1720.96
1737.85
1696.69
1606.53
1643.15
1638.74
1540.57
1510.05
1671.48
1632.62
1622.76
1597.63
1803.61
1652.19
1619.82
1576.41
1533.49
1797.39
1762.7
1650.12
1643.31
1670.13
1551.5
1569.24
1665.6
1910.08
1538.26
1549.03
1604.69
1646.17
1715.25
1580.45
1678.85
1631.45
1764.5
1696.69
1731.47
1522.84
1605.2
1544.72
1717.72
1565.6
1728.36
1592.93
1550.64
1596.46
1679.53
1583.87
1636.94
1812.73
1692.13
1657.45
1595.88
1604.97
1675.08
1535.95
1771.54
1613.65
1722.16
1518.23
1571.61
1522.71
1627.19
1649.03
1597.88
1692.38
1756.02
1642.88
1464.84
1763.12
1563.97
1614.7
1585.02
1552.57
1688.13
1663.97
1666.32
1671.17
1633.78
1479.43
1634.9
1711.59
1679.08
1617.93
1639.2
1778.34
1598.31
1724.95
1611.81
1760.07
1598.42
1469.29
1598.12
1660.34
1634.39
1638.39
1525.39
1696.26
1684.68
1761.59
1593.24
1683.56
1674.39
1525.14
1686.87
1603.05
1659.63
1601.35
1517.87
1673
1623.81
1492.37
1637.54
1607.55
1603.31
1624.83
1599.9
1464.6
1610.19
1581.95
1658.58
1520.28
1534.15
1638
1697.16
1726.02
1648.64
1745.36
1703.27
1571.31
1756.03
1569.6
1697.49
1556.24
1591.7
1732.29
1652.14
1467.61
1664.45
1583.22
1560.38
1499.86
1564.82
1653
1639.12
1586.03
1627.52
1836.6
1499.56
1687.82
1462.44
1660.14
1720.43
1631.25
1520.89
1733.5
1628.17
1609.26
1637.22
1813.21
1573.53
1581.52
1695.16
1665.47
1601.19
1599.17
1540.63
1591.81
1706.84
1507.35
1683.91
1630.76
1618.14
1587.68
1611.28
1484.43
1715.43
1514.89
1662.86
1699.55
1660.86
1703.53
1629.91
1620.04
1480.2
1706.82
1693.91
1518.26
1574.28
1594.88
1712.38
1583.39
1548.35
1538.26
1601.97
1577.23
1623.16
1739.08
1534.72
1534.31
1589.15
1663.89
1492.63
1737.12
1717.35
1644.18
1648.93
1554.4
1666.93
1704.51
1572.32
1536.17
1674.54
1770.72
1466.95
1606.79
1756.19
1557.85
1583.79
1696.07
1617.55
1661.93
1751.47
1645.05
1546.66
1602.4
1558.41
1699.89
1723.81
1628.23
1509.72
1554.09
1657
1581.23
1927.35
1591.82
1619.14
1574.31
1635.02
1643.36
1591.29
1574.89
1502.98
1661.4
1650.6
1688.72
1567.42
1638.84
1620.07
1620.23
1757.79
1601.19
1523.23
1677.84
1503.84
1661.88
1689.58
1583.42
1641.63
1732.6
1674.41
1514.47
1634.36
1440.94
1561.92
1706.86
1679.82
1755.88
1560.95
1630.07
1637.86
1644.47
1658.58
1839.22
1700.35
1756.26
1686.56
1543.68
1735.52
1636.78
1709.94
1769.97
1654
1576.9
1435.93
1593.45
1598.07
1459.39
1596.25
1490.52
1703.69
1646.58
1540.78
1598.93
1614.56
1666.15
1740.11
1449.65
1663.24
1639.19
1751.9
1520.12
1489.67
1623.63
1441.52
1482.97
1576.74
1559.27
1686.9
1714.21
1661.64
1626.71
1679.67
1740.6
1633.5
1636.9
1706.63
1674.43
1603.33
1570.39
1786.45
1441.39
1614.54
1661.99
1632.93
1794.62
1647.11
1788.96
1712.1
1427.79
1612.99
1774.55
1570.13
1513.52
1701.21
1644.59
1631.27
1569.62
1642.2
1554.77
1507.53
1566.35
1625.53
1635.63
1704.49
1611.3
1758.66
1627.59
1576.61
1652.27
1483.5
1580.19
1489.71
1511.34
1635.78
1690.29
1581.74
1573.12
1644.96
1622.43
1575.09
1694.6
1728.77
1689.75
1610.99
1646.92
1606.1
1601.47
1682.15
1646.25
1605.68
1519.81
1602.85
1538.13
1574.58
1659.48
1697.7
1657.27
1473.16
1649.79
1570.18
1583.71
1722.76
1606.5
1707.79
1651.05
1580.82
1650
1506.07
1623.29
1690.94
1567.1
1604.72
1549.61
1508.27
1695.57
1408.3
1605.73
1722.57
1706.09
1705.89
1547.85
1664.1
1531.63
1591.53
1530.99
1497.95
1692.13
1569.53
1613.63
1625.48
1622.03
1734.48
1719.46
1613.05
1547.46
1504.51
1606.71
1676.36
1573.25
1705.04
1628.21
1813.02
1575.75
1569.28
1501.62
1608.18
1602.05
1705.23
1770.65
1508.39
1641.79
1528.3
1717.81
1656.94
1624.1
1738.79
1650.22
1710.6
1655.92
1610.79
1497.81
1595.29
1385.83
1677.44
1692.81
1493.98
1589.66
1657
1694.39
1780.81
1696.75
1590.7
1543.93
1643.85
1673.75
1648.49
1667.92
1672.66
1654.75
1796.47
1654.02
1749.09
1675.71
1739.06
1734.6
1651.03
1502
1565.39
1677.59
1562.21
1629.97
1720.71
1550.2
1726.69
1572.37
1592.18
1745.55
1639.36
1765.05
1545.74
1618.19
1506.73
1702.47
1562.35
1686.09
1771.11
1535.22
1599.86
1675.06
1510.28
1625.56
1724.04
1528.36
1630.4
1747.28
1589.51
1613.11
1731.15
1602.93
1616.55
1719.15
1638.15
1761.69
1680.87
1637.49
1685.76
1606.96
1631.61
1632.35
1653.78
1652.74
1569.89
1557.3
1628.16
1640.13
1572.29
1634.25
1655.25
1673.4
1683.38
1586.56
1437.89
1735.19
1587.72
1681.04
1704.8
1741.02
1654.84
1745.11
1647.39
1569.94
1571.75
1762.42
1634.32
1574.48
1590.9
1720.71
1686.95
1614.64
1607.71
1572.47
1637.25
1776.55
1602
1542.57
1787.88
1539.77
1638.81
1554.19
1619.61
1763.24
1651.48
1673.72
1600.16
1628.16
1701.85
1551.17
1672.09
1796.73
1646.49
1622.73
1671.22
1766.7
1828.11
1652.87
1663.22
1803.02
1555.27
1671.31
1762.93
1534.43
1551.82
1663.6
1546.04
1557.82
1468.01
1608.19
1571.19
1664.27
1585.24
1659.31
1669.15
1597.79
1694.63
1605.33
1715.86
1614.65
1742.14
1720.69
1685.34
1642.14
1508.95
1627
1547.55
1505.49
1507.84
1699.82
1606.81
1640.83
1527.94
1632.45
1615.7
1696.7
1508.56
1660.09
1683.37
1623.7
1770.91
1611.11
1622.46
1733.42
1542.44
1555.58
1605.78
1387.66
1566.87
1696.53
1599.24
1559.29
1511.72
1630.56
1545.14
1610.49
1538.23
1538.36
1649.83
1609.6
1565.05
1741.46
1694.89
1649.96
1642.78
1508.88
1694.74
1595.06
1723.78
1681.4
1617.84
1648.97
1623.47
1648.81
1792.47
1794.59
1652.99
1670.47
1636.91
1510.62
1484.64
1750.39
1581.56
1733.55
1701.56
1562.6
1705.1
1666.52
1632.88
1612.22
1599.95
1639.44
1680.43
1763.58
1641.35
1701.39
1839.76
1586.33
1659.04
1573.44
1676.62
1678.1
1593.44
1487.92
1618.24
1744.73
1654.06
1506.56
1605.79
1501.23
1588.85
1672.89
1527.06
1557.43
1543.11
1542.72
1700.47
1708.05
1545.83
1536.88
1663.71
1420.36
1507.93
1681.17
1688.27
1647.39
1755.45
1611.06
1695.78
1743.44
1459.63
1503.49
1633.65
1594.46
1579.39
1597.87
1654.5
1560.11
1643
1816.01
1542.54
1686.97
1636.01
1490.88
1469.44
1687.5
1621.94
1609.45
1589.61
1691.45
1562.65
1743.59
1731.15
1527.63
1826
1671.45
1550.07
1486.03
1753.58
1681.54
1773.82
1558.27
1609.4
1504.73
1671.16
1589.11
1544.46
1672.06
1617.95
1648.37
1521.74
1622.82
1731.83
1605.7
1685.66
1622.12
1552.27
1605.74
1606.44
1722.34
1735.2
1500.2
1792.29
1488.51
1646.7
1805.94
1721.75
1579.55
1673.23
1531.29
1645.48
1704.26
1698.59
1639.85
1681.35
1800.04
1593.51
1619.98
1625.87
1654.85
1642.89
1658.95
1702.45
1630.67
1625.69
1728.95
1690.6
1680.44
1516
1670.88
1560.56
1733.67
1713.31
1701.71
1705.15
1737.54
1632.12
1505.65
1558.5
1714.98
1630.89
1600.14
1770.03
1759.13
1459.09
1658.87
1632.46
1577.73
1583.07
1445.56
1657.76
1570.03
1754.26
1610.3
1630.02
1660.44
1585.9
1710.49
1494.43
1481.89
1504.89
1663.07
1663.82
1638.91
1521.68
1729.61
1623.39
1579.55
1661.64
1754.87
1742.91
1898.37
1603.83
1637.55
1764.79
1598.86
1629.1
1669.78
1622.67
1445.11
1592.59
1540.53
1627.05
1597.52
1591.4
1730.99
1873.37
1795.7
1744.44
1778.43
1540.67
1743.98
1757.71
1761.78
1742.87
1647.36
1554.03
1658.14
1646.63
1553.26
1549.67
1704.82
1749.41
1679.22
1519.37
1637.52
1518.57
1648
1750.9
1607.38
1580.55
1584.33
1623.57
1504.63
1709.95
1643.38
1575.63
1487.24
1655.1
1683.32
1621.23
1616.48
1740.51
1711.61
1357.64
1590.3
1472.67
1498.22
1648.54
1439.46
1474.07
1762.71
1674.05
1699
1583.95
1691.73
1613.95
1456.88
1702.06
1657.35
1702.88
1539.95
1624.06
1650.94
1799.15
1640.61
1588.15
1802.83
1534.46
1522.06
1629.39
1804.93
1667.1
1636.3
1713.01
1582.59
1599.21
1592.44
1660.03
1691.95
1655.4
1611.69
1679.09
1612.29
1615.26
1746.68
1654.47
1564.32
1643.8
1575.22
1655.12
1595.24
1624.69
1635.88
1593.28
1732.45
1621.26
1761.6
1638.65
1439.12
1712.63
1610.85
1679.72
1604.81
1750.62
1672.99
1548.52
1710.38
1574.02
1645.35
1637.2
1665.81
1715.34
1705.54
1611.85
1618.57
1579.25
1645.94
1625.17
1609.27
1797.94
1679.22
1664.19
1624.85
1548.26
1758.71
1603.96
1641.5
1639.12
1637.25
1581.61
1634.88
1565.73
1536.04
1667.87
1631.87
1754.79
1521.92
1618.38
1528.91
1646.61
1699.7
1620.85
1519.33
1502.93
1529.22
1535.24
1594.72
1701.78
1565.94
1637.18
1648.28
1676.31
1638.51
1708.02
1533.6
1576.53
1680.46
1682.22
1710.12
1534.39
1731.05
1718.15
1567.53
1592.1
1524.97
1546.26
1613.72
1591.53
1522.72
1744.21
1632.75
1811.04
1631
1681.41
1634.07
1739.7
1649.98
1534.76
1568.18
1619.43
1694.97
1551.48
1675.25
1517.18
1744.83
1481.36
1433.3
1748.66
1748.73
1593.77
1745.13
1421.87
1602.09
1548.21
1632.65
1520.43
1677.24
1657.82
1769.38
1635.26
1713.85
1556.45
1701.54
1671.57
1746.8
1627.15
1468.37
1732.45
1600.74
1612.79
1818.15
1590.75
1692.12
1605.35
1736.13
1668.91
1660.32
1478.21
1583.46
1566.29
1559.17
1634.42
1656.58
1745.73
1683.78
1548.3
1702.48
1613.22
1757.85
1551.16
1680.46
1703.05
1593.34
1491.54
1505.88
1573.09
1763.69
1746.73
1479.62
1663.56
1737.81
1694.57
1819.17
1600.18
1623.19
1647.29
1704.24
1653
1565.76
1504.99
1646.55
1621.88
1635
1481.51
1582.98
1714.96
1609.82
1501.7
1514.81
1694.21
1764.48
1489.28
1596.07
1426.24
1629.95
1682.45
1730.63
1670.27
1511.67
1649.94
1634.07
1692.41
1659.27
1595.19
1718.78
1609
1655.87
1542.71
1668.4
1644.02
1584.36
1693.1
1632.37
1582.21
1622.61
1582.84
1683.8
1474.13
1693.31
1612.7
1622.1
1700.84
1492.55
1684.51
1603.12
1552.44
1657.14
1591.94
1530.71
1614.02
1619.58
1646.49
1577.34
1572.01
1480.41
1506.2
1566.46
1538.56
1765.11
1532.82
1638.05
1596.1
1641.45
1625.99
1676.51
1471.36
1656.06
1818.09
1616.7
1608.92
1717.14
1647.49
1573.6
1617.52
1644.57
1601.37
1691.42
1778.13
1614.57
1560.25
1755.36
1708.46
1569.08
1551.98
1519.1
1660.39
1476.57
1706.23
1678.07
1786.89
1630.18
1594.02
1580.82
1748.65
1652.56
1471.99
1668.55
1658.63
1635.86
1759.63
1536.26
1657.33
1743.69
1580.32
1562.73
1539.95
1604.35
1520.43
1617.08
1613.15
1640.49
1640.63
1596.92
1558.56
1628.2
1711.38
1553.82
1567.88
1604.93
1746.03
1710.08
1710.27
1709.42
1758.75
1700.15
1621.04
1644.62
1572.91
1587.03
1399.57
1586.7
1552.56
1675.86
1620.73
1624.64
1717.98
1679.45
1692
1569.7
1414.44
1651.26
1679.41
1544.29
1648.65
1676.41
1594.36
1699.64
1496.92
1576.48
1580.24
1626.62
1543.1
1626.36
1555.06
1636.38
1612.17
1628.29
1525.02
1634.93
1566.28
1703.99
1564.63
1708.33
1523.3
1609.24
1550.62
1616.24
1608.38
1668.24
1627.99
1716.48
1717.78
1552.8
1604.6
1790.14
1554.99
1629.88
1457.77
1585
1593.12
1577.51
1603.85
1689.45
1793.22
1662.13
1528.01
1648.77
1722.05
1673.13
1610.18
1629.01
1628.21
1531.43
1647.95
1553.3
1649.49
1627.88
1575.34
1486.71
1446.26
1731.02
1776.73
1576.33
1628.08
1572.26
1606.32
1563.7
1578.58
1600.35
1565.66
1712.28
1792.3
1707.11
1725.63
1730.19
1576.31
1542.93
1584.05
1717.17
1592.69
1564.72
1755.07
1665.57
1743.28
1762.54
1612.94
1680.55
1564.25
1676.85
1537.04
1604.98
1652.39
1552.67
1577.5
1624.24
1573.25
1528.05
1619.04
1604.92
1686.86
1620.91
1565.7
1558.67
1674.91
1636.19
1519.12
1595.03
1594.6
1804.59
1549.24
1570.08
1626.13
1608.83
1562.74
1643.71
1840.7
1549.91
1528.62
1696.93
1739.63
1639.66
1686.47
1625.88
1680.04
1655.69
1784.89
1511.22
1580.36
1669.18
1738.01
1718.49
1741.78
1674.79
1740.76
1766.76
1623.32
1560.02
1648.93
1723.38
1638.58
1547.01
1751.41
1468.2
1818.3
1632.76
1622.05
1528.63
1622.16
1740.75
1569.9
1656.49
1748.42
1635.97
1683.62
1647.74
1599.21
1544.36
1583.09
1775.09
1542.19
1750.35
1595.35
1718.89
1795.37
1619.43
1727.4
1515.38
1811.71
1614.39
1783.19
1692.64
1671.05
1549.45
1680.18
1584.92
1560.04
1621.87
1686.78
1552.75
1715.98
1657.59
1589.19
1649.81
1549.98
1545.16
1643.47
1582.93
1709.13
1671.62
1737.79
1644.44
1592.61
1594.82
1511.58
1693.21
1753.7
1751.16
1606.52
1561.53
1678.45
1682.3
1700.84
1618.94
1664.93
1627.18
1697.81
1680.25
1548.34
1605.8
1576.24
1673.05
1644.89
1773.9
1637.35
1680.12
1736.6
1800.76
1591.27
1786.23
1733.05
1580.59
1545.98
1596.39
1499.2
1669.72
1720.91
1532.89
1640.98
1578.54
1580.44
1591.99
1746.13
1609.5
1638.73
1580.05
1698.07
1730.67
1668.53
1536.76
1713.28
1712.67
1672.52
1491.14
1721.09
1472.7
1691.45
1724.42
1575.54
1558.96
1696.07
1749.34
1613.25
1732.37
1828.4
1581.88
1676.22
1841.22
1688.68
1566.66
1550.63
1722.61
1625.84
1810.54
1554.04
1635.95
1719.8
1648.97
1639.01
1735.96
1675.84
1587.07
1684.5
1566.28
1583.26
1607.33
1648.22
1706.96
1519.4
1645.75
1517.31
1530.76
1559.16
1636.89
1596.52
1569.23
1611.95
1579.52
1655.2
1687.86
1589
1664.54
1422.36
1695.35
1777.53
1574.25
1736.08
1586.63
1660.28
1638.61
1691.95
1584.38
1624.1
1687.98
1718.62
1611.27
1780.52
1721.74
1663.53
1763.54
1617.44
1605.19
1670.49
1733.1
1527.03
1421.14
1526.16
1535.96
1487.92
1555.42
1639.13
1356.84
1643.62
1677.15
1597.51
1508.58
1664.2
1636.56
1624.13
1634.37
1604.18
1617.02
1675.25
1544.19
1541.2
1652.01
1542.85
1700.72
1689.38
1552.54
1727.24
1599.02
1714.3
1583.41
1728.54
1578.74
1558.86
1628.44
1617.33
1548.03
1556.39
1712.81
1548.48
1636.42
1620.7
1680.5
1643.85
1577.23
1534.33
1584.27
1573.52
1557.63
1598.17
1637.54
1645.79
1693.23
1353.61
1600.64
1633.74
1497.87
1508.94
1571.04
1529.51
1712.95
1538.9
1619.96
1763.26
1696.71
1714.88
1596.86
1576.12
1607.82
1756.14
1588.7
1543.27
1443.19
1660.38
1624.45
1600.15
1623.56
1591.2
1671.53
1632.51
1679.31
1663.37
1590.38
1695.4
1533.33
1689.98
1617.35
1605.29
1688.5
1610.93
1608.98
1771.05
1515.35
1614.06
1621.4
1681.63
1655.7
1465.65
1602.42
1559.04
1641.46
1504.71
1536.97
1714.17
1720.58
1650.29
1631.18
1609.62
1754.88
1471.92
1580.3
1675.95
1553.57
1747.74
1553.49
1527.61
1545.61
1591.78
1587.14
1519.33
1586.87
1625.89
1596.11
1695.15
1720.56
1669.6
1547.84
1622.96
1664.87
1649.42
1535.95
1535.02
1663.07
1638.86
1626.89
1741.98
1608.74
1546.64
1609
1608.08
1669.91
1730.55
1567.31
1559.58
1664.35
1540.39
1663.7
1496.74
1693.77
1635.52
1590.18
1468.71
1780.41
1726.09
1448.31
1692.11
1692.56
1518.09
1521.97
1530
1596.16
1644.35
1755.96
1447.44
1593.93
1621.12
1465.42
1573.4
1560
1613.07
1679.32
1643.88
1670.35
1618.82
1559.96
1760.64
1606.26
1726.23
1570.25
1655.99
1781.2
1675.17
1648.53
1619.9
1726.74
1628.28
1782.44
1810.68
1643.79
1618.26
1497.34
1522.18
1573.18
1698.9
1637.63
1658.6
1600.61
1647.23
1703.96
1715.56
1687.73
1726.14
1684.4
1661.83
1598.55
1707.47
1501.74
1504.21
1631.64
1714.06
1767.22
1703.47
1706.29
1488.63
1631.45
1459.63
1635.06
1657.33
1627.23
1729.16
1594.08
1691.71
1582.75
1567.15
1622.27
1794.84
1585.35
1614.11
1710.76
1644.37
1747.48
1667.08
1755.97
1678.31
1584.22
1635.15
1671.67
1685.96
1450.53
1658.03
1676.78
1661.22
1659.67
1530.33
1544.95
1642.51
1677.43
1471.73
1547.14
1564.57
1679.87
1639.08
1485.03
1622.7
1703.97
1648.6
1547.9
1718.76
1490.82
1539.6
1568.33
1776.83
1656.01
1624.63
1590.01
1496.42
1696.73
1567.48
1616.23
1530.14
1640.16
1657.24
1768.86
1702.05
1591.45
1714.6
1626.17
1443.19
1611.98
1692.9
1810.56
1596.79
1573.78
1745.82
1700.46
1640.42
1635.84
1607.81
1683.7
1659.9
1566.01
1580.1
1499.35
1550.82
1577.35
1604.1
1503.89
1556.72
1439.04
1539.7
1568.24
1679.18
1779.86
1626.61
1697.13
1604.61
1688.83
1501.15
1665.41
1572
1624.9
1709.57
1541.64
1630.03
1726.02
1598.96
1674.88
1516.96
1718.78
1707.71
1731.58
1544.94
1577.81
1726.61
1585.11
1603.69
1623.73
1488.87
1567.82
1647.81
1680.11
1670.44
1690.98
1676.16
1576.15
1742.29
1583.14
1674.71
1552.17
1702.77
1577.35
1619.8
1508.43
1620.99
1564.08
1517.16
1603.7
1650.43
1652.18
1580.07
1503.53
1693.67
1659.89
1619.09
1547.18
1563.1
1737.22
1629.29
1619.76
1547.55
1603.3
1633.7
1865.64
1694.63
1611.73
1607.88
1674.62
1583
1772.11
1757.13
1627.22
1645.68
1618.12
1622.64
1570.69
1556.92
1511.19
1728.99
1565.69
1581.6
1477.47
1686.24
1660.37
1540.93
1648.97
1670.13
1754.65
1651.39
1564.67
1736.01
1630.29
1788.79
1641.71
1595.49
1549.87
1682.22
1467.95
1491.14
1443.84
1609.61
1517.08
1606.89
1680.76
1533.08
1585.49
1572.34
1675.56
1781.95
1697.23
1580.49
1598.46
1699.75
1751.79
1694.77
1815.65
1664.54
1707.19
1662.1
1586.44
1724.91
1519.22
1615.25
1615.36
1563.57
1608.89
1562.88
1659.7
1696.8
1698.07
1598.95
1549.54
1487.25
1676.54
1510.69
1553.85
1696.77
1641.76
1516.13
1517.25
1541.47
1572.71
1637.56
1691.12
1538.79
1554.97
1729.96
1455.66
1665.42
1642.37
1673.6
1603.76
1731.22
1673.25
1519.91
1636.81
1671.66
1677.15
1677.84
1629.54
1562.77
1681.4
1571.31
1678.7
1697
1798.38
1662.56
1606.51
1542.18
1648.08
1561.97
1439.59
1672.91
1725.07
1632.49
1622.69
1779.55
1539.68
1640.66
1705.38
1534.45
1578.3
1524.17
1471.95
1568.25
1446.47
1632.24
1800.66
1716.45
1647.33
1679.23
1539.57
1584.91
1729.13
1627.77
1662.75
1754.09
1636.87
1613.97
1756.64
1619.87
1462.87
1657
1686.66
1558.96
1704.86
1640.49
1640.15
1497.72
1572.26
1567.15
1684.45
1620.17
1614.31
1617.42
1491.2
1619.73
1644.96
1665.87
1599.59
1501.3
1653.61
1649.71
1577.19
1734.98
1725.56
1653.08
1639.81
1659.92
1587.21
1559.29
1590.15
1645.17
1641.21
1588.73
1473.34
1615.92
1724.42
1615.9
1773.56
1694.22
1398.75
1664.9
1657.31
1634.59
1621.67
1716.75
1622.89
1665.93
1562.18
1642.79
1588.79
1627.64
1660.87
1510.95
1779.01
1685.54
1633.72
1555.88
1781.23
1735.76
1700.88
1687.58
1653.1
1740.83
1652.51
1685.81
1519.64
1596.63
1637.36
1748.41
1594.69
1695.19
1708.05
1569.23
1620.34
1735.51
1622.52
1661.34
1654.46
1718.08
1555.55
1660.41
1768.49
1719.03
1733.77
1575.98
1798.53
1660.21
1630.57
1604.18
1685.14
1617.01
1579.65
1619.25
1584.89
1584.2
1589.75
1718.48
1474.45
1671.67
1593.84
1519.85
1633.97
1532.88
1644.52
1642.66
1666.69
1681.61
1640.11
1648.01
1660.61
1621.99
1721.15
1736.47
1679.09
1851.63
1689.55
1554.6
1796.28
1553.41
1693.06
1675.83
1730.55
1604.05
1592.22
1646.55
1761.33
1589.39
1541.33
1599.46
1628.41
1702.15
1735.07
1745.92
1559.17
1625.11
1644.42
1552.67
1472.54
1672.22
1607.8
1616.28
1654.76
1621.82
1622.51
1638.5
1619.58
1559.84
1578.37
1634.54
1650.88
1677.03
1691.87
1663.11
1493.42
1605.08
1696.25
1618.09
1592.01
1547.97
1517.66
1627.76
1681.82
1671.12
1779.4
1704.98
1808.1
1556.08
1624.1
1631.54
1628.24
1716.49
1626.11
1620.36
1662.92
1620.45
1791.88
1701.18
1646.88
1775.43
1615.3
1751.18
1633.93
1620.71
1511.85
1591.2
1628.06
1697.81
1727.75
1533.56
1658.61
1607.51
1758.34
1431.69
1609.43
1710.95
1604.47
1577.52
1578.51
1708.93
1539.46
1682.39
1666.24
1576.92
1613.74
1698.05
1717.74
1482.71
1633.27
1650.6
1630.76
1738.06
1580.23
1655.88
1671.08
1656.59
1695.86
1503.64
1633.99
1591.94
1742.65
1650.08
1602.18
1546.71
1807.92
1653.78
1800.62
1686.84
1650.73
1661.21
1568.12
1524.77
1737.1
1607.75
1526.55
1711.43
1717.65
1766.59
1651.82
1432.88
1716.93
1517.91
1502.83
1596.81
1685.71
1634.96
1645.15
1718.48
1510.96
1601.21
1677.71
1605.88
1624.97
1653.14
1572.55
1620.43
1630.11
1607.56
1588.14
1759.5
1601.79
1558.08
1681.05
1550.09
1660.16
1663.72
1631.53
1553.01
1709.4
1549.14
1619.89
1679.9
1532.91
1692.9
1648.44
1647.26
1545.56
1549.91
1630.92
1590.44
1678.1
1720.88
1701.85
1610.68
1685.57
1672.06
1506.39
1665.91
1694.92
1664.64
1624.12
1709.87
1602.34
1605.68
1777.81
1598.76
1713.68
1413.02
1618.37
1618.33
1697.12
1652.78
1636.29
1621.84
1572.82
1574.51
1735.94
1675.03
1624.54
1764.8
1706.52
1534.73
1448.12
1571.41
1684.43
1575.25
1640.51
1644.96
1731.54
1495.73
1643.13
1588.36
1628.59
1499.35
1680.69
1751.78
1694.73
1672.3
1782.79
1616.02
1626.19
1673.7
1539.65
1723.1
1686.45
1601.25
1746.72
1629.54
1599.03
1626.19
1477.83
1716.87
1574.76
1545.06
1604.45
1566
1634.06
1690.18
1689.22
1481.97
1535.7
1563.04
1527.54
1673.44
1608.19
1764.86
1703.93
1595.77
1697.41
1644.86
1570.77
1682.59
1763.73
1581.01
1582.38
1638.84
1560.15
1679.59
1726.01
1691.26
1627.46
1537.88
1813.1
1661.04
1701.29
1713.91
1771.29
1526.21
1663.79
1650.58
1807.45
1632.49
1582.91
1746.43
1646.08
1569.36
1655.09
1618.02
1520.29
1791.48
1662.58
1464.1
1670.15
1640.17
1818.53
1727.97
1845.23
1550.61
1625.95
1545.24
1625.68
1642.18
1629.17
1657.77
1558.42
1501.1
1671.73
1854.88
1582.62
1735.01
1614.1
1383.95
1685.7
1541.45
1620.92
1460.79
1574.65
1721.3
1614.72
1640.11
1658.43
1541.75
1641.66
1531.55
1676.22
1756.26
1640.63
1477.56
1691.46
1555.26
1508.41
1578.36
1805.81
1549.98
1528.34
1568.64
1555.78
1595.81
1630.4
1703.24
1589.7
1721.44
1529.97
1569.09
1456.07
1642.53
1621.38
1633.26
1615.2
1770.23
1447.66
1506.75
1556.55
1681.5
1747.3
1582.63
1519.71
1590.63
1688.09
1519.92
1562.41
1600.03
1668.32
1509.3
1548.83
1673.28
1694.58
1795.45
1578.29
1546.73
1575.59
1644.81
1664.46
1542.19
1607.57
1694.09
1608.54
1664.94
1637.66
1736.82
1595.97
1486.8
1569.25
1548.63
1687.13
1633.09
1780.59
1856.51
1596.64
1646.43
1718.43
1744.47
1689.59
1569.23
1674.06
1657.81
1544.07
1654.15
1741.25
1626.21
1777.98
1623.1
1604.87
1686.57
1763.49
1701.49
1640.5
1824.28
1589.28
1707.17
1783.42
1651.66
1591.23
1692.74
1583.02
1608.33
1800.87
1534.87
1496.04
1597.12
1756.72
1722.07
1578.17
1571.41
1669.55
1603.87
1414.44
1545.34
1662.84
1629.29
1740.41
1649.36
1459.93
1596.23
1632.22
1591.58
1677.53
1740.12
1477.02
1599.21
1610.45
1675.61
1614.51
1582.35
1579.21
1632.56
1756.69
1644.3
1534.92
1666.01
1535.6
1543.85
1540.49
1679.84
1712.05
1659.57
1603.03
1596.37
1573.22
1753
1566.15
1590.37
1440.78
1578.99
1562.76
1481.18
1705.64
1649.65
1619.64
1769.46
1651.6
1622.4
1637.2
1642.44
1735.82
1668.52
1563.37
1649.09
1616.75
1416.12
1588.59
1663.02
1642.73
1729.29
1545.88
1429.63
1765.95
1730.69
1518.05
1891.46
1596.49
1572.57
1661.75
1484.51
1654.33
1810.27
1362.77
1669.88
1552.31
1668.12
1788.79
1648.46
1543.57
1755.19
1608.3
1706.01
1673.37
1631.65
1760.83
1626.63
1709.79
1529.05
1682
1533.58
1566.51
1780.36
1644.39
1543.45
1607.02
1504.03
1721.56
1588.14
1526.03
1754.92
1561.64
1613.19
1723.21
1567.5
1851.6
1764.02
1755.75
1766.06
1605.41
1614.65
1700.98
1549.61
1654.97
1598.62
1590.83
1599.11
1754.87
1639.5
1533.58
1665.73
1561.39
1632.45
1611.19
1547.7
1625.91
1657.44
1802.41
1715.61
1597.22
1567.07
1640.55
1632.79
1611.06
1643.09
1677.53
1594.76
1697.15
1691.24
1510.02
1650.33
1503.02
1564.31
1699.09
1642.11
1706.94
1585.53
1446.7
1558.24
1717.78
1660.75
1546.6
1586.08
1703.31
1892.6
1542.17
1598.95
1657.49
1549.27
1682.54
1608.84
1624
1528.67
1794.95
1700.3
1725.49
1770.05
1618.45
1636.55
1569.32
1589.18
1505.68
1583.48
1616.12
1763.23
1754.45
1594.68
1657.23
1531.13
1575.59
1519.13
1726.82
1846.01
1701.1
1611.45
1648.91
1551.86
1671.23
1618.75
1570.17
1629.91
1578.52
1543.3
1617.73
1719.14
1600.19
1743.75
1710.49
1679.07
1543.09
1522.49
1363.78
1671.84
1541.95
1554.59
1692.35
1722.01
1621.79
1691.18
1557.35
1645.41
1611.05
1630.07
1668.03
1645.8
1539.18
1560.15
1612.04
1579.1
1688.24
1677.07
1608.48
1548.2
1643
1714.11
1635.43
1602.64
1560.93
1532.04
1556.77
1682.48
1768.06
1752.53
1647.38
1747.18
1615.39
1590.61
1775.2
1610.23
1744.94
1619.84
1445.14
1599.92
1445.55
1586.41
1581.41
1691.86
1605.47
1668.37
1738.42
1485.29
1599.82
1574.66
1744.02
1671.91
1703.17
1561.97
1635.43
1604.58
1666.65
1672.02
1725.97
1656.55
1646.31
1546.4
1616.7
1708.25
1691.98
1629.28
1543.06
1631.47
1618.81
1607.16
1626.5
1588.83
1580.77
1605.85
1602.09
1619.39
1578.6
1618.47
1485.76
1512.35
1727.67
1577.68
1754.09
1662.78
1720.01
1648.59
1579.55
1715.33
1596.85
1509.85
1693.63
1620.96
1630.18
1638.87
1537.55
1850.44
1731.76
1717.68
1658.99
1745.93
1553.94
1619.85
1661.65
1697.53
1653.57
1416.81
1652.59
1459.74
1689.98
1519.66
1683.42
1611.43
1546.46
1473.48
1676.91
1511.08
1638.99
1483.81
1558.31
1558.71
1664.59
1710.67
1787.11
1690.44
1577.77
1541.84
1604.73
1669.88
1599.17
1518.69
1640.74
1568.91
1646.57
1500.42
1715.62
1586.98
1813.99
1570.27
1687.29
1570.56
1555.24
1530.33
1666.9
1549.89
1688.07
1632.49
1533.85
1508.64
1701.69
1661.21
1863.03
1599.69
1564.63
1561
1560.49
1664.73
1656.99
1701.37
1574.03
1788.62
1580.21
1615.86
1509.35
1614.3
1587.27
1593.28
1601.07
1593.96
1774.24
1581.91
1523.15
1644.29
1481.29
1709.82
1607.96
1559.13
1566.39
1552.36
1498.13
1526.95
1674.36
1691.77
1698.05
1535.29
1599.51
1672.41
1699.22
1726.78
1602.54
1580.55
1419.56
1539.59
1578.93
1787.32
1681.88
1628.98
1605.85
1606.34
1604.8
1681.26
1631.9
1667.69
1689.27
1624.69
1693.86
1613.57
1609.33
1640.35
1566.94
1673.58
1639.71
1709.85
1716.96
1560.5
1538.12
1648.86
1614.4
1632.17
1592.38
1672.69
1709.67
1615.24
1682.72
1713.55
1650.35
1514.29
1500.97
1585.54
1713.61
1617.3
1517.16
1713.26
1585.55
1724.46
1587.99
1629.12
1513.44
1688.93
1724.15
1693.26
1634.85
1583.94
1651.6
1541.06
1517.04
1691.76
1531.94
1560.57
1547.23
1598.38
1641.97
1664.1
1577.59
1636.9
1589.4
1608.29
1627.32
1544.67
1724.58
1544.84
1648.53
1610.87
1560.88
1713.39
1640.11
1680.67
1540.69
1769.04
1793.57
1637.69
1599.34
1707.39
1697.91
1665.78
1581.46
1583.96
1588.29
1611.38
1512.14
1667.87
1724.19
1616.92
1638.63
1601.44
1657.99
1605.87
1618.61
1639.24
1584.83
1529.09
1552.38
1714.25
1582.16
1539.65
1679.71
1575.28
1563.71
1576.9
1651.67
1559.84
1623.07
1814.41
1471.9
1588.56
1720.66
1698.42
1476.14
1619
1678.79
1768.02
1566.66
1727.76
1614.26
1717.39
1676.91
1476.19
1629.12
1652.9
1691.93
1690.65
1607.03
1520.73
1683.94
1684.47
1655.11
1461.66
1614.75
1543.96
1564.11
1614.34
1607.68
1496.88
1660.18
1471.36
1486.51
1709.84
1742.49
1648.97
1665.63
1702.89
1561.59
1545.68
1574.42
1541.71
1671.85
1551.12
1548.81
1665.58
1648.68
1468.08
1722.26
1653.27
1696.44
1728.55
1655.4
1621.84
1707.39
1718.91
1689.4
1600.25
1529.63
1549.03
1655.42
1605.93
1677.08
1732.09
1608.22
1572.49
1600.32
1643.86
1593.69
1496.13
1677.67
1476
1568.06
1743.96
1636.17
1538.04
1635.68
1706.69
1622.25
1699.46
1650.39
1721.96
1728.17
1599.15
1549.75
1638.14
1691.81
1625.92
1808.96
1575.79
1595.54
1694.29
1734.97
1603.87
1731.23
1424.23
1650.86
1606.33
1553.05
1563.82
1633.38
1533.36
1644.77
1645.87
1807.63
1491.28
1582.99
1593.19
1567.82
1623.91
1680.47
1681.04
1709.9
1654.21
1485.93
1681.82
1711.21
1493.71
1573.7
1828.82
1546.59
1559.15
1652.54
1771.78
1666.07
1448.27
1761.9
1528.44
1608.14
1492.95
1602.71
1652.05
1672.77
1771.77
1609.62
1510.28
1622.41
1632.2
1578.82
1682.96
1814.38
1519.36
1566.92
1542.19
1665.06
1604.07
1624.78
1712.25
1596.04
1668.1
1497.24
1553.19
1537.24
1612.64
1681.75
1526.64
1709.24
1714.87
1568.54
1633.28
1587.59
1621.66
1650.8
1587.08
1662.47
1650.89
1505.02
1559.47
1722.07
1837.28
1623.94
1696.64
1699.43
1756.95
1648.78
1606.26
1679.3
1538.57
1776.36
1627.09
1647.34
1619.12
1801.49
1850.67
1709.47
1658.92
1734.76
1639.91
1505.44
1675.51
1670.1
1545.03
1690.33
1528.23
1564.13
1768.12
1656.86
1680.25
1680.98
1635.74
1569.27
1666.23
1681.58
1732.17
1611.32
1620.77
1745.27
1560.31
1518.83
1607.23
1458.03
1695.63
1625.76
1643.44
1568.04
1702.54
1537.81
1645.34
1586.82
1658.8
1563.97
1597.73
1514.21
1707.24
1598.51
1614.41
1660.01
1618.78
1584.65
1619
1638.16
1726.73
1606.07
1509.56
1734.85
1615.57
1709.79
1577.03
1620.23
1629.58
1830.16
1538.77
1650.16
1616.78
1639.02
1683.26
1608.09
1580.76
1625.18
1633.31
1835.89
1620.49
1688.31
1585.68
1689.25
1554.95
1624.85
1562.34
1505.75
1617.55
1561.2
1538.96
1685.81
1683.81
1765.99
1580.7
1614.99
1561.58
1651
1633.34
1536.41
1588.94
1583.19
1488.78
1542.85
1653.69
1744.4
1597.18
1596.3
1578.19
1666.75
1621.77
1691.14
1671.17
1832.09
1711.46
1553.71
1437.39
1700.2
1711.57
1485.86
1502.6
1603.32
1532.65
1671.05
1774.23
1702.5
1607.07
1638.7
1610.1
1589.79
1686.96
1669.03
1584.52
1491.01
1630.29
1481.45
1829.99
1736.11
1681.87
1743.61
1448.32
1728.08
1854.29
1533.09
1523.75
1795.4
1662.8
1786.25
1678.13
1614.83
1568.72
1725.18
1627.02
1612.17
1831.7
1727.62
1690.28
1580.95
1748.53
1784
1612.7
1589.44
1550.53
1701.35
1542.71
1613.96
1600.35
1577.04
1661.45
1593.12
1533.53
1586.56
1555.11
1485.24
1819.9
1689.82
1580.55
1740.48
1652.08
1597.02
1680.41
1715.78
1616.75
1599.04
1628.4
1702.45
1785.73
1582.86
1698.26
1625.17
1505.08
1789.16
1669.35
1773.91
1642.57
1819.73
1695.88
1627.81
1819.13
1678.91
1645.79
1488.62
1781.66
1601.45
1559.56
1688.44
1632.58
1576.74
1624.66
1624
1586.6
1605.66
1635.45
1590.75
1469.73
1644.2
1490.47
1659.6
1589.23
1505.48
1737.38
1602.82
1795.49
1546.43
1508.4
1492.29
1568.77
1722.7
1571.43
1548.98
1664.81
1757.06
1620.14
1496.12
1631.3
1627.43
1652.07
1572.19
1652.2
1579.35
1622.4
1458.22
1725.82
1652.34
1798.07
1600.14
1747.93
1610.15
1781.12
1650.92
1738.5
1798.75
1465.38
1622.68
1596.24
1575.07
1740.97
1523.28
1695.63
1469.98
1648.45
1564.09
1661.92
1581.37
1578.65
1573.87
1786.43
1488.76
1496.46
1682.93
1541.31
1761.18
1616.22
1641.05
1584.79
1621.7
1581.72
1559.89
1540.89
1547.37
1427.46
1625.07
1552.9
1819.65
1565.36
1560.17
1595
1647.32
1550.54
1505.92
1601.87
1665.01
1578.24
1549.98
1661.41
1612.06
1676.23
1635.86
1567.75
1544.57
1616.05
1592.04
1592.8
1594.94
1656.93
1600.74
1750.65
1689.8
1695.57
1609.84
1490.77
1774.64
1576.34
1589.5
1611.23
1569.78
1743.63
1657.1
1549.63
1559.37
1656.22
1504.8
1692.06
1690.79
1689.84
1750.08
1520.57
1665.74
1585.16
1649.11
1681.46
1723.91
1633.63
1670.39
1666.71
1551.01
1528.87
1620.05
1692.27
1627.74
1685.04
1739.56
1694.37
1576.42
1669.09
1707.98
1707.78
1598.47
1669.19
1645.97
1412.72
1596.82
1700.23
1643.45
1641.41
1606.12
1568.38
1672.07
1637.99
1778.86
1785.52
1629.3
1655.5
1678.35
1567.43
1719.69
1697
1658.95
1717.58
1499.26
1601.31
1737.38
1586.9
1581.19
1564.05
1421.85
1718.63
1702.65
1606.96
1650.8
1752.37
1526.97
1545.38
1565.61
1766.25
1708.57
1607.72
1680.5
1630.07
1634.36
1662.93
1534.95
1623.89
1738.56
1674.03
1686.53
1670.16
1527.79
1609.64
1505.12
1652.08
1731.96
1665.09
1665.63
1567.87
1627.25
1554.71
1651.77
1672.62
1625.38
1586.53
1684.65
1609.67
1661.09
1668.14
1597.55
1739.03
1682.53
1606.96
1466.71
1615.61
1623.52
1698.23
1617.14
1757.77
1897.73
1659.96
1655.6
1518.35
1648.78
1615.4
1557.49
1579.91
1643.2
1693.55
1561.73
1501.48
1612.99
1518.67
1645.93
1626.75
1657.63
1568.8
1577.39
1743.51
1491.52
1743.13
1609.8
1569.65
1647.17
1601.22
1632.34
1676.15
1649.53
1596.81
1824.54
1569.58
1760.95
1725.51
1433.8
1654.88
1585.73
1787.12
1578.7
1553.68
1712.01
1756.66
1798.91
1663.98
1567.32
1624.34
1541.26
1773.6
1501.51
1498.17
1683.75
1524.06
1649.82
1647.19
1715.8
1674.76
1613.35
1587.02
1763.05
1558.14
1604.32
1645.59
1561.62
1701.14
1675.38
1655.78
1683.22
1562.67
1707.59
1671.94
1658.2
1658.97
1711.97
1531.55
1711.31
1620.47
1560.31
1624.26
1643.96
1728.88
1607.82
1749.94
1591.31
1555.77
1621.89
1634.66
1698.16
1680.21
1624.57
1623.64
1653
1537.81
1642.27
1601.53
1462.26
1646.22
1686.8
1598.83
1501.75
1701.88
1572.36
1709.82
1662.71
1650.5
1767.96
1574.56
1751.42
1657.48
1697.69
1687.19
1630.84
1529.71
1640
1543
1614.56
1641.25
1621.93
1499.48
1813.97
1673.11
1643.45
1632.63
1395.73
1712.44
1544.11
1570.8
1672.61
1741.7
1700.95
1673.83
1675.23
1604.24
1688.48
1644.96
1701.59
1755.58
1558.2
1779.33
1697.12
1617.99
1559.07
1568.07
1686.99
1773.96
1632.86
1716.28
1636.1
1566.63
1716.79
1669.1
1660.55
1684.99
1652.9
1545.58
1683.83
1622.52
1746
1687.36
1623.35
1624.94
1615.9
1477.47
1566.31
1691.39
1581.72
1608.71
1629.53
1722.02
1627.72
1617.64
1535.44
1637.17
1689.25
1623.03
1600.28
1696.32
1648.56
1836.33
1692.56
1534.18
1608.37
1577.97
1665.71
1467.82
1501.36
1608.62
1547.6
1675.37
1562.79
1659.47
1612.72
1691.93
1677.36
1718.18
1740.08
1679.97
1690.29
1603.67
1683.53
1521.43
1639.69
1656.73
1441.97
1664.58
1711.85
1544.25
1602.46
1725.72
1610.04
1558.33
1549.01
1633.93
1598.81
1454.54
1562.3
1639.59
1634.42
1542.78
1644.76
1556.11
1611.59
1573.22
1554.51
1561.33
1627.95
1642.56
1660.26
1594.13
1605.9
1537.28
1460.71
1648.17
1703.54
1774.58
1703.36
1741.3
1654.69
1502.05
1582.37
1691.49
1798.63
1576.87
1599.54
1661.17
1604.58
1607.59
1607.21
1468.55
1611.7
1729.52
1568.39
1612.57
1676.4
1527.21
1697.41
1699.31
1608.28
1880.98
1632.41
1710.71
1461.6
1628.35
1632.62
1692.86
1606.57
1639.86
1582.46
1708.37
1494.08
1579.17
1639.96
1709
1636.1
1422.14
1655.58
1539.71
1479.43
1593.18
1536.61
1535.97
1575.21
1595.6
1665.81
1517.25
1688.26
1571.13
1398.07
1566.42
1711.96
1502.07
1550.22
1680.77
1532.65
1643.1
1656.47
1608.11
1640.26
1668.44
1606.18
1487.09
1792.93
1653.37
1747.14
1615.68
1604.54
1602.48
1512.13
1589.8
1596.22
1706.49
1656.33
1650.07
1681.53
1582.22
1606.62
1646.92
1784.96
1697.97
1563.54
1601.61
1666.84
1682.24
1588.73
1599.81
1650.1
1610.05
1732.11
1488.24
1639.77
1705.49
1602.71
1880.04
1537.23
1568.51
1629.62
1692.95
1682.47
1717.35
1638.03
1649.13
1755.69
1536.76
1604.4
1456.06
1463.12
1802.05
1469.06
1729.56
1685
1694.98
1622.04
1680.43
1690.4
1528.96
1387.18
1496.74
1566.65
1457.54
1448.63
1721.05
1705.21
1623.69
1592.73
1511.36
1493.66
1697.29
1562.73
1811.26
1699.04
1525.22
1608.14
1733.08
1666.68
1513.26
1613.88
1564.75
1658.26
1590.81
1569.23
1580.94
1375.8
1620.99
1631.34
1685.82
1590.53
1652.87
1511.34
1648.94
1664.03
1713.22
1631.61
1533.82
1525.69
1747.93
1543.6
1594.83
1585.69
1661.75
1653.07
1820.16
1647.57
1628.97
1705.36
1686.56
1574.12
1530.03
1618.78
1577.76
1629.37
1737.3
1516.02
1676.26
1516.79
1601.28
1520.73
1781.09
1533.4
1423.51
1685.02
1638.59
1612.02
1528.99
1598.23
1635.08
1582.66
1625.39
1730.89
1728.38
1657.65
1753.28
1613.37
1585.06
1652.28
1627.67
1646.13
1701.32
1651.82
1599.37
1624.89
1619.71
1665.62
1531.38
1765.25
1662.08
1773.32
1694.01
1627.4
1726.64
1439.94
1579.34
1596.99
1709.54
1659.85
1608.99
1553.76
1602.81
1557.44
1556.63
1656.95
1575.94
1696.6
1700.79
1606.45
1471.9
1716.64
1693.63
1566.46
1584.21
1768.32
1599.44
1521.38
1701.46
1644.02
1544.42
1694.1
1668.59
1651.38
1742.14
1645.69
1693.36
1412.49
1499.84
1530.96
1591.83
1578.55
1860.48
1829.4
1758.97
1610.69
1568.07
1581.65
1629.52
1713.94
1562.66
1743.86
1694.32
1509.53
1682.54
1630.62
1651.24
1527.66
1494.84
1575.78
1650.99
1578.09
1711.12
1639.58
1675.89
1657.4
1686.63
1532.77
1571.68
1519.93
1582.99
1552.47
1588.99
1514.69
1430.69
1562.7
1490.42
1498.54
1788.16
1644.81
1458.91
1583.02
1654.18
1696.2
1476.64
1580.02
1657.66
1686.21
1562.75
1547.51
1521.58
1629.32
1840.79
1532.79
1749.81
1473.72
1507.06
1571.02
1656.3
1574.66
1614.7
1554.17
1532.01
1605.24
1539.88
1670.4
1677.06
1791.26
1641.21
1754.01
1548
1461.21
1693.33
1484.44
1524.9
1485.54
1680.61
1421.97
1688.57
1698.8
1669.62
1609.35
1625.66
1626.88
1646.92
1609.59
1616.37
1651.6
1767.21
1558.82
1629.03
1512.83
1579.61
1671.59
1592.82
1635.05
1447.77
1665.13
1631.6
1690.13
1650.82
1617.65
1732.57
1683.84
1462.39
1662.86
1609.5
1510.01
1913.5
1629.49
1670.25
1639.61
1665.87
1673.1
1572.34
1702.99
1654.84
1613.36
1723.6
1855.33
1511.2
1735.75
1562.75
1684.2
1542.86
1659.68
1570.06
1547.3
1665.83
1558.37
1619.46
1695.13
1581.67
1643.09
1551.43
1591.48
1618.02
1694.73
1637.51
1743.26
1630.3
1751.92
1469.98
1681.2
1683.04
1765.74
1766.57
1740.05
1580.66
1493.82
1708.99
1551.29
1658.39
1710.63
1588.87
1609.92
1699.5
1567.12
1699.12
1576.72
1652.84
1753.46
1559.21
1522.6
1692.74
1600.69
1848.26
1644.74
1644.62
1501.98
1619.44
1625.49
1711.79
1627.87
1747.5
1617.43
1555.01
1542.53
1477.2
1647.86
1553.4
1798.55
1639.26
1680.64
1527.83
1528.06
1725.69
1835.6
1606.13
1554.26
1583.45
1681.11
1657.79
1717.29
1657.68
1696.59
1647.55
1560.48
1720.05
1569.59
1686.39
1603.52
1628.32
1685.42
1635.1
1544.62
1680.12
1565.86
1637.17
1708.77
1726.7
1775.4
1619.9
1560.42
1537.89
1595.07
1705.11
1683.32
1653.85
1715.18
1554.5
1630.15
1654.56
1409.48
1732.15
1526.68
1391.13
1471.26
1639.72
1595.32
1759.06
1626.73
1739.2
1663.99
1622.64
1618.92
1890.01
1587.72
1651.29
1606.43
1600.74
1682.84
1709.14
1640.99
1531.13
1590.14
1614.83
1702.96
1501.11
1611.65
1661.28
1539.7
1532.08
1574.83
1596.11
1751.56
1769.27
1765.01
1600.7
1566.62
1613.94
1607.47
1707.05
1798.84
1514.52
1672.01
1724.76
1738.14
1497.66
1614.47
1712.17
1808.87
1697.41
1575.81
1808.93
1615.45
1645.31
1605.04
1583.56
1593.92
1625.27
1649.73
1652.73
1473.51
1611.98
1609.52
1629.95
1554.98
1494.47
1573.96
1575.25
1565.55
1621.56
1664.24
1780.72
1719.19
1643.95
1464.41
1605.31
1683.9
1648.79
1650.12
1662.15
1601.82
1594.29
1642.22
1606.84
1563.29
1670.44
1632.91
1755.78
1804.69
1623.7
1600.98
1646.57
1622.31
1517.3
1841.92
1534.32
1662.23
1737.38
1569.64
1798.19
1613.67
1737.24
1627.98
1666.58
1656.45
1718.62
1685.38
1667.1
1715.51
1506.72
1697
1716.05
1558.2
1496.18
1547.82
1616.89
1522.49
1420.3
1501.01
1662.87
1540.32
1534.5
1667.57
1534.04
1455.25
1491.02
1626.23
1493.42
1676.79
1685.94
1564.61
1633.85
1538.12
1670.22
1737.66
1701.44
1485.59
1622.31
1612.49
1556.22
1830.14
1666.65
1515.36
1637.97
1813.53
1687.66
1737.27
1704.68
1684.21
1590.52
1595.59
1642.67
1532.21
1657.36
1511.98
1653.22
1620.31
1545.03
1658.18
1787.59
1550.48
1685.42
1604.41
1685.43
1743.93
1559.84
1521.68
1532.41
1583.47
1713.91
1587.4
1684.01
1579.51
1641.53
1755.02
1662.25
1714.88
1613.98
1673.59
1663.27
1515.38
1740.71
1687.35
1618.16
1660.03
1635.72
1715.61
1578.21
1699.61
1656.34
1773.79
1664.92
1531.72
1549.77
1546.76
1607.74
1527.5
1524.68
1665.82
1729.59
1514.21
1693.53
1756.98
1580.46
1626.79
1705.73
1534.7
1616.87
1625.23
1523.9
1637.08
1650.83
1508.18
1631.32
1585.18
1642.81
1630.59
1594.52
1649.28
1682.12
1628.99
1616.09
1633.58
1605.88
1741.21
1672.9
1716.54
1660.02
1780.53
1525.41
1564.16
1688.44
1695.99
1561.12
1591.94
1556.85
1522.01
1566.5
1565.48
1605.29
1657.76
1483.18
1513.55
1503.27
1750.66
1543.31
1653.49
1672.74
1621.16
1469.82
1751.32
1661.88
1704.3
1626.53
1699.31
1569.9
1576.7
1672.3
1749.64
1748.49
1709.04
1758.3
1781.73
1669.25
1699.48
1578.35
1594.94
1544.73
1664.4
1519.96
1627.65
1702.87
1549.01
1707.26
1568.66
1566.28
1540.83
1574.66
1565.9
1627.51
1569.73
1558.34
1520.03
1598.03
1581.84
1562.29
1530.12
1629.28
1597.76
1754.55
1655.08
1696.22
1578.23
1568.86
1512.41
1691.4
1530.19
1734.31
1627
1655.57
1700.17
1681.86
1624.18
1378.53
1736.15
1622.35
1670.81
1587.22
1658.45
1729.76
1623.24
1709.38
1696.25
1530.42
1488.61
1704.13
1618.26
1593.98
1564.09
1625.79
1498.58
1842.31
1616.48
1715.58
1627.58
1632.01
1712.93
1590.42
1668.5
1592.38
1525.23
1794.27
1546.89
1638.47
1505.5
1662.76
1747.81
1678.77
1719.81
1580.29
1719.2
1608.81
1618.86
1594.87
1608.67
1804.99
1722.9
1764.71
1498.63
1424.79
1761.2
1561.45
1634.06
1556.28
1579.51
1614.7
1627.79
1574.75
1714.29
1687.77
1555.46
1669.23
1560.75
1717.2
1456.73
1795.17
1753.79
1550.24
1802.68
1686.91
1526.61
1678.26
1552.39
1491.96
1525.37
1598.44
1592.93
1677.2
1644.81
1596.24
1600.49
1482.72
1632.91
1738.69
1646.23
1536.11
1338.29
1688.59
1533.7
1637.1
1544.27
1629.23
1616.8
1694.11
1546.82
1631.55
1663.94
1483.88
1460.66
1723.36
1778.34
1618.5
1587.3
1498.89
1539.7
1664.23
1613.41
1822.24
1795.06
1649.74
1679.58
1628.49
1588.03
1614.28
1742.48
1622.29
1715.38
1716.17
1580.56
1595.96
1733.42
1680.58
1536.7
1723.75
1554.3
1778.28
1698.74
1648.08
1564.52
1561.86
1462.11
1723.33
1586.67
1747.37
1606.05
1593.61
1669.14
1674.48
1598.75
1534.67
1555.02
1619.61
1666.86
1625.39
1664.86
1530.69
1731.48
1588.6
1740.76
1487.51
1524.92
1679.2
1752.22
1550.07
1644.32
1646.92
1727.84
1747.63
1524.12
1646.39
1738.51
1626.45
1681.71
1468.27
1718.12
1520.9
1712.96
1692.81
1651.14
1597.89
1660.24
1619.25
1499.55
1690.59
1764
1593.28
1538.45
1583.77
1641.12
1595.64
1581.32
1623.61
1622.75
1626.43
1744.66
1679.61
1613.06
1591.56
1517.32
1712.59
1653.58
1608.65
1646.03
1615.56
1500.6
1775.41
1574.56
1670.35
1671.94
1603.91
1556.26
1663.91
1451.93
1703.71
1735.51
1788.5
1582.27
1681.96
1652.12
1689.95
1777.15
1573.17
1649.23
1671.06
1501.96
1516.33
1537.05
1632.44
1614.71
1529.1
1628.77
1678.65
1592.64
1698.52
1745.14
1589.76
1689.63
1777.91
1526.89
1748.94
1668.61
1580.29
1509.32
1610.68
1623.83
1813.05
1630.17
1665.19
1752.6
1547.95
1624.37
1465.82
1624.74
1632.67
1701.82
1625.22
1665.39
1489.95
1701.51
1578.12
1804.76
1783.77
1583.32
1704.19
1541.08
1735.22
1756.22
1452.28
1561.36
1542.08
1541.63
1732.72
1556
1675.6
1536
1527.46
1695.73
1674.11
1691.15
1569.07
1657.49
1545.34
1636.55
1636.47
1648.85
1745.73
1659.27
1719.32
1676.99
1584.97
1529.71
1515.83
1569.74
1634.56
1612.46
1667.74
1792.86
1748.32
1547.25
1826.08
1776.95
1746.69
1618.74
1529.54
1664.18
1738.49
1533.12
1640.26
1567
1592.31
1614.86
1650.56
1778.95
1670.01
1685.64
1576.54
1670.33
1719.86
1545.14
1706.35
1712.6
1641.71
1627.71
1485.99
1750.25
1681.83
1583.57
1546.51
1607.6
1747.44
1703.59
1650.03
1632.5
1658.21
1674.07
1603.78
1574.72
1422.6
1701.7
1651.76
1688.4
1671.15
1659.57
1517.92
1699.85
1731.87
1681.54
1603.21
1530.57
1641.28
1634.01
1737.94
1588.28
1672.9
1728.38
1740.12
1502.6
1552.11
1568.95
1664.72
1666.44
1663.72
1534.72
1525.74
1609.74
1675.02
1626
1722.81
1605.73
1579.61
1683.79
1611.48
1652.89
1696.07
1724.23
1608.23
1502.08
1600.78
1757.85
1741.78
1604.44
1610.81
1778.52
1626.84
1792.68
1618.1
1550.69
1715.91
1734.72
1619.24
1634.6
1763.52
1636.05
1628.14
1566.95
1773.14
1677.05
1681.49
1741.81
1651.13
1574
1643.66
1604.48
1721.95
1495.77
1462.6
1536.72
1566.35
1635.72
1605.29
1535.82
1648.1
1589.73
1721.68
1585.31
1453.8
1685.55
1578.19
1641.67
1605.98
1704.34
1739.6
1508.54
1636.11
1505.27
1715.95
1607.95
1677.62
1674.63
1624.09
1695.5
1468.11
1643.94
1748.58
1699.57
1630.95
1701.99
1718.52
1791.83
1679.36
1505.68
1605.86
1511.98
1691.94
1575.17
1785.58
1500.63
1624.74
1653.02
1822.41
1510.79
1582.91
1514.81
1697.03
1571.23
1520.17
1533.33
1654.2
1501.68
1570.55
1707.86
1780.06
1652.22
1668.92
1577.36
1662.32
1608.97
1744.56
1607.45
1628.91
1592.14
1593.33
1680.35
1677.41
1703.63
1570.91
1707.32
1512.66
1481.6
1820.33
1671.65
1624.07
1662.8
1641.42
1671.56
1649.03
1546.81
1554.46
1672.26
1593.15
1721.02
1751.83
1779.5
1604.71
1467.08
1584.99
1676.56
1580.93
1552.71
1566.68
1589.97
1672.18
1528.23
1691.13
1603.77
1661.19
1600.26
1571.51
1483.93
1487.77
1658.65
1609.78
1611.77
1585.36
1517.83
1691.66
1666.04
1903.66
1607.14
1521.89
1740.95
1637.57
1518.85
1552.73
1684.61
1637.25
1673.23
1564.48
1697.06
1610.28
1606.19
1645.43
1726.29
1594.44
1697.33
1523.01
1701.79
1644.05
1489.29
1624.07
1645.69
1564.39
1522.61
1685.88
1635.76
1704.39
1711.8
1554.28
1600.41
1618.1
1642.33
1677.82
1709.44
1729.72
1648.89
1688.93
1700.67
1604.36
1840.44
1663.46
1619.53
1597.45
1743.54
1591.03
1675.43
1551.98
1514.6
1559.06
1700.56
1617.81
1625.69
1563.75
1691.65
1650.47
1573.96
1668.03
1561.51
1676.62
1589.45
1549.3
1506.6
1579.41
1479.9
1689.35
1623.08
1612.02
1660.07
1550.77
1652.93
1561.58
1629.09
1617.82
1665.72
1694.15
1554.94
1732.47
1709.49
1742.45
1818.86
1597.93
1602.55
1688.92
1566.93
1667.41
1684.37
1616.03
1805.1
1647.74
1709.01
1837.12
1684.21
1573.77
1563.2
1702.95
1562.19
1634.45
1625.64
1572.69
1489.48
1578.57
1512.06
1683.29
1584.02
1499.27
1515.29
1779.18
1703.14
1554.16
1619.3
1755.09
1597.97
1521.35
1552.99
1502.25
1755.96
1550.15
1688.07
1487.73
1558.27
1608.4
1547.67
1554.65
1605.41
1779.77
1538.83
1623.64
1680.61
1700.26
1637.34
1727.64
1702.03
1771.2
1619.39
1592.32
1747.35
1661.59
1705.08
1540.36
1682.62
1598.65
1557.93
1655.26
1607.84
1700.1
1680.74
1702.75
1745.68
1696.56
1550.5
1573.01
1517.24
1631.17
1651.5
1677.47
1732.94
1659.56
1771.7
1641.07
1640.88
1673.39
1589.81
1603.29
1565.15
1640.58
1551.2
1662.34
1683.01
1599.11
1612.03
1718.63
1469.93
1773.13
1648.25
1693.89
1676.81
1529.97
1659.14
1730.64
1681.42
1732.47
1641.05
1711.85
1546.06
1722.01
1675.92
1782.19
1527.18
1802.53
1676.85
1664.78
1665.26
1586.28
1594.23
1518.43
1565.84
1453.06
1649.59
1678.32
1592.81
1690.45
1428.72
1632.31
1691.69
1587.44
1598.24
1743.21
1598.9
1531.95
1707.11
1657.26
1638.33
1644.33
1767.27
1484.72
1574.43
1509.73
1691.37
1594.86
1678.42
1622.91
1781.25
1686.04
1634.86
1663.8
1664.49
1688.62
1549.98
1683.72
1575.92
1613.42
1594.74
1604.75
1763.36
1608.62
1740.18
1649.04
1445.88
1658.91
1686.06
1520.82
1532.91
1627.42
1741.53
1647.6
1590.57
1477.13
1636.6
1527.21
1646.2
1682.67
1587.59
1748.88
1628.49
1653.04
1626.5
1505.49
1766.94
1539.31
1787.65
1537.9
1702.39
1507.75
1733.59
1546.03
1558.78
1683.59
1591.76
1652.11
1587.23
1564.71
1820.5
1555.99
1676.69
1688.43
1700.05
1466.93
1739.49
1464.65
1582.56
1578.8
1537.58
1661.93
1658.79
1632.62
1635.51
1699.38
1561.63
1690.9
1671.31
1639.43
1593.67
1711.45
1507.79
1658.21
1594.38
1625.29
1741.23
1604.53
1592.35
1614.84
1519.48
1598.59
1751.05
1617.82
1444.21
1787.65
1680.85
1637.09
1729.42
1618.39
1520.6
1593.58
1654.8
1588.57
1463.93
1577.93
1644.06
1712.52
1565.26
1615.34
1594.67
1751.94
1501.83
1680.9
1563.19
1737.01
1616.56
1617.17
1525.34
1665.76
1670.39
1612.69
1655.18
1709.89
1670.1
1608.14
1643.75
1751.71
1698.46
1686.51
1481.14
1848.24
1582.03
1574.96
1662.36
1630.8
1639.21
1618.85
1580.16
1608.62
1696.73
1634.3
1703.11
1534.69
1702.59
1636.96
1512.73
1654.12
1596.48
1648.67
1528.65
1545.69
1645.55
1554.39
1599.53
1678.26
1691.15
1556.71
1693.53
1595.54
1627.8
1575.68
1619.8
1556.99
1576.56
1605.13
1634.1
1565.53
1693.97
1677.8
1601.12
1481.26
1681.82
1679
1780.11
1626.88
1627.3
1549.77
1414.24
1721.51
1611.87
1745.33
1625.67
1663.92
1679.08
1521.79
1398.97
1616.84
1615.85
1601.85
1548.75
1614.44
1573.3
1595.34
1669.08
1635.92
1592.09
1615.13
1602.3
1717.93
1572.55
1575.7
1606.95
1599.41
1710.45
1472.72
1625.69
1713.42
1619.24
1443.49
1678.18
1724.63
1637.18
1655.33
1717.28
1654.07
1761.85
1622.34
1734.46
1546.24
1565.31
1552.48
1583.74
1519.97
1667.91
1718.61
1522.31
1788.96
1720.65
1520.98
1650.52
1613.32
1656.28
1590.65
1567.75
1699.78
1721.38
1569.43
1651.42
1797.55
1576.9
1663.63
1431.89
1418.05
1701.36
1528.5
1576.93
1710.84
1631.34
1635.86
1634.65
1708.32
1597.22
1564.37
1646.48
1527.03
1666.12
1590.66
1570.05
1592.29
1508.5
1665.72
1503.61
1568.21
1506.26
1584.29
1719.07
1782.44
1646.26
1765.02
1566.09
1583.65
1673.09
1620.17
1526.95
1468.05
1679.03
1741.95
1524.71
1635.58
1511.44
1598.86
1666.26
1592.68
1686.84
1547.59
1576.75
1663.61
1550.31
1490.25
1632.57
1527.2
1604.51
1626.48
1642.8
1621.62
1662.34
1648.25
1592.17
1657.81
1681.35
1650.15
1612.75
1562.12
1736.2
1660.6
1585.51
1681.54
1774.98
1600.59
1581.9
1758.42
1677.56
1624.39
1582.89
1501.89
1641.7
1597.41
1538.64
1546.7
1644.42
1705.05
1661.54
1510.39
1597.99
1705.3
1347.34
1668.01
1663.31
1752.33
1582.85
1546.89
1789.62
1552.88
1705.92
1690.34
1625.88
1757.51
1662.06
1708.15
1604.32
1427.84
1687.27
1599.07
1546.8
1622.75
1607.14
1690.48
1614.28
1533.55
1600.87
1555.63
1666.87
1604.86
1515.33
1576.78
1529.33
1664.2
1783.05
1641.96
1439.4
1653.78
1494.81
1518.99
1696.38
1645.74
1585.98
1670.88
1675.33
1668.95
1579.08
1726.56
1639.67
1666.85
1541.41
1724.99
1626.23
1482.65
1687.14
1651.26
1555.9
1601.67
1702.38
1667.46
1518.99
1616.49
1598.77
1625.81
1744.73
1734
1618.97
1614.76
1703.7
1717.05
1719.04
1667.45
1781.93
1537.54
1580.83
1567.32
1731.03
1692.87
1682.18
1504
1711.03
1613.6
1729.21
1600.15
1682.58
1616.44
1799.42
1519.13
1671.86
1782.84
1688.66
1657.4
1593.98
1677.58
1748.18
1577.1
1708.34
1644.14
1668.98
1632.04
1698.43
1622.08
1589.9
1551.34
1422.04
1678.34
1754.27
1471.29
1515.7
1595.23
1574.73
1589.2
1627.81
1576.37
1652.34
1574.56
1806.7
1753.61
1717.34
1568.69
1675.79
1658.86
1591.15
1762.08
1553.4
1658.12
1579.98
1656.47
1563.79
1722.67
1637.12
1782.62
1579.87
1714.87
1634.51
1507.27
1615.56
1577.3
1497.42
1614.14
1635.9
1487.79
1668.75
1585.15
1629.65
1748.47
1587.62
1570.07
1690.92
1734.3
1713.6
1686.71
1532.72
1712.95
1521.99
1671.7
1592.47
1693.77
1615.83
1766.23
1619.39
1718.3
1612.18
1607.4
1646.22
1503.16
1670.86
1540.26
1719.78
1738.96
1641.03
1713.31
1706.42
1555.92
1740.92
1749.43
1644.85
1673.87
1738.07
1664.91
1629.83
1598.59
1549.21
1534.98
1523.36
1604.03
1630.3
1625.11
1556.88
1682.01
1640.09
1730.43
1583.99
1579.56
1559.32
1701.22
1677.28
1692.93
1777.74
1609.29
1592.82
1603.76
1764.84
1538.29
1725.09
1619.83
1572.43
1552.26
1755.16
1725.79
1677.67
1470.06
1519.06
1492.35
1671.92
1579.89
1599.23
1650.08
1715.8
1480.12
1694.86
1726.63
1520.52
1636.52
1695.25
1659.54
1637.27
1612.64
1546.72
1706.41
1692.89
1588.74
1830.98
1851.17
1628.05
1708.28
1673.62
1684.38
1630.67
1637.3
1721.47
1564.82
1570.51
1756.13
1711.44
1561.83
1638.06
1576.63
1820.25
1717.87
1744.64
1456.12
1781.27
1569.47
1535.18
1585.21
1663.27
1535.59
1529.1
1711
1480.59
1582.56
1608.68
1601.18
1653.92
1542.03
1740.39
1560.86
1640.91
1494.67
1476.17
1622.62
1543.35
1603.15
1670.98
1647.73
1646.57
1559.68
1700.9
1612.25
1518.19
1721.96
1737.1
1784.38
1634.72
1639.44
1776.85
1731.02
1618.32
1662
1674
1875.88
1533.52
1626.51
1532.79
1646.11
1665.84
1546.08
1686.17
1691.15
1673.34
1582.02
1517.48
1533.24
1685.36
1701.89
1737.28
1702.2
1596.67
1711.19
1561.1
1650.1
1585.19
1811.49
1709.97
1704
1595.69
1764.74
1619.18
1685.44
1597.17
1675.8
1642.95
1466.63
1670.59
1777.93
1602.53
1613.5
1655.86
1633.86
1601.94
1709.21
1610.79
1682.18
1690.48
1681.2
1405.9
1624.42
1567.58
1512.45
1597.18
1528.47
1579.49
1499.07
1786.78
1667.17
1662.63
1604.3
1667.65
1746.53
1560.81
1538.08
1684.61
1608.52
1672.6
1764.19
1649.15
1827.26
1530.15
1728.65
1664.7
1567.84
1652.33
1700.06
1630.69
1529.49
1669.71
1676.56
1631.64
1567.5
1742.75
1662.48
1781.73
1595.34
1658.06
1561.87
1750.69
1636
1542.69
1628.34
1660.39
1683.83
1690.38
1719.92
1682.8
1727.22
1817.78
1498.5
1520.71
1690.69
1613.07
1585.52
1635.69
1592.26
1546.1
1682.38
1645.07
1604.91
1598.02
1686.29
1725.15
1570.97
1874.57
1562.18
1656.67
1673.9
1679.29
1537.91
1550.01
1608.46
1645.51
1766.11
1704.33
1765.7
1593.74
1608.37
1654.79
1598.88
1700.6
1743.92
1475.64
1750.99
1532.49
1604.74
1653.71
1542.36
1662.81
1480.21
1509.87
1673.2
1663.26
1624.51
1602.88
1465.27
1813.1
1722.58
1548.45
1644.53
1592.31
1706.26
1632.77
1492.65
1598.99
1654.48
1481.94
1651.01
1735.13
1593.6
1552.91
1739.88
1640.8
1479.39
1509.29
1668.49
1618.7
1495.37
1488.28
1688.96
1553.42
1597.56
1673.56
1721.37
1695.76
1682.91
1545.01
1687.96
1536.07
1693.11
1504.8
1508.4
1743.49
1573.61
1483.62
1543.16
1656.52
1663.6
1504.84
1722.77
1654.9
1428.05
1548.11
1635.66
1594.94
1584.23
1550.28
1595.51
1621.6
1522.03
1544.9
1732.9
1692.73
1572.72
1644.49
1556.78
1694.9
1670.63
1641.58
1628.2
1740.78
1672.32
1815.3
1561.87
1552.9
1671.99
1703.18
1607.9
1752.56
1586.24
1663.1
1679.57
1487.31
1609.13
1711.11
1628.32
1552.77
1689.68
1671.75
1676.74
1632.8
1580.28
1832.3
1544.74
1604.16
1796.46
1653.04
1663.82
1577.42
1617.51
1562.33
1553.51
1603.08
1470.89
1625.4
1545.52
1542.36
1528.75
1551.41
1535.2
1630.38
1695.61
1553.69
1618.18
1745.03
1629.62
1602.08
1494.08
1571.75
1678.93
1776.43
1498.53
1605.63
1625.04
1603.46
1783.42
1599.6
1606.84
1856.61
1558.35
1560.69
1700.87
1697.27
1698.33
1616.8
1663.47
1567.28
1559.88
1676.78
1599.79
1636.25
1514.02
1607.66
1630.2
1553.93
1644.4
1698.89
1818.92
1653.99
1621.1
1796.1
1737.72
1629.45
1683.48
1691.65
1746.42
1692.32
1646.64
1517.85
1637.48
1677.27
1657.24
1542.49
1610.47
1733.6
1679.77
1541.71
1707.37
1656.85
1581.82
1490.71
1654.43
1668.75
1571.15
1687.6
1465.67
1646.58
1655.33
1660.94
1466.36
1623.31
1568.83
1869.22
1680.14
1522.06
1608.81
1725.2
1579.46
1564.55
1587.82
1756.32
1657.95
1550.51
1593.34
1712.25
1671.83
1684.4
1570.41
1552.81
1576.4
1658.08
1650.59
1514.46
1611.27
1680.44
1428.2
1711.56
1654.28
1575.21
1644.54
1614.35
1552.46
1608.98
1767.58
1640.87
1518.62
1611.64
1437.92
1567.32
1480.94
1563.14
1522.29
1561.73
1708.18
1626.9
1615.09
1758.29
1589.25
1557.56
1528.98
1686.04
1836.22
1723.92
1598.23
1568.1
1641.49
1719.18
1513.96
1872.66
1663.12
1582.84
1469.55
1671.48
1630.2
1559.24
1629.39
1790.58
1507.78
1592.49
1692.77
1442.26
1685.36
1619.52
1638.58
1538.43
1623.61
1714.49
1620.86
1684.82
1612.42
1758.84
1645.3
1635.62
1619.71
1640.84
1785.27
1643.67
1515.01
1736.49
1685.07
1590.05
1680.11
1578.85
1624.92
1659.93
1715.27
1524.7
1687.73
1794.87
1579.32
1727.9
1704.21
1731.2
1645.86
1674.56
1629.76
1772.18
1563.9
1695.52
1737.17
1559.16
1596.87
1659.55
1582.04
1717.09
1688.82
1603.07
1715.37
1688.33
1560.86
1649.51
1645.87
1761.64
1495.04
1721.98
1570.8
1646.27
1522.15
1799.23
1689.24
1523.17
1785.99
1622.59
1612.42
1622.83
1593.45
1562.13
1766.77
1637.68
1515.38
1513.97
1783.77
1677.1
1609.99
1749.42
1771.5
1619.41
1506.44
1542.95
1712.31
1546.78
1678.17
1655.03
1695.01
1660.12
1624.89
1629.88
1595.54
1557.26
1730.05
1758.48
1693.89
1669.31
1704.32
1669.2
1598.74
1648.99
1519.63
1658.65
1651.25
1709.22
1401.13
1469.81
1675.66
1734.74
1618.36
1666.62
1762.46
1670.5
1562.18
1737.59
1674.71
1650.25
1622.54
1724.4
1620.7
1651.48
1780.54
1539.06
1714.03
1450.3
1488.2
1630.09
1635.58
1716.14
1605.62
1557.48
1698.85
1544.97
1722.12
1693.5
1568.5
1557.09
1679.76
1546.77
1580.64
1758.63
1611.76
1599.12
1625.99
1635.18
1743.35
1573.27
1636.85
1519.15
1796.01
1486.93
1552.03
1574.02
1547.1
1624.53
1567.29
1739.84
1868.58
1598.24
1656.06
1597.23
1611.5
1713.64
1677.71
1689.28
1694.45
1608.46
1618.2
1516.53
1591.47
1615.56
1663.31
1809.91
1546.15
1595.05
1707.98
1690.68
1708.84
1468.9
1737.04
1806.58
1679.67
1675.84
1645.65
1492.17
1611.39
1518.86
1581.85
1593.64
1638.28
1657.45
1702
1647.13
1525.8
1689.79
1658.84
1533.17
1709.14
1730.75
1637.6
1594.79
1579.61
1726.33
1758.07
1671.59
1496.11
1656.51
1683.13
1671.05
1607.93
1498.85
1762.77
1867.27
1601.01
1615.01
1446.93
1740.25
1577.65
1715.1
1572.88
1746.62
1645.45
1663.88
1601.66
1514.2
1752.2
1602.46
1531.91
1802.97
1748.97
1720.69
1588.48
1536.59
1689.96
1573.97
1656.57
1717.74
1685.08
1703.86
1611.65
1762.56
1629.05
1600.86
1536.04
1574.11
1838.67
1601.29
1699.07
1758.05
1563.57
1737.22
1628.83
1619.35
1524.58
1526.26
1620.26
1677.83
1577.29
1666.81
1638.49
1688.82
1700.62
1770.41
1469.94
1565.24
1635.21
1584.1
1704.21
1588.74
1575.52
1698.4
1702.02
1500.55
1562.12
1606.23
1642.63
1554.58
1584.57
1610.92
1567.95
1622.76
1517.67
1583.52
1548.41
1508.31
1601.03
1638.49
1738.02
1587.27
1582.55
1614.36
1522.24
1707.36
1620.74
1685.39
1539.37
1773.46
1650.24
1804.85
1687.48
1537.65
1497.06
1561.24
1546.75
1654.08
1589.1
1578.3
1771.27
1518.23
1662.57
1727.64
1659.73
1711.19
1665.08
1576
1652.38
1544.4
1796.74
1631.63
1647.67
1713.92
1736.13
1710.88
1632.08
1634.67
1650.89
1701.97
1627.89
1738.32
1551.83
1431.23
1649.7
1480.15
1617.82
1801.9
1644
1618.78
1524.61
1583.34
1681.8
1572.79
1488.88
1527.88
1589.5
1669.59
1650.56
1514.6
1618.75
1626.05
1780.69
1731.93
1685.4
1628.22
1666.82
1791.1
1662.03
1583.51
1585.25
1528.4
1616.5
1662.52
1665.59
1559.43
1557.08
1542.91
1580.74
1554.87
1606.53
1673.99
1484.05
1789.05
1531.43
1655.09
1530.81
1564.25
1483.39
1532.92
1663.69
1664.88
1639.82
1561.02
1575.56
1561.13
1641.59
1566.27
1701.8
1708.77
1562.79
1681.09
1499.44
1555.56
1562.71
1578.92
1566.22
1692.03
1483.53
1539.02
1538.91
1685.16
1513.04
1519.98
1470.43
1679.72
1625.83
1617.45
1715.7
1758.6
1519.17
1599.24
1788.3
1647.38
1649.8
1696.5
1562.95
1747.88
1725.42
1637.92
1625.66
1677.63
1660.09
1631.28
1681.75
1740.7
1657.24
1549.65
1644.11
1726.43
1663.43
1490.3
1708.02
1544.71
1569.07
1715.52
1494.55
1622.82
1770.64
1776.88
1710.09
1550.25
1634.82
1569.43
1567.13
1611.17
1583.2
1658.25
1621.09
1552.65
1667.88
1695.08
1567.87
1670.64
1527.71
1618.36
1565.44
1633.44
1636.32
1676.84
1564.62
1656.66
1726.53
1618.89
1677.81
1692.75
1678.15
1708.06
1499.74
1461.32
1662.42
1672.47
1661.18
1618.77
1685.71
1512.71
1683.47
1479.84
1725.91
1527.59
1598.26
1643.6
1530.81
1665.76
1567.78
1640.9
1588.47
1692.37
1749.47
1507.18
1694.03
1506.92
1657.56
1476.98
1493.67
1780.72
1727.62
1599.91
1643.96
1549.76
1548.47
1618.09
1573.28
1656.13
1591.15
1458.45
1514.87
1623.14
1657.14
1598.11
1639.69
1631.01
1689.98
1834.91
1523.17
1756.54
1497.58
1493.83
1592.16
1597.63
1701.52
1569.05
1818.02
1721.32
1616.07
1609.23
1507.34
1580.79
1398.17
1565.98
1538.8
1571.93
1755.74
1671.52
1609.3
1397.51
1517.65
1626.49
1672.29
1595.79
1656.62
1578.8
1708.91
1750.41
1728.65
1772
1678.95
1687.21
1600.51
1606.66
1779.99
1562.95
1604.05
1614.7
1650.72
1624.94
1770.29
1483.17
1731.87
1503.52
1591.58
1575.89
1594.41
1882.79
1586.23
1594.14
1552.1
1813.34
1383.52
1591.74
1641.61
1687.61
1593.53
1619.71
1641.93
1671.59
1553.94
1729.6
1760.49
1676.72
1515.21
1584.14
1569.29
1708.75
1562.42
1611.25
1584.15
1660.97
1605.36
1681.61
1528.77
1584.77
1690.64
1540.67
1486.44
1699.47
1570
1648.91
1813.93
1641.96
1781.23
1556.82
1696.73
1707.47
1718.79
1693.83
1708.95
1689.2
1646.93
1538.58
1709.65
1768.76
1730.42
1731.81
1544.36
1666.72
1521.5
1611.12
1688.4
1675.61
1675.76
1520.24
1794.94
1490.05
1697.2
1679.38
1612.13
1602.61
1609.68
1563.71
1615.49
1701.5
1775.81
1516.04
1554.41
1755.33
1675.86
1548.05
1667.84
1611.49
1544.7
1536.73
1682.47
1692.58
1725.96
1564.31
1728.37
1604.78
1664.68
1664.66
1696.98
1601.25
1618.67
1645.37
1695.97
1538.36
1643.33
1612.54
1699.73
1735.27
1713.87
1587.53
1756.7
1647.03
1611.39
1670.35
1760.41
1637.84
1555.06
1530.04
1509.96
1567.42
1575.9
1583.44
1535.17
1675.87
1553.12
1604.16
1569.56
1658.71
1658.47
1577.41
1674.95
1752.37
1525.17
1678.73
1533.94
1706.26
1600.82
1710.94
1623.95
1730.76
1646.6
1569.49
1730.16
1621.95
1569.01
1562.4
1521.08
1680.56
1701.04
1686.09
1776.37
1633.98
1725.61
1766.76
1500.29
1750.45
1716.25
1515.04
1592.23
1679.12
1799.75
1599.6
1629.61
1488.54
1790.29
1650.94
1608.79
1648.19
1689.63
1641.61
1727.07
1695.03
1530
1698.31
1561.32
1581.5
1651.1
1437.36
1592.47
1607.05
1820.42
1633.25
1592.16
1538.72
1551.29
1542.48
1531.28
1698.42
1509.67
1651.09
1770.55
1626.99
1522.96
1525.53
1697.68
1569.57
1651.75
1613.62
1581.33
1646.83
1624.28
1678.42
1589.91
1667.26
1653.21
1500.82
1667.06
1592.31
1656.51
1613.18
1595.42
1588.77
1643.74
1608.43
1560.17
1503.51
1720.23
1522.45
1552.45
1866.96
1712.11
1516.18
1682.33
1411.46
1625.71
1600.25
1717.23
1705.22
1584.88
1647.09
1533.52
1597.82
1522.63
1567.87
1599.16
1627.61
1717.7
1484.45
1484.55
1683.3
1690.36
1674.8
1672.65
1731.12
1616.14
1661.2
1726.3
1740.08
1448.29
1646.01
1656.77
1509.22
1677.19
1649.26
1605.94
1526.63
1664.56
1530.77
1593.74
1704.94
1616.48
1773.76
1734.68
1639.03
1646.8
1691.66
1692.02
1809.98
1576.29
1671.29
1635.3
1701.61
1575.66
1663.81
1698.31
1646
1736.11
1606.41
1461.01
1799.54
1749.77
1635.06
1610.16
1692.1
1720.48
1580.64
1643.61
1608.54
1636.38
1683
1589.08
1678.26
1546.8
1758.44
1657.24
1679.22
1596.21
1671.85
1619.18
1655.2
1580.44
1555.97
1792.81
1598.31
1591.48
1703.11
1536.78
1631.68
1675.47
1603.19
1587.13
1616.45
1688.47
1656.8
1715.32
1613.15
1795.35
1749.3
1752.57
1493.75
1710.84
1860.49
1777.6
1637.65
1625.24
1638.37
1739.8
1645.76
1661.22
1731.03
1504.85
1641.36
1793.15
1584.91
1664.21
1499.07
1676.14
1692.19
1813.34
1513.14
1562.5
1694.07
1780.47
1577.35
1707.65
1682.78
1581.86
1679.6
1620.92
1683.43
1537.5
1622.95
1627.93
1625.12
1638.93
1657.42
1522.93
1662.85
1529.27
1785.19
1681.36
1548.04
1697.68
1584.25
1545.54
1599.78
1616.11
1747.43
1536.47
1526.55
1641.39
1644.95
1631.58
1595.67
1602.37
1521.12
1498.18
1712.32
1555.31
1613.55
1530.44
1642.04
1562.06
1625.46
1769.94
1592.85
1639.04
1480.53
1570.62
1632.78
1444.62
1631.01
1636.01
1674.52
1668.66
1583.43
1577.85
1573.64
1641.17
1630.03
1539.3
1656.7
1517.18
1697.08
1649.25
1581.21
1781.52
1646.89
1756.6
1582.95
1516.78
1713.71
1592.56
1798.75
1857.98
1623.25
1547.02
1605.51
1569.19
1684.82
1506.67
1626.95
1630.62
1647.47
1622.13
1609.53
1574.28
1793.13
1495.55
1621.64
1778.45
1617.57
1728.19
1627.67
1556.95
1494.97
1668.91
1618.96
1606.78
1507.83
1749.92
1571.45
1631.35
1649.06
1630.96
1565.95
1733.91
1700.25
1596.65
1629.91
1692.17
1628.76
1608.72
1641.64
1581.05
1635.16
1693.34
1717.8
1607.95
1656.6
1509.93
1629.45
1663.28
1581.95
1652.34
1592.55
1734.21
1666.86
1494.73
1602.95
1721.38
1690.78
1611.7
1589.94
1550.22
1574.09
1584.83
1610.07
1776.71
1782.9
1584.06
1625.66
1532
1537.45
1675.71
1706.49
1494.65
1678.19
1648.79
1753.76
1840.08
1617.18
1502.29
1705.74
1643.38
1649.37
1621.26
1692.96
1745.14
1650
1551.09
1755.99
1647.86
1718.7
1616.2
1641.99
1649.91
1657.96
1580.41
1490.89
1685.39
1627.13
1711.89
1693.88
1563.22
1798.06
1757.39
1591.07
1572.02
1639.01
1563.86
1632
1661.7
1558.95
1623.7
1639.16
1695.5
1654.82
1703.54
1641.1
1724
1525.59
1812.77
1845.13
1631.42
1632.21
1762.29
1668.45
1625.52
1624.88
1591.09
1703.6
1800.47
1654.83
1511.28
1657.3
1621.17
1481.44
1666.68
1652.22
1508.81
1596.68
1593.59
1674.8
1711.84
1630.58
1634.97
1591.91
1675.78
1620.05
1725.35
1696.54
1568.84
1703.36
1621.17
1719.51
1669.3
1621.74
1616.55
1660.12
1722.2
1600.25
1774.78
1562.33
1854.25
1648.94
1658.39
1774.8
1677.51
1777.77
1610.48
1808.55
1594.4
1601.39
1669.82
1878.13
1490.55
1546.1
1770.93
1703.09
1681.08
1701.62
1627.83
1457.91
1612.78
1696
1712.73
1654.84
1576.62
1570.47
1628.92
1795.13
1668.57
1564.78
1686.44
1552.83
1596.44
1562.89
1707.12
1673.59
1650.51
1606.92
1618.76
1699.64
1755.19
1532.89
1574.32
1739.48
1426.55
1642.08
1673.59
1470.04
1471.18
1660.36
1666.29
1547.53
1660.92
1670.12
1641.32
1627.4
1675.6
1634.34
1688.86
1591.77
1725.19
1655.12
1754.68
1608.1
1648.19
1550.52
1631.85
1721.27
1637.38
1625.88
1669.8
1615.27
1735.53
1574.16
1552.5
1627.94
1563.07
1671.17
1670.42
1507.75
1645.99
1629.61
1511.11
1586.73
1544.06
1569.02
1649.63
1529.88
1672.3
1749.54
1683.63
1576.62
1644.88
1688
1592.62
1588.05
1593.22
1570.48
1643.43
1533.82
1522.39
1658.88
1688.46
1682.59
1917.71
1508.11
1537.43
1568.46
1746.17
1580.19
1692.46
1634.85
1534.06
1575.28
1617.24
1575.54
1673.77
1635.86
1598.49
1675.12
1685.63
1641.92
1611.29
1481.97
1506.92
1672.53
1659.11
1655.07
1506.19
1539.85
1595.15
1684.12
1517.21
1641.53
1674.66
1478.89
1526.17
1743.64
1660.29
1561.11
1735.96
1563.97
1641.39
1551.35
1630.64
1735.04
1592.79
1516.59
1729.2
1660.54
1549.66
1589.41
1692.95
1645.37
1775.14
1597.88
1780.58
1608.52
1714.38
1720.02
1610.77
1646.82
1687.72
1616.31
1715.48
1563.86
1622.71
1671.81
1628.75
1630.6
1706.35
1565.24
1659.47
1636.25
1683.28
1723.13
1760.21
1622.84
1601.57
1536.67
1674.99
1554.92
1686.24
1760.86
1553.15
1607.82
1556.87
1528.39
1774.72
1581.21
1766.7
1582.13
1588.47
1605.46
1672.61
1545.33
1593.77
1659.33
1621.72
1636.37
1699.5
1507.46
1717.29
1538.77
1691.45
1635.96
1627.79
1428.7
1620.39
1911.46
1629.21
1512.45
1608
1700.74
1592.08
1680.78
1684.08
1590.18
1594.22
1657.2
1630.71
1560.18
1556.92
1571.44
1629.19
1685.27
1703.73
1624.55
1565
1530.28
1632.24
1546.29
1654.53
1730.01
1607.19
1741.55
1439.68
1585.06
1710.95
1587.22
1602.83
1519.81
1569.84
1703.96
1611.82
1706.1
1516.62
1469.23
1593.91
1544.86
1690.8
1633.41
1448.07
1642.63
1574.07
1614.25
1687.71
1570.79
1616.4
1609.13
1504.06
1595.78
1524.38
1482.76
1690.65
1674.76
1767.08
1632.58
1705.93
1664.87
1558.44
1761.39
1493.31
1790.86
1654.72
1672.23
1669.73
1477.78
1528.44
1658.39
1703.33
1598.01
1710.87
1787.18
1544.59
1572.02
1584.25
1660.18
1707.96
1503.33
1853.73
1700.61
1520.58
1706.72
1504.48
1735.94
1578.33
1560.95
1740.69
1776.5
1547.92
1534.58
1775.58
1513.63
1608.65
1602.6
1699.94
1576.11
1635.79
1639.59
1695.95
1531.38
1678.44
1657.21
1505.15
1652.85
1734.17
1629.8
1648.04
1700.3
1614.38
1636.62
1586.95
1660.92
1431.38
1729.15
1714.53
1616.77
1425.54
1722.12
1585.58
1556.19
1513.18
1700.36
1575.09
1593.09
1664.59
1617.53
1528.52
1530.18
1700.63
1659.64
1494
1605.92
1655.83
1587.48
1512.18
1657.05
1545.63
1727.3
1626.63
1623.79
1614.16
1743.61
1658.89
1700.19
1494.04
1661.34
1508.94
1694.82
1658.88
1507.65
1733.5
1666.08
1647.57
1553.27
1672.55
1464.79
1612.3
1703.22
1587.04
1557.79
1554.24
1754.27
1635.55
1722.55
1613.51
1659.99
1718
1724.22
1518.87
1660.26
1562.98
1674.65
1621.05
1712.43
1605.93
1714.43
1613.2
1666.9
1715.79
1593.84
1522.47
1660.42
1689.09
1733.81
1547.23
1536.68
1604.81
1718.18
1592.31
1698.37
1574.35
1572.36
1546.14
1552.05
1529.44
1805.42
1651.21
1746.1
1504.63
1524.17
1720.67
1516.3
1700.11
1697.86
1677.89
1707.14
1611.74
1662.77
1815.89
1665.04
1707.34
1689.9
1660.7
1506.53
1777.02
1410.05
1560.14
1654.56
1621.34
1573.36
1728.73
1605
1673.45
1847.16
1665.54
1500.51
1581.96
1691.69
1790.62
1582.22
1639.5
1588.51
1456.48
1604.97
1573.76
1645.01
1635.41
1604.46
1563.3
1588.22
1622.69
1566.59
1561.16
1691.93
1702.12
1588.05
1461.62
1544.26
1654.03
1625.27
1673.85
1703.99
1562.29
1478.79
1612.19
1699.55
1547.94
1822.77
1637.71
1536.69
1643.88
1589.98
1717.91
1626.16
1772.57
1589.27
1577.82
1831.1
1602.6
1656.13
1827.49
1623.66
1730.34
1699.72
1469.87
1683.53
1531.82
1675.12
1674.2
1618.19
1656.65
1618.95
1610.57
1604.57
1693.27
1514.27
1559.34
1588.11
1577.61
1659.74
1785.69
1600.45
1795.75
1657.99
1682.23
1579.44
1558.73
1581.25
1630.36
1585.06
1678.53
1576.26
1590.07
1514.77
1600.14
1543.12
1499.55
1574.99
1497.84
1730.74
1694.17
1755.53
1836.71
1601.73
1639.01
1544.9
1555.17
1592.68
1571.11
1574.02
1555.09
1763.9
1760.89
1632.65
1558.3
1911.42
1566.46
1552.38
1594.98
1563.42
1632.71
1505.83
1627.79
1672.64
1747.07
1650.57
1527.79
1684.48
1582.65
1563.52
1677.08
1569.29
1762.82
1562.86
1563.15
1723.39
1582.13
1541.31
1731.75
1717.66
1671.19
1662.57
1558.47
1522.04
1558.52
1715.9
1526.02
1463.12
1691.41
1591.96
1798.74
1665.02
1656.75
1686.19
1669.18
1585.97
1833.18
1749.44
1589.04
1584.09
1428.37
1716.1
1610.71
1547.3
1749.45
1475.05
1576.53
1659.39
1749.17
1675.61
1782.52
1545.9
1698.56
1783.82
1690.63
1537.08
1639.06
1604.51
1541.97
1758.57
1653.92
1721.86
1640.05
1674.91
1598.5
1852.37
1664.82
1510.12
1573.65
1608.05
1729.56
1586.54
1623.08
1572.22
1698.62
1622.4
1565.01
1556.52
1649.99
1590.74
1640.01
1788.49
1674.24
1603.94
1713.74
1642.74
1696.65
1633.85
1430.88
1416.34
1571.49
1750.3
1612.61
1589.67
1711.07
1619
1558.99
1500.35
1576.43
1588.96
1737.13
1657.09
1548.03
1610.32
1495.48
1554.55
1807.89
1602.99
1657.27
1614.97
1688.19
1571.52
1531.83
1585.07
1562.31
1522.19
1524.56
1614.05
1705.75
1588.87
1507.87
1646.5
1540.06
1725.96
1644.47
1485.67
1602.26
1764.5
1458.25
1641.62
1635.36
1719.36
1470.27
1537.95
1474.13
1655.59
1628.19
1581.9
1596.77
1654.91
1716.78
1532.63
1695.14
1776.46
1925.21
1573.97
1693.15
1596.19
1555.72
1638.1
1536.75
1612
1623.23
1737.05
1763.07
1786.85
1732.71
1602.3
1665.34
1625.45
1685.13
1685.26
1702.7
1756.02
1619.02
1710.61
1481.51
1690.95
1755.03
1607.71
1551.79
1618.36
1779.34
1780.52
1657.12
1624.64
1674.22
1747.66
1720.47
1541.18
1663.78
1517.03
1631.25
1765.51
1556.2
1500.33
1722.64
1653.36
1538.48
1589.93
1598.3
1558.7
1611.82
1521.26
1665.2
1573.27
1641.15
1611.03
1561.38
1585.61
1469.05
1776.91
1626.59
1652.99
1683.83
1643.01
1667.59
1542.87
1673.38
1631.58
1792.86
1628.81
1803.77
1570.42
1618.54
1614.33
1821.2
1536.73
1666.35
1623.98
1521.84
1451.85
1644.29
1684.86
1626.65
1634
1509.15
1671.93
1610.14
1630.25
1573.49
1497.24
1594.53
1660.69
1486.4
1530.88
1479.23
1637.71
1729.44
1699.57
1793.18
1742
1536.31
1584.58
1562.87
1670.28
1581.36
1715.81
1650.67
1640.71
1551.81
1576.13
1531.95
1730.44
1578.17
1703.14
1657.5
1714.98
1567.79
1659.94
1497.74
1642.81
1594.09
1684.65
1533.19
1659.8
1642.31
1711.68
1581.58
1612.68
1657.97
1672.9
1570.25
1407.8
1519.02
1654.55
1792.9
1626.64
1637.53
1657.21
1720
1684.63
1516.34
1680.64
1660.85
1544.42
1781.52
1620.65
1700.69
1588.68
1542.42
1572.43
1607.81
1586.42
1564.22
1602.46
1607.48
1791.43
1598.94
1564.42
1671.33
1552.4
1683.52
1689.88
1714.02
1616.51
1438.35
1717.13
1839.6
1849.38
1784.47
1592.58
1485.95
1591.28
1589.79
1522.65
1505.88
1644.17
1558.48
1575.27
1756.82
1650.47
1582.37
1721.44
1504.37
1677.31
1576.46
1669.66
1576.41
1696.28
1684.13
1680.94
1612.4
1579.3
1590.38
1649.33
1639.24
1624.47
1590.6
1678.35
1581.22
1677.8
1643.91
1683.83
1637.84
1589.19
1552.62
1711.34
1659.43
1634.2
1671.78
1626.97
1547.97
1609.96
1595.48
1544.56
1646.52
1618.2
1608.61
1522.39
1694.48
1498.14
1762.14
1657.13
1606.98
1519.09
1653.03
1729.9
1684.12
1645.59
1536.88
1619.47
1634.63
1559.04
1732.31
1602.18
1539.62
1727.14
1692.43
1771.54
1528.35
1702.06
1725
1566.66
1675.8
1719.43
1713.14
1509.7
1730.77
1667.56
1659.89
1617.34
1692.24
1515.43
1516.88
1600.04
1562.3
1653.55
1529.44
1630.41
1587.13
1637.02
1635.48
1769.28
1613.36
1603.08
1578.99
1672.14
1731.66
1589.62
1698.09
1719.25
1566.59
1611.76
1544.17
1663.59
1594.72
1613.61
1714.71
1591.29
1661.73
1524.4
1600.92
1687.95
1749.61
1662.51
1656.74
1588.47
1600.56
1569.71
1681.22
1479.8
1755.06
1752.51
1599.12
1565.39
1602.32
1685.32
1672
1535.1
1549.79
1645.98
1603.01
1562.72
1592.17
1620.5
1708.24
1658.56
1601.05
1682.41
1498.52
1542.71
1641.27
1677.98
1819.27
1705
1616.83
1648.32
1738.45
1663.91
1762.15
1552.39
1587.76
1513.75
1756.44
1644.26
1724.81
1666.83
1513.37
1487.4
1487.32
1625.96
1626.83
1694.51
1567.99
1678.71
1644.64
1721.22
1772.6
1623.57
1671.71
1518.56
1500.37
1676.54
1722.06
1594.25
1797.46
1679.34
1513.49
1617.57
1808.39
1588.83
1678.53
1557.89
1655.06
1513
1532.08
1651.02
1657.96
1562.24
1586.85
1497.23
1686.32
1607.64
1568.48
1643.81
1637.01
1654.23
1638.25
1715.08
1728.73
1595.88
1464.39
1629.18
1611.32
1625.29
1619.69
1682.62
1652.06
1607.99
1524.24
1466.54
1551.45
1656.03
1590.45
1549.57
1598.41
1718.63
1603.67
1547.92
1500.35
1454.88
1574.58
1509.43
1434.4
1654.78
1661.87
1597.34
1602.38
1792.82
1582.32
1621.48
1597.09
1840.23
1643.4
1753.31
1631.35
1683.07
1549.29
1542.53
1638.67
1650.75
1712.54
1543.5
1515.71
1804.16
1572.85
1661.81
1611.7
1664.72
1666.56
1810.24
1687.57
1390.53
1575.79
1577.52
1654.13
1587.18
1599.66
1713.34
1603.62
1671.31
1614.65
1564.74
1600.15
1673.1
1722.48
1532.33
1756.48
1669.07
1777.65
1655.28
1725.38
1609.33
1632.83
1590.12
1620.4
1564.84
1537.91
1573.69
1692.75
1678.85
1572.82
1415.92
1675.51
1682.12
1633.87
1432.78
1521.84
1673.05
1647.18
1506.57
1588.5
1641.2
1443.6
1588.21
1653.53
1545.86
1709.98
1664.37
1644.1
1646.89
1679.19
1709.46
1619.41
1564.93
1643.74
1735.56
1669.89
1554.14
1680.61
1624.65
1650.4
1528.99
1587.75
1675.07
1648.18
1806.38
1738.13
1684.14
1720.48
1665.58
1564.74
1564.02
1736.22
1559.8
1642.67
1632.32
1597.82
1510.44
1631.25
1550.44
1587.78
1693.51
1699.09
1545.04
1733.44
1575.23
1621.64
1785.06
1610.65
1558.13
1508.53
1564.81
1556.79
1647.41
1659.91
1672.28
1772.73
1629.92
1630.57
1760.21
1509.56
1732.17
1622.89
1672.72
1492.36
1675.77
1584.08
1588.49
1630.62
1560.49
1830.57
1514.05
1549.46
1567.79
1660
1650.62
1525.61
1569
1728.22
1769.38
1668.7
1605.86
1618.84
1784.86
1662.52
1494.58
1589.07
1538.63
1557.92
1555.58
1489.98
1692.13
1605.3
1592.75
1677.45
1604.21
1624.89
1617.27
1584.11
1583.45
1610.71
1572.06
1739.3
1557.9
1491.32
1681.38
1650.51
1591.98
1750.02
1705.57
1525.42
1746.17
1598.67
1610.35
1717.52
1594.61
1551.21
1706.8
1668.35
1745.57
1667.2
1673.84
1632.18
1726.02
1618.58
1720.07
1613.68
1654.47
1706.18
1668.65
1629.69
1717.55
1550.75
1456.63
1537.65
1545.35
1551.07
1614.51
1545.75
1645.65
1622.76
1628.3
1669.6
1543.57
1626.2
1641.28
1689.77
1685.15
1644.89
1646.62
1567.78
1683.2
1524.99
1569.99
1741.84
1663.65
1624.93
1689.04
1666.51
1674.5
1539.77
1592.5
1534.79
1586.9
1681.06
1621.03
1698.29
1661.63
1616.74
1655.97
1807.14
1608.63
1698.02
1696.33
1740.49
1717.5
1567.72
1509.82
1612.2
1659.09
1686.07
1581.59
1676.59
1732.58
1506.65
1685.01
1601.59
1655.49
1588.97
1483.58
1624.06
1679.54
1677.79
1734.99
1592.61
1862.23
1700.19
1676.09
1649.79
1665.02
1745.19
1709.12
1535.94
1700.22
1519.65
1589.82
1543.82
1779.47
1626.03
1587.92
1570.25
1624.21
1805.09
1617.57
1764.43
1794.04
1479.88
1778.99
1477.96
1654.32
1670.04
1697.43
1659.03
1609.75
1671.95
1651.84
1609.6
1603.38
1538.4
1652.53
1611.82
1722.03
1598.19
1793.65
1634.8
1490.8
1760.35
1740.06
1608.06
1523.59
1434.95
1614.97
1567.06
1740.77
1478.33
1706.22
1703.58
1555.45
1603.08
1643.16
1701.98
1708.08
1649.81
1635.9
1690.87
1492.78
1619.07
1630.86
1788.87
1613.37
1681.91
1542.96
1661.01
1601.96
1683.46
1641.38
1489.2
1453.64
1558.39
1612.5
1699.05
1631.14
1676.96
1528.64
1663.37
1619.01
1634.32
1516.39
1644.62
1641.06
1628.04
1560.12
1644.17
1610.27
1735.27
1699.95
1630.7
1657.67
1606.15
1531.23
1598.85
1821.95
1771.57
1578.25
1782.58
1608.06
1550.34
1551.27
1581.39
1633.87
1512.44
1522.21
1598.77
1480.74
1569.51
1678.61
1514.99
1614.38
1649.76
1486.26
1589.28
1614.91
1697.98
1621.43
1700.88
1632.13
1593.21
1669.88
1822.46
1625.8
1751.14
1595.3
1657.99
1482.5
1647.37
1670.62
1479.62
1672.7
1724.87
1576.65
1641.23
1656.08
1574.88
1562.44
1676.5
1524.2
1562.76
1544.58
1663.53
1569.56
1518.04
1580.34
1509.96
1667.01
1522.13
1722.32
1656.86
1614.4
1777.99
1709.5
1491.61
1614.25
1784.69
1596.9
1653.61
1721.18
1643.01
1519.95
1601.46
1759.94
1721.41
1650.23
1546.13
1754.25
1686.89
1631.86
1683.14
1830.91
1515.96
1525.15
1645.04
1597.28
1728.77
1742.67
1486.33
1597.75
1700.63
1746.72
1766.76
1685.46
1665.33
1602.59
1656.54
1630.15
1689.6
1540.68
1607.93
1477.39
1778.08
1587.52
1541.3
1667.73
1590.68
1653.89
1621.47
1583.98
1667.27
1480.72
1687.25
1621.24
1822.08
1628.87
1744.08
1819.77
1618.18
1686.97
1577.34
1664.67
1717.95
1623.08
1668.86
1706.68
1566.01
1613.66
1600.52
1505.64
1694.83
1531.29
1674.4
1637.9
1573.38
1635.09
1541.8
1630.69
1642.07
1543.03
1710.18
1638.17
1722.27
1622.99
1685.92
1645.93
1698.22
1666.9
1585.61
1543.68
1793.81
1501.94
1647.9
1645.43
1731.39
1559.47
1636.2
1667.82
1674.71
1541.91
1736.6
1582.89
1743.28
1586.94
1824.24
1528.43
1672.39
1572.77
1679.59
1604.98
1632
1598.48
1812.16
1705.18
1620.6
1690.75
1635.4
1581.24
1602.88
1548.82
1582.83
1653.05
1562.02
1652.33
1651.12
1537.69
1713.31
1818.85
1600.53
1518.79
1680.24
1543.24
1678.14
1638.38
1645.78
1640.99
1648.81
1747.15
1637.66
1576.69
1587.66
1708.4
1536.11
1676.94
1520.26
1665.75
1668.77
1562.99
1745.63
1588.64
1508.75
1605.58
1571.02
1566.17
1633.87
1644.67
1561.94
1619.95
1767.56
1556.16
1738.8
1648.02
1685.38
1577.48
1550.52
1567.86
1750.5
1562.01
1601.54
1604.66
1615.22
1708.27
1613.68
1558.56
1514
1610.84
1707.54
1739.44
1375.52
1597.36
1524.25
1666.66
1511.92
1687.9
1460.87
1567.56
1491.03
1733.82
1748.98
1813.14
1790.76
1575.69
1531.2
1582.15
1504.72
1551.72
1675.14
1773.09
1575.52
1654.07
1512.15
1607.96
1632.36
1713.13
1628.88
1702.54
1693
1595.42
1666.12
1609.11
1691.79
1685.61
1582.17
1548.28
1685.95
1763.23
1624.18
1734.08
1761.99
1626.03
1748.15
1555.08
1678.81
1666.91
1620.42
1677.4
1638.49
1754.11
1539.52
1588.13
1547.03
1627.8
1572.69
1615.5
1715.55
1699.71
1587.7
1656.21
1537.12
1513.32
1438.37
1715.28
1518.3
1617.82
1632.55
1665.9
1557.93
1800.99
1708.73
1840.93
1634.55
1553.92
1628.33
1578.79
1695.2
1737.94
1665.39
1738.6
1626.02
1745.31
1613.27
1703.45
1676.52
1669.82
1578.29
1596.45
1615.59
1691.37
1589.47
1650.76
1510.18
1578.85
1550.65
1587.84
1586.62
1822.21
1523.42
1490.07
1472.53
1581.65
1749.45
1611.54
1641.52
1681.75
1645.85
1695.34
1615.85
1696.92
1684.67
1604.11
1712.62
1649.93
1683.73
1599.53
1586.8
1585.51
1548.63
1537.62
1602.55
1607.33
1469.59
1543.62
1608.68
1543.89
1650.79
1614.63
1647.41
1692.98
1514.26
1616.12
1528.82
1488.14
1560.73
1690.18
1523.67
1706.12
1690.74
1510.47
1561.24
1746.18
1558.4
1692.56
1631.68
1458.1
1644.89
1631.46
1609.66
1661.93
1771.81
1652.03
1630.52
1651.66
1638.13
1595.94
1684.36
1559.06
1592.12
1775.25
1729.9
1588.72
1660.57
1585.8
1575.24
1671.51
1532.5
1630.04
1596.61
1729.74
1631.26
1650.66
1736.26
1586.59
1695.47
1514.07
1538.11
1596.81
1648.57
1718.14
1610.95
1625.56
1587.57
1635.93
1520.37
1694.64
1572.76
1575.64
1664.63
1896.59
1637.48
1601.72
1599.88
1673.6
1626.35
1462.72
1743.12
1670.61
1590.24
1712.05
1509.54
1661.48
1661.45
1621.59
1522.61
1752.9
1603.35
1692.56
1600.24
1551.87
1694.14
1623.25
1607.36
1613.42
1800.67
1556.65
1735.72
1739.87
1611.37
1684.24
1656.29
1760.15
1626.12
1614.07
1797.49
1607.08
1589.82
1529.84
1646.5
1731.03
1576.77
1576.21
1630.21
1724.22
1596
1682.46
1679.12
1642.92
1666.2
1685.2
1513.05
1715.95
1676.91
1643.31
1613.99
1551.72
1744.36
1581.25
1643.46
1540.26
1890.76
1689.46
1596.1
1635.08
1725.44
1543.98
1705.1
1764.56
1461.52
1575.1
1585.8
1601.41
1622.44
1642.49
1672.75
1703.84
1454.51
1805.33
1640.07
1526.75
1634.68
1514.81
1726.53
1438.12
1528.22
1653.19
1725.34
1577.69
1499.02
1498.57
1676.6
1581.3
1564.65
1596.9
1662.16
1650.29
1647.51
1671.12
1643.71
1747.2
1685.81
1559.56
1579.9
1626.69
1635.37
1607.2
1553.81
1659.36
1632.49
1654.03
1527.09
1731.68
1627.97
1742.14
1597.22
1759.44
1637.97
1575.95
1538.01
1638.91
1647.83
1692.21
1735.04
1644.15
1553.25
1485.64
1412.97
1634.1
1493.35
1711.83
1540.35
1594
1685.33
1490.33
1654.57
1557.16
1784.17
1485.28
1682.44
1706.42
1619.11
1565.43
1740.5
1526.56
1467.29
1577.89
1719.85
1675.07
1648.58
1544.5
1715.09
1580.59
1690.65
1562.55
1536.46
1839.6
1568.97
1624.4
1653.21
1653.78
1626.5
1660.29
1635.05
1712.85
1529.39
1545.76
1721.16
1535.62
1545.24
1544.85
1614.18
1741.03
1740.66
1582.03
1657.81
1739.21
1620.5
1717.63
1783.61
1674.41
1479
1607.44
1712.22
1570.58
1748.47
1670.04
1499.41
1824.31
1568.73
1565.01
1694.18
1790.48
1572.81
1582.22
1646.8
1587.87
1648.17
1621.33
1618.2
1672.45
1875.35
1628.33
1596.49
1606.4
1709.2
1593.24
1697.73
1791.12
1605.73
1574.69
1594.89
1729.9
1703.08
1584.64
1591.87
1599.29
1600.75
1682.58
1719.74
1531.46
1467.92
1523.14
1791.86
1707.15
1585.21
1628.07
1616.99
1638.79
1497.61
1581.17
1586.6
1593.13
1593.2
1714.54
1582.9
1526.93
1498.33
1675.6
1597.33
1621.83
1624.94
1637.58
1788.12
1669.6
1535.05
1591.28
1690.73
1559.44
1582.32
1525.44
1655.68
1705.87
1617.35
1668.17
1611.45
1517.71
1528.75
1634.15
1584.77
1502.4
1649.87
1531.38
1800.55
1617.68
1618.27
1620.29
1605.97
1638.92
1487.67
1759.32
1672.96
1600.11
1623.08
1536.09
1634.86
1621.48
1664.39
1571.52
1633.03
1521.17
1682.62
1503.93
1722.83
1861.93
1659.38
1533.51
1653.95
1629.02
1620.3
1533.34
1529.52
1655.92
1620.79
1498.93
1860.61
1546.18
1567.69
1620.24
1461.27
1663.83
1556.34
1694.69
1720.98
1497.13
1702.17
1666.88
1701.89
1720.94
1724.1
1617.56
1597.86
1628.99
1565.48
1647.61
1584.52
1537.18
1580.94
1412.86
1634.47
1704.1
1571.26
1640.34
1660.12
1603.42
1617.24
1632.17
1679.45
1544.39
1616.11
1607.35
1634.8
1708.82
1683.84
1765.8
1610.37
1609.04
1615.12
1644.76
1629.55
1611.43
1619.46
1741.39
1624.48
1449.67
1601.45
1740.62
1704.34
1711.39
1652.32
1593.96
1681.56
1585.26
1590.82
1555.58
1640.13
1707.01
1642.53
1680.78
1552.53
1755.53
1546.19
1558.24
1712.49
1702.29
1657.13
1743.7
1740.26
1640.06
1661.4
1716.31
1654.18
1598.99
1632.02
1565.45
1691.3
1664.1
1577.08
1646.59
1764.75
1677.55
1540.32
1536.03
1662.41
1548.34
1654.74
1646.86
1596.62
1637.69
1560.65
1597.24
1760.24
1653.08
1629.39
1673.08
1663
1619.6
1850.08
1552.68
1621.01
1748.92
1568.07
1733.12
1642.35
1561.09
1608.87
1692.56
1441.15
1643.59
1725.18
1496.85
1561.58
1699.82
1736.4
1761.88
1670.88
1598.87
1666.26
1590.74
1640.82
1485.53
1751.72
1495.92
1603.26
1561.61
1714.65
1645.45
1595.54
1697.68
1492.85
1732.44
1645.81
1463.39
1619.18
1472.05
1592.34
1679.08
1586.68
1665.34
1602.48
1616.28
1735.13
1645.44
1603.76
1560.2
1805.05
1548.8
1608.81
1602.43
1622.25
1441.88
1566.74
1572.84
1657.84
1709.47
1738.92
1677.14
1704.97
1611.44
1677.34
1648.05
1722.66
1602.05
1473.67
1432.3
1625.33
1793.49
1656.04
1565.01
1652.92
1638.13
1603.99
1528.37
1619.35
1643.45
1648.94
1676.96
