250.052
282.685
279.472
263.716
247.268
245.954
267.386
269.901
293.844
241.475
219.9
306.03
272.666
284.282
296.276
297.177
211.111
224.958
259.811
293.92
254.815
256.655
289.543
216.266
275.323
300.741
313.453
244.853
218.654
272.698
306.826
238.983
280.485
302.811
341.385
269.326
274.044
272.252
308.951
296.231
297.453
241.241
255.203
275.085
275.232
286.39
273.71
212.681
248.63
263.146
349.449
296.433
249.292
252.95
266.347
223.474
219.222
243.919
233.751
300.08
241.864
276.284
327.319
263.003
259.772
283.321
311.687
301.249
299.878
300.207
257.092
261.462
244.765
274.132
238.569
305.089
241.982
271.741
286.156
299.218
242.526
306.617
255.526
277.257
256.932
224.998
307.217
249.911
251.595
258.048
243.538
255.769
292.941
322.203
243.293
252.413
312.092
244.233
266.236
285.548
265.842
263.187
209.413
278.457
194.596
277.944
289.562
323.577
249.803
297.175
293.667
263.356
159.681
273.712
227.274
296.368
310.87
238.459
253.519
316.116
257.979
267.556
272.918
217.767
281.916
313.45
299.543
215.837
243.135
265.644
292.144
270.464
241.849
273.669
234.458
254.865
315.94
275.497
276.675
285.097
258.713
276.436
222.526
240.691
255.685
300.77
258.405
208.364
288.71
251.39
244.101
256.376
308.242
290.36
269.821
281.67
297.848
254.094
285.489
314.276
253.441
284.577
280.926
265.017
241.955
275.496
200.933
259.464
302.839
277.761
278.634
251.193
261.593
277.576
270.082
242.012
269.111
246.02
258.598
268.885
307.206
263.65
258.31
320.191
213.73
297.706
274.471
252.19
329.833
250.056
252.235
239.99
265.169
243.119
274.414
236.247
290.11
279.26
275.545
321.128
345.716
264.304
267.283
256.552
230.558
275.962
280.949
250.564
276.896
290.245
267.485
254.32
292.549
236.629
319.843
273.219
243.272
278.333
249.546
269.096
277.81
316.348
246.981
281.821
281.261
279.338
302.358
283.704
272.762
264.987
252.819
282.519
236.455
280.689
266.753
283.194
261.852
293.988
258.366
300.693
266.856
230.859
264.369
221.019
291.501
268.715
252.983
261.43
286.944
286.323
251.716
241.581
327.761
212.326
190.66
266.073
252.88
236.538
258.764
317.453
241.785
244.757
317.395
263.393
309.534
255.837
327.572
290.961
210.207
264.924
260.858
303.828
230.824
253.801
254.756
230.945
283.716
266.814
333.482
271.808
300.958
280.949
314.648
323.8
260.801
329.521
265.798
242.535
274.916
290.973
298.005
287.976
292.699
260.285
249.669
282.89
208.783
314.536
288.786
279.709
282.417
262.33
319.804
236.464
285.894
276.141
301.422
265.735
300.771
234.159
259.645
236.975
302.366
275.067
368.236
292.071
229.258
346.266
238.987
274.789
323.506
258.884
289.794
293.068
298.398
235.381
292.726
245.915
299.638
261.439
249.387
341.952
217.154
275.559
271.642
250.674
255.048
229.409
266.604
255.313
225.141
320.805
212.391
267.524
222.831
274.165
263.655
265.756
316.562
257.645
299.458
272.166
303.11
285.418
271.307
266.063
298.375
253.747
255.452
290.745
248.818
295.093
236.266
288.237
302.493
219.54
255.331
278.124
244.425
282.897
281.877
270.536
303.613
244.643
264.554
285.163
276.011
223.065
238.729
229.897
272.916
270.302
257.535
240.347
303.551
295.595
256.539
297.709
267.377
267.229
253.982
258.391
271.792
216.594
295.985
258.647
256.424
307.505
296.174
249.424
262.596
234.251
285.711
250.549
303.088
275.768
278.804
201.754
292.096
283.091
253.342
279.647
271.521
210.31
228.732
333.389
250.361
286.165
307.531
290.628
299.04
266.536
243.689
295.147
257.989
296.043
280.676
257.756
225.665
260.31
272.156
237.783
278.549
295.578
246.725
207.916
310.874
208.902
247.404
279.553
283.936
281.143
308.655
260.915
264.937
279.335
303.805
220.478
308.195
274.706
270.827
221.4
328.168
257.917
297.343
185.436
225.253
236.817
256.154
157.843
290.966
265.621
263.058
262.946
288.719
223.238
234.522
275.382
251.943
278.247
253.926
257.826
284.429
291.608
259.409
239.688
303.877
243.265
268.048
346.142
251.61
275.945
314.963
239.687
321.308
309.656
270.978
269.434
283.439
261.4
267.353
265.067
252.931
337.014
291.19
334.87
202.592
244.99
299.999
253.884
295.455
235.671
255.137
302.133
219.694
295.174
331.899
312.861
313.755
255.458
273.32
268.939
279.052
278.224
284.743
265.015
338.241
243.696
228.14
299.156
243.59
298.165
251.321
270.334
270.002
254.664
246.742
277.374
308.59
236.8
257.836
248.31
274.321
227.092
230.631
298.344
234.256
247.015
226.385
251.521
260.62
305.643
275.426
281.058
296.445
293.901
272.884
291.817
294.373
257.955
335.379
223.74
283.178
271.923
281
244.116
244.25
274.549
261.542
264.097
264.391
234.993
259.134
285.533
245.94
257.401
278.588
285.947
234.912
266.893
202.994
272.091
277.392
244.844
276.09
303.766
237.792
297.754
268.848
234.44
302.134
290.127
232.814
282.473
304.278
259.858
247.525
278.989
265.517
281.296
257.083
244.541
268.645
259.539
283.858
247.563
292.375
273.38
244.349
281.519
268.371
258.016
223.87
300.984
285.764
269.2
359.971
308.295
274.008
277.426
296.682
234.831
244.651
278.618
202.151
276.979
261.733
221.175
255.441
255.484
289.491
339.977
239.293
261.766
296.345
308.539
255.556
315.495
250.414
301.66
222.868
307.906
278.751
282.744
226.398
256.828
262.048
259.328
224.373
266.904
239.079
263.128
259.745
302.716
283.831
213.2
254.991
242.033
258.954
231.88
300.899
294.131
290.153
307.049
210.091
248.78
292.184
275.093
234.001
278.532
275.969
261.894
324.821
285.015
249.807
339.499
318.335
199.619
233.757
215.893
268.765
250.363
250.141
291.235
282.527
263.885
271.768
311.738
309.058
299.223
298.708
247.028
241.776
241.127
228.139
253.916
267.202
306.995
238.149
239.795
273.87
267.73
222.568
282.363
272.926
198.575
233.304
283.961
238.762
268.829
248.655
268.046
234.357
244.24
280.787
267.829
325.493
297.047
300.919
252.711
256.249
262.55
268.478
218.545
239.351
275.486
236.642
243.037
232.529
223.731
205.179
258.811
289.803
271.185
282.895
301.364
247.295
263.078
231.719
301.892
272.152
293.518
245.485
239.044
187.279
251.505
240.062
271.402
243.71
298.996
270.281
336.797
251.66
303.424
281.315
220.875
286.355
271.258
271.86
279.853
248.786
253.369
249.451
270.615
297.199
247.763
266.485
247.782
298.845
253.219
306.015
260.744
263.074
279.814
255.05
245.211
277.343
316.613
276.089
298.704
293.851
293.826
292.752
295.49
241.459
291.924
246.078
301.059
192.91
245.3
265.559
228.497
315.001
263.025
296.541
305.994
244.252
302.574
240.752
205.238
323.68
238.622
253.112
284.356
258.239
278.358
304.713
252.497
208.712
275.092
262.515
291.59
237.426
255.868
240.34
271.125
275.928
294.721
253.46
237.414
298.94
271.301
257.789
251.814
270.882
247.335
233.808
254.511
246.322
305.276
260.777
271.125
286.957
288.054
254.094
287.283
236.104
258.516
313.445
226.974
299.743
278.251
314.512
319.423
268.454
256.191
287.386
251.667
297.974
298.138
281.775
217.788
319.703
279.721
246.523
243.734
257.173
284.813
277.182
222.905
275.54
336.694
289.2
303.23
248.857
292.704
321.524
235.523
333.319
275.371
283.213
270.59
280.752
230.898
213.591
289.813
286.306
276.677
277.49
215.75
268.672
307.682
276.834
301.708
310.762
291.918
283.983
273.719
251.569
258.699
257.693
292.675
231.507
274.846
234.782
247.757
299.27
326.181
251.348
216.511
275.467
231.063
264.353
264.323
282.523
245.76
263.408
247.513
250.454
226.259
236.273
309.745
293.325
247.22
276.085
310.051
203.649
252.416
309.225
242.021
283.631
251.793
270.141
271.175
283.535
187.179
277.855
251.109
294.536
213.751
277.637
302.409
252.78
323.311
288.431
316.999
268.152
249.921
248.058
230.078
282.094
273.33
283.954
272.614
290.297
213.151
284.421
269.008
265.994
287.877
289.493
282.1
290.016
235.19
269.791
221.793
273.52
222.82
278.526
278.145
298.912
260.471
265.69
254.91
324.805
249.254
293.999
304.067
229.232
249.963
302.314
248.463
312.875
279.228
274.155
307.372
293.065
256.196
264.552
294.426
265.95
269.961
223.261
302.276
240.977
287.961
265.111
292.481
236.115
259.307
347.722
247.541
284.633
249.619
259.224
251.428
249.314
253.273
263.138
237.393
261.128
292.478
300.113
250.516
250.664
248.491
266.315
220.04
333.206
308.525
323.788
286.087
345.799
267.507
292.329
290.558
291.8
291.235
267.585
263.283
317.103
296.7
256.654
232.14
307.589
323.966
289.703
278.035
279.889
279.204
263.708
232.365
238.064
298.769
272.668
259.647
279.475
269.078
239.138
281.235
280.136
218.215
240.772
232.004
253.023
287.249
237.155
260.388
332.724
253.825
207.561
260.047
298.583
259.858
270.227
298.261
199.888
332.657
257.083
293.791
255.142
283.231
259.252
331.573
296.084
263.247
297.671
245.808
333.861
204.484
209.702
235.03
282.94
335.579
331.559
293.063
251.797
232.963
310.782
246.259
314.19
237.083
239.298
249.847
307.075
264.417
270.949
227.511
272.463
275.828
275.126
230.976
211.644
244.332
251.504
249.817
248.939
251.075
283.093
278.471
300.084
278.881
272.174
240.182
343.46
263.196
235.017
257.761
275.574
307.756
294.859
274.656
237.427
332.579
319.964
247.488
234.74
286.751
258.348
227.409
273.723
243.195
306.123
290.985
275.746
326.918
266.458
317.075
195.434
311.314
244.759
241.095
262.874
277.181
221.843
256.255
261.846
310.548
274.992
272.49
249.702
250.917
264.673
267.57
278.124
305.953
230.116
352.023
256.22
248.287
280.163
346.018
262.036
329.141
288.925
315.076
261.183
276.139
278.225
244.806
303.642
263.725
282.85
232.492
289.369
249.342
298.858
295.662
198.374
188.569
277.266
251.571
306.017
285.267
283.323
245.699
238.163
212.48
217.38
260.626
241.076
246.964
270.568
272.225
282.459
273.844
263.865
269.296
294.346
273.752
278.691
283.802
293.176
259.18
252.823
223.971
255.041
233.343
265.11
226.322
295.454
297.165
278.743
249.94
270.78
309.166
268.497
268.564
233.628
267.742
217.984
311.558
234.293
292.462
252.019
214.373
244.213
248.569
292.638
246.678
256.527
290.391
295.173
253.7
236.35
262.515
270.862
222.56
248.612
289.019
277.742
269.675
260.79
307.319
280.677
232.743
267.167
228.969
260.679
258.182
275.056
275.001
277.693
299.179
271.363
328.921
254.831
300.086
306.584
309.079
285.848
288.681
265.112
239.069
249.03
294.271
290.57
250.876
280.445
287.541
279.164
199.75
319.191
285.901
252.651
235.569
213.93
282.866
255.91
249.196
289.745
249.525
331.669
216.937
237.643
285.005
258.025
226.522
274.291
300.094
281.89
247.654
282.584
243.438
319.434
323.33
262.863
339.202
294.578
225.656
250.902
240.849
297.253
235.417
243.434
277.478
283.755
250.163
251.553
285.09
274.504
208.708
253.39
259.483
277.898
240.376
248.951
258.399
255.861
253.976
292.883
241.081
246.756
261.627
265.838
316.179
262.625
277.057
265.203
286.284
223.383
254.279
246.133
264.032
270.177
228.79
277.976
228.109
247.245
316.482
249.926
246.083
275.362
302.922
243.703
260.771
272.797
275.197
248.576
254.051
240.797
306.668
242.438
279.532
293.382
257.916
261.793
254.204
323.764
273.831
243.987
248.132
262.602
300.208
292.129
295.589
256.292
281.72
204.552
268.337
295.186
287.621
245.639
281.837
234.58
296.041
246.958
278.113
260.173
241.885
262.362
297.42
287.721
299.255
275.197
315.25
285.684
314.852
235.501
219.106
258.079
265.535
272.536
264.456
319.12
218.193
332.2
324.335
250.504
206.877
250.021
249.003
285.117
297.975
243.617
269.511
262.986
232.658
295.35
223.766
303.71
276.618
302.551
251.513
269.986
273.185
247.254
256.908
286.418
234.064
337.248
276.705
329.172
221.585
298.517
228.793
266.593
180.702
280.139
303.164
191.1
244.808
276.457
296.582
279.274
281.058
207.145
239.588
222.283
316.037
277.309
266.61
336.617
277.477
271.444
252.129
295.337
284.721
257.521
262.822
259.725
250.349
325.188
339.316
293.041
241.232
230.846
291.361
245.965
255.971
253.941
262.038
229.994
207.106
277.796
243.641
300.132
257.275
242.509
281.609
277.584
257.027
291.193
281.101
250.481
252.817
285.351
268.603
280.589
235.155
306.419
294.07
266.224
269.22
347.053
219.27
297.072
249.683
284.114
261.713
262.207
268.959
294.445
214.968
278.147
271.401
269.778
289.8
323.877
252.588
263.734
256.207
260.78
252.165
267.148
272.819
318.849
270.656
311.368
255.274
249.238
186.428
223.568
255.559
271.138
282.227
310.5
230.185
306.272
301.198
241.624
278.15
215.345
261.188
291.055
304.259
278.18
214.833
223.63
216.823
261.716
233.077
313.354
243.268
272.338
265.057
242.99
303.632
225.105
308.071
234.631
292.61
282.996
221.285
267.786
263.956
281.696
273.905
260.781
307.827
227.5
305.654
245.99
281.841
264.617
294.796
277.298
219.146
246.835
299.08
266.586
270.731
308.14
261.681
325.578
268.486
239.316
240.544
300.689
243.745
261.495
237.73
305.406
263.545
293.403
209.115
325.387
270.13
251.485
290.858
246.279
286.805
216.053
319.938
238.742
262.789
241.841
271.889
266.003
223.174
245.135
223.084
264.227
231.691
262.874
300.042
253.843
340.807
287.487
249.912
232.873
232.971
293.827
245.988
260.488
292.402
248.402
306.239
277.966
237.773
314.045
233.785
268.471
317.984
241.662
286.02
266.471
228.606
354.973
275.296
331.06
302.696
279.756
305.473
265.332
256.793
254.24
286.246
278.683
257.934
262.003
267.622
235.956
221.138
249.17
231.943
272.944
232.912
229.036
268.367
219.429
331.838
208.191
287.955
271.59
254.3
253.1
315.678
253.493
255.809
241.567
288.615
231.312
268.824
328.383
239.387
246.662
288.063
236.674
289.768
324.949
267.39
338.961
290.506
281.53
261.696
219.055
274.513
258.425
235.244
292.641
228.759
239.766
297.073
265.653
291.279
294.899
286.06
311.903
246.084
278.744
250.709
243.176
262.522
232.113
248.93
301.693
241.633
292.286
322.819
232.996
272.363
288.049
275.399
269.008
339.597
296.737
277.428
275.023
289.144
285.396
291.585
225.653
239.15
273.064
249.589
255.074
271.658
294.758
259.724
235.821
195.358
323.074
252.343
257.764
290.195
288.821
299.148
281.357
213.867
215.082
345.022
278.619
265.848
289.129
280.409
224.664
286.997
299.124
244.57
211.476
234.681
259.396
293.795
312.508
257.512
246.914
254.174
299.231
289.92
257.522
233.921
305.368
305.697
238.668
271.686
247.237
285.965
180.697
261.574
276.978
194.608
303.002
247.353
315.466
286.249
240.341
263.501
243.682
258.545
248.523
306.75
283.367
246.898
236.314
290.218
271.428
264.815
257.796
257.893
300.275
260.915
270.63
330.085
262.171
286.589
226.109
241.872
308.449
277.945
261.172
245.573
294.872
253.182
284.318
309.769
252.512
256.258
303.166
248.018
261.642
279.592
265.493
251.79
298.578
275.107
267.647
247.59
249.451
285.465
280.728
270.214
317.766
281.097
263.734
316.256
280.164
231.207
301.499
315.811
228.936
305.182
303.472
275.866
275.534
332.881
278.193
266.835
298.588
272.359
292.118
252.55
237.494
257.018
265.338
231.059
263.518
282.995
219.104
256.742
298.655
262.011
307.026
231.536
234.072
254.782
345.863
221.358
235.73
266.938
247.89
230.821
243.841
321.192
322.469
233.062
314.49
259.016
302.149
297.364
204.271
335.413
260.631
333.779
284.307
274.379
263.107
256.041
231.557
253.277
292.023
331.919
245.921
384.895
303.926
290.821
218.713
296.968
303.204
340.588
312.991
285.69
279.289
241.22
286.578
293.326
312.725
246.914
274.497
235.009
240.1
278.155
239.164
237.69
261.669
295.867
195.881
232.91
263.891
296.884
253.324
264.979
257.843
257.429
336.192
323.056
303.762
254.378
295.299
238.146
262.041
272.789
259.451
311.582
289.672
245.202
279.118
285.231
290.39
219.5
248.751
266.981
257.881
262.812
294.654
260.653
230.598
359.841
252.158
241.709
218.575
261.75
244.049
285.902
314.743
242.826
294.238
257.849
271.389
259.07
268.429
259.914
230.782
280.253
288.537
225.603
268.245
244.468
257.426
312.064
303.051
231.682
229.273
283.788
239.28
250.018
244.805
202.801
238.991
284.889
267.425
320.807
296.626
265.792
276.252
299.735
293.429
277.448
338.118
226.046
262.134
289.124
235.5
238.177
304.293
256.445
252.287
215.422
300.162
270.195
283.852
256.312
247.784
289.812
279.762
345.888
237.723
323.61
260.531
287.01
257.184
271.109
331.602
297.295
299.144
256.189
229.215
252.909
296.848
238.02
294.949
314.662
258.444
247.648
301.985
262.778
235.794
199.084
249.212
251.622
290.966
244.157
239.823
298.443
263.793
221.855
235.716
258.444
276.238
314.791
335.628
255.794
168.194
327.92
250.927
238.184
266.201
270.978
243.578
279.24
297.202
235.418
245.563
298.35
315.594
249.36
243.407
305.197
306.307
230.283
279.436
245.725
295.932
232.069
235.863
220.242
278.019
301.404
218.678
220.491
283.544
277.436
296.629
284.401
229.717
257.582
292.038
249.135
249.274
245.852
319.111
309.459
375.687
262.438
261.332
213.497
250.732
262.646
297.406
244.561
273.568
264.759
292.021
272.856
258.572
236.792
257.117
280.521
306.451
258.88
260.557
250.07
250.862
248.074
294.286
255.839
242.402
234.077
260.006
269.088
240.212
247.834
231.328
308.377
255.902
319.131
266.59
239.373
273.153
304.53
297.461
269.354
255.712
309.476
237.068
231.134
287.29
284.992
275.966
323.649
290.293
260.218
212.349
235.837
279.868
264.765
232.917
293.869
273.644
253.409
303.094
243.477
269.294
251.37
287.708
279.922
252.537
237.437
226.539
267.619
257.781
293.037
234.786
256.793
258.345
275.725
228.03
314.892
247.446
274.087
296.713
306.058
263.63
230.875
261.483
281.825
240.777
279.08
318.066
250.535
286.86
263.628
266.864
277.085
280.576
243.794
285.915
243.266
266.761
221.571
213.592
329.731
280.201
268.923
220.251
256.904
300.202
223.62
265.298
266.32
259.533
234.72
295.946
239.255
304.836
249.537
244.639
276.261
267.891
261.643
250.675
303.616
279.213
327.872
321.218
270.375
294.389
335.017
260.082
251.71
298.549
259.929
260.778
216.831
253.551
290.914
290.798
274.704
254.533
238.085
252.997
303.76
273.173
259.26
263.201
283.208
216.621
237.068
281.401
300.223
217.849
290.787
230.393
265.631
268.466
287.446
305.35
255.391
238.172
261.044
320.659
257.222
272.674
280.4
295.048
304.668
307.282
258.608
268.238
216.247
219.917
256.499
256.73
290.562
276.935
226.352
296.786
240.047
259.981
252.473
361.201
227.568
258.184
266.513
306.758
243.157
217.016
237.981
247.484
260.566
268.071
252.214
263.39
267.693
275.534
210.04
238.9
280.599
301.473
275.445
317.469
257.629
310.606
240.683
264.789
270.131
231.88
253.49
261.451
279.908
350.102
222.395
277.169
238.714
209.513
245.775
273.605
338.254
287.53
247.564
260.426
266.676
259.562
277.428
271.379
321.502
266.624
262.213
349.639
344.977
333.149
258.543
277.121
284.911
257.67
351.166
262.551
295.093
323.394
241.289
205.984
274.133
298.291
284.359
223.35
241.215
267.051
263.189
254.22
293.958
252.733
308.113
265.492
254.666
225.67
230.029
222.1
257.207
206.755
264.021
283.298
216.899
268.907
314.085
275.813
287.98
238.921
233.928
307.849
254.655
267.753
211.755
258.649
248.241
252.114
275.697
242.905
274.563
236.175
245.062
295.109
277.521
265.581
288.928
341.465
255.373
224.278
255.566
241.036
279.862
261.974
275.789
267.582
243.157
267.294
251.032
285.596
271.649
237.678
279.948
260.659
271.356
272.589
274.399
257.675
283.909
241.429
312.378
300.285
251.581
217.734
284.817
283.272
218.731
291.708
256.768
260.936
263.81
291.8
294.917
274.022
286.222
221.102
308.369
258.578
208.482
289.749
279.873
261.291
277.319
318.449
291.738
260.364
241.868
228.738
266.172
218.239
270.412
273.264
252.823
280.771
275.175
251.864
258.067
286.695
285.192
304.514
277.348
202.834
251.623
230.705
300.833
291.409
282.784
294.22
342.604
272.613
221.925
255.979
227.21
294.22
257.742
283.287
213.723
280.727
262.176
262.201
269.046
260.938
281.045
259.426
248.905
275.708
268.19
253.792
282.118
285.958
255.447
317.287
279.7
295.534
266.506
281.239
294.306
242.483
234.004
289.425
253.189
240.68
275.984
267.133
275.724
254.725
293.991
318.322
227.945
263.392
289.504
294.557
283.497
254.401
301.769
260.317
284.793
210.921
287.489
343.991
270.083
278.065
209.367
291.804
242.58
286.839
244.951
299.956
280.525
322.709
260.893
250.126
247.804
286.318
273.237
312.103
242.201
244.726
270.202
248.857
230.896
263.712
264.771
278.457
314.708
278.858
324.8
242.863
283.539
257.828
220.076
275.888
243.226
293.066
272.32
315.245
251.857
287.067
227.526
234.928
260.232
270.623
241.421
262.496
216.019
240.874
279.881
328.452
265.065
260.718
306.967
244.283
283.715
229.815
301.501
210.97
288.162
291.344
265.435
220.143
289.6
275.334
277.335
242.221
264.609
246.517
301.67
314.421
273.008
246.157
314.828
353.914
228.494
272.054
291.225
254.134
323.148
291.844
218.115
255.708
281.361
268.684
261.916
256.444
229.251
260.078
249.023
308.306
246.25
267.339
279.818
267.662
248.288
261.788
282.674
292.21
246.048
290.933
312.159
258.129
290.073
247.016
292.432
266.318
270.847
272.933
292.94
274.524
287.178
246.471
279.74
282.585
265.671
279.744
309.279
245.233
263.254
288.285
226.978
292.669
265.879
331.258
302.013
253.302
272.034
229.922
280.228
254.136
317.507
251.292
327.765
238.585
254.914
264.793
220.374
265.467
249.352
294.351
287.218
260.877
312.071
283.899
291.593
267.063
284.123
257.968
240.247
276.627
248.193
266.247
268.124
250.217
268.568
213.154
247.689
274.31
252.891
251.484
321.649
244.203
275.082
271.819
243.445
260.984
254.837
268.099
267.609
258.121
314.726
265.126
275.528
257.599
285.288
252.959
254.353
294.738
245.161
242.018
210.46
208.192
267.586
269.407
240.058
225.325
300.49
274.19
250.575
286.302
289.623
229.492
203.252
237.04
238.761
260.218
268.754
306.061
207.394
234.646
164.015
274.113
246.16
275.69
244.668
265.232
292.659
270.807
267.942
249.112
237.224
221.929
248.212
231.308
262.27
223.812
221.679
278.474
261.004
248.588
303.393
260.199
298.519
229.567
281.187
239.133
225.33
262.715
315.423
253.035
279.544
215.626
296.561
269.731
292.517
289.511
221.874
248.812
265.862
256.387
240.053
291.374
267.531
274.031
256.788
304.047
292.29
242.575
252.482
270.093
246.152
261.215
298.347
249.504
270.125
246.169
260.043
286.1
267.18
258.504
261.703
239.559
300.315
283.77
271.707
265.405
246.387
298.711
293.459
309.03
270.917
272.24
251.536
261.234
253.731
285.574
307.068
272.117
268.956
268.956
275.962
269.742
266.314
233.166
273.342
258.603
275.186
271.51
256.676
251.11
283.05
285.364
239.328
236.119
299.123
318.802
230.987
240.67
251.599
222.809
272.723
325.312
268.506
308.219
203.12
325.3
288.795
247.408
301.864
290.868
229.742
263.75
230.299
286.325
269.457
215.082
323.006
230.522
357.032
285.164
280.695
252.122
268.205
285.726
237.915
271.721
264.385
277.427
230.364
218.874
259.993
265.634
329.107
273.811
267.341
283.093
307.745
267.778
233.252
269.982
291.685
243.463
303.729
310.983
267.613
289.808
255.531
274.654
253.949
261.027
261.565
236.142
270.245
314.61
284.8
245.968
242.467
254.623
308.447
304.45
274.008
280.756
291.331
246.125
301.542
284.973
296.135
246.883
275.585
251.557
224.153
259.139
269.467
237.809
218.261
277.728
231.972
265.538
283.637
247.707
257.173
250.887
265.12
314.403
212.093
259.203
210.511
249.455
285.24
219.054
221.746
277.759
255.304
238.459
226.467
257.246
234.452
283.287
302.176
310.297
304.368
268.618
258.853
257.683
266.989
229.641
263.986
302.633
304.134
244.388
227.006
311.023
315.534
261.123
247.954
261.033
240.876
239.311
266.115
241.449
271.525
257.977
291.155
254.615
224.602
250.917
315.996
266.526
244.126
284.961
317.846
288.392
263.814
243.873
289.729
298.786
232.049
305.85
268.41
240.688
322.193
239.02
268.715
210.787
268.652
324.603
240.718
247.549
293.525
281.103
250.629
242.594
294.846
260.972
275.995
244.318
280.821
293.788
292.713
225.037
320.18
285.679
224.116
275.714
277.152
255.107
336.347
249.941
258.342
226.678
297.435
251.519
305.942
269.093
236.095
346.664
264.996
224.118
220.372
324.437
226.038
221.335
248.753
300.872
261.574
284.374
270.586
245.13
287.35
281.571
278.889
230.915
242.441
302.383
215.738
239.792
261.555
219.341
257.577
256.516
236.481
272.328
310.089
263.148
307.553
286.667
239.495
250.671
304.325
269.32
307.329
221.689
236.61
222.785
270.369
228.102
222.217
245.719
218.088
238.733
253.879
230.278
240.978
240.51
243.363
311.167
298.825
260.921
215.841
243.519
325.27
261.474
253.084
300.86
271.036
258.934
281.951
263.355
249.428
266.259
241.563
266.465
256.742
287.319
263.087
258.551
320.204
244.075
322.068
268.124
248.857
285.327
242.01
272.073
265.04
244.508
258.608
264.707
264.686
223.255
262.361
274.513
272.539
307.391
287.547
245.874
278.524
281.169
310.153
238.784
232.055
240.571
277.491
240.54
222.448
234.94
285.96
278.649
287.457
238.774
258.13
288.932
273.224
327.749
191.636
242.817
260.867
290.187
315.974
282.118
252.784
236.415
323.132
229.763
262.743
297.358
214.051
278.006
275.543
282.172
225.466
277.654
287.848
214.567
252.695
225.628
289.239
258.644
222.353
239.229
319.556
286.882
307.939
263.229
333.17
237.269
240.765
296.86
237.701
263.179
297.685
279.219
318.062
258.148
250.168
283.254
297.074
254.782
301.935
302.404
223.627
226.718
231.185
230.973
262.211
241.691
241.247
278.873
302.108
220.4
253.461
239.411
300.374
320.766
278.555
226.948
271.076
221.425
255.932
372.117
232.525
246.506
253.686
279.052
245.65
224.023
338.897
277.095
308.162
272.211
278.322
244.083
254.37
275.377
224.411
240.395
253.926
297.074
247.792
283.12
203.377
199.437
276.037
276.668
253.408
294.299
272.292
268.301
275.948
248.42
320.672
322.397
305.293
225.421
283.435
243.92
282.971
249.968
238.688
278.799
290.737
276.585
318.425
246.283
297.159
248.867
246.227
238.809
229.712
257.56
251.813
284.19
248.104
321.272
211.453
237.449
297.514
300.43
282.97
306.443
256.452
284.531
250.3
235.601
242.725
290.2
264.992
310.764
302.833
263.253
261.499
270.196
224.638
257.518
282.612
278.413
301.01
283.798
221.234
280.99
265.872
257.784
242.656
263.741
273.658
217.676
243.849
279.776
263.636
261.424
248.979
282.763
252.045
242.061
234.579
276.49
239.201
237.811
299.217
293.188
291.939
274.225
246.261
298.457
294.698
326.644
233.107
250.065
265.399
284.717
292.247
278.428
230.326
262.712
241.487
293.198
261.147
253.795
292.304
276.545
303.152
303.94
289.791
259.513
255.753
245.244
268.862
235.558
247.511
272.175
268.44
275.332
286.422
300.932
251.147
237.201
271.43
256.777
291.571
299
182.479
299.849
252.462
235.553
266.252
292.878
266.869
283.336
246.709
271.59
275.805
244.549
270.121
285.909
241.915
279.515
265.126
247.289
267.394
253.476
256.224
289.041
189.424
298.604
239.639
230.473
243.979
291.763
273.161
351.036
211.859
257.268
233.097
307.44
284.535
277.787
241.675
256.112
200.841
319.093
295.585
288.131
279.47
246.161
272.486
257.949
306.29
334.876
269.201
251.383
264.635
277.63
273.496
228.275
274.534
304.466
277.782
249.598
234.84
271.008
240.739
279.223
268.041
309.781
224.319
294.699
297.864
251.41
243.831
271.556
258.93
231.208
237.497
245.201
258.575
238.562
282.27
292.11
294.117
320.04
233.658
288.739
230.524
281.964
251.465
262.17
295.823
233.2
251.816
303.098
332.442
267.119
253.825
290.542
259.9
249.187
225.045
274.841
283.072
247.943
241.813
205.629
243.372
270.925
264.606
282.168
270.478
251.071
259.882
334.15
225.834
357.946
252.925
278.895
266.757
230.798
243.542
323.751
286.085
238.777
246.382
288.554
287.599
256.699
259.516
290.568
245.496
313.208
267.446
298.12
283.889
260.25
241.068
287.63
234.483
262.61
274.99
278.42
195.135
258.79
232.973
305.225
237.648
306.331
254.884
263.524
301.673
296.14
278.658
327.958
298.74
226.765
305.94
270.021
310.993
310.836
271.461
273.597
264.837
276.671
238.376
277.805
258.129
281.591
268.958
276.037
279.813
295.079
308.573
235.611
275.933
264.532
233.627
279.438
254.869
289.413
222.489
304.029
251.78
311.979
261.267
299.929
248.887
253.654
246.84
213.162
226.272
288.638
272.084
239.266
261.857
240.136
278.061
304.294
286.023
307.124
308.8
240.969
217.301
257.431
231.35
230.821
264.751
234.809
280.403
310.188
274.807
245.299
235.368
231.342
249.263
235.441
289.685
301.025
279.788
277.517
276.526
306.118
282.172
283.316
252.897
260.488
273.154
231.758
235.327
274.122
264.011
222.219
276.45
243.07
224.764
240.143
317.616
246.706
266.866
261.129
227.144
267.831
235.31
210.876
281.44
277.783
226.122
266.453
279.582
247.738
224.147
239.93
277.301
265.514
254.743
282.37
330.966
295.12
257.02
237.925
253.217
264.887
265.426
257.803
271.764
297.211
322.686
331.145
241.122
241.665
268.699
200.523
299.016
285.17
226.186
260.469
252.548
260.645
335.029
301.647
258.686
258.083
286.278
249.714
208.451
238.888
266.586
231.516
264.19
263.432
253.691
275.943
280.715
322.832
216.933
245.699
247.124
248.164
290.222
226.654
238.654
246.672
239.608
234.595
337.218
241.816
336.07
247.619
264.658
263.101
257.876
256.127
252.89
233.688
245.387
230.265
270.704
314.519
267.34
267.373
227.873
346.457
244.496
295.251
297.335
254.844
241.313
266.076
261.753
259.955
283.89
208.317
274.4
281.612
237.423
265.635
260.208
261.87
272.749
305.719
233.36
271.058
207.902
245.861
198.492
262.111
276.044
258.166
341.387
231.923
312.686
323.601
302.718
214.765
239.319
265.24
283.304
272.528
307.679
263.575
268.059
315.392
248.579
233.407
287.023
298.918
235.459
304.709
320.627
244.94
305.159
272.416
222.685
322.79
274.22
302.815
232.656
223.313
285.716
231.511
263.09
216.704
244.576
312.66
212.981
246.932
269.537
241.948
296.855
285.281
260.661
375.037
290.128
224.09
304.454
207.79
303.841
245.764
255.163
285.125
320.384
244.328
259.903
231.656
326.378
279.638
272.363
231.299
274.108
285.805
254.901
348.598
259.459
253.428
245.774
255.385
292.738
255.584
266.437
249.092
252.87
269.268
223.278
277.379
260.491
246.186
250.421
233.011
279.659
241.474
230.966
245.562
218.647
276.281
242.141
299.098
252.389
216.426
276.738
221.822
256.59
276.798
249.094
245.933
276.421
296.817
275.216
303.742
265.697
288.67
273.116
264.859
305.239
275.423
200.675
243.93
268.316
252.334
290.796
220.369
274.988
255.185
295.905
307.495
278.161
321.328
286.188
275.342
263.207
233.743
285.488
256.986
268.579
221.624
257.698
257.908
285.226
280.271
251.291
287.318
271.319
347.592
297.104
273.312
293.324
239.817
260.316
288.894
313.774
272.009
245.27
291.415
273.175
299.373
285.236
310.032
256.343
277.438
296.41
259.062
242.233
242.547
257.705
272.182
225.897
220.442
256.527
257.519
230.228
226.788
293.392
273.535
289.781
307.578
279.371
260.609
254.021
242.814
279.727
303.269
347.187
310.11
264.497
228.144
280.3
267.001
238.767
277.478
263.702
245.927
299.589
271.681
298.453
274.63
263.07
258.523
245.45
287.836
269.088
305.739
301.969
254.195
292.173
321.422
303.787
251.571
294.905
257.679
240.829
234.684
309.991
228.549
276.113
280.459
269.426
307.609
289.92
291.616
228.602
301.655
305.266
258.802
213.684
266.541
211.492
308.064
269.748
295.605
306.877
228.79
270.715
305.336
331.747
300.513
192.65
252.062
269.001
246.615
270.822
294.401
265.813
187.828
297.133
305.742
210.609
311.012
312.218
304.821
214.284
272.573
269.582
299.015
257.56
270.039
255.554
233.449
249.749
302.088
267.427
273.431
258.953
274.127
314.403
270.865
327.824
240.318
243.81
216.465
276.363
239.595
272.402
233.327
278.485
256.709
292.865
258.105
290.329
286.341
249.729
337.258
285.815
304.335
242.902
265.106
263.386
259.907
275.913
280.976
232.184
231.171
267.771
267.848
326.08
258.673
312.099
318.963
269.108
265.836
251.489
299.484
269.509
290.363
310.803
292.01
250.786
248.652
330.06
292.87
245.761
242.959
272.532
306.976
232.162
234.21
295.18
265.722
302.646
284.161
258.518
246.333
271.279
228.806
258.32
250.72
305.944
262.504
324.354
254.721
255.578
249.337
297.027
242.865
239.766
359.883
267.06
286.711
239.718
270.1
239.731
224.115
247.926
213.385
259.16
273.108
275.762
252.434
264.742
277.08
251.198
245.693
260.48
260.489
255.09
309.88
240.171
216.809
248.113
257.859
244.838
212.876
228.391
345.398
247.516
288.394
248.986
294.375
301.902
244.257
276.393
274.159
314.858
267.431
280.102
309.245
262.113
246.737
258.142
267.807
278.534
261.474
242.641
271.919
267.135
280.117
257.926
310.432
254.376
319.161
268.179
298.964
324.021
322.109
295.196
316.358
251.46
296.506
246.351
299.494
266.588
269.067
328.126
224.192
252.072
341.673
260.95
266.104
285.556
296.369
243.98
258.076
253.941
228.897
280.179
274.37
266.223
261.653
253.325
247.823
264.989
190.489
260.791
271.716
273.251
222.088
240.201
282.658
271.582
312.271
266.794
286.673
229.216
293.38
291.253
271.567
265.099
237.281
312.281
254.106
288.422
225.263
240.987
280.662
283.292
245.077
237.803
284.037
322.443
322.203
249.74
280.829
252.754
294.142
218.856
251.1
274.909
226.957
278.915
243.362
266.317
253.447
278.742
318.784
247.917
273.594
296.713
244.99
263.122
297.606
272.708
253.067
297.292
298.314
232.981
262.172
208.863
311.471
256.865
260.228
261.378
202.359
264.777
306.234
277.032
261.672
223.434
288.617
282.685
216.192
250.253
247.636
268.947
273.443
307.189
294.249
261.319
253.387
266.636
243.296
269.941
251.717
219.666
267.227
210.707
252.765
261.427
279.558
286.528
253.718
298.192
296.015
287.453
239.779
287.279
291.266
268.534
279.13
243.008
256.873
280.97
259.413
236.787
227.278
229.285
259.887
291.566
249.61
253.68
238.172
290.754
301.708
276.433
227.88
247.685
283.142
303.41
276.447
294.298
203.615
276.968
245.357
269.753
282.25
240.662
241.075
301.438
249.621
263.453
273.497
287.317
261.796
256.39
284.97
248.044
324.865
262.805
245.992
247.199
295.291
260.702
302.177
256.37
278.964
262.163
296.72
262.805
277.575
263.173
267.658
256.286
219.909
240.13
281.338
221.708
303.2
317.113
300.691
233.949
260.424
238.245
224.04
289.659
241.362
257.044
295.798
297.979
306.863
256.357
236.136
261.369
278.686
285.278
250.264
280.156
274.098
287.746
291.292
232.446
215.631
281.056
226.942
287.884
254.483
269.295
276.383
312.83
252.095
270.596
268.261
258.673
227.62
262.261
300.172
262.51
266.616
305.348
301.051
266.259
224.324
269.998
251.394
277.576
275.003
229.354
223.251
297.609
316.904
265.78
304.612
264.84
279.339
273.115
278.21
257.829
233.444
238.35
296.841
251.189
300.404
235.624
269.766
286.552
279.319
272.905
284.578
210.243
274.875
293.44
275.885
258.215
318.563
285.297
274.312
270.183
267.649
292.142
275.129
226.824
272.609
242.095
252.032
246.329
320.307
255.831
261.152
292.464
251.828
335.071
229.769
280.418
261.943
318.636
291.18
258.552
228.481
225.101
305.367
261.747
312.184
224.444
260.4
240.346
229.726
239.385
237.643
326.665
261.511
293.912
232.321
282.171
227.265
311.149
241.095
223.886
271.693
276.313
229.236
294.924
284.625
298.043
243.28
308.707
260.833
292.128
233.388
276.395
243.115
251.452
249.588
317.972
213.758
201.909
252.848
305.233
244.06
246.779
253.085
260.476
297.175
265.733
235.096
228.028
286.663
195.877
312.65
257.694
254.711
233.043
223.555
232.744
247.062
352.78
252.418
237.026
282.573
285.522
255.928
265.832
250.686
260.276
237.077
277.146
291.794
316.811
335.601
261.897
239.402
239.008
250.144
293.318
312.075
257.568
264.496
258.098
310.117
242.728
246.331
279.076
253.928
269.035
293.266
268.188
266.116
275.263
226.694
263.158
293.373
264.63
261.349
254.245
331.003
280.822
236.201
240.831
280.808
241.963
302.989
271.211
271.61
257.355
268.158
309.916
285.599
365.002
271.782
269.604
235.655
221.795
260.6
275.882
286.788
255.763
231.678
270.654
271.746
306.294
244.393
199.571
297.719
326.928
264.86
322.921
297.89
274.728
248.527
291.618
264.482
244.651
284.433
300.425
291.01
313.92
302.978
294.369
324.141
333.623
283.25
290.303
269.539
256.015
247.284
231.681
222.741
266.127
325.921
275.299
273.858
257.844
249.02
314.221
224.117
263.649
259.238
267.174
208.904
255.889
302.273
332.979
283.355
276.994
228.338
221.082
282.452
246.039
233.47
265.981
268.187
228.892
267.04
239.821
261.045
285.237
308.162
309.089
257.892
288.391
307.847
248.768
246.212
282.544
206.044
310.489
286.004
282.607
266.569
283.936
308.89
283.109
229.411
261.5
281.027
248.292
318.48
252.177
224.782
289.929
275.265
266.383
205.703
276.748
276.98
273.349
284.362
240.74
250.362
299.622
291.976
316.246
263.936
218.092
298.072
245.847
230.475
264.417
239.836
249.426
242.466
285.733
316.921
252.146
222.641
248.116
305.792
258.185
257.533
250.934
273.488
287.974
215.373
234.21
261.16
240.684
287.523
247.921
280.611
281.978
299.75
269.007
202.393
224.812
292.068
218.742
296.43
320.473
188.912
289.612
268.951
302.444
234.735
246.176
239.461
289.235
232.045
308.788
215.136
258.262
257.873
286.659
266.351
220.026
263.364
284.288
251.508
275.535
255.25
291.033
281.022
225.273
252.168
224.333
220.089
342.064
266.088
276.579
264.252
272.39
261.726
257.364
252.82
216.827
275.291
282.963
299.34
291.494
236.112
249.968
287.921
296.332
336.555
273.412
236.652
261.67
241.398
330.855
328.734
279.566
250.148
251.011
244.801
316.064
329.677
313.668
234.23
216.703
325.876
239.33
220.608
273.616
237.467
283.68
232.764
235.921
258.469
235.745
253.15
213.018
291.783
279.812
278.271
222.281
235.377
272.091
318.536
266.747
265.804
249.771
249.669
311.371
325.601
309.86
273.993
272.604
260.314
293.946
278.054
359.181
308.424
282.086
267.499
265.532
245.746
279.951
287.507
261.094
265.523
268.516
261.221
272.102
267.183
265.07
278.159
247.858
232.231
313.21
224.848
266.146
269.425
255.566
275.49
300.155
247.404
250.777
243.382
304.37
287.164
262.804
308.889
273.736
247.5
268.825
285.383
219.516
291.517
241.665
284.676
238.382
256.553
236.554
274.194
246.024
239.202
293.047
235.239
236.367
226.071
277.234
245.802
280.873
278.413
267.863
235.64
314.537
259.046
293.088
267.032
260.283
259.859
243.681
288.996
254.949
281.146
241.989
287.156
244.896
265.582
314.446
264.449
253.954
318.069
293.249
238.126
242.895
290.129
294.053
253.269
233.631
277.212
254.684
242.214
286.835
281.416
267.903
272.645
246.588
307.083
324.339
209.671
289.703
229.705
260.492
314.09
286.751
272.882
264.739
304.89
262.317
283.692
293.021
286.11
215.965
265.979
273.842
293.024
262.641
274.887
282.942
303.233
230.914
230.816
257.511
293.389
255.55
245.039
245.116
284.492
222.409
247.523
243.714
282.432
275.917
297.207
230.868
265.309
259.855
243.757
276.826
291.2
267.412
240.249
274.689
252.809
238.128
270.988
219.793
263.731
251.428
280.898
277.685
302.106
265.745
237.339
264.432
257.835
278.415
260.198
306.693
332.183
258.061
269.626
255.98
241.933
278.677
210.499
277.417
237.842
254.117
300.065
288.086
274.448
260.124
246.552
249.058
248.743
242.128
217.035
264.885
240.804
226.29
261.016
329.571
244.624
299.898
229.356
250.343
308.093
307.283
249.43
239.092
256.442
250.649
264.325
266.73
262.882
276.789
218.581
307.378
298.657
307.068
261.78
283.441
243.879
315.474
249.427
279.958
262.352
341.735
227.926
285.932
309.47
252.433
264.192
255.908
256.487
233.377
256.521
311.742
240.724
285.176
277.134
279.982
254.743
315.021
265.981
256.96
293.136
320.739
308.359
250.074
270.228
251.152
248.048
314.043
268.953
305.543
358.352
246.936
297.537
285.309
310.102
242.373
279.897
290.068
331.534
229.512
239.834
213.865
236.231
243.247
199.23
297.938
252.724
324.99
296.902
297.238
223.475
260.348
308.646
314.726
263.849
265.272
248.859
320.134
277.179
248.419
290.474
263.305
269.764
207.68
299.561
245.77
263.174
230.245
332.523
261.903
280.061
233.616
249.049
295.247
236.696
231.626
289.73
278.109
267.29
286.829
266.841
220.904
327.902
275.132
280.573
281.083
254.813
299.398
237.716
298.324
259.753
301.922
301.922
225.285
308.31
265.27
268.26
314.327
301.06
279.033
272.151
276.491
233.727
241.143
269.281
200.872
258.63
301.458
248.82
240.174
256.587
258.53
267.058
255.304
195.621
232.053
253.759
220.723
269.968
313.049
295.255
296.655
256.422
341.499
255.908
259.885
282.196
280.339
243.636
243.212
247.731
299.816
211.333
299.506
262.86
281.797
271.576
323.67
236.537
292.156
297.742
328.968
240.951
265.173
253.813
301.952
274.258
235.146
275.817
248.003
209.495
280.528
268.016
226.58
326.623
253.952
245.711
300.129
235.322
211.147
279.988
234.039
272.657
224.75
266.264
222.522
257.444
375.454
209.104
311.118
220.932
252.274
257.102
206.515
345.707
351.34
250.458
306.133
236.336
281.313
214.527
342.363
349.415
255.747
271.052
326.427
286.898
240.936
264.112
244.77
332.682
256.079
250.41
274.809
281.115
272.141
261.229
248.47
240.352
242.696
242.478
288.716
221.849
282.259
288.352
266.728
252.108
287.251
238.256
258.949
305.38
282.566
251.368
274.544
262.585
297.641
238.88
287.31
281.314
314.348
330.985
257.543
274.287
254.211
261.873
245.453
312.164
279.543
246.38
241.797
330.555
240.362
303.2
267.132
261.405
278.469
189.094
260.142
226.634
241.368
257.035
238.156
283.99
257.548
230.89
280.94
301.177
323.644
300.225
279.343
261.698
312.478
322.484
260.625
259.092
279.998
300.174
247.141
264.501
260.941
261.507
318.911
324.882
212.145
266.504
272.392
289.344
279.535
237.566
298.733
246.899
289.317
278.226
261.627
258.442
250.297
292.886
202.457
256.193
308.056
264.588
235.397
296.867
261.559
279.422
233.866
222.962
311.696
283.002
208.941
272.942
244.978
331.909
265.338
227.054
266.538
279.405
261.323
269.978
269.237
295.588
268.317
280.814
221.192
285.033
282.347
303.101
311.218
241.479
245.85
237.379
276.206
287.595
258.578
275.82
308.293
211.58
301.844
235.798
306.092
267.031
227.718
332.379
254.898
248.48
241.925
261.94
246.586
304.934
296.006
285.402
253.946
310.297
291.515
254.81
240.255
219.541
258.446
235.981
279.144
234.423
286.886
256.444
216.057
226.439
304.54
297.901
272.121
257
253.122
233.253
325.442
248.998
290.62
289.193
250.948
250.652
248.981
223.47
249.202
267.856
267.066
326.405
266.073
264.448
292.203
291.338
235.628
289.555
256.607
310.17
283.824
301.864
268.688
299.448
234.723
257.616
243.453
269.68
254.151
351.969
344.684
244
267.319
296.937
237.657
262.992
323.214
302.56
248.107
261.731
254.662
325.328
227.748
278.139
260.766
214.993
266.291
228.993
294.881
211.156
278.252
252.749
283.987
299.667
275.112
256.271
216.606
287.48
286.471
213.873
285.142
268.492
297.877
234.598
248.246
265.658
258.694
280.508
281.597
272.543
293.99
240.852
283.57
237.723
249.244
297.169
314.742
255.376
217.15
241.586
286.634
311.254
271.257
257.071
149.773
269.339
300.26
277.77
243.038
258.784
253.734
220.491
328.472
288.161
282.124
300.35
221.495
272.537
216.974
240.201
212.99
286.97
217.281
252.227
253.588
276.952
300.274
338.442
254.89
286.698
309.824
306.082
233.509
203.101
267.268
309.448
231.027
281.743
321.64
219.389
295.222
310.235
241.935
284.819
234.507
231.916
290.601
268.077
242.085
209.658
276.017
230.746
297.914
257.735
288.177
249.267
276.33
284.234
270.343
274.718
287.266
310.115
240.661
239.789
242.164
322.072
233.821
274.962
315.44
311.087
284.652
268.231
266.961
302.307
231.118
304.689
259.607
297.474
324.97
270.275
277.37
338.545
271.144
277.408
269.378
248.221
275.644
244.742
315.476
308.193
229.733
330.196
243.843
250.109
263.185
237.79
238.402
281.251
211.634
237.709
295.048
220.385
237.223
235.001
250.103
240.836
204.02
213.387
256.935
261.821
302.406
255.993
259.861
262.874
285.273
286.148
282.244
269.173
268.952
247.911
269.69
310.649
237.25
306.964
211.486
273.218
249.826
201.113
299.19
269.689
316.09
269.146
257.551
287.908
252.36
264.612
201.176
247.968
222.567
273.816
314.666
271.934
233.398
338.247
300.709
275.392
255.465
279.298
248.436
267.538
303.494
269.582
206.315
270.365
256.893
265.613
313.646
225.329
308.206
236.851
285.76
317.926
266.079
292.281
251.922
236.215
279.858
269.567
294.305
288.924
281.35
252.821
299.592
308.403
215.907
270.359
256.712
258.433
286.38
319.911
230.961
262.374
255.812
231.483
266.97
258.262
219.034
240.721
242.001
248.51
255.476
260.841
255.291
205.572
303.023
267.309
259.153
258.876
246.595
221.833
244.247
258.095
259.655
215.071
258.365
296.972
268.167
262.789
268.684
247.838
250.484
279.319
293.043
282.304
236.139
202.484
220.32
268.739
241.309
241.15
300.811
265.738
255.452
284.082
282.213
273.719
246.11
264.52
226.086
268.409
262.521
273.477
269.224
288.057
296.27
282.492
230.119
273.274
282.179
265.452
297.058
264.936
269.99
309.556
345.074
246.437
253.958
263.073
285.585
354.595
267.207
248.775
261.965
263.938
291.793
278.404
307.247
231.129
278.432
236.999
292.011
280.497
264.824
235.942
229.324
289.751
245.267
285.557
262.585
304.018
235.625
294.919
225.019
291.665
213.127
300.926
228.457
223.705
284.144
265.128
253.803
275.538
278.108
254.283
254.291
259.672
259.566
258.527
298.94
240.915
236.322
246.21
290.978
266.681
238.839
258.121
297.087
256.569
266.377
208.569
238.906
272.342
269.522
203.302
352.008
265.236
247.943
258.732
265.239
256.49
229.965
272.5
257.838
270.815
242.06
271.593
243.818
267.78
265.962
233.41
305.897
251.76
299.323
301.178
271.964
217.419
250.315
285.984
240.611
243.643
234.829
282.47
272.274
250.289
221.884
207.665
317.62
219.737
300.464
213.125
272.348
237.247
274.614
309.25
237.298
291.952
250.515
295.842
289.5
305.225
284.081
231.451
260.868
305.89
252.479
294.43
294.587
260.643
322.076
267.854
239.609
312.557
252.529
252.13
238.139
291.988
244.232
277.998
277.707
239.821
274.494
268.46
289.696
308.072
250.093
266.166
312.365
231.736
290.899
266.988
242.049
255.02
286.023
183.657
280.406
270.678
258.338
255.865
265.084
229.876
283.048
308.354
220.256
245.255
306.628
280.261
224.976
242.791
244.169
236.687
258.191
267.155
278.96
277.718
243.453
304.031
254.568
234.047
252.265
301.999
232.824
313.841
275.239
339.122
215.123
296.419
253.343
259.95
272.931
249.762
273.826
258.426
268.928
344.412
290.161
307.396
281.21
309.348
325.31
284.594
252.204
242.443
261.767
255.402
306.138
281.071
245.209
338.697
269.491
259.61
284.734
326.738
248.369
290.641
243.276
240.608
229.252
290.346
270.887
292.69
250.191
346.851
326.616
287.488
241.943
243.977
294.556
240.712
298.784
264.189
278.266
249.555
233.053
291.959
287.969
255.626
274.903
189.374
303.38
245.044
276.101
284.333
239.314
302.613
320.05
315.017
261.124
306.266
244.351
279.594
201.988
258.677
254.775
273.381
290.944
211.697
302.745
275.304
271.166
288.572
254.098
277.56
279.387
301.873
255.832
279.568
316.102
284.889
284.076
313.64
254.181
246.594
286.403
290.104
244.015
223.95
283.734
249.576
255.416
347.733
307.294
272.851
279.885
303.126
226.732
279.76
249.61
283.168
264.918
215.6
285.692
312.199
281.813
278.902
244.144
223.775
248.624
307.485
256.772
286.83
269.378
249.898
297.559
280.928
292.63
298.351
251.909
251.607
299.402
234.886
265.917
255.135
247.545
273.254
298.119
285.115
231.178
238.83
244.672
289.552
228.143
301.084
225.936
270.449
304.246
271.439
223.542
292.341
247.364
302.279
282.987
296.689
216.486
298.283
326.144
265.402
256.549
286.672
284.518
328.397
305.551
242.186
296.207
255.529
293.515
252.008
307.832
256.105
283.144
232.348
249.553
289.144
281.713
307.65
263.515
192.976
243.69
331.519
280.424
280.297
296.651
254.227
277.916
239.052
258.923
289.883
270.125
267.013
239.971
266.215
280.936
289.62
344.758
272.573
257.372
252.003
281.549
286.014
184.766
277.287
269.021
319.61
293.112
271.53
282.376
239.272
323.553
264.245
262.843
292.334
331.209
298.492
268.973
254.62
262.654
247.95
341.235
297.514
260.377
305.534
214.806
312.393
240.797
279.998
311.387
256.882
302.73
233.702
255.326
218.229
286.495
284.815
243.511
310.507
313.21
213.954
252.38
235.641
229.092
236.423
231.378
231.163
282.164
224.937
231.503
254.179
239
280.459
287.594
241.847
282.852
264.421
235.973
291.779
194.818
252.73
250.089
250.387
286.203
267.795
228.284
272.255
232.588
242.729
207.265
290.411
243.794
240.764
241.281
275.842
255.657
265.03
254.304
301.231
229.166
310.971
280.813
238.42
279.717
237.965
300.788
250.171
254.727
322.857
270.862
239.007
241.614
273.895
244.848
199.837
276.855
289.824
209.163
250.458
268.071
316.3
262.077
229.98
274.693
268.383
212.683
301.457
231.486
261.504
275.359
272.534
296.586
317.774
260.18
267.871
320.545
249.271
268.032
329.918
288.564
278.79
275.14
272.866
232.24
285.03
284.665
314.173
253.368
258.891
234.227
252.291
294.914
244.273
324.31
247.38
240.616
303.486
262.107
285.438
262.11
250.507
331.078
230.524
242.309
305.159
217.719
261.053
301.24
235.309
322.267
233.507
228.365
241.013
300.025
289.212
263.757
276.879
273.406
253.831
279.077
253.732
275.749
233.366
259.193
256.508
293.527
282.657
295.649
241.858
247.07
299.44
238.439
262.896
296.709
229.839
212.154
291.707
300.768
240.446
217.366
238.102
265.87
209.099
274.018
263.516
259.905
309.628
293.903
282.487
261.088
237.083
220.749
217.808
235.193
301.729
255.401
261.84
240.35
235.277
281.169
278.378
238.168
303.758
239.222
276.857
220.932
267.824
224.675
236.656
287.376
289.65
279.95
297.732
285.996
315.293
261.906
263.043
277.868
301.565
291.301
236.503
250.022
239.903
237.225
292.218
302.6
248.598
234.588
292.134
277.139
278.412
226.459
234.529
296.481
263.431
250.639
256.129
291.342
238.922
254.004
214.456
264.388
243.648
284.948
320.439
268.927
304.941
298.083
266.755
270.841
227.814
287.344
258.174
262.37
239.294
152.83
281.514
224.745
259.144
248.644
298.974
258.081
221.381
212.154
296.083
251.533
244.544
338.194
241.182
257.418
328.561
284.334
220.025
308.488
253.925
250.998
252.89
310.786
201.651
277.946
291.765
269.423
257.095
306.301
260.872
261.034
304.089
312.637
282.539
236.807
338.256
282.028
352.464
297.551
271.916
247.527
276.14
198.973
260.921
232.522
238.944
242.33
242.576
282.636
274.247
268.282
320.752
250.302
341.897
272.97
283.965
305.921
233.911
319.612
250.838
312.445
222.306
256.103
266.212
240.299
296.352
246.982
297.154
230.402
268.876
266.836
270.942
269.265
253.357
263.748
298.673
272.369
245.866
274.839
202.018
189.766
290.334
313.061
280.852
262.415
296.63
228.348
214.486
249.74
287.097
245.47
241.127
290.713
260.284
257.66
235.73
214.936
288.401
197.035
302.638
251.19
251.083
254.035
224.894
240.469
261.356
284.788
285.101
245.64
305.58
256.773
283.16
317.522
266.502
236.405
327.258
282.305
244.93
272.788
266.738
240.218
284.627
262.819
221.584
249.185
345.363
269.478
238.354
298.093
251.865
307.689
242.993
284.522
255.973
251.621
326.634
234.977
248.482
271.502
270.467
295.779
253.378
263.166
315.041
233.283
257.134
265.686
283.56
329.04
288.5
352.176
287.811
214.641
244.19
268.624
271.028
216.429
208.639
289.139
294.163
295.08
264.882
235.122
233.32
207.395
255.513
286.865
287.732
327.738
245.098
265.46
259.902
292.949
256.72
287.789
269.231
275.44
269.689
264.488
198.311
246.167
187.229
260.164
229.341
270.942
284.749
242.032
301.778
292.804
261.709
253.034
282.605
302.926
290.605
252.942
289.427
259.95
256.181
274.664
220.971
238.881
299.761
302.09
266.6
275.458
267.24
274.698
289.128
206.029
306.54
273.531
264.303
294.998
279.897
237.876
191.582
249.319
309.564
286.535
272.608
272.22
230.89
318.023
277.654
255.955
231.699
237.138
298.4
261.526
287.408
296.007
304.018
297.392
256.785
301.049
312.788
265.437
289.52
321.128
285.817
274.886
283.904
237.672
260.528
263.918
276.532
233.528
222.106
329.862
248.127
271.881
277.277
285.994
211.199
302.861
273.676
331.444
273.86
255.012
285.189
303.954
245.973
239.61
240.606
277.944
244.622
233.765
267.031
308.747
261.704
231.311
311.294
266.122
262.448
268.902
274.716
290.622
267.367
256.768
253.35
258.039
246.096
258.211
256.681
239.527
312.726
277.572
217.676
212.849
300.627
272.058
306.921
261.369
250.762
299.041
222.609
314.875
273.951
293.946
318.038
296.702
246.582
299.399
210.963
243.126
288.451
269.319
305.846
244.595
280.267
322.479
291.427
229.845
310.788
283.867
243.723
252.432
236.889
222.755
300.481
326.555
263.316
252.378
246.97
304.638
271.538
304.084
292.978
248.247
260.551
221.481
309.12
278.408
267.951
266.064
246.452
270.28
275.882
250.534
286.59
242.759
262.616
242.123
257.693
257.578
280.597
311.92
287.535
296.828
267.364
296.913
237.172
257.848
259.368
265.466
252.119
233.207
319.04
309.562
284.657
321.741
285.339
233.447
255.649
285.453
264.088
260.275
273.993
274.218
266.002
218.661
259.025
274.283
278.14
271.24
241.225
286.45
280.601
283.871
247.217
280.102
287.781
306.169
260.953
260.306
231.695
294.471
253.955
310.377
251.948
242.464
314.757
191.873
274.771
250.884
330.359
230.608
253.266
225.942
318.685
310.239
252.868
230.408
320.117
273.269
267.733
230.679
303.606
293.926
291.449
277.121
287.48
222.028
259.043
251.894
289.322
259.595
231.35
280.066
231.552
252.368
263.36
266.964
224.85
284.03
261.997
319.154
285.526
243.352
231.096
259.815
233.759
361.999
259.363
273.102
271.098
271.236
265.794
334.073
309.925
321.805
270.825
234.432
239.967
261.703
248.916
271.843
256.983
230.176
278.621
261.692
282.752
243.015
316.8
292.644
236.079
274.303
267.115
273.891
228.887
286.71
279.47
222.339
260.86
260.446
258.41
285.941
328.47
246.205
240.451
258.098
288.867
269.146
235.161
228.363
231.839
343.179
193.662
251.948
263.37
231.144
244.887
249.948
265.41
297.684
242.276
269.481
378.86
295.845
301.159
306.947
231.169
274.229
256.972
312.045
251.767
289.114
274.587
278.777
322.112
268.921
268.92
277.161
296.176
276.294
254.547
297.623
251.421
325.832
295.035
339.935
246.35
287.733
299.793
277.059
294.556
279.219
223.943
267.741
233.144
254.61
290.083
285.267
267.9
236.688
246.88
255.554
252.343
269.301
212.752
298.252
290.017
229.318
282.992
260.273
272.841
238.537
325.911
304.219
221.786
214.92
264.631
283.003
267.036
259.121
309.561
256.659
272.858
290.198
274.145
313.999
278.597
262.202
293.412
286.16
276.305
322.611
246.414
292.114
274.047
286.753
239.432
295.626
214.913
314.878
266.315
290.736
268.608
289.86
278.082
236.465
229.059
272.253
304.195
246.823
246.616
262.684
290.176
296.24
350.741
249.168
265.096
278.371
238.027
282.86
255.564
273.79
287.341
301.225
234.498
245.128
221.562
287.434
222.236
264.434
281.432
240.204
299.301
233.217
272.064
278.316
267.522
247.015
271.857
277.253
235.242
290.496
266.604
341.274
239.098
259.284
334.868
255.331
300.877
298.646
247.607
263.787
291.056
301.617
304.936
302.834
312.59
252.895
262.622
261.693
267.193
322.56
310.999
240.366
274.446
246.508
288.285
264.323
274.135
300.834
263.693
274.905
281.214
270.912
271.335
290.093
277.827
290.602
266.887
268.179
309.085
255.399
224.508
233.081
255.76
223.859
302.195
297.38
247.774
256.939
292.887
287.074
312.737
195.014
267.892
293.767
269.531
233.854
258.368
284.267
295.684
267.031
262.319
260.392
312.531
236.239
284.587
275.085
258.554
252.193
274.906
287.306
276.685
238.063
254.191
274.784
278.852
262.599
285.365
311.558
228.507
250.584
265.471
226.603
276.905
240.488
246.819
294.384
279.236
276.365
337.505
297.603
263.126
263.549
285.322
257.727
311.407
256.124
266.532
298.368
289.775
278.203
269.152
327.84
244.503
289.345
215.077
316.354
300.001
274.339
297.287
312.605
250.383
246.581
236.888
309.703
277.844
240.517
260.415
244.505
220.961
317.712
264.013
230.695
245.585
217.913
229.299
298.907
275.725
295.905
291.074
278.421
319.697
285.851
280.547
267.548
341.261
268.547
240.9
231.483
252.625
324.191
212.445
293.659
240.007
277.604
298.508
284.149
258.342
275.73
301.754
264.605
254.908
267.124
265.668
244.307
281.156
261.236
251.313
263.414
198.184
297.894
296.471
238.878
274.457
278.709
303.523
256.291
288.413
282.437
254.985
283.36
268.789
306.053
232.949
303.928
198.78
235.351
239.175
296.942
231.722
307.942
273.951
276.897
256.077
250.56
194.728
283.876
224.327
278.545
236.752
221.656
282.007
282.64
266.421
283.427
297.122
297.797
329.939
240.615
282.301
270.116
272.496
288.267
294.56
213.651
359.733
288.261
276.464
276.894
299.872
235.205
317.578
269.749
276.128
218.066
302.107
237.269
284.427
259.687
234.892
271.854
255.024
290.075
285.111
310.493
256.189
292.269
275.07
285.486
256.124
286.174
246.831
286.778
278.614
276.034
289.832
244.863
293.106
305.649
255.92
301.483
283.601
259.269
287.495
295.547
254.567
278.561
250.322
256.653
237.175
211.749
232.143
248.483
300.581
299.055
241.488
213.9
227.433
311.551
275.001
282.346
251.448
287.753
267.776
274.396
186.683
318.839
283.111
322.534
322.816
254.955
263.662
231.88
250.823
259.752
261.64
256.867
274.082
204.005
271.956
205.471
285.855
271.275
295.27
317.973
308.026
231.753
268.707
259.329
285.788
285.102
309.202
254.96
253.591
255.664
311.745
193.631
253.961
253.206
234.096
265.766
243.436
261.529
281.722
279.687
252.824
307.669
249.603
267.42
257.858
260.997
272.942
225.476
292.484
303.213
239.015
233.557
294.831
217.052
264.308
236.173
315.444
305.036
266.21
286.337
242.068
274.477
236.326
213.126
244.795
276.571
308.216
299.171
321.201
238.378
275.464
279.568
270.17
268.694
315.994
201.206
223.865
225.585
261.607
253.419
263.544
207.868
321.082
286.727
236.919
264.578
252.934
245.526
241.589
287.529
236.857
235.87
282.36
235.254
289.873
224.655
252.695
276.011
285.015
236.419
266.281
307.947
308.387
320.67
252.523
280.498
335.503
273.604
308.751
233.59
324.661
249.172
246.868
291.946
261.513
336.092
297.593
250.15
223.015
245.397
302.213
254.289
262.588
283.662
274.166
204.038
295.185
269.252
247.209
265.055
258.342
266.884
245.444
200.327
281.774
250.144
325.681
264.001
263.701
329.083
329.99
216.213
198.56
242.676
281.167
272.622
316.707
239.672
247.054
273.9
280.018
255.697
224.503
265.493
277.865
292.166
303.48
321.042
278.898
292.596
249.815
257.294
289.582
246.106
301.041
264.623
255.456
264.395
280.333
191.542
292.402
262.994
295.551
247.01
293.757
181.385
221.814
260.515
230.325
284.969
261.84
312.662
232.413
261.948
232.29
280.1
307.818
277.511
301.018
274.031
342.109
322.689
299.821
260.965
323.52
261.7
245.903
225.668
253.672
274.885
258.837
250.19
230.58
243.44
245.409
298.769
264.64
225.682
267.088
250.346
338.45
283.293
271.239
260.291
219.965
264.936
266.8
225.599
299.617
270.44
284.095
294.932
254.33
285.88
236.889
283.208
310.573
240.68
297.162
284.264
248.351
293.898
251.787
197.356
323.963
262.492
253.974
272.041
266.494
263.49
286.364
285.07
259.821
276.436
331.418
255.069
285.737
259.044
251.181
241.596
255.701
286.082
341.926
318.674
263.899
375.882
247.405
296.915
317.49
275.519
269.374
262.244
241.989
263.56
316.634
240.527
272.135
276.857
248.246
280.79
298.902
293.411
263.08
247.118
232.119
303.232
225.676
241.276
281.241
230.314
279.139
225.538
315.779
269.151
325.97
274.962
252.137
270.541
318.681
285.92
237.58
226.699
282.767
245.536
269.902
280.366
222.202
290.444
258.928
293.727
267.872
281.494
267.454
275.169
238.526
270.966
253.166
243.837
285.46
231.524
293.613
250.032
264.778
280.434
258.549
314.513
278.965
245.599
312.271
213.26
304.396
265.043
311.533
302.146
272.943
281.542
279.009
250.776
254.634
262.213
215.169
282.994
260.84
251.14
266.612
297.35
286.677
247.411
272.086
325.783
255.011
273.252
250.127
248.97
234.162
241.497
268.797
258.433
264.542
329.158
286.877
255.235
260.344
292.54
243.212
285.488
218.012
290.414
295.015
261.887
262.93
242.766
282.736
277.031
264.257
286.261
276.4
270.142
224.53
310.531
260.162
264.366
275.424
303.568
276.433
249.464
231.583
266.646
241.255
248.873
286.279
231.799
286.621
238.293
264.601
239.24
309.293
247.842
232.186
260.019
305.127
235.487
266.262
225.082
332.668
285.314
234.588
268.497
287.678
288.742
271.975
209.59
265.087
227.867
312.808
295.415
277.954
296.662
299.965
253.963
304.345
262.168
321.052
271.158
312.418
282.714
248.172
271.486
278.349
274.337
331.5
291.799
231.998
250.381
242.056
237.055
264.547
329.022
283.648
268.516
225.669
265.407
227.31
306.566
284.516
194.262
231.369
299.538
241.028
256.701
338.001
284.111
226.909
303.383
253.591
284.454
221.737
269.258
231.474
295.716
354.994
245.67
291.033
374.33
252.753
249.21
281.268
220.003
279.5
270.386
270.617
192.852
276.782
294.348
265.726
246.903
243.979
272.744
256.776
292.277
200.608
252.151
289.817
279.744
214.731
253.82
248.532
295.614
283.813
282.944
293.54
276.182
245.434
260.771
279.211
284.539
311.917
259.394
243.822
212.827
211.064
231.163
266.184
305.479
224.966
276.093
310.312
200.522
271.204
228.627
292.425
259.509
231.004
274.112
245.181
247.478
233.606
265.851
228.866
299.593
258.87
324.791
238.896
296.258
237.297
283.824
256.33
286.683
269.226
287.348
197.644
273.003
347.115
246.632
280.491
254.069
277.266
265.103
266.17
236.996
257.367
251.237
259.836
263.736
234.824
290.451
295.606
301.958
266.153
256.935
244.555
272.232
226.219
226.381
304.192
310.624
287.367
250.94
226.809
261.571
264.598
280.078
247.517
258.1
244.093
202.534
294.192
301.903
250.068
332.855
306.824
302.5
321.265
370.277
284.948
309.228
285.374
268.521
256.177
340.285
304.911
275.22
213.783
241.295
297.105
281.482
296.265
269.442
298.09
283.318
241.205
195.875
294.38
229.419
284.233
283.747
263.726
235.561
239.233
271.65
281.515
254.306
310.524
243.655
305.716
205.406
221.681
253.127
237.564
338.759
277.313
279.012
287.63
313.494
251.181
219.917
213.095
256.188
333.654
252.068
284.809
301.098
209.366
342.291
302.809
279.773
253.314
249.051
272.264
266.347
267.883
290.765
262.023
315.151
266.826
284.057
278.559
293.666
311.431
273.76
288.424
260.487
266.792
236.861
273.753
278.28
259.123
227.047
287.921
226.441
283.274
277.041
281.237
300.368
260.946
266.163
283.678
298.022
282.824
242.66
288.62
276.783
245.453
257.083
232.495
305.293
269.8
238.22
254.12
278.77
243.212
308.795
306.969
218.487
249.089
293.001
261.076
247.343
325.786
272.373
256.691
247.411
264.26
269.452
267.361
237.838
323.269
281.829
315.3
226.637
233.066
295.442
242.887
216.794
239.459
261.07
277.934
259.464
272.011
234.492
315.79
298.267
293.051
258.618
319.246
256.994
225.417
328.131
247.881
265.306
286.594
256.1
267.846
249.615
275.577
243.75
303.687
259.523
245.245
229.397
287.183
225.019
232.832
232.787
284.78
294.853
256.141
248.368
262.375
278.227
262.989
271.176
251.401
261.707
243.197
232.746
265.157
237.812
215.279
258.865
257.989
296.165
227.743
283.904
296.586
289.891
324.586
286.948
285.982
270.218
313.623
306.96
267.719
247.237
250.011
282.089
275.867
277.808
247.622
258.321
240.203
200.785
258.048
275.314
326.758
303.797
277.246
333.474
280.639
233.552
253.595
243.189
287.512
281.694
185.179
252.518
279.984
268.337
269.854
260.641
253.962
269.778
261.366
260.328
286.806
295.717
280.305
270.13
268.089
263.346
285.458
230.954
217.268
304.215
284.79
271.593
302.06
225.393
290.01
261.397
237.173
270.162
231.229
309.557
323.667
256.16
225.711
241.404
239.3
241.914
244.473
260.966
319.058
242.231
212.77
300.557
271.618
312.844
262.439
247.376
327.94
243.887
294.756
266.817
276.75
286.238
255.648
300.24
244.23
275.183
308.037
205.96
232.895
231.389
289.034
219.047
297.812
269.044
238.91
284.211
293.671
285.689
243.237
248.761
333.989
300.32
198.974
213.953
240.456
275.432
309.17
319.53
259.987
241.376
275.696
226.221
307.763
267.375
268.744
281.599
271.714
220.767
312.352
338.651
222.897
301.72
243.033
252.009
279.493
236.794
256.852
273.222
275.215
281.109
265.846
262.401
230.284
267.36
254.661
312.764
244.328
209.702
259.375
280.608
286.708
235.792
279.52
254.143
295.175
277.24
222.554
299.354
290.54
240.281
286.94
226.522
233.802
229.24
274.789
290.989
258.985
254.431
267.929
278.38
281.85
303.57
242.875
243.174
242.663
241.257
267.934
277.683
315.708
296.542
269.725
257.137
262.381
314.408
233.202
239.427
239.152
280.332
238.474
272.474
279.965
282.703
296.068
270.124
272.072
257.244
267.595
245.384
277.143
291.744
269.152
304.133
252.029
243.335
297.632
230.567
323.181
303.691
271.048
257.1
264.601
264.635
307.411
233.427
273.882
249.602
307.065
271.638
270.789
255.026
232.475
212.549
295.472
283.885
245.644
283.893
297.984
265.915
285.062
248.549
264.602
241.219
270.901
286.031
247.458
257.63
279.175
208.704
300.601
207.828
295.437
267.548
255.966
235.906
250.245
255.285
294.793
301.234
283.09
247.037
341.757
329.763
292.644
292.858
267.887
301.959
255.827
222.284
268.364
297.822
252.402
283.608
292.087
218.625
271.419
260.369
307.019
275.906
281.888
257.503
302.72
240.964
283.043
264.968
246.318
260.958
271.637
246.282
234.576
229.578
299.105
316.886
274.008
308.878
278.883
268.532
216.314
264.189
231.694
270.632
256.758
256.908
293.229
245.648
297.713
288.16
302.448
283.46
271.849
312.835
218.554
259.609
287.762
276.388
255.45
271.193
273.601
224.759
301.158
275.345
233.54
228.872
234.428
240.058
302.375
284.338
266.756
243.192
300.695
280.646
260.293
235.546
231.186
246.627
253.547
306.954
288.135
272.261
336.5
317.001
292.709
288.984
306.566
293.538
242.496
281.182
295.818
299.383
232.578
224.595
270.86
256.615
249.194
267.985
288.718
238.569
262.498
286.036
237.093
312.834
278.01
290.218
286.314
295.396
234.617
279.997
242.356
281.412
261.032
271.402
252.391
275.72
280.032
236.188
299.628
289.599
256.913
298.027
305.741
270.068
257.476
291.634
207.66
254.083
319.697
259.582
235.96
228.206
244.297
270.463
226.347
284.086
248.12
298.08
295.47
292.76
228.61
282.492
228.442
252.136
255.817
234.913
304.696
287.2
269.078
257.001
278.089
315.128
330.528
299.104
249.378
246.66
273.61
271.126
326.355
257.822
275.608
238.818
324.744
235.192
294.136
244.921
217.949
301.54
301.966
267.111
285.47
236.164
260.576
244.971
268.388
237.019
275.152
292.773
266.107
260.131
285.426
298.157
341.848
263.262
242.455
252.913
305.562
283.092
255.53
267.107
293.354
288.258
259.708
284.988
300.788
242.341
250.037
248.66
259.942
247.904
266.466
234.543
270.329
311.301
305.458
249.112
300.685
229.659
271.709
263.631
270.493
296.098
248.315
229.065
270.036
315.413
282.885
258.79
250.258
302.934
234.403
317.581
287.423
292.433
328.395
274.006
267.247
218.276
254.771
217.887
301.306
261.998
212.57
189.835
286.886
259.956
316.999
238.409
296.484
252.624
254.92
244.649
252.961
301.504
290.114
292.899
266.018
251.22
247.187
272.795
303.641
282.029
298.782
236.989
269.697
238.081
275.414
274.918
216.37
278.744
255.059
274.816
239.394
272.172
258.571
234.45
240.278
292.199
300.814
264.753
244.85
266.925
248.254
246.93
285.583
262.438
323.026
244.371
297.671
253.878
283.343
273.985
300.857
222.904
283.872
241.814
284.736
238.68
283.568
288.499
278.403
285.638
317.947
209.579
318.924
260
267.844
249.177
219.715
245.565
254.94
273.045
264.078
256.953
292.432
318.821
267.874
261.078
253.072
233.381
264.651
278.226
274.405
269.063
317.712
304.261
305.177
285.98
305.61
280.941
304.235
246.382
289.985
300.972
258.259
262.804
258.208
254.04
222.108
263.631
238.674
209.518
216.11
357.013
258.844
277.96
241.316
285.82
280.318
234.101
274.546
275.322
320.636
245.167
260.726
228.651
260.612
331.828
232.368
304.419
261.382
243.14
251.323
287.096
242.005
257.891
270.432
266.366
260.781
256.839
299.662
260.607
284.766
262.316
254.159
238.252
276.09
239.019
203.332
296.304
325.282
292.274
239.555
273.521
333.811
270.362
255.828
284.8
262.736
309.975
243.796
286.16
253.818
201.623
221.826
263.466
301.225
266.878
245.075
236.304
304.046
267.035
265.013
235.738
250.366
267.811
280.105
240.306
272.821
234.423
285.436
284.798
256.001
270.109
291.323
300.738
287.352
247.511
300.152
206.452
301.506
258.266
236.317
315.83
236.902
263.534
296.295
284.356
268.337
241.989
256.216
263.508
302.822
247.781
267.462
266.516
207.168
276.048
265.907
274.749
233.532
254.668
242.337
251.422
255.929
286.059
256.692
213.787
187.246
318.361
248.583
316.234
248.94
299.345
246.162
303.906
300.963
290.237
320.189
292.345
289.685
276.377
271.919
238.665
266.304
236.848
279.801
304.912
266.649
289.916
250.118
336.567
251.272
246.361
287.725
336.372
269.663
263.536
225.206
303.083
253.128
288.041
257.456
239.985
273.827
284.168
266.296
270.703
253.036
277.112
205.718
261.027
284.491
240.268
332.572
245.123
301.554
305.569
235.875
240.877
272.063
310.285
266.785
282.934
294.591
295.002
271.065
240.197
262.732
234.484
312.508
294.056
280.061
230.672
249.757
276.3
272.517
253.476
211.732
253.58
226.96
282.84
289.763
275.087
242.716
255.533
297.227
267.497
257.717
269.096
269.766
297.499
256.605
314.896
268.651
231.883
271.441
253.539
295.39
307.218
303.612
253.224
290.8
310.674
275.408
221.877
260.075
246.16
236.311
238.214
252.812
286.986
216.553
257.488
266.779
291.377
212.864
313.021
207.252
263.276
254.045
271.502
258.16
260.618
269.333
246.248
350.968
277.848
251.164
238.102
290.169
264.575
258.517
202.441
273.443
282.531
305.529
221.373
264.935
247.638
324.833
240.142
333.694
289.406
282.281
267.017
262.495
252.664
242.736
252.566
306.2
317.181
295.955
258.5
254.308
253.641
260.882
232.08
252.814
222.464
269.359
247.902
299.581
238.004
262.855
281.261
256.653
246.78
275.103
235.727
277.714
266.856
231.156
272.863
289.995
254.526
275.786
260.833
263.107
276.048
265.965
263.219
252.266
233.945
251.035
288.111
261.451
217.37
303.69
251.932
234.398
195.028
329.862
261.927
245.304
264.182
289.563
286.328
243.896
242.938
289.841
245.425
297.26
192.157
245.115
227.172
281.922
289.071
260.934
257.8
272.524
289.865
246.678
288.495
218.102
289.77
266.817
314.672
293.844
299.913
256.759
325.518
244.141
276.447
253.518
236.254
266.494
240.271
298.693
268.373
238.391
303.69
288.981
286.913
186.069
297.063
286.189
255.423
219.251
320.825
267.95
231.155
204.91
308.96
210.76
214.557
292.793
196.256
266.536
305.807
271.959
243.378
288.175
233.835
243.542
268.542
284.386
284.538
308.904
267.293
321.951
243.279
219.514
269.368
290.203
245.815
237.291
259.092
262.028
301.976
251.075
263.055
285.693
333.3
257.618
231.289
282.192
264.605
267.851
209.999
261.717
218.624
266.925
246.899
289.394
254.476
284.188
367.914
260.056
264.768
267.553
233.278
302.676
264.617
221.278
289.477
296.129
244.469
288.438
258.761
289.517
283.86
304.757
277.476
212.763
276.478
288.414
273.98
281.783
317.895
312.052
255.583
305.603
339.624
252.132
227.822
271.877
284.072
312.988
261.418
262.586
290.797
319.365
209.467
276.755
319.621
299.963
247.276
247.145
343.407
244.316
249.821
282.449
220.026
256.907
271.781
275.929
227.255
235
269.439
264.455
257.873
292.912
373.222
241.422
252.915
296.479
312.119
282.205
198.263
239.141
303.571
258.836
255.659
256.665
304.128
293.921
291.247
267.059
288.863
248.899
257.745
325.813
218.443
293.345
229.975
244.383
286.783
249.115
286.586
292.474
226.623
241.139
272.21
320.265
235.788
290.677
226.223
292.893
201.709
289.808
265.586
258.011
265.769
283.304
299.722
267.845
229.259
264.04
301.677
247.855
231.434
284.393
294.799
281.834
268.001
290.026
290.78
269.955
286.307
339.597
278.124
267.303
260.321
241.74
348.767
222.625
248.554
248.55
295.572
220.926
287.936
255.862
281.414
242.921
246.972
194.383
274.349
271.182
334.26
278.278
239.45
271.046
311.767
231.29
218.655
229.715
234.952
286.581
237.118
277.064
244.539
258.822
293.212
273.032
246.713
221.781
273.562
214.892
291.751
237.305
354.314
265.065
219.33
261.339
262.747
274.886
270.438
289.858
280.857
240.307
334.318
292.007
276.681
225.629
283.645
274.247
287.053
280.506
276.695
265.51
264.686
230.55
268.883
259.947
282.032
278.564
290.693
239.888
255.869
255.506
283.465
248.674
297.311
297.959
263.515
212.683
271.123
313.26
258.549
266.491
280.735
319.997
242.637
293.926
263.304
259.012
300.194
275.927
254.925
255.495
256.312
247.87
280.653
232.886
292.074
235.101
300.47
327.816
290.385
292.366
277.262
346.965
268.487
216.58
332.166
275.493
330.782
232.928
293.114
254.852
276.601
226.083
278.802
256.602
267.129
320.336
270.917
274.97
296.134
291.165
254.787
267.087
258.107
299.531
335.972
267.231
253.263
223.66
266.04
302.896
281.878
256.304
246.016
281.485
277.258
214.432
274.841
256.837
321.666
276.89
265.382
282.001
261.236
219.838
313.642
265.046
237.405
262.571
289.225
291.945
254.625
269.795
232.51
285.026
257.089
284.868
292
318.862
358.82
260.703
257.849
234.935
295.19
255.527
265.096
267.191
280.031
271.395
248.488
299.54
247.487
277.291
273.718
294.95
241.843
235.083
371.752
303.483
257.855
263.618
273.712
237.614
236.851
282.344
279.844
283.538
256.093
304.381
249.999
266.6
241.742
275.273
325.674
232.387
298.007
241.557
254.887
247.57
236.757
289.513
279.595
279.746
295.725
309.555
248.419
246.627
279.175
278.538
227.823
308.374
218.181
266.18
200.546
292.875
337.313
216.457
264.812
268.751
228.942
227.405
242.084
276.749
292.573
243.776
233.264
296.849
258.482
262.371
252.428
282.886
276.174
238.71
250.041
280.629
267.471
244.01
257.269
282.546
294.745
253.386
266.901
256.224
247.507
268.156
258.47
325.723
172.817
235.741
233.534
293.19
247.454
252.768
322.201
249.393
333.862
243.72
248.367
230.196
270.144
229.361
242.401
237.463
253.922
280.299
231.117
333.592
296.53
313.526
261.387
238.457
273.61
223.061
239.242
333.068
285.685
247.18
271.698
224.478
332.02
261.688
270.427
317.362
306.406
261.039
257.793
264.55
239.236
312.832
253.96
311.693
284.186
241.643
245.981
239.553
278.122
229.545
268.78
318.149
340.163
279.336
220.109
283.744
283.883
263.011
294.288
242.286
261.696
269.119
284.128
273.977
234.081
297.547
298.658
242.91
257.221
236.239
285.079
226.711
195.642
266.815
244.617
320.683
282.722
313.441
288.118
252.756
279.221
276.954
255.307
281.694
236.29
322.516
238.11
295.934
255.232
290.59
253.284
290.511
279.91
265.008
270.521
248.197
267.421
292.632
286.053
251.64
222.216
252.847
318.382
216.336
223.186
207.647
286.402
271.533
267.815
187.881
204.883
285.953
235.054
279.301
253.998
252.679
328.368
256.063
277.543
291.46
290.86
287.996
294.496
323.578
253.201
254.641
267.483
295.785
345.91
240.035
267.516
274.108
247.492
249.558
228.444
319.171
306.22
254.185
293.389
248.135
252.488
264.496
302.125
276.715
259.142
244.889
267.252
227.111
244.253
227.515
292.102
211.384
271.542
316.774
254.501
287.33
287.116
298.087
316.58
281.75
293.041
227.133
260.921
259.188
303.791
229.802
253.349
227.84
240.851
252.785
245.26
266.329
273.966
304.44
301.574
246.952
243.636
213.239
279.124
257.411
257.15
273.893
273.545
233.918
293.055
235.835
237.562
291.234
263.573
294.806
263.559
280.401
258.014
277.398
247.68
228.808
266.213
240.646
249.098
212.078
232.108
287.141
254.008
255.384
296.458
258.621
268.701
305.725
264.317
282.531
292.026
243.442
291.863
289.657
239.523
270.23
240.89
350.471
254.211
304.046
282.426
249.834
271.972
269.919
272.094
259.417
297.017
273.564
241.531
379.426
235.053
284.555
296.349
298.263
238.574
302.31
273.618
219.881
205.539
236.446
351.851
242.728
323.091
240.693
230.672
242.571
243.225
275.346
210.528
261.343
254.871
300.92
275.93
245.425
252.279
304.178
258.966
233.051
209.254
288.32
190.338
294.893
252.14
266.107
270.153
310.1
303.882
297.243
306.791
294.671
267.579
296.995
309.067
272.093
283.413
288.02
259.245
266.065
288.568
259.271
295.579
283.345
306.978
292.316
303.455
224.07
243.741
294.081
267.06
350.737
273.038
241.158
250.102
281.265
257.454
243.185
243.837
244.129
286.67
220.214
311.775
246.432
214.38
282.819
294.332
276.481
280.015
224.576
251.242
275.82
282.464
306.789
302.981
316.502
276.261
273.646
247.757
314.075
246.828
283.099
223.204
261.941
234.776
252.642
244.722
318.089
304.213
214.769
243.368
343.438
264.967
258.505
269.602
295.369
287.946
269.742
246.922
271.304
241.654
286.669
286.496
250.142
248.331
240.818
293.052
276.006
261.772
227.192
291.808
279.773
255.59
286.828
312.253
220.545
279.206
258.648
249.169
264.751
270.506
283.268
219.012
215.571
259.804
302.574
249.165
235.549
291.509
248.492
285.423
277.701
243.932
272.915
251.463
280.267
260.271
266.352
266.984
218.72
241.011
214.364
281.877
266.685
231.357
305.255
291.133
253.401
292.182
291.509
297.831
263.508
280.471
238.9
276.086
316.509
298.879
229.573
240.459
229.078
312.088
271.035
272.474
239.141
224.748
240.8
255.161
295.085
265.107
277.133
312.904
316.384
248.619
330.362
220.273
309.774
303.157
227.202
249.82
202.445
295.529
249.658
279.277
320.48
229.823
263.678
241.731
257.888
247.1
291.244
272.425
260.346
274.527
309.469
218.614
326.038
258.913
251.362
234.991
273.822
278.806
283.289
267.027
314.499
339.446
259.899
279.026
242.903
233.634
252.997
258.969
255.093
270.29
267.07
286.093
274.968
256.865
267.272
261.804
284.472
311.94
234.745
330.139
279.563
239.28
306.416
297.46
284.352
275.892
231.232
251.939
230.458
300.033
226.463
246.753
268.38
281.51
278.275
249.49
240.572
255.973
294.396
257.987
232.383
268.607
289.463
294.438
223.079
242.875
233.307
266.178
253.265
258.606
273.638
290.831
233.528
225.409
245.505
218.345
273.979
287.509
270.232
271.667
265.839
214.088
288.605
299.824
264.343
264.026
229.988
253.469
253.375
280.037
253.312
274.612
309.861
300.489
225.937
263.738
259.217
271.154
268.642
260.472
274.453
286.336
242.618
241.988
255.562
261.263
290.534
283.579
279.601
242.636
262.049
228.032
256.787
208.113
217.282
280.45
244.574
288.749
336.632
213.376
276.998
273.281
265.524
334.12
241.897
180.587
285.583
226.845
221.676
210.227
230.499
270.65
257.175
305.084
276.241
317.438
303.439
306.469
299.228
260.925
295.976
296.99
255.56
233.121
214.744
231.006
248.11
265.799
260.942
249.302
291.533
254.673
252.035
243.565
246.219
270.251
258.605
243.238
264.526
257.106
280.212
228.175
252.425
238.395
260.177
298.145
254.559
280.572
226.478
243.395
271.433
247.652
292.376
286.295
243.895
284.886
240.912
282.741
326.389
257.178
280.76
267.515
270.478
328.653
305.843
266.765
246.467
333.185
282.802
269.783
291.639
312.969
269.311
220.964
233.781
275.736
298.53
299.45
266.154
309.378
263.488
268.207
254.674
208.408
256.273
246.25
261.582
245.614
245.695
244.674
269.134
287.78
276.567
203.92
259.737
309.253
295.647
250.622
265.766
253.803
256.402
293.354
247.39
226.256
255.582
326.556
269.175
260.805
226.863
303.466
236.601
244.934
253.444
241.14
243.907
299.49
294.763
258.573
322.744
315.179
224.563
268.573
217.552
253.278
334.465
260.035
273.575
301.858
256.873
280.122
231.716
288.684
253.102
218.642
251.958
259.605
218.321
305.111
267.349
269.366
239.075
242.804
291.485
290.299
251.916
281.346
254.922
272.344
228.635
231.517
238.287
221.674
231.273
254.256
252.258
205.592
214.328
286.661
247.026
298.491
225.279
337.232
268.399
298.888
324.416
240.766
277.08
292.078
240.589
303.947
244.04
308.497
255.614
247.358
282.765
263.572
252.184
281.143
319.513
279.562
308.459
245.768
219.922
251.034
257.597
306.181
219.718
222.391
309.405
264.979
209.626
296.848
310.286
255.573
269.177
324.443
277.365
293.108
272.008
229.897
260.908
272.518
265.67
320.604
278.592
248.882
227.407
307.935
264.893
286.112
289.578
244.652
289.001
280.287
280.06
250.271
233.815
290.462
233.452
314.821
278.527
280.457
277.747
293.803
250.25
285.347
235.251
246.367
229.716
228.067
276.908
254.155
310.654
275.651
295.249
293.13
319.699
275.585
281.269
233.78
340.339
314.082
324.82
281.177
256.359
272.952
347.576
242.302
226.342
335.643
245.713
252.925
270.604
262.846
261.16
303.647
280.086
240.161
293.28
283.922
248.895
269.069
303.339
260.424
256.651
271.118
235.948
255.754
285.697
281.268
284.093
227.346
228.616
336.36
311.891
279.528
262.333
263.9
310.901
321.202
314.399
240.848
266.669
232.776
244.906
242.398
284.333
282.344
253.978
224.476
230.617
269.648
267.563
294.386
284.775
318.772
280.712
337.688
240.217
279.152
226.291
268.8
248.747
243.728
275.403
242.185
236.517
322.664
285.918
272.04
289.549
212.421
235.722
215.371
284.577
224.335
278.031
269.66
301.267
305.908
314.343
284.232
324.826
234.521
280.538
257.057
339.251
228.208
286.712
257.724
253.963
269.524
285.299
264.964
188.825
273.153
222.341
279.252
324.007
266.357
283.745
222.717
276.611
237.83
320.323
285.354
262.405
305.799
230.634
221.128
236.02
282.375
274.615
285.42
261.289
216.19
308.91
272.892
232.205
313.319
259.974
257.359
212.441
285.983
259.304
335.737
290.462
285.143
213.805
295.217
246.646
277.992
282.814
240.956
232.539
291.247
242.787
283.493
266.285
255.688
278.432
259.895
285.531
309.443
249.43
264.086
267.347
271.069
267.806
289.138
290.774
281.545
256.962
234.86
227.023
259.722
292.377
288.134
289.152
318.664
278.028
257.108
249.711
241.673
239.353
278.044
225.249
256.306
196.551
237.697
263.979
251.228
247.474
246.045
295.16
253.46
267.654
280.913
238.922
236.748
253.903
307.036
228.809
269.287
277.322
247.559
266.804
314.243
281.027
229.336
256.765
237.082
267.439
223.352
235.479
205.256
263.119
253.174
272.388
303.104
268.135
273.96
269.163
252.691
278.592
235.82
273.937
267.7
251.68
259.379
281.568
283.661
298.087
277.284
196.634
278.92
241.998
285.034
208.382
236.708
239.802
257.309
261.746
318.471
249.142
269.373
267.324
319.171
298.399
257.563
245.487
283.563
360.364
308.481
256.45
309.299
