2469.97
2274.64
2425.61
2425.28
2378.06
2223.82
2600.3
2521.77
2454.01
2325.59
2622.92
2403.22
2386.81
2241.73
2388.42
2519.46
2317.43
2461.87
2091.03
2454.29
2464.56
2320.39
2359.63
2455.69
2410.34
2459.71
2544.75
2203.73
2524.66
2622.8
2569.43
2393
2378.51
2453.55
2522.74
2444.9
2617.26
2459.3
2454.94
2501.75
2658.13
2349.32
2369.93
2317.1
2470.18
2554.49
2424.58
2405.23
2377.1
2488.9
2583.45
2253.52
2282.69
2322.99
2334.47
2281.59
2555.95
2353.86
2449.52
2452.74
2261.27
2385.26
2444.46
2383.63
2396.95
2432.05
2498.86
2431.97
2342.16
2311.23
2574.84
2561.96
2473.28
2450.62
2517.07
2536.84
2672.9
2413.37
2340
2265.61
2554.43
2630.94
2527.38
2227.2
2449.59
2405.68
2411.14
2382.45
2299.62
2667.29
2419.95
2458.55
2383.95
2492.09
2432.19
2536.18
2233.2
2460.77
2328.37
2452.53
2479.97
2311.31
2480.17
2335.6
2303.8
2485.72
2495.53
2603.07
2337.87
2567.01
2279.45
2410.01
2373.31
2431.23
2518.3
2552.08
2494.73
2512.37
2446.77
2458.27
2406.8
2508.45
2381.99
2402.22
2574.24
2527.82
2254.65
2374.22
2527.1
2470.9
2580.44
2415.72
2283.68
2355.81
2441.32
2443.3
2227.18
2487.39
2368.3
2464.75
2372.16
2517.77
2338.62
2310.09
2489.31
2404.14
2340.21
2417.33
2503.67
2483.41
2516.35
2446.47
2368.87
2695.47
2512.19
2269.47
2487.72
2464.2
2418.02
2466.36
2371.66
2307.77
2465.64
2607.45
2464.79
2549.51
2403.15
2320.25
2294.51
2385.32
2485.07
2412.7
2304.47
2613.05
2430.07
2398.41
2563.35
2390.17
2382.84
2573.46
2444.96
2594.66
2409.53
2559.15
2428.2
2369.25
2649.01
2455.82
2395.23
2552.87
2292.43
2271.44
2497.92
2302.72
2423.98
2532.57
2404.05
2522.47
2538.15
2448.68
2289.61
2378.05
2321.28
2381.67
2452.66
2272.97
2571.52
2335.06
2336.33
2519
2623.5
2217.9
2345.4
2352.8
2377.2
2470.64
2451.22
2527.05
2449.57
2346.52
2442.9
2464.2
2397.16
2429.42
2534.6
2297.82
2276.75
2504.75
2493.51
2457.32
2344.83
2490.35
2380.77
2238.51
2504.44
2429.03
2387.18
2388.63
2388.22
2380.62
2588.57
2538.99
2421.27
2493.77
2361.14
2495.72
2559.72
2415.27
2641.89
2511.02
2443.7
2394.3
2404.04
2415.83
2317.02
2271.95
2434.2
2486.68
2360.98
2356.85
2359.68
2502.36
2391.79
2279.8
2399.22
2424.74
2338.39
2399.24
2470.93
2346.92
2508.28
2373.09
2550.1
2243.05
2464.14
2583.69
2512.01
2298.98
2478.4
2332.98
2300.37
2354.69
2371.26
2427.26
2283.25
2323.34
2436.43
2459.73
2555.58
2353.5
2508.76
2375.35
2476.16
2546.45
2654.13
2360.09
2435.29
2324.28
2334.6
2446.33
2624.73
2459.7
2469.88
2480.2
2266.04
2230.69
2422.2
2552.89
2616.24
2471.64
2431.42
2576.83
2509.94
2414.69
2430.85
2487.03
2542.61
2606.99
2470.69
2414
2438.1
2457.08
2652.74
2426.48
2281.84
2399.6
2551.22
2404.05
2318.75
2262.43
2365.14
2314.83
2355.5
2395.71
2441.36
2332.05
2403.19
2313.87
2471.94
2381.4
2371.26
2396.25
2397.99
2316.73
2227.02
2311.78
2529.17
2407.19
2429.26
2639.57
2469.8
2353.59
2419.4
2648.33
2561.16
2305.02
2455.22
2506.35
2327.01
2405.19
2374.26
2440.17
2316.59
2423.14
2295.73
2239.25
2542.89
2436.47
2331.71
2537.96
2514.81
2603.47
2571.87
2537.57
2456.25
2509.15
2410.99
2316.3
2501.99
2603.26
2699.89
2310.82
2482.65
2516.62
2370.63
2344.15
2414.59
2360.12
2473.93
2339.47
2443.46
2490.5
2465.97
2501.04
2331.61
2449.12
2405.4
2518.76
2592.24
2692.25
2414.69
2446.45
2370.08
2481.78
2318.45
2479.25
2322.39
2236.27
2312.82
2467.07
2294.13
2460.83
2220.76
2362
2460.59
2349.54
2321.99
2524.58
2412.96
2245.21
2447.23
2428.89
2417.41
2356.94
2503.37
2372.78
2442.44
2376.51
2401.21
2447.03
2499.19
2465.4
2406.82
2459.94
2474.78
2378.74
2463.1
2548.88
2178.98
2295.93
2340.67
2292.63
2532.16
2638.17
2569.91
2363.03
2322.39
2421.03
2416.81
2345.02
2311.08
2598.56
2471.87
2352.89
2326.22
2308.81
2250.71
2282.33
2475.97
2139.46
2344.77
2640.53
2538.2
2383.99
2634.63
2452.36
2598.17
2406.67
2405.11
2550.55
2285.96
2324.31
2482.3
2620.44
2511.97
2381.52
2460.18
2295.68
2491.74
2307.12
2587.68
2221.07
2374.31
2489.16
2410.71
2280.07
2484.86
2369.38
2520.54
2463.12
2328.24
2383.59
2412.91
2489.97
2576.42
2241.2
2336.57
2552.79
2538.39
2401.81
2266.05
2292.71
2648.51
2160.68
2494.18
2412.15
2426.57
2449.13
2406.61
2418.52
2434.85
2302.58
2411.17
2332.92
2279.57
2388.22
2230.6
2333.73
2390.52
2382.85
2486.83
2462.85
2496.35
2378.56
2424.21
2469.49
2419.49
2150.33
2474.91
2409.98
2327.81
2449.25
2326.12
2469.79
2568.93
2493.9
2279.78
2410.74
2320.33
2577.99
2520.07
2610.67
2503.46
2376.44
2369.17
2402.52
2368.48
2466.84
2681.05
2328.14
2286.92
2412.38
2352.94
2347.91
2359.45
2430.23
2474.18
2430.83
2547.31
2292.78
2535.98
2479.95
2614.85
2441.74
2387.36
2323.57
2330.56
2449.5
2527.79
2421.18
2378.76
2380.98
2504.89
2478.81
2502.39
2381.98
2429.25
2458.83
2261.58
2306.77
2387.81
2398.33
2344.15
2427.32
2393.64
2503.56
2471.98
2524.74
2324.67
2296.54
2272.3
2579.62
2527.1
2420.33
2474.59
2392.8
2522.92
2609.63
2422.55
2499.29
2524.24
2284.74
2398.52
2588.96
2274.5
2364.61
2380.59
2441.04
2537.33
2381.08
2549.08
2439.31
2383.62
2500.41
2465.71
2381.83
2338.72
2362.86
2548.08
2604.76
2321.02
2354.78
2581.5
2387.77
2362.07
2424.17
2521.05
2327.12
2369.61
2476.74
2504.84
2505.3
2409.54
2451.44
2559.58
2631.39
2530.58
2349.14
2501.49
2400.9
2373.31
2329.11
2379.85
2329.29
2536.44
2164.33
2433.6
2288.75
2463.27
2370.59
2596.08
2481.22
2376.16
2486.38
2529.35
2337.87
2329.09
2317.87
2529.06
2344.91
2528.2
2393.4
2381.05
2419.95
2358.66
2416.97
2340.51
2406.2
2503.12
2437.15
2621.03
2429.09
2603.13
2472.73
2290.1
2377.27
2474.55
2519.18
2579.21
2446.14
2366.32
2311.04
2465.09
2274.92
2378.73
2265.07
2325.06
2301.99
2336.2
2274.78
2273.1
2497.26
2255.01
2428.2
2422.67
2455.52
2309.17
2375.37
2450.59
2371.72
2570.8
2496.55
2290.26
2446.14
2395.98
2451.77
2595.81
2312.9
2457.87
2376.14
2344.01
2297.84
2527.15
2464.38
2386.59
2479.1
2390.26
2517.24
2560.48
2274.64
2571.99
2311.39
2345.66
2322.99
2437.75
2672.81
2526.54
2622.95
2503.84
2370.92
2509.05
2345.43
2501.58
2480.04
2534.19
2326.19
2554.42
2714.22
2445.98
2502.95
2440.46
2288.01
2483.64
2439
2322.65
2565.68
2474.99
2639.34
2384.63
2237.19
2543.03
2165.19
2435.75
2386.17
2467.24
2581.38
2189.21
2372.31
2508.78
2415.88
2408.9
2521.57
2223.22
2630.75
2495.07
2205.64
2355.22
2404.17
2319.39
2569.61
2308.22
2573.46
2413.14
2543.89
2419.21
2340.39
2319.86
2548.9
2284.43
2458.66
2427.51
2329.88
2400.66
2424.5
2458.4
2356.99
2302.2
2646.53
2437.07
2373.92
2390.96
2172.66
2347.22
2587.28
2521.19
2245.24
2594.84
2634.84
2450.67
2488.58
2527.32
2538.35
2468.21
2663.78
2336.93
2471.64
2358.39
2573.53
2670.56
2410.25
2436.17
2401.78
2607.3
2452.1
2497.19
2337.33
2451.94
2374.19
2549.56
2445
2459.04
2381.79
2451.68
2316.18
2281.49
2315.21
2337.76
2463.33
2282.98
2564.55
2285.11
2525.68
2313.61
2454.36
2232.89
2581.15
2630.35
2559.06
2427.04
2336.55
2256.56
2303.68
2664.37
2407.29
2318.51
2270.9
2326.91
2324.72
2663.03
2430.72
2367.95
2450.96
2563.58
2372.08
2385.13
2406.71
2406.42
2532.8
2521.6
2364.85
2312.99
2278.68
2247.13
2682.39
2464.17
2434.03
2455.88
2379.47
2301.74
2369.2
2549.19
2344.55
2395.72
2518.16
2499.54
2415.74
2552.1
2372.56
2460.03
2421.78
2470.39
2391.93
2466.98
2315.76
2536.69
2385.8
2559.9
2452.2
2486.68
2214.53
2430.09
2484.21
2332.01
2363.92
2431.48
2446.35
2418.37
2484.43
2468.39
2219.27
2649.83
2501.83
2401.54
2320.54
2256.94
2502.54
2406.89
2505.88
2465.09
2527.57
2517.87
2441.27
2454.38
2471.44
2460.24
2459.18
2276.83
2458.8
2454.97
2468.47
2260.86
2495.9
2381.57
2534.85
2320.96
2356.72
2590.55
2400.12
2454.23
2375.26
2552.19
2505.78
2507.39
2375.42
2399.15
2428.43
2636.52
2291.14
2516.23
2515.88
2318.63
2320.09
2545.71
2547.72
2401.96
2326.08
2534.85
2268.45
2384.88
2532.93
2430.27
2354.4
2522.46
2345.58
2440.95
2389.05
2514.37
2619.79
2481.63
2380.54
2396.8
2521.11
2375.37
2475.15
2399.81
2317.84
2605.54
2265.17
2449.16
2585.93
2070.45
2476.19
2438.53
2396.07
2238.05
2351.8
2317.11
2444.92
2510.06
2468.74
2370.69
2579.72
2709.56
2389.63
2364.2
2344.82
2663.34
2614.11
2493.03
2576.24
2392.51
2473.06
2297.19
2542.03
2420.29
2480.11
2533.85
2468.65
2481.68
2398.68
2443.49
2289.7
2582.73
2645.46
2510.17
2402.12
2449.26
2377.77
2449.23
2484.91
2285.8
2308.21
2552.22
2511.61
2548.12
2385.12
2455.41
2637.14
2355.64
2512.29
2324.81
2527.32
2639.93
2570.25
2544.56
2330.11
2363.08
2456.6
2356.26
2391.28
2364.28
2367.45
2407.48
2521.93
2343.34
2398.25
2592
2510.29
2376.53
2208.44
2459.22
2547
2467.56
2514.89
2527.59
2331.28
2384.34
2363.25
2571.26
2427.68
2512.88
2324.38
2653.41
2388.46
2283.79
2583.21
2581.04
2540.8
2486.68
2544.42
2429.82
2454.44
2343.93
2569.04
2399.72
2523.7
2410.72
2408.59
2381.17
2589.78
2506.47
2415.34
2278.39
2633.28
2469.98
2377.36
2631.64
2382.07
2357.21
2270.86
2341.63
2257.01
2336.8
2498.06
2336.65
2423.21
2504.53
2523.46
2608.49
2585.48
2291.81
2330.2
2535.67
2217.37
2365.99
2429.92
2261.69
2484.43
2670.18
2466.7
2591.49
2530.52
2434.12
2475.95
2551.72
2269.22
2521.76
2381.81
2532.7
2343.28
2429.02
2520.42
2552.33
2458.9
2464.28
2441.34
2369.5
2610.18
2552.6
2269.38
2403.89
2377.65
2221.51
2355.53
2374.68
2356.29
2408.4
2427.39
2487.89
2566.37
2279.8
2473.33
2575.52
2377.62
2406.87
2350.39
2557.04
2491.23
2495.34
2659.37
2345.26
2518.3
2315.7
2386.84
2413.5
2359.85
2362.92
2608.45
2402.62
2553.62
2315.22
2321.14
2447.37
2417.07
2460.33
2507.23
2361.67
2310.75
2425.33
2441.14
2488.07
2404.74
2629.09
2572.9
2560.68
2478.41
2564.03
2558.07
2485.05
2382.11
2504.67
2274.84
2403.1
2337.02
2390.05
2568.34
2283.42
2426.89
2305.97
2351.63
2444.8
2335.9
2382
2447.94
2289.15
2304.45
2441.17
2392.74
2334.83
2319.97
2551.97
2532.07
2430.36
2303.55
2465.41
2407.17
2427.35
2468.48
2380.6
2344.92
2494.18
2435.74
2534.57
2470.98
2344.36
2474.75
2351.31
2425.52
2473.23
2479.97
2347.44
2512.43
2503.88
2319.99
2351.74
2416.64
2441.88
2238.24
2361.76
2620.4
2612.6
2286.38
2297.64
2514.65
2264.79
2453.59
2398.38
2501.99
2563.76
2381.2
2472.52
2446.62
2521.16
2372.31
2327.58
2294
2384.33
2514.34
2451.95
2394.2
2484.57
2228.57
2358.19
2478.71
2436.24
2433.42
2453.11
2562.71
2356.42
2494.59
2389.61
2402.45
2336.11
2605.77
2364.47
2371.77
2491.62
2597.31
2458.84
2313.76
2467.69
2408.83
2387.79
2393.56
2519.12
2618.17
2515.98
2472.87
2438.65
2516.09
2492.33
2515.37
2455.96
2553.99
2432.46
2474.42
2329.48
2407.45
2342.05
2318.61
2548.18
2445.49
2490.4
2480.18
2309.26
2512.6
2409.26
2358.12
2400.96
2475.79
2501.9
2412.67
2338.45
2425.67
2351.34
2350.84
2557.46
2634.79
2528.49
2370.83
2585.35
2388.93
2379.85
2351.04
2449.76
2542.86
2344.83
2328.54
2423.53
2465.38
2470.16
2655.91
2554.78
2469.23
2364.12
2438.41
2442.24
2374.72
2549.41
2416.32
2404.96
2289.75
2316.89
2531.33
2391.62
2294.45
2363.79
2515.46
2417.12
2582.11
2415.61
2265.34
2367.15
2473.46
2424.91
2457.61
2291.59
2417.46
2511.99
2468.37
2488.44
2547.68
2352.2
2561.06
2413.72
2580.81
2546.51
2495.71
2367.09
2418.16
2230.47
2490.36
2452.83
2410.75
2484.65
2379.8
2299.35
2447.8
2584.83
2433.13
2550.55
2614.34
2502.17
2276.9
2377.03
2493.27
2430.85
2498.21
2477.35
2450.74
2512.63
2393.43
2457.76
2478.97
2420.56
2377.24
2407.47
2227.13
2728.69
2397.94
2372.39
2559.69
2507.75
2361.26
2428.28
2324.98
2327.41
2496.02
2402.26
2397.72
2462.39
2272.76
2387.13
2386.87
2472.66
2160.71
2537.79
2352.82
2349.67
2314.34
2568.4
2423.43
2372.9
2569.49
2526.18
2384.28
2340.95
2321.54
2331.78
2460.22
2373.67
2411.09
2329.85
2491.64
2508.85
2454.48
2505.44
2312.89
2396.16
2472.36
2188.52
2462.17
2249.44
2186.99
2579.15
2497.52
2348.04
2665.12
2354.01
2336.99
2338.71
2186.33
2341.21
2308.22
2406.98
2339.64
2596.99
2456.46
2385.46
2381.95
2280.28
2468.3
2544
2321.73
2511.95
2424.64
2306.62
2224.95
2560.56
2423.36
2320.09
2450.44
2403.06
2544.09
2660.54
2252.2
2551.58
2465.19
2380.67
2643.43
2380.86
2387.04
2568.51
2443.1
2330.87
2305.75
2178.89
2383.05
2511.67
2501.8
2461.65
2393.17
2493.8
2413.1
2275.79
2227.76
2273.21
2345.18
2261.61
2403.68
2534.56
2430.82
2332.64
2443.35
2468.67
2382.74
2312.13
2327.17
2415.38
2476.23
2525.15
2364.18
2221.7
2279.43
2436.11
2368.77
2576
2393.34
2408.83
2305.04
2486.84
2037.27
2205.97
2529.23
2555.64
2665.54
2478.31
2479.01
2378.86
2534.77
2351.83
2413.89
2462.12
2490.76
2359.07
2705.47
2554.87
2494.8
2381.13
2488.34
2326.83
2485.2
2382.27
2445.59
2520.58
2242.34
2508.92
2383.56
2345.61
2377.6
2509.95
2451.26
2382.75
2491.33
2402.88
2354.28
2585.36
2092.32
2448.5
2401.87
2415.84
2535.89
2417.78
2399.41
2481.63
2266.15
2483.35
2363.95
2396.67
2410.31
2541.42
2463.38
2451.91
2471.14
2618.41
2587.43
2432.43
2438.59
2366.3
2557.14
2453.4
2336.51
2425.37
2491.66
2510.39
2318.07
2294.51
2672.78
2492.71
2401.81
2339.54
2540.75
2429.89
2450.29
2243.73
2449.33
2387.43
2438.5
2574.76
2331.16
2258.28
2342.63
2403.41
2555.34
2566.95
2413.52
2557.15
2513.32
2569.3
2501.2
2583.1
2489.66
2649.41
2455.86
2464.06
2561.72
2250.8
2543.37
2763.59
2592.14
2500.97
2541.12
2491.96
2409.88
2241.15
2550.22
2346.13
2350.42
2371.24
2349.43
2353.62
2432.41
2383.83
2429.3
2271.72
2479.58
2387.56
2520.98
2506.69
2334.07
2514.01
2438.05
2443.02
2434.72
2581.66
2314.09
2475.96
2426.59
2598.7
2186.29
2462.36
2395.14
2540.68
2456.56
2618.94
2501.31
2308.16
2468.53
2564.75
2504.4
2564.24
2502.81
2407.1
2416.7
2363.42
2336.43
2314.54
2479.13
2453.34
2514.72
2286.53
2409.05
2506.03
2398.9
2511.43
2471.62
2310.87
2488.53
2482.95
2434.18
2418.96
2584.1
2437.94
2459.59
2432.14
2609.89
2656.6
2377.48
2437.89
2627.29
2436.97
2385.13
2415.3
2546.11
2369.29
2406.49
2453.84
2443.4
2356.56
2356.44
2441.81
2573.98
2399.03
2579.01
2549.99
2423.17
2402.28
2519.71
2531.47
2458.07
2586.04
2413.54
2469.89
2283.41
2413.19
2304.21
2411.12
2624.04
2529.36
2338.7
2398.01
2328.71
2348.54
2406.1
2351.45
2403.26
2410.7
2446.9
2324.75
2466.84
2531.45
2473.93
2406.39
2252.98
2457.02
2393.79
2476.73
2721.8
2414.76
2340.95
2502.64
2441.83
2358.72
2475.92
2367.06
2539.03
2412.67
2451.62
2749.04
2477.07
2353.42
2610.74
2519.6
2386.6
2467.92
2540.42
2540.8
2394.11
2467.55
2361.54
2363.2
2427.92
2378.56
2407.57
2528.42
2575.33
2397.64
2284.36
2390.92
2469.49
2380.65
2488.73
2590.33
2433.89
2426.53
2342.82
2505.08
2515.7
2368.26
2391.38
2550.38
2474.51
2354.58
2415.29
2481.25
2225.45
2281.56
2657.09
2367.76
2466.09
2467.8
2558.32
2327.26
2474.6
2453.5
2457.94
2412.4
2351.26
2408.72
2529.73
2469.06
2496.14
2583.38
2312.09
2431.2
2378.13
2445.97
2502.33
2473.96
2211.7
2374.34
2453.81
2191.94
2548.07
2560.51
2398.24
2638.28
2356.01
2490.73
2629.14
2520.96
2388.53
2516.95
2383.9
2510.87
2446.25
2437.86
2332.99
2372.03
2381.45
2356.76
2310.7
2191.64
2532.3
2268.27
2522.49
2433.09
2340.08
2622.56
2312.19
2410.68
2392.39
2498.91
2336.45
2422.47
2429.96
2532.92
2525.18
2596.29
2361.44
2329.83
2435.57
2424.18
2557.75
2306.42
2317.57
2471.29
2266.06
2597.26
2392.35
2467.66
2505.69
2496.65
2612.02
2362.71
2582.24
2441.36
2325.74
2385.39
2528.12
2348.33
2606.3
2390.43
2445.8
2304.12
2512.74
2494.8
2483.4
2200.23
2478.87
2518.32
2290.67
2200.93
2554.78
2420.01
2440.37
2574.95
2368.52
2469.64
2317.08
2642.09
2450.62
2518.01
2537.47
2430.23
2507.15
2404.91
2268.77
2443.76
2395.99
2520.33
2382.95
2472.28
2332.47
2443.42
2341.7
2223.66
2391.54
2489.3
2449.51
2408.5
2299.91
2424.76
2541.66
2473.16
2420.05
2618.3
2441.59
2463.92
2618.37
2425.22
2470.29
2394.02
2249.5
2312.05
2505.03
2577.77
2428.85
2416.65
2506.42
2358.05
2398.4
2565.67
2469
2409.58
2340.1
2443.98
2346.17
2486.66
2413.78
2380.58
2417.32
2440.58
2264.49
2530.27
2350.57
2237.43
2422.11
2401.92
2373.35
2317.36
2352.38
2418.78
2467.98
2344.89
2276.19
2563.14
2356.37
2420.51
2527.61
2502.17
2578.91
2491.64
2524.57
2533.24
2446.54
2457.89
2442.2
2574.64
2388.49
2398.26
2513.36
2367.85
2216.49
2393.73
2513.67
2350.87
2351.89
2373.36
2388.72
2049.04
2294.47
2395.35
2608.49
2386.86
2515.61
2474.95
2456.08
2518.74
2394.22
2376.49
2353.66
2459.63
2265.59
2445.38
2488.82
2334.08
2564.63
2359.23
2291.9
2385.15
2415.41
2452.59
2431.02
2457.66
2459.33
2474.34
2414.27
2347.2
2312.76
2306.54
2472.25
2339.51
2418.87
2241.91
2444.89
2337.56
2428.01
2333.19
2231.02
2307.5
2472.97
2474.89
2316.98
2511.1
2573.37
2299.48
2719.76
2452.03
2296.24
2341.16
2416.19
2467.74
2369.7
2537.72
2442.29
2451.48
2491.26
2293.1
2252.25
2588.49
2369.54
2447.25
2282.41
2533.19
2261.2
2374.41
2584.5
2485.84
2421.04
2471.59
2254.17
2567.25
2574.47
2429.16
2356.68
2386.99
2398.28
2412.86
2365.66
2311.26
2242.62
2452.8
2352.28
2608.61
2485.81
2553.91
2412.34
2421.36
2422.78
2301.68
2488.49
2343.7
2486.53
2386.14
2415.27
2482.22
2540.85
2371.04
2453.38
2433.34
2585.76
2324.39
2406.16
2634.93
2353.34
2452.8
2479
2430.1
2454.94
2560.06
2430.31
2531.05
2419.36
2288.82
2252.33
2267.37
2414.21
2368.83
2535.47
2343.89
2620.79
2401.91
2409.71
2374.74
2316.72
2506.56
2365.23
2275.92
2375.87
2541.52
2338.9
2499.03
2295.02
2544.85
2170.24
2394.08
2390.28
2426.14
2438.7
2614.74
2361.48
2359.24
2427.22
2342.79
2525.13
2485.6
2574.44
2464.68
2536.34
2425.31
2551.39
2334.55
2450.12
2271.18
2545.88
2391.6
2397.94
2298.1
2474.85
2311.13
2511.97
2516.84
2491.47
2432.02
2551.93
2395.35
2503.99
2473.49
2319.78
2319.44
2486.22
2399.3
2249.49
2355.25
2491.84
2470.36
2355.92
2403.62
2532.85
2361.53
2599.11
2347.49
2540.06
2415.11
2547.3
2497.96
2439.66
2378.36
2299.19
2397.66
2527.91
2446.74
2612.11
2255.32
2625.38
2519.7
2412.12
2396.07
2334.91
2419.92
2368.83
2452.44
2543
2498.55
2334.68
2525.08
2601.98
2528.59
2575.44
2251.25
2434.24
2399.51
2487.58
2373.88
2321.54
2367.37
2395.77
2680.86
2312.42
2374.49
2311.58
2334.74
2332.57
2407.75
2449.83
2475.87
2223.93
2519.07
2397.51
2490.65
2494.87
2490.08
2206.55
2392.07
2432.12
2440.67
2328.31
2468.08
2592.71
2465.65
2456.46
2358.37
2424.32
2350.09
2451.87
2352.32
2325.53
2397.1
2328.46
2503.56
2347.84
2316.65
2381.01
2509.45
2194.72
2431.54
2345.01
2393.43
2456.76
2477.27
2341.03
2478.29
2450.83
2253.02
2307.66
2379.44
2326.02
2353.92
2521.63
2575.2
2489.38
2447.36
2390.21
2497.07
2384.81
2299.19
2523.09
2515.37
2316.7
2308.74
2418.54
2567.9
2538.18
2511.97
2359.5
2499.01
2523.67
2357.17
2382.77
2520.35
2467.12
2326.75
2273.33
2436.46
2683.98
2539.34
2514.33
2447.07
2524.01
2516.55
2374.49
2422.56
2412.44
2488.13
2460.19
2360.28
2526.68
2493.01
2369.99
2339.56
2433.04
2342.06
2595.53
2593.4
2448.83
2380.09
2460.35
2284.99
2492.97
2431.01
2334.49
2443.74
2607.73
2437.94
2373.61
2327.03
2485.75
2402.16
2405.82
2516.18
2538.12
2569.47
2430.93
2558.63
2400.38
2379.73
2697.51
2208.79
2349.83
2404.94
2503.24
2342.71
2400.05
2489.24
2476.67
2447.31
2381.41
2611.79
2464.42
2323.39
2273.75
2336.26
2437.56
2498.36
2384.29
2529.83
2573.53
2480.27
2535.49
2407.99
2269.01
2406.04
2511.3
2516.23
2484.36
2433.5
2349.58
2429.77
2535.83
2347.22
2347.88
2207.33
2335.46
2372.8
2510.93
2602.23
2272.47
2438.46
2350.88
2683.37
2494.36
2414.62
2512.21
2536.38
2359.08
2380.34
2431.41
2619.97
2525.51
2606.5
2277.81
2563.78
2378.53
2428.2
2344.98
2508.11
2476.02
2564.51
2593.62
2321.15
2395.35
2465.56
2617.94
2323.53
2298.12
2585.61
2337.32
2356.09
2347.03
2357.22
2476.15
2571.84
2221.66
2512.72
2369.73
2558.64
2546.31
2528.59
2323.59
2506.09
2448.76
2325.93
2391.47
2505.96
2500.13
2491.64
2279.26
2496.28
2396.16
2510.1
2414.96
2397.33
2385.61
2374.06
2227.06
2593.65
2384.67
2549.21
2534.14
2481.18
2435.65
2605.15
2572.74
2524.12
2394.1
2440.83
2298.03
2343.64
2419.87
2259.88
2503.01
2482.94
2419.22
2420.56
2367.67
2454.76
2697.71
2404
2400.34
2338.85
2489.64
2460.83
2610.15
2363.21
2473.76
2508.8
2422.11
2330.29
2611.87
2498.68
2393.95
2345.6
2426.64
2478.55
2508.99
2331.37
2664.08
2491.3
2509.16
2461.94
2531.66
2432.62
2575.42
2347.36
2451.13
2480.81
2428.64
2466.38
2668.84
2244.54
2428.9
2410.97
2498.7
2444.13
2485.24
2292.48
2322.36
2555.59
2347.83
2485.48
2462.68
2452.78
2353.24
2466.6
2477.88
2484.05
2426.15
2539.26
2322.38
2401.03
2500.93
2526.4
2610.88
2375.48
2564.34
2490.39
2448.57
2516.77
2448.33
2492.22
2411.29
2323.99
2483.73
2361.64
2265.65
2390.5
2421.28
2453.71
2545.67
2208.22
2292.37
2511.38
2465.09
2401.13
2249.62
2364.16
2244.76
2392.62
2496.83
2317.28
2586.26
2307.91
2531.83
2478.81
2268.67
2402.36
2471.46
2281.12
2609.68
2379.05
2311.01
2430.97
2343.51
2397.75
2429.48
2280.27
2601.38
2349.71
2361.88
2307.75
2476.83
2439.86
2391.59
2523.79
2465.77
2426.45
2483.92
2510.58
2325.07
2512.79
2355.03
2648.95
2441.32
2412.24
2373.84
2276.21
2475.51
2550.91
2317.41
2287.71
2510.88
2453.84
2210
2416.65
2314.92
2328.09
2418.8
2587.58
2556.59
2367.19
2323.69
2578.1
2402.81
2613.07
2539.71
2583.58
2462.55
2309.58
2375.2
2445.36
2324.46
2729.89
2408.74
2497.23
2450.9
2340.91
2293.59
2340.22
2643.14
2403.79
2469.36
2549.99
2530.09
2361.57
2409
2386.38
2453.53
2312.59
2471.08
2257.39
2470.89
2506.86
2313.77
2377.97
2438.61
2444.97
2190.38
2519.25
2564.33
2363.7
2471.64
2439.63
2347.77
2183.34
2463.09
2390.68
2516.89
2459.2
2292.63
2517.01
2481.54
2515.75
2226.43
2554.03
2382.88
2351.43
2425.84
2338.03
2423.09
2517.18
2491.49
2214.3
2351.33
2356.33
2490.34
2403.73
2516.77
2613.63
2274.51
2603.05
2436.96
2388.24
2474.04
2427.87
2553.56
2191.76
2493.77
2464.87
2327.33
2392.44
2469.78
2480
2396.05
2519.5
2544.53
2420.29
2533.25
2503.1
2363.04
2430.81
2466.03
2508.8
2353.93
2430.39
2539.94
2203.85
2355.36
2604.99
2498.83
2386.84
2422.5
2406.05
2225.08
2365.95
2333.67
2560.27
2366.5
2426
2509.65
2468.7
2412.78
2514.96
2484.49
2469.05
2450.03
2328.59
2290.59
2459.16
2330.85
2361.95
2508.04
2276.38
2378.27
2509.91
2429.07
2513.09
2360.46
2260.86
2343.68
2280.86
2374.95
2364.67
2450.73
2529.9
2554.38
2488.03
2564.91
2394.98
2495.85
2312.86
2352.81
2283.85
2462.12
2369.81
2483.54
2396.04
2326.38
2390.19
2373.66
2612.39
2493.31
2434.06
2592.7
2423.27
2453.46
2117.43
2516.81
2415.01
2521.15
2573.77
2461.5
2387.09
2461.06
2640.57
2424.22
2439.72
2575.8
2426.37
2475.82
2263.72
2459.6
2500.54
2567.1
2584.05
2281.47
2419.16
2331.39
2564.83
2350.19
2432.26
2400.28
2187.56
2173.13
2592.74
2444.03
2331.67
2422.51
2495.75
2376.76
2319.37
2456.9
2342.16
2373.72
2665.2
2402.44
2415.33
2570.18
2350.44
2438.4
2514.44
2319.26
2450.02
2364.65
2308.3
2347.54
2267.01
2433.24
2490.42
2538.07
2552.54
2295.58
2341.43
2307.03
2313.43
2451.54
2430.71
2498.16
2504.9
2345.36
2257.09
2370.36
2318.84
2216.94
2369.76
2546.14
2423.8
2351.79
2390.26
2609.32
2558.14
2581.1
2610.26
2251.73
2539.24
2287.04
2549.73
2505.43
2496.08
2388.38
2499.49
2426.81
2322.59
2508.65
2436.63
2363.66
2608.54
2309.43
2391.79
2404.88
2394.58
2467.01
2442.4
2404.21
2592
2543.28
2294.61
2501.84
2475.52
2447.99
2539.79
2516.88
2476.04
2513.05
2275.82
2316.99
2272.82
2519.31
2397.95
2483.28
2297.28
2198.76
2344.02
2345.07
2526.23
2355.52
2428.24
2440.58
2504.73
2533.71
2335.38
2294.89
2349.78
2491.16
2323.94
2462.2
2501.85
2484.73
2438
2408.25
2285.23
2207.14
2585.35
2509.6
2399.3
2391.48
2444.49
2270.86
2520.37
2406.66
2613.24
2453.79
2543.01
2395.41
2514.5
2494.93
2522.9
2302.01
2519.04
2446.29
2402.66
2383.75
2530.59
2334.81
2541.48
2515.85
2617.18
2499.55
2338.47
2477.92
2556.7
2434.97
2357.24
2470.51
2373.02
2312.01
2507.11
2454.53
2395.67
2563.35
2419.2
2438.7
2728.72
2194.35
2502.54
2525.31
2385.88
2360.25
2495.64
2594.35
2378.79
2347.78
2434.82
2330.3
2483.81
2532.05
2232.94
2349.42
2510.58
2413.79
2467.63
2388.35
2401.46
2271.07
2216.34
2431.74
2360.18
2329.6
2209.12
2482.02
2415.02
2529.61
2519.25
2463.01
2399.79
2465.51
2387.13
2601.12
2535.24
2401.48
2398.02
2335.24
2560.66
2430.23
2447.25
2393.6
2525.51
2284.31
2414.88
2439.81
2368.96
2542.11
2640.8
2539.02
2416.75
2537.01
2349.57
2553.68
2627.96
2605.47
2538.08
2475.52
2439.06
2600.83
2249.44
2467.48
2506.78
2329.73
2534.27
2500.74
2584.78
2458.45
2579.88
2507.32
2360.29
2447.84
2327.77
2304.81
2300.48
2602.23
2434.23
2598.11
2392.32
2364.9
2459.45
2356.09
2459.97
2457.05
2465.71
2590.26
2260.03
2499.51
2439.44
2541.72
2370.66
2323.06
2407.01
2426.32
2464.43
2406.95
2456.6
2425.05
2503.43
2453.97
2478.79
2529.52
2260.8
2521.9
2457.56
2177.03
2407.7
2481.26
2367.78
2497.06
2553.77
2604.68
2707.46
2344.28
2628.73
2497.79
2538.73
2259.35
2404.39
2539.99
2696.44
2394.47
2333.36
2393.57
2464.39
2506.2
2514.28
2403.03
2255.35
2426.32
2545.44
2506.4
2471.09
2320.2
2484.38
2308.9
2549.11
2509.88
2646.4
2509.99
2515.28
2427.18
2406.55
2384.01
2411.6
2534.08
2490.43
2485.17
2492.48
2484.93
2252.11
2414.18
2361.95
2409.09
2593.49
2449.98
2319.48
2544.09
2281.59
2488.53
2339.61
2212.88
2664.52
2378.44
2298.54
2462.71
2535.46
2438.9
2516.07
2501.71
2409.47
2508.33
2364.8
2543.56
2363.08
2464.22
2362.31
2431.71
2425.32
2521.95
2503.99
2670.29
2368.19
2500.84
2554.09
2367.19
2426.27
2322.87
2437.35
2448.7
2421.27
2412.19
2339.29
2454.36
2374.02
2453.16
2544.3
2436.11
2489.92
2376.78
2506.09
2505.99
2708.39
2534.1
2410.69
2452.55
2436.34
2303.78
2422.23
2511.16
2460.38
2417.34
2264.28
2283.12
2387.29
2538.4
2557.89
2555.96
2568.24
2573.01
2566.05
2409.65
2359.08
2426.07
2406.25
2386.19
2422.41
2437.91
2520.46
2441.48
2319.93
2313.84
2373.56
2622.32
2431.19
2325.61
2541.1
2521.66
2413.29
2177.04
2270.46
2321.06
2159.48
2264.94
2481.15
2511.87
2370.28
2393.09
2243.35
2319.15
2499.88
2453.01
2373.05
2462.01
2515.99
2403.93
2279.11
2419.35
2362.95
2564.1
2254.68
2349.56
2524.54
2435.08
2391.28
2347.97
2576.28
2426.29
2541.9
2572.59
2443.97
2524.52
2451.39
2561.18
2498.51
2467.32
2499.89
2447.66
2522.07
2532.15
2352.18
2248.1
2390.48
2354.03
2395.58
2346.04
2512.74
2409.09
2320.31
2495.08
2516.47
2496.59
2389.56
2513.71
2163.43
2432.6
2354.38
2484.13
2403.17
2455.34
2355.93
2480.58
2657.45
2388.06
2472.38
2427
2407.14
2474.76
2339.16
2467.09
2297.87
2548.89
2295.62
2674.21
2335.39
2597.08
2384.87
2459.24
2374.19
2548.09
2364.71
2487.71
2427.27
2436.25
2447.31
2526.16
2463.94
2506.89
2317.37
2358.22
2453.09
2460.9
2321.93
2441.87
2399.87
2463.09
2204.94
2443.57
2314.95
2691.4
2630.43
2296.1
2564.77
2310.72
2509.3
2530.83
2403.5
2516.4
2376.61
2440.25
2393.96
2460.33
2455.1
2358.93
2315.33
2270.4
2313.01
2262.63
2535.62
2432.11
2546.84
2409.9
2451.85
2553.31
2444.78
2384.25
2397.92
2305.21
2381.37
2530.21
2394.96
2524.3
2457.91
2252.14
2611.44
2344.72
2358.67
2259.25
2316.81
2446.7
2320.85
2531.14
2461.89
2440.96
2520.33
2552.66
2466.91
2451.55
2427.52
2526.75
2408.16
2566.4
2377.03
2525.26
2461.73
2466.86
2475.04
2381.46
2609.26
2360.6
2352.23
2293.43
2394.09
2420.76
2285.63
2579.64
2431.01
2341.34
2472.27
2361.05
2517.27
2414.51
2436.82
2421.16
2381.68
2310.66
2448.44
2448.36
2324.92
2377.61
2317.27
2221.85
2470.94
2389.08
2548.12
2506.2
2525.69
2410.2
2530.45
2170.2
2437.68
2511.31
2613.88
2347.43
2288.53
2471.25
2291.7
2606.35
2442.34
2476.37
2663.04
2417.76
2421.56
2345.58
2322.38
2344.1
2279.3
2273.38
2253.21
2409.43
2365.8
2364.8
2472.35
2430.55
2340.18
2457.57
2367.6
2509.86
2197.39
2359.22
2231.25
2463.53
2427.94
2575.18
2471.58
2487.37
2332.29
2395.59
2405.15
2473.71
2512.94
2604.74
2411.08
2434.35
2426.64
2416.37
2604.77
2322.51
2424.49
2448.22
2407.52
2454.68
2392.98
2526.49
2637.56
2447.5
2464.11
2301.93
2403.89
2428.74
2417.06
2418.47
2478.77
2548.35
2460.56
2429.67
2574.05
2436.41
2400.04
2330.43
2359.89
2546.43
2349.36
2423.21
2460.24
2612.99
2447.17
2305.88
2449.93
2367.7
2374.66
2408.33
2376.38
2360.9
2403.48
2466.45
2287.97
2572.4
2321.76
2518.59
2406.72
2398.28
2380.63
2399.83
2378.85
2420.44
2282.01
2415.06
2639.53
2515.59
2370.96
2262.01
2673.44
2439.64
2419.03
2528.8
2469.94
2200.52
2453.89
2471.12
2524.23
2299.84
2515.45
2362.92
2352.52
2471.58
2277.83
2432.98
2453.55
2335.97
2406.03
2487.88
2354.22
2421.32
2365.64
2424.63
2473.02
2428.4
2424.06
2481.24
2319.68
2325
2365.88
2420.74
2430.79
2417.66
2303.64
2140.89
2466.92
2370.47
2579.79
2315.99
2398.66
2347.18
2507.7
2361.87
2221.84
2472.99
2581.59
2353.56
2467.98
2315.43
2443.65
2384.97
2396.17
2224.29
2315.06
2480.85
2536.59
2462.28
2398.74
2428.86
2377.41
2509.32
2403.05
2420.68
2431.33
2377.17
2355.4
2508.38
2613.89
2296.39
2567.8
2416.66
2520.78
2483.35
2564.59
2324.75
2651.02
2624.71
2578.57
2452.27
2465.41
2461.13
2558.91
2257.89
2320.16
2402.42
2421.69
2634.41
2492.58
2654.26
2402.41
2581.4
2476.32
2368.55
2425.44
2495.74
2244.81
2668.22
2470.46
2550.83
2364.38
2362.76
2545.06
2455.81
2720.2
2503.23
2350.52
2401.71
2508.35
2351
2493.37
2607.06
2502.73
2560.34
2653.66
2508.86
2585.09
2502.16
2357.71
2388.69
2411.59
2343.43
2383.82
2435.6
2484.35
2367.35
2370.13
2468.5
2654.77
2376.77
2573.33
2305.62
2412.65
2543.97
2360.06
2519.54
2456.46
2307.92
2372.02
2490.01
2492.91
2582.51
2317.82
2392.68
2413.14
2431.31
2404.13
2596.82
2452.04
2546.72
2475.08
2529.63
2501.8
2406.17
2463.38
2361.48
2507.68
2413.12
2433.62
2333.62
2464.69
2432.75
2490.1
2530.26
2462.7
2543.27
2489.59
2373.15
2448.23
2620.48
2350.53
2363.78
2538.59
2449.68
2272.65
2426.01
2401.65
2510.01
2396.24
2545.12
2295.9
2356.25
2378.29
2582.8
2359.56
2489.82
2387.04
2519.1
2455.09
2431.27
2290.51
2354.89
2251.85
2603.05
2477.77
2372.14
2482.92
2597
2462.28
2320.16
2266.85
2529.52
2338.75
2508.35
2535.2
2538.15
2400.59
2333.73
2440.86
2259.6
2539.63
2431.91
2494.56
2360.3
2316.89
2387.18
2445.51
2262.07
2439.24
2319.46
2631.12
2661.16
2472.42
2517.4
2502.36
2210.64
2566.41
2381.75
2390.32
2477.34
2411.85
2471.89
2458.86
2454.32
2561.89
2511.45
2592.98
2400.28
2289.31
2530.38
2617.54
2449.73
2415.83
2315.4
2462.53
2450.3
2415.28
2455.72
2348.82
2393.22
2340.68
2461.32
2406.87
2428.53
2328.26
2576.59
2655.67
2374.83
2565.01
2550.23
2217.76
2424.27
2486.54
2352.24
2537.61
2481.18
2383.26
2443.27
2341.44
2381.01
2359.43
2378.42
2486.23
2392.47
2410.88
2451.54
2525.28
2318.94
2587.18
2500.3
2494.07
2597.44
2255.74
2408.52
2377.75
2464.98
2483.65
2342.36
2477.44
2503.4
2424.38
2455.44
2498.28
2437.13
2619.42
2329.52
2413.57
2443.06
2342.66
2522.13
2512.72
2517.11
2448.29
2432.49
2287.25
2356.27
2350.7
2501.24
2314.16
2410.76
2455.56
2436.84
2470.63
2237.82
2547.59
2475.41
2512.51
2688.02
2358.87
2359.39
2510.17
2345.1
2355.46
2419.78
2359.56
2297.43
2408.87
2402.12
2584.37
2190.79
2294.79
2548.17
2365.51
2432.41
2360.13
2391.04
2367.67
2295.41
2374.33
2452.42
2315.21
2262.03
2339.56
2654.5
2223.04
2348.86
2301.18
2539.13
2535.91
2322.46
2494.81
2560.11
2633.05
2464.58
2494.32
2366.76
2350.51
2334.74
2308.95
2461.23
2581.41
2448.62
2427.57
2366.89
2351.81
2469.25
2476.01
2623.55
2473.82
2506.13
2521.56
2405.8
2515.26
2313.66
2276.25
2498.86
2322.25
2498.62
2556.48
2343.66
2476.6
2449.41
2372.61
2353.57
2326.73
2528.81
2522.83
2433.93
2353.2
2385.2
2442.24
2226.15
2488.5
2357.48
2346.8
2557.26
2498.68
2565.72
2427.37
2446.55
2324.27
2600.92
2406.61
2485.52
2431.37
2313.57
2346.99
2676.78
2477.23
2393.9
2308.69
2057.04
2361.71
2606.42
2254.21
2533.77
2557.4
2278.53
2461.92
2600.13
2446.57
2506.58
2308.77
2391.96
2501.85
2490.37
2569.45
2418.96
2359.55
2468.49
2562.32
2303.82
2434.88
2436.01
2319.12
2489.47
2322.99
2362.29
2444
2465.8
2419.11
2514.47
2547.24
2491.21
2651.19
2349.98
2517.68
2510.9
2289.25
2484.22
2535.53
2450.88
2215.19
2487.61
2446.53
2464.75
2402.03
2281.01
2233.86
2391.22
2456.77
2632.24
2544.26
2398.61
2330.76
2538.45
2400.16
2607.64
2355.93
2540.89
2459.88
2489.57
2531.38
2404.52
2407.18
2388.47
2279.95
2426.77
2599.63
2362.77
2305.17
2545.62
2489.52
2440.29
2365.2
2361.89
2448.54
2530.34
2343.85
2512.19
2311.57
2551.28
2477.99
2416.44
2329.27
2494.55
2486.36
2510
2533.81
2451.42
2541.77
2581.41
2330.02
2496.05
2533.47
2306.83
2320.61
2400.33
2412.03
2384.23
2348.4
2416.99
2380.81
2282.6
2462.53
2386.36
2435.68
2273.14
2539.28
2351.86
2349.68
2469.62
2414.21
2400.89
2423.48
2635.16
2466.05
2386.16
2483.69
2376.8
2314.51
2511.14
2493.27
2342.09
2405.43
2497.75
2411.57
2407.49
2339.93
2552.66
2334.9
2359.12
2420.23
2376.38
2414.92
2574.52
2475.22
2310.21
2482.67
2474.84
2428.75
2491.06
2511.56
2360.87
2320.04
2656.84
2513.44
2495.17
2471.25
2192.82
2448.87
2357.98
2468.41
2482.91
2509.78
2385.56
2452.8
2323.92
2495.09
2384.79
2350.86
2211.94
2403.84
2376.34
2453.41
2447.89
2624.37
2386.75
2299.14
2475.32
2405.22
2444.15
2392.83
2406.49
2435.46
2233.8
2504.89
2402.21
2458.33
2388.95
2635.74
2581.71
2306.7
2526.28
2348.46
2578.09
2386.68
2564.02
2498.16
2432.51
2238.18
2582.18
2321.06
2525.67
2488.51
2378.74
2673.97
2328.48
2653.04
2309.98
2380.62
2381.4
2610.75
2399.48
2630.1
2558.34
2275.57
2395.76
2525.36
2428.39
2608.24
2342.16
2409.6
2564.67
2650.89
2656.87
2368.83
2686.02
2299.72
2520.34
2601.55
2467.04
2381.03
2393.13
2472.16
2485.13
2392.54
2449.18
2369.8
2556.24
2432.51
2566.71
2436.87
2496.68
2257.75
2442.71
2339.55
2308.27
2420.64
2415.3
2393.49
2631.28
2547.46
2181.97
2567.31
2356.88
2344.94
2582.14
2408.04
2391.69
2331.31
2340.38
2517.63
2514.88
2552.1
2338.08
2416.01
2540.38
2507.54
2606.05
2209.16
2428.44
2561.75
2288.49
2306.37
2502.67
2453.15
2367.22
2495.33
2366.74
2500.59
2347.05
2338.17
2284.12
2448.22
2420.56
2332.32
2606.96
2473.29
2469.59
2404.79
2486.59
2433.71
2349.68
2474.05
2514.59
2493.11
2405.71
2497.01
2444.12
2479.97
2346.96
2296.56
2482.95
2454.91
2472.29
2391.8
2458.72
2131.59
2484.48
2244.6
2364.4
2512.98
2393.63
2521.62
2378.42
2480.39
2325.45
2511.66
2500.14
2424.31
2474.91
2381.99
2559.52
2681.98
2565.72
2330.15
2442.93
2447.51
2519.2
2486.48
2425.33
2514.76
2530.84
2354.3
2354.7
2468.53
2206.05
2384.22
2740.79
2414.3
2523.5
2526.74
2482.42
2362.47
2334.79
2430.62
2504.66
2462.7
2507.29
2501
2332.29
2538.35
2436.8
2294.61
2651.87
2450.33
2406.3
2394.68
2353.53
2518.81
2437.2
2260.38
2390.47
2438.13
2304.07
2482.32
2462.53
2473.22
2441.82
2374.92
2399.07
2470.89
2593.64
2408.66
2447.52
2427.74
2475.94
2505.22
2441.25
2459.65
2387.08
2425.42
2481.67
2364.9
2453.9
2295.68
2371.79
2527.15
2352.03
2496.26
2542.17
2499.2
2329.83
2281.44
2500.69
2487.32
2640.88
2419.42
2568.38
2439.27
2244.77
2402.79
2407.17
2369.66
2468.54
2371.56
2522.94
2434.04
2450.54
2547.14
2579.12
2501.93
2407.59
2438.48
2321.91
2350.4
2220.04
2387.11
2290.72
2400.55
2448.88
2475.45
2563.01
2252.79
2429.6
2395.21
2290.05
2499.77
2294.77
2438.81
2405.76
2382.29
2620.58
2580.59
2144.31
2444.96
2429.57
2388
2461.6
2461.41
2527.12
2351.86
2351.64
2485.73
2275.33
2414.35
2412.01
2518.25
2516.48
2382.27
2487.09
2356.42
2517.88
2336.1
2364.47
2246.32
2220.81
2444.58
2557.69
2509.93
2445.23
2456.19
2532.74
2626.3
2322.83
2395.48
2502.45
2256.26
2330.34
2318.76
2407.35
2567.75
2463.31
2422.59
2445.61
2519.67
2474.32
2471.33
2492.69
2397.74
2365.86
2166.05
2295.96
2618.08
2414.41
2254.46
2317.15
2416.31
2550.63
2373.94
2466.76
2573.18
2574.93
2501
2472.78
2434.07
2375.35
2544.21
2538.53
2423.64
2303.55
2382.36
2398.48
2528.04
2430.71
2334.93
2468.02
2304.22
2369.37
2359.05
2244.1
2357.47
2384.63
2494.33
2640.6
2294.71
2328.28
2402.76
2385.06
2438.78
2405.97
2467.08
2450.98
2519.76
2397.37
2431.66
2501.8
2439.41
2461.38
2564.73
2553.56
2506.64
2539.59
2356.07
2551.88
2510.76
2445.12
2339.29
2372.79
2447.77
2384.33
2239.08
2537.74
2254.88
2663.59
2470.53
2386.16
2404.72
2405.3
2499.73
2436.76
2405.55
2322.66
2364.92
2368.54
2508.32
2360.16
2469.46
2280.5
2435.17
2360.03
2437.84
2391.46
2524.67
2504.96
2583.08
2584.13
2540.68
2512.35
2397.73
2582.14
2469.05
2360.88
2307.91
2256.8
2616.9
2567
2305.55
2430.57
2346.82
2469.67
2251.05
2557.14
2338.21
2358.69
2479.5
2286.41
2401.62
2572.71
2572.8
2576.77
2476.88
2437.57
2631.61
2473.01
2635.44
2507.25
2397.08
2386.73
2409.63
2565.82
2389.71
2377.89
2250.02
2560.56
2532.37
2477.47
2491.9
2414.52
2499.37
2318.86
2383.03
2233.36
2364.98
2364.69
2510.68
2335.85
2326.21
2312.6
2556.11
2586.53
2284.69
2163.84
2414.89
2491.26
2536.61
2489.81
2292.42
2395.21
2379.21
2485.84
2384.78
2546.93
2418.19
2527.38
2439.76
2445.01
2417.6
2509.12
2173.54
2335.25
2490.19
2569.79
2397.39
2463.18
2419.66
2484.44
2342.56
2397.99
2403
2441.32
2292.56
2301.21
2603.99
2562.93
2525.91
2605.13
2398.91
2419.49
2557.4
2349.65
2362.9
2471.05
2655.01
2436.32
2158.75
2396.84
2755.46
2457.74
2389.78
2343.04
2539.37
2460.91
2253.4
2656.37
2376.01
2543.05
2684.44
2301.67
2378.99
2474.17
2400.38
2555.87
2563.83
2549.56
2510.27
2333.63
2487.41
2621.56
2547.89
2358.34
2314.83
2496.89
2696.99
2484.57
2407.51
2517.47
2617.55
2461.29
2241.33
2609.43
2379.72
2404.14
2515.96
2472.6
2350.37
2551.86
2249.94
2498.91
2344.74
2449.53
2454.6
2323.35
2479.9
2497.27
2473.36
2666.82
2481.22
2532.22
2435.69
2557.95
2420.97
2594.52
2255.6
2465.54
2454.66
2282.21
2319.35
2446.08
2332.87
2396.43
2510.39
2444.55
2411.08
2495.92
2408.78
2392.95
2256.43
2455.06
2495.78
2346.61
2493.91
2505.21
2304.32
2550.12
2531.06
2257.32
2399.5
2540.11
2414.07
2287.01
2344.94
2358.69
2525.9
2350
2493.6
2618.65
2626.52
2435.17
2493.98
2528.06
2347.78
2494.19
2379.76
2496.37
2677.21
2393.24
2569.37
2428.7
2517.01
2399.95
2254.55
2578.23
2304.98
2549.74
2402.89
2444.15
2434.78
2451.41
2190.64
2239.75
2340.57
2536.93
2434.09
2290.65
2390.82
2478.13
2392.29
2339.64
2570.08
2581.7
2435.09
2366.96
2373.5
2380.65
2507.78
2445.11
2384.57
2479.5
2445.59
2386.18
2509.76
2390.24
2441.05
2448.33
2413.52
2327.09
2310.1
2429.05
2503.91
2430.65
2325.55
2564.31
2612.46
2433.42
2580.45
2566.99
2269.54
2561.16
2391.67
2301.6
2345.71
2394.34
2488.26
2350.83
2492.08
2539.2
2424.26
2444.63
2308.22
2443.13
2455.45
2384.55
2403.29
2349.67
2581.49
2347.64
2404.94
2276.27
2452.37
2408.66
2515.65
2297.86
2358.07
2511.13
2562.84
2456.74
2497.55
2666.62
2389.24
2538.37
2468.89
2416.27
2496.1
2529.35
2249.55
2448.75
2459.21
2371.69
2480.49
2528.09
2543
2394
2384.69
2497.75
2407.52
2443.88
2460.43
2387.89
2330.65
2222.85
2525.05
2254.88
2331.42
2466.46
2472.19
2584.66
2414.2
2475.04
2478.46
2361.32
2508.21
2476.28
2488.12
2360.56
2553.98
2363.42
2600.69
2441.72
2606.53
2349.82
2399.95
2419.26
2515.93
2550.62
2442.15
2332.9
2435.84
2384.04
2683.07
2479.86
2360.56
2533.12
2484.77
2514.24
2355.02
2319.68
2410.02
2275.97
2250.25
2576.92
2350.39
2416.59
2322
2535.44
2352.08
2271.37
2469.15
2353.21
2300.97
2401.88
2530.04
2568.02
2232.85
2325.3
2428.3
2531.26
2461.89
2546.02
2433.66
2493.77
2366.8
2221.43
2439.02
2457.67
2653.25
2560.93
2487.01
2447.82
2399.69
2395.42
2584.52
2404.82
2287.52
2308.29
2431.27
2294.02
2425.63
2490.74
2302.8
2363.28
2323.22
2240.95
2437.73
2433.82
2501.96
2666.43
2560.9
2408.48
2550.79
2535.53
2283.09
2349.93
2480.77
2486.66
2636.53
2472.88
2441.16
2553.08
2302.78
2336.66
2447.13
2648.07
2284.14
2305.08
2463.93
2535.02
2365.15
2301.13
2279.72
2283.66
2358.04
2470.02
2573.45
2422.83
2365.73
2620.15
2570.45
2280.82
2528.98
2523.59
2334.52
2540.61
2444.48
2444.2
2479.06
2483.66
2602.81
2332.7
2340.85
2483.88
2331.45
2414.61
2469.07
2631.14
2473.55
2525.36
2454.61
2469.92
2371.41
2569.38
2439.89
2293
2381.1
2358.86
2416.35
2424.43
2419.09
2228.62
2453.51
2411.09
2454.27
2356.44
2441.53
2360.98
2615.54
2167.56
2430.7
2483.85
2426.09
2397.85
2425.3
2439.59
2576.26
2368.68
2575.02
2313.59
2373.22
2191.92
2484.58
2414.69
2448.09
2448.42
2344.92
2450.12
2417.82
2512.19
2422.63
2703.67
2347.95
2432.19
2412.32
2366.47
2397.88
2377.19
2397.16
2488.85
2331.76
2226.9
2510.39
2358.27
2311.61
2450.54
2601.25
2495.41
2353.2
2430.73
2329.1
2388.47
2608.83
2369.79
2400.05
2432.09
2562.1
2550.36
2492.3
2202.43
2562.04
2444.78
2471.26
2557.08
2578.47
2527.14
2342.23
2221.63
2505.21
2250.95
2473.48
2324.97
2426.86
2490.67
2291.86
2319.92
2295.94
2404.92
2483.34
2463.55
2514.92
2284.68
2505.4
2354.88
2516.11
2418.27
2616.53
2418.53
2342.45
2557.61
2416.47
2445.07
2576.44
2424.08
2484.93
2547.54
2466.1
2656.34
2475.42
2407.96
2368.61
2471.71
2512.37
2391.48
2408.35
2291.79
2607.29
2510.88
2494.24
2396.4
2309.78
2350.52
2429.93
2543.74
2359.52
2354.36
2356.24
2544.1
2385.27
2435.03
2224.56
2348.68
2376.37
2398.67
2446.14
2533.28
2298.77
2480.55
2436.81
2473.43
2382.9
2460.46
2322.16
2493.71
2515.2
2313.56
2169.86
2529.24
2391.7
2438.64
2205.11
2434.81
2582.72
2482.5
2314.96
2535.21
2437.98
2556.44
2466.65
2601.53
2491.19
2275.96
2420.73
2506.58
2481.66
2474
2596.93
2471.41
2403.01
2582.35
2382.24
2450.72
2340.06
2358.75
2490.88
2549.2
2360.24
2317.67
2545.78
2327.05
2504.77
2375.13
2345.84
2241.56
2511.14
2543.61
2236.25
2577.18
2390.01
2467.85
2587.29
2367.6
2520.16
2275.96
2589.73
2341.81
2245.76
2195.35
2311.62
2297
2437
2286.08
2305.05
2350.54
2542.64
2445.33
2443.43
2564.5
2442.07
2587.34
2311.29
2367.19
2334.05
2198.66
2430.69
2396.27
2340.41
2618.66
2344.12
2396.11
2475.79
2381.41
2479.81
2416.61
2356.14
2394.54
2307.49
2360.88
2540.9
2514.94
2214.49
2317.52
2437.33
2428.01
2337.92
2542.97
2417.2
2262.77
2276.76
2414.69
2393.12
2382.29
2454.27
2347.5
2358.2
2236.51
2451
2418.93
2602.79
2324.12
2315.32
2602.08
2516.32
2335.81
2285.01
2517.56
2348.7
2338.36
2291.54
2422.2
2133.8
2487.62
2484.85
2406.72
2464.47
2421.33
2476.64
2497.38
2287.54
2437.82
2385.53
2514.76
2278.38
2525.26
2546.7
2511.93
2352
2322.44
2483
2447.35
2525.89
2490.79
2288.21
2504.53
2485.09
2323.68
2508.92
2280.18
2350.18
2627.87
2332.61
2459.01
2407.47
2458.11
2460.34
2412.46
2414.37
2385.73
2384.17
2580.28
2519.12
2521.42
2592.94
2509.31
2452.2
2339.17
2490.62
2486.48
2325.49
2396.36
2238.33
2360.39
2465.33
2360.65
2388.73
2482.33
2427.28
2545.92
2450.79
2417.26
2415.37
2417.04
2332.71
2518.48
2341.57
2366.52
2435.39
2390.97
2453.65
2509.66
2371.7
2468.24
2621.1
2613.36
2400.36
2451.57
2473.69
2372.76
2405.97
2188.6
2307.75
2530.66
2456.53
2535.41
2476.46
2355.2
2555.61
2490.17
2342.47
2458.53
2385.86
2292.38
2442.06
2400.46
2497.55
2381.96
2204.62
2479.69
2446.12
2449.16
2439.89
2391.36
2271
2460.38
2550.52
2566.71
2498.14
2434.2
2303.17
2473
2426.5
2550.19
2253.51
2393.45
2445.57
2589.6
2418.03
2362.65
2509.28
2432.11
2372.4
2381.63
2390.33
2345.8
2604.79
2559.3
2427.66
2272.64
2884.04
2449.2
2442.77
2289.74
2429.81
2366.37
2397.7
2537.02
2377.41
2495.92
2540.61
2364.02
2308.3
2502.06
2459.3
2404.64
2466.1
2366.37
2411.59
2409.28
2433.41
2286.57
2406.83
2379.3
2535.92
2521.64
2318.03
2423.47
2531.47
2296.49
2420.65
2501.66
2368.19
2358.05
2508.77
2391.08
2412.17
2477.09
2410.35
2335.65
2430.67
2311.3
2503.32
2420.51
2453.22
2493.58
2610.37
2434.21
2451.93
2480.71
2596.86
2370.3
2420.6
2487.01
2503.51
2431.1
2498.34
2495.19
2236.03
2410.4
2394.48
2321.08
2335.04
2524.21
2362.17
2476.66
2519.73
2362.48
2298.42
2648.24
2384.59
2181.19
2374.29
2465.75
2254.5
2515.64
2499.29
2388.67
2560.11
2464
2559.45
2623.25
2496.1
2363.76
2499.56
2302.32
2397.53
2637.5
2337.75
2336.65
2348.19
2238.9
2291.84
2244.35
2378.83
2414.69
2388.33
2276.37
2314.55
2423.73
2283.43
2507.69
2589.5
2607.38
2410.16
2346.52
2481.43
2421.25
2363.91
2550.7
2600.35
2387.07
2421.67
2551.18
2471.94
2569.45
2401.33
2395.3
2540.43
2332.89
2424.49
2450.51
2472.2
2424.61
2466.65
2309.87
2470.11
2376.19
2295.2
2338.69
2527.23
2363.04
2333.56
2555.72
2483.24
2636.76
2314.54
2317.09
2318.02
2392.79
2325.6
2514.04
2414.21
2409.97
2324.03
2467.85
2269.79
2334.49
2441.94
2361.48
2407.03
2538.45
2495.27
2544.55
2392.56
2483.48
2399.25
2368.55
2611.97
2320.08
2573.23
2596.48
2346.26
2455.13
2387.6
2397.51
2347.54
2516.11
2391.51
2451.62
2459.43
2611.59
2647.18
2347.64
2485.83
2594.92
2453.64
2465.03
2460.35
2486.21
2619.36
2198.79
2336.88
2557.81
2459.15
2309.92
2401.74
2350.34
2304.58
2645.86
2292.83
2506.69
2358.26
2479.47
2272.96
2444.17
2398.44
2484.75
2390.27
2255.98
2421.66
2492.43
2617.19
2499.58
2346.82
2288.63
2365.39
2442.74
2652.18
2567.27
2508.46
2393.98
2316.62
2356.92
2263.26
2484.51
2501.16
2344.29
2485.95
2343.62
2377.64
2274.15
2613.64
2529.26
2425.08
2391.03
2391.27
2433.62
2293.84
2278.06
2549.88
2235.28
2420.71
2510.69
2420.35
2535.57
2469.73
2448.73
2441.3
2454.63
2241.35
2514.54
2418.42
2377.21
2440.37
2456.99
2295.36
2551.42
2514.64
2524.17
2472.12
2519.18
2509.42
2424.49
2275.18
2351.57
2547.72
2280.05
2410.54
2576.37
2419.38
2482.65
2445.32
2417.06
2549.67
2274.32
2333.31
2503.1
2329.91
2244.76
2376.05
2466.26
2479.49
2364.19
2555.7
2388.18
2369.74
2504.21
2550.63
2395.77
2333.11
2392.61
2355.47
2196.7
2325.56
2511.27
2482.14
2577.36
2361.08
2441.42
2569.63
2459.8
2365.32
2441.45
2420.86
2201.94
2650.72
2398.34
2451.84
2613.41
2404.37
2483.86
2356.11
2356.88
2550.05
2554.17
2499.7
2214.88
2309.14
2641.64
2513.03
2377.64
2362.11
2559.83
2376.8
2478.68
2281.07
2439.76
2422.04
2464.65
2370.05
2631.74
2502.07
2328.37
2471.54
2529.38
2396.93
2321.92
2521.7
2368.45
2381.79
2501.98
2405.08
2363.49
2504.7
2481.58
2348.96
2443.71
2263.67
2455.67
2488.53
2399.5
2398.98
2471.65
2421.99
2523.06
2611.26
2517.48
2473.55
2284.36
2478.29
2309.01
2595.15
2536.53
2437.67
2382.44
2430.02
2430.47
2490.43
2570.05
2409.73
2422.35
2405.09
2388.41
2463.15
2367.45
2296.26
2528.26
2340.16
2484.06
2392.35
2361.49
2359.19
2385.1
2419.18
2482.03
2468.66
2382.87
2530.27
2507.04
2413.7
2400.22
2346.08
2567.92
2484.35
2525.71
2587.23
2481.94
2530.92
2456.11
2290.81
2433.09
2439.44
2406.09
2346.06
2470.1
2423.72
2320.7
2441.93
2345.93
2335.99
2398.51
2396.74
2404.84
2389.74
2426.77
2436.85
2485.38
2538.19
2297.12
2431.75
2451.96
2487.04
2422.97
2499.92
2371.15
2534.71
2429.29
2350.57
2286.34
2604.87
2638.15
2412.34
2479.37
2522.11
2430.04
2435.16
2510.11
2545.36
2467.75
2428.34
2421.49
2465.74
2473.63
2357.08
2417.46
2321.2
2326.37
2422.16
2538.57
2483.01
2524.19
2411.46
2695.89
2465.59
2479.31
2472.9
2324.19
2406.3
2247.71
2386.93
2387.11
2408.05
2477.47
2552.61
2378.56
2441.87
2504.24
2489.94
2505.99
2478.32
2222.07
2548.12
2364.71
2382.75
2152.79
2380.34
2227.32
2539.03
2583.85
2265.65
2339.5
2515.63
2420.32
2459.4
2570.56
2464.49
2383.71
2237.26
2489.05
2501.99
2580.9
2315.28
2357.84
2173.37
2411.51
2419.21
2470.53
2422.18
2459.18
2564.33
2365.53
2334.04
2554.58
2302.35
2577.56
2351.36
2620.16
2428.63
2383.41
2484.18
2366.85
2483.97
2420.62
2529.36
2510.41
2305.36
2277.93
2715.26
2551.81
2376.21
2307.63
2356.32
2505.05
2379.8
2390.36
2484.58
2434.25
2504.16
2334.59
2447.78
2374.59
2481.14
2362.6
2409.88
2478.05
2461.03
2485.59
2230.43
2469.11
2368.7
2523.11
2477.83
2291.66
2516.12
2682.67
2365.28
2436.49
2364.34
2471.19
2449.72
2394.11
2258.51
2313.47
2533.67
2226.09
2410
2466.82
2410.82
2348.79
2489.86
2444.53
2438.99
2353.78
2418.57
2489.81
2460.72
2256.64
2515.99
2411.06
2568.53
2484.4
2454.12
2373.83
2390.56
2552.13
2487.03
2405.61
2407.24
2252.8
2444.72
2485.66
2244.62
2221.52
2318.94
2377.38
2445.77
2380.79
2541.72
2453.69
2435.69
2483.27
2206.05
2393.27
2504.62
2218.56
2366.24
2582.88
2361.37
2427.82
2262.05
2427.4
2480.69
2544.26
2388.56
2518.96
2479.76
2427.36
2500.11
2400.25
2472.97
2322.43
2519.22
2317.51
2227.42
2512.34
2437.24
2351.43
2574.85
2413.91
2438.12
2355.55
2511.59
2429.28
2547
2361.21
2669.5
2567.9
2466.5
2301.52
2576.86
2308.07
2447.86
2575.3
2497.95
2386
2468.24
2417.87
2514.45
2476.97
2297.06
2508.99
2434.47
2428.26
2469.52
2449.68
2416.91
2614.11
2451.7
2339.88
2471.98
2464.37
2560.64
2309.71
2487.8
2398.75
2565.59
2405.91
2336.12
2404.03
2312.73
2353.67
2256.4
2514.13
2469.4
2269.09
2519.38
2330
2371.42
2452
2402.69
2538.84
2611.58
2538.88
2473.97
2445.08
2598.1
2437.21
2459.56
2421.37
2657.03
2589.55
2299.14
2464.86
2408.13
2535.38
2469.61
2572.65
2438.29
2219.32
2350.09
2553.68
2376.3
2433.43
2404.84
2424.76
2420.3
2426.08
2401.01
2480.78
2496.64
2442.36
2521.44
2431.87
2577.28
2406.64
2651.21
2627.37
2426.51
2443.54
2399.43
2425.16
2499.02
2332.7
2359.25
2598.53
2456.93
2584.99
2266.76
2366.06
2430.55
2598.54
2184.41
2633.9
2403.75
2576.65
2430.82
2363.83
2539.51
2360.82
2318.72
2401.85
2519.98
2344.09
2325.49
2202.12
2516.75
2463.67
2364.68
2426.76
2493.19
2423.72
2391.75
2329.32
2455.89
2569.96
2505.36
2505.74
2420.33
2380.23
2520
2345.67
2449.28
2427.63
2463.66
2417.91
2420.56
2344.97
2400.08
2407.92
2467.44
2375.54
2280.55
2567.84
2410.85
2534.84
2436.69
2438.51
2365.78
2499.29
2495.72
2484.56
2485.91
2608.99
2526.47
2326.74
2508.97
2403.05
2337.29
2422.48
2447.61
2518.29
2442.36
2247.13
2377.67
2336.73
2172.55
2480.69
2430.24
2478.09
2212.02
2394.37
2451.69
2611.7
2610.01
2475.62
2469.93
2404.82
2470.08
2479.12
2410.34
2469.22
2353.16
2410.04
2490.02
2422.12
2532.79
2370.03
2526.55
2547.04
2642.93
2483.69
2477.84
2542.54
2542.26
2559.68
2461.17
2303.32
2214.96
2408.2
2346.81
2507.59
2495.54
2489.19
2379.15
2336.27
2303.37
2403.35
2523.81
2681.83
2482.46
2538.83
2461.8
2471.06
2427.03
2440.65
2443.43
2329.29
2308
2375.28
2485.46
2401.4
2377.74
2511.77
2222.46
2381.98
2213.06
2337.35
2508.16
2268.79
2477.51
2410.99
2491.28
2350.34
2556.04
2387.4
2546.63
2505.41
2533.59
2467.19
2516.95
2350.89
2503.3
2478.07
2476.95
2284.34
2504.21
2363.63
2624.36
2359.37
2567.6
2457.08
2291.8
2248.11
2449.9
2426.89
2416.69
2370.77
2382.06
2538.69
2459.63
2472.38
2410.63
2474.61
2336.97
2580.32
2328.24
2499.13
2464.61
2443.78
2350.02
2587.27
2650.69
2516.52
2255.5
2476.76
2324.09
2486.86
2441
2458.5
2390.3
2367.02
2401.82
2488.61
2454.91
2567.04
2459.1
2661.92
2522.14
2364.19
2399.96
2473.09
2426.69
2478.56
2465.32
2420.07
2534.63
2426.64
2511.51
2427.27
2500.91
2489.05
2553.08
2732.56
2338.09
2381.57
2636.91
2342.91
2420.5
2398.46
2357.89
2279.79
2453.62
2524.07
2324.29
2470.75
2502.72
2436.52
2425.85
2423.54
2335.56
2462.04
2263.39
2396.86
2322.41
2530.44
2536.21
2411.28
2505.32
2455.71
2324.56
2460.49
2619.67
2380
2459.94
2485.27
2643.35
2408.69
2418.43
2265.08
2451.1
2495.06
2385.62
2473.9
2375.91
2440.7
2390.42
2356.14
2719.32
2558.22
2405.28
2458.59
2345.97
2379.73
2366.13
2703.69
2498.56
2410.03
2375.27
2430.12
2368.51
2518.99
2515.44
2439.78
2197.33
2314.22
2656.88
2502.49
2543.8
2450.71
2611.02
2385.08
2361.33
2374.62
2567.61
2377.52
2592.7
2538.24
2275.33
2310
2446.62
2524.08
2394.55
2164.03
2339.39
2391.69
2541.83
2457.17
2499.31
2438.92
2475.55
2528.25
2276.19
2219.5
2493.78
2476.25
2411.49
2555.09
2707.79
2469.37
2473.99
2280.27
2533.11
2350.6
2515.03
2397.59
2519.11
2481.76
2428.68
2287.88
2357.27
2443.13
2426.6
2454.37
2416.49
2414.1
2325.95
2405.74
2378.93
2422.8
2348.99
2568.56
2488.54
2578.04
2410.63
2532.47
2525.12
2412.71
2583.66
2334.31
2500.03
2556.59
2485.42
2572.55
2340.27
2340.42
2354.5
2278.13
2455.64
2400.66
2467.37
2372.01
2423.99
2470.32
2599.89
2286.59
2531.67
2531.93
2440.08
2444.93
2390.72
2455.45
2574.85
2445.89
2603.62
2444.38
2372.34
2438.47
2507.34
2424.98
2317.54
2687.67
2708
2585.44
2457.3
2499.03
2356.34
2301.98
2403.72
2298.39
2585.79
2391.16
2452.65
2237.15
2455.65
2436.4
2317.64
2437.77
2361.37
2353.97
2377.61
2210.03
2329.44
2442.91
2456.37
2361.81
2581.2
2551.64
2508.37
2576.37
2414.3
2635.03
2574.4
2565.62
2308.18
2374.64
2444.54
2259.24
2300.24
2633.07
2624.05
2551.98
2576.96
2531.07
2415.17
2314.55
2441.99
2539.72
2623.61
2527.1
2355.12
2433.94
2309.6
2301.3
2373.17
2537.59
2669.42
2444.01
2430.6
2409.95
2438.71
2377.78
2259.91
2395.86
2414.57
2321.04
2440.53
2559.54
2624.72
2437.86
2478.75
2495.64
2539.22
2223.55
2537
2244.42
2545.71
2357.43
2563.61
2547.73
2544.57
2476.15
2369.07
2433.86
2165.24
2366.02
2470.75
2525.92
2579.06
2446.97
2535.35
2410.7
2228.9
2435.69
2437.17
2379.16
2529.79
2342.49
2357.85
2371.48
2493.82
2348.46
2606.25
2496.34
2357.18
2468.7
2415.01
2435.37
2431.74
2432.34
2304.4
2309.31
2315.14
2288.72
2629.94
2331.07
2540.09
2344.05
2567.25
2427.52
2449.72
2580.31
2399.53
2407.11
2220.03
2361.95
2341.4
2457.51
2382.03
2366.76
2517.47
2610.21
2624.57
2546.09
2437.34
2450.3
2420.99
2525.22
2489.27
2540.62
2536.04
2490.87
2473.53
2314.71
2465.68
2681.19
2397.68
2443.39
2301.93
2387.4
2450.5
2530.61
2546.01
2530.88
2349.78
2440.58
2455.61
2451.45
2380.32
2512.03
2516.44
2438.66
2282.79
2368.19
2405.84
2674.89
2537.16
2340.93
2406.04
2262.73
2605.58
2608.4
2403.08
2480.79
2363.74
2291.94
2233.19
2571.27
2470.89
2339.3
2312.05
2521.35
2343.98
2292.27
2437.54
2504.13
2572.2
2473.27
2392.99
2500.18
2365.68
2393.69
2461.38
2508.72
2287.67
2615.79
2449.46
2262.37
2341.62
2460.91
2585.65
2259.39
2504.17
2365.39
2615.75
2492.82
2472.98
2467.43
2334.81
2401.81
2521.17
2371.01
2348.01
2429.56
2467.28
2397.4
2532.49
2670.36
2443.06
2484.1
2389.9
2545.22
2276.9
2457.86
2462.36
2421.47
2372.81
2277.86
2564.63
2222.44
2252.45
2382.65
2385.21
2481.65
2466.79
2359.09
2395.28
2385.99
2446.34
2354.31
2388.27
2496.72
2402.03
2506.85
2412.63
2386.77
2342.25
2449.03
2500.3
2297.65
2323.93
2384.32
2442.85
2552.84
2356.17
2493.47
2672.01
2465
2380.84
2479.42
2314.23
2341.47
2377.84
2332.83
2571.98
2484.78
2598.14
2594.66
2562.8
2471.99
2577.27
2451.37
2571.42
2459.74
2437.25
2565.62
2482.05
2440.46
2431.31
2367.94
2224.48
2326.65
2499.13
2613.26
2449.34
2569.06
2427.47
2553.21
2457.89
2410.07
2469.5
2550.89
2224.82
2385.68
2417.13
2523.47
2553.19
2359.86
2480.9
2504.45
2505.89
2370.91
2332.9
2232.62
2370.62
2518.74
2504.5
2338
2591.19
2316.85
2450.13
2399.75
2464.32
2588.17
2474.06
2598.77
2487.57
2426.94
2449.32
2482.25
2431.87
2506.14
2415.28
2515.89
2503.45
2327.75
2445.54
2427.57
2482.52
2504.98
2502.71
2383.01
2587.37
2369.79
2462.45
2457.01
2407.89
2423.2
2433.94
2321.92
2265.33
2552.09
2427.73
2529.42
2715.46
2295.04
2310.88
2266.57
2408.28
2225.83
2517.56
2428.13
2510.48
2509.66
2293.55
2416.54
2259.82
2367.66
2390.14
2380.7
2269.67
2471.98
2505.36
2285.77
2523.91
2454.76
2422.76
2407.01
2465.75
2367.57
2480.45
2297.73
2363.08
2474.86
2477.97
2428.67
2567.03
2331.98
2180.46
2486.45
2439.52
2423.31
2158.58
2446.25
2457.9
2673.76
2380.63
2535.19
2384.4
2371.86
2452.97
2315.01
2440.84
2477.58
2406.71
2309.87
2485.14
2446.39
2320.19
2590.59
2543.58
2445.94
2291.55
2371.32
2583.91
2407.32
2383.65
2316.08
2302.58
2314.2
2419
2317.47
2266.68
2405.7
2457.49
2580.31
2509.71
2398.58
2537.79
2413.37
2322
2361.26
2247.8
2390.7
2378.07
2527.96
2469.42
2450.5
2420.37
2541.65
2441.77
2465.39
2353.89
2620.37
2530.5
2488.04
2397.05
2383.93
2380.57
2360.07
2501.94
2318.29
2505.13
2344.99
2650.56
2367.77
2509.82
2337.94
2422.72
2352.64
2320.08
2537.93
2486.77
2488.85
2492.51
2474.76
2476.6
2337.63
2331.62
2344.61
2356.72
2426.21
2595.46
2418.85
2616.86
2431.31
2505.86
2342.6
2495.71
2359.34
2486.49
2366.59
2453.84
2652.35
2702.87
2388.05
2385.15
2570.63
2389.27
2510.56
2475.35
2506.8
2509.68
2401.98
2437.23
2311.28
2486.49
2425.73
2389.48
2439.48
2404.7
2409.27
2488.22
2698.26
2377.07
2297.8
2244.82
2472.96
2544.3
2412.67
2433.47
2289.93
2496.42
2153.7
2451.94
2393.24
2490.99
2401.77
2587.07
2529.83
2361.04
2494.08
2343.01
2522.41
2475.23
2341.76
2459.63
2321.66
2456.15
2403.05
2466.93
2490.42
2361.8
2638.46
2233.41
2461.7
2437.27
2267.94
2431.68
2461.61
2425.41
2439.89
2400.17
2389.37
2305.68
2400.13
2496.97
2355.99
2416.41
2465.66
2448.53
2400.77
2415.68
2603.3
2274.56
2482.44
2464.93
2512.7
2406
2595.21
2305.2
2534.91
2283.95
2382.11
2503.85
2280.44
2562.77
2353.73
2447.12
2413.41
2326.7
2462.73
2358.38
2555.93
2429.11
2352.12
2704.77
2571.41
2418.96
2419.45
2664.26
2397.15
2614.99
2276.44
2513.17
2684.93
2532.35
2544.04
2469.23
2276.99
2359.01
2674.74
2534.49
2534.72
2485.49
2299.72
2421.19
2466.82
2342.32
2561.29
2388.24
2406.2
2376.37
2424.43
2604.08
2516.56
2532.98
2465.2
2372.77
2569.21
2627.3
2444.74
2432.84
2429.21
2426.71
2250.44
2584.55
2340.72
2309.35
2613.76
2489.92
2484.72
2496.67
2311.53
2187.57
2476.23
2591.09
2439.9
2580.55
2543.28
2358.77
2403.82
2433.14
2548.78
2552.71
2339.37
2384.44
2385.31
2545.26
2381.35
2271.8
2209.98
2339.54
2412.89
2442.5
2426.59
2464.18
2626.9
2431.01
2320.93
2483.14
2326.9
2346.7
2381.7
2514.51
2509.19
2325.95
2546.26
2505.33
2369.62
2334.7
2305.82
2501.5
2337.25
2424.22
2414.92
2367.27
2356.58
2357.26
2442.8
2419.62
2573.88
2376.19
2450.94
2390.9
2590.51
2307.51
2486.42
2660.01
2417.87
2465.68
2473.64
2277.29
2438.52
2560.95
2619.97
2419.49
2362.25
2526.39
2404.85
2543.73
2555.36
2436.33
2495.54
2307.2
2489.07
2343.25
2237.82
2348.27
2340.81
2335.33
2513.54
2413.87
2286.85
2406.49
2363.3
2336.2
2467.61
2334.94
2363.26
2496.89
2295.49
2409.71
2350.74
2312.24
2308.87
2376.06
2566.22
2456.1
2489.14
2562.34
2432.15
2432.27
2458.56
2325.19
2505.88
2445.99
2513.45
2548.51
2421.34
2499.63
2478.97
2411.84
2404.56
2445.54
2611.66
2559.92
2244.32
2481.13
2562.9
2446.56
2281.66
2460.09
2452.76
2397.89
2453.66
2328.07
2540.4
2592.03
2488.25
2469.44
2394.28
2393
2299.37
2656.7
2448.04
2380.44
2322.45
2380.49
2547.49
2434.29
2342.76
2482.79
2339.35
2322.24
2715.01
2498.59
2518.45
2488.58
2468.36
2291.49
2471.58
2522.9
2389.06
2336.46
2445.53
2423.89
2374.62
2412.22
2435.56
2394.06
2321.63
2609.44
2308.28
2623.57
2465.48
2632.11
2367.29
2275.67
2527.27
2223.15
2458.97
2292.58
2517.2
2354.06
2165.66
2269.47
2446.33
2250.54
2634.65
2477.64
2199.44
2487.69
2517.08
2335.07
2440.45
2367.2
2499.8
2396.42
2391.57
2551.52
2592.58
2661.52
2375.75
2186.16
2598.04
2321.16
2299.44
2378.72
2352.62
2593.19
2198.36
2426.71
2427.96
2531.04
2514.83
2500.14
2316.25
2398.66
2312.34
2592.54
2283.06
2312.48
2557.6
2463.86
2438.17
2398.56
2574.54
2456.23
2340.34
2407.27
2254.24
2491.19
2325.96
2386.97
2358.67
2444.92
2522.93
2345.81
2461.15
2287.49
2434.01
2505.47
2495.29
2425.81
2542.53
2378.43
2507.6
2364.8
2417.63
2435.23
2420.89
2537.97
2393.2
2407.96
2417.74
2439.7
2491.24
2557.43
2675
2395.09
2356.03
2511.51
2583.63
2278.98
2336.82
2411.1
2470.88
2413.34
2421.71
2279.44
2557.21
2392.1
2577.49
2447.54
2467.52
2360.95
2389.73
2307.82
2618.59
2390.75
2324.31
2556.44
2514.53
2631.61
2386.28
2371.4
2515.71
2512.96
2630.77
2407.83
2528.99
2337.08
2455.33
2568.95
2450.55
2219.77
2523.18
2277.7
2677.65
2381.43
2415.35
2405.72
2335.4
2298.92
2273.96
2302.48
2391.73
2570.58
2419.72
2341.35
2471.38
2498.02
2405.5
2436.01
2508.03
2192.62
2499.77
2495.15
2443.57
2371.04
2494.46
2425.61
2505.94
2403.25
2279.4
2199.19
2372.73
2339.1
2485.68
2326.57
2384.95
2342.17
2490.36
2638.46
2541.34
2402.78
2514.52
2483.61
2401.21
2549.07
2529.91
2197.95
2573.1
2472.2
2521.31
2301.92
2484.5
2443.15
2270.44
2364.04
2483.42
2431.13
2529.28
2523.39
2574.45
2435.26
2582.81
2510.47
2379.78
2452.09
2213.2
2415.43
2575.41
2547.88
2393.96
2419.06
2490.36
2515.59
2464.89
2601.48
2405.46
2337.33
2484.03
2427.65
2412.41
2529.25
2252.69
2650.07
2164.98
2459.95
2262.16
2338.07
2581.51
2462.4
2508.92
2509.41
2497.31
2508.4
2373.69
2528.74
2374.16
2594.35
2385.88
2518.1
2453.59
2292.51
2464.41
2219.11
2459.4
2327.76
2474.75
2484.13
2280.07
2414.22
2406.25
2333.9
2289.7
2411.39
2205.41
2413.25
2405.43
2420.39
2452.39
2567.51
2302.69
2546.26
2420.45
2445.69
2611.38
2464.92
2526.14
2458.21
2337.33
2436.41
2419.26
2191.38
2505.46
2347.75
2476.18
2448.92
2494.97
2657.56
2553.08
2573.67
2259.4
2661.45
2631.44
2322.44
2322.74
2427.32
2251.97
2497.81
2371.77
2243.57
2323.18
2714.53
2460.93
2345.35
2443.47
2388
2572.71
2412.83
2420.09
2566.81
2352.86
2214.06
2453.1
2360.66
2432.19
2484.51
2689.59
2341.24
2401.38
2503.18
2397.49
2322.42
2263.29
2434.39
2500.19
2432.36
2730.58
2392.44
2386.12
2339.56
2433.7
2426.64
2395.15
2425.28
2330.42
2328.99
2315.8
2459.68
2519.24
2506.2
2551.72
2512.26
2493.86
2589.44
2332.88
2271.86
2470.7
2360.66
2431.53
2566.8
2428.6
2338.17
2462.95
2592.4
2516.29
2331.66
2573
2316.22
2317.57
2406.66
2394.33
2478.73
2557.53
2525.29
2488.42
2385.83
2453.29
2442.4
2505.99
2500.76
2586.29
2243.85
2312.14
2567.02
2504.43
2481.8
2518.25
2453.76
2399.4
2392.01
2569.36
2443.4
2528.91
2642.99
2540.8
2419.24
2394.55
2430.69
2377.81
2658.42
2272.66
2432.84
2298.43
2325.38
2498.71
2354.25
2531.65
2545.15
2414.25
2460.9
2488.21
2414.94
2447.88
2467.66
2367.53
2405.08
2464.19
2320.37
2431.41
2363.69
2520.24
2546.67
2357.24
2313.65
2274.33
2319.61
2296.19
2508.87
2283.2
2558.5
2271.59
2445.2
2283.37
2555.35
2466.8
2471.93
2410.18
2389.61
2388.18
2463.14
2352.83
2450.01
2482.93
2435.21
2674.74
2379.83
2650.01
2398.8
2323.66
2226.44
2399.39
2502.07
2501.19
2440.38
2420.41
2403.68
2403.68
2344.06
2369.29
2376.09
2625.96
2428.76
2441
2444.46
2214.79
2541
2369.86
2385.62
2485.12
2591.01
2449.15
2376.38
2402.91
2002.87
2283.9
2534.96
2193.26
2354.94
2427.99
2404.76
2369.92
2472.56
2695.77
2522.96
2463.74
2455.53
2385.22
2205.89
2602.22
2393.97
2226.2
2667.27
2344.09
2641.2
2496.53
2394.29
2438.33
2457.08
2544.34
2526.18
2648.41
2332.56
2438.87
2419.54
2515.44
2408.13
2254.4
2453.91
2488.18
2348.21
2487.12
2458.85
2604.18
2288.06
2616.88
2367.93
2318.39
2464.57
2423.75
2471.29
2513.47
2229.32
2451.5
2335.37
2311.63
2655.2
2522.59
2371.42
2289.93
2290.53
2462.81
2447.8
2398.32
2563.5
2492.14
2357.86
2423.09
2458.31
2350.55
2408.25
2452.33
2303.86
2237.69
2318.82
2462.82
2517.34
2334.52
2577.09
2499.73
2356.24
2269.6
2211.93
2447.49
2524.93
2339.13
2458.31
2218.8
2485.48
2416.27
2533.45
2470.63
2234.57
2570.02
2356.43
2475.51
2452.11
2569.03
2381.11
2507.21
2408.37
2411.02
2361.87
2500.66
2263.75
2444.7
2435.05
2477.1
2425.38
2339.08
2559.69
2271.54
2327.54
2373.84
2461.43
2426.45
2395.82
2489.22
2265.98
2456.09
2428.25
2474.23
2327.98
2415.96
2458.56
2383.31
2491.8
2469.87
2511.03
2416.1
2568.7
2297.92
2651.95
2437.35
2629.19
2350.03
2354.67
2312.03
2294.65
2443.58
2465.1
2367.49
2579.27
2395.38
2391.34
2609.84
2489.23
2297.95
2416.62
2519.15
2417.74
2573.81
2388.31
2624.14
2587.35
2420.41
2517.6
2458.92
2269.15
2322.96
2488.27
2450.74
2453.59
2455.11
2288.73
2482.49
2349.25
2546.38
2373.63
2484.46
2450.69
2574.47
2352.59
2317.62
2472.99
2545.03
2523.47
2357.15
2561.84
2578.71
2413.68
2406.61
2298.12
2385.95
2514.77
2701.88
2563.33
2351.83
2416.57
2415.86
2435.04
2320.71
2429.98
2342.31
2395.88
2341.55
2294.87
2602.71
2605.57
2580.53
2299.75
2428.26
2363.91
2405.18
2312.2
2491.81
2226.78
2369.46
2422.49
2553.23
2376.23
2498.52
2315.06
2350.7
2470.46
2464.14
2342.49
2284.53
2358.03
2407.94
2593.56
2474.03
2399.47
2402.51
2597.87
2474.96
2485.99
2442.53
2314.45
2345.51
2278.72
2486.74
2295.39
2528.37
2448.84
2447.71
2458.17
2557.52
2492.84
2300.27
2410
2480.2
2520.33
2118.5
2590.47
2352.32
2459.49
2282.05
2335.33
2455.35
2433.25
2453.66
2462.66
2274.82
2515.08
2339.05
2526.12
2616.77
2392.28
2430.53
2433.81
2321.07
2394.99
2303.98
2401.16
2514.63
2438.75
2522.7
2441.2
2300.88
2562.78
2446.4
2515.28
2548.57
2377.57
2409.17
2410.41
2437.74
2463.16
2468.21
2627.64
2271.77
2582.98
2590.59
2330.42
2345.24
2530.62
2312.64
2525.27
2501.95
2368.9
2516.14
2505.3
2383.09
2458.01
2470.92
2427.5
2356.93
2377.01
2385.47
2425.34
2374.2
2360.49
2305.89
2487.9
2435.65
2457.96
2618.69
2380.16
2323.46
2329.05
2576.65
2415.23
2359.96
2585.94
2296.04
2559.39
2488.12
2428.78
2467.19
2206.6
2229.99
2426.28
2514.98
2343.03
2418.21
2499.17
2419.77
2601.18
2452.34
2493.98
2369.8
2459.63
2566.55
2322.3
2539.14
2128.13
2370.32
2524.58
2349.11
2413.32
2606.38
2358.38
2651.33
2383.69
2461.94
2571.18
2494.13
2286.95
2501.87
2303.65
2402.85
2361.47
2462.15
2515.79
2629.93
2387.02
2578.41
2457.19
2362.66
2305.42
2435.52
2430.18
2438.99
2511.59
2433.48
2472.2
2554
2471.26
2347.33
2267.97
2545.43
2552.19
2439.89
2542.55
2408.93
2394.2
2298.5
2479.35
2523.48
2448.79
2289.59
2358.64
2528.59
2414.31
2493.41
2299.94
2443.87
2208.32
2409.17
2602.49
2504.31
2446.63
2576.85
2354.84
2414.05
2367.3
2496.37
2246.92
2544.79
2468.76
2529.31
2410.3
2493.63
2574.82
2317.35
2398.12
2394.17
2573.72
2466.88
2280.91
2431.3
2494.87
2322.06
2521.41
2439.84
2359.32
2406.5
2532.92
2469.45
2286.89
2541.14
2453.22
2373.26
2467.41
2369.51
2353.37
2373.29
2336.25
2518.62
2523.04
2277.56
2437.61
2301.55
2251.15
2537.14
2560.3
2570.25
2348.47
2441.17
2444.8
2207.7
2390.32
2389.58
2401.09
2455.37
2533
2717.1
2493.65
2465.77
2579.3
2617.63
2627.11
2461.5
2431.53
2298.93
2575.92
2729.63
2474.07
2340.14
2511.39
2377.22
2584.58
2407.51
2665.9
2535.48
2485.22
2234.24
2499.91
2550.24
2295.21
2474.39
2416.14
2425.06
2445.33
2472.76
2479.27
2383.77
2330.19
2309.74
2463.35
2458.56
2358.39
2368.2
2545.66
2371.44
2442.12
2416.45
2629.45
2498.06
2495.76
2399.12
2401.9
2395.64
2249.22
2560.07
2308.29
2457.19
2300.4
2334.8
2469.29
2418.98
2383.77
2471.52
2352.95
2419.8
2357.46
2594.88
2410.38
2402.47
2451.5
2311.11
2478.37
2395.52
2564.3
2450.64
2310.93
2512.62
2405.71
2455.94
2371.97
2403.03
2399.42
2316.3
2476.02
2496.13
2620.32
2400.21
2499.98
2432.22
2523.45
2354.02
2470.06
2372.37
2282.71
2361.48
2496.6
2401.64
2574.69
2370.82
2354.11
2293.05
2506.8
2275.62
2312.64
2258.44
2477.83
2464.9
2500.31
2694.65
2418.91
2455.43
2336.49
2497.41
2541.81
2472.95
2411.35
2397.12
2314.1
2330.68
2320.64
2544.55
2400.05
2393.95
2442.98
2429.59
2341.73
2453.34
2304.09
2347.52
2414.2
2380.7
2370.51
2462.11
2348.47
2359.33
2515.1
2506.41
2214.17
2381.48
2529.12
2517.46
2376.56
2492.45
2325.01
2466.08
2452.42
2574.83
2381.23
2444.8
2459.08
2359.69
2498.28
2462.82
2504.12
2392.25
2393.92
2463.78
2446.89
2280.66
2523.5
2473.48
2387.04
2524.75
2626.86
2234.15
2455.24
2408.04
2631.31
2407.59
2588.57
2550.21
2227.65
2322.1
2324.32
2496.12
2409.7
2521.76
2400.9
2536.68
2283.59
2452.41
2420.52
2442.67
2476.85
2345.75
2289.47
2529.41
2482.2
2376.12
2288.44
2451.13
2501.31
2492.84
2345.63
2519.97
2538.71
2426.98
2484.59
2306.51
2465.23
2227.08
2442.21
2461.01
2412.85
2535.72
2483.39
2432.94
2353.2
2692.12
2539.97
2441.63
2300.04
2252.37
2507.39
2419.55
2428.61
2399.28
2400.04
2627.43
2404.13
2408.53
2334.7
2545.32
2556.53
2481.5
2348.72
2404.76
2561.21
2323.32
2376.35
2398.83
2381.27
2401.29
2377.32
2481.9
2540.12
2455.36
2585.62
2446.17
2558.38
2329.63
2253.77
2506.91
2367.71
2471.86
2306.89
2335.95
2410.13
2228.91
2315.01
2506.24
2540.15
2390.6
2251.61
2262.75
2414.51
2473.77
2319.64
2513.87
2375.2
2377.1
2321.86
2744.96
2358.92
2403.95
2548.71
2430.45
2172.75
2358.19
2525.71
2405.88
2564.9
2251.83
2488.56
2425.07
2479.26
2457.49
2463.95
2328.37
2427.52
2256.56
2451.18
2491.52
2364.85
2706.68
2647.08
2396.46
2570.94
2336.28
2671.89
2516.65
2474.46
2367.85
2407.84
2363.64
2361.04
2368.95
2373.4
2423.14
2415.88
2212.75
2460.67
2355.29
2559.37
2414.01
2400.4
2444.08
2299.35
2360.25
2365.04
2579.75
2624.1
2488.41
2328.65
2502.66
2446.03
2556.05
2473.64
2428.57
2446.86
2285.99
2515.75
2499.4
2596.93
2466.24
2467.22
2416.32
2563.21
2468.49
2433.93
2379.31
2487.65
2296.92
2544.47
2460.83
2323.14
2518.33
2433.2
2593.18
2377.2
2336.32
2403.43
2336.75
2342.99
2459.39
2457.87
2411.14
2390.71
2292.62
2319.61
2329.61
2348.43
2393.25
2485.87
2460.97
2397.21
2621.8
2457.29
2593.07
2292.17
2501.46
2477.98
2446.81
2473.25
2178.11
2250.31
2395.56
2380.42
2352.59
2352.36
2530.67
2409.27
2419.67
2344.07
2448.42
2416.93
2344.81
2576.7
2652.92
2379.58
2435.45
2272.74
2442.03
2336.27
2447.11
2312.53
2690
2351.31
2247.57
2297.07
2483.17
2366.69
2620.44
2303.82
2318.06
2408.93
2242.06
2343.69
2472.77
2262.92
2588.78
2415.8
2449.66
2316.87
2357.12
2637.4
2582.86
2389.31
2523.91
2339.94
2471.89
2378.79
2358.23
2478.72
2429.02
2468.53
2376.55
2568.43
2470.33
2434.11
2248.46
2295.66
2424.01
2491.56
2356.66
2397.73
2680.84
2459.34
2414.89
2437.04
2457.68
2650.77
2442.75
2588.34
2491.11
2474.05
2462.17
2473.92
2502.08
2523.3
2533.63
2420.12
2549.17
2329.66
2503.45
2349.77
2469.76
2431.33
2654.93
2287.55
2419.06
2499.93
2448.05
2328.23
2423.89
2322.38
2372.6
2323.09
2555.63
2206.9
2508.36
2318.37
2378.34
2346.07
2541.59
2584.67
2196.3
2382.56
2400.23
2399.89
2360.56
2368.2
2367.92
2390.28
2461.53
2522.54
2353.34
2327
2356.6
2398.26
2482.91
2424.07
2351.7
2483.43
2541.3
2460.46
2634.87
2405.69
2289.46
2474.77
2329.43
2326.75
2532.11
2471.03
2532.4
2238.29
2477.74
2371.62
2485.9
2285.33
2278.38
2297.34
2398.06
2377.55
2289.28
2391.6
2271.4
2582.55
2526.7
2408.33
2449.95
2280.64
2517.02
2509.05
2686.09
2450.17
2510.7
2575.54
2417.11
2526.91
2490.53
2368.99
2350.9
2308.48
2501.57
2553.02
2519.19
2346.61
2467.22
2470.14
2637.24
2505.83
2410.8
2351.48
2407.39
2330.65
2437.1
2328.78
2226.34
2384.73
2481.58
2407.93
2503.69
2463.2
2546.18
2454.61
2292.16
2387.73
2242.5
2305.21
2335.71
2345.95
2402.44
2375.49
2671.63
2537.18
2437.17
2491.44
2536.7
2493.95
2364.68
2364.1
2329.39
2474.71
2432.12
2340.1
2250.81
2511.69
2482.02
2395.73
2276.07
2554.4
2237.08
2287.03
2325.19
2410.73
2474.73
2325.44
2471.88
2489.63
2398.41
2313.66
2649.88
2513.56
2462.41
2438.16
2435.05
2385.61
2419.78
2405.09
2329.67
2474.15
2488.06
2400.25
2420.25
2336.5
2417.89
2650.21
2442.34
2464.78
2325.53
2388.11
2394.5
2307.58
2353.19
2503.27
2560.27
2588.89
2456.21
2375.74
2501.3
2502.34
2472.03
2309.55
2416.79
2419.91
2416.8
2470.18
2693.84
2591.71
2294.36
2615.83
2461.64
2569.69
2424.58
2489.85
2546.75
2640.56
2425.81
2457.97
2223.76
2230.3
2455.49
2356.98
2464.74
2328.42
2563.79
2386.83
2572.27
2341.04
2409.49
2373.88
2433.54
2553.48
2395.04
2504.78
2381.66
2535.76
2500.93
2505.08
2374.61
2426.36
2525.06
2700.39
2377.93
2399.69
2545.46
2456.99
2180.38
2487.62
2385.55
2540.67
2447.06
2471.45
2500.53
2568.63
2420.87
2367.63
2315.36
2516.94
2337.19
2401.67
2608.13
2627.99
2285.66
2496.35
2507.42
2538.44
2377.52
2436.28
2460.59
2412.31
2442.84
2483.68
2386.24
2396.27
2457.18
2436.98
2610.13
2319.82
2466.57
2391.89
2450.81
2534.36
2353.42
2351.15
2537.41
2496.04
2546.72
2429.39
2440.84
2352
2368.35
2228.07
2555.55
2461.12
2584.05
2455.87
2508.63
2386.63
2330.93
2507.18
2591.34
2500.65
2481.46
2415.21
2289.03
2258.51
2487.7
2504.08
2460.27
2499.76
2425.88
2394.61
2295.35
2405.28
2503.9
2442.27
2628.41
2498.4
2257.7
2311.02
2300.55
2547.45
2577.18
2490.69
2486.79
2424.55
2482.93
2614.54
2565.69
2542.54
2482.71
2484.73
2312.35
2487.11
2386.16
2453.2
2307.69
2386.34
2394.73
2271.26
2403.1
2309.65
2376.72
2276.9
2315.93
2381.2
2333.92
2450.33
2440.49
2459.94
2396.54
2475.21
2476.97
2376.05
2443.75
2423.64
2419.4
2398.34
2379.05
2352.18
2539.84
2441.38
2485.55
2458.05
2342.45
2391.08
2494.31
2286.32
2246.84
2335.25
2475.26
2392.81
2524.97
2604.7
2609.04
2390.62
2349.5
2433.36
2761.79
2464.7
2404.11
2522.53
2289.97
2435.42
2335.23
2459.56
2637.01
2283.64
2455.59
2409.45
2269.09
2613.14
2470.51
2294.25
2337.32
2517.31
2407.72
2607.84
2409.32
2200.56
2435.29
2576.09
2561.79
2461.95
2552.28
2476.25
2296.47
2377.08
2488.89
2435.7
2291.46
2214.07
2475.83
2172.72
2608.89
2478.39
2303.29
2411.83
2341.6
2356
2512.49
2330.84
2497.78
2434.73
2411.88
2238.54
2549.72
2526.85
2476.43
2287.84
2506.62
2408.09
2505.89
2404.06
2348.75
2621.85
2386.42
2453.14
2414.15
2503.69
2518.07
2401.84
2417.49
2422.15
2592.23
2261.64
2546.2
2552.52
2268.66
2421
2455.78
2444.54
2528.87
2412.27
2275.98
2511.36
2366.35
2482.99
2412.81
2319.7
2548.62
2594.42
2519.43
2413.77
2382.57
2288.39
2281.11
2433.62
2350.83
2366.2
2513.74
2500.64
2519.99
2507.15
2482.79
2409.3
2355.96
2387.41
2257.55
2315.66
2237.59
2628.56
2315.62
2650.35
2640.73
2447.18
2426.05
2492.41
2295.75
2401.01
2375.04
2560.41
2406.78
2499.69
2389.06
2648.6
2424.75
2408.75
2685.99
2399.1
2375.43
2304.87
2412.66
2268.44
2385.78
2444
2565.92
2315.26
2590.12
2499.34
2451.74
2565.24
2574.8
2455.95
2180.12
2279.67
2513.57
2319.61
2706.52
2364.2
2539.08
2484.51
2338.98
2410.11
2385.54
2432.96
2416.27
2416.23
2416.51
2518.97
2368.9
2305.74
2350.8
2354.65
2702.1
2375.73
2485.99
2422.6
2365.99
2446.59
2547.23
2386.65
2552.01
2470.06
2465.79
2572.04
2474.67
2445.16
2351.42
2371.42
2494.54
2355.18
2367.99
2549.31
2444.91
2354
2466.32
2411.23
2538.06
2442.54
2503.94
2382.24
2254.59
2340.65
2467.65
2530.52
2330.01
2433.67
2464.71
2438.36
2606.11
2296.49
2466
2249.58
2226.07
2470.93
2284.82
2403.81
2451.04
2451.99
2361.05
2232.02
2323.32
2422.13
2342.02
2544.99
2394.79
2491.8
2293.65
2543.53
2476.49
2462.55
2478.75
2421.62
2325.89
2423.39
2578.45
2409.18
2448.03
2396.49
2462.94
2343.32
2502.4
2332.19
2512.68
2520.58
2603.71
2517.94
2184.25
2584.23
2471.46
2655.44
2463.46
2545.66
2344.28
2460.51
2570.34
2334.98
2294.56
2687.36
2358.38
2403.02
2364.97
2453.36
2348.33
2378.05
2431.23
2560.47
2413.6
2303.91
2449.13
2247.99
2171.93
2363.73
2422.04
2507.63
2511.82
2473.88
2493.64
2496.81
2376.1
2450.59
2151.28
2612.66
2501.63
2349.83
2410.39
2344.99
2516.84
2446.87
2483.39
2425.95
2488.91
2503.45
2341.75
2481.71
2252.16
2329.39
2419.48
2491.23
2455.98
2497.56
2305.4
2343.46
2440.22
2402.4
2404.7
2363.72
2450.16
2297.06
2549.23
2414.57
2256.89
2348.99
2485.13
2562.45
2446.13
2675.28
2415.46
2566.22
2306.1
2494.97
2478.3
2557.43
2325.83
2412.48
2559.53
2305.02
2429.37
2311.66
2514.31
2464.57
2532.74
2465.82
2413.7
2645.97
2375.3
2613.65
2496.12
2554.23
2243.23
2392.02
2538.72
2507.64
2576.93
2431.32
2414.85
2362.97
2356.55
2509.95
2464.57
2408.88
2436.5
2315.05
2454.75
2304.08
2396.93
2437.49
2552.45
2365.69
2536.4
2250.09
2297.72
2461.72
2501.57
2475.72
2508.15
2447.43
2393.28
2403.27
2389.29
2395.01
2273.03
2305.65
2552.29
2379.55
2359.95
2378.14
2422.4
2260.7
2473.32
2347.06
2537.67
2408.98
2435.79
2427.16
2427.08
2452
2370.43
2502.09
2607.82
2601.35
2474.58
2469.4
2352.2
2425.46
2329.34
2556.11
2418.63
2182.21
2443.27
2380.5
2441.91
2433.76
2601.84
2578.41
2424.31
2278.17
2566.99
2331
2309.15
2462.02
2423.87
2588.64
2376.85
2349.8
2472.22
2433.61
2420.3
2360.72
2532.31
2222.49
2646.93
2363.06
2234.31
2347.12
2422.41
2275.89
2349.09
2530.8
2459.92
2391.27
2437.81
2475.77
2167.8
2428.16
2343.6
2429.21
2545.98
2409.3
2508.66
2540.63
2476.51
2345.52
2401.17
2275.69
2420.28
2667.5
2499.52
2392.59
2292.13
2396.44
2321.2
2295.15
2405.18
2333.64
2420.2
2474.31
2364.22
2431.12
2386.02
2444.06
2595.17
2544.73
2316.67
2344.88
2263.44
2346.81
2375.54
2379.09
2347.16
2372.73
2478.12
2469.16
2329.63
2452.8
2408.74
2332.88
2416.66
2407.14
2427.08
2673.56
2395.93
2444.47
2489.95
2353.92
2498.11
2375.92
2405.06
2404.15
2400.69
2581.23
2274.67
2383.04
2521.59
2469.25
2458.94
2360.02
2287.65
2395.17
2465.51
2439.24
2650.31
2535.76
2360.35
2466.59
2351.72
2532.63
2546.69
2458.91
2298.33
2472.2
2654.46
2623.47
2425.96
2468.61
2530.94
2338.9
2467.72
2372.45
2480.71
2710.61
2448.29
2423.87
2153.06
2586.84
2423.05
2422.4
2319.1
2436.24
2436.04
2394.87
2549.74
2343.64
2465.95
2316.68
2447.6
2399.56
2406.21
2300.15
2386.53
2606.2
2538.2
2375.54
2407.46
2577.51
2306.29
2518.15
2521.37
2535.89
2324.54
2348.26
2330.39
2538.07
2425.37
2551.87
2565.59
2508.58
2361.36
2500.94
2385.47
2314.44
2535.93
2430.85
2378.95
2456.34
2431.57
2410.49
2392.06
2515.25
2535.34
2316.56
2506.74
2464.79
2439.51
2337.02
2557.19
2408.7
2378.8
2486.75
2461.56
2555.72
2279.77
2315.38
2483.13
2359.58
2413.25
2483.65
2295.81
2438.12
2439.19
2247.93
2449.74
2697.38
2350
2355.34
2351.36
2425.76
2581.97
2317.49
2462.41
2260.55
2535.27
2480.29
2630.66
2587.4
2419.66
2289.59
2445.76
2537.61
2564.68
2345.91
2259.64
2509.12
2429.47
2319.33
2567.72
2379.72
2306.76
2412.42
2482.89
2578.46
2344.15
2373.42
2233.51
2346.36
2361.22
2516.42
2442.24
2679.42
2362.94
2371.18
2477.24
2380.7
2542.34
2467.1
2377.54
2470.64
2448.51
2567.85
2630.63
2477.65
2406.59
2386.71
2454.7
2440.67
2632.84
2579.38
2663.69
2480.76
2332.75
2498.69
2307.27
2465
2401.84
2578.95
2653.13
2254.85
2502.1
2537.63
2385.95
2599.24
2338.49
2391.66
2435.59
2533.94
2517.23
2319.14
2279.28
2387.82
2441.4
2378.14
2611.28
2747.35
2550.23
2376.18
2474.97
2615.99
2373.56
2489.32
2337.02
2478.85
2391.15
2517.5
2653.02
2519.12
2294.73
2595.52
2300.42
2104.95
2379.46
2376.5
2444.26
2385.69
2376.97
2455.08
2476.51
2430.88
2517.66
2562.02
2292.27
2530.22
2504.28
2397.27
2407.31
2542.98
2336.33
2506.18
2353.64
2427.26
2332.13
2364.13
2743.72
2623.47
2381.77
2401.62
2495.71
2395.06
2464.7
2297.56
2246.54
2392.34
2449.26
2514.38
2344.4
2370.57
2354.39
2312.46
2470.68
2258.92
2255.5
2645.71
2202.6
2410.52
2376.79
2375.42
2551.73
2588.36
2427.85
2315.94
2558.82
2494.06
2463.15
2210.73
2355.41
2372.11
2488.37
2323.66
2420.69
2291.91
2514.18
2530.43
2559.09
2315.26
2361.03
2636.78
2340.45
2304.35
2315.84
2409.07
2489.72
2428.64
2475.01
2343.55
2439.11
2420.5
2334.27
2393.81
2480.91
2374.96
2487.03
2337.31
2405.66
2303.83
2417.1
2341.07
2284.65
2404.45
2423.84
2513.39
2451.02
2460.91
2449.11
2426.32
2415.2
2430.98
2528.07
2507.4
2236.52
2352.91
2337.95
2437.02
2364.63
2289.74
2418.2
2486.71
2299.21
2268.83
2376.88
2402.15
2300.06
2353.18
2480.52
2596.08
2478.36
2362.2
2606.13
2495.17
2352.61
2418.1
2544.82
2392.77
2480.52
2488.26
2458.59
2557.37
2608.4
2716.43
2528.14
2466.06
2539.5
2496.44
2452.36
2497.4
2441.85
2431.92
2566.55
2384.81
2557.69
2346.4
2347.63
2590.56
2414.82
2471.2
2506.77
2392.28
2559.39
2327.87
2539.27
2400.29
2250.79
2388.56
2428.67
2322.41
2419.89
2306.67
2539.67
2349.68
2281.54
2498.33
2449.66
2622.72
2406
2421.72
2358.35
2322.23
2452.96
2551.26
2667.42
2497.47
2553.59
2405.35
2501.08
2588.76
2486.48
2359.64
2449.76
2414.21
2440.65
2194
2480.41
2710.66
2512.96
2246.18
2431.39
2421.61
2408.71
2349.64
2262.89
2466.85
2529.02
2591.96
2500.87
2362.99
2319.31
2334.12
2475.85
2447.26
2390.84
2368.36
2284.05
2429.73
2386.65
2357.81
2465.92
2602.23
2429.03
2604.14
2519.5
2376.61
2675
2377.53
2501.07
2548.34
2521.19
2533.39
2539.17
2386.02
2422.75
2511.5
2369.07
2451.64
2396.03
2536.33
2490.02
2553.03
2478.84
2443.74
2261.98
2308.15
2274.9
2426.44
2366.75
2453.54
2422.44
2633.54
2446.35
2294.42
2431.51
2436.15
2545.93
2585.18
2550.48
2280.26
2434.3
2302.02
2432.05
2415.61
2416.53
2632.48
2575.71
2233
2366.65
2395.24
2426.62
2434.37
2333.86
2553.92
2461.36
2426.22
2417.12
2387.23
2286.72
2490.75
2288.7
2484.91
2321
2451.95
2515.07
2264.23
2445.38
2278.35
2435.54
2531.83
2423.99
2464.46
2462.78
2521.52
2392.48
2378.39
2337.77
2221.22
2374.64
2445.13
2300.87
2521.17
2544.04
2317.56
2440.58
2575.08
2496.85
2444.09
2421.75
2403.38
2556.39
2518.6
2340.21
2361.67
2252.83
2307.83
2450.24
2466.87
2575.35
2424.35
2453.41
2530.21
2433.34
2307.41
2537.83
2519.71
2546.96
2454.14
2533.73
2534.96
2441.66
2353.86
2238.69
2525.96
2287.31
2524.67
2274.66
2560.9
2373.08
2670.1
2362.07
2492.89
2332.54
2436.13
2379.82
2443.11
2402.81
2563.02
2349.38
2308.51
2298.9
2259.72
2430.88
2418.38
2330.07
2405.29
2384.14
2483.25
2649.5
2445.47
2669.88
2315.34
2431.96
2375.51
2454.21
2544.63
2437.38
2447.61
2328.16
2473.62
2440.31
2481.37
2317.36
2307.41
2349.54
2635.21
2433.48
2493.69
2378.93
2335.02
2430.34
2383.72
2446.35
2502.14
2259.62
2579.11
2503.02
2547.54
2361.17
2427.01
2262.95
2477.95
2466.52
2423.37
2604.67
2450.01
2480.57
2526.9
2355.62
2317.22
2475.91
2430.9
2459.24
2592.65
2343.49
2424.95
2317.63
2560.39
2380.55
2377.91
2249.96
2464.63
2354.79
2426.33
2588.47
2502.49
2105.78
2472.14
2519.78
2408.42
2419.88
2310.73
2497.37
2450.02
2298.27
2263.23
2391.72
2607.85
2344.87
2274.89
2450.31
2382.61
2232.71
2265.87
2292.35
2508.73
2586.25
2547.76
2426.44
2310.14
2356.11
2298.23
2315.64
2358.95
2350.3
2601.11
2365.62
2346.1
2404.03
2414.92
2313.96
2266.14
2526.65
2728.44
2273.8
2542.67
2314.54
2412.58
2416.59
2338.71
2531.4
2497.03
2404.05
2520
2422.38
2492.22
2388.92
2418.9
2362.25
2492.03
2402.21
2310.1
2573.31
2361.71
2505.14
2430.4
2472.54
2442.15
2295.04
2559.24
2263.53
2434.49
2452.61
2512.77
2373.58
2395.67
2483.05
2416.22
2454.45
2512.86
2513.33
2291.28
2552.24
2320.45
2490.26
2285.33
2214.1
2429.01
2382.53
2231.52
2332.93
2416.8
2399.17
2647.6
2415.56
2552.38
2715.44
2348.89
2440.66
2550.41
2516.68
2309.11
2242.19
2529.24
2449.33
2537.27
2591.12
2354.15
2458.41
2406.64
2473.49
2364.61
2632.25
2424.52
2207.01
2364.94
2345.59
2485.11
2378.43
2162.17
2554.33
2534.81
2273.65
2411.92
2516.46
2476.46
2356.87
2411.94
2630.83
2568.41
2470.56
2567.47
2440.54
2400.32
2559.94
2348.01
2510.08
2392.01
2492.85
2416.61
2572.97
2370.41
2349.05
2497.16
2364.82
2339.55
2476.33
2382.26
2518.09
2417.28
2495.8
2531.98
2557.78
2663.5
2397.71
2449.82
2359.57
2423.08
2314.77
2310.66
2357.95
2640.89
2662.75
2390.76
2396.26
2292.5
2414.22
2287.35
2426.99
2488.16
2504.55
2460.07
2395.62
2383.96
2668.89
2271.12
2523.33
2341.11
2413.75
2491.46
2480.14
2424.06
2387.08
2375.48
2364.51
2422.86
2391.93
2268.78
2410.84
2676.74
2437.08
2382.3
2479.24
2626.03
2579.23
2309.39
2467.52
2396.39
2490.03
2251.86
2562.26
2382.07
2479.35
2476.92
2550.99
2203.13
2370.79
2422.62
2392.54
2505.15
2535.91
2343.95
2428.23
2389.02
2410.22
2383.58
2320.4
