2355.61
2549.04
2360.68
2293.95
2415.2
2419.62
2305.44
2288.93
2406.41
2227.21
2314.94
2304.58
2240.8
2165.43
2312.86
2184.5
2532.15
2323.3
2229.7
2397.55
2200.62
2254.92
2257.52
2335.84
2412.97
2233.61
2324.2
2389.63
2378.84
2512.74
2281.64
2252.77
2215.68
2414.59
2356.32
2161.19
2182.43
2339.9
2348
2304.77
2360.14
2322.29
2336.21
2166.93
2308.52
2381.89
2392.39
2184.19
2443.04
2362.93
2342.97
2248.13
2352.27
2376.07
2334.12
2326.51
2345.92
2349.48
2244.94
2355.8
2368.49
2393.22
2295.26
2175.38
2147.26
2201.41
2220.57
2328.94
2367.2
2226.14
2227.61
2353.78
2286.58
2342.88
2219.15
2345.66
2375.46
2341.6
2242.73
2335.39
2546.53
2193.39
2373.29
2255.34
2318.48
2327.66
2335.09
2352.56
2489.22
2459.2
2374.61
2268.16
2422.11
2300.54
2480.14
2322.1
2630.8
2318.04
2370.1
2471.84
2170.75
2296.5
2435.25
2520.94
2334.49
2262
2286.57
2438.29
2170.17
2362.39
2428.7
2309.26
2188.05
2202.13
2457.47
2450.46
2106.42
2295.02
2458.9
2284.81
2283.78
2394.32
2282.53
2293.67
2533.61
2265.43
2355.25
2246.14
2402.96
2317.63
2399.2
2255.57
2206.34
2361.72
2295.24
2357.02
2235.36
2430.97
2194.18
2424.36
2269.46
2379.75
2205.81
2254.29
2332.98
2242.81
2255.2
2335.68
2364.4
2337.32
2252.65
2342.77
2341.12
2532.1
2474.63
2317.46
2308.43
2252.8
2399.9
2214.87
2356.17
2316.92
2363.2
2480.59
2192.21
2310.21
2320
2320.75
2434.07
2406.42
2303.85
2148.97
2205.44
2294.42
2384.96
2379.87
2352.68
2183.81
2356.8
2339.43
2188.51
2353.64
2178.75
2393.81
2310.54
2473.74
2367.22
2325.72
2309.35
2387.3
2284.7
2468.44
2207.85
2299.5
2194.3
2365.1
2189.13
2420.86
2475.52
2213.49
2076.17
2187.73
2356.19
2404.77
2369.28
2252.72
2310.66
2206.51
2397.35
2392.67
2313.05
2093.07
2177.18
2324.12
2383.48
2259.24
2193.08
2313.45
2355.99
2270.36
2459.84
2449.87
2297.91
2331.62
2266.54
2483.88
2408.16
2410.84
2373.85
2280.31
2331.11
2463.78
2338.21
2228.77
2415.45
2404.83
2374.93
2446.64
2347.34
2373.65
2219.04
2321.72
2277.86
2107.29
2292.23
2332.85
2603.21
2219.97
2378.97
2425.48
2187.05
2301.46
2179.09
2427.32
2136.49
2309.93
2383.21
2265.48
2320.3
2257.47
2311.39
2451.34
2287.95
2223.38
2118.04
2298.99
2428.61
2349.61
2223.29
2339.82
2280.61
2446.58
2381.33
2310.19
2545.68
2357.16
2420.48
2135.2
2380.16
2169.81
2438.05
2383.7
2356.01
2248.01
2216.36
2416.84
2235.2
2183.59
2289.1
2550.82
2370.7
2377.17
2358.05
2363.07
2356.32
2339.02
2145.51
2358.08
2286.33
2496.46
2383.98
2296.85
2343.41
2346.06
2077.08
2129.57
2460.94
2360.86
2190.74
2354.27
2334.18
2301.12
2268.51
2417.3
2470.18
2402
2299.33
2400.5
2429.43
2343.19
2345.02
2170.26
2579.66
2252.01
2342.19
2352.52
2300.11
2269.2
2437.15
2118.94
2224.08
2267.29
2380.48
2290.83
2351.31
2244.34
2277.66
2028.98
2123.4
2266.46
2319.98
2180.19
2270.65
2299.32
2253.02
2429.28
2390.04
2528.62
2437.03
2325.18
2448.12
2428.91
2425.48
2333.22
2438.77
2307.89
2343.16
2362.2
2214.38
2395.57
2289.6
2349.51
2281.14
2459.33
2205.17
2478.88
2383.64
2293.48
2358.74
2393.39
2330.39
2313.77
2355.3
2429.46
2502.21
2501.51
2300.02
2266.66
2417.28
2215.56
2259.39
2366.79
2240.37
2389.11
2198.86
2258.04
2291.43
2384.71
2204.02
2303.51
2354.92
2374.27
2372.79
2438.18
2388.49
2423.1
2274.74
2230.32
2272.27
2212.7
2271.17
2301.56
2121.5
2427.6
2235.51
2138.07
2287.85
2393.45
2420.06
2421.05
2049.41
2402.44
2320.14
2259.42
2350.7
2361.56
2288.56
2425.27
2231.58
2358.03
2307.26
2436.54
2462.58
2512.29
2601.47
2234.67
2347.58
2255.24
2392.93
2177.1
2482.89
2471.2
2364.99
2358.25
2279.31
2211.84
2304.91
2235.87
2521.43
2524.09
2258.69
2234.22
2571.96
2429.9
2220.57
2418
2264.45
2180.58
2213.57
2507.63
2445.71
2388.57
2197.67
2073.58
2419.35
2327.69
2308.58
2324.91
2289.41
2298.63
2233.55
2188.01
2222.45
2212.72
2451.24
2406.64
2325.11
2338.2
2126.22
2289.62
2216.88
2300.25
2353.1
2352.07
2289.19
2323.62
2396.25
2291.14
2242.37
2333.78
2330.49
2389.44
2164.44
2439.1
2286.68
2295.2
2418.26
2149.34
2372.91
2400.19
2340.05
2414.85
2170.32
2334.23
2279.68
2229.65
2230.97
2128.89
2531.46
2429.66
2184.47
2437.51
2303.99
2312.01
2339.08
2455.31
2340.98
2386.49
2455.57
2308.59
2270.06
2349.67
2369.58
2433.52
2181.82
2173.87
2126.65
2313.31
2417.41
2267.59
2346.21
2336.42
2390.64
2358.97
2400.22
2252.53
2414.98
2345.65
2150.31
2376.21
2126.24
2247.53
2341.92
2497.02
2236.11
2420.3
2284.42
2390.17
2333.27
2373.48
2263.55
2353.34
2169.55
2302.98
2410.36
2273.7
2407.99
2332.01
2546.32
2408.79
2384.54
2428.72
2262.51
2410.97
2294.84
2534.89
2261.51
2438.06
2450.48
2321.31
2381.55
2325.05
2431.7
2479.6
2349.3
2266.43
2336.93
2355.82
2506.3
2097.7
2340.16
2296.88
2337.05
2314.81
2458.49
2218.88
2318.34
2368.34
2165.54
2406.41
2157.11
2202.24
2426.86
2288.19
2134.79
2421.27
2361.99
2355.59
2373.21
2195.98
2383.76
2414.61
2436.49
2469.09
2171.72
2375.83
2515.41
2351.02
2487.97
2379.89
2318.75
2279.25
2273.95
2573.91
2281.44
2336.45
2425.63
2287.38
2346.22
2433.7
2462.97
2301.01
2475.85
2459.38
2338.22
2271.98
2297.05
2237.2
2092.36
2412.92
2483.82
2442.27
2554.6
2276.87
2372.7
2354.29
2445.1
2317.82
2226.9
2246.05
2362.14
2365.78
2403.5
2427.61
2327.64
2215.97
2216.36
2364.07
2435.9
2234.58
2246
2430.01
2345.27
2309.32
2384.94
2451.74
2316.71
2412.31
2330.56
2339.75
2155.48
2315.79
2268.63
2423.15
2285.82
2272.19
2343.55
2316.29
2365.84
2236.89
2314.38
2418.33
2436.69
2361.91
2241.42
2448.74
2064.2
2513.45
2248.77
2376.57
2179.16
2346.74
2253.3
2365.58
2112.32
2307.33
2305.89
2446.84
2299.74
2601.92
2175.79
2337.09
2381.41
2452.06
2386.16
2315.99
2308.4
2472.03
2400.32
2329.21
2270.65
2445.23
2241.12
2299.95
2262.12
2170.47
2158.13
2190.76
2312.43
2543.13
2303.07
2331.62
2265.77
2335.15
2131.31
2261.28
2411.51
2422.18
2303.49
2309.76
2156.69
2285.63
2447.56
2212.8
2274.76
2192.36
2228.32
2393.05
2409.84
2349.46
2590.8
2337.32
2235.33
2334.59
2335.49
2330.6
2453.56
2356.73
2322.94
2206.51
2435.83
2436.65
2185.56
2457.05
2427.78
2292.65
2327.01
2463
2201.04
2546.78
2399.67
2154.24
2332.57
2340.99
2372.98
2431.04
2125.45
2364.42
2238.71
2298.64
2178.11
2301.05
2230.02
2324.31
2196.49
2400.71
2219.21
2166.74
2268.44
2282.67
2298.54
2347.88
2323.37
2306.6
2485.67
2366.18
2318.68
2447.5
2328.66
2355.82
2272.26
2436.23
2425.73
2362.98
2420.32
2254.19
2365.85
2408.44
2144.75
2240.28
2319.57
2391.4
2417.16
2302.78
2312.06
2328.39
2246.02
2302.73
2444.33
2196.08
2301.03
2337.34
2293.95
2597.91
2361.54
2452.38
2397.87
2380.05
2129.02
2229.83
2324.07
2342.17
2456.95
2355.88
2252.54
2140.32
2310.86
2264.71
2380.3
2355.63
2546.96
2253.96
2369.06
2389.91
2284.15
2373.78
2395.12
2448.47
2237.9
2237.38
2277.54
2379.53
2312.21
2140.39
2151.16
2196.53
2112.78
2300.77
2423.99
2328.03
2181.08
2331.96
2356.09
2195.29
2346.67
2415.61
2226.04
2292.59
2372.3
2247.03
2271.57
2393.39
2353
2349.55
2323.27
2383.76
2453.28
2287.21
2345.77
2435.87
2297.52
2378.17
2360.73
2414.08
2356.18
2296.07
2303.33
2253.02
2572.45
2414.48
2328.7
2377.99
2329
2475.4
2285.6
2515.57
2266.89
2331.84
2278.88
2284.48
2365.93
2179.19
2489.81
2276.77
2476.42
2302.71
2312.35
2409.19
2353.97
2288.84
2231.12
2269.63
2187.6
2184.24
2311.37
2359.9
2251.46
2285.43
2217.79
2421.47
2153.54
2136.61
2312.73
2368.68
2131.06
2326.36
2213.82
2209.96
2245.35
2227.79
2333.08
2159.84
2348.34
2354.86
2466.41
2428.69
2267.16
2273.75
2454.51
2155.5
2333.56
2397.13
2425.76
2330.62
2475.12
2324.47
2199.11
2297.52
2291.1
2287.7
2460.13
2377.49
2373.62
2411.43
2204.04
2409.63
2333.31
2364.04
2335.57
2147.38
2388.46
2410.34
2326.83
2392.81
2296.22
2133.13
2195.02
2361.74
2369.77
2246.28
2224
2316.35
2354.09
2199.67
2381.23
2221.59
2409.06
2333.98
2273.92
2323.86
2155.73
2271.85
2173.72
2387.63
2339.28
2350.3
2335.99
2306.07
2396.49
2437.63
2173.95
2259.17
2181.03
2291.8
2398.65
2341.73
2306.08
2226.96
2348.09
2283.62
2174.5
2375.18
2399.91
2314.3
2286.81
2468.97
2306.52
2323.02
2256.71
2250.48
2332.97
2391.97
2441.31
2474.46
2444.64
2325.31
2308.17
2241.01
2178.79
2462.42
2226.46
2307.7
2159.84
2320.69
2325.6
2272.04
2425.27
2329.77
2306.77
2356.75
2394.5
2439.18
2098.67
2419.23
2451.87
2421.99
2249.76
2276.92
2425.36
2393.57
2511.35
2502.26
2207.37
2506.7
2383.48
2293.64
2307.81
2269.25
2110.79
2420.66
2219.92
2288.23
2229.99
2432.03
2604.01
2262.83
2398.96
2312.24
2426.25
2424.44
2264.48
2270.77
2404.6
2265.1
2329.54
2120.51
2437.45
2332.21
2336.93
2086.55
2258.36
2177.78
2454.33
2403.15
2463.81
2348.95
2485.06
2515.67
2216.97
2434.19
2458.09
2352.34
2345.59
2444.21
2293.37
2339.52
2179.65
2414.16
2291.25
2248.39
2382.51
2425.54
2395.24
2354.25
2390.33
2462.93
2349.72
2221.99
2210.49
2099.72
2407.06
2141.91
2578
2433.21
2326.18
2245.32
2395.49
2427.59
2141.93
2056.1
2525.98
2388.6
2471.96
2296.46
2162.82
2209.63
2405.81
2231.44
2377.57
2347.72
2180.91
2235.73
2345.26
2241.99
2497.5
2239.95
2278.12
2198.88
2428.93
2351.64
2214.96
2433.29
2486.06
2339.47
2229.53
2345.79
2161.06
2366.4
2537.59
2191.59
2308.02
2377.84
2214.3
2376.16
2323.6
2364.04
2417.42
2290.19
2482.32
2429.56
2387.64
2228.79
2310.46
2150.92
2205.21
2297.56
2363.3
2385.46
2278.9
2315.93
2438.88
2356.8
2264.19
2281.27
2221.6
2193.01
2317.94
2273.12
2188.53
2432.4
2403.31
2297.19
2311.51
2284.31
2376.32
2257.83
2265.32
2180.06
2296.2
2354.64
2294.73
2263.87
2487.44
2346.28
2396.43
2239.63
2221.67
2181.94
2378
2349.59
2212.68
2216.54
2367.87
2322.13
2278.63
2395.77
2328.87
2331.53
2324.44
2303.17
2355.84
2244.09
2362.17
2353.03
2248.08
2199.47
2348.83
2369.05
2442.82
2322.41
2205.28
2192.2
2177.21
2260.71
2190.8
2225.96
2290.36
2209.52
2275.51
2227.59
2350.55
2347.93
2337.05
2554.05
2257.51
2440.28
2242.09
2400.35
2319.49
2341.19
2259.22
2275.26
2328
2313.15
2389.6
2258.15
2203.03
2371.37
2350.34
2512.76
2442.89
2229.57
2409.27
2401.56
2344.94
2417.88
2229.01
2272.98
2305.26
2472.97
2326.01
2248.31
2268.3
2171.02
2314.03
2284.92
2562.78
2295.46
2444.49
2355.99
2517.29
2463.11
2303.87
2372.95
2341.91
2112.55
2418.82
2508.51
2317.15
2321.61
2164.38
2259.39
2210.33
2244.8
2150.92
2344.59
2327.25
2291.48
2379.45
2192.1
2425.31
2263.74
2401.63
2391.26
2246.21
2201.52
2205.41
2280.55
2293.11
2403.74
2262.5
2208.75
2359.46
2414.89
2256
2278.52
2286.13
2281.91
2154.95
2243.46
2228.91
2470.76
2408.06
2104.96
2375.96
2264.38
2334.68
2384.09
2405.91
2151.46
2300.96
2282.35
2241.21
2491.22
2231.25
2276.29
2372.99
2244.01
2401.86
2248.69
2302.4
2441.88
2300.97
2394.31
2248.11
2094.23
2487.29
2332.33
2352.11
2456.91
2342.89
2384.25
2506.49
2154.99
2349.58
2332.29
2334.68
2256.48
2517.73
2305.82
2485.52
2224.19
2278.72
2214.24
2160.93
2365.91
2306.56
2318.59
2282.52
2307.52
2348.71
2255.39
2332
2232.09
2245.19
2353.77
2426.55
2439.28
2433.26
2260.54
2419.56
2352.06
2388.42
2099.96
2265.53
2215.39
2223.96
2275.64
2276.41
2275.77
2296.9
2369.76
2196.43
2353.3
2205.4
2270.68
2404.63
2189.07
2181.7
2256.1
2320.75
2210.39
2360.84
2452.35
2408.08
2330.76
2252.45
2444.25
2409.41
2296.25
2206.35
2353.32
2392.85
2227.54
2235.54
2361.61
2268.67
2153.47
2415.47
2595.15
2342.4
2448.67
2364.02
2393.27
2232.11
2279.63
2239.01
2291.02
2277.81
2410.73
2197.07
2401.39
2271.1
2374.72
2285.19
2183.88
2391.53
2251.95
2336.98
2332.17
2443.95
2279.45
2449.37
2183.09
2302.49
2249.22
2201.43
2393.74
2288.22
2304.55
2306.55
2227.38
2418.85
2445.96
2271.99
2367.77
2347.26
2247.81
2082.87
2294.11
2360.52
2247.58
2461.49
2489.69
2378.88
2228.51
2385.55
2382.99
2328.33
2351.6
2341.76
2531.71
2259.1
2394.54
2381.5
2265.19
2422.81
2271.17
2323.56
2419
2287.2
2330.82
2224.62
2215.6
2385.85
2323.93
2471.62
2260.89
2339.42
2232.35
2373.05
2411.76
2357.88
2399.67
2269
2434.14
2263.79
2189.64
2437.22
2438.27
2424.33
2308.53
2516.12
2193.55
2374.95
2418.83
2390.97
2434.8
2232.62
2471.29
2514.92
2419.57
2228
2417.99
2334.72
2269.75
2224.85
2370.59
2179.6
2405.43
2287.38
2390.69
2272.87
2106.54
2535.07
2252.91
2347.17
2044.94
2307.35
2282.67
2340.41
2262.5
2450.68
2338.76
2284.8
2339.93
2233.01
2363.41
2420.94
2173.48
2415.86
2328.73
2213.55
2349.63
2283.96
2370.74
2373.4
2328.69
2234.73
2352.33
2082.6
2417.52
2230.54
2294.08
2334.22
2380.8
2433.54
2413.79
2225.25
2290.55
2380.46
2431.06
2240.32
2356.94
2470.27
2283.4
2361.34
2409.66
2269.57
2324.87
2415.64
2333.56
2242.13
2408.15
2203.85
2123.53
2285.72
2337.66
2476.72
2115.86
2443.4
2328.27
2290.22
2374.24
2318.4
2426.6
2263.48
2360.5
2234.85
2221.9
2322.73
2154.45
2262.23
2254.01
2256.28
2322.23
2377.45
2319.32
2302.2
2343.85
2260.61
2276.65
2275.55
2502.86
2368.66
2182.41
2402.14
2452.53
2312.83
2360.06
2286.01
2596.68
2369.74
2315.89
2422.08
2306.05
2294.43
2204.16
2394.25
2079.89
2238.34
2558.88
2372.46
2310.95
2271.47
2251.99
2436.07
2303.07
2317.01
2334.2
2415.82
2320.27
2182.64
2324.56
2297.72
2335.79
2483.38
2463.28
2317.8
2305.39
2290.47
2282.09
2408.81
2310.06
2312.71
2284.29
2305.24
2453.94
2246.79
2273.69
2390.37
2294
2312.99
2282.96
2244.21
2300.87
2353.87
2309.03
2433.12
2463.13
2366.49
2368.51
2200.06
2320.59
2292.22
2249.49
2370.13
2315.9
2433.78
2226.69
2268.06
2422.11
2134.55
2406.67
2414.43
2245.15
2240.49
2360.48
2246.08
2358.38
2078.06
2268.15
2182.66
2483.47
2255.05
2545.07
2351.93
2381.09
2387.35
2385.22
2328.51
2363.01
2431.09
2389.1
2361.69
2469.08
2211.96
2265.63
2310.05
2402.26
2286.6
2193.57
2301.74
2244.73
2227.99
2412.41
2299.98
2320.19
2225.19
2399.79
2191.87
2317.15
2321.97
2383.12
2300.09
2314.87
2402.27
2428.55
2424.1
2388.53
2283.07
2313.39
2359.8
2199.98
2283.02
2288.9
2205.25
2472.17
2323.85
2514.7
2354.87
2324.23
2257.62
2317.9
2387.16
2408.94
2344.44
2480.72
2395.87
2372.74
2170.61
2355.63
2361.07
2407.77
2454.06
2359.75
2249.09
2406.85
2483.91
2358
2259.78
2159.36
2393.02
2333.1
2359.64
2406.74
2286.24
2516.44
2398.69
2183.73
2399.62
2328.08
2405.84
2327.07
2231.38
2276.89
2286.85
2346.86
2178.72
2295.55
2297.57
2225.4
2348.77
2372.49
2291.08
2387.75
2273.6
2314.12
2127.94
2449.18
2251.56
2436.63
2349.35
2248.64
2304.29
2429.79
2393.27
2154.29
2332.46
2162.22
2354.41
2323.2
2282.55
2204.02
2382.09
2224.7
2265.14
2495.39
2360.25
2400.7
2250.27
2293.23
2255.98
2269.79
2263.04
2384.97
2389.94
2472.59
2249.21
2527.36
2330.13
2465.54
2267.21
2349.27
2235.71
2140.94
2239.33
2416.89
2233.09
2236.96
2364.27
2371.26
2302.94
2145.75
2329.19
2545.52
2363.78
2153.77
2293.13
2367.31
2403.44
2142.15
2362.71
2348.03
2310.96
2281.02
2390.02
2435.2
2306.65
2302.87
2131.68
2277.04
2424.74
2122.28
2333.78
2300.15
2418.52
2377.65
2304.22
2475.2
2418.39
2328.03
2545.47
2297.07
2451.87
2320.14
2268.36
2287.19
2259.12
2230.08
2264
2281.05
2324.96
2372.45
2421.79
2288.33
2337
2333.7
2433.99
2311.85
2101.63
2366.18
2318.97
2306.55
2338.03
2123.16
2261.79
2281.05
2369.58
2455.34
2112.36
2226.73
2157.95
2465.57
2230.09
2212.61
2157.22
2312.36
2275.96
2337.67
2140.34
2256.63
2377.99
2194.86
2531.49
2291.24
2483.03
2466.31
2115.91
2318.4
2280.74
2521.96
2333.78
2280.46
2176.01
2117.24
2485.76
2175.57
2352.35
2161.74
2138.33
2255.99
2345.05
2277.99
2498.07
2426.98
2262.11
2477.52
2251.34
2401.24
2306.17
2527.71
2397.26
2287.91
2350.27
2332.65
2336.35
2310.09
2406.87
2268.89
2394.84
2194.1
2334.97
2592.09
2223.67
2291.17
2364.67
2182.62
2476.53
2293.55
2326.67
2316.15
2444.64
2373.91
2330.75
2283.94
2388.49
2423.54
2397.6
2216.73
2335.28
2268.46
2318.34
2385.41
2234.71
2330.74
2279.27
2416.73
2179.64
2371.67
2340.43
2390.53
2397.94
2358.65
2327.01
2353.62
2127.97
2207.81
2288.69
2301.4
2339.08
2365.1
2278.07
2246.04
2435.71
2223.8
2227.08
2336.89
2336.4
2260.99
2333.49
2245.94
2200.98
2317.52
2254.88
2415.76
2291.51
2380.92
2302.32
2249.35
2442.6
2200.77
2425.54
2136.67
2442.46
2349.61
2243.05
2399.39
2246.7
2296.14
2198.13
2252.84
2268.46
2432.32
2232.04
2370.3
2466.13
2404.87
2414.89
2165.18
2166.77
2237.35
2500.15
2329.48
2373.31
2517.08
2402.5
2444.8
2311.07
2334.36
2324.9
2309.42
2487.45
2312.08
2232.81
2364.07
2283.82
2398.51
2378.39
2276.53
2367.33
2244.88
2401.71
2483.15
2265.76
2272.5
2214.69
2268.3
2346
2371.05
2459.36
2130.7
2327.06
2368.78
2321.68
2331.15
2268.8
2231.46
2358.33
2236.28
2114.91
2273.53
2332.88
2273.08
2338.58
2195.36
2317.25
2345.67
2304.47
2381.24
2391.27
2342.38
2269.1
2353.52
2337.01
2472.07
2425.3
2274.51
2254.67
2141.09
2483.99
2237.11
2313.36
2247.7
2326.44
2383.15
2287.16
2333
2340.77
2428.92
2438.21
2320.95
2400.97
2284.52
2294.74
2067.91
2267.81
2499.29
2328.53
2233.18
2182.77
2259.87
2255.88
2342.43
2137.34
2359.8
2342.32
2161.44
2374.19
2254.56
2287.79
2251.09
2378.37
2182.34
2305.29
2476.83
2385.53
2343.48
2376.8
2469.46
2359.13
2245.63
2283.35
2472.29
2276.28
2291.08
2579.36
2296.15
2332.8
2289.64
2371.31
2369.05
2234.27
2432.35
2227.63
2237.21
2271.56
2263.11
2240.73
2110.02
2502.29
2190.14
2155.3
2309.67
2287.11
2159.28
2129.27
2166.65
2307.63
2305.41
2491.38
2150.47
2154.05
2250.67
2216.38
2263.29
2334.21
2381.34
2411
2183
2454.61
2248.78
2273.65
2270.29
2326.64
2345
2138.14
2339.1
2403.29
2242.34
2205.18
2374.24
2391.86
2256.5
2372.41
2321.29
2212.7
2464.97
2364.27
2373.61
2242.68
2247.04
2363.48
2465.27
2256.94
2294.23
2262.46
2346.14
2294.47
2386.15
2217.18
2330.03
2382.11
2440.47
2223.6
2354.03
2367.94
2448.38
2343.54
2339.5
2410.91
2274.14
2401.85
2350.67
2238.34
2247.49
2321.62
2267.42
2242.57
2296.31
2424.89
2375.13
2360.31
2180.57
2373.66
2245.19
2433.14
2430.93
2331.01
2164.8
2282.24
2243.82
2333.45
2450.23
2421.12
2283.78
2334.1
2079.8
2379.85
2116.98
2224.41
2250.37
2434.89
2242.81
2198.52
2505.1
2243.98
2206.87
2285.72
2339.96
2345.02
2226.62
2468.62
2367.52
2344.64
2225.16
2407.03
2298.72
2221.84
2389.42
2297.08
2331.9
2400.31
2336.6
2215.18
2234.37
2268.49
2252.18
2284.33
2404.3
2310.1
2331.28
2327.63
2355.24
2444.52
2407.89
2306.3
2355
2222.79
2479.72
2184.66
2545.88
2109.31
2376.33
2265.47
2253.26
2246.77
2515.54
2327.45
2357.98
2255.73
2298.27
2333.55
2616.51
2207.8
2363.07
2233.51
2254.57
2397.9
2487.59
2377.39
2350.79
2179.29
2373.4
2304.9
2235.31
2222.67
2316.06
2285.49
2161.84
2408.14
2476.27
2165.98
2382.52
2259.8
2463.46
2361.09
2220.83
2214.78
2227.82
2198.59
2443.09
2183.44
2413.69
2426.58
2261.66
2502.64
2339.63
2324.54
2354.8
2379.98
2472.61
2145.74
2231.06
2073.97
2377.73
2350.82
2251.58
2222.42
2217.72
2210.76
2348.02
2248.82
2165.17
2360.4
2452.82
2362.43
2601.24
2248.62
2203.86
2334.25
2376.55
2362.7
2496.79
2349.05
2337.9
2383.51
2392.09
2224.03
2293.34
2408.74
2144.12
2352.64
2144.98
2305.81
2239.26
2297.98
2318.61
2306.3
2296.17
2360.19
2524.29
2423.93
2197.46
2402.42
2404.55
2241.99
2288.96
2309.62
2572.65
2305.31
2306.88
2390.04
2409.73
2323.93
2305.59
2244.62
2472.99
2326.93
2417.85
2174.73
2230.62
1999.76
2441.77
2398.79
2580.28
2619.66
2411.92
2146.37
2486.82
2228.78
2190.53
2282.51
2303.41
2223.72
2296.96
2298.77
2285.17
2406.86
2429.82
2427.15
2320.93
2228.49
2438.53
2519.96
2354.83
2235.26
2227.72
2295.34
2338.41
2286.96
2254.33
2433.75
2512.65
2366.82
2264.12
2284.65
2261.59
2336.52
2429.44
2435.66
2178.07
2391.33
2552.06
2434.51
2180.74
2166.94
2309.6
2394.25
2391.89
2361.37
2302.74
2446.38
2285.69
2434.18
2311.97
2327.52
2452.15
2407.26
2267.57
2399.35
2353.73
2470.35
2306.42
2167.2
2296.59
2298.24
2482.13
2413.83
2244.86
2415.44
2185.42
2336.85
2276.84
2356.07
2277.1
2509.11
2417.09
2408.03
2434.97
2332.16
2289.79
2356.28
2482.68
2431.88
2247.43
2473.96
2394.32
2459.46
2282.95
2423.8
2328.5
2197.64
2326.31
2457.32
2311.09
2200.61
2436.67
2531.03
2222.44
2381.5
2461.31
2464.31
2200.74
2206.44
2108.31
2383.17
2187.36
2399.3
2291.61
2355.93
2369.4
2407.49
2357.21
2379.46
2254.42
2519.45
2466.53
2219.23
2071.11
2425.02
2465.55
2342
2457.32
2389.85
2214.22
2340.78
2244.98
2442.47
2279.43
2443.68
2468.53
2326.15
2193.26
2209.23
2352.6
2393.18
2515.68
2225.15
2355.45
2274.44
2279.95
2226.85
2216.79
2134.16
2305.21
2475.03
2394.47
2329.07
2438.86
2260.78
2171.76
2269.66
2234.43
2220.29
2298.78
2456.55
2297.09
2261.95
2463.9
2395.37
2339.55
2326.92
2249.59
2264.67
2242.48
2315.59
2366.5
2401.16
2372.49
2133.07
2277.97
2218.5
2304.34
2297.75
2334
2355.18
2354.56
2282.06
2173.31
2403.53
2359.62
2435.73
2488.45
2525.86
2346.13
2227.22
2318.94
2265.84
2120.85
2348.89
2388.81
2280.02
2389.11
2167.13
2373.71
2308.23
2284.07
2306.07
2408.06
2343.98
2304.18
2428.28
2274.05
2247.9
2327.58
2358.11
2320.76
2360.55
2208.73
2268
2294.84
2386.35
2496.37
2410.07
2330.62
2274.49
2430.88
2418.09
2147.41
2360.25
2241.64
2222.78
2160.32
2315.48
2243.52
2311.99
2217.24
2252.33
2302.67
2179.18
2243.72
2368.43
2392.37
2327.52
2391.34
2282.12
2304.95
2203.21
2360.55
2530.42
2243.16
2354.78
2444.94
2473.05
2222.24
2527.19
2264.2
2217.55
2300.82
2547.03
2472.97
2435.21
2258.48
2457.49
2296.76
2388.59
2499.4
2378.49
2243.22
2330.08
2368.58
2579.04
2446.33
2365.91
2285.87
2350.83
2198.47
2377.97
2395.9
2232.98
2224.37
2233.08
2613.34
2282.96
2290.1
2366.38
2191.92
2209.22
2386.84
2491.51
2226.17
2221.25
2372.21
2317.16
2281.83
2314.31
2251.22
2420.16
2282.98
2187.55
2379.25
2372.18
2139.24
2483.7
2468.45
2308.62
2275.66
2442.68
2289.09
2328.63
2389.04
2312.47
2264.85
2347.7
2380.21
2255.3
2188.6
2319.05
2549.59
2254.29
2366.3
2480.83
2290.72
2180.85
2224.52
2300.31
2243.2
2178.02
2213.88
2332.48
2354.34
2502.16
2178.35
2226.16
2247.95
2369.84
2395.45
2195.35
2554.86
2249.46
2499.5
2513.8
2106.38
2541.2
2321.29
2522.65
2431.78
2301.36
2319.15
2356.63
2339.1
2387.73
2515.69
2420.3
2157.69
2386.19
2318.32
2328.05
2304.17
2349.53
2294.31
2332.57
2466.36
2201.46
2265.15
2203.62
2228.39
2349.29
2240.13
2246.93
2420.18
2309.71
2253.91
2304.42
2277.17
2416.68
2245.69
2400.49
2263.05
2376.32
2358.77
2269.37
2209.73
2354.03
2219.58
2484.13
2262.61
2459.75
2371.44
2340.31
2391.31
2276.51
2371.64
2375.07
2311.13
2120.21
2281.34
2250.54
2441.99
2226.45
2372.78
2295.16
2225.56
2347.74
2470.8
2375.48
2238.21
2278.71
2257.79
2364.88
2301.94
2398.72
2304.82
2313.18
2398.48
2286.12
2178.51
2152.41
2524.19
2157.24
2217.24
2347.19
2413.16
2471.31
2402.7
2399.96
2475.56
2258.29
2356.41
2452.71
2186.82
2328.46
2387.65
2293.69
2402.97
2273.94
2457.48
2367.16
2115.42
2209.08
2318.19
2378.42
2289.1
2353.37
2097.8
2408.88
2131.72
2403.09
2452.57
2296.43
2402.58
2270.47
2522.17
2251.52
2440.91
2261.8
2310.97
2213.07
2248.63
2361.62
2167.51
2308.39
2378.52
2303.99
2368.29
2392.15
2349.64
2456.2
2189.59
2480.58
2217.39
2280.41
2453.03
2207.17
2213.73
2277.48
2038.21
2244.49
2132.93
2329.87
2230.92
2431.71
2316.58
2427.4
2465.1
2278.3
2455.16
2150.32
2472.62
2386.18
2419.97
2419.76
2136.76
2429.69
2395.29
2228.93
2357.47
2455.09
2545.91
2450.91
2347.56
2264.92
2284.33
2231.27
2359.57
2256.34
2353.52
2507.88
2351.57
2135.22
2344.93
2224.42
2478.03
2471.9
2412.08
2211.6
2433.45
2364.06
2321.9
2295.31
2345.53
2445.22
2332.25
2237.58
2276.28
2254.36
2167.19
2175.06
2232.2
2275.71
2304.61
2155.74
2357.99
2390.4
2313.42
2353.12
2280.6
2381.35
2394.48
2279.79
2517.63
2341.57
2309
2259.2
2448.63
2374.34
2344.97
2269.58
2426.2
2533.28
2435.09
2406.43
2435.26
2251.98
2403.99
2508.3
2212.48
2259.72
2306.96
2442
2486.31
2382.16
2456.88
2134.2
2285.98
2374.47
2304.8
2218.56
2132.24
2496.58
2141.43
2447.18
2296.89
2184.89
2283.39
2355.94
2307.86
2366.89
2123.78
2411.62
2272.53
2145.93
2388.77
2509.85
2304.86
2258.08
2347.91
2167.97
2289.76
2483.24
2283.22
2432.84
2311.33
2489.14
2116.35
2221.42
2310.16
2333.95
2178.15
2239.26
2400.86
2375
2342.71
2286.55
2407.16
2272.87
2321.84
2462.22
2232.54
2128.7
2188.02
2243.66
2292.59
2303.18
2263.02
2108.09
2347.12
2450.36
2168.8
2276.29
2436.6
2104.51
2417.81
2199.59
2362.55
2390.55
2487.94
2291.62
2456.71
2296.13
2513.75
2448.33
2369.22
2219.2
2196.73
2158.38
2269.49
2326.67
2353.6
2307.08
2434.89
2217.06
2413.69
2293.5
2332.61
2434.97
2386.5
2170.79
2337.59
2253.46
2377.49
2390.19
2127.49
2349.6
2265.03
2205.34
2233.37
2308.64
2347.37
2288.55
2345.84
2365.47
2467.72
2344.25
2143.12
2264.72
2327.73
2262.34
2278.21
2191.89
2432.8
2187.91
2221.41
2478.45
2235.37
2441.72
2468.04
2422.48
2248.69
2284.56
2386.07
2413.86
2470.81
2366.12
2320.62
2487.41
2409.27
2485.72
2430.1
2317.12
2332.88
2440.5
2368.73
2255.69
2490.91
2441.25
2163.14
2439.63
2250.36
2282.02
2386.13
2233.59
2375.98
2328.97
2468
2457.34
2314.25
2366.41
2303.67
2316.96
2325.45
2265.25
2300.29
2252.1
2271.21
2097.03
2489.52
2265.76
2282.85
2329.04
2443.36
2113.89
2364.66
2339.75
2172.3
2235.1
2227.17
2411.07
2241.66
2321.55
2530.77
2314.81
2412.09
2418.41
2233.4
2243.45
2269.96
2395.95
2173.35
2230.33
2416.93
2263.66
2320.96
2395.65
2326.64
2401.93
2504.11
2255.94
2368.31
2508.94
2288.1
2448.83
2389.91
2092.63
2208.21
2306.73
2464.89
2354.89
2414.5
2400.49
2267.1
2430.05
2319.88
2427.52
2275.01
2220.89
2346.63
2556.54
2172.98
2285.51
2359.12
2160.61
2442.07
2390.83
2223.49
2518.36
2371.43
2045.88
2168.91
2362.41
2264.02
2319.49
2306.76
2425.74
2410.11
2405
2308.03
2203.69
2271.43
2446.28
2327.55
2539.22
2408.98
2476.07
2296.25
2299.01
2314.12
2315.87
2186.99
2237.98
2323.94
2260.63
2254.86
2285.57
2157.6
2301.76
2310.19
2194.9
2317.44
2250.4
2286.75
2340.86
2463.13
2407.55
2252.09
2301.71
2313.26
2400.69
2340.12
2409.65
2267.69
2256.93
2325.73
2306.77
2270.3
2247.51
2444.1
2228.47
2401.81
2245.09
2254.22
2377.92
2359.93
2362.12
2428.03
2506.79
2253.06
2173.34
2197.47
2441
2189.55
2311.96
2713.24
2519.69
2523.26
2265.79
2366.57
2368.94
2292.65
2340.98
2411.96
2311.42
2276.82
2332.01
2454.18
2340.54
2331.36
2351.15
2177.23
2323.9
2173.85
2281.13
2300.72
2280.27
2482.96
2185.93
2248.72
2312.64
2132.79
2424.74
2084.88
2404.02
2348.32
2410.45
2413.7
2186.4
2307.93
2199.73
2420.99
2358.76
2300.92
2329.82
2437.82
2271.39
2349.05
2251.09
2291.63
2355.51
2339.56
2299.61
2282.32
2297.1
2173.89
2343.31
2231.7
2281.64
2340.8
2324.23
2432.64
2323.1
2163.8
2498.72
2231.5
2310.33
2297.72
2340.43
2107.12
2239.2
2229.37
2338.56
2146.75
2315.88
2505
2434.66
2268.1
2421.93
2488.54
2345.81
2219.45
2282.63
2127.27
2439.81
2295.53
2161.07
2379.24
2499.21
2298.81
2666.35
2189.04
2216.46
2306.59
2201.14
2453.11
2452.38
2294.21
2474.68
2161.17
2348.94
2342.75
2323.83
2378.76
2304.32
2331.76
2334.31
2348.26
2328.11
2257.83
2387.86
2307.58
2071.98
2369.85
2213.23
2095.21
2245.56
2272.82
2467.74
2325.06
2324.56
2266.06
2241.73
2370.97
2470.87
2351.88
2361.07
2316.57
2306.55
2204.77
2335.83
2325.77
2367.6
2342
2281.42
2480.33
2236.98
2251.47
2334.84
2206.36
2444.6
2280.23
2123.44
2290.06
2237.69
2237.55
2287.02
2351.63
2304.72
2302.94
2475.72
2348.35
2282.38
2319.1
2359.91
2185.06
2367.06
2411.85
2484.37
2311.27
2242.09
2269.65
2509.84
2460.45
2371.73
2242.94
2386.56
2234.09
2301.03
2299.43
2387.96
2267.75
2338.58
2238.53
2414.01
2383.44
2392.36
2466.19
2324.03
2241.63
2359.57
2370.8
2059.48
2498.86
2329.8
2340.8
2429.59
2358.97
2197.92
2262.22
2404.6
2428.83
2364.35
2328.65
2244.96
2398.84
2331.25
2425.65
2235.26
2438.39
2345.07
2165.01
2365.55
2488.38
2172.75
2078.33
2408.62
2362.44
2288.53
2189.73
2303.2
2338.28
2335.21
2409.17
2359.3
2411.01
2242.43
2465.38
2280.41
2211.32
2328.12
2365.11
2417.71
2251.98
2331.89
2352.45
2224.29
2106.32
2354.26
2231.3
2279.12
2212.21
2238.63
2400.69
2222.21
2294.56
2223.48
2284.88
2345.1
2412.88
2267.23
2316.57
2437.97
2300.4
2297.61
2418.21
2273.16
2297.12
2256.05
2207.47
2423.58
2412.2
2142.83
2360.93
2389.21
2274.04
2369.14
2390.59
2079.2
2337.35
2292.11
2338.8
2195
2288.73
2354.73
2365.98
2275.52
2220.01
2428.48
2334.52
2193.21
2419.01
2486.69
2328.05
2424.1
2261.53
2456.53
2372.42
2388.1
2401.62
2267.55
2207.1
2377.38
2243.83
2386.13
2363.48
2216.54
2428.58
2266.51
2284.1
2193.03
2105.88
2534.69
2365.28
2380.43
2267.22
2352.72
2156.5
2312.76
2448.79
2137.89
2374.81
2171.1
2300.35
2165.16
2291.84
2319.46
2287.49
2411.76
2301.27
2298.15
2248.27
2274.76
2226.57
2410.88
2246.7
2394.76
2379.68
2205.92
2241.61
2261.54
2415
2264.67
2403.99
2484.71
2137.72
2253.09
2300.03
2361.57
2307.81
2291.51
2281.92
2296.08
2298.5
2239.85
2289.37
2392.2
2341.61
2390.78
2496.88
2221.85
2338.46
2203.38
2234.15
2156.31
2361.42
2289.94
2469.53
2369.37
2240.82
2381.19
2372.67
2266.58
2395.97
2390.39
2423.43
2351.33
2277.22
2306.12
2249.35
2383.61
2397.2
2258
2272.02
2198.93
2227.79
2256.02
2319.21
2280.39
2251.12
2360.28
2361.73
2230.58
2488.61
2387.56
2245.46
2369.71
2351.79
2429.76
2389.11
2413.8
2128.27
2277.77
2225.67
2273.51
2306.25
2400.4
2202.69
2188.68
2207.23
2515.59
2386.26
2309.44
2331.08
2343.34
2296.19
2200.42
2297.07
2387.44
2315.57
2644.93
2215.35
2527.96
2339.81
2325.9
2149.48
2291.72
2567.3
2285.23
2306.51
2259.72
2173.89
2391.44
2170.97
2338.08
2147.68
2420.82
2280.73
2596.89
2395.85
2354.34
2400.33
2095.28
2268.12
2434.95
2493.41
2238.88
2274.29
2429.28
2320.16
2311.15
2252.65
2405.24
2436.68
2225.13
2408.36
2405.24
2333.2
2229.02
2416.96
2343.34
2315.04
2445.33
2230.32
2252.55
2045.23
2220.7
2266.12
2243.61
2342.44
2376.04
2288.4
2252.69
2365.56
2315.22
2385.19
2490.14
2407.72
2318.11
2317.21
2346.66
2235.93
2319
2217.72
2306.24
2372.76
2313.91
1986.98
2312.1
2365.05
2390.42
2282.66
2320.35
2263.22
2354.22
2457.41
2272.53
2264.48
2303.55
2307.76
2304.08
2235.39
2342.37
2181.18
2492.26
2283.23
2364.44
2356.41
2564.63
2440.57
2294.82
2430.28
2218.16
2330.82
2283.62
2294.08
2132.79
2258.39
2457.08
2351.82
2278.01
2284.39
2216.91
2367.4
2340.4
2348.07
2240.63
2148.93
2367.63
2452.05
2436.07
2251
2328.11
2440.96
2390.35
2339.22
2450.07
2433.12
2307.55
2246.43
2303.8
2310.18
2400.2
2293.39
2319.01
2235.95
2190.92
2424.35
2291.13
2086.14
2363.05
2302
2241.02
2143.23
2308.02
2440.19
2417.8
2366.51
2364.36
2305.58
2335.49
2350.34
2192.56
2403.07
2176.4
2168.77
2370.67
2347.13
2361.68
2513.99
2409.52
2274.4
2485.25
2395.39
2171.39
2481.15
2374.06
2349.6
2454.28
2425.89
2399.81
2155.06
2486.24
2130.97
2260.82
2320.88
2453.66
2204.78
2368.1
2448.87
2315.44
2533.82
2182.91
2183.94
2269
2253.23
2508.46
2191.41
2438.59
2421.99
2292.53
2218.71
2239.16
2359.21
2152.46
2662.35
2256.33
2368.6
2394.12
2393.44
2167.45
2413.27
2429.16
2362.78
2230.06
2168.1
2261.27
2417.11
2356.39
2311.34
2208.51
2220.05
2322.47
2444.95
2423.43
2369.88
2300.12
2387.64
2392.98
2317.35
2488.18
2250.63
2369.64
2393.73
2477.65
2312.01
2459.53
2365.34
2255.31
2572.39
2272.42
2169.94
2197.87
2197.65
2283.02
2117.06
2187.36
2167.45
2457.29
2249.63
2486.46
2392.03
2246.35
2190.84
2214.61
2481.12
2414.78
2378.6
2334.86
2369.74
2364.76
2347.16
2296.59
2283.45
2343.99
2344.63
2287.79
2248.31
2374.62
2381.51
2193.33
2391.13
2441.42
2440.6
2461.1
2308.61
2294.15
2210.57
2419.86
2410.64
2367.15
2398.27
2366.65
2331.71
2259.59
2256.17
2367.7
2274.65
2281.36
2456.24
2371.53
2136.4
2287.37
2295.23
2283.69
2334.25
2263.04
2204.45
2253.84
2396.9
2071.79
2265.25
2329.48
2408.41
2388.93
2662.89
2357.01
2347.88
2483.32
2464.98
2125.62
2310.55
2351.66
2209.44
2308.48
2352.09
2323.21
2329.25
2209.32
2278.01
2302.84
2400.12
2266.06
2400.81
2462.37
2327.05
2239.27
2290.82
2220.62
2330.27
2330.17
2254.34
2235.77
2326.08
2431.16
2185.83
2181.73
2017.83
2323.12
2194.12
2470.41
2360.96
2404
2395.24
2384.73
2260.42
2198.7
2208.16
2408.62
2338.09
2264.28
2320.22
2271.72
2266.42
2425.32
2514.16
2407.17
2447.67
2225.17
2409.72
2376.84
2226.79
2324.84
2297
2311.54
2415.08
2325.1
2409.6
2405.41
2361.76
2399.96
2504.42
2265.81
2300.21
2380.65
2279.88
2245.28
2425.4
2375.12
2360.91
2463.48
2478.34
2393
2352.41
2483.75
2368.48
2357.16
2438.12
2285.68
2408.86
2307.62
2226.7
2315.52
2351.36
2304.37
2361.69
2445.03
2145.11
2380.04
2239.98
2287.28
2331.32
2301.18
2347.16
2487.1
2407.25
2344.17
2520.99
2296.39
2218.07
2273.45
2441.36
2305.85
2327.39
2382.85
2376.86
2218.71
2307.07
2276.99
2276.24
2541.95
2380.15
2167.06
2445.88
2293.22
2375.78
2367.25
2373.73
2286.61
2230.39
2296.93
2349.33
2345.45
2397.98
2282.29
2417.28
2383.54
2227.78
2605.15
2261.7
2400.95
2241.72
2316.74
2310.72
2449.27
2225.4
2327.7
2179.14
2188.47
2294.53
2265
2269.67
2150.95
2321.67
2339.76
2359.34
2260.72
2495.55
2458.47
2308.12
2326.45
2511.34
2249.47
2281.92
2545.07
2450.8
2517.29
2250.37
2230.44
2020.76
2510.47
2420.92
2212.16
2280.97
2311.5
2208.53
2329.92
2222.25
2395.74
2651.98
2355.72
2168.46
2280.99
2285.72
2273.38
2217.37
2226.62
2123.84
2394.39
2324.65
2290.52
2377.33
2451.41
2242.41
2271.82
2289.34
2338.59
2219.72
2103.86
2370.94
2446.3
2313.81
2438.14
2208.72
2318.92
2125.81
2309.13
2377.65
2220.59
2473.36
2415.84
2259.36
2447.89
2573.05
2254.66
2528.3
2394.06
2477.91
2351.19
2153.6
2305.23
2388.77
2149.41
2232.13
2345.12
2245.39
2368.39
2338.78
2485.28
2244.11
2302.01
2280.43
2202.68
2226.74
2282.48
2374.93
2269.49
2388.56
2387.13
2306.13
2335.43
2397.34
2162.5
2335.9
2206.79
2187.06
2418.47
2508.16
2361.15
2390.97
2150.45
2234.36
2291.62
2362.22
2312.08
2381.17
2455.76
2325.93
2375.66
2406.62
2216.26
2326.64
2291.16
2178.15
2277.32
2211.09
2184.76
2282.03
2305
2326.32
2436.01
2447.35
2307.41
2275.31
2118.82
2323.77
2476.74
2183.84
2429.12
2304.14
2315.11
2275.8
2286.01
2273.36
2314.36
2116.2
2343.48
2223.12
2322.36
2429.12
2270.98
2321.46
2321.46
2253.07
2462.68
2304.2
2382.06
2236.85
2286.71
2456.8
2132.19
2247.45
2336.78
2248.24
2457.87
2326.22
2367.28
2360.52
2368.67
2304.08
2231.11
2426.76
2343.47
2385.37
2304.52
2467.96
2247.67
2310.08
2278.95
2247.05
2167.45
2081.1
2442.23
2349.88
2368.79
2250.08
2295.81
2397.95
2293.06
2346.39
2430.95
2204.53
2302.15
2194.17
2371.87
2204.35
2347.64
2300.19
2404.25
2362.12
2377.5
2316.86
2285.71
2175.53
2266.59
2333.18
2421.64
2154.39
2245.52
2260.52
2180.55
2242.15
2073.13
2285.49
2311.73
2272.82
2266.86
2385.12
2350.71
2384.14
2234.89
2203.36
2383.28
2302.41
2409.63
2268.08
2446.68
2261.14
2280.11
2419.74
2196.68
2250.38
2393.9
2304.92
2295.25
2284.56
2494.21
2280.46
2288.48
2331.33
2300.27
2401.04
2385.68
2232.78
2392.18
2194.78
2474.9
2420.35
2308.68
2330.74
2091.16
2451.26
2160.32
2350.09
2451.44
2327.28
2437.92
2277.3
2390.46
2337.84
2289.31
2314.81
2350.51
2468.22
2262.12
2283.74
2271.29
2313.67
2437.22
2112.63
2267.08
2341.55
2360.88
2199.13
2164.83
2208.26
2554.11
2482.41
2606.8
2426.1
2237.38
2289.31
2126.88
2458.94
2206.86
2325.39
2344.31
2201.83
2313.86
2124.18
2236.35
2277.1
2502.92
2336.99
2244.24
2409.68
2205.62
2386.58
2366.17
2382.37
2450.56
2251.06
2436.19
2386.51
2380.59
2431.07
2443.88
2182.98
2314.05
2605.71
2350.81
2357.44
2337.09
2381.83
2426.12
2427.81
2314.83
2241.28
2257.7
2277.6
2335.09
2408.88
2441.4
2248.78
2405.9
2342.73
2348.8
2389.18
2336.67
2215.25
2276.1
2208.58
2207.4
2330.84
2443.26
2302.45
2251.01
2426.68
2285.64
2389.26
2357.24
2378.54
2301.89
2340.91
2211.56
2328.45
2269.79
2373.27
2294.55
2414.13
2267.22
2330.86
2374.36
2395.56
2428.68
2463.58
2383.57
2238.12
2484.17
2283.72
2323.26
2175.27
2381.24
2324.31
2283.73
2404.4
2195.98
2296.12
2242.31
2201.21
2269.76
2421.53
2282.54
2264.41
2249.86
2349.41
2628.32
2334.01
2291.63
2361.76
2400.93
2305.33
2335.45
2293.98
2381.12
2274.09
2225.34
2243.22
2396.71
2250.64
2393.95
2211.63
2418.43
2217.81
2347.67
2358.4
2297.37
2305.53
2246.8
2568
2247.09
2251.85
2240.53
2394.97
2360.75
2366.26
2196.4
2249.41
2254.6
2360.27
2405.8
2166.9
2353.73
2328.78
2476.49
2480.63
2419.17
2195.34
2336.51
2454.54
2360.15
2515.93
2258.8
2320.36
2237.35
2436.91
2374.61
2377.09
2420.88
2262.49
2339.45
2244.03
2416.18
2382.64
2374.12
2204.58
2343.89
2479.91
2213.71
2436.09
2118.04
2293.88
2467.7
2362.4
2320.16
2405.51
2279.08
2217.31
2252.23
2359.89
2455.82
2342.21
2271.24
2258.67
2163.17
2437.39
2311.42
2293
2303.65
2401.25
2213.81
2302.9
2297.14
2335.66
2263.43
2451.51
2441.36
2427.47
2351.94
2324.58
2251.49
2318.27
2319.87
2390.75
2435.98
2311.05
2561.46
2491.31
2283.74
2227.59
2131.48
2260.69
2201.86
2222.88
2380.52
2182.66
2382.38
2397.77
2343.89
2303.29
2199.25
2441.5
2355.87
2227
2223.55
2318.73
2296.5
2259.17
2490.2
2348.97
2339.68
2504.24
2382.22
2429.22
2274.73
2157.35
2471.79
2259.5
2157.79
2330.6
2190.08
2354.67
2328.31
2239.42
2233.42
2196.98
2168
2320.39
2124.18
2259.37
2336.3
2370.64
2276.89
2363.9
2441.88
2308.66
2291.15
2270.99
2301.75
2215.79
2251
2472.47
2367.78
2367.28
2311.21
2266.03
2384.07
2335.8
2375.75
2320.52
2282.93
2356.19
2416.71
2446.54
2405.66
2360.77
2223.08
2400.05
2267.24
2368.79
2303.78
2408.46
2399.13
2450.85
2195.71
2187.27
2420.27
2148.08
2212.61
2308.9
2285.11
2347.71
2214.04
2386.93
2319.31
2461.39
2148.3
2430.51
2304.42
2353.93
2256.88
2308.44
2497.35
2299.57
2302.59
2318.25
2202.59
2318.46
2487.05
2121.71
2204.51
2326.12
2351.21
2301.58
2283.06
2278.65
2304.43
2351.48
2433.12
2499.67
2204.31
2234.74
2513.41
2417.72
2409.97
2299.87
2298.23
2270.6
2342.62
2200.76
2401.75
2291.12
2513.82
2201.13
2267.94
2357.4
2363.04
2220.19
2247.53
2397.7
2351.06
2254.13
2437.05
2444.57
2467.85
2306.12
2356.14
2401.29
2353.26
2301.59
2365.01
2348.95
2364.98
2196.85
2355.36
2303.77
2335.06
2421.6
2400.23
2271.46
2273.55
2381.44
2388.99
2261.14
2467.38
2215.74
2345.44
2235.97
2233.99
2352.39
2410.66
2413.14
2363.13
2389.76
2283.81
2382.16
2327.02
2153.61
2297.53
2249.2
2371.69
2458.03
2253.28
2434.67
2275.51
2384.57
2379.09
2479.76
2277.32
2525.64
2479.77
2353.38
2309.16
2331.23
2229.58
2338.82
2312.26
2360.28
2328.43
2230.85
2108.14
2175.35
2126.18
2191.2
2355.31
2441.3
2237.69
2511.41
2208.11
2343.33
2263.99
2269.32
2341.14
2162.72
2428.91
2132.3
2299.38
2247.78
2364.38
2479.66
2388.21
2253.91
2260.34
2343.03
2351
2396.98
2328.06
2341.95
2447.97
2296.07
2446.75
2290.64
2241.45
2309.82
2368.88
2278.85
2272.22
2497.77
2154.07
2379.54
2276.52
2327.43
2293.01
2315.41
2337.38
2389.97
2278.72
2430.66
2165.94
2340.6
2251.61
2316.75
2391.87
2413.61
2360.98
2437.93
2282.59
2132.15
2296.93
2319.22
2268.09
2346.57
2139.06
2508.74
2302.93
2368.53
2442.74
2310.78
2284.9
2316.59
2252.81
2227.27
2315.25
2348.37
2298.96
2299.4
2200.2
2424.72
2293.63
2423.81
2228.72
2268.37
2431.43
2323.49
2410.57
2339.6
2328.96
2489.24
2273.06
2346.66
2455.15
2292.01
2317.77
2311.51
2192.87
2191.03
2402.45
2124.26
2149.78
2248.22
2359.14
2176.29
2373.32
2214.13
2384.86
2214.43
2426.32
2249.33
2172.53
2490.68
2232.54
2260.65
2513.14
2365.44
2402.21
2346.71
2395.69
2292.42
2205.02
2276.62
2433.46
2385.36
2499.62
2232.85
2184.34
2239.43
2233.22
2284.26
2280.39
2261.8
2173.47
2426.79
2119.58
2196.64
2321.62
2270.15
2424.36
2428.52
2224.93
2228.44
2198.18
2347.35
2187.7
2370.69
2339.03
2278.98
2345.03
2397.3
2491.9
2233.03
2282.92
2268.28
2357.81
2218.25
2185.47
2325.92
2332.19
2401.15
2524.44
2277.12
2320.54
2363.61
2386.44
2308.27
2317.79
2259.85
2260.73
2274.6
2312.19
2362.89
2421.66
2177.14
2391.84
2395.32
2419.88
2377.45
2242.52
2264.36
2359.53
2311.73
2207.92
2393.51
2332.7
2491.71
2402.6
2218.94
2493.04
2327.49
2418.79
2104.68
2169.12
2427.57
2456.07
2410.1
2356.74
2448.76
2167.73
2245.66
2369.59
2372.82
2269.38
2458.7
2178.71
2464.15
2314.49
2276.48
2354.42
2159.77
2361.74
2277.67
2268.35
2169.73
2241.04
2411.44
2291.84
2260.38
2431.88
2390.26
2330.97
2268.11
2328.04
2161.3
2226.07
2234.09
2280.4
2151.28
2393.28
2300.98
2304.72
2354.83
2280.95
2279.91
2345.78
2274.5
2202.92
2471.32
2273.46
2317.19
2365.36
2402.36
2178.54
2336.58
2462.69
2410.77
2197.33
2359.8
2236.86
2225.52
2449.16
2496.95
2208.65
2346.34
2442.78
2307.07
2265.57
2361.4
2348
2311.94
2411.37
2224.39
2334.73
2455.14
2252.15
2374.51
2281.91
2537.61
2219.64
2133.15
2349.93
2401.84
2169.17
2387.9
2224.98
2290.76
2230.9
2282.26
2377.91
2371.56
2146.75
2305.1
2286.16
2240.12
2473.79
2254.26
2393.41
2325.16
2367.21
2196.84
2412.19
2344.76
2269.14
2385.95
2336.74
2254.85
2405.99
2375.05
2012.71
2431.81
2378.26
2456.06
2413.69
2341.3
2284.48
2298.41
2343.82
2421.38
2442.92
2279.92
2142
2305.36
2390.42
2166.78
2315.18
2370.36
2329.82
2207.31
2388.75
2300.91
2395.27
2393.69
2456.47
2363.77
2322.04
2466.92
2384.63
2441.28
2374
2291.5
2373.2
2189.58
2424.35
2313.21
2493.9
2407.1
2400.1
2281.06
2365.55
2313.08
2305.6
2430.41
2289.26
2269.63
2296.96
2277.93
2435.3
2448.97
2320.37
2326.93
2229.46
2229.35
2402.59
2283.19
2443.14
2515.89
2259.6
2512.29
2379.66
2238.58
2324.01
2166.6
2337.67
2206.34
2321.92
2306.29
2470.25
2234.07
2228.78
2355.52
2270.3
2393.81
2353.36
2361.52
2404.94
2200.43
2154.39
2215.92
2352.95
2155.32
2146.47
2426.65
2362.09
2343.75
2434.25
2409.84
2143.69
2152.36
2359.15
2176.84
2297.16
2227.96
2484.91
2375.15
2247.72
2414.72
2508.32
2484.61
2177.56
2308.17
2334.36
2339.32
2226.3
2370.7
2434.24
2314.24
2291.07
2256.22
2381.79
2474.98
2215.93
2346.73
2411.6
2462.01
2361.38
2195.62
2277.39
2436.96
2494.25
2264.97
2124.43
2485.33
2292.88
2426.44
2379.39
2384.32
2252.72
2323.06
2240.7
2343.1
2532.33
2355.28
2284.29
2444.04
2256.95
2213.36
2341.26
2388.61
2179.42
2341.8
2556.83
2268.51
2237.66
2311.33
2142.79
2235.8
2169.19
2471.44
2318.92
2270.7
2452.39
2300.9
2264.97
2463
2345.67
2248.82
2401.36
2215.66
2389.62
2249.18
2352.22
2274.02
2149.28
2271.49
2307.24
2310.76
2181.9
2308.68
2382.85
2332.96
2045.26
2437.81
2426.51
2439.48
2123.09
2216.9
2362.29
2198.21
2417.61
2127.11
2380.98
2207.94
2423.84
2279.1
2261.36
2449.41
2394.23
2647.75
2297.47
2186.86
2240.62
2317.9
2412.01
2403.96
2313.7
2599.57
2397.4
2403.31
2403.94
2267.71
2210.51
2281.67
2334.88
2467.55
2219.7
2135.25
2362.98
2267.55
2198.27
2367.57
2293.49
2403.86
2248.04
2323.35
2453.07
2211.26
2263.1
2560.45
2269.86
2204.97
2253.51
2422.96
2409.39
2301.68
2344.54
2258.68
2250.76
2443.61
2073.84
2241.16
2216.92
2309.76
2249.55
2486.04
2257.86
2208.49
2364.55
2302.91
2347.5
2463.97
2287.45
2274.72
2370.28
2289.16
2140.5
2242.09
2416.34
2299.68
2275.02
2362.26
2343.3
2331.52
2359.12
2310.09
2211.46
2390.15
2227.17
2338.84
2213.03
2435.66
2291.43
2135.77
2448.3
2505.38
2442.59
2397.09
2408.66
2215.47
2243
2409.25
2162.54
2340.69
2202.27
2366.43
2354.14
2469.6
2301.9
2363.41
2260.13
2544.24
2198.97
2435.52
2253.17
2304.92
2150.67
2272.43
2305.87
2299.72
2436.56
2192.65
2328.19
2505.87
2296.77
2352.01
2342.52
2114.37
2421.42
2376.32
2269.07
2282.66
2259.64
2201.39
2121.6
2064.02
2187.76
2303.42
2226.76
2129.87
2553.05
2400.7
2539.72
2372.94
2358.06
2433.17
2396.88
2219.52
2302.33
2316.87
2164.51
2277.62
2430.16
2440.28
2218.92
2377.95
2489.63
2393.47
2249.06
2280.76
2428.02
2326.46
2425.98
2287.45
2327.01
2316.44
2447.44
2179.78
2218.26
2217.71
2248.68
2332.98
2361.03
2302.78
2294.6
2527.15
2233.09
2320.16
2583.18
2283.39
2255.71
2319
2303.86
2169.05
2204.62
2282.18
2265.83
2459.84
2289.29
2389.84
2259.64
2457.69
2459.37
2259.25
2261.51
2418.53
2252.64
2271.02
2467.69
2219.25
2218.56
2428.32
2117.43
2377.67
2346.48
2387.12
2320.65
2257.07
2107.15
2162.34
2371.8
2269.56
2368.44
2397.79
2246.81
2346.76
2241.87
2153.13
2243.04
2342.01
2240.02
2429.35
2488.55
2231.04
2281.01
2319.82
2132.44
2334.98
2379.09
2535.94
2159.86
2411.09
2274.17
2234.78
2471.88
2300.16
2091.89
2282.05
2379.18
2320.78
2549.28
2374.43
2432.97
2354.67
2380.62
2228.45
2318.44
2352.45
2204.37
2182.38
2522.83
2526.17
2229.8
2321.08
2427.08
2421.81
2307.74
2179.8
2439.37
2476.2
2301.13
2328.9
2401.72
2290.77
2404.72
2157.6
2408.28
2337.33
2256.92
2359.74
2350.4
2290.4
2220.27
2161.13
2125.82
2183.66
2322.48
2273.78
2287.55
2340.72
2453.15
2406.14
2291.55
2187.9
2378.98
2402
2355.83
2340.17
2305.91
2391.51
2142.62
2318.18
2272.5
2292.08
2276.85
2172.43
2437.17
2151.47
2488.17
2439.47
2315.76
2497.89
2390.61
2259.11
2398.06
2274.24
2276.87
2416.69
2351.66
2158.32
2261.02
2529.77
2276.94
2257.81
2498.17
2446.9
2423.07
2404.31
2377.72
2581.9
2186.86
2299.56
2175.2
2334.73
2309
2346.73
2181.05
2381.2
2167.34
2273.45
2289.96
2329.38
2387.81
2435.77
2274.66
2379.77
2355.14
2441.34
2392.7
2491.05
2264.87
2512.83
2326.3
2134.52
2301.72
2322.19
2280.41
2459.06
2312.32
2357.49
2353.12
2270.31
2256.92
2251.59
2289.13
2526.39
2404.43
2484.31
2444.13
2421.75
2281.69
2362.99
2667.96
2283.23
2223.07
2439.44
2405.52
2333.3
2319.46
2320.28
2419.19
2317.93
2244.31
2409.38
2380.99
2338.18
2286.27
2276.13
2383.37
2463.79
2485.66
2232.72
2299.21
2315.04
2351.39
2447.11
2324.99
2422.08
2396.83
2374.99
2100.09
2344.74
2472.74
2324.02
2343.07
2215.01
2307.82
2330.05
2421.75
2312.04
2137.75
2395.01
2455.75
2270.99
2378.48
2323.58
2417.46
2482.9
2371.64
2246.86
2585.04
2326.68
2389.45
2375.98
2215.75
2196.74
2237.12
2225.13
2283.39
2385.15
2231.35
2347.83
2214.42
2348
2240.65
2242.49
2399.75
2383.77
2239.77
2183.45
2245.53
2313.51
2263.73
2584.45
2458.39
2230.44
2149.24
2362.11
2337
2486.48
2320.56
2378.53
2159.15
2302.92
2293.8
2272.59
2435.6
2227.45
2352.28
2362.48
2367.5
2388.1
2306.63
2370.56
2381.96
2412.97
2235.68
2228.71
2303.69
2457.3
2332.62
2319.39
2480.87
2448.3
2285.3
2317.88
2421.47
2406.99
2073.39
2512.66
2356.95
2248.1
2403.55
2279.23
2369.31
2153.36
2398.27
2463.09
2291.84
2555.53
2321.62
2292.57
2293.01
2404.57
2413.32
2437.06
2569.39
2268.08
2402.87
2345.14
2324.99
2206.12
2392.1
2314.51
2406.62
2421.4
2358.16
2330.19
2311.65
2204.68
2278.08
2344.76
2427.64
2242.38
2247.71
2243.31
2295.87
2236.91
2427
2383.32
2219.23
2316.26
2475.93
2304.58
2357.14
2354.73
2355.33
2341.44
2422.47
2381.71
2259.02
2423.26
2355.73
2219.54
2172.2
2335.79
2362.68
2236.31
2169.65
2327.81
2442.38
2273.91
2257.12
2291.95
2486.72
2353.56
2392.45
2355.11
2333.58
2504.95
2297.83
2379.19
2249.17
2373.43
2246.57
2312.25
2167.88
2506.97
2185.27
2265.73
2380.02
2232.45
2449.43
2173.97
2432.35
2174.69
2258.42
2256
2563.13
2394.37
2284.11
2360.92
2227.87
2349.75
2307.17
2541.02
2291.83
2288.89
2442.38
2271.82
2401.6
2412.11
2184.95
2391.65
2179.48
2340.46
2350.03
2342.98
2360.97
2330.36
2452.85
2478.64
2461.22
2440.8
2363.2
2269.26
2417.79
2202.12
2446.42
2173.63
2227.68
2348.46
2351.05
2261.5
2435.29
2353.96
2209.54
2347.11
2277.54
2268.89
2263.41
2330.53
2349.96
2248.96
2258.85
2282.21
2177.24
2386.01
2221.54
2365.54
2220.87
2297.73
2399.58
2389.75
2306.61
2445.96
2384.15
2247.99
2276.33
2424.96
2266.03
2308.56
2310.11
2254.16
2205.95
2129.9
2280.54
2282.21
2263.15
2322.11
2253.4
2161.88
2541.71
2351.38
2280.57
2078.32
2486.32
2270.4
2483.81
2346.59
2266.66
2330.09
2366.92
2363.55
2451.16
2218.34
2273.91
2197.1
2347.26
2297.81
2232.34
2469.37
2390.32
2331.01
2265.34
2324.32
2219.24
2206.27
2386.62
2444.63
2410.11
2347.69
2408.32
2348.55
2435.95
2286.4
2477.6
2283.43
2483.67
2332.64
2328.56
2243.84
2407.27
2307.95
2281.71
2344.47
2284.09
2356.22
2164.55
2260.69
2367.86
2216.92
2170.87
2306.77
2379.26
2253.59
2500.68
2235.17
2217.31
2259.34
2532.93
2344.73
2253.48
2236.89
2331.6
2280.02
2215.63
2354.6
2316.46
2309.17
2414.02
2345.76
2236.53
2364.93
2373.05
2251.64
2374.44
2397.52
2466.16
2473.04
2322.98
2352.66
2322.66
2374.77
2449.17
2263.63
2224.61
2321.8
2162.86
2199.47
2382.24
2268.91
2412.76
2394.47
2283.17
2447.68
2322.11
2409.61
2299.78
2218.27
2316.01
2206.03
2396.48
2298.43
2416.57
2332.8
2461.33
2340.04
2277.76
2263.52
2402.91
2165
2316.32
2361.16
2381.44
2321.67
2344.9
2378.38
2301.49
2411.81
2431.38
2249.99
2359.36
2229.89
2280.99
2287.08
2180.07
2241.03
2309.57
2267.13
2235.15
2243.17
2330.12
2333.29
2246.82
2319.26
2400.92
2236.42
2192.7
2335.31
2505.44
2367.41
2314.71
2414.81
2398.3
2391.81
2373.41
2289.79
2347.53
2255.47
2134.77
2190.87
2196.46
2265.39
2365.94
2234.96
2425.2
2036.54
2124.28
2213.76
2424.87
2297.12
2369.94
2400.39
2091.45
2385.67
2367.32
2494.58
2395.08
2280.54
2292.06
2299.99
2368.48
2340.51
2107.91
2359.72
2270
2467.32
2241.75
2279.59
2251.86
2371.43
2402.65
2299.17
2427.9
2217.28
2177.86
2371.89
2496.02
2465.7
2440.17
2248.87
2448.58
2255.94
2306.78
2367.67
2317.75
2339.63
2378.61
2276.48
2300.43
2194.56
2272.31
2320.99
2355.31
2397.23
2393.1
2410.05
2384.77
2268.98
2287.37
2291.06
2331.92
2270.7
2388.74
2343.35
2247.56
2410.86
2451.95
2278.69
2345.26
2186.62
2559.17
2158.6
2382.96
2415.88
2463.71
2285.82
2345.9
2249.8
2238.19
2386.59
2343.76
2324.26
2344.6
2314.6
2406.77
2479.87
2226.48
2356.19
2332.08
2481.87
2467.81
2318.61
2389.26
2117
2495.77
2424.88
2423.89
2359.15
2441.46
2273.19
2268.2
2321.13
2355.34
2356.23
2470.35
2243.68
2338.79
2406.29
2500.41
2373.71
2342.06
2341.54
2434.61
2297.85
2325.76
2212.1
2473.33
2485.14
2369.5
2478.99
2281.61
2253.44
2370.47
2363.27
2315.33
2350.31
2311.86
2207.16
2388.28
2325.39
2309.79
2166.22
2539.53
2340.49
2240.92
2238.22
2260.85
2140.74
2313.95
2427.72
2392.47
2225.95
2238.56
2402.56
2337.03
2356.16
2364.07
2242.08
2167.21
2275.41
2202.7
2475.43
2399.53
2400.46
2301.84
2336.49
2588.66
2254.47
2320.46
2271.05
2436.67
2316.36
2287.36
2234.38
2520.46
2390.43
2301.53
2361.68
2304.12
2462.31
2413.36
2106.01
2189.3
2353.76
2359.33
2364.44
2528.91
2430.61
2389.55
2407.32
2122.71
2369.28
2331.86
2275.13
2401.03
2481.69
2353.36
2215.25
2200.58
2230.17
2333.16
2436.86
2394.61
2346.86
2158.59
2206
2466.35
2334
2195.79
2364.1
2254.08
2224.57
2403.56
2396.14
2190.99
2468.06
2472.21
2477.51
2343.09
2223.28
2444.44
2466.2
2407.83
2317.33
2252.27
2226.94
2225.97
2293.26
2375.23
2278.39
2325.72
2356.52
2712.65
2297.07
2341.23
2189.28
2324.67
2228.5
2327.34
2216.86
2350.56
2381.61
2344.71
2239.84
2433.86
2376.77
2262.48
2174.9
2364.17
2284.49
2444.95
2265.04
2233.47
2465.11
2204.04
2353.86
2359.52
2399.73
2124.4
2277.18
2386.39
2300.63
2377.5
2482.02
2316.38
2298.2
2469.23
2444.6
2375.74
2239.17
2394.58
2198.33
2450.35
2457.28
2339
2229.73
2454.95
2327.78
2456.99
2535.06
2355.64
2194.76
2264.01
2458.62
2389.18
2266.87
2421.95
2446.88
2385.93
2214.66
2159.42
2141.29
2221.45
2351.99
2303.82
2396.97
2482.1
2195.45
2268.37
2164.25
2484.59
2313.01
2428.65
2300.21
2413.9
2414.67
2274.26
2322.55
2486.41
2383.95
2428.46
2126.34
2206.18
2236.09
2524.61
2297.48
2187.69
2424.52
2273.41
2332.43
2256.25
2410.85
2332.66
2400.57
2285.56
2196.68
2095.98
2202.87
2393.98
2183.39
2363.94
2313.52
2266.5
2256.93
2399.67
2502.47
2315.95
2425.45
2410.45
2394.41
2275.24
2275.47
2345.02
2443.92
2379.55
2302.81
2453.41
2363.24
2008.08
2298.65
2421.11
2246.12
2369.93
2329.59
2333.66
2403.74
2159.89
2510.8
2254.86
2435.44
2418.45
2369.31
2483.67
2212.08
2369.57
2293.23
2313.27
2262.34
2612.73
2235.8
2333.02
2380.39
2385.96
2260.75
2320.55
2409.93
2150.65
2086.21
2402.67
2371.37
2228.28
2134.88
2355.12
2258.26
2278.36
2186.63
2380.65
2195.24
2252.54
2292.07
2200.48
2357.71
2386.99
2464.18
2341.99
2430.65
2602.31
2258.04
2260.5
2516.13
2356.57
2545.98
2273.33
2217.97
2334.72
2428.65
2299.53
2381.63
2421.48
2324.37
2245.13
2579.65
2430.61
2300.17
2304.85
2324.23
2468.65
2366.09
2160.4
2350.83
2336.29
2389.97
2324.44
2541.81
2302.72
2299.89
2293.08
2262.66
2315.55
2349.43
2279.33
2303.76
2277.34
2294.58
2329.82
2286.92
2381.78
2379.06
2457.15
2402.16
2255.83
2427.19
2267.23
2424.75
2374.09
2165.46
2402.43
2358.23
2297
2392.1
2302.39
2280.94
2393.54
2382.38
2281.3
2238.39
2390
2265.74
2152.13
2388.34
2321.21
2289.91
2231.37
2380.79
2280.39
2308.44
2364.8
2325.92
2345.81
2406.28
2274.27
2197.74
2295.14
2322.44
2246.18
2086
2293.01
2207.25
2368.47
2377.28
2403.68
2315.25
2127.45
2405.45
2122.21
2369.62
2232.37
2300.85
2297.78
2309.27
2003.41
2506.28
2254.76
2518.48
2232.83
2544.63
2331.95
2592.9
2514.67
2214.99
2335.29
2324.9
2144.38
2299.49
2294.04
2253.43
2438.63
2360.75
2245.17
2301.42
2269.77
2209.4
2372.35
2434.09
2237.9
2274.84
2374.3
2271.05
2402.85
2194.42
2411.92
2119.62
2313.55
2253.32
2282.04
2291.48
2239.16
2140.6
2430.27
2109.13
2168.49
2465.47
2320.35
2443.87
2388.61
2329.98
2102.6
2200.18
2283.2
2443.21
2175.35
2225.52
2292.5
2320.94
2461.07
2228.76
2291.52
2450.31
2491.75
2416.41
2086.42
2237.01
2273.7
2333.23
2266.7
2243.19
2207.5
2104.87
2152.18
2330.64
2340.47
2257.35
2391.6
2327.34
2157.13
2406.74
2413.02
2326.61
2394.44
2283.16
2132.28
2440.29
2402.2
2339.22
2395.86
2301.71
2353.59
2314.54
2280.27
2404.15
2475.18
2272.54
2428.73
2180.04
2173.89
2422.77
2483.6
2346.97
2229.36
2354.63
2292.93
2246.53
2179.87
2203.4
2417.13
2416.92
2336.06
2158.15
2327.58
2361.02
2236.89
2260.93
2139.65
2245.19
2403.5
2286.1
2305.93
2370.57
2356.05
2282.44
2397.44
2238.96
2308.37
2435.68
2231.32
2110.96
2336
2277.95
2307.89
2347.76
2221.81
2148.13
2326.66
2300.07
2346.02
2121.04
2457.09
2178.65
2363.29
2326.89
2362.67
2249.64
2150.74
2573.17
2297.92
2385.54
2337.38
2198.82
2194.74
2241.27
2248.77
2447.35
2151.36
2409.96
2333.23
2343.95
2220.74
2238.75
2556.31
2216.74
2531.12
2475.67
2373.99
2452.64
2424.49
2415.3
2317.16
2306.01
2293.39
2385.77
2326.54
2205.33
2141.08
2450.54
2343.57
2256.98
2430.73
2133.86
2364.67
2369.77
2251.47
2415.66
2158.47
2471.27
2429.35
2318.23
2334.72
2304.14
2367.24
2252.12
2304.76
2311.4
2423.92
2211.91
2282.9
2343.6
2247.64
2357.17
2226.7
2506.06
2337.38
2325.87
2431.83
2356
2319.67
2438.41
2381.51
2367.6
2300.49
2453.74
2442.12
2293.31
2204.53
2245.17
2250.79
2554.05
2351.12
2380.16
2360.69
2335.37
2365.93
2211.01
2335.08
2226.16
2333.98
2353.21
2228
2305.98
2218.32
2354.09
2379.03
2372.63
2327.49
2437.1
2316.74
2354.76
2320.4
2409.05
2545.07
2398.96
2367.89
2355.79
2227.02
2409.65
2403.18
2162.5
2204.12
2297.36
2436.09
2353.63
2211.63
2322.33
2343.59
2204.18
2399.04
2255.56
2388.38
2249.1
2532.66
2404.63
2264.7
2182.65
2292.58
2394.22
2395.42
2346.71
2085.98
2324.03
2306.73
2364.18
2340.4
2357.96
2291.01
2301.51
2394.06
2281.88
2255.13
2393.13
2433.07
2366.87
2327.94
2414.24
2378.57
2329.81
2499.19
2581.3
2178.11
2336.21
2498.06
2036.02
2421.52
2412.25
2329.28
2531.73
2319.31
2260.93
2431.67
2270.68
2346.56
2415.49
2347.89
2542.75
2326.34
2323.46
2243.55
2396.19
2479.72
2450.4
2232.87
2337.26
2327.16
2272.04
2322.42
2371.94
2358.44
2431.2
2363.03
2542.11
2237.67
2288.81
2203.78
2178.19
2207.03
2400.69
2286.03
2427.6
2119.59
2326.21
2140.92
2145.25
2352.57
2270.48
2219.59
2367.52
2260.76
2349.98
2367.98
2379.25
2339
2254.97
2442.85
2216.36
2283.49
2344.48
2168.66
2405.81
2315.55
2319.44
2392.87
2464.23
2526.63
2414.36
2489.22
2410.08
2392.91
2313.55
2390.76
2520.96
2259.78
2229.06
2354.06
2441.97
2311.66
2359.72
2267.95
2277.66
2206.66
2245.96
2400.27
2378.45
2261.58
2243.16
2289.66
2157.38
2522.14
2352.01
2437.46
2293.84
2549.4
2201.02
2269.96
2309.69
2302.19
2280.47
2369.42
2238.2
2168.48
2374.72
2227.85
2210.85
2283.58
2472
2255.57
2357.63
2341.11
2312.64
2343.01
2309.56
2449.33
2364.22
2157.44
2288.32
2443.61
2362.94
2395.48
2311.91
2335.18
2433.98
2359.33
2435.04
2309.24
2269.3
2277.28
2223.03
2222.4
2373.85
2286.55
2186.44
2320.57
2301.42
2315.62
2354.21
2264.59
2107.69
2267.45
2201.58
2359.7
2276.97
2304.01
2144.52
2291.91
2281.04
2146.62
2225.73
2354.61
2562.34
2349.57
2282.86
2325.93
2241.28
2534.33
2081.38
2183.54
2254.7
2360.5
2216.82
2418.76
2152.72
2384.84
2288.88
2322.94
2311.49
2337.89
2209.81
2458.09
2338.59
2201.4
2308.97
2346.26
2384.38
2226.3
2163.36
2233.69
2227.24
2440.07
2269.87
2433.12
2388.06
2381.59
2189.92
2335.53
2407.41
2304.56
2455.09
2272.67
2291.02
2262.02
2376.66
2271.81
2342.06
2392.29
2232.62
2388.08
2356.81
2346.07
2417.39
2250.34
2408.96
2337.12
2410.47
2308.09
2343.13
2495.21
2410.95
2188.5
2078.78
2132.84
2339.18
2260.84
2376.37
2379.53
2402.69
2199.55
2496.32
2296.68
2211.88
2276.69
2382.8
2289.52
2468.61
2412.74
2170.13
2337.29
2315.3
2286.75
2337.15
2553.68
2290.56
2412.77
2230.99
2281.14
2166.77
2241.05
2374.73
2370.57
2243.34
2384.19
2327.66
2405.42
2288.23
2307.71
2419.66
2250.03
2335.2
2305.52
2178.79
2224.13
2288.47
2180.76
2484.42
2267.88
2227.05
2366.69
2415.57
2362.19
2278.41
2444.76
2535.83
2210.76
2300.33
2298.18
2330.57
2275.01
2277
2392.15
2671.26
2268.61
2225.88
2281.86
2291.49
2314.87
2337.05
2231.73
2303.59
2333.38
2353.71
2146.8
2269.25
2253.5
2245.95
2376.61
2462.34
2288.17
2127.25
2068.59
2620.91
2447.03
2446.55
2403.71
2359.92
1996.63
2364.98
2280.76
2284.63
2272.42
2327.1
2197.45
2300.81
2252.48
2209.02
2317.28
2279.07
2220.72
2530.74
2347.24
2333.73
2476.38
2178.73
2152.31
2360.44
2255.58
2392.26
2244.96
2297.27
2147
2330.37
2214.57
2419.86
2127.55
2301.31
2534.51
2408.64
2141.3
2578.07
2209.94
2326.18
2489.33
2352.15
2461.78
2403.61
2442.34
2388.67
2135.71
2203.19
2301.49
2441.41
2440.27
2340.36
2416.91
2285.56
2477.4
2291.58
2256.97
2164.71
2236.06
2399.96
2438.37
2184.44
2386.66
2220.29
2378.48
2305.61
2379.29
2302.88
2311.24
2419.55
2303.31
2339.45
2266.33
2300.33
2329.77
2306.37
2159.36
2241.39
2460.57
2390.76
2401.49
2389.93
2215.41
2146.07
2417.75
2267.32
2283.31
2102.92
2596.99
2432.28
2310.2
2261.24
2295.07
2460.07
2428.06
2387.51
2299.19
2334.99
2267.81
2474.33
2244.29
2270.83
2265.56
2408.49
2212.1
2332.05
2196.64
2256.84
2263.05
2293.61
2263.52
2229.07
2475.9
2244.62
2398.69
2571.58
2495.84
2338.15
2263.66
2277.36
2343.47
2247.1
2358.98
2316.4
2248.15
2263.34
2390.86
2340.17
2429.68
2232.71
2327.79
2296.08
2403.5
2305.67
2481.53
2350.75
2249.16
2427.73
2423.9
2372.32
2330.89
2356.76
2362.29
2459.01
2188.81
2212.59
2461.33
2205.92
2077.29
2576.71
2271.26
2347.75
2231.08
2341.28
2276.37
2310.09
2202.79
2417.58
2279.77
2343.1
2404.64
2432.74
2252.4
2168.33
2408.68
2464.53
2310.38
2185.32
2530.07
2245.99
2469.53
2220.73
2236.33
2269.46
2246.11
2278.56
2286.56
2411.16
2190.46
2218.18
2439.38
2460.51
2323.96
2283.25
2115.11
2265.76
2363.55
2326.04
2172.53
2343.86
2258.48
2286.67
2346.18
2326.68
2393.25
2104.83
2322.79
2250.86
2338.09
2357.37
2439.16
2186.48
2248.81
2278.99
2411.85
2228.7
2267.25
2368.26
2522.5
2248.73
2326.18
2210.16
2166.5
2518.26
2305.41
2247.37
2398.02
2120.51
2301.31
2479.62
2317.46
2336.33
2187.26
2470.38
2258.39
2226.44
2202.64
2309.17
2240.33
2470.71
2305.83
2103.52
2499.63
2212.06
2450.62
2377.71
2371.27
2526.18
2258.8
2356.19
2524.9
2367.75
2378.89
2417.35
2077.89
2296.13
2155.8
2413.87
2236.17
2333.79
2326.93
2459.95
2361.92
2440.82
2352.8
2275.68
2311.34
2176.16
2228.76
2414.56
2494.2
2208.11
2212.84
2224.84
2403.29
2279.72
2214.78
1959.97
2230.29
2248.46
2358.73
2122.33
2420.81
2372.25
2429.95
2364.61
2303.71
2492.83
2280.7
2230.01
2339.33
2448.41
2344.29
2206.43
2349.85
2276.98
2278.34
2421.65
2282.38
2273.25
2461.55
2513.79
2348.25
2499.64
2408.72
2448.54
2436.55
2420.58
2413.49
2192.78
2401.57
2313.24
2389.94
2170.92
2513.29
2449.4
2252.47
2411.04
2327.11
2513.27
2474.54
2241.24
2513.11
2264.89
2173.9
2336.79
2258.24
2448.87
2290.41
2233.96
2235.12
2395.68
2429.85
2238.5
2200.55
2303.92
2407.23
2238.24
2312.24
2341.58
2274.62
2293.12
2099.8
2426.37
2271.5
2307.56
2461.21
2419.5
2385.89
2331.21
2347.53
2267.49
2357.34
2359.26
2169.37
2365.4
2429.41
2283.86
2445.1
2350.66
2272.21
2238.47
2368.02
2456.1
2245.05
2300.56
2224.93
2625.4
2213.54
2277.8
2375.76
2267.87
2318.94
2430.03
2311.09
2469.46
2331.14
2249.71
2349.59
2292.79
2311.55
2314.85
2288.12
2677.44
2409.18
2420.51
2112.41
2371.93
2531.83
2162.05
2375.3
2337.25
2215.47
2433.05
2236.74
2230.97
2324.4
2208.78
2451.74
2332.34
2338.38
2275.51
2166.64
2434.09
2382.27
2569.3
2213.35
2277.6
2332.8
2273.95
2485.63
2262.26
2304.24
2315.2
2387.68
2354.9
2438.11
2437.62
2319.45
2252.67
2236.58
2317.7
2304.52
2174.5
2418.97
2308.38
2428.09
2335.42
2241.58
2323.51
2331.89
2359.81
2278.99
2313.01
2480.45
2155.15
2434.25
2326.67
2284.48
2480.62
2474.97
2350.74
2370.56
2364.17
2398.21
2397.99
2328.34
2367.57
2335.21
2512.04
2334.7
2413.53
2245.38
2359.01
2208.13
2401.28
2319.62
2402.7
2282.21
2418.79
2441.56
2246.28
2350.23
2340.36
2302.91
2264.17
2311.43
2403.51
2205.91
2116.3
2249
2140.29
2469.71
2313.33
2388.12
2340.5
2345.17
2431.54
2332.29
2320.32
2350.77
2287.41
2310.92
2341.61
2422.11
2430.95
2397.47
2598.81
2387.11
2325.84
2303.11
2251.54
2317.49
2243.52
2309.98
2441.12
2372.04
2434.86
2338.31
2477.08
2292.61
2397.38
2406.7
2287.18
2361.07
2356.71
2263.01
2317.79
2313.2
2193.53
2205.82
2198.03
2341.12
2290.44
2364.28
2318.22
2222.54
2314.91
2381.31
2383.29
2448.69
2497.46
2439.89
2229.01
2459.58
2319.37
2198.72
2148.92
2220.96
2218.47
2397.65
2309.92
2178.82
2319.55
2252.17
2236.33
2267.81
2366.96
2289.75
2286.6
2238.71
2321.4
2484.89
2307.57
2241.39
2318.01
2298.79
2327.14
2185.71
2254.2
2410.21
2460.01
2238.68
2219.5
2323.24
2528.4
2384.45
2235.58
2394.52
2312.55
2317.79
2197.5
2179.17
2464.63
2185.51
2549.24
2311.34
2318.88
2318.93
2389.3
2176.17
2145.8
2408.14
2416.07
2262.63
2162.49
2245.35
2445.52
2301.03
2463.85
2251.45
2050.21
2335.09
2251.74
2345.67
2385.2
2292.6
2427.49
2455.05
2320.05
2203.04
2411.01
2316.03
2092.8
2363.53
2251.39
2274.49
2344.63
2285.04
2281.09
2295.49
2279.83
2332.31
2145.86
2527.22
2454
2306.55
2470.2
2259.12
2386.75
2416.12
2469.27
2411.98
2589.18
2319.46
2305.46
2385.94
2454.88
2280.08
2284.11
2233.97
2401.22
2201.06
2244.36
2360.58
2378.03
2357.44
2304.85
2198.72
2118.03
2330.81
2337.05
2401.39
2388.97
2418.56
2253.96
2240.36
2400.82
2145.55
2413.97
2325.33
2439
2301.2
2377.95
2507.64
2300.29
2429.64
2397.85
2406.93
2433.59
2393.11
2264.01
2195.33
2472.44
2313.73
2535.89
2261.65
2377.3
2375.88
2332.28
2302.07
2396.79
2279.07
2325.63
2122.8
2371.38
2206.21
2344.92
2441.1
2390.59
2337.45
2407
2201.4
2449.46
2194.52
2353.88
2524.19
2466.6
2383.54
2221.77
2496.5
2188.55
2591.64
2584.39
2420.91
2255.4
2431.77
2403.54
2284.74
2148.06
2403.8
2368.63
2174.41
2307.23
2339.85
2390.46
2449.92
2169.02
2299.42
2398.54
2320.08
2296.54
2377.01
2428
2082.94
2245.91
2249
2284.86
2276.61
2374.13
2388.99
2362.01
2315.6
2100.74
2257.1
2445.32
2397.91
2302.08
2293.98
2238.33
2049.32
2182.13
2410.01
2332.77
2307.69
2344.93
2141.14
2330.7
2447.82
2318.63
2272.13
2330.43
2139.64
2307.68
2326.49
2346.21
2371.69
2284.43
2399.28
2277.84
2378.34
2399.19
2460.8
2382.29
2283.66
2268.74
2166.36
2242.37
2185.31
2254.56
2599.8
2329.7
2431.49
2319.77
2378.43
2266.12
2326.34
2324.31
2289.14
2362.69
2182.4
2535.29
2240.08
2423.64
2099.87
2452.27
2279.94
2324.78
2256.47
2345.92
2319.79
2398.75
2230.99
2157.09
2434.59
2390.66
2291.21
2254.67
2325.68
2463.08
2173.69
2316.53
2161.84
2325.53
2210.01
2374.14
2304.63
2454.83
2259.68
2307.02
2341.85
2339.14
2307.74
2445.16
2161.8
2299.21
2359.43
2259.63
2349.64
2148.2
2452.92
2368.87
2188.77
2371.06
2304.85
2284.67
2347.63
2378.48
2360.67
2412.7
2434.43
2314.21
2310.94
2290.83
2322.25
2344.8
2215.54
2226.63
2329.77
2362.34
2319.34
2239.19
2260.57
2301.11
2211.87
2325.2
2138.02
2151.04
2256.19
2378.7
2242.63
2304.12
2247.07
2434.27
2448.46
2208.84
2080.9
2401.42
2351.52
2373.92
2330.17
2400.93
2181.65
2388.03
2348.25
2382.68
2498.69
2142.06
2319.06
2390.96
2402.84
2317.63
2368.11
2302.79
2335
2230.91
2181.13
2355.23
2329.64
2153.88
2252.2
2423.57
2375.88
2228.71
2233.22
2393.57
2440.34
2204.48
2391.58
2394.48
2290.28
2204.66
2313.97
2263.29
2366.02
2265.84
2324.92
2203.12
2465
2226.4
2309.7
2364.18
2267.54
2598.34
2396.89
2283.65
2434.72
2347.25
2382.72
2193.76
2332.49
2481.33
2174.13
2358.31
2288.03
2424.05
2602.75
2028.31
2615.13
2423.93
2329.46
2315.87
2126.46
2242.01
2380.8
2390.55
2191.47
2135.89
2467.75
2413.86
2391.29
2303.12
2123.08
2352.58
2364.11
2301.53
2150.17
2352.92
2501.59
2472.64
2317.1
2242.69
2294.35
2287.79
2309.06
2299.26
2310.93
2379.58
2145.52
2197.86
2372.92
2153.25
2247.39
2463.31
2344.8
2395.65
2194.66
2256
2468.98
2328.42
2176.32
2367.33
2256.53
2203.58
2285.92
2460.61
2236.04
2372.6
2196.55
2289.37
2390.61
2307.08
2229.63
2290.86
2249.43
2333.14
2397.66
2226.21
2411.38
2452
2367.94
2380.01
2291.12
2180.07
2464.45
2163.64
2208.91
2391.3
2397.18
2550.06
2426.17
2318.03
2193.01
2270.64
2314.77
2339.17
2228.07
2160.96
2422.44
2397.64
2198.5
2510.25
2300.65
2262.62
2509.66
2188.82
2488.18
2297.52
2257.88
2175.27
2371.39
2372.89
2552.61
2507.06
2178.54
2352.83
2327.2
2259.72
2366.43
2253.74
2213.65
2399.09
2518.57
2357.61
2280.66
2348.79
2244.41
2412.45
2394.07
2372.81
2431.06
2157.17
2162.43
2477.25
2124.77
2345.8
2381.57
2334.6
2410.72
2354.81
2143.73
2432.36
2256.93
2205.05
2449
2445.5
2251.06
2270.93
2214.89
2365.49
2229.46
2304.08
2334.46
2289.88
2425.72
2129.26
2325.87
2214
2329.27
2346.03
2287.26
2364.09
2319.28
2189.12
2380.09
2359.7
2273.23
2370.78
2304.78
2330.79
2356.68
2233.92
2168.01
2301.54
2435.21
2411.36
2308.88
2435.61
2184.14
2366.08
2384.59
2235.82
2271.66
2323.71
2438.15
2370.04
2303.19
2447.85
2310.21
2337.03
2273.59
2253.73
2338.41
2286.87
2456.43
2219.49
2631.34
2373.02
2372.96
2413.25
2532.56
2394.02
2285.86
2421.15
2256.69
2165.24
2280.82
2398.77
2391.8
2329.57
2529.37
2395.3
2254.11
2407.96
2121.65
2291
2203.34
2156.69
2253.61
2270.79
2470.36
2394.94
2369.33
2298.65
2397.23
2320.83
2257.58
2442.38
2327.14
2456.94
2298.96
2250.39
2345.72
2478.04
2268.35
2410.27
2455.99
2460.26
2310.59
2376.39
2293.02
2461.14
2339.33
2256.07
2286.2
2517.81
2115.01
2373.83
2230.64
2228.28
2253.97
2373.99
2463.08
2212.86
2475.95
2378.95
2667.05
2405.94
2449.57
2319.21
2265.37
2169.71
2366.46
2364.64
2403.61
2354.91
2185.99
2315.15
2303.72
2278.73
2317.58
2408.64
2325.57
2143.41
2339.41
2308.45
2060.81
2348.88
2516.64
2303.74
2257.11
2285.52
2197.62
2477.15
2404.87
2419.41
2333.86
2150.15
2224.21
2264.48
2414.48
2248.31
2303.15
2411.48
2287.38
2371.79
2377.14
2320.46
2243.3
2495.91
2393.3
2292.73
2263.1
2304.4
2280.78
2486.84
2261.29
2459.78
2358.6
2287.56
2402.36
2349.23
2482.65
2272.57
2200.86
2300.33
2358.16
2351.77
2530.4
2304.92
2579.78
2339.63
2511.73
2250.63
2485.28
2426.94
2389.84
2304.95
2160.37
2271.64
2302.17
2292.53
2263.65
2366.83
2351.23
2276.15
2268.08
2230.19
2398.26
2477.12
2494.15
2303.72
2358.48
2343.49
2383.1
2345.99
2279.02
2324.39
2283.08
2384.31
2295.08
2320.08
2416.43
2274.67
2260.13
2266.33
2335.87
2311.27
2353.32
2571.09
2294.3
2363.22
2232.45
2384.73
2416.25
2162.86
2138.85
2409.03
2396.22
2171.35
2317.33
2463.53
2441.24
2532.9
2248.36
2306.32
2297.81
2248.8
2360.02
2158.4
2352.88
2315.07
2352.53
2220.15
2233.24
2316.9
2310.27
2218.59
2325.23
2348.34
2396.56
2515.01
2408.38
2482.95
2078.49
2476.1
2375.44
2157.11
2384.85
2228.35
2503.46
2307.26
2366.46
2383.91
2268.41
2387.17
2418.9
2262.64
2309.94
2372.58
2349.21
2276.32
2318.52
2169.17
2296.33
2234.14
2355.02
2383.7
2271.61
2562.76
2454.62
2200.48
2311.5
2249.59
2358.91
2278.61
2367.78
2450.17
2463.26
2371.08
2239.77
2240.72
2351.03
2212.28
2348.96
2265.43
2497.13
2408.58
2280.54
2301.24
2431.73
2245.32
2402.84
2260.8
2306.07
2178.7
2300.53
2421.16
2319.71
2235.61
2312.39
2385.34
2287.27
2352.29
2533.47
2234.36
2207.61
2285.85
2302.94
2270.07
2202.44
2328.68
2418.52
2429.81
2394.25
2378.02
2308.47
2374.89
2317.86
2445.34
2135.86
2285.07
2518.34
2322.79
2314.15
2289.42
2194.18
2238.2
2425.23
2309.78
2279.41
2106.18
2222.4
2620.77
2414.32
2102.53
2271.25
2357.42
2369.26
2283.36
2536.13
2185.7
2414.89
2155.94
2413.08
2449.6
2405.05
2318.91
2350.76
2281.4
2254.79
2360.4
2391.04
2250.95
2218.79
2251.3
2281.11
2422.92
2327.22
2441.59
2264.99
2182.48
2049.45
2387.65
2258.42
2120.16
2260.84
2423.37
2301.37
2180.23
2250.66
2412.76
2341.98
2384.28
2322.19
2351.45
2292.55
2282.48
2137.96
2245
2386.23
2308.19
2462.16
2454.48
2476.31
2266.29
2457.66
2226.2
2325.82
2129.29
2433.62
2160.77
2486.11
2352.12
2314.28
2142.45
2501.7
2350.71
2109.24
2338.24
2458.94
2355.27
2308.51
2296.46
2336.06
2281.4
2275.6
2343.13
2436.17
2285.82
2400.77
2268.88
2280.98
2270.16
2492.19
2281.07
2186.12
2283.26
2223.1
2232.83
2342.9
2209.95
2014.46
2273.72
2377.6
2094.12
2319.1
2286.58
2373.29
2197.55
2450.92
2171.94
2369.47
2156.87
2192.78
2355.03
2338.94
2422.13
2318.72
2271.57
2249.27
2441.61
2364.08
2241.04
2500.04
2298.42
2320.7
2424.13
2353.54
2324.15
2543.67
2308.86
2414.95
2165.52
2337.07
2259.59
2385.03
2269.1
2330.23
2264.81
2403.8
2183.73
2221.53
2151.2
2348.69
2297.2
2353.82
2395.91
2351.56
2231.14
2284.84
2369.99
2126.94
2379.83
2618.67
2425.3
2340.45
2307.29
2381.46
2330.62
2282.66
2358.77
2369.8
2452.04
2409.1
2414.59
2398.64
2305.38
2255.78
2192.71
2307.12
2368.82
2378.79
2324.43
2333.12
2429.84
2362.59
2382.3
2313.93
2372.01
2285.21
2278.28
2164.55
2250.52
2294.62
2277.72
2327.9
2477.24
2157.92
2286.27
2218.61
2110.01
2387.42
2085.28
2277.81
2432.26
2456.84
2309.36
2382.74
2300.27
2364.98
2300.6
2279.3
2248.56
2445.38
2309.39
2083.73
2181.12
2323.84
2217.75
2200.23
2192.05
2278.63
2190.26
2348.4
2289.45
2219.6
2201.1
2169.34
2216.07
2321.99
2358.37
2206.92
2395.04
2211.47
2438.73
2471.56
2287.66
2548.65
2421.01
2312.1
2604.07
2385.64
2151.94
2409.88
2266.06
2394.98
2283.43
2402.99
2220.99
2433.5
2257.08
2243.81
2386.18
2363.84
2282.61
2285.07
2230.96
2327.45
2217.61
2316.86
2525.57
2259.13
2557.38
2423.95
2241.96
2258.49
2350.22
2281.21
2312.39
2417.92
2235.34
2310.89
2357.6
2533.04
2312.83
2216.32
2537.9
2370.94
2500.07
2402.5
2453.26
2463.63
2308.31
2362.78
2233.69
2458.54
2139.25
2244.54
2167.3
2438.24
2375.58
2500.42
2318.56
2182.91
2258.72
2229.37
2306.94
2450.41
2425.66
2351.46
2367.18
2216.61
2329.56
2270.37
2318.68
2350.89
2437.59
2361.68
2296.79
2498.4
2179.71
2301.75
2319.03
2377.83
2408.93
2297.69
2377.65
2328.25
2561.2
2227.71
2401.73
2283.81
2239.32
2306.31
2235.63
2114.9
2334.79
2436.68
2260.02
2381.49
2506.37
2315.67
2213.52
2472.3
2188.43
2338.81
2638.59
2383.22
2356.48
2328.9
2256.01
2291.78
2381.57
2529.28
2337.51
2197.63
2188.94
2488.85
2421.53
2130.07
2297.78
2243.28
2207.98
2375.23
2410.32
2247.26
2344.47
2237.59
2292.43
2316.15
2257.01
2472.76
2248.25
2459.29
2351.68
2338.71
2488.11
2344.42
2291.03
2167.51
2506.13
2382.67
2300.14
2321.32
2421.27
2304.42
2581.4
2296.23
2227.45
2334.38
2173.61
2300.23
2199.6
2452.79
2371.23
2281.58
2288.25
2310.97
2238.32
2239.5
2163.67
2461.98
2183.8
2352.63
2476.98
2236.9
2299.23
2403.92
2385.61
2281.94
2398.52
2246.65
2414.65
2338.1
2425.27
2345.39
2186.73
2293.46
2274.22
2321.49
2445.57
2234.69
2422.83
2240.55
2175.26
2316.31
2283.44
2371.11
2296.42
2397.03
2355.82
2274.7
2413.67
2311.38
2330.18
2283.05
2339.53
2194.95
2106.64
2501.63
2433.2
2401.66
2537.02
2225.98
2145.43
2423.2
2361.83
2384.69
2213.56
2431.62
2339.14
2265.12
2259.64
2277.18
2069.78
2433.48
2357.93
2272.03
2269.21
2460.88
2237.98
2340.83
2401.08
2421.1
2313.48
2301.84
2266.68
2488.15
2227.54
2546.62
2345.89
2398.1
2230.94
2158.95
2166.85
2183.65
2308.97
2242.02
2439.69
2377.57
2344.76
2337.92
2456.13
2350.61
2354.3
2323.15
2398.93
2407.73
2190.81
2270.79
2330.47
2373.77
2396.19
2157.44
2349.88
2395.95
2281.1
2174.89
2277.22
2405.73
2225.28
2177.62
2210.7
2394.61
2207.8
2131.6
2412.16
2189.16
2442.02
2430.12
2324.92
2412.66
2276.09
2305
2352.35
2313.96
2347.36
2458.08
2239.83
2322.29
2425.4
2321.4
2275.98
2381.27
2284.21
2353.78
2371.48
2183.7
2212.16
2311.64
2346.47
2253.82
2180.09
2137.74
2461.56
2276.75
2442.37
2266.15
2529.22
2360.22
2437.79
2334.39
2429.88
2319.64
2225.55
2344
2404.6
2290.87
2500.85
1997.9
2375.54
2369.67
2265.75
2298.96
2186.64
2216.67
2226.54
2153.21
2297.62
2283
2349.53
2375.6
2333.79
2243.1
2333.98
2323.99
2264.68
2313.04
2299.88
2484.71
2351.64
2276.06
2372.45
2254.67
2315.09
2509.76
2397.41
2399.8
2275.1
2409.76
2348.81
2232.65
2485.21
2285.4
2386.64
2401.98
2489.06
2174.24
2389.59
2367.14
2250.1
2278.15
2273.52
2286.22
2285.81
2283.01
2211.86
2368.84
2383.15
2108.04
2253.59
2309.9
2504.61
2372.49
2340.44
2278.81
2321.06
2409.64
2300.44
2230.58
2413.34
2315.61
2204
2190.31
2350.75
2504.29
2310.87
2329.53
2329.7
2313.79
2360.1
2563.38
2367.67
2440.11
2360.59
2303.24
2334.57
2311.74
2235.92
2348.39
2332.69
2394.84
2373.4
2353.05
2241.41
2292.59
2302.56
2197.89
2330.15
2262.08
2301.29
2429.41
2331.88
2374.79
2350.05
2271.07
2297.55
2116.11
2206.99
2450.97
2367.46
2301.81
2339.21
2370.72
2479.61
2308.22
2274.08
2308.47
2226.08
2300.84
2363.12
2314.87
2198.8
2266.1
2207.72
2336.12
2237.95
2434.41
2269.4
2344.95
2323.59
2189.89
2255.41
2185.18
2223.4
2343.02
2238.11
2347.26
2409.19
2314.23
2631.89
2355.01
2329.94
2388.56
2338.93
2396.88
2282.3
2141.04
2311.35
2234.76
2446.69
2185.22
2299.2
2242.93
2381.18
2312.14
2387.45
2284.63
2281.45
2277.69
2504.61
2420.62
2294.41
2336.24
2213.36
2166.74
2316.91
2394.62
2253.23
2331.13
2398.63
2285.75
2271.11
2166.1
2369.25
2323.19
2357.59
2349.2
2290.02
2153.02
2430.84
2375.38
2246.74
2364.66
2175.74
2416.75
2260.29
2241.71
2150.18
2146.68
2249.42
2312.69
2399.24
2139.17
2422.96
2271.5
2323.62
2466.84
2287.94
2492.7
2303.16
2399.28
2276.53
2432.87
2101.26
2260.97
2203.91
2345.24
2405.8
2249.46
2281.36
2245.29
2313.67
2241.87
2334.14
2338.8
2323
2351
2423.5
2138.27
2273.84
2230.67
2313.91
2372.9
2298.59
2417.8
2257.01
2406.07
2284.06
2331.6
2358
2431.47
2383.09
2284.78
2320.39
2369.61
2329.38
2306.54
2383.14
2195.18
2024.17
2516.75
2396.72
2351.44
2340.79
2355.48
2194.46
2331.48
2349.66
2158.78
2448.77
2398.91
2332.19
2237.8
2190
2248.82
2266.37
2230.02
2402.79
2507.98
2321.07
2343.59
2358.74
2315.92
2192.69
2356.12
2132.74
2342.72
2294.33
2251.35
2208.64
2288.09
2326.07
2112.91
2190.92
2292.42
2204.64
2366.24
2345.88
2332.09
2236.89
2340.03
2414.43
2342.72
2305.92
2387.04
2430.41
2340.93
2290.79
2436.19
2176.4
2425.83
2262.78
2381.53
2397.13
2282.8
2351.74
2250.13
2366.63
2138.03
2436.13
2156.06
2520.41
2301.1
2390.94
2290.58
2256.17
2334.01
2428.63
2269.84
2290.52
2259.83
2327.09
2353.96
2332.5
2455.91
2394.75
2260.44
2259.89
2374.56
2201.14
2235.24
2161.41
2325.44
2188.82
2339.3
2242.96
2420.66
2436.82
2463.27
2358.95
2424.93
2240.32
2259.07
2309.16
2194.26
2354.24
2320.11
2384.83
2142.65
2174.48
2319.14
2387.1
2265.56
2434.92
2390.61
2428.1
2439.37
2292.59
2290.82
2111.45
2260.57
2437.95
2290.57
2408.44
2429.49
2216.85
2216.23
2365.72
2360.08
2427.89
2660.3
2215.79
2351.64
2098.81
2261.02
2160.57
2279.33
2303.79
2574.15
2208.13
2435.04
2312.63
2256.11
2298.11
2249.96
2406.72
2270.15
2412.65
2439.4
2404.55
2178.5
2239.21
2310.99
2434.65
2360.64
2430.85
2335.77
2426.82
2291.64
2437.44
2149.29
2353.45
2209.25
2257.46
2285.88
2162.21
2446.26
2248.45
2478.01
2291.58
2524.13
2321.97
2333.2
2405.03
2343.07
2465.54
2263.63
2333.73
2354.69
2456.49
2441.99
2498.11
2240.37
2295.05
2344.46
2257.67
2300.18
2323.65
2212.18
2220.26
2210.55
2291.52
2368.05
2187.31
2351.49
2285.95
2385.22
2271.66
2460.82
2343.86
2439.86
2561.16
2521.27
2068.2
2216.83
2464.9
2356.98
2365.51
2455.79
2217.98
2340.32
2228.85
2310.87
2479.44
2285.52
2321
2356.43
2419.31
2221.84
2326.11
2373.73
2336.32
2464.46
2157.52
2180.03
2333.34
2320.13
2437.34
2391.95
2396.4
2355.89
2413.35
2171.84
2302.39
2492.76
2321.39
2248.75
2555.97
2437.73
2305.65
2261.78
2125.14
2389.15
2469.6
2304.2
2286.19
2224.3
2367.61
2293.24
2340.59
2328.79
2390.15
2241.77
2283.33
2285.55
2168.83
2373.44
2338.52
2334.03
2499.81
2402.02
2448.86
2277.16
2118.69
2399.85
2165.71
2285.38
2141.62
2369.22
2239.76
2350.74
2451.49
2357.89
2409.42
2364.05
2251.01
2250.73
2321.59
2237.63
2223.18
2284.87
2292.79
2478.42
2229.03
2314
2326.07
2363.87
2488.98
2558.29
2190.85
2331.78
2242.26
2352.07
2226.08
2406.6
2436.35
2321.68
2241.14
2516.9
2281.04
2209.15
2407.23
2431.15
2214.21
2340.96
2496.16
2489.62
2348.29
2312.88
2332.1
2120.17
2453.23
2300.08
2314.35
2360.09
2146.74
2348.63
2276.48
2294.01
2273.9
2313.84
2384.48
2330.59
2483.5
2290.95
2435.63
2303.88
2345
2009.62
2352.67
2349.54
2142.52
2232.34
2418.62
2205.48
2413.13
2304.72
2225.26
2464.46
2452.67
2247.42
2082.17
2416.44
2382.57
2434.12
2162.53
2349.79
2346.25
2295.97
2336.62
2521.73
2280.9
2490.99
2351.96
2392.79
2144.45
2318.04
2270.11
2324.21
2433.5
2406.99
2215.45
2383.75
2429.25
2285.94
2398.18
2248.64
2572.94
2322.74
2308.54
2338.28
2301.69
2405.68
2342.14
2325.47
2406.24
2338.09
2456.52
2465.87
2195.87
2320.27
2301.22
2424.31
2355.6
2240.33
2367.27
2313.85
2321.52
2429.28
2215.89
2306.53
2262.8
2329.08
2388.13
2269.3
2274.25
2240.07
2420.39
2362.34
2249.86
2374.11
2374.53
2294.67
2387
2343.25
1954.23
2281.68
2341.75
2351.11
2242.41
2281.65
2523.92
2215.57
2257.45
2418.73
2373.21
2263.43
2207.93
2218.18
2314.01
2088.58
2316.5
2269.12
2319.61
2292.75
2250.41
2271.28
2377.29
2157.36
2385.98
2307.01
2353.78
2292.04
2237.07
2307.9
2448.33
2231.87
2326.43
2305.11
2336.86
2347.8
2478.65
2288.79
2180.55
2321.15
2195.76
2283.45
2438.22
2518.37
2391.51
2305.25
2085.09
2277.56
2448.69
2345.75
2192.61
2449.71
2560.97
2284.49
2250.47
2397.97
2319.9
2097.34
2363.46
2114.01
2369.05
2349.78
2185.42
2247.85
2340.54
2257.87
2347.58
2379.82
2495.96
2233.71
2213.28
2316.65
2267.71
2381.72
2345.84
2303.05
2387.8
2418.6
2336.81
2270.56
2399.39
2214.89
2253.27
2311.92
2228.3
2278.84
2332.52
2360.54
2183.45
2352.53
2224.45
2207.84
2450.95
2270.71
2370.12
2479.61
2431.1
2428.94
2296.44
2294.55
2399.72
2309.85
2381.36
2264
2234.28
2457.04
2227.75
2249.81
2477.28
2423.84
2344.91
2076.96
2414.79
2349.19
2208.04
2404.87
2239.98
2199.15
2322.84
2254.76
2344.4
2502.94
2437.78
2365.12
2475.03
2392.67
2359.79
2141.11
2284.07
2126.58
2568.71
2358.14
2340.38
2396.24
2145.47
2376.73
2303.23
2322.91
2312.41
2380.54
2215.2
2322.68
2420.75
2458.75
2253.78
2238.85
2368.46
2247.51
2243.55
2197.28
2279.68
2327.15
2270.84
2417.14
2415.29
2326.11
2190.98
2249.65
2154.48
2342.36
2336.29
2361.48
2170.98
2209.26
2188.11
2342.64
2543.45
2272.94
2276.38
2195.8
2285.86
2323.26
2287.36
2357.69
2221.03
2318.18
2336.87
2167.15
2464
2197.59
2283.61
2328.81
2233.83
2373.94
2208.8
2260.46
2488.58
2317.91
2113.9
2338.78
2170.62
2226.25
2447.33
2258.37
2443.38
2451.88
2382.74
2195.24
2370.22
2328.57
2306.94
2476.42
2269.54
2538.84
2196.27
2225.35
2172.1
2248.26
2434.92
2214.91
2276.71
2220.65
2310.11
2208.56
2346.73
2184.32
2442.17
2434.48
2289.71
2459.28
2197.34
2253.8
2476.88
2372.27
2262.94
2170.18
2430.3
2325.35
2156.25
2359.36
2154.68
2078.97
2124.75
2233.55
2403.12
2352.85
2514.98
2351.08
2473.95
2324.48
2419.68
2213.64
2346.43
2426.17
2312.51
2402.29
2337.25
2429.54
2216.33
2132.16
2322.26
2393.19
2210.87
2406.51
2274.74
2530.13
2413.77
2358.81
2287.72
2269.7
2286.28
2389.19
2184.14
2286.41
2393.24
2313.29
2388.6
2294.73
2376.14
2383.92
2336.74
2295.97
2389.1
2143.25
2309.1
2169.7
2396.79
2205.9
2225.6
2217.89
2257.29
2331.11
2274.25
2300.5
2291.72
2325.72
2327.32
2373.87
2360.77
2178.21
2411.98
2272.15
2329.4
2307.04
2387.41
2300.96
2267.03
2491.16
2294.67
2290.43
2622.11
2294.28
2268.84
2255.24
2295.56
2268.94
2277.62
2246.55
2174.34
2262.17
2323.11
2088.91
2424.31
2267.56
2306.47
2412.71
2529.38
2159.21
2550.3
2156.29
2329.15
2358.43
2218.52
2278.02
2237.3
2283.29
2318.44
2158.56
2109.02
2362.6
2441.34
2227.98
2469.37
2213.4
2335.92
2418.17
2394.07
2416.55
2505.95
2340.96
2127.51
2371.29
2343.32
2270.88
2434.59
2230.71
2324.08
2588.86
2181.14
2506.88
2339.78
2208.4
2311.03
2550.69
2540.63
2214.99
2290.95
2221.64
2455.03
2264.03
2222.44
2319.31
2448.01
2233.25
2190.29
2416.43
2133.75
2272.44
2216.91
2283.96
2256.92
2350.78
2298.57
2332.07
2355.54
2351.51
2680.7
2284.21
2403
2155.3
2377.61
2387.19
2285.96
2378.05
2249.86
2263.44
2151.67
2308.4
2366.19
2324.7
2271.6
2276.03
2297.79
2283.87
2370.03
2323.84
2222.85
2486.34
2371.71
2244.79
2249.12
2371.91
2355.41
2287
2418.75
2306.35
2285.51
2399.35
2333.54
2354.05
2416.92
2381.93
2369.85
2301.98
2340.27
2185.68
2319.08
2343.62
2348.01
2215.72
2307.02
2388.22
2295.93
2238.25
2397.48
2329.94
2253.52
2382.49
2372.51
2421.93
2090.17
2413.83
2344.78
2299.53
2358.92
2496.94
2216.27
2435.54
2365.06
2183.32
2191.03
2402.9
2312.41
2235.44
2368.07
2371.18
2224.57
2252.36
2170.44
2230.59
2251.68
2270.28
2224.69
2382.34
2449.17
2234.79
2393.03
2287.31
2302.5
2252.37
2373.44
2402.19
2190.23
2297.98
2122.48
2300.55
2330.32
2230.33
2150.88
2229.08
2354.2
2361.15
2328.5
2242.4
2381.12
2189.63
2314.95
2298.43
2273.43
2341.13
2367.52
2295.82
2360.28
2325.67
2322.76
2324.65
2275.92
2339.08
2284.17
2408.57
2384.38
2360.56
2273.27
2390.56
2550.91
2267.65
2341.44
2370.78
2386.69
2275.51
2437.49
2294.19
2199.8
2245.17
2317.49
2353.83
2299.48
2346.17
2406.78
2317.47
2406.53
2206.91
2333.53
2418.05
2307.99
2437.88
2275.94
2332.98
2365.06
2428.1
2255.87
2371.39
2401.14
2347.15
2446.42
2271.52
2373.95
2178.68
2361.96
2454.28
2342.32
2412.01
2350.3
2320.46
2339.31
2323.87
2516.9
2374.66
2345.01
2369.2
2308.68
2162.26
2522.19
2381.73
2105.88
2386.16
2298.77
2319.41
2443.84
2313.6
2332.45
2418.28
2160.96
2285.58
2320.66
2296.06
2277.02
2421.51
2354.99
2310.58
2227.76
