143.789
174.208
178.536
141.42
154.96
176.335
173.154
158.086
162.163
175.495
144.849
173.314
166.332
156.49
192.801
177.371
175.433
160.54
154.233
129.432
167.163
152.195
195.435
132.079
170.24
151.849
138.125
150.142
178.935
125.359
161.466
173.819
215.498
169.131
234.212
177.027
156.688
136.64
214.777
143.477
174.265
147.309
168.56
156.104
155.425
139.246
161.751
138.437
163.699
201.518
180.661
181.818
160.697
130.748
130.442
151.859
165.556
143.372
157.898
172.333
136.1
155.984
138.297
180.408
150.346
155.278
188.681
129.907
152.585
176.735
150.587
184.441
135.689
189.051
161.563
152.99
146.878
155.741
130.102
156.306
166.505
160.326
133.061
161.914
170.69
145.869
197.394
119.73
162.856
104.748
160.587
156
106.799
185.067
164.655
167.994
174.098
170.743
146.039
141.377
135.965
152.963
158.291
182.032
122.052
159.46
154.22
190.28
170.675
169.177
175.146
164.955
194.945
152.745
148.211
175.022
137.914
121.879
158.908
142.659
133.841
139.491
163.996
161.916
216.884
149.946
110.126
155.573
164.326
191.122
149.304
121.568
138.547
226.698
167.576
173.169
181.76
171.556
114.993
180.855
159.138
210.991
173.613
182.538
177.25
166.521
117.278
160.991
176.347
143.637
200.087
128.949
195.446
170.551
158.497
180.938
155.224
164.442
185.187
179.347
159.618
127.581
166.26
156.403
177.736
139.462
185.635
171.638
167.854
164.319
189.347
134.608
155.658
176.778
122.186
160.15
142.836
171.347
133.311
161.23
188.884
142.661
188.18
166.487
184.157
135.708
152.551
168.847
190.125
139.706
200.301
124.271
171.834
138.139
185.441
144.425
146.927
197.675
159.527
124.438
160.144
156.861
185.536
145.246
176.111
168.304
158.745
169.318
149.904
138.101
172.21
114.396
173.901
151.663
174.069
161.665
141.286
146.22
165.744
160.977
158.369
174.349
165.024
177.776
179.38
152.317
189.152
150.53
151.369
213.439
169.487
231.25
171.486
166.721
161.809
140.469
161.244
156.616
135.411
138.584
198.173
142.351
143.771
168.487
159.925
174.798
200.097
145.353
141.718
192.489
154.932
162.002
171.904
185.783
157.462
174.365
149.396
170.858
169.136
126.64
184.392
155.011
127.12
170.44
148.009
143.803
137.056
156.023
177.135
183.054
162.7
150.538
187.714
149.56
133.92
128.399
159.563
184.53
168.965
175.48
181.957
190.726
188.77
175.823
184.55
157.103
152.569
137.442
157.373
231.151
171.312
140.74
180.62
153.509
176.454
159.742
174.398
161.407
157.87
134.654
186.345
160.837
143.376
171.015
186.01
150.517
149.371
185.722
168.673
185.902
174.826
142.172
204.094
180.461
150.984
151.512
140.88
172.7
142.235
185.466
130.09
165.732
165.409
149.926
156.756
125.029
159.989
161.038
157.092
176.54
146.743
127.024
128.491
150.197
191.207
160.606
141.831
157.38
128.268
201.117
157.405
117.653
154.028
181.103
162.55
149.249
136.89
168.377
160.024
204.787
146.178
182.136
174.225
138.723
154.822
149.608
161.515
168.589
188.562
143.136
188.176
153.284
154.35
166.547
165.5
172.912
162.545
156.228
154.249
185.483
181.337
116.719
175.676
138.765
146.345
163.402
137.554
147.335
137.346
162.622
165.6
172.138
129.633
140.401
154.933
109.95
153.376
139.879
161.693
156.624
173.096
129.741
146.111
182.291
168.559
158.356
163.615
185.12
180.714
203.572
155.492
162.178
119.113
164.239
153.16
119.007
174.024
170.495
186.11
129.294
165.047
131.16
157.845
110.262
183.528
182.946
128.365
151.709
153.133
188.79
112.909
163.149
160.294
133.505
124.274
158.578
130.472
188.089
159.224
173.74
171.543
125.778
134.713
160.691
172.268
151.183
179.4
137.533
151.769
170.97
153.264
135.264
221.673
170.197
153.908
183.997
161.153
119.929
159.079
176.368
186.041
130.538
156.478
199.867
166.113
187.313
147.244
152.12
165.081
110.47
131.957
119.591
163.512
131.692
150.083
128.096
175.45
210.647
168.945
174.925
224.121
129.522
195.719
167.401
178.515
142.306
174.583
143.324
159.292
155.07
177.799
168.171
199.861
165.549
148.88
164.48
116.218
137.029
161.036
168.934
141.264
184.519
160.832
185.003
151.198
142.894
166.657
154.044
190.347
167.806
161.499
155.363
172.641
171.916
157.797
146.39
171.784
136.1
149.833
155.138
187.023
147.037
175.168
156.421
149.51
150.6
133.855
170.296
169.98
124.263
115.75
166.687
156.016
161.326
167.275
152.314
152.635
171.109
187.304
199.411
158.763
143.29
137.361
174.478
113.878
182.428
121.426
150.742
135.236
156.238
129.428
186.642
170.185
174.47
105.055
144.74
200.595
156.452
162.958
204.933
222.787
178.745
140.065
130.998
197.663
187.784
156.372
143.595
123.053
163.673
161.137
133.072
140.075
122.902
160.593
151.326
147.758
162.689
160.692
128.805
163.737
164.51
174.35
163.362
181.852
159.046
161.608
195.395
143.593
184.239
117.521
165.652
175.238
176.53
153.631
174.647
168.679
142.918
179.014
197.605
172.041
175
149.909
202.346
148.182
132.622
201.131
152.909
126.017
167.22
140.387
164.502
163.779
162.001
196.766
168.544
175.059
148.548
191.927
187.691
188.832
122.689
140.596
168.201
142.058
191.878
169.939
181.849
149.247
165.016
146.835
152.079
119.209
170.91
196.184
143.101
158.062
132.767
135.545
153.164
112.499
167.194
137.458
190.68
145.111
153.727
165.497
177.467
146.548
187.681
134.018
132.494
148.763
155.798
181.122
169.901
184.918
122.48
165.857
193.698
172.67
173.287
142.139
160.27
148.431
158.869
208.81
152.388
157.004
141.039
200.072
156.035
130.444
204.486
151.711
188.454
164.364
147.991
122.864
146.188
133.101
167.925
153.102
113.86
191.55
123.572
164.174
154.311
145.777
164.596
139.877
163.066
191.154
158.878
138.883
179.518
201.944
138.741
133.76
163.044
176.509
134.969
154.071
155.23
144.022
162.063
149.038
176.743
154.065
176.047
163.666
173.169
184.78
155.379
166.734
156.827
147.907
164.332
158.294
147.726
155.519
183.166
128.613
106.652
168.204
171.745
158.9
129.435
146.543
168.666
171.541
168.186
150.247
155.975
152.385
134.774
162.235
180.517
173.689
168.177
148.835
205.798
177.905
141.68
177.596
150.326
137.924
162.252
182.973
176.033
182.293
173.671
173
177.18
187.951
140.296
164.772
173.672
122.339
161.133
148.791
151.225
180.246
165.785
148.314
158.265
149.71
153.333
157.829
194.497
193.727
159.819
153.156
173.607
212.455
154.431
125.785
173.377
193.724
179.372
191.764
126.269
159.802
185.984
175.82
152.395
199.579
171.748
177.463
187.023
169.614
132.097
171.737
142.145
155.645
134.156
181.144
190.421
135.068
144.249
152.814
181.129
154.768
193.055
171.47
135.806
144.297
171.148
180.446
137.553
170.681
153.474
162.882
183.453
139.584
167.569
184.105
149.056
175.545
175.759
175.833
137.184
108.126
144.369
154.179
147.546
165.65
135.505
163.416
155.387
149.268
165.397
177.047
143.803
137.577
181.391
177.955
178.383
131.286
134.852
161.899
205.262
175.728
166.082
160.725
169.628
142.213
181.934
154.395
161.289
139.368
130.831
155.568
170.59
153.015
198.398
154.892
151.168
134.652
140.028
179.302
164.485
162.783
166.946
171.144
152.075
176.006
171.577
181.169
116.62
173.161
149.353
181.947
178.999
112.981
148.704
180.889
197.656
126.604
163.77
168.132
175.996
153.319
142.435
142.152
139.45
181.059
169.312
138.607
146.821
182.159
217.257
141.369
177.805
198.499
190.071
184.941
153.801
160.468
165.755
140.29
192.184
139.217
156.417
143.246
148.39
151.002
130.716
168.614
150.266
124.373
151.842
137.14
137.258
149.546
169.216
169.41
161.812
182.791
140.87
144.342
205.291
138.668
124.211
128.326
158.516
150.897
148.372
159.897
169.957
158.114
179.634
154.929
180.611
173.702
176.24
143.264
177.955
143.487
149.539
157.55
125.879
156.641
168.058
169.238
138.631
177.945
184.838
186.683
132.179
164.484
143.335
181.73
166.942
137.877
169.967
151.011
145.467
209.879
162.397
205.089
145.916
153.104
165.702
161.24
163.201
139.359
153.766
116.309
172.706
202.539
151.634
114.376
159.608
143.139
136.892
168.439
172.711
179.811
161.563
142.349
164.154
160.31
166.05
203.687
177.95
162.465
147.779
164.461
176.156
172.49
195.454
120.923
172.415
161.28
208.895
205.025
116.599
159.522
175.897
167.247
133.002
120.667
178.28
147.077
166.255
181.47
175.395
142.464
176.168
163.472
193.044
156.325
173.163
164.539
125.29
162.276
175.932
173.54
183.051
115.06
154.627
176.512
199.346
175.014
184.476
136.125
181.206
156.826
143.775
160.684
212.577
128.711
137.963
154.693
174.039
184.803
143.766
156.869
157.142
153.708
206.754
173.725
157.69
147.656
179.72
112.681
150.914
132.679
149.673
162.42
140.309
156.374
170.731
166.065
158.195
152.158
176.651
199.338
112.074
191.184
178.196
159.056
156.084
155.593
163.106
155.086
163.311
217.276
156.744
147.699
130.371
121.869
173.005
133.303
177.947
159.325
166.175
177.007
168.372
150.507
135.244
148.465
169.307
133.339
166.302
197.512
156.413
157.43
145.987
192.913
139.505
145.273
182.175
155.806
127.982
161.254
183.793
141.557
156.128
132.407
177.568
165.517
166.717
194.823
158.004
148.976
162.899
100.833
198.027
140.211
180.003
180.506
166.732
146.46
190.37
148.311
160.46
194.711
145.576
156.008
176.822
167.023
147.138
163.648
184.725
142.511
173.742
132.669
203.793
160.825
167.423
130.297
134.957
117.588
183.393
198.648
133.463
152.292
177.115
169.213
166.614
147.309
159.427
145.101
182.782
199.685
174.795
181.365
182.938
139.54
168.224
167.081
191.944
161.517
190.367
179.812
164.855
157.603
148.335
142.675
170.096
133.193
172.003
140.22
168.366
170.049
190.772
153.001
168.589
178.177
149.85
224.403
177.207
151.134
137.984
164.771
132.395
102.531
161.359
168.66
162.704
182.451
150.713
145.031
161.747
163.033
155.278
136.012
168.867
164.46
163.199
159.727
161.912
130.641
142.824
163.403
163.806
167.602
188.776
171.998
148.698
187.687
188.523
158.088
162.446
131.557
176.63
179.143
133.043
152.082
181.273
182.343
141.069
195.107
127.735
195.15
142.337
180.445
143.241
155.664
147.691
174.316
169.427
176.554
121.872
185.408
171.96
178.42
140.977
174.867
143.393
180.019
162.441
155.14
186.391
144.918
207.819
140.336
160.341
198.694
162.49
154.607
149.963
159.614
152.507
171.632
160.128
131.591
162.974
173.715
183.229
144.544
158.604
124.18
135.549
163.274
200.615
159.344
147.658
136.534
132.012
139.93
135.774
142.308
151.736
149.866
161.381
149.067
153.687
160.095
199.881
146.319
159.076
138.892
193.904
155.009
146.932
158.949
117.711
186.332
194.152
167.095
114.493
209.973
183.953
157.712
175.454
164.869
174.796
139.031
154.806
166.222
147.506
119.19
152.485
177.413
183.537
169.131
162.638
168.645
151.83
136.225
154.933
194.592
166.322
163.107
149.572
165.435
176.337
168.139
160.502
163.763
152.613
164.073
164.475
131.501
146.816
131.926
173.755
139.512
201.127
158.369
173.11
170.847
181.604
171.511
153.249
167.22
167.637
143.453
163.424
153.774
158.718
189.916
170.907
149.159
142.407
146.204
136.323
137.89
129.628
135.501
158.167
152.3
131.271
173.783
144.749
135.814
143.626
170.287
182.598
176.911
162.87
187.958
129.535
147.511
212.622
144.132
128.063
187.471
162.129
143.36
147.538
108.939
168.889
187.414
161.926
144.276
143.829
146.983
164.707
151.169
154.633
149.657
152.277
182.185
141.464
135.308
155.195
166.626
128.269
150.021
161.949
142.357
191.304
159.841
149.602
119.521
126.636
188.371
127.034
162.911
142.667
132.15
155.045
152.745
153.547
157.932
142.954
210.755
135.258
164.688
157.17
158.3
151.612
155.141
158.393
148.792
167.538
160.722
185.172
187.916
127.791
157.42
173.201
146.07
149.429
144.136
159.873
177.396
162.537
145.817
143.409
141.323
171.561
141.077
166.692
153.011
141.222
196.256
169.913
138.599
122.941
162.52
145.772
157.881
151.869
166.091
160.632
136.616
170.595
155.878
182.507
139.941
154.936
160.392
169.614
129.175
164.936
144.331
178.777
132.665
144.931
144.582
162.675
129.872
150.697
164.46
155.935
165.727
154.882
147.704
179.574
139.507
167.344
176.705
123.426
160.083
175.609
156.432
143.911
171.169
155.945
151.566
177.022
172.021
178.976
159.324
169.438
150.937
157.308
153.198
152.153
155.103
156.933
188.489
155.797
177.413
182.896
164.607
175.679
134.154
166.118
154.699
158.782
158.638
148.967
161.434
154.055
163.272
143.821
141.472
176.527
153.797
183.185
134.423
168.306
168.238
127.087
116.083
155.725
140.303
137.806
143.032
147.113
142.046
156.696
152.844
154.521
138.872
148.228
140.749
189.636
148.744
148.837
199.397
192.923
159.739
137.218
163.287
131.199
150.546
178.015
159.966
136.317
194.875
139.235
165.986
192.904
179.816
133.585
165.687
180.536
170.034
140.64
142.53
175.791
164.963
211.023
183.959
168.727
145.696
161.117
143.433
157.99
156.708
132.461
159.888
169.66
149.222
144.197
168.677
161.008
175.471
167.429
217.308
153.501
157.192
170.474
214.465
203.48
161.678
159.119
144.48
182.568
169.606
121.451
150.306
141.9
196.633
170.582
112.819
186.504
161.681
144.235
149.966
145.658
234.081
158.143
157.873
150.174
169.871
144.295
159.634
137.424
146.528
135.79
172.815
117.289
170.47
180.771
156.737
165.166
185.079
118.096
164.212
187.856
153.077
171.325
182.214
156.213
145.062
211.102
175.111
155.647
117.482
187.42
181.728
186.583
164.951
138.859
135.664
138.12
164.655
168.779
193.87
146.865
167.697
142.525
188.286
154.027
174.447
177.312
147.578
137.247
157.379
127.768
165.652
158.019
200.841
134.65
132.265
182.918
195.658
154.4
186.449
182.084
148.482
160.646
141.231
143.314
163.326
154.419
127.233
159.529
137.387
168.833
168.119
165.528
144.582
159.791
167.111
182.646
162.999
174.498
168.368
161.036
178.475
157.962
135.302
188.697
131.617
147.618
140.876
174.521
156.669
167.238
135.855
157.302
153.406
167.677
172.213
133.379
189.978
177.608
190.461
185.23
122.35
156.941
166.703
154.178
162.609
155.455
137.936
180.597
147.815
184.311
145.569
182.607
196.901
188.851
165.083
147.535
123.837
154.385
150.559
144.669
165.053
151.097
173.844
138.559
142.783
148.689
182.213
178.334
166.06
161.521
176.795
160.503
187.932
143.707
176.385
150.753
133.781
195.268
177.7
148.894
162.89
164.602
133.863
126.715
155.579
126.399
146.171
167.67
147.718
133.705
155.037
143.679
147.072
162.194
162.142
158.2
161.805
162.005
162.947
169.886
155.874
137.474
149.398
183.583
168.126
175.303
182.283
150.529
166.015
190.303
176.867
128.312
165.633
205.472
126.441
126.905
175.68
147.469
135.176
159.74
140.942
139.695
144.616
142.174
132.913
151.624
164.367
115.603
254.214
147.151
142.817
167.123
133.046
131.055
197.418
163.802
139.328
217.33
141.891
152.741
157.436
178.13
189.873
145.139
196.526
173.694
142.833
158.871
172.936
198.886
170.709
174.36
162.562
210.709
177.241
169.008
142.354
173.265
154.729
164.016
150.864
157.846
157.475
148.117
193.07
173.075
157.599
124.621
116.55
187.067
149.549
156.137
169.094
184.834
186.885
179.641
156.254
144.194
146.651
184.45
167.852
136.634
146.414
195.035
125.457
170.766
165.805
156.348
158.236
138.387
159.718
153.187
141.977
191.628
169.606
168.604
131.725
148.944
150.362
169.655
192.01
150.751
139.039
138.48
168.959
184.577
202.824
164.665
189.321
194.945
170.338
179.84
165.745
188.773
162.301
191.064
150.468
146.591
156.744
211.293
145.912
173.18
148.964
193.262
152.486
173.918
143.258
147.644
155.642
138.321
145.855
167.106
130.043
177.299
157.24
153.103
175.096
180.262
150.508
146.902
159.573
175.175
173.889
172.725
120.347
172.033
148.13
125.327
149.754
157.518
156.918
167.389
171.802
155.012
155.429
163.528
180.14
118.59
123.673
153.314
169.851
187.155
124.208
145.165
168.377
153.938
185.717
203.352
161.404
170.549
144.483
168.385
165.063
182.933
187.671
173.067
141.45
159.635
162.72
136.235
156.029
130.783
172.34
158.746
170.894
121.617
150.677
183.712
157.823
157.381
160.339
148.063
160.816
161.376
163.012
118.222
176.872
133.121
157.068
117.711
130.578
151.401
173.253
145.252
184.114
176.659
164.107
142.07
151.719
139.822
143.98
179.243
174.913
120.681
166.078
139.586
191.587
167.912
146.089
131.895
146.6
160.901
141.16
172.911
201.125
158.585
191.113
167.44
141.422
155.652
195.123
219.51
180.655
132.225
163.014
225.914
162.722
151.737
118.784
162.403
184.127
138.391
122.833
157.805
218.647
157.488
204.945
148.426
133.731
148.246
138.625
151.458
180.848
172.385
134.942
143.73
189.965
165.748
160.69
137.686
167.466
187.069
131.738
180.439
176.767
135.231
153.2
157.101
155.964
158.28
172.475
158.985
135.543
189.311
193.679
168.071
146.485
146.444
162.605
200.051
143.442
155.3
161.254
184.346
144.169
161.049
131.66
148.634
172.693
145.717
143.173
155.203
184.112
178.098
165.357
189.577
156.156
163.117
154.129
167.205
129.522
141.878
143.381
147.826
187.367
140.595
165.159
153.895
139.77
159.018
168.24
164.365
157.661
158.78
138.756
146.4
163.305
177.01
162.892
123.588
145.819
158.423
173.411
155.419
139.743
183.307
164.827
119.912
133.976
123.404
154.101
170.345
180.461
176.843
195.372
132.93
120.274
134.616
186.157
104.185
167.62
146.37
137.034
153.533
177.165
171.303
188.651
158.031
162.51
146.305
194.871
179.872
190.343
142.752
164.457
140.473
145.114
148.998
177.186
175.359
174.406
163.29
142.946
177.108
155.244
148.414
147.214
159.562
145.788
161.524
143.531
167.049
169.316
167.934
163.818
170.423
160.62
173.833
214.462
181.757
178.597
161.449
139.65
149.4
157.096
151.348
128.238
120.336
178.61
164.92
161.835
175.8
138.087
180.544
190.136
135.876
145.512
156.49
199.907
190.926
155.422
184.567
171.165
147.346
150.234
186.893
186.069
180.066
202.834
128.729
211.808
186.477
176.745
133.57
133.661
181.19
172.858
144.111
169.732
178.065
190.834
170.195
148.808
166.816
181.313
161.766
183.941
146.134
140.77
132.848
181.649
178.939
175.96
168.162
168.667
163.716
205.942
151.91
135.82
157.686
151.139
217.022
172.264
180.198
186.701
128.719
200.238
152.029
162.091
144.559
195.644
154.27
149.74
157.563
129.444
182.005
175.946
153.852
148.041
147.741
173.354
146.316
153.208
174.347
141.822
139.982
152.366
132.223
150.449
135.091
131.012
132.891
153.186
164.678
162.691
152.83
175.394
170.979
145.639
156.583
127.998
165.38
179.571
182.016
173.1
167.916
189.396
163.728
164.134
164.042
151.205
159.332
149.571
156.677
217.612
121.35
150.824
131.326
150.25
188.267
217.806
138.295
162.989
151.731
141.409
131.445
186.539
181.105
144.9
144.33
179.582
188.224
174.081
145.059
165.839
152.699
154.383
188.721
166.128
162.98
140.987
117.719
162.628
155.943
190.655
191.168
195.668
190.679
191.983
175.92
182.306
205.368
161.368
123.696
158.408
174.741
152.788
127.008
187.551
158.03
164.534
148.581
159.765
147.537
174.809
187.767
158.858
156.098
166.367
171.519
158.884
123.823
180.48
158.229
161.724
122.278
187.191
174.961
167.615
161.977
167.145
193.303
175.162
185.908
178.636
134.145
136.333
157.177
158.052
152.642
179.291
146.867
177.104
172.359
173.635
108.591
137.665
143.221
178.638
167.5
187.651
164.475
156.434
157.573
136.049
148.712
168.364
191.487
142.016
145.837
157.96
130.492
139.611
148.865
159.387
145.947
169.214
167.813
140.583
191.852
124.537
133.203
135.837
205.666
165.15
172.011
140.47
141.164
170.134
158.354
173.872
180.704
208.288
164.635
123.966
132.969
120.971
157.987
171.744
145.953
144.387
158.856
160.7
167.414
176.301
148.345
137.165
135.278
130.594
165.642
156.865
148.848
134.014
156.238
158.047
158.377
165.064
164.921
155.217
170.12
150.254
182.615
188.956
185.934
191.53
190.799
167.01
178.035
152.063
137.872
181.098
174.136
127.447
200.539
147.197
168.024
173.151
149.042
156.649
134.479
143.953
166.961
156.105
185.708
186.017
166.743
149.657
176.99
125.835
158.76
140.437
146.59
150.165
153.089
177.446
155.36
192.872
114.123
155.031
162.78
145.877
156.402
136.397
174.119
169.238
148.858
155.327
156.411
149.001
167.995
187.686
161.192
156.14
172.527
159.972
172.577
168.046
155.878
163.146
171.104
165.54
148.774
158.744
197.957
143.012
154.056
164.911
197.7
138.055
183.048
212.506
174.847
135.983
178.921
172.084
154.536
183.87
191.051
160.614
142.964
157.128
166.617
184.293
155.864
175.233
178.94
190.371
167.999
158.085
147.71
146.472
185.849
143.544
185.674
161.409
162.901
161.368
159.623
196.746
116.33
189.784
149.308
164.325
184.948
164.455
165.227
192.103
128.365
161.214
117.105
147.396
147.364
165.161
136.201
189.103
160.165
184.865
175.781
169.535
157.959
162.76
162.127
161.274
171.758
161.92
177.064
155.636
122.033
143.287
140.903
170.285
200.675
193.764
176.839
147.703
174.362
142.148
176.381
178.068
160.99
142.581
187.991
170.77
184.004
187.02
193.162
190.371
153.195
185.078
177.824
171.06
155.503
151.623
132.453
165.324
118.809
155.183
179.606
147.284
155.218
188.57
132.052
156.981
191.125
220.683
168.58
140.928
178.501
177.188
144.535
185.418
161.519
164.071
157.1
134.458
193.101
156.572
152.309
209.373
160.961
143.32
127.541
146.191
104.313
162.728
154.517
175.564
166.541
181.19
153.759
185.362
144.841
156.298
167.338
139.159
195.143
145.291
182.861
150.058
169.688
170.914
137.717
165.418
165.251
140.028
175.514
121.239
133.735
150.503
175.624
169.678
125.476
155.578
150.812
155.518
151.944
142.323
154.149
120.774
146.524
157.178
158.666
168.334
144.592
145.606
127.866
138.006
159.939
165.09
117.315
153.292
186.026
133.729
178.358
153.283
182.333
147.848
148.732
136.077
175.329
167.751
179.08
145.089
143.996
169.315
162.448
148.311
144.19
168.706
211.597
209.991
199.969
176.443
193.154
175.626
166.185
170.606
181.195
131.4
118.148
135.06
179.548
164.45
126.507
147.734
147.992
146.807
214.46
133.326
168.065
183.674
166.848
162.596
155.123
158.262
175.871
151.752
114.315
175.682
132.239
199.394
138.325
188.211
132.633
154.325
174.811
166.871
175.443
135.785
172.306
161.902
185.529
175.18
156.505
154.974
162.646
151.637
144.307
191.963
155.149
165.408
149.814
149.266
200.09
173.81
213.447
163.865
160.887
165.607
146.322
161.063
151.369
164.297
171.344
156.276
157.696
178.331
139.795
154.821
128.223
176.405
173.476
173.717
186.363
138.412
154.796
186.955
176.742
149.538
159.334
198.881
145.167
129.814
208.855
181.815
164.123
192.035
161.187
136.027
170.753
158.484
140.536
152.249
183.25
153.777
169.317
150.835
158.935
195.568
156.437
163.816
137.337
145.795
176.484
142.344
167.471
138.471
121.475
156.126
142.986
132.515
133.42
146.118
189.79
217.702
152.838
126.321
133.582
142.452
146.083
193.505
168.869
162.989
183.741
170.935
155.974
152.952
119.647
160.925
146.373
193.278
142.81
163.619
136.657
156.925
131.88
145.803
168.282
130.825
155.626
185.439
186.216
137.035
162.473
140.777
196.675
146.665
134.557
139.354
198.852
183.313
157.194
117.319
128.865
141.614
125.724
150.605
157.423
142.469
142.63
185.183
181.374
145.163
166.945
188.144
157.866
118.042
157.366
183.684
186.331
145.864
176.104
163.295
147.158
173.144
156.525
140.941
194.817
158.913
161.843
169.444
172.069
191.721
171.588
126.016
131.739
155.273
157.439
144.452
148.267
135.943
142.232
160.383
167.858
152.559
153.917
169.717
163.783
123.73
169.956
169.387
168.672
147.076
178.007
148.604
147.114
163.509
166.722
155.358
141.042
209.726
117.722
145.694
141.482
124.843
186.261
151.792
167.997
177.004
219.968
157.246
142.925
155.312
167.509
148.883
141.479
177.299
171.751
166.111
157.272
164.347
151.494
153.199
152.787
185.12
215.902
143.949
162.607
176.035
185.918
149.29
158.974
149.112
197.615
130.33
163.185
141.868
182.634
146.475
156.847
188.706
160.652
171.091
178.667
167.211
146.537
153.015
131.155
167.856
164.818
165.117
155.665
122.491
183.259
128.115
194.616
180.016
158.827
182.635
175.295
153.469
165.537
152.353
181.053
194.2
125.229
154.114
156.244
179.201
145.085
147.699
127.244
175.211
141.485
183.3
164.258
149.38
161.666
165.536
147.958
148.041
166.455
164.299
158.738
151.418
185.965
166.142
180.647
148.308
169.206
134.143
179.411
191.973
164.004
175.921
186.576
154.078
173.272
147.484
188.376
178.668
169.609
186.972
160.518
147.504
142.89
167.677
180.494
124.896
151.163
161.546
186.829
164.21
180.778
123.597
170.954
150.217
152.031
149.153
208.366
141.056
159.407
220.587
147.44
162.426
135.266
159.75
138.754
138.012
180.237
153.945
152.987
137.302
165.6
157.539
142.793
178.005
155.524
175.515
138.01
151.137
139.036
163.118
142.333
199.264
146.184
137.126
198.58
147.411
162.256
151.343
159.701
148.083
157.289
171.165
168.723
182.904
138.131
158.512
134.162
153.505
174.425
179.257
118.899
145.594
160.797
191.049
151.157
146.009
155.247
139.814
160.868
189.245
148.607
129.185
175.712
154.461
170.4
118.753
166.043
137.648
140.22
174.084
165.708
161.682
178.953
169.905
145.649
143.958
187.409
155.477
179.962
222.922
172.197
137.176
172.532
162.967
183.138
164.571
206.228
178.475
144.845
164.081
142.131
163.975
145.051
152.816
132.929
144.076
144.262
141.857
142.528
211.236
150.043
157.28
158.982
174.92
153.264
136.06
197.122
176.222
146.141
155.325
153.382
129.509
146.853
192.35
163.581
153.724
189.823
152.32
162.43
126.271
159.938
197.012
136.805
162.959
152.083
136.519
159.363
148.446
166.119
151.397
155.275
167.028
130.254
151.666
180.427
145.997
144.05
126.903
149.035
116.797
161.953
130.135
153.849
141.096
179.295
177.608
163.226
165.909
196.784
138.036
172.834
141.593
117.151
134.512
140.778
165.005
126.668
162.237
153.909
185.084
156.612
123.068
149.23
162.065
122.959
161.483
162.309
116.068
192.442
151.556
151.697
122.568
158.094
155.119
170.955
144.943
157.742
227.862
162.142
146.465
177.069
206.364
165.881
184.485
160.541
154.683
183.027
124.314
177.711
167.967
160.72
159.021
163.846
149.093
187.217
172.429
153.265
162.389
146.991
145.985
164.711
102.49
165.606
191.267
151.764
147.129
197.896
149.64
172.595
155.595
134.942
168.481
139.154
209.845
156.728
130.17
154.336
158.429
161.386
146.984
165.191
165.269
175.969
150.973
173.742
154.791
167.14
151.05
174.917
173.564
157.545
142.086
169.483
142.741
160.935
161.402
141.541
130.226
191.117
132.564
135.022
165.696
160.132
185.064
143.603
127.327
186.807
184.409
156.931
129.139
148.492
150.135
130.432
150.613
192.667
167.649
170.356
172.332
135.436
168.741
173.062
146.946
174.826
163.542
178.291
163.44
158.597
172.413
122.618
144.511
166.587
162.799
190.365
149.354
165.263
133.625
172.68
178.216
136.465
132.56
136.157
155.908
144.956
137.583
148.257
159.308
204.475
183.266
165.67
163.648
178.622
168.693
174.952
177.343
150.58
158.085
130.708
147.034
169.101
196.028
155.781
165.878
169.263
158.475
154.243
138.377
188.659
138.788
154.988
175.402
129.067
156.845
180.475
154.931
173.912
158.381
174.212
166.096
155.558
137.994
163.144
126.557
151.976
152.935
129.754
171.906
163.637
128.838
180.967
184.631
204.658
162.213
180.085
166.556
172.668
155.056
169.329
182.221
142.597
152.649
143.997
142.726
172.578
161.987
151.544
136.988
142.959
134.802
133.692
149.679
152.937
184.163
155.929
169.247
158.538
187.713
160.931
145.947
155.298
135.125
216.453
150.418
157.276
187.661
145.26
166.972
183.263
168.288
180.084
162.677
178.815
146.877
160.939
153.959
124.754
129.043
167.696
153.615
128.595
171.668
165.84
133.194
127.106
180.372
221.042
168.529
162.97
132.727
164.04
169.126
174.235
167.504
163.465
126.44
202.133
153.121
163.933
136.674
153.61
146.308
131.455
175.296
151.483
184.891
187.353
112.968
172.046
151.812
193.888
117.002
131.374
141.166
169.076
171.549
134.886
191.008
170.395
125.028
173.886
166.467
139.242
207.519
142.708
146.04
172.322
151.057
165.673
124.596
199.109
167.061
155.4
213.86
147.433
194.519
199.354
167.779
163.358
166.263
160.954
166.713
146.361
173.793
149.826
164.797
143.134
160.818
143.253
166.789
173.32
156.823
196.666
176.598
162.193
168.126
163.637
117.917
146.262
189.421
157.744
180.266
146.024
151.639
178.645
143.899
153.393
167.231
126.687
150.973
149.66
163.273
158.321
213.863
194.504
161.059
167.843
151.904
172.229
194.31
153.268
185.313
141.702
156.167
149.297
134.885
161.392
188.982
161.594
151.47
175.841
151.537
150.158
175.639
162.756
143.947
170.981
177.301
192.626
152.31
137.744
150.602
145.991
154.227
158.781
207.219
158.392
135.409
167.555
156.58
166.101
154.651
177.509
169.089
155.859
198.815
158.836
108.502
162.765
171.547
142.378
174.406
151.383
169.546
126.862
188.394
179.432
183.664
165.124
151.579
171.575
156.095
171.697
128.096
151.576
192.17
189.512
145.07
152.532
175.53
162.209
159.061
129.815
192.462
158.33
184.108
139.718
159.854
170.407
122.935
170.486
154.987
183.5
169.636
161.974
146.057
188.333
167.07
150.998
161.609
123.588
151.935
148.675
196.755
182.545
194.619
154.431
135.964
151.493
133.856
197.245
140.277
155.9
132.614
195.891
164.648
123.424
158.82
134.917
201.158
199.081
118.874
161.419
180.338
140.993
155.909
143.766
196.529
178.659
191.807
172.615
135.798
196.222
176.54
170.592
183.132
150.894
158.824
166.431
166.339
153.725
170.625
119.836
148.346
183.774
146.93
203.307
160.131
149.972
168.53
131.924
163.817
154.883
164.543
152.727
135.089
177.363
180.041
115.112
143.119
129.765
165.602
180.459
176.581
175.539
156.782
141.115
185.455
142.035
141.22
146.45
153.19
208.304
157.213
139.011
149.466
131.624
187.883
150.711
214.426
181.568
176.304
151.831
126.932
169.36
128.793
183.264
187.004
154.891
186.214
175.018
185.271
152.67
146.678
169.521
101.999
186.79
175.091
147.991
137.339
167.319
116.073
172.774
141.341
158.406
171.924
165.965
137.022
150.058
181.867
180.418
132.301
125.098
140.347
189.378
203.53
173.088
171.529
155.409
211.706
119.669
136.432
130.33
169.052
174.019
165.79
143.314
152.145
166.225
161.456
169.669
170.13
124.644
154.952
148.301
178
151.283
157.325
161.425
160.306
125.368
183.46
154.655
210.356
139.228
160.58
165.651
188.27
159.744
194.208
196.607
175.665
178.591
138.245
152.839
174.952
157.488
140.659
172.437
155.945
125.056
143.47
165.982
151.99
170.429
171.724
128.129
148.933
198.583
175.078
155.329
147.239
142.042
161.136
185.221
143.646
170.608
167.664
148.008
160.64
157.568
156.076
151.873
167.531
165.539
150.059
152.56
137.931
134.2
173.868
147.214
158.278
176.108
179.197
149.614
182.49
171.19
129.177
171.486
142.463
156.352
172.969
166.22
159.197
207.098
138.83
168.669
184.729
141.116
173.938
145.361
148.801
206.651
135.302
171.802
167.561
146.845
170.418
219.801
135.218
170.789
154.405
120.068
148.803
174.933
127.775
124.104
173.975
182.478
184.451
164.589
154.05
201.292
170.85
163.76
144.995
148.688
179.221
169.508
152.966
177.54
163
176.622
150.078
169.682
134.871
145.113
139.577
147.86
155.277
158.53
165.517
130.699
173.549
159.636
155.235
173.566
149.783
159.064
110.792
117.843
125.404
147.113
137.787
172.28
193.384
166.383
156.789
199.939
149.649
132.277
168.385
170.292
161.833
136.84
169.156
153.599
171.853
159.212
179.142
185.66
177.432
145.508
137.976
150.811
170.896
161.404
153.894
162.109
136.734
154.103
185.876
171.353
143.667
192.48
163.135
179.434
160.384
119.482
197.448
197.067
181.552
164.008
162.845
172.968
125.028
173.853
179.116
176.363
155.762
147.22
169.74
134.649
191.615
174.785
173.842
129.867
149.563
162.082
154.852
134.662
148.489
132.531
149.117
136.82
162.308
170.536
191.794
169.381
192.749
190.361
191.771
150.885
161.342
167.79
164.56
160.098
159.258
174.327
146.898
117.755
101.736
135.223
122.737
157.214
129.371
144.908
132.135
157.322
178.936
144.259
199.468
143.009
130.257
186.061
181.997
179.092
112.118
173.188
167.301
157.64
157.462
140.2
165.694
155.799
187.683
176.39
168.797
154.534
153.489
175.872
134.444
173.791
209.196
136.768
166.48
185.779
233.482
182.232
191.714
168.121
168
141.5
157.276
179.645
202.125
205.443
178.206
140.052
213.795
158.91
161.178
200.057
187.451
160.371
146.109
153.341
131.777
151.77
158.23
201.426
176.764
177.432
150.098
191.975
132.927
174.944
146.481
146.704
126.337
145.296
143.741
169.65
159.191
203.916
147.521
180.531
171.8
169.595
181.905
184.729
132.064
189.207
149.952
164.781
145.853
177.66
124.012
169.726
159.175
156.493
175.839
126.924
145.497
146.21
143.755
170.504
168.902
150.245
155.761
147.816
165.17
119.238
155.585
155.981
133.44
130.004
164.985
131.55
160.055
159.767
144.229
173.01
183.02
160.741
146.797
153.136
168.8
129.426
146.384
128.716
122.444
149.783
160.158
165.07
169.385
138.13
179.738
156.939
132.083
123.873
122.945
128.522
150.544
164.934
161.156
177.117
170.354
172.654
173.794
127.677
174.695
144.247
138.917
155.653
185.451
150.616
136.441
148.695
163.439
128.633
154.979
176.417
181.646
131.478
133.731
187.544
184.334
138.559
146.046
175.77
178.395
159.156
151.165
177.9
124.981
158.227
159.119
168.152
189.117
167.326
131.233
123.143
157.654
182.879
214.799
183.275
178.08
160.156
144.907
175.563
195.137
205.051
162.388
136.268
118.103
150.411
132.121
152.672
168.412
148.777
129.671
171.483
161.68
187.408
175.652
142.513
150.233
111.09
205.847
161.866
148.669
141.951
161.9
177.473
157.446
176.762
188.838
134.787
156.649
192.473
159.219
172.491
185.769
178.962
133.593
142.223
160.284
174.322
183.263
168.108
153.189
155.733
124.961
118.216
165.033
196.133
162.906
117.502
229.639
132.442
204.837
160.657
171.898
147.646
152.16
156.774
156.942
151.478
144.96
143.092
138.053
142.233
161.699
136.554
220.2
200.131
168.791
166.728
166.594
162.797
164.291
127.675
143.286
121.078
144.877
187.422
138.962
155.84
182.742
139.056
181.077
185.089
191.426
138.833
138.866
162.188
138.83
203.669
163.199
137.648
185.743
175.958
161.383
173.261
196.084
144.071
174.542
144.58
204.652
137.555
158.918
177.109
185.504
147.707
192.579
162.272
159.055
147.66
140.926
200.808
156.662
168.134
165.306
202.695
155.767
206.359
190.073
183.631
152.441
173.07
186.065
150.877
140.382
160.875
168.168
127.845
161.48
151.502
129.656
188.357
167.199
180.52
166.502
134.128
179.26
139.992
142.843
127.548
135.812
189.829
216.089
196.731
163.779
134.521
157.861
169.299
157.875
131.351
129.355
182.059
132.458
176.274
174.841
182.204
180.935
142.744
179.155
159.964
147.088
154.523
156.887
196.948
182.45
161.34
192.191
186.034
174.35
202.891
193.589
162.107
192.782
148.897
145.509
135.331
152.671
205.911
155.198
173.443
147.668
137.255
171.165
175.503
127.946
158.496
177.62
177.448
159.337
183.472
179.678
136.011
154.465
149.016
174.087
171.511
156.181
112.239
159.623
168.72
161.361
162.792
130.294
155.364
145.265
138.361
131.997
171.986
131.705
136.642
199.474
136.889
168.617
138.251
164.356
141.067
146.857
130.308
158.989
129.127
199.745
157.225
183.482
191.362
157.601
154.94
140.971
200.344
151.039
150.73
146.524
168.12
169.188
159.733
174.505
179.293
138.427
167.507
148.483
171.335
163.297
131.834
162.62
145.128
160.425
153.22
129.31
189.348
140.564
161.32
124.081
157.672
146.555
148.927
199.641
201.755
147.608
124.186
184.835
165.052
151.82
165.494
179.243
174.96
213.657
158.534
157.195
192.261
162.182
126.217
187.227
151.707
181.324
190.479
162.835
194.816
187.295
131.122
164.741
209.39
144.217
156.022
149.884
198.464
178.664
173.437
157.834
175.526
158.963
141.147
137.07
146.429
171.822
146.651
159.34
160.175
132
168.112
157.822
148.18
144.221
171.871
185.067
149.116
156.603
159.372
146.796
207.809
133.864
145.085
127.606
162.317
178.104
149.388
142.845
181.119
123.931
181.326
153.994
177.993
127.536
166.706
163.041
115.962
144.531
157.966
162.26
122.92
162.883
174.398
149.76
149.437
166.789
169.919
162.003
163.832
123.249
162.3
166.776
173.939
150.793
155.313
166.794
166.657
176.507
177.281
174.753
146.654
137.85
168.082
135.77
137.996
201.945
184.01
163.733
116.111
170.87
185.299
126.462
137.305
152.781
158.947
204.998
137.506
127.804
144.172
220.824
176.797
177.48
134.715
121.655
194.314
169.758
142.338
199.364
121.296
128.546
142.082
151.505
170.807
138.582
138.464
164.868
167.698
186.768
144.859
178.406
165.435
151.153
166.382
149.86
166.156
173.871
171.214
144.307
193.059
155.676
173.783
164.68
134.035
149.877
180.163
137.887
200.575
168.542
133.171
158.696
153.98
144.871
152.979
174.019
147.513
168.856
193.532
158.894
179.573
217.563
165.362
186.46
192.728
172.496
140.151
172.26
122.71
130.849
136.217
120.572
149.329
134.6
181.488
117.501
166.934
188.916
153.129
142.794
147.251
186.163
193.926
140.863
155.166
166.077
148.751
161.713
192.882
201.397
182.705
197.026
212.739
127.113
202.896
170.217
133.422
202.009
131.671
137.998
156.489
173.298
194.63
169.673
168.303
196.814
139.773
147.02
172.103
168.177
163.712
180.586
142.549
151.34
174.499
172.886
143.571
163.345
170.676
193.975
162.814
175.782
127.787
151.465
175.622
134.922
172.443
170.658
142.279
151.04
223.015
147.855
202.386
145.647
210.324
150.014
169.882
148.045
173.607
166.079
168.495
203.89
167.426
171.778
161.571
199.655
147.832
173.089
169.009
166.722
175.967
175.115
146.582
154.084
155.562
146.02
167.725
158.478
162.56
179.086
154.214
154.299
169.312
149.021
164.628
195.214
148.044
156.359
164.329
152.673
155.1
175.934
150.064
143.183
173.438
169.572
147.12
147.533
167.15
142.023
183.657
154.251
144.653
180.537
148.875
142.254
190.337
166.712
134.853
201.567
164.993
191.241
179.165
176.823
154.669
156.153
133.575
145.925
171.06
184.172
231.175
139.644
157.677
213.151
168.933
151.541
143.724
153.331
143.802
148.404
125.62
152.758
171.902
177.265
158.849
100.264
142.776
137.84
154.833
143.866
162.773
110.178
153.816
149.772
186.021
152.711
132.184
196.678
172.244
175.906
135.543
224.691
174.062
161.699
134.744
193.734
124.998
172.854
210.046
171.604
160.95
192.198
132.196
120.696
194.125
177.329
175.252
137.686
121.495
136.633
162.949
136.029
116.742
164.836
171.659
183.199
151.83
167.222
176.85
170.007
200.716
133.463
182.137
128.221
184.203
207.843
139.573
137.441
198.722
137.257
168.086
182.987
142.635
159.774
150.234
181.549
133.786
151.804
154.737
135.849
114.934
181.389
170.068
145.237
186.165
124.005
156.731
154.526
162.367
194.13
155.449
165.077
140.454
212.866
184.207
164.105
151.267
158.786
181.148
170.457
146.036
153.957
135.469
126.004
177.576
156.929
143.612
150.345
160.506
151.232
164.452
140.849
193.3
156.789
145.196
181.902
183.751
169.217
155.177
156.421
190.802
194.044
207.546
174.781
156.569
181.743
134.216
160.59
165.465
174.669
170.868
138.878
138.531
171.75
165.743
143.164
159.169
166.087
175.997
197.755
184.802
157.93
164.935
140.619
178.236
158.469
194.966
160.125
157.814
127.007
158.145
181.381
190.97
158.133
102.075
181.564
162.233
171.246
184.655
159.968
135.271
142.346
150.368
129.404
171.953
169.879
150.946
122.962
178.94
136.419
171.651
156.985
153.738
174.734
133.628
193.391
145.866
124.321
148.476
152.749
149.347
153.487
152.976
171.204
159.572
159.394
141.033
153.12
157.779
157.899
109.742
150.126
160.118
115.155
129.984
130.101
174.95
172.004
159.185
160.244
137.443
112.222
152.163
170.516
179.368
177.88
143.529
159.578
147.053
174.615
160.31
150.536
146.119
139.63
164.838
175.124
126.666
132.393
138.797
149.91
136.67
137.85
151.154
199.885
172.913
143.446
141.7
179.47
140.079
185.078
175.385
135.765
138.274
131.252
160.815
164.423
147.002
149.789
159.281
160.783
136.403
130.528
123.8
200.151
172.693
216.647
148.18
160.514
145.475
134.225
165.721
153.841
131.864
171.52
177.708
159.008
170.088
171.912
149.501
158.109
180.601
131.875
174.915
150.995
150.922
155.638
179.839
168.128
178.963
142.314
144.423
191.16
185.162
166.877
195.928
142.949
143.853
156.247
217.138
183.13
162.205
129.642
164.812
137.121
215.915
165.752
185.148
214.823
176.916
125.293
158.581
186.77
154.263
175.786
121.609
195.294
151.831
180.3
198.132
187.038
140.527
150.05
152.059
161.383
192.163
150.645
182.967
160.703
172.357
147.023
185.37
169.939
143.513
142.283
152.158
162.743
190.578
162.47
142.088
131.938
170.013
140.16
185.659
125.966
185.164
164.769
151.652
159.178
120.974
142.958
189.839
151.1
144.225
152.452
176.102
144.167
168.918
170.229
185.957
218.524
172.055
168.852
196.136
122.583
186.965
158.059
148.897
132.691
145.679
143.658
167.152
139.691
162.68
152.801
146.82
175.405
128.443
134.067
177.153
185.374
153.72
147.314
153.677
132.263
148.142
143.293
193.82
160.57
162.123
147.493
119.681
157.035
152.189
177.24
183.6
146.661
176.148
165.38
213.116
180.021
181.476
182.059
139.252
149.892
188.383
142.171
159.839
202.824
189.493
151.555
183.522
156.881
195.135
169.823
140.15
161.291
134.279
125.206
141.405
178.484
132.935
141.362
160.894
191.264
164.768
163.102
164.903
100.729
151.531
174.695
161.713
193.912
185.56
174.49
166.384
121.294
178.949
173.597
160.958
209.656
163.679
143.196
176.208
187.802
120.701
120.697
148.654
145.716
159.556
190.004
192.471
147.952
171.46
158.714
136.213
121.703
114.964
146.041
173.277
181.243
147.582
152.963
144.352
180.688
168.599
139.833
185.088
157.947
159.171
164.141
182.924
161.003
176.771
185.037
145.157
145.557
155.08
139.763
158.716
155.198
163.413
148.354
117.116
175.775
137.005
155.504
213.363
167.471
164.708
152.627
146.822
172.182
162.9
176.739
134.223
185.141
172.872
165.483
177.881
143.754
151.19
186.15
127.033
168.741
164.846
143.269
164.493
183.064
122.149
148.804
127.171
171.646
127.9
201.097
149.162
180.156
140.392
121.875
107.436
140.003
180.85
133.303
151.499
156.784
175.387
185.595
139.034
119.303
189.943
177.1
186.621
140.58
160.14
161.999
163.813
132.61
143.042
160.737
156.368
171.987
153.823
168.875
162.047
187.874
183.517
159.232
180.828
150.805
166.823
156.806
120.501
177.758
157.371
144.467
130.353
182.28
148.437
161.156
147.366
152.21
131.884
136.134
209.985
171.228
152.797
146.77
179.665
109.001
139.633
170.161
202.522
154.896
143.877
163.354
141.818
144.566
147.083
203.256
153.501
121.034
104.155
147.457
127.44
158.521
166.343
171.603
138.435
125.421
157.721
156.216
145.343
178.517
152.563
137.151
192.202
143.774
183.954
157.299
134.749
143.593
163.212
170.916
129.666
134.817
151.619
183.387
179.529
152.727
145.1
144.494
145.503
159.2
160.96
141.271
148.327
194.185
151.348
160.209
133.746
166.634
167.405
162.405
134.325
179.837
154.441
209.474
163.615
174.693
155.544
162.75
168.367
145.288
162.146
165.204
157.553
172.117
184.269
164.476
136.57
155.603
159.367
192.258
138.759
163.658
159.943
184.049
159.728
179.139
194.742
128.035
169.192
167.232
172.302
137.371
159.068
147.563
148.662
219.467
145.087
150.561
155.953
156.262
183.979
193.371
170.927
168.088
192.748
174.421
150.215
160.163
166.598
174.73
173.627
165.602
169.173
159.887
155.409
172.742
141.519
169.351
145.931
143.112
113.928
176.791
172.26
136.296
130.778
165.684
153.396
152.239
169.598
190.739
168.057
168.376
177.864
148.381
168.885
148.476
184.383
145.42
141.098
141.004
181.634
151.148
162.076
153.854
181.85
145.66
159.63
148.171
179.003
157.45
114.471
193.592
157.864
174.342
185.061
158.555
165.662
156.093
184.505
133.887
177.058
113.183
169.108
148.295
138.443
167.149
141.993
180.323
128.589
167.444
159.813
159.301
187.119
162.696
175.658
126.463
165.046
175.777
182.359
137.325
142.797
149.129
150.566
147.451
165.487
149.677
147.636
157.522
136.54
140.518
169.669
133.608
159.431
157.553
177.454
150.467
151.379
157.885
199.728
160.3
131
161.733
139.08
135.446
165.937
169.108
165.632
192.093
122.909
195.272
162.434
183.543
200.071
169.413
141.543
139.019
176.824
174.631
175.238
154.378
163.293
161.632
201.084
187.217
132.735
235.46
193.272
155.27
145.41
179.534
119.275
168.551
196.515
133.228
174.134
162.074
189.53
154.372
166.057
183.787
197.031
166.192
178.997
129.514
160.254
154.944
181.037
152.031
180.956
189.13
172.411
121.284
202.718
201.988
170.588
168.255
173.38
175.346
182.275
178.962
171.169
171.676
167.227
155.51
144.933
158.084
185.321
155.311
156.3
158.412
186.521
153.896
160.108
121.073
135.439
119.125
165.586
142.678
140.295
150.167
147.13
170.265
165.946
121.774
138.48
150.806
143.594
153.885
195.981
151.566
168.23
148.712
124.715
185.778
129.764
172.904
198.343
153.844
166.408
138.074
199.672
149.485
165.62
140.066
164.464
152.805
169.172
145.218
135.997
176.664
167.14
205.043
139.311
193.725
117.179
153.586
182.496
157.125
168.094
153.194
132.427
156.995
126.814
190.905
163.877
176.319
188.45
160.507
157.701
173.353
189.666
181.827
150.259
180.31
147.586
153.325
134.812
168.313
157.441
173.052
161.222
186.25
175.566
160.355
164.927
190.175
146.796
163.431
179.183
137.692
178.274
135.264
156.644
179.122
153.875
143.905
145.159
155.504
114.543
171.528
167.831
152.777
160.305
165.811
200.116
159.081
154.283
231.7
184.524
118.974
151.479
166.354
182.385
148.918
158.273
174.608
171.914
155.263
160.014
150.376
156.064
179.546
193.739
129.759
154.329
142.791
137.082
173.047
151.58
156.416
113.842
171.205
148.555
145.722
161.617
172.755
149.393
144.384
159.356
139.483
162.135
185.994
151.778
179.642
151.115
159.426
144.185
200.575
148.341
140.408
169.645
191.027
152.445
175.669
165.876
181.864
138.892
148.597
150.416
182.92
168.291
122.616
147.209
196.249
156.285
143.037
157.132
156.298
209.24
173.79
150.777
158.504
207.688
144.304
159.726
159.932
134.743
164.121
155.236
134.206
155.503
153.941
157.95
153.071
150.913
149.831
142.141
184.675
167.885
214.979
155.129
129.36
140.192
153.59
177.176
184.323
170.46
117.21
151.249
141.502
133.058
157.834
137.324
189.473
132.999
154.529
179.695
145.873
180.325
169.891
157.313
155.527
140.255
132.404
132.928
120.675
150.641
130.955
126.555
149.747
136.765
162.192
137.37
185.659
155.754
166.592
170.406
147.361
146.976
131.047
153.812
145.859
167.633
128.95
178.819
193.862
149.288
181.417
139.833
172.228
145.317
193.804
164.242
162.781
198.387
146.501
168.214
192.326
184.901
144.31
161.307
128.721
162.084
164.357
142.541
166.506
143.459
177.677
164.149
191.374
170.226
159.14
170.746
157.612
194.21
150.091
148.116
163.703
173.024
160.176
159.074
167.029
160.339
203.761
176.434
125.661
180.951
173.309
137.269
149.046
153.407
172.699
156.572
173.493
153.631
141.976
140.746
169.496
164.3
170.051
129.938
173.732
147.045
164.338
135.133
177.307
148.417
125.906
165.457
157.932
166.976
157.669
164.139
202.253
148.626
167.422
170.002
165.381
155.099
151.59
192.992
159.914
152.143
179.44
161.887
176.49
173.667
178.07
198.333
140.77
140.779
158.888
142.618
123.043
103.369
152.174
143.076
156.02
154.421
199.959
198.244
151.144
187.439
171.861
162.848
168.528
146.839
189.143
167.745
120.067
134.385
154.724
159.01
158.167
150.755
164.673
201.492
145.191
189.227
109.844
129.328
190.379
180.894
148.629
209.108
156.065
128.146
190.843
166.355
193.611
209.545
147.145
162.256
169.846
193.286
151.597
141.718
151.593
163.822
132.506
146.508
163.086
163.601
181.298
172.597
128.779
175.852
139.594
193.128
160.021
143.525
186.03
176.94
174.548
184.188
177.367
180.399
197.857
150.788
199.769
144.319
206.277
136.413
160.487
144.675
188.189
202.893
157.474
136.02
146.843
181.03
144.164
184.497
154.25
230.468
141.058
132.731
185.3
157.713
138.437
160.729
148.611
172.043
157.334
175.535
126.488
138.703
152.06
170.358
169.034
161.6
162.107
204.68
195.111
154.038
162.756
148.75
137.207
155.13
144.091
167.233
170.624
157.276
168.356
171.316
145.034
173.914
126.443
170.164
132.398
135.165
149.056
143.206
158.737
160.174
135.09
153.107
152.148
184.704
151.594
148.892
158.658
168.241
192.728
150.306
166.191
162.545
124.383
140.802
179.727
155.315
161.164
146.134
178.296
144.539
129.558
209.965
198.134
164.604
178.349
154.448
152.095
151.425
183.388
177.226
134.022
160.715
153.874
148.023
128.514
165.798
139.107
160.036
169.879
137.271
145.357
157.383
183.75
146.609
188.333
172.382
180.355
141.88
152.149
159.528
179.867
178.257
128.267
158.68
163.951
151.747
175.383
173.003
155.159
152.73
152.039
198.696
170.355
149.651
148.087
155.806
192.225
165.656
156.999
154.151
143.872
158.813
143.74
150.838
132.708
161.733
163.294
137.025
178.347
166.544
157.573
131.943
146.187
159.637
155.055
149.547
167.642
148.058
224.963
170.701
156.927
150.705
140.534
160.127
172.977
157.746
166.811
151.194
202.057
134.471
165.864
175.239
160.123
154.692
156.664
191.803
170.246
178.116
149.918
141.941
139.775
178.86
166.401
181.905
126.1
153.715
170.424
154.553
133.892
163.516
147.03
132.607
156.358
176.5
135.312
147.776
171.273
158.745
193.801
209.504
194.086
162.396
168.04
167.617
137.674
154.795
178.881
172.666
160.554
167.56
148.312
128.884
186.049
151.624
147.503
145.54
153.356
147.598
196.054
149.184
153.188
147.927
178.438
166.49
163.702
172.537
156.676
134.842
154.1
171.371
137.93
159.105
126.341
145.223
176.363
136.59
151.784
180.411
172.466
150.117
180.554
187.006
181.01
184.169
145.653
224.03
161.238
144.549
169.062
153.949
195.202
141.598
174.964
173.913
163.795
145.733
159.065
150.863
187.558
114.1
162.217
141.786
155.932
149.313
139.631
137.636
216.049
153.445
171.678
196.468
164.105
221.65
199.065
145.863
157.976
202.798
165.844
177.044
168.437
129.358
177.891
192.029
149.885
151.754
172.927
129.569
169.581
209.989
154.739
206.845
143.888
159.784
138.965
151.372
157.403
168.486
123.858
119.833
173.842
153.136
140.318
130.706
146.046
139.552
118.271
153.53
142.839
138.659
152.339
181.167
146.28
133.736
150.38
183.476
193.488
152.671
154.25
143.772
169.826
184.378
157.852
172.073
138.947
166.029
170.325
188.437
133.376
141.6
183.261
185.093
148.311
139.226
146.91
153.944
198.064
129.901
122.547
177.599
163.197
191.394
193.855
141.918
143.664
163.912
151.046
180.594
142.948
158.863
189.745
204.646
180.53
197.214
190.195
142.883
133.875
163.405
122.722
138.754
163.565
156.088
137.981
198.202
135.032
170.922
155.523
150.367
154.588
180.867
144.154
127.361
169.556
161.856
142.972
128.911
167.56
162.781
190.143
166.426
155.899
169.621
154.042
156.252
175.08
171.048
150.583
150.985
136.754
181.434
149.536
175.297
190.629
235.278
171.734
174.282
153.948
156.916
173.555
160.048
171.639
181.785
172.071
167.273
164.036
191.569
165.67
125.256
148.319
147.902
186.392
153.808
148.471
184.309
139.461
191.227
144.242
162.532
126.412
162.893
154.023
150.749
163.186
165.304
171.873
126.043
129.811
158.784
145.314
143.815
148.496
143.672
150.841
138.985
140.597
156.387
152.381
141.937
131.229
170.998
159.188
119.485
181.851
157.119
165.25
159.821
185.574
155.299
141.098
161.492
141.359
146.471
167.524
142.718
118.293
131.859
151.175
169.087
154.979
171.507
142.504
164.542
131.028
141.18
148.659
135.917
199.519
118.43
182.514
141.897
179.201
144.542
161.15
170.439
140.783
178.394
208.468
152.635
152.792
158.103
163.445
125.498
158.031
148.776
148.051
156.721
155.916
140.251
167.248
138.004
188.928
139.583
171.93
147.838
187.851
197.046
175.076
186.036
191.274
142.566
142.44
132.932
136.866
145.671
188.896
141.449
139.367
150.63
158.968
168.049
172.325
176.682
172.526
160.138
191.674
156.633
129.693
139.997
207.311
170.676
183.693
137.71
193.733
148.586
126.879
200.445
156.695
183.963
199.239
189.125
154.838
152.315
130.414
155.444
163.186
166.529
146.353
141.284
163.834
139.087
150.44
187.433
141.77
186.763
158.559
127.185
187.164
151.507
167.011
138.182
185.863
160.255
174.475
188.317
112.05
161.457
163.637
162.645
133.066
124.841
165.544
145.188
194.632
162.626
172.501
177.445
147.84
189.061
139.315
166.752
175.536
173.032
146.898
125.748
149.082
124.257
188.137
134.518
126.787
164.507
161.491
130.541
174.258
170.931
164.122
119.255
213.311
140.144
183.498
187.543
162.764
154.621
150.425
147.746
167.131
158.812
179.511
176.11
180.149
161.057
127.039
131.122
148.652
183.336
182.179
165.223
143.26
130.124
168.576
165.903
158.067
179.261
154.256
167.719
180.54
168.222
162.415
119.575
163.293
163.012
198.729
183.892
166.272
161.333
158.397
161.784
158.756
142.017
131.238
138.652
158.053
143.911
151.217
203.367
160.058
134.392
175.407
163.857
152.346
208.605
161.134
173.973
184.124
181.369
185.486
147.247
144.335
162.741
178.829
145.341
152.714
125.905
167.24
159.846
157.09
166.052
189.995
152.673
137.659
158.141
146.141
168.286
155.049
141.478
158.345
184.416
139.186
181.748
155.035
159.28
171.564
145.943
170.002
162.906
144.59
125.853
172.732
138.626
180.749
193.893
134.843
157.699
142.314
200.327
151.909
169.209
196.343
159.406
153.89
175.679
145.384
129.894
205.002
146.081
144.788
170.237
141.067
176.6
145.57
150.306
143.779
162.786
121.09
163.887
180.31
192.253
156.937
134.712
190.634
155.982
145.606
143.414
177.309
136.719
158.171
159.953
158.985
181.004
147.945
146.436
134.093
150.623
127.196
169.748
126.506
156.088
155.96
158.031
157.299
132.475
205.29
120.489
158.787
149.238
154.999
189.446
189.886
148.116
176.641
174.561
160.879
208.464
157.374
172.551
161.412
184.397
136.504
174.505
123.207
182.792
168.705
161.292
150.985
152.696
140.917
162.602
155.438
171.22
128.205
137.568
162.098
179.485
158.479
161.858
169.772
135.728
174.233
168.554
164.826
173.467
172.056
178.363
124.175
160.808
176.592
159.473
150.67
155.442
146.602
183.218
138.087
164.617
158.22
164.471
143.742
219.85
163.789
154.197
162.395
195.232
191.971
129.427
151.473
168.951
152.095
186.567
134.025
171.871
156.957
171.369
145.501
161.881
171.665
117.676
118.582
162.668
164.201
136.406
179.534
112.777
183.162
178.762
182.199
177.574
149.896
205.392
155.663
182.936
150.04
163.9
152.774
114.83
161.414
131.184
156.636
161.213
157.495
156.936
168.075
157.115
138.6
180.683
178.419
157.221
161.505
190.952
177.919
149.569
157.251
183.098
163.774
161.327
182.795
181.93
151.546
176.026
159.625
174.717
131.319
178.068
139.577
191.47
172.206
152.626
154.197
171.778
183.368
180.7
158.82
175.815
189.728
188.214
165.311
162.398
145.026
162.294
207.571
137.652
148.12
213.887
167.174
161.484
146.929
157.164
130.987
134.246
170.401
196.409
163.361
184.321
167.656
158.874
197.581
143.254
172.015
188.423
154.954
145.696
128.158
157.84
123.972
185.53
195.513
171.668
148.634
158.008
145.171
177.148
137.116
130.958
154.144
155.54
135.735
186.606
156.97
158.137
186.557
138.434
137.622
196.6
167.48
168.32
160.794
174.779
197.085
144.963
127.204
189.99
146.697
123.65
163.742
144.32
142.344
173.669
166.866
180.027
142.28
144.137
177.849
142.83
145.47
148.005
186.67
172.514
172.453
164.518
173.91
173.698
163.261
131.257
162.495
144.484
168.795
141.323
179.761
138.58
164.54
179.979
162.17
156.787
143.67
154.768
161.902
190.926
153.686
153.159
137.111
164.521
127.1
162.909
171.4
144.062
156.413
161.942
165.236
131.407
174.323
156.814
171.936
181.082
163.259
155.49
192.941
174.966
146.98
168.601
134.672
180.272
195.37
186.705
181.901
194.206
147.883
127.215
175.052
173.724
175.519
161.697
186.592
151.614
117.964
183.029
173.101
164.062
140.317
155.056
152.688
176.027
194.664
170.516
202.654
155.982
157.51
160.824
144.805
175.328
152.34
179.877
130.807
170.622
156.844
157.245
156.111
180.374
167.815
139.378
174.307
156.114
136.841
142.583
149.377
184.781
159.814
129.794
167.54
168.26
172.576
136.948
154.856
147.706
120.798
153.483
122.122
177.127
159.722
178.567
207.616
199.824
145.741
172.129
125.472
127.506
175.798
190.893
139.19
133.425
168.539
135.607
137.853
129.185
129.11
148.819
166.022
155.362
144.483
181.331
162.124
137.926
142.682
154.024
133.917
161.314
199.542
179.225
153.659
150.314
155.119
182.398
190.236
207.711
152.923
126.824
162.668
161.844
155.532
117.604
156.237
150.928
132.633
121.711
147.041
187.831
156.476
152.838
159.519
154.977
118.799
114.982
127.54
146.452
153.279
177.25
155.237
161.07
186.611
196.473
136.783
156.034
144.401
145.222
175.1
178.801
170.23
147.841
150.202
169.183
178.682
147.256
147.113
153.027
139.964
145.709
139.422
189.18
152.232
135.146
173.481
198.39
174.846
190.649
198.699
150.318
147.226
161.795
155.766
175.805
146.11
152.704
156.914
160.121
175.192
181.258
167.055
159.727
150.443
151.466
170.912
156.946
174.917
139.994
125.63
122.457
204.031
164.658
177.879
139.23
175.021
155.852
150.136
174.66
144.896
163.638
108.148
158.383
153.626
178.143
209.516
156.601
184.69
135.314
184.127
135.221
175.551
153.841
165.842
156.766
176.742
207.531
142.791
173.998
179.079
151.568
151.364
167.592
148.365
139.805
157.7
196.071
137.408
162.957
129.993
143.159
159.694
167.741
165.612
162.46
124.623
142.594
155.131
180.785
171.022
135.289
150.879
197.535
148.425
172.121
148.693
159.534
204.984
124.2
173.844
139.206
134.286
164.433
123.229
118.814
148.41
179.105
164.978
148.292
144.424
186.528
200.227
144.223
127.465
151.242
158.907
141.131
134.447
175.573
162.249
148.296
161.976
173.446
142.183
150.504
203.391
195.569
172.246
136.546
120.6
183.018
190.155
202.555
148.693
144.593
137.429
147.37
182.11
163.975
144.459
163.45
180.511
134.81
160.423
167.793
160.855
151.141
170.754
142.728
160.62
171.605
151.838
147.217
193.323
156.751
120.134
162.677
145.683
178.997
132.051
150.515
160.264
180.065
169.966
136.519
156.504
147.464
149.912
173.701
173.597
173.767
139.42
192.443
139.679
166.559
131.443
166.342
175.54
153.915
149.778
130.485
187.271
190.564
185.131
184.81
162.577
138.503
180.914
158.469
176.509
186.668
174.698
158.277
165.885
169.003
158.499
177.202
159.464
144.215
203.633
195.64
122.681
126.415
179.927
152.852
139.052
146.254
176.805
168.431
162.905
175.585
198.436
127.645
154.448
162.874
176.563
150.634
158.422
136.233
175.939
159.245
175.975
179.662
149.815
209.701
184.027
174.118
159.917
175.945
160.268
135.925
140.837
142.209
159.934
157.846
174.305
143.846
148.985
157.064
144.203
161.543
168.694
167.382
186.198
150.554
186.801
172.307
177.231
154.632
156.474
140.546
152.26
149.359
168.147
152.589
196.453
142.808
180.378
152.531
140.371
177.802
158.795
164.81
171.806
182.889
183.774
128.626
152.484
124.174
173.41
199.011
175.09
217.788
154.18
176.29
149.503
174.959
122.264
177.025
144.34
166.718
129.454
146.455
157.98
192.426
139.54
162.47
209.608
117.079
135.43
196.97
181.478
164.869
150.822
165.701
153.812
201.416
153.182
157.785
155.016
169.354
147.696
130.902
156.53
162.173
193.163
176.319
147.278
159.917
162.649
153.47
125.964
164.113
153.117
142.409
165.728
165.623
175.281
131.988
144.426
156.275
195.201
191.907
151.861
151.98
158.961
175.223
189.278
208.344
167.243
168.211
179.905
126.037
175.511
161.715
166.787
176.885
170.519
151.993
176.91
147.846
170.878
147.749
200.7
148.768
176.965
146.511
154.931
184.407
216.173
147.924
198.394
140.66
142.664
170.041
150.704
122.964
151.266
162.494
227.549
187.526
138.606
152.915
174.721
142.758
145.818
130.278
162.515
171.915
183.98
200.716
126.617
147.724
141.566
176.628
152.688
161.155
143.09
186.415
179.433
167.775
148.954
152.04
151.203
168.395
173.337
196.328
135.717
178.298
188.531
173.943
151.636
196.576
179.615
173.199
192.812
170.437
190.424
150.231
163.475
169.509
160.119
145.794
125.917
161.297
151.93
161.931
135.565
167.744
196.908
158.661
167.566
126.837
160.477
157.84
140.656
117.729
161.418
194.651
192.963
131.668
170.182
122.121
136.139
158.955
158.806
170.714
189.995
189.127
211.924
195.886
144.059
155.13
137.653
177.033
171.205
156.145
188.049
136.06
173.372
174.578
166.788
171.282
161.265
152.51
176.132
138.403
164.817
182.895
143.504
166.663
133.373
165.812
150.987
187.947
131.299
165.549
157.785
160.66
147.876
175.463
160.548
167.005
166.731
153.093
165.737
163.705
159.202
172.79
131.243
223.956
146.497
208.574
161.62
172.614
149.219
177.592
196.738
136.477
138.648
177.909
147.56
198.995
170.65
171.068
157.885
132.749
184.023
152.941
166.09
174.542
153.495
171.048
134.207
172.559
189.43
149.594
153.086
147.091
128.878
144.215
163.908
183.432
184.507
156.02
152.352
151.255
135.578
140.058
151.124
161.995
122.96
172.642
137.317
147.728
157.144
150.467
142.742
132.801
163.02
163.298
183.407
161.113
158.863
167.126
176.948
168.169
163.87
147.469
169.226
141.067
157.113
183.857
179.162
204.703
159.98
179.427
152.589
199.771
179.8
116.94
179.892
154.54
174.51
142.371
179.661
166.14
171.278
141.401
135.143
122.504
199.247
145.878
188.11
141.588
148.557
142.475
142.323
177.49
166.358
131.323
194.439
154.542
152.926
131.779
142.689
157.487
120.983
162.3
178.387
115.329
156.82
195.382
177.801
177.126
139.536
157.335
174.522
164.024
168.564
172.068
163.861
143.056
187.728
154.883
177.12
169.507
159.631
203.049
171.169
151.99
151.024
160.713
173.561
145.448
176.502
161.333
156.931
167.864
127.849
139.762
171.812
122.959
153.96
141.559
159.794
145.675
185.606
135.268
187.381
169.23
188.638
148.412
161.388
155.439
183.813
152.772
169.424
138.766
214.46
162.371
154.092
182.26
163.09
176.02
173.149
148.191
181.358
117.614
183.936
175.578
149.388
180.163
195.25
197.114
165.329
138.924
136.015
161.397
194.218
146.542
148.551
149.592
170.763
152.924
178.757
150.457
145.342
145.745
167.452
145.45
166.238
144.465
137.466
169.399
146.948
145.434
165.294
180.882
163.25
185.044
142.367
140.823
156.676
170.488
151.732
133.79
180.082
144.338
161.334
200.071
135.513
210.11
146.669
147.49
134.514
152.16
168.491
146.979
171.032
152.36
188.958
149.015
134.804
130.33
138.426
137.389
165.109
200.611
172.877
157.391
182.809
142.298
132.384
155.383
128.858
164.963
132.297
202.331
179.84
173.468
150.767
154.46
152.088
162.009
147.301
172.993
165.066
143.064
142.817
195.317
173.253
148.265
162.987
127.45
175.621
142.299
156.774
215.901
125.603
183.694
170.741
160.392
205.024
145.466
175.704
146.452
146.242
183.121
198.972
145.381
212.244
151.149
154.428
113.61
196.17
234.541
136.105
171.211
162.251
150.034
159.135
141.434
177.099
125.964
162.091
140.77
144.009
163.845
143.635
210.336
158.034
160.11
162.88
175.859
155.726
142.282
204.121
145.961
181.463
148.335
169.728
149.494
152.014
168.487
174.088
179.249
173.135
172.418
184.139
145.015
144.251
182.601
177.263
180.711
163.878
144.19
181.778
122.819
182.958
146.899
131.625
138.79
144.563
154.892
173.566
137.941
166.551
131.921
159.791
181.018
127.164
172.46
150.275
194.962
136.016
174.716
151.492
178.349
195.683
181.624
155.68
135.146
153.537
113.78
161.156
161.519
163.991
144.314
159.66
136.034
158.032
148.907
172.56
131.373
129.556
149.593
153.224
190.14
119.961
146.754
126.104
148.784
171.369
171.048
172.844
165.379
165.673
164.099
164.06
162.555
136.579
120.249
182.395
178.821
147.642
136.328
149.89
160.02
154.294
128.668
151.216
180.787
160.989
171.79
162.701
164.154
161.344
205.913
137.581
180.749
158.474
149.543
126.069
182.529
202.715
175.203
146.422
186.081
151.107
157.944
146.269
168.93
162.159
151.452
144.109
192.414
144.57
167.35
151.284
123.75
162.466
144.858
142.127
143.885
149.514
131.034
183.022
153.946
174.975
148.978
192.209
163.502
150.834
146.638
190.366
152.517
113.33
135.914
177.344
233.51
163.815
189.436
158.31
156.751
186.84
175.574
167.869
149.85
167.351
216.193
162.734
168.884
188.825
175.276
115.359
139.824
183.758
166.799
130.044
144.712
132.508
151.366
138.958
156.642
159.808
124.99
152.579
152.476
165.115
175.707
174.891
163.162
126.572
172.728
170.033
135.785
187.855
150.937
185.144
185.153
173.552
152.285
154.866
141.946
209.85
179.332
153.658
115.135
136.042
143.404
153.779
119.351
153.524
135.019
143.675
152.752
140.371
167.553
168.804
164.921
146.385
186.61
169.586
159.579
169.83
174.254
181.347
172.368
172.692
178.328
155.286
154.938
149.314
156.006
177.758
159.521
170.816
163.558
134.518
148.63
153.551
179.094
169.39
190.017
190.044
143.26
142.893
177.228
165.054
175.727
134.618
144.066
137.65
125.768
115.592
179.157
194.265
190.76
180.653
145.787
137.765
162.183
164.356
154.077
128.663
157.449
150.002
173.571
158.627
181.31
161.398
193.191
221.199
158.229
140.723
132.246
158.383
130.6
157.894
150.051
167.235
181.889
176.77
180.597
142.642
161.36
138.889
170.828
158.66
133.092
130.089
196.549
177.011
165.145
154.895
136.448
187.451
142.853
165.2
166.7
164.822
140.268
125.045
160.942
155.997
155.214
180.332
152.884
139.855
153.795
183.65
151.582
221.839
145.304
139.205
146.498
140.266
175.096
183.236
139.957
128.886
163.7
120.659
151.05
172.679
190.156
167.595
180.528
186.628
152.726
133.349
153.532
164.397
155.278
168.953
164.128
168.784
137.127
150.289
174.509
178.593
196.143
176.893
163.08
165.999
175.845
172.988
133.385
166.577
132.965
163.346
163.723
179.462
184.002
155.108
131.888
154.555
146.762
162.374
140.138
151.58
161.097
112.532
218.788
166.606
131.811
171.606
202.667
181.367
133.779
193.882
154.763
152.931
136.457
140.079
150.234
172.561
171.434
131.418
146.715
189.466
162.889
158.573
183.283
152.072
145.951
167.742
159.343
185.082
161.78
132.847
171.401
136.73
173.017
170.042
165.431
178.688
134.287
158.056
171.529
201.286
136.291
172.805
156.968
162.303
192.377
149.978
136.245
128.106
136.698
125.074
146.906
111.886
159.292
172.181
133.895
143.765
155.308
163.416
157.031
160.09
146.046
205.323
168.173
143.853
144.901
144.121
156.565
195.909
175.054
160.078
160.263
172.895
175.844
177.536
144.639
145.236
154.775
178.226
162.239
159.754
163.399
151.974
131.478
148.414
170.783
171.416
158.561
163.125
149.4
133.673
151.379
179.097
164.398
169.611
206.49
162.697
156.455
146.277
178.138
136.772
170.112
163.755
144.884
156.581
132.808
178.656
150.946
171.879
166.714
151.983
170.512
131.398
192.331
178.86
116.153
164.266
190.933
152.791
178.52
190.667
167.43
126.282
117.923
156.171
156.361
161.01
161.114
133.061
158.918
179.525
134.371
150.32
174.438
179.929
198.058
139.322
152.476
197.925
185.583
146.308
174.628
199.495
174.998
162.706
160.704
173.73
140.452
168.269
141.074
147.352
120.368
183.376
154.23
187.618
126.569
163.978
152.532
173.908
137.369
165.909
173.364
191.764
144.008
194.788
164.838
182.839
138.797
146.569
143.276
181.119
160.54
143.987
172.254
132.877
162.297
182.089
137.883
168.922
165.54
190.486
177.109
152.495
175.599
186.982
177.198
175.854
154.72
142.635
154.651
187.491
172.877
160.024
191.163
169.553
152.167
166.155
190.014
136.129
167.513
177.718
131.457
196.663
161.019
180.696
157.581
177.417
180.505
168.996
162.452
217.134
182.609
147.976
190.455
146.955
146.197
175.804
148.127
159.387
171.13
114.123
190.857
145.084
191.222
201.771
150.54
159.446
145.299
211.175
125.624
152.431
162.059
181.162
155.432
137.334
148.316
131.892
147.658
162.294
178.379
200.346
188.209
157.346
179.019
143.153
128.341
219.314
142.267
146.82
170.094
149.67
134.177
162.488
152.037
140.405
171.935
187.127
205.348
141.267
179.672
153.368
154.609
137.906
192.045
168.989
149.333
192.381
146.762
155.676
176.131
157.979
139.947
129.507
125.461
149.26
196.707
172.265
146.441
202.837
170.033
135.319
161.841
152.573
153.792
139.954
175.026
159.792
172.663
165.514
172.843
127.653
155.194
163.086
195.364
143.781
182.983
145.362
160.834
150.338
144.084
178.507
177.175
162.612
178.721
166.836
172.041
172.851
142.976
136.385
172.244
151.531
163.732
144.793
174.594
142.481
188.957
133.28
174.224
179.106
172.867
176.999
152.086
158.834
121.734
138.641
129.177
147.833
191.183
162.459
142.021
174.343
156.619
182.906
161.05
188.891
140.493
208.508
136.202
148.489
136.887
179.498
131.987
139.265
188.778
183.182
116.586
127.551
188.359
168.919
168.496
136.671
144.047
175.594
140.78
142.301
157.178
129.268
148.801
197.039
189.355
136.027
134.905
190.777
247.092
165.969
157.255
145.907
177.496
157.965
167.842
142.699
128.143
159.867
165.014
126.2
163.04
151.477
163.322
140.225
168.157
172.068
143.325
159.823
142.096
131.742
117.132
186.964
169.341
162.033
151.302
161.004
151.601
161.868
194.691
196.667
146.736
163.516
138.187
147.239
152.109
167.94
141.388
144.082
114.878
201.567
175.764
151.937
158.694
152.842
162.782
117.559
157.241
166.923
182.7
155.466
170.142
137.083
189.813
129.893
150.193
189.095
153.538
185.41
163.138
220.47
153.627
155.227
156.596
132.396
150.533
172.528
134.157
112.055
164.481
152.505
148.802
139.971
179.395
172.726
171.79
184.342
152.305
159.389
126.298
147.787
146.295
139.067
151.17
157.024
153.963
172.887
137.156
216.477
104.761
145.001
132.522
158.82
128.854
166.508
149.695
152.66
171.329
147.954
116.333
165.405
204.05
159.848
145.072
165.164
123.371
148.73
169.951
151.475
132.378
170.483
145.926
151.153
140.152
175.185
216.554
139.727
153.322
177.14
178.39
148.167
172.229
161.78
103.433
167.264
181.249
166.813
175.649
156.215
133.784
161.442
156.937
189.157
142.355
155.254
130.664
160.98
197.892
161.994
180.411
173.106
140.609
146.108
197.218
172.269
163.829
154.192
173.512
153.088
170.367
153.116
132.032
154.417
189.731
176.936
192.86
146.658
156.902
168.922
137.41
161.128
203.861
140.444
157.612
187.174
154.316
188.949
184.901
115.977
143.922
162.143
152.12
162.164
169.284
168.42
130.373
169.187
150.383
219.8
157.203
175.434
127.349
178.183
176.095
135.281
168.675
148.282
149.924
165.022
162.448
172.212
136.115
175.257
123.593
152.614
178.276
144.345
157.011
144.597
164.381
130.424
145.956
149.603
169.811
147.803
148.336
160.399
164.746
153.806
137.231
148.405
162.222
188.225
147.593
123.086
171.047
145.997
166.568
143.938
211.705
159.015
173.548
148.98
196.594
199.776
179.13
152.553
176.445
130.355
158.807
150.619
134.053
142.48
179.975
151.408
148.668
144.204
137.967
136.06
189.267
145.24
169.567
140.671
136.537
149.514
149.205
136.814
146.887
162.274
152.422
158.439
165.474
143.215
150.762
145.399
150.548
152.165
150.418
169.847
204.838
185.386
180.632
186.818
174.362
163.88
195.899
128.553
165.22
203.473
174.327
193.654
171.832
132.666
169.486
140.317
151.92
158.135
177.897
142.519
196.501
153.878
162.025
185.886
184.285
189.43
142.463
192.274
156.5
123.736
142.65
127.609
168.346
177.792
138.668
168.848
184.504
147.978
136.723
220.098
174.099
151.714
185.345
125.735
157.769
171.286
197.264
192.197
182.505
134.305
163.021
142.037
180.72
212.053
173.873
164.849
192.092
134.234
149.119
140.108
182.245
156.163
151.428
134.36
130.38
174.396
149.836
186.493
153.557
160.915
187.822
128.922
141.215
169.718
144.537
239.25
155.19
143.673
151.717
216.382
128.694
136.192
177.666
157.414
157.026
184.649
185.661
139.004
171.187
189.16
192.261
130.475
155.709
164.351
130.49
168.896
159.417
143.103
183.669
143.194
178.012
169.755
135.21
157.027
178.331
166.244
156.138
167.532
176.195
158.304
196.142
130.461
171.75
140.839
166.804
145.217
152.438
191.901
141.972
131.341
209.504
180.514
149.804
152.384
158.077
212.548
165.418
161.816
139.803
162.285
104.113
162.297
145.307
126.654
185.567
166.044
146.802
138.881
163.949
147.457
165.724
153.499
151.25
118.231
141.254
136.289
141.238
153.282
157.725
190.211
167.444
178.623
159.448
185.245
137.948
157.86
138.122
192.21
167.06
144.626
158.124
163.617
174.78
164.494
133.412
174.882
170.594
128.738
154.113
169.352
144.648
140.915
158.265
141.576
151.008
166.317
163.845
154.994
163.207
174.09
153.623
153.81
152.3
142.668
154.326
139.672
176.323
154.508
159.001
157.934
176.615
137.861
135.56
143.785
172.985
131.081
180
160.45
165.87
158.793
178.035
176.692
136.955
169.461
176.761
171.768
166.139
184.929
173.455
161.272
148.225
162.303
177.158
206.219
178.735
164.742
141.309
173.738
192.196
179.159
140.162
164.883
138.157
194.816
184.872
180.463
156.448
178.907
172.595
149.259
188.706
193.383
208.288
177.113
125.376
130.903
199.746
189.521
133.959
128.859
134.059
182.843
117.483
148.726
186.298
147.248
160.345
152.323
143.676
180.738
187.803
136.371
147.446
160.829
180.031
158.55
160.101
174.468
136.924
150.14
151.925
141.619
141.109
150.55
173.282
132.123
162.767
163.462
217.889
114.474
143.652
194.033
137.423
162.227
163.473
146.141
167.994
184.89
151.532
134.647
177.318
142.412
149.761
178.295
168.08
158.488
175.997
150.442
156.845
180.098
157.592
196.828
157.221
162.813
155.006
180.589
133.332
158.493
156.485
181.925
143.012
167.046
185.951
161.702
135.163
179.795
125.692
201.663
177.479
155.945
167.594
195.09
159.564
163.354
162.807
174.601
189.466
165.46
151.436
166.593
147.605
182.262
203.889
156.519
208.181
139.769
176.784
165.915
172.643
171.446
139.684
143.597
147.018
132.673
149.407
132.16
148.013
159.681
169.278
151.012
140.257
177.601
182.351
182.53
169.966
174.771
141.972
165.182
162.348
171.684
149.054
169.682
191.003
172.354
171.12
162.835
201.583
177.467
173.676
143.517
150.395
171.952
160.204
193.325
165.922
128.805
162.173
142.767
168.718
138.124
179.457
154.674
149.402
125.52
114.29
168.132
179.728
167.222
155.891
156.557
173.588
213.057
194.251
160.361
185.153
167.611
174.721
161.675
163.717
135.417
166.566
161.255
175.196
177.602
121.002
176.483
164.409
162.384
154.049
198.121
169.138
143.16
143.932
172.633
137.737
112.929
157.16
160.563
155.02
153.772
180.303
136.351
181.563
164.003
148.639
130.018
149.198
137.864
195.219
152.271
153.285
145.383
219.439
152.753
194.746
158.91
158.361
170.008
137.894
153.226
139.734
163.085
147.291
166.451
139.115
141.713
177.112
164.044
166.793
162.362
140.155
201.638
117.815
162.488
150.7
144.59
152.704
137.706
164.208
196.226
114.944
142.29
159.641
143.488
172.353
167.012
155.019
140.313
161.28
133.295
155.473
139.626
163.952
159.968
226.125
176.999
162.688
155.672
174.207
210.062
171.28
181.129
187.782
150.573
138.686
134.823
147.627
144.181
166.108
171.574
129.809
164.267
168.928
109.963
180.766
179.938
127.776
222.658
198.997
171.422
169.051
149.295
167.39
155.114
182.06
166.224
140.635
159.667
171.171
170.907
156.447
163.511
189.729
139.776
163.952
168.193
166.726
205.764
144.57
159.165
162.018
170.875
167.434
146.26
149.46
158.935
187.52
180.471
182.142
143.675
128.02
188.51
176.643
163.73
138.881
172.153
193.36
173.807
157.288
121.956
131.735
181.838
182.823
161.994
133.744
157.733
182.585
135.538
173.307
169.084
175.478
196.652
153.394
156.515
180.229
168.278
137.005
145.085
169.692
127.474
138.169
166.53
163.06
143.606
137.702
137.21
166.706
124.122
176.133
167.811
185.527
178.269
166.026
144.629
157.133
144.958
162.427
172.901
146.447
158.834
121.815
145.931
157.81
164.875
150.046
177.18
182.869
165.61
170.264
187.749
162.171
164.297
154.678
156.342
156.834
195.342
189.963
151.685
136.078
159.19
142.522
164.718
133.487
153.941
152.027
142.922
160.32
202.396
168.598
174.402
125.918
156.089
171.847
161.358
143.366
163.159
143.177
165.035
179.851
144.897
174.077
163.818
136.293
148.962
152.457
148.505
163.554
154.645
171.692
183.824
110.294
165.307
151.167
169.083
128.526
158.791
167.532
152.648
155.044
133.251
131.277
143.992
171.258
206.738
148.671
144.325
169.846
162.256
115.89
153.87
164.949
128.308
174.765
163.61
158.46
146.824
170.557
154.116
171.108
153.957
156.099
160.219
150.954
177.586
155.317
146.593
176.389
149.592
120.134
190.609
134.045
206.969
182.89
141.717
166.666
161.028
148.805
144.585
144.199
151.878
180.054
166.779
177.685
176.635
134.038
218.793
181.184
114.658
192.647
137.198
168.189
165.353
169.744
180.536
169.246
172.16
156.604
137.85
160.05
165.119
151.432
173.616
134.232
159.751
130.625
148.838
173.279
170.433
155.316
174.304
180.901
146.785
146.268
170.273
169.741
138.714
139.638
201.376
189.754
207.667
191.201
142.959
172.473
162.962
119.456
198.228
145.281
177.373
176.696
183.795
169.493
156.621
141.479
167.641
182.667
180.203
155.238
188.82
126.304
169.929
162.093
126.011
173.726
190.87
157.205
170.48
148.335
126.047
182.136
183.626
147.144
152.428
140.174
173.295
168.636
147.088
181.521
178.883
169.393
200.828
144.599
167.387
134.636
164.544
167.769
187.129
154.087
187.198
143.811
148.177
160.836
147.405
167.356
154.233
159.378
169.864
137.378
161.768
179.552
174.199
157.495
160.645
153.671
155.398
132.194
161.111
179.272
121.132
145.482
167.349
149.054
141.778
192.444
172.481
171.93
162.821
133.15
167.454
175.605
158.466
188.24
126.088
163.841
125.499
175.431
164.486
168.093
174.719
171.525
177.809
199.953
141.27
136.072
114.836
165.707
166.905
186.595
141.927
153.554
139.164
174.124
149.79
161.691
187.625
171.078
135.978
168.92
182.843
184.635
163.028
109.605
169.443
155.422
200.57
119.931
175.013
179.078
164.428
167.868
150.047
170.546
156.965
161.189
150.723
177.312
167.04
152.275
157.154
128.705
161.451
199.262
212.36
141.345
165.819
177.766
138.062
165.182
155.328
147.207
164.795
150.752
167.959
223.557
164.447
161.67
155.787
172.787
157.494
171.372
173.885
135.345
125.488
113.268
176.926
176.906
139.9
163.22
145.624
162.707
158.281
131.404
201.319
142.688
145.537
166.745
150.959
172.1
140.274
169.955
142.144
139.399
127.295
176.452
148.446
181.76
133.277
140.485
184.789
147.446
156.269
153.566
119.855
143.214
169.551
154.482
167.188
192.443
161.066
154.011
151.23
186.133
160.961
147.984
156.478
180.894
138.29
153.12
154.743
171.128
166.652
203.063
147.94
180.856
182.594
135.846
144.362
194.975
188.572
133.596
147.149
190.671
178.188
108.644
157.754
168.967
157.589
156.795
181.754
210.814
157.445
167.743
141.953
139.725
191.269
188.85
190.728
170.728
159.648
144.423
160.509
156.151
174.478
138.799
175.869
181.723
159.679
153.781
134.619
168.988
166.105
135.18
163.726
167.374
154.305
188.089
158.875
200.837
144.905
155.577
137.082
168.492
169.682
185.309
134.521
153.066
138.182
160.47
138.351
182.294
144.499
109.026
184.261
141.152
135.543
167.91
145.525
170.34
179.333
127.074
157.585
183.061
168.37
195.435
164.092
166.482
159.994
151.765
179.706
155.955
191.727
217.358
209.147
130.445
190.361
162.271
171.708
164.523
164.361
169.735
144.203
202.711
203.232
205.691
137.41
151.891
158.162
153.898
194.213
177.999
162.213
140.176
156.674
192.119
150.67
164.552
175.98
158.466
121.678
152.93
152.91
137.925
193.799
155.382
110.25
154.399
124.515
172.019
138.925
197.39
163.355
188.731
172.711
196.954
143.668
164.735
195.038
155.046
185.086
170.418
166.661
146.692
189.923
212.141
123.688
150.385
188.544
147.514
199.024
127.592
180.512
198.232
138.506
185.687
155.113
177.575
141.413
181.152
138.776
147.42
194.402
184.831
181.049
152.567
119.912
130.697
163.293
176.266
146.901
157.023
171.54
182.07
164.868
159.34
169.489
163.558
168.416
122.754
176.009
183.622
152.154
159.069
202.283
149.735
140.642
187.524
160.489
174.985
164.933
152.07
180.522
171.44
111.521
176.742
208.323
233.291
153.729
159.324
158.435
165.078
166.314
174.743
171.779
154.926
163.389
176.022
131.348
151.027
159.087
148.591
170.192
179.016
160.933
168.038
147.642
166.688
164.672
156.992
147.445
145.129
169.35
138.98
130.18
185.163
141.839
134.742
139.896
152.207
135.324
172.801
170.701
167.448
140.007
145.287
207.492
146.004
185.542
178.528
149.264
166.763
190.468
148.533
155.122
152.515
142.948
198.477
155.356
160.481
127.718
176.213
125.138
125.948
140.138
181.821
152.379
149.651
193.818
141.327
160.107
174.132
182.883
165.713
135.56
175.999
176.053
133.707
153.101
127.535
183.228
168.242
146.533
162.277
161.098
157.893
167.134
146.902
187.225
159.014
150.117
150.658
163.934
145.145
175.967
132.193
186.434
207.529
195.684
132.856
159.888
153.435
166.471
155.841
150.427
133.858
120.59
147.997
151.804
215.948
184.239
155.86
191.711
159.821
131.944
158.287
139.757
159.433
149.85
167.426
153.531
155.531
152.356
185.04
169.267
152.906
173.097
118.108
177.298
160.225
163.643
148.501
138.666
154.645
147.198
161.729
157.698
200.315
134.795
167.541
184.522
148.683
132.004
170.824
165.492
144.045
194.197
180.747
213.289
165.656
154.019
176.457
163.475
170.505
160.147
163.755
138.586
139.68
183.641
177.676
162.709
172.703
158.648
184.198
192.288
179.033
158.598
162
140.873
149.652
146.761
189.224
162.465
142.545
149.372
160.957
156.06
128.26
162.753
172.133
141.57
153.584
144.596
187.832
141.744
162.696
168.449
153.56
172.704
156.681
182.046
146.058
153.004
168.952
144.921
175.155
148.046
149.247
175.709
169.21
148.641
171.665
169.842
156.864
163.572
188.549
196.207
197.504
152.863
162.781
153.05
176.26
185.312
153.363
171.06
191.436
162.893
176.738
153.884
152.785
155.386
156.081
162.308
188.069
124.094
149.275
164.452
174.156
195.856
176.85
198.827
160.972
168.664
149.774
167.456
155.564
148.756
168.658
223.123
143.291
197.508
171.213
160.133
176.188
169.679
155.486
137.5
141.634
168.728
181.26
186.196
164.529
135.185
159.536
158.863
145.559
137.964
169.585
174.529
169.708
142.945
151.483
116.912
133.882
160.476
147.019
150.409
129.629
176.023
187.25
189.188
155.809
244.825
144.673
157.161
199.454
144.059
135.938
156.873
137.987
208.444
146.427
152.499
169.306
185.704
155.628
118.389
155.289
179.914
158.717
163.574
164.09
162.249
166.365
162.324
151.731
171.519
212.037
157.601
178.043
147.291
152.318
189.969
153.506
156.241
134.001
162.182
165.685
147.588
166.254
169.669
159.22
147.571
141.536
165.448
137.83
142.468
140.997
167.901
179.082
155.421
155.173
144.061
146.281
150.73
122.713
134.083
167.772
131.245
158.712
173.483
188.15
183.997
144.039
157.467
171.682
163.032
153.677
163.162
141.158
