1112.69
1155.94
1120.13
1075.69
1111.42
1074.27
1278.87
1131.91
1200.82
1105.28
1223.29
1039.32
1212.11
980.594
1155.54
1232.46
1162.13
1117.08
1010.56
1140.72
1087.8
1031.86
1182.42
1129.4
1110.26
1113.74
1115.59
1026.51
1001.62
1167.54
1143.24
1116.76
1109.62
1194.97
1290.8
973.749
989.349
1003.23
1132.18
951.383
1122.29
1177.57
1160.89
1075.65
1043.07
1219.81
1080.58
1272.07
1158.98
1255.62
1170.9
1033.55
1016.04
1083.76
1077.95
1001.09
1139.68
1155.3
1052.51
1091.93
960.497
1095.11
1098.79
1062.11
1285.17
1177.27
998.136
1213.33
1188.59
1114.6
1133.91
1126.46
1149.95
1194.09
1044.4
1146.29
1202.17
1114.33
1064.95
1065.34
1139.95
1193.33
1146.95
1100.49
1179.87
1172.6
1147.91
1125.15
1136
1059.78
1273.44
1035.86
1136.11
1044.14
1139.96
1165.86
1023.9
1196.24
1158.55
1159.66
1188.02
1142.6
1277.09
1155.28
1221.75
1190.6
1107.04
1161.45
1109.65
1186.07
1082.11
1174.82
1101.55
1197.6
1164.24
1119.81
1049.94
1284.03
1110.43
1167.62
1046.87
1071.82
1147.82
1007.74
1178.57
1335.65
1079.73
1281.69
1158.21
1176.04
997.204
1119.42
1013.81
1105.79
1192.42
1042.39
1081.67
1064.56
1124.2
1194.51
1107.95
1185.9
1028.26
1093.16
1110.23
1101.56
1111.52
1176.63
1111.26
1191.13
1105.97
965.476
1166.56
1028.99
1186.48
972.419
1075.55
1074.9
1136.86
1195.06
1171.89
1205.44
1214.48
1100.01
1193.05
1130.55
1165.54
1077.31
1170.53
1183.22
945.774
1047.71
1201.3
1081.18
1037.06
1158.13
1077.91
1194.37
1121.07
1104.92
1090.37
1204.84
1134.01
1170.1
1159.54
1090.7
1089.44
994.319
1092.28
1219.37
1159.2
1069.79
1177.53
1112.83
1052.5
1087.98
1092.97
1096.76
1295.86
1188.18
1146.42
1155.37
1006.09
1004.31
1148.37
1076.41
1038
1136.19
1163.98
1242.01
1159.22
1024.3
1094.75
1060.32
1161.25
1203.11
1263.8
1093.28
1197.73
1053.62
1136.14
1072.01
1223
1157.35
1195.22
1094.54
1173.08
1207.36
1235.73
1133.82
1154.35
1142.25
1143.74
1050.49
1185.77
1093.85
1145.17
1053.06
1119.58
1125.37
1126.84
1224.17
956.902
1121.14
1075.63
1193.46
1062.62
1222.42
1074.04
1235.48
1186.28
1184.31
1053
1175.51
1040.35
1139.17
1097.54
1146.36
1191.99
1136.29
1155.84
1061.44
1148.42
1180.14
1120.62
1074.55
1013.11
1220.64
1180.2
999.44
1083.72
1180.21
1129.23
1241.69
1161.81
1094.95
1143.95
1164.56
1232.64
1268.72
1070.81
1130.01
1130.98
1098.45
1067.53
1074.07
954.192
1210.65
1133.67
1287.19
1108.17
1141.59
1111.3
1097.35
1136.05
1085.87
1020.96
1182.65
1193.21
1105.46
1097.07
1139.15
1124.67
1136.5
1079.48
1073.94
1116.19
1072.32
1118.92
1115.2
1090.95
1228.98
992.708
1284.64
1071.22
1056.38
1117.85
1113.38
1113.63
1069.46
1203.77
1123.87
1121.01
1141.69
1051.26
1244.83
1185.32
1147.08
1101.64
1109.12
1123.89
1124.95
1022.08
1110.9
1138.48
1161.34
1066.6
1086.81
1078.82
1070.52
1144.32
1074.35
1059.16
1079.12
1061.08
1066.75
1029.39
1153.83
1162.92
1063.02
1213.18
1103.79
1101.35
1097.75
1163.09
1095.59
1113.77
1104.02
1038.94
968.529
1146.41
1099.23
1093.77
1077.25
1102.75
1046.13
1280.41
1237.81
1209.27
1194.31
1268.21
1125.73
979.442
1108.88
1196.74
1132.55
1330.94
1126.69
1115.95
1142.4
1102.17
1116.88
1128.24
1071.32
1052.35
1106.55
1170.98
1249.88
1127.09
1179.62
1116.09
1126.86
1087.67
1100.73
1095.98
1139.98
978.444
1187.24
1173.09
1162.11
1235.72
1097.16
1178.26
1077.99
1142.24
1106.95
1012.63
1023.03
1046.64
1150.91
1030.3
1094.22
1166.07
1110.51
1170.59
1153.78
1236.86
1158.23
1123.82
1161.14
1163.21
1052.78
1275.36
1029.95
1123.95
1163.75
1321.88
1122.63
1093.03
1119.72
1038.82
1236.92
1191.77
1170.09
1104.51
1209.2
944.141
1035.2
1057.6
1072.7
1107.51
1217.65
1037.91
1197.97
1254.18
1196.3
1162.71
1000.87
1049.79
1127.54
1213.59
1029.48
1140.87
1035.94
1118.07
1193.99
1115.18
1123.47
1082.21
1109.39
1147.73
1144.39
1091.68
1205.86
1195.17
1084.37
1065.4
1161.61
1007.76
1263.16
1206.65
1055.72
1079.44
1062.43
1174.9
1095.51
1203.46
1263.62
1144.9
1026.62
1063.72
1046.2
1058.63
1111.91
1182.74
1142.49
1164.39
1214.76
1108.53
1133.48
1211.73
1187.67
1185.83
1119.44
1049.18
1174.32
1104.08
1129.91
1125.49
1066.15
1032.51
1173.91
1142.82
949.266
1184.86
1163.84
1192.61
1134.79
1012.65
999.591
1159.55
1213.28
1185.1
1031.97
1174.63
1076.47
1013.64
1042.08
1154.04
1100.5
1219.27
1076.98
1054.7
1118.6
1168.8
1046.41
1169.64
1328.16
1121.13
1169.96
1104.65
1197.77
1068.26
1104.58
1124.57
1125.43
1172.47
1077.22
1072.38
1125.13
1113.43
1133.69
1168.23
1096.01
1096.48
1018.91
1076.35
1112.88
1080.37
1180.75
949.21
1125.73
1034.69
1022.89
1172.42
1137.86
1225.69
1035.78
1107.97
1127.2
1209.92
1059.13
1161.63
1181.22
1084.07
1172.15
1115.41
1100.68
1067.55
1131.23
1176.99
1196.79
957.531
1101.04
1261.28
1296.55
1189.05
1190.02
1018.85
1094.19
1002.64
1096.6
1093.56
1135.42
1050.66
1109.84
1125.14
1158.16
1199.34
1118.15
1148.64
1190.3
1078.56
1086.57
1116.24
1158.49
1217.76
1158.03
1197.25
1166.34
1147.79
1165.07
1030.09
1101.21
1200.27
1115.18
1086.47
1092.95
1184.69
1213.1
1122.18
1098.7
1098.61
1071.9
1183.58
1069.6
1200.64
1151.64
1002.34
1022.63
1238.03
1064.84
1146.83
1326.3
1110.95
1128.69
1146.01
1197.83
1311.19
1136.85
1135.86
1088.74
1135
1095.94
1169.25
1242.89
1079.44
1049.18
1183.02
1067.2
1217.94
1060.85
1041.5
1000.7
988.679
1023.43
1149.01
1186.42
912.488
1202.83
1086.35
1034.69
1210.71
1066.38
1108.24
1084.24
1256.79
1095.74
1133.55
1177.76
1198.21
1135.74
1252.87
1111.93
1115.95
1159.06
993.568
1102.55
1215.79
1162.98
1053.98
1124.76
991.402
1014.59
1067.83
1120.9
1027.64
1059.3
1184.54
1078.13
1079.54
1040.4
1211.33
1181.42
1055.33
1191.29
1043.52
1047.32
1129.23
1081.21
1153.77
1157.51
1185.11
1139.96
1006.88
1053.24
1082.12
1032.06
1206.35
1096.54
1259.8
1160.13
1136.93
1036.02
1147.35
1121.28
1126.76
1150.29
1169.5
1066.68
1129.45
1136.13
1140.82
1072.47
1181.73
1309.76
1068.34
1156.43
1302.89
1135.94
1171.28
1091.45
1122.23
1191.68
1087.91
1109.01
1316.93
1133.23
1165.76
1024.96
1171.92
1220
1104.5
1110.83
1092.92
1120.07
1121.55
1081.46
1100.26
1144.46
1224.4
1075.66
1034.26
1240.57
1254.23
1176.05
1270.59
1094.02
1130.2
1043.87
1119.22
1011.66
1111.27
1225.6
1064.51
1083.99
1146.04
1005.63
1106.68
1090.33
1075.47
1136.51
1116.03
1090.82
1054.46
1043.52
1052.81
1199.92
1130.78
1117.21
1167.72
1097.49
1011.59
957.002
1124.71
1125.01
1133.75
1230.68
1027.5
998.243
1110.4
1083.86
1151.82
1251.43
1236.8
1157.58
1053.54
1118.98
1159.03
1176.9
1326.69
1120.31
1231.53
1177.79
1197.54
1223.88
1105.73
1099.87
1097.62
1068.15
1073.72
1108.81
1141.58
1133.44
1147.48
1167.43
995.652
1227.01
1111.63
1166.75
1148.49
1113.29
999.427
1062.04
1170.57
1220.66
1136.45
1116.78
1022.35
1198.1
1195.69
1107.5
1080.43
1078.4
1137.54
1054.3
1125.7
1259.55
1174.98
1218.14
1216.26
1196.99
1196.63
1167.27
1099.43
1199.55
1236.8
1208.07
1003.66
1185.33
1085.8
1235.86
1128.32
1097.73
1233.68
1169.27
1154.91
1063.6
1234.51
1101.61
1198.17
942.616
1156.07
1199.39
1150.6
1093.7
1121.68
1083.14
1112.22
1245.56
1205.61
1156.81
1029.11
1113.53
1034.45
1061.69
1201.56
996.208
1153.76
1160.64
1084.6
1108.18
1119.74
1078.74
1085.04
1007.98
1113.8
1165.13
1127.5
1118.43
1120.8
1135.09
1079.82
1150.64
1120.12
1022.89
1156.24
1133.71
1086.79
1176.82
1242.37
1167.83
1208.56
1201.69
1126.53
1138.82
1122.36
1061.25
1041.65
1198.72
1067.41
1095.5
1019.63
1081.59
1061.26
1129.87
1174.61
981.872
1217.79
1061.16
1092.72
1231.57
1100.22
1003.43
1164.1
1182.49
1134.95
1090.77
1309.28
1106.92
1232.96
1046.93
1002.67
1071.81
1095.58
1229.13
1059.89
1065.68
1026.76
1152.99
1250.45
1179.41
1201.55
1040.39
1003.57
1050.07
1002.12
1012.37
1064.58
1087.52
1123.51
1038.15
979.72
1125.71
1113.05
1106.07
1144.81
1133.81
1029.04
1155.76
1077.59
1104.94
1168.52
1213.48
1117.55
1152.39
1055.81
1021.69
1098.48
995.109
1208.77
1234.37
1110.97
1117.28
1024.22
1139.96
1139.49
1060.98
1147.43
1224.57
1128.96
1005.01
1094.64
1063.87
1072.47
1107.68
1074.88
1091.32
1155.84
1158.52
1110.36
1114.95
1133.35
1206.72
1161.41
1074.23
1113.52
1060.23
1126.73
1021.13
1109.63
1067.53
1228.92
1168
1168.42
1112.89
1177.79
1144.45
1168.64
1189.22
1051.97
1124.05
1138.74
1297.95
1095.22
1172.35
1200.82
1166.89
1068.32
1187.4
1126.03
1135.19
1080.03
1291.51
1226.06
1187.79
1147.56
1078.37
1079.2
1121.8
1178.68
1129.86
1079.64
1181.66
1077.13
943.319
1218.66
1023.04
1047.95
1200.71
1095.82
1228.18
1160.21
1200.49
1190.97
1106.19
1191.79
995.738
1188.67
1194.73
1060.89
1117.62
1240.01
1070.13
1092.22
1120.32
1245.92
1092.1
1093.26
1120.67
967.926
1034.35
1181.18
1152.78
1203.47
1099.66
1052.9
1029.53
1086.92
1070.35
1110.34
1234.14
1184.47
1175.86
1070.71
1091.78
1140.92
1074.91
1173.07
1148.84
1170.88
1225.41
1188.37
1148.31
1203.53
1118.23
1070.06
1177.01
1101.23
1158.82
1109.39
1076.36
984.179
1060.38
1177.88
1131.69
1163.86
1173.98
1183.89
1183.86
989.84
1053.54
963.184
1203.16
1191.51
1207.24
1192.84
1129.82
1119.81
1043.69
1153.53
1194.81
1114.48
1196.34
1172.16
1158.64
1005.99
1121.21
1120.06
1173.55
1090.3
1074.64
987.054
1143.69
1085.79
1196.32
1088.87
1110.87
1091.84
1248.41
1151.01
1137.74
1034.13
1083.9
1104.44
1092.79
1126.45
1130.74
1057.87
1111.5
1128.4
1237.09
1176.41
1147.78
1074.92
1218.94
1092.41
1199.7
1070.77
1170.61
1165.5
1089.95
1187.35
1213.73
1145.2
1205.2
1070.99
1065.85
1145.37
1060.71
1127.37
1122.25
1213.57
1215.44
964.133
1143.74
1128.75
1206.01
1161.07
1036.46
1012.86
1145.82
1113.53
1060.13
1306.85
1122.18
1201.6
1152.95
1242.37
1175.4
1205.53
1009.39
1044.15
992.696
1181.05
1169.45
1094.06
1113.5
1129.17
1109.94
1067.24
1125.79
1128.95
994.93
1153.03
1054.79
1054.33
1195.94
1093.71
1159.07
1098.33
1226.61
1009.49
1165.65
1135.34
1211.1
1211.82
1170.89
1189.57
1227.46
1216
1136.26
1099.2
1146.35
1041.97
1123.81
1046.87
1058.52
1120.26
1139.77
1142.71
1208.07
1069.76
1137.46
1186.78
1046.66
1069.25
1098.25
1139.32
1003.44
1031.48
1075.94
1090.45
1134.24
1137.25
1113.43
1288.14
1212.41
1102.87
1111.58
1174.55
1132.27
1162.72
1095.13
1182.08
1145.34
1157.01
1192.23
996.043
1195.69
1174.8
1176.21
1038.38
1082.95
1190.03
1253.43
1189.17
1100.7
1144.48
993.968
1100.85
1155.52
1151.47
1190.39
1082.23
1125.75
1086.27
1070.04
1041.03
1219.31
1119.73
1126.65
1160.16
996.293
1201.12
1263.94
1161.97
1188.5
1047.67
1143
1074.57
1217.64
1156.98
1226.03
1157.59
1126.15
1120.04
1092.61
1089.55
1152.01
1118.69
1097.75
1175.71
1158.81
1106.97
1064.66
1087.12
1195.3
1101.05
1126.58
1114.82
1234.11
1161.92
976.676
1162.83
963.403
1125.61
1105.2
1131.9
949.792
1012.63
1171.77
1122.94
1147.28
1105.91
1115.08
1000.99
1138.27
1052.1
1164.03
1125.61
1056.21
1106.13
1195.04
1170.8
1130.05
1157.69
1201.18
1246.99
1060.99
1082.68
1107.18
1201.81
1093.12
1097.78
1196.89
1031.48
1100.98
1020.28
1042.68
1177.13
1039.64
1224.6
1126.72
1030.2
1101.17
1107.43
1019.7
1234.4
1085.25
1112.2
1169.32
1237.74
1125.1
1045
1078.6
1039.32
1049.28
1240.84
1012.42
1078.26
1085.44
1078.22
1073.67
1140.17
1006.74
1115.37
1081.25
1142.83
1132.47
1015.29
1047.36
1135.85
1132.34
1238.38
1099.71
1158.52
1159.48
1017.82
1185.99
1132.59
1106.52
1056.9
1190.35
1038.95
1182.38
1111.81
1135.7
1048.33
1082.78
1076.4
1166.19
1147.68
1006.73
1136.56
1167.01
1145.9
1133.51
1013.03
1116.19
1112.65
1130.21
1035.53
1129.37
1106.37
1106.59
1183.15
1131.01
1159.79
1069.53
1039.65
1005.79
1131.82
1074.17
1144.8
1188.03
1083.9
1093.42
1175.27
1096.94
1132.78
1200.23
1108.94
1166.66
1190.7
1150.96
1215.05
1196.58
1089.79
1120.27
1175.31
1207.69
1053.41
1212.29
1118.41
1084.79
1131.32
1127.66
1191.95
1125.61
1041.49
1195.18
1145.19
1029.63
1052.27
1310.75
1141.19
992.857
1085.86
1110.11
1105.66
1212.02
1151.61
1027.19
1087.57
1164.81
1154.23
1147.97
1059.61
1052.85
1147.53
1081.3
1104.29
1070.59
1152.22
1190.5
1096.04
1106.97
1116.85
1186.12
1110.39
1155.83
1124.68
1132.82
1025.72
1115.64
1244.94
1142.12
1219.13
1199.66
1216.19
1156.25
1075.24
1085.34
1062.82
1202.47
1168.99
1131.77
1061.69
1023.76
1133.49
1076.54
1117.27
1152.2
1140.58
1183.46
1139.92
1134.93
1007.24
1045.69
1094.61
1088.07
1084.73
1123.58
1062.56
1120.23
1179.82
1212.91
1106.58
1095.13
1103.44
1137.73
1234.92
1223.77
1060.98
1194.03
1151.17
1048.11
1106.38
1056.17
1038.2
1169.94
1138.3
1169.68
1241.98
1208.79
1165.92
1224.29
1159.94
1154.05
1069.1
1137.14
1091.14
1097.39
1120.72
1142.33
1183.57
1201.31
1109.9
1122.87
1041.42
1092.32
1068.68
1100.27
1049.7
1108.54
1223.72
1183.6
1128.58
1186.89
1196.17
1123.33
1079.95
1045.17
1140.84
1185.6
1150.22
1133.53
1268.28
1173.21
1040.7
1119.01
1178.98
1177.01
1078.96
1081.62
1174.44
1273.52
1096.13
1189.33
1117.15
1218.16
1025.92
1249.32
1006.55
1094.39
1110.84
1027.59
1119.69
1133.5
1201.87
1073.78
1303.73
1210.59
1027.17
1297.18
1128.19
1214.24
1211.35
1222.78
1126.21
993.085
1084.82
1094.88
1147.25
1207.24
1195.18
1067.44
1244.82
1071.23
1104.13
1089.65
1195.12
1051.33
1227.32
1163.32
1126.84
1163.45
1071.55
1040.7
1217.26
1076.46
1167.72
1281.95
1146.71
1118.99
1053.31
1157.95
1131.77
1160.96
1127.9
1062.72
1119.2
1127.31
1186.23
1235.67
1111.7
1065.27
1110.48
1208.35
1092.66
1049.45
1209.96
1180.71
1250.42
1132.62
1224.96
1055.62
1182.95
1319.72
1156.06
1231.66
1141.34
1059.83
1194.73
1148.45
1163.46
1105.11
1163.6
1178.13
1172.03
1208.05
1098.35
1134.5
1068.85
1105.31
1086.73
1229.54
1050.75
1028.92
1221.71
1163.67
1139.21
1237.81
1097.02
1143.33
988.492
1075.51
1115.12
1191.56
1127.17
1133.59
1171.98
1122.73
1133.17
1180.29
1131.42
1245.7
1119.68
1058.47
1190.4
1147.12
1165.4
1069.44
1064.56
1201.53
1053.25
1190.89
1170.85
1201.68
1174.25
1106.78
1133.7
1248.68
1097.64
1062.66
1114.18
1139.37
1150.67
1099.93
1297.64
1147.26
1173.16
1218.87
1094.4
1191.88
1205.71
1110.56
1126.9
1174.9
1199.62
1050.73
1103.66
1110.46
977.582
1137.51
1120.46
1037.01
1164.73
1050.02
1159.46
1070.28
1162.95
980.949
1154.03
1115.19
1346.92
1061.39
1038.29
1078.02
1170.93
1105.72
1056.78
1216.41
1182.48
1171.69
1144.45
1219.41
1101.51
1003.65
1014.64
1134.89
1058.34
1160.3
1221.45
1249.75
1190.2
1122.18
1049.94
1038.18
1159.93
1086.05
1030.29
1163.77
1220.76
1124.66
1184.97
1070.65
1242.38
1233.88
955.97
1207.46
1092.1
1170.49
1160.36
1082.7
1199.74
1073.58
1087.02
1181.56
1195.29
1198.56
1212.76
1202.87
1129.68
1041.2
1114.41
1056.93
1141.05
1070.31
1139.18
1068.39
1085.53
1196.26
1175.05
1179.26
1193.48
1108.11
1166.23
1062.07
1032.77
1111.23
1085.04
1022.01
1151.53
1054.28
1208.1
1188.26
1136.57
1197.67
1052.54
1127.08
1127.34
1081.19
1010.59
1143.14
1079.12
1107.62
1134.8
1051.8
1079.32
1073.3
1140.95
1110.77
1068.29
1010.12
1164.52
1160.79
1025.71
1048.88
1101.34
1118.96
1133.08
1077.6
1074.99
1198.49
1020.96
1255.56
1064.73
1067.61
1101.96
1183.75
1018.33
1248.35
1091.68
1120.29
1147.28
1169.12
1156.5
1269.55
1194.18
1237.94
1127.58
1078.21
1067.64
1013.55
1190.1
1038.39
1181.34
1171.69
1101.84
1216.08
1156.31
993.347
1189.9
1167.33
1011.19
1255.49
1230.01
1193.14
1126.63
1102.61
1155.72
1007.35
957.767
1060.23
1148.39
1176.26
1178.01
1151.8
1137.41
1132.28
1134.66
1072.52
1172.68
1197.23
1093.66
1044.13
1112.93
1111.48
1034.17
1070.86
1127.56
1182.99
1124
1168.18
1265.15
1239.46
1074.96
1199.36
1071.31
1035.13
996.843
1131.25
1118.11
1125.45
1084.63
1183.36
1175.41
1141.39
1211.78
1130.82
1025.63
1105.3
1191.5
1177.03
1096.77
1003.47
1091.6
1114.65
1173.73
1097.79
1219.7
1120.38
1187.59
1129.54
1129.22
1125.08
1318.4
1119.44
1257.48
1179.51
1095.87
1203.52
1217.3
1152.6
1056.53
1231.05
1191.27
1196.98
1206.92
989.977
1173.25
1182.53
1105.04
1250.21
1145.06
1123.15
1203.6
1124.2
1116.86
1098.07
1150.69
1189.61
1147.3
1152.88
1095.23
1087.02
1028.18
1087.13
1204.92
994.143
1170.9
1116.71
1064.9
1169.8
1152.5
1013.7
1088.28
1074.78
1180.42
1174.59
1156.05
1249.84
1198.32
1178.86
1121.41
1099.28
1091.86
1078.06
1145.06
1148.95
974.842
1133.84
1122.03
1090.93
1107.62
1127.63
1096.18
1216.09
1089.2
1125.56
1079.49
1138.51
1113.58
1168.65
1206.84
1173.34
1074.5
1101.09
1215.16
1051.08
1012.77
1119.41
960.128
1172.97
1086.81
1027.22
1024.73
1225.66
1026.94
1191.56
902.996
1039.29
1212.59
1152.54
1083.08
1176.78
1191.06
1147.96
1133.55
1044.49
1156.14
1179.33
1140.37
939.619
1096.98
1132.32
1123.03
1099.61
1087.75
1154.94
1224.32
1063.49
1098.58
1138.37
1089.02
1171.27
1111.42
1153.86
1068.4
1080.55
1190.8
1087.36
1208.96
1063.71
1226.83
1023.22
1111.27
1243.82
1098.99
1081.45
1178.44
1065.01
1099.78
1205.19
1086.25
1183.68
989.339
1088.32
1064.01
1119.27
1007.11
1006.14
1013.82
1137.59
1080.91
1064.53
1182.74
1215.51
1158.56
1136.34
1076.27
1049.39
1161.21
1094.86
1052.61
1173.15
1142.73
1124.3
1057.45
1113.92
1087.72
1141.51
1133.48
1218.1
1225.17
1184.96
1130.96
1132.46
1161.37
1093.96
1115.56
1199.46
1315.59
1085.27
1164.92
1061.91
1133
1120.96
1188.24
1066.67
1118.06
1266.19
1123.73
1070.41
985.819
1096.55
1166.14
1131.74
1014.29
1158.52
1057.24
1093.25
1102.42
1083.01
1077.47
1158.5
1089.63
1043
1126.11
1148.29
1161.48
1109.88
1121.32
1218.14
1072.25
1036.47
1129.06
1163.09
1183.9
948.53
1187.23
1056.06
1153.34
1142.11
1142.06
1053.05
1106.52
1104.79
1113.34
1074.61
1106.49
1180.27
1002.06
1118.7
1135.51
1138.23
1243.18
1130.78
1105.46
1176.45
1106.58
1082.15
1101.91
1195.73
1105.13
1076.53
1099.77
1119.57
1097.95
1116.97
1196.52
1041.72
1142.19
1291.69
1085.44
1148.47
1104.01
1063.15
1121.87
1309.22
1145.76
1174.64
1110.64
1175
1134.42
1082.96
1145.02
1120.97
1190.94
1039.21
1294.16
982.603
1233.83
1144.36
1016.75
1099.49
1068.44
1162.08
1129.9
1138.03
1104.32
1055.39
1211.67
1120.93
1085.2
1000.1
1229.42
1184.57
1100.96
1172.22
1179.92
1146.48
1158.67
1144.98
1195.59
1129.82
1148.75
1041.3
1124.31
1221.7
1150.24
1153.1
1184.84
1073.42
1123.39
1189.06
1298.3
1163.9
1176.09
1123.05
1203.69
1255.48
1143.65
1201.19
1193.03
1224.21
1096.47
1179.54
1101.43
1101
1131.89
1146.36
1096.35
1213.77
957.464
1140.24
1145.52
1090.06
1181.29
1069.5
1022
1140.48
1107.07
1100.79
1149.97
1171.76
1159.78
1064.98
1027.23
1124.33
1164.83
1132.34
1176.25
1150.33
1124.67
1168.44
1115.64
1017.32
1180.82
1099.84
1188.46
1134.57
1180.32
1182.96
1239.04
1155.53
1091.34
1145.86
1285.12
1014.84
1121.8
1210.35
1185.85
1242.13
1035.7
1190.27
1138.02
1167.41
1064.07
1198.31
1249.72
1202.12
1104.53
1197.74
1169.34
1193.08
1236.69
1224.85
1100.38
1254.66
1195.13
1174.02
1147.55
1119.24
1108.71
1207.26
1270.7
1164.06
1093.1
1048.26
1040.47
1246.35
1106.14
1201.17
1174.66
1088.14
1029.74
1036.84
1033.97
1162.18
1152.17
1135.05
1169.14
1215.34
1094.53
1085.47
1108.38
1167.2
1026.09
1058.6
1192.71
1212.88
1153.97
1119.73
1100.82
1167.57
1136.9
1122.98
1198.99
1220.16
1097.91
1207.8
1156.39
1085.98
1232.18
1160.63
1155.23
1042.78
1205.95
1179.51
1307.49
1110.22
1010.38
1226.47
1117.68
1128.7
1220.29
1029.25
1068.52
1141.72
1148.41
1086.61
1155.56
1131.01
1118.47
1214.48
1183.29
1160.97
1065.27
1111.68
1082.88
1110.09
1138.08
1098.52
1080.45
1124.12
1132.64
1067.27
1177.74
1207.12
1188.05
1177.15
1212.82
1155.35
1156.05
1158.82
1134.03
1124.46
1189.47
1182.89
1224.96
1210.31
1148.18
1297.99
1021.05
1172.27
1134.18
1094.97
1190.16
1243.81
1118.93
1115.59
1046.66
1202.4
1203.11
1013.12
1071.24
1236.32
1128.22
1118.36
1216.25
1190.29
1149.77
1115.25
1096.28
1182.22
1014.26
1076.11
1163.93
1056.04
1193.56
1108.61
1063.95
1051.13
1092.27
1022.94
1082.34
1083.81
1101.15
1110.6
1092.52
1093.49
1162.49
1240.32
1250.37
1292.58
1154.21
1119.22
1140.66
1151.16
1024
1066.28
1174.04
1164.46
1223.22
1204.14
1179.91
1118.02
1282.21
1181.64
1267.41
1134.37
1161.1
1205.92
1174.15
1061.47
1129.75
1037.49
1159.26
1096.6
1244.3
1212.13
1166.51
1278.46
1203.27
1070.23
1172.31
1031.06
1185.53
1127.6
1097.14
1135.88
1163.45
1088.12
1158.08
1103.11
1223.23
1269.33
1000.28
1171.53
1151.55
1001.39
1112.78
1112.76
1121.86
1117.56
1101.65
1042.62
1118.85
1116.31
1158.15
1186.15
1133.34
1094.5
1117.98
1170.4
1261.08
1170.29
1051.32
1181.57
1164.24
1132.31
1216.18
1204.98
1199.78
1190.35
1138.37
1155.97
1160.16
1163.81
1109.75
1107.5
1107.98
1135.59
1276.06
1105.7
1149.11
1107.03
1138.35
1136.99
1124.83
992.229
1246.51
1111.6
1164.22
1217.01
1089.02
1116.18
1096.61
965.401
1063.99
1069.27
1129.47
1188.18
1146.18
1117.91
1143.08
933.614
995.685
1184.3
1241.7
1206.22
1179.9
1157.27
1101.51
1037.72
1145.97
1258.58
1280.32
1077.27
1064.05
1003.64
1157.38
1199.37
1096.16
1035.57
1209.34
1132.06
1141.24
1028.06
1049.73
1172.56
1059.66
1136.85
1159.1
1195.97
1147.11
1117.02
1235.89
1198.87
1048.12
1013.73
1258.13
1130.26
1127.91
1139.28
1134.11
1158.38
1060.82
1213.5
1053.8
1076.13
1050.86
1086.16
1079
1068.45
1073.54
1162.51
1159.29
1194.86
1078.9
1208.21
1235.74
1207.34
1165.73
976.863
1087.39
1042.94
1078.87
1063.97
1169.09
1103.52
1241.21
1111.46
1057.17
1133.59
1127.62
1079.1
1081
1103.89
1056.87
1092.69
1103.98
1189.63
1228.35
1073.52
1191.51
1114.99
1166.38
1206.08
1205.89
1069.58
1211.41
1124.07
1055.97
1160.91
1035.7
1076.4
1130.55
1117.52
1073.25
1043.66
1117.4
1186.59
1137.8
1207.06
1122.65
1165.38
1096.17
1260.92
1215.06
1136.97
1110.14
1133.65
1023.23
1175.82
1088.11
1092.96
1185.51
1156.09
1074.87
1168.44
1142.73
1065.29
1165.56
1057.84
1207.15
1105.87
1043.4
996.345
1173.38
1120.99
1153.11
1247.45
1118.81
1067.32
1082.13
1116.19
1150.16
1036.33
1222.34
978.791
1136.07
1162.12
1073.73
1090.51
1008.51
1141.19
1232.89
1012.63
1064.4
1116.29
1218.25
1153.29
1042.38
1203.89
1117.93
1223.94
941.556
1017.28
1100.98
1177.4
1080.62
1108.29
1105.84
1121.41
1186.71
1119.08
1192.73
1097.36
1129.69
1258.25
1046.66
1168.47
1090.63
1179.88
1015.96
1118.82
1046.45
1204.44
1091.24
1125.79
1103.4
1151.32
1192.79
1165.09
1034.67
1083.55
1216.45
1155.14
1147.93
1105.8
1061.56
1107.58
1132.12
1116.37
1163.64
1283.52
1304.32
1183.43
1176.44
1068.78
1145.61
1143.46
1266.44
1238.72
1141.66
1132.41
1153.16
1130.46
1185.56
1191.13
1153.45
1249.09
1083.03
1113.54
1136.82
1139.31
1065.52
1175.14
1011.58
1027.92
1028.32
1121.94
1287.92
1127.12
1106.09
1227.43
1076.23
1082.43
1150.98
1030
1089.09
1102
998.822
1147.21
1209.72
1018.6
1180.16
1049.78
1129.53
1130.04
1094.68
1131.16
1006.78
1266.67
1170.99
1152.49
1022.96
1153.78
1072.58
1121.71
1129.62
1192.89
1165.69
1133.18
1030.86
975.665
1124.32
1106.46
1060.49
1166.9
1104.46
1148.79
1075.46
1143.88
1147.19
1197.97
1118.28
1083.68
1094.47
1114.35
1038.82
1088.49
1132.02
1036.19
1087.96
1177.83
954.349
1047.07
1060.82
1204.78
1091.06
1040.65
1137.21
1171.11
1078.21
1070.73
1134.25
1147.85
1103
1009.53
1141.49
1181.55
1201.67
1110.47
992.381
1120.43
1101.45
1069.87
1089.38
1206.71
1148.14
1084.53
1078.7
1132.25
1230.26
1132.33
1074.56
1105.28
1160.08
1112.9
1089.16
1073.18
1069.13
1201.17
1206.87
1194.7
1076.25
1180.77
1142.88
1044.73
1173.97
1124.17
1248.24
1164.91
1070.96
1091.17
1186.26
1229.41
1298.19
1104.12
1014.09
1200.08
1181.98
1194.81
1077.47
1062.17
1088.42
1173.19
1022.33
1133.61
1032.55
1115.53
1049.94
1252.15
1098.3
1051.86
1116.39
1264.13
1223.62
1066.29
1211.1
1229.85
1093.28
1107.83
1211.61
1278.39
1004.86
1137.02
1251.21
1138.36
1195.57
1180.21
1079.21
1100.74
1134.43
1130.98
1230.15
1163.16
1178.51
1281.53
1084.99
1118.88
1149.73
1088.51
1140.3
1182.15
1168.98
978.906
1134.54
968.392
1062.8
1115.06
1168.16
1064.11
1118.73
1156.75
1076.92
1057.76
1118.22
1202.87
1135.98
1028.29
1143.41
1196.75
1109.32
1092.28
1104.75
1239.31
1045.22
1247.98
1127.49
1141.28
1124.68
1165.71
1116.91
1055.15
1091.79
1128.57
1126.1
1186.17
1136.69
1246.09
1139.71
1184.44
1199.09
1081.36
1038.13
1141.04
1044.36
1065.22
1300.18
1194.13
1241.64
1064.94
1063.19
985.529
1169.89
1231.95
1119.38
1144.45
1202.17
1200.77
1048.86
1149.09
1124.24
1186.46
1158.76
1101.17
1307.33
1225.02
1219.23
1079.87
1126.34
1110.37
1093.12
1178.59
1248.08
1238
1272.45
1155.52
1023.81
1120.01
1128.75
1080.01
1157.75
1223.12
1138.06
1134.43
1123.93
1076.08
1189.1
1182.04
1112.3
1134.71
1133.54
1101.21
1159.99
1155.74
1200.33
1187.78
1074.8
1117.52
1239.26
1036.28
1140.84
1056.23
1186.37
1214.92
1069.85
1113.39
1092.5
1125.42
1130.01
1268.59
1199.28
1039.46
1246.81
1165.93
987.418
1087.17
1112.37
1286.77
1168.78
1100.57
1184.1
1132.27
1188.85
1142.38
1163.27
1165.73
1056.57
1091.83
1248.97
1103.61
1236.37
1163.93
1181.67
1156.86
1159.57
1106.64
1075.89
1063.55
1122.1
1138.27
1214.4
1188.4
1223.54
1149.29
1129.53
1178.56
1203.57
1044.21
1173.79
1149.02
978.13
1076.72
1062.08
1016.57
1130.28
1155.12
1077.2
1138.9
1163.93
1124.7
1158.13
1099.77
1036.34
1069.94
1046.18
1052.22
1165.26
1102.71
1157.08
1157.1
1140.52
1090.25
1090.03
1200.25
1138.75
968.428
1053.89
1080.26
1131.88
1016.76
1140.88
1149.48
1167.47
1189.81
1109.65
1184.92
1185.04
1164.5
1201.19
967.221
1085.92
1145.22
1123.99
1078.8
969.904
1075.89
998.648
1164.07
1206.73
1080.69
1178.76
1177.77
1051.44
1020.13
1083.29
1090.32
1125.4
1074.99
1166.6
1053.22
1195.01
1062.46
1179.31
1273.48
1054.04
1146.07
1038.15
1239.1
1145.83
1152.03
1080.28
1086.78
1096.27
1065.01
1156.26
1178.16
1153.93
1107.54
1131.49
1110.31
1185.51
1270.29
1084.04
1072.42
1134.54
983.586
1113.2
1147.75
1128.92
1105.43
1146.13
1126.34
991.075
1222.71
1156.27
1069.17
1180.82
1171.36
1162.28
1174.71
1099.25
1063.01
1095.16
1155.2
1181.87
1122.69
1147.69
1028.84
1158.15
1096.75
1077.14
1172.34
1063.74
1157.59
1049.34
1122.19
1017.29
1175.57
1149.2
1182.14
1012.82
1208.51
1081.04
1169.24
1179.19
1199.51
1132.28
1150.8
1236.39
1111.74
1020.42
1098.92
1119.72
1167.25
1163.11
1220.26
1112.66
1138.96
1127.78
1049.1
1086.74
1068.35
1126.52
1187.38
1057.24
969.565
1101.63
1004.43
1151.25
1079.49
1135.96
1140.31
1099.02
1069.57
983.391
1154.86
1122.54
1071.45
1079.56
1035.14
1118.15
1161.53
1146.54
1183.68
1149.31
1112.72
1124.13
1054.71
1184.43
1180.33
1024.28
1201.38
1133.03
1131.04
1024.53
1093.09
1119.25
1126.13
1083.44
1096.34
1066.89
1094.52
1185.97
1087.63
1096.94
1164.69
1006.12
1112.53
1103.53
1118.33
1069.52
1130.45
1114.23
1090.42
1001.15
1084.85
1110.46
1155.23
1102.32
1128.3
1087.07
1168.18
1149.22
1071.99
1086.19
1261.49
1249.55
1086.05
1178.02
1201.01
1089.23
1158.32
1172.27
1119.41
1075.77
1125.05
1153.54
1233.75
1141.28
1081.92
1149.64
1169.54
1100.56
1209.61
1087.24
1024.56
1167.96
1158.61
1190.77
1084.01
1172.46
1229.06
1173.54
1179.52
1239.12
1074.16
1213.53
971.398
1044.12
1147.28
1107.55
1161.26
1159.29
1126.54
1171.7
1171.94
1086.18
1250.58
1092.35
1163.91
1039.14
1032.22
1043.87
1105.61
949.561
1161.82
1175.78
1050.8
1101.91
1027.32
1043.41
1268.42
1028.54
1092.99
1068.56
1092.59
1061.49
1054.91
1073.11
1157.7
1141.09
1092.31
1146.91
1129.86
1230.59
1108.45
1259.61
1203.73
1108
1174.69
1104.51
1133.01
1163.54
1126.41
1165.31
1078.68
1044.99
1125.59
1216.16
1067.96
957.835
1075.02
1036.91
1135.52
1177.74
1134.05
1068.69
1095.85
1283.34
1173.91
1190
1061.43
1068.82
1343.33
1164.43
1163.1
1146.49
1137.56
1171.53
1156.68
1084.76
1064.78
1191.44
1119.06
1059.55
1138.3
1148.7
1107.44
1121.2
1254.57
1076.48
1069.18
975.3
1151.23
1237.3
1092.44
1073.85
1081.41
1155.22
1180.43
1090.87
1179.93
1079.37
1034.45
1100.22
1224.15
1204.3
1190.26
1106
1135.35
1161.95
1190.86
1164.99
1293.97
1115.39
1095.56
1055.09
1073.88
1103.08
1075.9
1094.7
1106.93
1210.06
1139.61
1070.49
1066.4
1103.13
1129.51
1088.68
1140.51
1168.19
1166.61
1162.6
1024.24
1292.33
1222.62
1121.65
1183.27
1092.41
1209.81
1196.33
1145.7
1139.5
1042.35
1241.68
1116.75
1035.47
1182.68
1142.72
1193.57
1071.7
1006.83
1101.86
1105.44
1064.05
1150.28
1123.37
1050.8
1163.4
1079.11
1031.26
1103.72
1117.05
1178.86
1115.29
1211.3
1096.35
1032.01
1191.21
1205.1
1125.77
986.635
1219.19
1192.13
1241.76
1172.59
1214.36
1080.49
1159.44
1129.22
1072.7
1117.89
1169.8
1063.35
1072.81
1298.47
1110.29
1141.57
1112.96
1122.62
1199.99
1166.98
1185.78
1262.29
1113.79
1074.13
1152.04
1102.4
1108.62
1198.51
1042.24
1082.64
1175.49
1200.97
1013.8
1168.47
1175.43
1158.81
1132.62
1163.83
1162.9
1188.52
1192.62
1108.57
1144.59
1130.03
1222.19
1197.83
1126.08
1158.52
1047.48
1152.15
1053.6
1015.4
1257.88
1099.37
1149.36
1270.17
1204.27
1111.38
1062.05
1164.57
1161.1
1120.11
1038.12
1236.1
1168.21
1171.93
1056.91
1162.74
1230.24
1078.98
1204.21
1003.3
1186.25
1094.49
1155.62
1087.21
1191.65
1269.8
1112.33
1037.25
1190.43
1135.6
1109.47
1226.81
1063.65
1106.31
1043.62
1153.87
1053.16
1226.83
1162.67
1175.7
1107.85
1088.63
1232.6
1119.24
1320.27
1163.14
1096.73
1049.27
1001.64
1149.19
1209.43
1182.16
1225.42
1166.27
1129.37
1066.05
1011.31
1143.62
1044.79
1104.86
1159.8
1157.65
1066.59
1144.25
1113.58
1195.59
1098.12
1152.74
1263.54
1187.11
1172.3
1052.15
1131.05
1210.56
1183.45
1143.7
1079.54
1228.09
1110.09
1095.54
1198
1064.5
1156.7
1003.79
1143.08
1211.68
1098.6
1170.96
1176.07
1133.47
1139.6
1122.65
1074.24
1139.87
1152.81
1088.63
1082.61
1140.06
1085.76
1128.51
1152.69
1163.26
1111.56
1205.86
1076.91
1122.76
1091.25
1090.74
1189.01
1230.26
1076.55
1103.32
1074.91
1036.91
996.874
1027.59
1185.96
1148.79
1244.95
1171.95
1222
1224.48
1106.76
1089.31
1221.66
1122.76
1162.58
1084.26
1161.32
1174.02
1173.83
1116.56
1082.48
1148.46
1084.34
1168.51
1040.94
1247.41
1069.13
1151
1154.23
1193.75
1143.94
1137.97
1203.36
1028.04
1169.32
1122.42
1134.1
1068.17
1115.59
1078.66
1022.75
1172.56
934.027
1061.8
1117.67
1167.54
1180.09
1184.1
1103.62
1090.37
1118.43
954.917
1061.46
1162.47
1122.44
1103.36
1063.25
1239.17
1203.78
1146.64
1107.99
1172.48
1170.95
1158.38
1113.12
1086.66
1021.45
1082.05
1178.86
984.616
1029.68
1045.78
1215.31
1159.5
1197.91
1118.73
1144.61
1285.38
1114.8
1034.7
1206.96
1114.33
1190.38
1232.9
1136.35
1171.33
1157.29
1047.69
1038.64
1194.33
1037.49
1052.1
1265.45
1163.67
1116.81
1067.92
1110.2
1148.13
1074.09
1158.9
1058.12
1164.9
1090.36
1205.46
1080.42
1107.29
1093.06
1192.94
1081.63
1114.34
1044.55
1158.59
1213.32
1080.94
1167.4
1120.54
1149
1040.01
1097.37
1219.37
1130.66
1133.62
1066.18
1125.73
1148.76
1147.14
1000.11
1207.22
996.786
1128.92
1045.78
1089.58
1158.23
1057.36
1094.35
1067.4
1154.99
1102.54
1022.57
1205.72
1080.81
1113.95
1145.05
1273.88
1132.62
1125.71
1131.46
1241.4
1078.58
1088.71
1186.56
1168.18
1151.12
1146.98
1176.03
1170.16
1048
1105.72
1071.68
1201.46
1233.97
1177.89
1122.53
1140.19
1106.15
1149.61
1023.48
1191.07
1068.87
1208.52
1196.12
1059.08
1060.64
1099.02
1124.36
1081.42
1104.67
1120.2
1222.94
1061.63
1189.64
1176.37
1173.86
1182.49
1066.64
1049.18
1167.35
1103.68
1252.11
1072.55
1139.88
1134.47
1133.47
1080.62
1179.08
1195.13
1110.23
1146.92
1230.18
1151.41
1081.4
948.743
1075.28
1127.89
1151.36
1003.45
1142.67
1069.16
1083
1083.89
1265.77
1219.41
1139.13
1053.96
1002.58
1042.27
1188.99
1171.84
1112.86
1147.09
1166.02
1158.27
1078.09
1117.41
1065.15
1145.83
1194.81
1225.55
1178.3
1149.64
1110.94
1246.92
1137.72
1189.02
1191.13
1106.97
1140.21
1111.94
1143.91
1102.01
1059.76
1154.92
1138.33
1095.4
1103.01
1100.04
1060.32
1170.36
1093.47
1065.43
1213.96
1046.6
1125.98
1266.49
1081.57
1130.33
1024.13
989.92
1025.37
1083.63
1039.69
1122.68
1201.23
1256.74
996.755
1128.91
1175.14
1144.34
1183.69
1159.31
1203.45
1171.99
1167.66
1073.4
1396.64
1162.83
1054.47
1061.79
1074.54
1186.89
1231.67
1123.44
1071.99
1028.51
1068.06
1085.99
1122.47
1092.68
1041.62
1057.9
978.797
1123.66
1165.19
1153.29
1217.48
1123.81
1006.71
1192.74
1278.28
1104.51
1146.15
1198.79
1063.65
1082.24
1075.15
1197.02
1116.85
1123.83
1229.6
1122.23
1170.7
1298.24
1086.35
1231.64
1094.92
1150.58
1057.33
1060.23
1140.83
1096.95
1030.58
1052.48
1222.89
1143.97
963.407
1253.11
1065.95
1124.01
1126.75
1004.17
1242.7
1082.5
1076.34
1136.89
1144.78
1213.17
1241.17
1179.8
1080.03
1033.33
1026.47
1068.74
1175.97
1115.02
1169.28
1228.74
1107.19
955.529
1039.3
1094.3
1300.45
1093.23
1109.57
1108.77
1064.08
1160.75
1105.07
1114.97
1158.28
1134.25
1179.77
1058.96
1106.44
1124.52
1118.68
1101.22
1132.98
1039.54
1107.47
1067.51
1128.75
1146.83
1069.51
1082.36
1104.46
1142.42
1141.44
1085.39
1110.55
1112.26
1109.11
1144.43
1212.79
1054.47
1155.93
987.611
1100.15
1029.17
1158.46
1060.48
1210.96
1193.18
1027.4
1082.27
1111.7
1191.04
1135.75
1045.3
1044.98
1076.84
941.243
1022.02
932.783
1027.35
1088.19
1147.23
1166.23
1142.38
1261.47
1068.89
1027.49
1095.89
940.933
1180.74
1085.26
1052.84
1045.85
1245.97
1133.08
1081.73
1261.61
1109.37
1127.7
1162
1075.7
1116.17
1114.16
1179.33
1166.07
1071.1
1070.6
1215.47
1101.83
1057.53
1227.86
1090.19
1134.43
1111.77
1186.01
1160.93
1119.79
1095.28
1155.74
1003.56
1108.15
1087.29
1186.78
1128.38
1146.73
1215.4
1103.84
1280.07
1137.23
1182.44
1113.25
1029.12
1048.19
1175.49
1008.75
1196.4
1163.86
1085.3
1119.09
1094.27
1155.13
1136.97
1112.28
1144.84
1170.1
1183.75
1059.44
1081.28
1048.76
984.54
1199.44
1188.36
1080.55
1195.89
1224.96
1168.53
1068.32
1017.7
1235.96
1105.93
1051.8
1162.17
1131.69
1210.3
1033.64
1027.63
1206.17
1170.42
1022.83
1196.08
1034.45
1175.56
1218.04
1061.45
1058.38
1196.85
1108.71
1078.69
1264.76
1076.12
1171.43
1073.1
1074.43
1136.68
1111.2
1086.47
1122.96
1160.15
1151.83
1129.14
1148.52
1121.31
1173.9
1190.12
1145.1
1170.48
1048.95
1201.8
959.66
1079.78
1141.34
1032.87
1159.71
1153.86
1031.33
1021.53
1073.6
977.878
1091.94
1187.58
1169.48
1111.89
1188.95
1171.15
1123.22
1109.42
1068.06
1172.3
1182.52
1161.99
1199.8
1133.45
1085.96
1182.54
1251.41
1057.25
1128.36
1232.91
1067.84
1195.24
1010.53
1306.28
1186.66
1180.64
1080.21
1083.2
1106.15
1163.11
1116.17
1217.92
1088.61
1173.6
1075.05
1109.53
1122.05
1170.93
1048.69
1146.7
1293.75
1114.83
1028.74
1170.45
1092.88
1204.27
1105.8
1150.44
1060.6
1068.79
1049.71
1075.42
1094.82
1071.46
1001.07
1034.29
1182.61
1113.62
1120.56
1075.38
1106.25
1071.79
1175.75
1082.56
1089.07
1082.65
1111.64
1079.49
1029.45
1138.95
1127.1
1238.76
1213.44
1163.48
1134.36
1069.64
1122.55
1123.02
1116.35
1163.24
1285.23
1186.11
1159.95
1172.98
1122.2
1078.22
1213.97
1073.22
1168.36
1076.72
1097.61
1125.82
1070.59
1147.02
1072.29
1175.47
1127.19
1189.19
1107.21
1090.5
1139.8
980.234
1211.07
1034.88
1227.19
1099.89
1201.98
1161.94
1056.92
1084.07
1186.68
1117.21
1127.09
1141.57
1087.97
1052.69
1176.11
1082.82
1102.88
1189.15
1084.01
1224.35
1280.21
1162.21
1200.38
1113.38
1134.74
1047.79
1136.77
983.598
1188.13
1149.61
1127.07
1177.36
1190.76
1153.92
1178.79
1093.53
1202.2
1050.66
1265.09
1165.43
1235.04
1080.39
1114.57
1068.72
1237.41
1158.67
1115
1168.59
1126.18
1106.78
1080.42
1171.86
1121.22
1147.17
1152.87
1188.95
1233.63
1100.57
1101.95
1033.64
1049.92
1183.77
1173.78
1083.12
1106.73
1067.51
1180.94
1170.55
1114.36
1062.45
1161.06
1162.98
1106.94
1145.01
1101.83
1103.18
1151.36
1088.88
1147
1191.81
1197.23
1089.29
1242.7
1130
1260.5
1249.75
1093.31
1060.18
1084.5
1145.24
1028.04
1254
1031.88
1085.67
1057.78
961.414
1243.35
1212.27
1122.35
1129.3
1145.33
1175.45
1173.64
1121.61
1028.85
1071.53
1116.79
1051.35
1161.6
1133.64
1055.43
1011.98
1045.39
1107.46
1003.74
1055.68
1078.44
1100.67
1098.22
1115.07
1127.49
1137.71
1203.38
1068.35
1083.7
1284.35
1291.66
1123.28
1234
1200.92
1151.32
1177.49
1087.08
1041.2
1146.71
1165.54
1097.96
1120.66
1250.7
1097.01
1049.74
1105.76
1057.28
1235.9
1208.46
1066.7
1140.34
1142.81
1101.32
1116.62
1155.89
1154.19
1116.39
1136.19
1329.4
1023.99
1091.69
1231.74
1151.75
1083.91
1184.09
1169.55
1017.05
1055.11
1220.75
1031.83
1224.76
1149.32
1117.64
1136.45
1114.5
1201.27
1149.17
1260.94
1075.09
1091.58
1126.51
1053.98
1130.1
997.477
1004.49
1175.4
1160.76
1102.13
1207.9
988.399
1114.45
1149.31
1265
1050.35
1186.7
1211.99
1076.97
1259.7
1171.57
1208.05
1156.16
1170.7
1272.7
1143.24
1054.53
1288.06
1139.98
1141.16
1131.32
1100.8
1081.42
977.649
1023.45
1160.09
1231.13
1133.94
1111.03
1148.77
1163.67
1202.66
1109.38
1117.07
1225.4
1069.07
1081.46
1131.35
1083.82
1220.02
1138.15
1106.12
1077.14
1166.96
1218.47
1102.9
1128.42
1277.96
1250.68
1071.89
1089.08
1128.26
1264.45
974.094
1036.05
1090.99
1150.83
1172.79
1074
1067.03
1120.05
1052.38
1047.61
1057.84
1120.86
1115.91
1116.57
1235.03
1056.83
1155.14
1164.84
1063.5
1136.56
1121.97
1160.68
1148.23
1155.92
1177.72
1132.92
1162.13
1080.33
1126.3
1090.96
1242.54
1184.7
1117.22
1138.68
1274.34
1099.41
1102.51
1044.27
1066.23
1138.77
1078.12
1157.36
1152.51
1075.91
1192.52
1106.8
1105.44
1020.94
1079.31
1104.12
1172.47
1112.16
1155.97
1054.79
1088.76
1154.62
1124.96
1183.08
1191.38
1167.25
1078.51
1092.39
1123.03
1159.68
1167.35
1026.47
1072.98
1159.18
1071.65
1094.55
978.891
1225.53
1177.75
1197.54
1109.74
1258.9
1124.77
1150.88
1075.58
1022.96
1023.19
1183.62
1143.81
1065.1
1143.02
1155.54
1202.13
1018.72
1012.01
1151.34
1088.1
1008.6
1044.8
1025.01
1145.86
1090.34
1009.15
1052.1
1088.39
1180.68
1135.81
1053.21
1107.85
1128.92
1107.53
1001.77
1223.84
1202.46
1180.38
1135.16
1145.57
1101.16
1159.86
1217.32
1001.65
1062.96
1052.97
1237.98
1182.01
1181.1
1116.36
1168.42
1245.21
1143.89
1161.57
1085.34
1067.79
1158.56
1230.17
1181.45
1054.03
1129.6
1137.06
1093.45
1177.99
1119.58
1012.93
1107.44
1170.09
1025.09
1133.96
1154.6
1048.56
1074.39
1209.59
1126.42
1016.97
1097.65
1208.41
1182.96
1152.79
1052.06
1123.09
1191.21
1199.84
1120.9
1101.53
1065.15
1174.43
998.712
1143.71
1099.32
1152.48
1143.93
1184.09
1123.59
1106.33
1228.47
1106.42
1145.38
1183.12
1139.23
1039.21
977.502
1131.61
1117.62
1126.79
1067.69
997.136
1037.15
1060.49
1129.27
1137.23
1199.51
1253.42
983.593
1030.48
1162.83
1020.51
1105.6
1120.25
1085.06
1097.41
1088.46
1186.84
1158.97
1053.8
1059.8
1131.58
1067.17
1048.07
1145.87
1153.76
1137.61
1225.11
1179.03
1149.2
1175.59
1164.13
1010.4
1170.3
1141.82
1141.75
1126.01
1120.37
1102.09
969.623
1209.91
1110.56
1205.02
1137.2
1161.98
1132
1069.43
1142.73
1113.04
1076.97
1164.38
1045.2
1082.02
1099.84
1115.98
1320.41
1295.21
1066.73
1047.09
1142.63
1046.01
1046.54
1064.48
1091.44
1085.99
968.331
1171.73
1041.53
1113.54
955.604
1159.62
981.71
1024.13
1166.48
1096.06
1084.55
1116.87
1182.33
1079.05
1102.02
983.982
1088.38
1160.86
1141.28
1248.21
1142.38
1140.58
1100.37
1111.87
1177.84
1212.36
1117.45
1159.64
958.142
1042.39
1089.06
996.995
1156.61
1136.54
1017.65
1045.71
1096
1196.49
1109.22
1210.11
1084.75
1093.5
1212.07
1060.87
1084.45
1287.71
1172.95
1078.44
1149.49
1231.52
1110.97
1225.48
1101.21
1104.62
1042.96
1296.77
1080.11
1162.51
1178.57
1031.36
1097.66
1118.14
1066.04
1092.86
1059.31
1051.22
1059.27
1249.52
1084.65
1099.39
1088.3
1153.83
1061.64
1113.52
1080.63
1223.88
1127.76
1193.9
1052.59
1173.15
1062.53
1107.44
1284.98
1119.03
1148.52
1031.83
1143.72
1057.28
1066.45
1056.65
1272.22
1072.69
1120.19
1075.41
1134.23
1145.45
1103.01
1132.14
1132.53
1136.69
1175.07
1084.2
1061.04
1195.96
1060.4
1115.59
1098.15
1129.71
1136.83
1103.07
1005.58
1168.9
1273.32
1197.51
1109.81
1095.01
1066.93
1181.4
1123.96
1147.18
1067.1
1195.9
1170.43
1091.95
1095.07
1116.65
1049.68
1115.68
1188.66
1139.69
1251.63
1089.74
1128.53
1209.66
1121.66
1114.36
1142.78
1025.07
1109.46
1176.14
1217.47
1098.46
1092.99
1044.6
1129.75
1110.68
1108.2
1095.31
1116.73
1199.31
1151.53
1149.85
1079.51
1149.34
1061.19
1164.33
1198.46
980.296
1273.16
1175.23
1035.25
1174.44
1072.44
1146.16
1296.15
1000.69
1166.31
1107.56
1067.62
1082.99
1166.21
1102.61
1055.27
1093.52
1238.88
1253.14
1187.35
1170.41
1091.34
1121.83
1138.79
997.006
1095.19
1016.81
1023.39
1152.42
1081.22
1033.28
1243.85
1057.04
1134.88
1154.6
1127.97
1209.17
1154.08
1086.98
1221.25
1083.36
1188.35
1156.03
1178.42
1027.06
1195.74
1084.67
1081.16
1126.96
1186.77
1039.63
1117.54
1255.98
1068.22
1250.26
1200.31
1005.58
1079.23
1104.06
1038.01
1219.04
1182.35
1112.03
1166.41
1084.92
1139.63
1028.89
1192.96
1112.69
1094.47
1155.52
1276.59
1164.14
1067.66
1128.22
1167.65
1104.32
1198.91
1271.58
1097.45
1103.63
1111.68
1110.08
1193.68
1182
1131.34
1186.29
1163.42
1194.75
1179.9
1093.83
1029.62
1070.05
1011.85
1075.02
1043.94
1184.77
1115.96
1122.99
1074.18
1238.53
1115.1
1070.47
1098.21
1040.06
1081.84
1079.52
1140.84
1078.34
1128.56
1125.75
1178.15
1085.12
1097.21
983.401
1122.27
1079.39
1028.91
1044.76
1158.16
1087.85
1151.69
1095.29
1106.27
1144.43
1204.81
1218.16
1085.07
1107.91
1171.69
1222.97
1154.97
1212.37
1062.02
1098.99
1081.31
1058.74
1158.45
1051.82
1115.59
999.514
1089.24
1049.4
1076.65
1183.3
1079.44
1159.53
1147.26
1033.04
1164.67
1114.39
1055.52
1088.42
948.515
1159.71
1130.42
1103.58
1083.34
1008.28
1101.33
1159.42
1243.09
1204.18
1143.45
1069.95
1134.63
1078.51
1113.5
1062.37
1053.23
1072.62
1247.3
1122.07
1132.42
1087.66
1146.5
1111.14
1104.42
1079.34
1150.35
1005.11
1170.17
1150.57
1014.78
1073.45
1207.31
1063.46
1174.79
1083.53
1161.91
1231.71
1222.42
1109.57
1020.95
1111
1159.37
1092.79
1044.05
1136.5
1049.52
1151.36
1183.73
1190.79
1224.62
1186.31
1159.87
1043.02
959.18
1134.52
1106.43
1097.09
1227.8
1143.39
1064.93
1220.84
1115.68
1154.41
1188.07
1164.24
1154.9
1083.53
1189.02
1085.39
1061.29
1104.13
1042.35
1026.95
1110.14
1117.21
1113.6
1241.05
1176.67
1112.03
1092.73
1014.9
1100.33
1201.2
1065.87
1144.72
1075.13
1120.93
1174.25
1101.36
1096.07
1153.97
1178.26
1078.1
1127.53
1078.94
1161.23
1109.26
1119.12
1238.25
1085.25
1101.12
1254.56
1039.46
1082.12
1232.86
1182.29
1022.23
1001.95
1148.31
1081.67
1145.87
1110.39
1141.98
1160.12
1106.29
1126.21
1210.18
1054.04
1226.2
1261.38
1139.23
1188.4
1108.13
1186.17
1002.93
1220.65
1093.24
1156.32
1035.48
946.735
1078.94
1090.91
1047.09
1121.41
1126.54
1303.28
1121.42
1167.67
1129.28
1089.06
1217.21
1081.34
1100.8
1062.42
1133.29
1157.72
1170.27
1212.78
1083.97
1203
1202.6
1153.02
1113.93
1064.37
1068.05
1033.63
1110.69
1081.84
1187.68
1183.13
1280.95
1122.35
1123.39
1043.09
1099.27
1104.28
1073.96
1090.77
1101.19
1213.9
1137.34
991.295
1156.18
1088.13
1214.25
1186.02
1141.52
1146.6
1134.32
1088.05
1117.09
1168.38
1222.56
1096.18
1116.7
1072.22
1199.27
1067.25
1174.11
1093.67
1259.13
1091.95
1099.9
1108.26
1213.32
1219.11
1174.88
1193.04
1124.89
1109.74
1256.73
1156.86
1206.78
1211.99
982.505
1178.67
1165.61
1269.48
1134.32
1038.9
1111.96
1109.76
1211.65
1043.14
1157.31
1026.46
1126.45
1215.01
1053.31
1065.5
1149.97
1186.33
1190.03
1181.19
989.65
1195.68
1091.06
1113.6
1144.14
1026.11
1044.56
1093.86
1167.77
1057.65
1116.75
1174.71
1148.5
1178.77
1110.84
1108.97
1097.78
1172.37
1131.96
1241.31
1005.03
1093.91
1140.62
1190.45
1071.97
1169.56
1160.29
1086.75
1041.42
1093.86
1228.29
1117.91
1102.82
1169.03
1190.08
1057.96
1077.39
1031.99
1245.18
1107.42
1107.39
1048.03
1200.82
1068.59
1189.13
1069.75
1174.37
1157.74
1234.47
1059.42
1031.61
1270.61
1110.56
1041.7
1235.21
1186.55
1244
1142.62
1103.73
1142.82
1195.71
1063.75
1146.82
1192.33
1072.65
1082.83
1108.54
1118.7
1168.6
1252.57
1163.6
1022.88
1153.23
1189.95
1258.21
1020.85
1157.5
1128.23
1091.35
1138.21
1080.11
1069.46
1012.74
1148.8
999.215
1100.27
1001.45
1158.31
1052.37
1108.07
1092.19
1042.24
1134.26
982.121
1104.94
1038.7
1282.67
1149.44
1193.02
1062.04
1127.53
1121.81
1169.84
1032.07
1101.56
1031.58
1165.67
1255.21
1084.64
1113.2
1188.29
1111.64
1120.04
998.053
1093.22
1110.26
1030.54
1092.26
1019.95
1246.79
1056.77
1288.5
1167.74
1180.13
1007.87
1242.21
1236.6
1147.7
1194.03
1094.73
1134.14
1197.95
1117.78
1216.91
1154.19
1178.4
1134.21
1104.91
1081.5
1166.13
1064.07
1019.79
1111.29
1055.96
1201.1
1087.06
999.912
1065.51
1287.08
1048.55
1146.8
1104.57
1154.42
1026.01
1259.88
1175.91
1167.8
1190.19
1049.97
1166.99
1062.78
1047.1
1084.96
1125.19
1205.67
1047.79
1142.36
1276.84
1227.3
1152.41
1069.6
1109.86
1187.31
1070.39
1158.56
1095.21
1145.96
1079.3
1117.71
1148.99
1085.74
1040.09
1212.72
1197.45
1312.59
1228.97
1048.12
1095.91
1010.64
1025.1
1031.17
1082.71
1004.5
1056.45
1183.21
1077.55
1020.29
1149.76
1183.82
938.824
1172.25
1212.34
1220.16
1082.75
1221.08
1095.73
989.205
1112.78
1096.17
1190.8
1138.23
1207.54
1009.08
1125.23
1115.97
1060
1154.57
1177.27
1126.58
1086.04
1001.51
1208.34
1171.22
1206.7
1083.51
1142.53
1227.31
1231.92
1190.08
1126.51
1160.99
1091.56
1148.1
1249.45
1143.02
1087.08
1068.97
1102.4
1260.53
1054.27
1142.51
1043.86
1084.13
1136.59
1112.9
1065.02
1061.99
1136.92
1243.7
1175.45
1171.42
1024.91
1038.64
1110.33
1112.87
1108.21
1268.28
1125.79
1010.6
1155.02
1028.1
1184.91
1025.79
1085.19
1100.84
1150.61
1092.74
1159.36
1135.89
1133.82
1117.51
1015.04
1033.29
1087.3
1054.43
1161.07
1090.79
1175.53
1141.9
1208.43
1159.23
1164.09
1257.23
1098.05
1078.73
1130.58
1108.61
1210.37
1210.06
1126.96
1150.4
1222.51
1186.67
1123.58
1109.31
1210.22
1100.99
1102.77
1190.52
1159.23
1149.89
1217.31
1118.14
1084.07
1240.6
1170.82
1128.78
1248.92
1061.43
1126.43
1037.66
1081.76
1014.73
1106.42
1120
1234.28
1141.45
1144.91
1124.5
1133
1163.71
1226.22
1065.06
1163.15
1096.68
1089.79
1156.97
1186.05
1130.35
1073.34
1155.12
1167.83
1076.28
1035.54
1052.65
1028.75
1176.69
1199.68
1086.24
1150.8
1151.83
1055.27
1197.61
1117.64
953.504
1114.09
1130.02
1094.51
1205.21
1070.99
1159.2
1126.06
1178.2
1170.71
1103.4
1102.36
1200.27
1136.79
1143.06
1311.52
1168.66
1037.49
1189.77
1121.07
1048.98
1066.73
1148.93
1089.85
1114.07
1169.16
1216.6
1145.34
1121.13
1130.69
1062.03
1145.6
1111.35
1029.75
1104.02
1063.48
1059.91
1083.32
1064.66
1116.36
1209.46
1136.81
1094.48
1275.33
947.186
1186.07
997.257
1213.1
1111.94
1143.26
1156.81
1134.61
1098.06
1124.58
1105.31
1122.84
1028.25
1074.57
1142.26
1085.1
1220.82
1185.76
1219.68
1154.66
1086.75
1201.77
1223.79
1100.7
1078.25
1152.41
1105.36
1070.15
965.265
1069.96
1145.86
1172.81
1074.61
1078.68
1080.2
1130.63
1096.74
1093.46
1167.34
1104.75
1143.6
1112
1150.68
1135.94
1099.2
1186.54
1024.91
1073.58
1043.9
1156.01
1135.29
1105.45
1131.38
1208.7
1109.38
1095.3
941.095
1113.26
1067.65
1110.98
1218.78
1155.11
1185.23
1139.59
1184.33
1010.61
1079.82
1029.96
1080.03
1092.75
1184.99
1046.54
1125.61
1119.37
1157.47
1087.93
1073.92
1126.84
1064.3
1095.92
1164.93
1190.52
1289.11
1041.72
1102.49
1145.58
1030.78
1050.54
1112.27
1130.26
1105.24
1131.84
1184.2
1036.59
1206.05
970.277
1163.81
1044.12
1114
1140.1
1069.08
1084.11
1066.02
1070.32
1160.85
1123.06
1106.69
1040.64
1039.25
1091.61
1040.64
1043.81
1168.62
1157.13
1045.02
1233.13
1123.98
1128.3
1148.54
1038.9
1160.91
1127.81
1154.48
1126.77
1148.85
1132.33
1083.76
1143.48
1223.17
1141.84
1174.48
1154.58
1137.62
1153.57
1212.23
1153.62
994.635
1069.31
1039.32
1050.23
1112.75
1090.04
1224.98
1155.75
1181.97
1068.45
1213.27
1098.68
1303.13
1072.83
1197.67
1295.65
1121.75
1284.46
1192.79
1179.68
1145.88
1078.39
1049.07
1100.33
1201.48
1132.69
999.921
1128.73
1252.71
1213.85
1232.35
1136.43
1099.46
1112.63
1052.94
1032.79
1085.27
1143.6
1112.26
1148.52
1105.75
1093.28
1122.88
1212.27
1052.2
1002.92
1113.14
1117.42
1111.08
1140.19
1170.6
1226.63
1130.01
1081.35
1200.66
1066.16
1037.08
1126.21
1118.35
1158.91
1061.37
1253.98
1098.34
1041.55
1080.34
1105.68
1105.62
1101.05
1122.82
1139.4
1065.04
1075.07
1150.81
1134.58
1045.04
1036.53
1097.92
1170.97
1056.84
1071.93
1058.5
1209.88
1034.42
1151.34
1141.24
1175.48
1123.22
1243.85
1183.64
1165.3
1072.91
1133.03
1076.78
1090.31
1194.87
1007.05
1048.83
1096.67
1198.13
1172.72
966.126
1236.91
1258.32
1124.72
1195.59
1133.53
1211.86
1224.15
1189.15
1214.18
1210.15
1055.11
1086.89
1060.89
1134.93
1093.91
1082.77
1121.84
1142.31
1317.34
1218.92
1034.34
1113.23
1068.25
1214.43
1079.4
1073.11
1088.06
1008.41
1182.01
1145.53
1113.43
1033.83
1086.6
1095.24
1179.23
1159.54
1114.68
1163.67
1140.44
1131.5
1146.5
1104.78
1206.44
1132.96
1149.63
1131.85
1179.46
1144.92
1075.82
1078.98
1133.56
1130.88
966.037
1092.39
1171.81
1232.59
1210.14
1142.73
1071.15
1143.45
1159.33
1162.65
1037.91
1177.91
1067.55
1083.99
1248.46
1117.81
1162.6
1104.34
1185.09
1062.78
1137.66
1110.55
1066.55
1162.43
1073.1
1192.72
1204.25
1122.25
1193.5
1245.85
1050.59
1072.19
1066.18
1074.69
1076.62
1146.51
1157.88
1156.21
1082.09
1234.54
1076.33
1096.55
1168.09
1176.68
1158.94
1200.2
1271.17
1075.14
1163.02
1090.53
1100.03
1204.2
1136.57
1112.08
1099.2
1147.35
1072.66
1040.44
1180.99
1102.99
1157.28
1096.4
1129.33
1177.47
1241.16
1165.07
1018.75
1096.03
1106.66
1208.93
1197.64
1151.78
985.391
1163.63
1099.81
1101.7
1147.76
1140.99
1008.94
1176.08
1064.37
1197.65
1033.07
1164.64
1158.81
1179.11
1182.6
1123.74
1152.88
1165.31
1063.06
1137.08
1198.34
1104.74
1011.44
1165.64
1193
1121.23
1088.23
1135.05
1217.04
1024.27
1244.43
1237.58
1069.94
1142.79
1126.45
1103.48
1006.97
1058.52
1248.77
985.042
1185.32
1096.16
1198.68
1085.86
1116.25
1100.01
1055.83
1116.45
1083.56
1200.97
1023.54
1075.27
1182.43
1182.6
1100.15
1143.77
1192.81
1070.35
1129.9
1065.43
1117.91
1100.65
1149.77
1115.23
1330.37
1131.26
1061.96
1209.35
1165.75
1011.71
1131.16
1184.42
1222.72
1236.24
1069.83
1049.3
1242.06
1048.69
1178.41
1180.06
992.361
1242.6
1104.4
1180.98
1117.53
1185.52
1165.06
1167.38
1136.34
1310.98
1090.2
1133.48
1139.32
1078.28
1112.64
1100.4
1144.04
1195.81
1054.6
1064.77
1054.95
1136.06
1099.22
1116.53
1202.9
1106.99
1065.83
1142.9
1078.85
1100.18
1124.59
1085.55
1162.9
1162.88
1214.8
1123.63
1150.05
1190.94
1161.99
1105.86
1147.61
1156.09
1072.66
1085.99
1031.66
1325.92
1072.8
1063.11
1087.85
1221.13
1132.84
1115.49
1115.7
1071.29
983.737
1235.4
1033.62
1064.49
1119.72
1218.19
1150.47
1100.19
1127.8
1034.49
1137.3
1084.82
1124.31
1113.22
1206.57
1131.17
1199.63
1123.27
1051.61
1083.69
1102.14
1115.12
1139.84
1314.43
1129.12
1167.6
1133.19
1244.43
1007.7
1114.52
1243.3
1122.24
986.303
1205.11
1138.47
1152.87
986.212
1063
1058.16
1066.13
1158.37
1172.41
1190.88
1094.5
1041.11
1167.62
1071.37
1231.19
1119.67
1139.7
1149.78
1106.51
1135.28
1150.05
1114.88
1116.14
1134.99
1143.55
1241.55
1098.67
1107.22
1061.01
1012.71
1101.57
1172.81
1174.21
1150.8
1243.6
1140.54
1121.55
1305.74
1284.42
1220.88
1112.35
1110.96
1135.19
1115.48
1112.58
1134.97
1195.88
1105.46
1150.84
1137.55
1015.57
1153.25
1155.82
1061.38
1153.99
1041.06
1183.91
1043.38
1109.64
1166.79
1163.89
1113.83
1096.3
1092.68
1033.47
970.397
1034.03
1183.27
1117.78
1095.2
1154.08
1060.57
1123.99
1183.11
1225.46
1101.89
1199.51
1070.93
1118.57
1133.83
1122.66
1155.26
1183.65
1157.39
1213.66
1247.46
1141.41
1147.54
1062.41
1075.16
1192.38
1104.92
1236.02
985.959
977.16
1128.67
1194.61
1101.69
1327.05
1222.96
1189.97
1147.47
1093
1202.53
1215.56
1092.24
1116.49
1084.55
993.64
1073.29
1082.35
1185.02
1156.68
1127.18
1147.23
1064.74
1138.84
1028.88
1168.9
1139.55
1195.31
1185.11
1137.38
1093.72
1203.51
1147.64
1183.76
1149.27
1018.09
1198.65
1064.1
1146.47
1096.07
1127.37
1141.79
1073.75
1093.74
1271.74
1094.96
992.363
1116.57
1297.67
1040.08
1196.25
1139.35
1205.03
1055.28
1110.17
1260.22
1179.75
1172.66
1093.58
1051.18
1228.27
1114.92
1029.63
1218.89
1337.31
1130.57
1145.32
1053.03
1191.64
1145.86
1168.16
1109.99
1147.57
1132.67
1152.32
1246.57
1016.83
1241.76
1159.15
1287.36
1133.2
1167.14
1096.37
1160.38
1169.14
987.844
1160.02
1070.58
1128.36
1080.14
1216.9
1184.71
1192.65
1267.44
1124.1
1094.23
1169.59
1191.62
1170.85
1117.36
1085.37
1122.52
1067.48
1127.69
1127.81
1199.94
1133.38
1157.21
1173.21
969.709
1043.11
1022.52
1084.19
1154.9
1179.88
1109.48
1158.31
1037.14
1007.22
1132.2
1108.83
1004.13
1152.89
1059.74
1132.49
1102.95
1129.25
1051.1
1079.02
1052.57
1256.31
1027.31
1141.83
1013.19
1166.51
1052.21
1060.61
1153.16
1125.01
1137.3
918.075
1246.99
1109.07
1056.8
1177.96
1138.96
1086.89
1118.44
1150.48
1126.01
1021.19
1214.77
1064.97
1137.05
1138.15
1085.39
986.703
1117.54
1193.7
1145.94
1081.04
1109.8
974.241
1115.63
1062.29
1265.3
1094.86
1055.78
1091.93
1115.22
1105.6
1155.05
1132.5
1055.02
1255.15
1075.88
1074.48
1166.37
1358.26
1205.61
1174.45
1226.03
1132.36
1044.15
1118.33
1130.05
1039.17
1181.32
1167.8
1218.45
1091.67
1311.14
1117.79
1181.18
1067.32
1202.35
1131.45
995.993
1182.14
1173.14
1207.54
1071.92
1008.3
1113.21
1306.41
1152.92
1218.11
1041.6
956.233
1069.5
1125.6
1158.94
1204.23
1207.8
1227.93
1136.61
1161.54
1193.11
1156.17
1018.4
1116.87
1133.88
1108.05
1113.56
1104.7
1206.5
1234.04
1118.9
1141.88
1155.97
1087.27
1131.14
1098.99
1048.87
1079.82
1091.43
1161.75
1102.24
1267.69
1140.88
1051.61
1157.63
1146.24
1249.44
1042.99
1184.24
1106.1
1144.58
1161.6
1144.96
1132.19
1013.31
1083.81
1238.51
1103.07
1123.19
1058.64
1098.54
1096.61
1096.59
1103.14
1169.55
1097.28
1265.97
1147.17
1165.56
1216.24
1075.35
1001.59
1101.19
1077.86
1182.79
1164.55
1083.39
1149.36
1154.79
1162.07
1227.03
1116.82
1094.86
1314.85
1105.78
1133.48
1093.78
1002.68
1060.67
1240.58
1111.57
1052.68
1073.38
1076.04
1134.99
1133.37
1096.63
1097.02
1050.62
1083.66
1042.92
1182.05
1152.5
1152.61
1092.57
1196
1238.54
1021.94
1061.76
1166.96
1274.13
1267.14
1120.12
1089.13
1165.12
1007.37
1108.9
1089.04
1108.91
1102.57
1079.21
1163.18
1000.57
1235.18
1124.74
1113.77
1163.81
1151.33
1199.03
1086.24
1177.98
1047.2
1094.11
1166.59
1192.23
1098.16
1135.98
1071.09
1199.08
1249.54
1183.34
1199.43
1213.03
1205.38
1214.26
1169.42
1097.71
1160.7
963.347
1104.24
1104.02
1086.68
1010.23
1173.88
1082.04
1196.97
1112.65
1113.32
1112.6
1136.68
1163.94
1097.28
1096.84
1042.13
1284.05
1170.56
1185.83
1077.01
1210.95
1152.93
1181.55
1070.81
983.469
1107.12
1105.55
1223.84
1039.87
1075.43
1129.24
1188.95
1159.56
1169.82
1107.8
1109.06
1243.5
1241.33
1043.64
1161.13
1014.31
1106.77
1053.18
1180.87
1174.81
1069.44
1148.68
1187.07
1213.69
1133.03
1147.4
1262.58
1046.95
1277.03
1143.21
1052.46
1210.23
1082.03
1074.05
1232.4
1163.15
1219.72
1231.17
1126.15
1136.36
1240.38
1006.69
1128.12
1090.09
1200.83
1210.3
1099.66
1048.28
1147.77
912.049
1193.64
1082.51
1044.57
1103.93
1114.62
1236.61
1214.47
1041.92
1140.34
1256.22
1177.94
1010.51
1145.81
1122
1158.21
1163.72
1074.94
1135.61
1098.25
1235.01
1081.09
1070.68
1141.02
959.096
1160.71
1151.68
1110.32
1063.7
1067.95
1088.87
1140.17
1062.05
1175.14
1101.38
1006.42
1211.52
1171.98
1193.73
1151.78
1176.64
1256.13
1204.5
1193.29
1087.73
1125.77
1125.08
1138.01
983.022
1044.06
1176.67
1221.91
1021.74
1103.37
1081.31
1074.53
1119.99
1163.91
1122.44
1009.51
1118.07
1073.45
1062.95
1166.01
1196.93
1186.8
1097.54
1109.02
1195.96
1058.09
1069.16
1121.02
1180.03
1132.89
1087.76
915.676
1059.56
1065.2
1079.46
1165.69
969.245
1096.6
1105.52
1057.47
1070.97
1050.06
1172.45
1114.51
1048.58
1100.37
1099.08
1098.46
1169.26
1172.21
1112.41
998.071
1063.96
1196.32
1082.74
1090.67
1150.77
1259.96
1131.56
1107.95
1128.55
1098.98
1273.44
1076.07
1059.54
1010.39
1187.91
1091.49
1178.19
1226.06
1160.21
1158.56
1085.22
1142.41
1339.77
970.107
1001.95
1216.03
1094.95
1157.4
1049.34
991.248
1067.71
1168.52
1137.09
1106.27
1124.29
1093.59
1166.68
1181.46
1110.82
1251.42
1160.93
1173.21
1228.06
1081.76
1139.84
1088.7
1060.57
1277.37
1128.79
932.28
1116.79
1214.94
1153.55
1273.48
1154.96
1046.53
1102.63
1256.11
1221.43
1032.34
1058.53
1274.32
1051.65
1179.66
1075.14
1193.4
1083.98
1172.45
1071.86
1206.04
1069.26
1236.23
1127.54
1213.06
1141.84
1111.94
1032.95
1115.81
1051.41
1144.46
1044.51
1026.93
1098.55
1061.38
1202.81
1119.52
1252.39
1119.24
1049.92
1120.27
1206.56
1145.09
1252.27
1072.81
1072.47
1147.95
1042.55
1227.31
1111.57
1228.63
1113.69
1166.62
1108.53
1027.35
1085.96
1157.75
1182.6
1106.33
1167.39
1267.82
1182.02
1252.3
1186.52
1055.75
1057.89
1180.96
1088.49
1113.15
1001.28
1009.58
1203.69
1204.36
1304.03
1122.08
1086.85
1174.74
1069.45
1203.8
1081.45
1112.81
1183.77
1020.87
1081.2
1187.3
1185.26
1310.59
1082.4
1129.49
1084.85
1121.29
1092.74
998.016
1108.03
1157.89
1177.35
1021.67
1164.63
1017.9
1157.47
1140.73
995.242
1063.5
1135.03
1104.85
1178.47
1104.2
1151.58
1201.39
1037.77
1197.41
1041.8
1048.08
1153.95
1199.58
1119.39
937.7
1155.88
1223.1
1204.21
1015.56
1080.93
1060.73
1119.15
1099.64
1104.17
1106.13
1120.7
1054.86
1166.26
1032.15
1139.63
1107.07
1304.07
1142.24
1102
1029.43
1138.79
1043.37
1279.85
1187.29
1220.97
1155.12
1127.89
1124.64
1055.3
1130.18
1009.86
1229.49
1147.86
1159.74
1189.4
1088.13
1090.38
1118.77
1086.82
1171.17
1165.71
1236.24
1126.74
1222.64
1069.86
1073.52
1167.34
1202.41
982.475
1142.21
1238.25
1165.48
1250.05
1068.79
1175.1
1042.2
1176.78
1151.7
1163.05
1096.79
1123.82
1213.78
1134.86
942.227
1264.4
1103.07
1188.79
1122.95
1145.34
1036.16
1021.28
1059.22
1171.43
1150.68
1068.14
1088.11
1137.69
1152.31
1154.95
1140.24
1127.31
1042.11
1111.14
1121.36
1127.61
1260.33
1318.39
1178.95
1019.09
1099
1094.62
1038.66
1071.53
1085.76
1148.16
1119.38
1232.4
1161.4
1036.43
1141.93
1133.53
1177.66
965.452
1158.2
1087.13
1060.66
1218.05
1263.1
1122.75
1032.59
1056.01
1201.37
1110.91
1066.84
1231.54
1189.31
1015.88
1179.63
1127.38
1091.35
1156.55
1153.16
1147.87
1090.06
1024.9
992.719
1133.03
1143.69
1160.95
1093.37
1182.71
1146.85
1056.68
1084.65
1211.22
1158.76
1104.65
1021.97
1147.08
1034.75
1158.87
1027.12
1081.56
1140.12
1155.88
1110.65
1055.56
1059.53
1138.44
1113.98
1054.9
1113.64
1170.65
1099.4
1152.78
1177.61
1085.57
1100.68
1055.65
1125.42
1051.75
1040.78
1175.49
1100.61
1196.53
1125.01
1088.86
1099.35
1156.55
1114.9
1029
1236.59
1128.1
1047.91
1086.36
1084.47
1245.76
1143.02
1165.13
1128.57
1085.44
1033.45
1043.57
1186.59
1238.59
1226.96
1256.5
1125.88
1202.04
1122.94
1242.15
1125.09
1090.58
1001.81
998.104
1136.12
1036.43
1171.51
1193.26
1099.35
1123.92
1178.13
1127.54
1098.2
1004.76
1068.58
1097.12
1141.19
1176.39
1133.45
1177.88
1048.8
1140.76
1055.54
1155.18
1160.56
1193.87
1248.83
1218.79
1206.19
1175.2
1131.68
1186.31
1132.63
1117.35
1123.82
1234.43
1157.86
1116.81
1134.89
1176.57
1059.69
1048.61
1228.98
1180.12
1210.38
1120.62
1193.67
1132.98
1078.45
1142.61
1285.33
1200.37
1149.88
1059.55
1178.65
1060.42
1276.92
1241.17
1107.99
1252.02
1127.08
1061.83
1039.26
1188.14
1197.5
1129.67
1121.17
1111.83
1198.17
1086.88
1208.13
1057.32
1203.96
1210.28
1145.49
1051.44
1023.42
1077.22
1163.82
1162.94
1189.84
1138.18
1102.45
1222.41
1200.45
1143.89
1126.39
1194.66
1145.57
1136.81
1164.59
1150.74
1197.97
1007.78
1100.65
1149.26
1138.44
1072.45
1039.83
970.19
1124.44
1155.5
1120.22
1249.95
1104.92
1117.18
1085.57
1080.07
1077.36
1153.77
1184.08
1060.62
1059.83
1163.03
1148.81
1205.14
1075.32
1140
1036.99
1230.99
1125.32
1274.44
1171.85
1184.93
1175.22
1086.83
1108.35
1169.73
1037.52
1114.86
1085.26
1296.04
1147.71
1285.44
1177.44
1109.18
1125.41
1050.03
1247.3
1120.32
1116.34
1186.36
1223.79
1109.8
1123.59
1020.9
1080.69
1060.15
1203.73
1098.28
1111.55
1174.31
1192.23
1073.48
1186.82
1230.94
1105.41
1187.09
1004.72
1088.31
1301.74
1091.08
1157
1166.6
1075.36
1125.11
1182.41
1093.71
1131.65
1107.84
1102.34
1019.27
1166.54
1053
1168.28
1253.83
1107.8
1211.15
1054.21
1211.45
1076.59
1166.93
1036.8
1073.03
1084.23
1044.45
1150.96
1171.97
1063.04
1139.05
1126.4
1023.49
1065.56
1184.1
1112.45
1120.76
1066.85
1112.9
1161.91
1227.09
1033.22
1209.2
1210.88
1084.04
1056.76
1153.62
1035.61
1123.05
1165.08
1079.1
1191.55
1089.53
1054.32
1226.52
1192.88
1100.11
1100.16
1050.37
1273.64
1232.15
1088.74
1058.43
1097.8
1157.9
1315.97
1213.03
1218.92
1221.34
1065.53
1115.13
1076.16
1174.01
1194.62
1082.63
1225.28
1027.59
1072.72
1099.73
1060.59
1181.72
1124.42
1135.08
1231.52
1280.03
1108.54
1087.55
1026.29
1153.53
1046.12
1097.09
1091.57
1100.44
1128.78
1214.87
997.192
1131.59
1129.82
1235.15
1113.41
1159.66
1146.53
1188.95
1208.65
1244.68
1027.24
1073.24
1099.26
1122.05
1137.82
1162.5
1279.05
1157.93
1124.64
1083.95
1125.74
1190.58
1220.14
1155.34
1090.6
1167.87
1073.35
1027.22
1197.5
1110.64
1083.7
1016.97
1183.57
1160.54
1151.33
1194.25
1056.37
1140.91
1192.99
1146.97
1155.14
1214.08
1154
1309.54
1121.6
1075.73
1073.54
1188.79
1151.2
1088.54
1148.11
1106.56
1188.1
1193.67
1176.5
1191.83
1138.99
1102.24
1091.83
1092.15
1043.95
1115.46
1104.66
1046.61
1140.22
1197.6
1117.69
1032.42
1216.37
1020.85
1094.55
1221.76
1050.71
1197.15
1119.01
1150.16
1052.07
1194.43
1165.47
1079.33
1030.44
1053.22
1120.15
1229.19
1138.53
1243.35
931.495
1077.3
946.152
1036.73
1095.67
1237.05
1115.38
1135.24
1086.2
1058.23
1195.98
1034.08
1093.05
1110.76
1062.31
1073.66
1308.2
1118.57
1184.11
1157.14
1165.72
1132.51
1125.57
1103.26
1175.63
1148.83
1114.06
1179.07
1141.86
1187.05
1164.46
1085.5
1081.06
1123.71
1138.38
1263.36
1070.37
1066.22
1040.47
1003.51
1019.1
1147.71
1042.21
1023.59
1082.3
1031.61
1201.82
1207.22
983.517
1100.18
1082.74
1130.8
1227.76
1086.23
1068.41
1171.31
1196.05
1197.23
1049.23
1136.73
1003.24
1165.59
1231.86
1187.15
1163.85
1110.58
1215.06
1158.49
1139.01
1057.45
1105.8
1205.24
1053.2
1074.52
1045.23
1047.32
1117
1131.63
1213.67
1055.22
1170.99
1060.82
1172.09
1161.43
1152.74
1088.28
1014.27
1007.77
1204.8
1237.89
1257.65
1168.63
1124.93
1073.35
1166.05
1103.39
1152.43
1277.56
1167.57
1158.08
1194.06
1198.81
1085.9
1180.17
1084.93
1073.83
1133.99
1032.22
1085.4
1159.56
1086.43
1239.06
1131.26
1094.52
1084.55
1194.63
1158
1152.42
1070.33
1059.65
1078.33
1060.86
1052.28
1114.22
1018.63
1199.51
1093.66
1111.05
1078.96
1151.21
1147.26
1081.59
1169.83
1199.1
1091.86
1218.66
1208.25
1054.77
1053.96
1098.15
1111.62
1131.04
1082.3
1075.2
1145.88
1065.93
1062.11
1127.97
1272.96
1149.78
1071.04
1196.32
1085.2
1179.16
1026.73
1084.1
1153.17
1149.39
1107.51
1094.01
1143.75
1161.62
1214.62
1218.33
1107.87
1127.89
1160
1207.33
1211.55
1126.69
1062.2
1060.1
1156.62
1120.64
1150.29
1085.25
1244.97
1197.33
1234.24
1063
1147.8
1154.25
1076.71
1192.93
1134.87
1199.64
1119.73
1217.28
1094.63
1186.64
1079.37
1175.95
1091.96
1122.62
1034.91
1156.19
1033.14
1213.04
1123.2
1218.76
1144.48
1060.19
1089.19
1038.38
1278.81
1091.61
1129.64
1008.19
1195.53
1103.1
1173.59
1193.78
1019
1197.75
1032.87
1089.43
1034.49
1218.71
1190.48
1088.97
991.418
1174.91
1194.33
1043.7
1086.48
1082.33
1050.07
1201.57
1146.07
1134.78
1123.81
1062.19
1107.54
1091.21
1029.51
1240.13
1164.31
1213.18
1178.87
1059.57
1198.39
1126.74
1130.17
1229.54
1072.36
1167.19
1116.48
1187.17
1043.33
1114.77
1141.82
1160.5
1095.65
1105.15
1194.15
1214.14
1051.17
1111.49
1229.64
1166.92
1083.73
1110.05
1207.51
1119.89
1215.46
1037.65
1134.64
1171.27
1030.83
1117.52
1103.95
1101.55
1170.21
1105.19
1194.6
1094.78
1089.6
1197.42
1044.21
1138.46
1076.92
1125.87
1151.89
1169.93
1097.85
1176.11
1051.17
1095.26
1183.35
1091.52
1128.07
1052.88
1113.99
1129.82
967.094
1016.71
1157.6
986.752
1092.21
1119.21
1209.3
1205.83
1120.37
1142.78
1112.65
1140.1
1118.28
1239.82
1143.74
1131.9
1277.95
1101.41
1073.21
1035.68
1117.66
1206.95
1142.22
1044.05
988.844
1085
1142.83
1030.45
1162.72
1149.24
1177.1
1125.91
1126.95
1276
1194.56
1152.21
1134.77
1179.36
995.515
1067.9
1147.86
1121.83
1125.63
1084.98
1129.16
1065.81
1098.66
1120.49
1215.53
1007.95
1079.54
1044.67
1304.44
1277.05
1100.46
1156.53
1131.55
1145.36
1275.67
1026.16
1147.73
1091.56
1034.39
1103.53
1196.42
1048.53
1196.61
1284.89
1089.4
1098.11
1053.88
1147.08
1178.85
1220.87
1121.52
1070.15
1146.22
1028.84
1228.36
1144.58
1174.62
1201.11
1071.1
1082.31
1242.97
1003.66
1091.86
1168.25
1248.43
1134.79
1164.74
1169.91
1297.59
1266.73
1150.27
1209.55
1179.66
977.403
1090.39
1103.96
1143.01
1173.46
1097.1
1199.01
1148.05
1211.31
1169.57
1230.08
1162.72
1211.3
1148.84
1084.78
1093.02
1156.38
1073.86
1182.57
1038.21
1262.72
1013.68
1092.57
1120.22
1053.14
1072.89
1106.37
982.56
1065.99
1211.91
1026.42
1182.88
1212.58
1168.53
1128.29
1156.47
1210.63
1180.05
1100.42
1137.08
1077.74
1134.75
1164.25
1383.34
1089.26
1186.91
1278.8
1185.11
1169.55
1216.95
1206.71
1117.25
1163.75
1113.41
1136.09
1021.02
1265.97
1053.77
1192.11
1103.31
1060.49
1140.88
1225.01
1109.62
1092.71
1146.85
1085.53
1162.47
1015.67
1126.61
975.45
1195.43
1176.41
1159.76
1083.99
1035.5
1095.97
1034.92
1059.04
1136.64
1115.98
1186.51
1046.88
1147.09
1101.76
1043.19
1074.46
1162.05
1200.38
1206.4
1229.48
1191.35
1091.88
1038.71
1136.2
1141.82
1216.37
974.567
1161.35
1096.68
1192.58
1123.82
1020.91
1179.41
1037.54
1192.69
1164.51
1189.26
1126.09
1086.61
1091.17
1087.55
1032.72
1015.31
1128.08
1179.44
1072.3
1016.28
1062.58
1142.6
1174.42
1213.1
1072.53
1164.12
1061.72
1093.87
1037.15
1029.45
1054.91
1078.42
1053.46
995.616
1053.44
1079.91
1125.57
1130.31
1147.81
1261.52
1209.19
1188.2
1211.4
1035.55
1043.97
1114.04
1086.64
1096.1
1222.18
1147.78
1067.43
1141.25
1130.56
1075.44
1113.22
1221.85
1103.69
1096
1086.79
1200.05
1090.28
1206.52
1199.57
1064.1
1035.67
1103.07
1142.6
1126.7
1205.17
1201.96
1140.49
1235.75
1049.13
1130.7
1205.78
1103.58
867.765
1089
1080.38
967.096
1154.18
1179.18
1124.59
1031.35
1173.36
1143.08
1159.18
1070.97
1018.08
898.802
1013.53
1122.8
1095
1010.72
1105.92
1285.55
1025.46
985.812
1137.65
1122.73
1160.89
1112.23
1183.84
1121.79
1109.78
1203.72
1169.2
1134.39
1239.59
1114.19
1154.94
1213.2
1068.18
1195.24
1047.6
1211.12
1062.09
1231.07
1118.24
1150.95
1223.35
1112.13
1118.59
1183.47
1241.42
1156.79
1092.35
1238.44
1083.57
1094.68
1214.92
1148.2
1101.54
1085.46
1179.6
1047.26
1130
1159.7
1107.07
1171.13
1171.03
1142.33
1069.52
1181.22
1164.96
1023.34
1165.6
1138.75
1151.14
1144.98
957.757
1204.52
1078.2
1166.74
1184.49
1162.68
1160.22
1087.92
1051.63
1224.49
1050.1
1141.89
1185.17
1136.74
1112.68
1066.03
1110.42
1101.61
1100.48
1192.61
1076.19
1085.84
1020.84
1179.8
1127.67
1087.02
1050.73
1027.3
1083
1236.47
1032.05
1148.68
1192.59
1086.85
1035.17
1096.97
1083.82
1144.46
1006.57
1193.85
1060.68
1121.43
1177.8
1130.55
1293.62
1147.15
1197.5
1029.33
1090.37
1056.08
1173.01
1196.15
1178
1140.41
1232.12
1028.33
1097.23
1270.35
1079.82
1124.16
1163.61
1108.16
1235.72
1185.58
1238.95
1071.96
1113.3
1038.91
1107.26
1180.66
1165.1
1134.32
1137.92
1101.29
1204.35
1153.62
1101.68
1168.04
1170.89
1125.63
1130.66
1195.32
1150.44
1121.33
1241.37
1097.98
1118.78
1143.17
1025.82
1156.21
1318.66
983.715
1163.81
1112.86
1040.87
1090.82
1196.4
1008.56
1044.48
1078.34
1150.2
1048.34
1093.21
1118.2
1172.07
1162.29
1183.94
1040.25
1090.97
1088.7
1103.66
1027.37
1071.12
1165.15
1073.1
1141.55
1150.44
1245.86
1070.29
1099.48
1163.68
1160.89
1161.58
1078.83
1099.99
1139.19
1231.63
1073.83
1144.07
1181.5
1104.23
1045.39
1080.01
1097.88
1227.44
1171.36
1103.75
1074.67
1264.48
1191.4
1185.7
1164.51
1073.1
1061.24
1162.09
1105.98
1165.73
1160.62
1099.48
1188.69
1202.06
1163.23
1103.92
1146.07
1090.49
1056.52
1112.74
1121.72
1110.13
1098.59
1240.75
1054.93
1205.81
1195.09
1115.59
1121.59
1015.34
1015.13
1160.35
1070.63
1049.56
1247.03
1242.03
1166.46
1075.44
1066.28
1044.63
1188.73
1019.7
1161.72
1106.06
1202.43
1169.48
951.401
1091.55
1084.21
1094.04
1178
1039.68
1157.23
1204.08
1227.35
1027.81
1224.67
1182.14
1183.97
1007.96
1173.48
1073.22
1163.95
1169.65
1090.37
1095.74
1150.05
1053.71
1204.04
1111.82
1118.03
1097.87
1245.18
1118.13
1237.65
1221.41
1078.16
1115.9
1073.92
1181.71
1050.29
1011.26
1017.72
1068.53
1096.14
1018.82
1139.27
1227.84
1083.1
1019.82
1131.46
1151.31
1123.71
1062.9
1058.07
1213.94
1167.84
1246.74
1020.59
1110.67
1255.45
1188.83
1145.52
1084.62
1175.24
1158.52
1071.52
1074.88
1226.77
1134.24
1196.32
1156.78
1248.8
1162.07
1079.84
1161.05
1126.94
1047.92
1034.11
1227.59
1140.83
1107.1
1068.12
1159.45
1081.1
1070.01
1103.86
1098.58
1185.39
1102.56
1121.89
1126.45
1163.53
1200.86
1094.81
1132.46
1082.36
1083.02
1061.42
1141.76
1135.94
1214.82
1180
1166.58
1041.03
1077.46
1081.96
1085.67
1097.06
960.086
1038.02
1147.24
1156.73
1164.63
998.768
1149.2
1050.68
1169.64
1127.48
1065.73
1126.53
1124.22
975.417
1060.26
1082.21
1070.61
1090.99
1176.54
1173.45
1088.87
1083.86
1122.88
1121.77
1124.35
1163.38
1237.39
1156.23
1112.28
1336.39
989.951
1157.44
1112.28
1063.73
1080.09
1312.8
1181.33
1254.34
1168.88
1191.2
1404.41
1011.88
1177.53
1143.76
1080.87
1143.1
1193.92
1131.31
1095.61
1192.64
1154.04
1128.32
1174.5
1072.68
1111.85
1148.94
1075.04
1139.21
1075.7
1167.12
1129.74
1152.48
1121.43
1171.29
1057.26
1265.25
1261.22
1111.44
1118.75
1172.07
1162.36
1104.64
1188.57
1082.69
1097.98
1059.64
1145.7
1132.21
1202.58
1222.91
1150.56
1248.2
1097.69
1053.22
994.594
1038.07
998.936
1022.79
1013.66
1025.96
1204.45
1182.7
1082.02
1214.25
1245.82
1147.4
1025.85
1052.46
1198.23
1148.01
1087.68
1247.14
1242.66
1131.8
1092.98
1163.95
1103.8
1103.33
1177.44
1105.32
1169.25
1150.92
1030.66
1189.93
1135.22
977.377
1038.38
1098.24
1027.61
1081.4
1180.68
1161.15
1127.23
1248.65
1048.51
1207.49
1180.08
1098.88
1199.23
1134.76
1032.78
1060.68
1222.74
1237.98
1203.84
1180.73
1151.83
1155.35
1209.72
1108.43
1146.15
1033.28
1000.29
1120
1164.29
1133.14
999.642
1060.24
1102.71
1115.8
1118.82
1139.36
1166.73
1229.17
1090.58
1206.16
1068.37
1193.34
1037.39
1134.6
1226.26
1079.13
1179.56
1137.42
1115.69
1161.82
1115.48
1105.64
1335.22
1054.9
1046.25
1235.64
1190.26
1072.4
1137.08
1173.55
1155.3
1168.62
1234.27
1163.41
1124.38
1083.22
1019.74
1060.3
1167.02
1255.54
1037.14
1128.34
1120.3
1148
1165.5
1264.53
1161.78
1118.36
1198.55
1150.74
1036.76
972.136
1114.43
1097.13
1003.25
1131.35
1202.54
1090.39
1147.83
1101.39
1135.53
1163.1
1314.79
1107.44
1158.8
1148.74
1219.61
1267.46
1018.33
1045.2
1101.81
1201.86
1033.21
1187.67
1067.35
1016.18
1340.25
1017.53
1237.85
1172.9
1083.97
1127.77
1095.62
1175.95
1097.18
1138.36
1149.56
1104.53
1192.83
1135.84
1136.18
1119.22
1084.55
1198.68
1139.8
1239.57
1128.66
1109.65
1119.41
1203.07
1105.09
1132.77
1181.5
1148.35
1104.81
1108.14
1088.93
1188.35
1201.67
1089.65
1149.88
1256.52
1061.36
1160.67
1129.54
1214.24
1158.43
1129.18
1096.03
1164.3
1096.01
975.173
1076.71
1064.82
1153.46
1138.32
1176.44
994.455
1087.36
1038.97
1142.03
1044.42
1211.5
1175.7
1040.25
1057.23
1145.47
1141.77
1047.9
1063.2
1064.7
1095.21
1075.57
1087.6
1107.84
1208.06
1049.95
1250.97
1123.38
1136.39
1148.53
1161.27
1089.06
1042.42
1069.35
1100.48
1120.75
1132.33
1182.47
1143.17
1142.18
1204.24
1006.21
1121.29
1104.49
1013.75
1145.85
1125.77
1159.1
983.351
1156.99
1162.45
1073.37
1227.57
1073.91
1182.33
1264.91
1031.96
1095.37
1040.7
1158.56
1170.77
1051.41
1109.07
1068.1
1152.1
1113.57
1029.95
1142.44
1187.68
1225.7
1125.88
1215.53
1085.26
1186.98
1060.92
1115.8
1045.91
1080.47
1083.5
1032.48
1081.87
1049.32
1139.46
1082.96
1151.61
1193
1027.83
1061.52
1184.7
1083.21
1054.22
1204.93
1201.34
977.16
1115.44
1165.67
1080.88
1134.24
1108.39
1101.35
1203.99
1129.39
1072.8
1115.29
1157.58
1086.79
1105.5
1168.55
1165.51
1129.51
1096.18
1058.56
1165.48
1215.48
1048.77
1180.71
1171.11
1019.52
1133.06
1170.89
1141.78
1197
1142.91
1287.15
962.958
1172.59
1107.77
1217.16
1133.57
1146.41
1142.78
1139.92
1245.69
1133.86
1089.85
1119.34
1047.08
1037.08
1108.79
1071.18
1302.68
1047.11
1070.77
1155.34
1126.52
1137.55
1252.31
1246.66
1173.49
1106.33
1121.43
1069.94
1195.81
1157.24
1039.44
1160.63
1253.78
1153.14
1126.35
1091.48
1097.96
1097.31
1081.71
1114.01
1131.4
1161.07
1118.64
1028.86
1030.63
1224.55
1166.33
1167.27
1113.14
1107.93
1122.73
1119.97
1127.48
1105.38
1157.34
1222.76
1131.71
1227.69
1080.02
1189.26
1083.68
1145.1
1172.16
1231.49
1179.1
1144.12
1169.23
1271.19
1135.43
1138.1
1117.97
1147.51
1154.21
1052.82
1212.36
1034.9
1204.99
1204.62
1206.13
1086.55
1055.39
1081.7
1054.48
1135.56
1127.56
1095.49
1187.39
1165.59
1160.79
1123.38
1193.38
1220.72
1093.24
1189.3
1105.3
1151.7
1160.04
1185.91
1129.53
1058.59
1168.34
1085.75
1109.84
1095.07
1024.48
1055.6
1157.79
1135.01
1053.25
1071.55
1090.5
1114.24
1165.81
1042.65
1258.11
1183.78
1020.49
1249.88
1181.02
1154.17
1111.8
1169.53
1189.33
1097.39
1235.31
1274.53
1258.25
1150.85
1205.55
1129.42
1251.54
1065.02
1181.44
1069.27
1116.67
1149.24
1137.76
1149.55
1098.18
1110.37
1015.59
1106.07
1063.51
1120.88
1126.32
1135.88
1170.71
1203.72
1093.64
1118.48
1172.16
1275.77
1089.97
1159.67
1222.4
1193.55
1183.73
1150.34
1215.03
1092.88
1141.68
1141.86
1235.14
1203.92
1111.57
1012.97
1061.38
1079.08
1037.49
1139.59
1086.4
1084.95
1226.6
1127.04
1144.44
1115.71
1172.21
1148.76
1264.06
1220.81
1162.2
1087.15
1072.19
1195.57
1176.64
1091.02
983.515
1302.48
1207.67
1118.08
1207.39
1078.2
1123.59
1130.84
1091.83
1116.17
1088.36
1049.01
1117.84
1038.7
1247.2
1109.25
1073.44
1061.73
1033.14
978.898
1083.42
1159.24
1135.5
1141.93
1243.13
1149.25
1082.24
1078.6
1159.93
1142.57
1201.42
1147.19
1292.65
1187.61
1179.36
1129.18
1045.24
1185.57
1022.03
972.97
1132.72
1215.02
1099.37
1162.66
1072.11
1181.6
1250.87
1157.77
1019.37
1040.02
1116.91
1149.2
1119.29
1118.83
953.58
1193.59
1062.04
1124.07
1096.86
1042.24
1114.89
1160.04
1186.71
1165.66
1163.49
1091.86
1114.14
1210.43
1132.81
1109.82
1257.36
1125.78
1140.91
1046.44
1135.06
1109.82
1060.17
1137.34
1151.33
1100.69
1275.96
1192.1
1192.53
1122.09
1126.47
1181.42
1173.13
1159.11
1118.18
1101.95
1073.71
1148.5
1111.82
1011.65
1166.79
1113.98
1169.01
1201.4
1103.6
1107.02
1011.75
975.337
1063.1
1114.88
1178.65
1027.73
1178.65
1081.38
1122.58
1177.22
1072.94
1121.45
1119.1
1150.85
1108.9
1126.64
1082.46
1135.17
1165.3
1079.39
1173.68
1105.29
1072.6
1122.93
1263.36
1049.74
1081.15
1203.42
1232.4
1129.9
1135.63
1100.04
1127.04
1138.79
1224.51
1102.59
1226.73
1131.16
1041.01
1171.19
1181.54
1239.87
1080.38
1115.08
1163.13
970.019
1183.37
1160.45
1110.19
1194.44
1033.47
1255.39
1107.24
1169.08
1062.53
1036.48
1094.74
1077.79
1135.82
1059.24
1149.5
1163.89
1140.36
1169.74
1132.17
1047.28
963.949
1079.8
1118.16
1091.66
992.397
1136.66
1095.26
1100.4
1281.32
1176.35
1299.09
1115.1
1116.56
1161.08
1105.92
1179.32
1057.33
1196.47
1109.74
1243.98
1157.59
1115.48
1176.62
1059.68
1176.95
1019.75
1108.92
1131.38
1034.69
1203.07
1088.97
958.979
1210.18
1184.97
1154.21
1111.71
1166.06
1000.19
1016.93
1116.63
1037.66
1073.03
1226.34
1184.79
1197.57
1163.26
1108.2
1197.25
1098.8
1164.55
1176.89
1011.9
1071.85
1120.86
1009.66
997.367
1194.83
1237.44
1097.95
1280.5
1025.67
1074.21
1019.67
1197.68
1088.29
1099.51
1116.14
1082.13
1152.69
1032.96
1051.81
1186.07
1116.54
1117.25
1131.41
1155.34
1112.16
1033.6
1114.4
1157.81
1071.14
1135.36
1158.55
1059.06
1064.26
1085.45
1146.55
1096.8
1192.48
1067.21
1020.03
1047.94
1048.02
1202.49
1122.62
1048.28
1166.92
1145.6
1129.66
1086.7
1133.23
1218.77
1078.66
1148.61
1168.05
1178.34
1087.4
1072.08
1111.99
1042.37
1141.88
1083.85
1146.93
1107.35
1027.4
1130.72
1169.04
1123.46
1053.13
1150.79
1153.41
1080.55
1142.3
1137
1082.59
1201.6
1223.39
1207.92
990.027
1135.49
1205.18
1113.23
1097.64
1046.13
1142.67
1192.87
1071.82
1090.63
1050.16
1197.49
1069.1
1171.15
1261.44
1142.76
1119.07
1131.46
1158.19
1146.57
1209.76
1017.06
1219.54
1141.67
1164.94
1089.87
1132.67
1231.86
1199.07
1153.02
1184.04
1232.72
974.267
1156.13
1054.66
1143.19
1233.83
1255.55
1360.66
1072.89
1128.63
1194.1
1120.03
1213.72
1263.57
1207.72
1177.37
1186.34
1069.97
1067.89
1113.26
1146.67
1158.76
1058.67
1114.19
1053.38
1184.77
1143.2
1049.22
1000.04
1170.19
1119.21
1142.4
1053.62
999.117
1197.92
977.822
956.644
1090.52
1093.29
1011.97
1159.63
1178.24
1230.33
1137.42
1018.18
1167.6
1192.31
1162.99
1078.32
1202.65
1183.49
1071.89
1043.91
1111.71
1090.84
1010.1
1055.91
1093.81
1101.32
1071.21
1125.85
1283.05
1047.3
1110.37
1144.87
1132.61
1102.61
1125.8
1123.39
1216.07
1039.76
1152.66
1093.62
1125.96
1209.22
1188.72
1073.31
1186.71
1197.89
1078.27
1186.8
1081.46
1044.62
1213.37
1114.98
1156.6
1025.72
1131.09
1292.69
1015.36
1210.09
974.75
1009.76
1158.1
1300.02
1179.97
1238.88
1150.56
1109.69
1094.3
1128.35
1076.87
970.006
1131.26
1077.12
1170.58
1115.05
1097.05
1166.69
1077.91
995.34
1224.1
1089.33
1267.75
1174.28
1106.22
1112.45
1025.12
1241.75
1060.9
1191.04
1176.56
1150.17
1038.18
1103.12
1128.84
1011.96
1070.22
1041.99
1061.24
1236.19
1071.61
1118.73
1204.12
1188.28
1155.14
1152.28
1248.53
1199.52
1100.58
1038.23
1057.88
1072.65
990.517
905.427
1108.24
1205.64
1106.14
1073.81
1229.08
1092.07
1059.38
1137.2
1043.9
1137.2
1130.55
1120.53
1175.73
1229.08
1128.42
1084.17
1218.79
1122.53
1232.48
1113
1206.01
1104.05
1082.48
1019.53
1131.16
1091.29
1133.87
1113.85
1060.23
1020.73
1123
1248.25
1160.84
1157.05
1105
1110.42
1165.04
1124.42
1163.01
1098.54
995.661
1153.99
1070.5
1053.07
1039.63
1075.26
1188.24
1087.24
1139.43
1068.02
1037.29
1103.62
1246.99
1116.06
1150.56
1156.27
1142.05
1109.1
1087.03
1093.26
1103.8
1000.97
1207.7
1130.43
1312.48
1017.12
1109.38
995.261
958.208
1165.8
1246.18
1043.66
1111.12
1125.63
1138.07
1142.12
1215.71
1092.41
1183.8
1166.76
1062.95
1024.59
1158.61
1094.29
1112.43
1089.4
1049.95
978.598
1072.87
1131.67
1179.83
1110.93
1071.43
1158.65
1127.2
1168.83
1190.6
1013.5
1142.67
984.973
1026.97
1091.57
1296.05
1036.01
1289.01
1098.96
1100.11
1131.47
1050.66
1101.06
1073.81
1146.55
1126.25
1058.52
1186.44
1177.51
1105.43
1136.66
1076.34
1225.68
1162.65
1161.05
1103.7
1096.51
1052.76
1144.18
1069.49
1130.12
1242.96
1145.63
1076.12
1029.92
1131.59
1102.8
1105.49
1090.31
1134.8
1167.03
1131.75
1031.2
990.399
1197.58
1134.92
1060.7
1058.19
1122.41
1108.88
1137.36
1155.13
1143.43
1164.83
1063.99
1225.11
1277.39
1213.29
1217.11
1165.62
1264.6
1135.51
1109.61
1107.13
1130.55
1180.54
1203.04
1021.42
1240.65
1031.17
1192.63
1196.2
987.998
1167.79
1282.38
1162.99
1108.65
1112.01
1066.59
1009.03
1033.35
1143.18
1169.18
1114.03
1015.88
1106.87
1113.07
1177.84
1231.12
1051.26
1190.43
1119.41
1064.7
1138.39
1253
1100.81
1038.13
1222.05
1100.63
1197.59
1213.78
1158.37
1265.12
1057.59
1188.64
1121.64
1125.49
1107.96
1053.3
1170.54
1100.07
1169.91
1130.32
1162.2
1191.7
1191.57
1223.56
1247.22
1123.24
1188.74
1160.21
1111.75
1090.67
1104.4
1085.42
1140.73
1109.99
1104.94
1164.28
1122.35
1195.99
1084.28
1124.26
1066.12
1164.77
1147.44
1057.67
1160.52
1110.6
1144.63
1171.67
1120.55
1230.92
1130.2
1025.64
1202.84
1211.38
1054.95
1047.15
1163.3
1058.06
1112.26
967.732
1084.18
1191.88
1171.48
1067.96
1167.01
1201.09
1206.29
1218.1
1072.43
1073.84
1037.08
1026.13
990.94
1103.42
1237.12
1085.05
1145.43
1241.36
1068.09
1162.11
1178.19
1123.7
1069.94
1158.66
998.478
1347.86
1141.59
1202.9
1236.2
1026.33
1158.34
1194.37
1108.49
1202.01
1121.85
1172.56
1109.06
1158.45
1091.09
1214.33
1124.02
1303.78
1115.86
1209.27
1123.49
1014.94
1177.36
1131.19
1187.54
936.523
1261.11
1175.35
1142.43
1007.67
1116.97
1152.36
1208.75
1200.23
1112.09
1167.86
1259.16
1137.78
1052.44
1041.05
1085.72
1322.1
1148.57
1167.67
1152.38
1114.04
1298.52
1012.51
1014.39
1177
1177.99
1096.76
1226.82
1215.56
1137.26
1129.8
1153.29
1191.23
1167.6
1161.43
1004.65
1125.51
1129.87
1035.13
1137.97
1086.19
1070.23
1132.99
1045.42
1057.63
1118.81
1234.26
1109.49
1138.6
1079.66
1128.75
1205.45
1016.29
1086.59
946.08
1177.49
1135.71
1107.68
1074.17
1051.66
952.704
991.162
1140
1177.17
1174.31
1183.82
1191.03
1036.37
1104.23
971.204
1153.43
1102.09
1044.94
1164.51
1187.1
1156.1
1099.25
1273.62
1129.05
1140.71
1042.71
1139.07
1154.34
1090.45
1103.33
1268.99
1162.7
1148.39
1076.19
1206.37
1048.91
1027.63
1088.43
1163.93
1018.8
1184.22
1248.93
1040.71
1177.27
1073.02
1096.43
1104.63
1081.38
1185.78
1094.87
1191.16
1203.29
1129.21
1171.76
1114.56
1176.3
1180.5
1029.05
1240.28
1152.53
1133.67
1117.85
993.023
1124.44
1226.37
1169.4
1181.92
970.511
1030.09
1179.85
1115.81
1048.81
1212.94
1149.41
1165.59
1172.15
1107.3
1169.03
1098.37
1026.76
1212.41
1105.33
1170.51
1120.69
1140.62
1168.54
1243.13
1083.69
1151.42
1106.49
1170.85
1170.88
1049.11
1048.74
1087.47
1024.61
1150.38
1198.93
1032.08
1094.57
1158.63
1124.05
1069.88
1188.49
1118.67
1130.51
1101.96
1202.51
1124.46
1099.45
1110.93
1177.68
1150.16
1050.66
1099.41
1099.98
1135.16
1240.83
1173.13
1149.57
1020.73
1151.31
1077.42
1233.59
1167.88
1181.53
1135.17
1181.62
1092.71
1169.24
1082.12
1126.15
1119.44
1141.25
1176
1081.02
1076.07
1073.68
1079.76
1072.41
1126.48
1120.9
1030.86
1304.77
1112.2
1115.32
1237.77
1083.43
1068.51
1203.3
1091.86
1174.91
1163.06
1182.59
1118.01
1061.79
1126.67
1179.9
1152.51
1165.68
1177.57
1008.73
1148.79
1199.45
1028.38
1043.19
1059.71
1080.59
1239.26
1118.79
1088.41
1068.06
1190.31
1163.01
1205.51
1250.84
1128.56
1106
1266.27
1001.16
1184.08
1086.46
1176.33
1106
1138.8
1097.2
1213.83
1095.49
1181.72
1041.25
1301.96
1211.62
1254.35
1228.15
1046.76
1304.86
1093.91
1186.07
1197.82
1042.08
1170.5
973.283
1130.22
1117.04
1113.98
1127.79
1279.31
1069.91
1074.81
1081.23
1121.07
