82.93
107.081
83.489
94.1017
83.684
87.526
104.025
113.165
93.4463
95.9688
79.1813
92.7503
128.706
74.8414
102.445
106.466
84.7863
76.0082
120.578
86.7285
92.6726
104.148
102.753
121.157
99.024
102
88.3713
102.491
91.5616
99.2863
118.849
108.152
107.962
113.252
109.841
99.5293
110.484
107.306
104.177
121.793
113.827
85.6524
95.824
99.1374
79.4028
115.516
94.586
107.993
74.242
108.998
102.81
111.859
100.494
112.947
87.2977
99.4565
85.0238
107.865
130.056
94.2701
107.367
120.973
98.2747
75.1554
104.676
89.5679
99.0147
77.8176
106.208
67.5978
77.4695
113.192
96.1737
111.713
97.6403
95.7015
74.7266
103.646
103.497
93.1993
109.744
116.355
105.441
116.839
105.496
87.0825
91.6966
88.0358
101.847
102.236
87.085
90.9508
103.336
85.6581
115.763
125.057
77.4862
79.9736
115.728
79.1712
93.5278
110.207
130.783
102.814
96.2045
111.267
103.144
118.648
131.144
95.183
143.98
100.902
107.405
116.417
106.217
118.498
107.91
121.347
100.44
115.771
93.1931
74.3886
110.568
107.429
82.0372
107.391
110.39
89.4413
105.628
106.899
92.3242
104.685
115.772
126.34
100.873
112.911
112.27
102.91
85.8746
140.009
126.213
117.537
100.922
101.594
96.4397
98.9676
80.9813
84.7759
102.426
88.8085
95.9519
115.577
110.498
107.021
102.078
104.99
86.0503
113.027
81.9208
109.964
96.4272
102.693
82.1682
108.712
97.1717
87.4035
83.6768
92.6543
109.19
112.102
106.59
87.8461
99.0348
96.4363
87.9668
83.698
98.5272
83.5379
117.641
105.485
114.386
122.844
84.6226
106.22
88.9618
106.424
110.641
104.609
108.152
88.824
118.89
96.8683
97.8347
102.29
84.92
109.011
111.211
116.055
86.8559
83.0773
61.8558
84.6354
79.4013
102.069
102.913
92.9969
105.614
104.841
119.933
110.568
106.96
92.9014
94.999
63.6702
91.2264
96.7279
89.5369
109.135
118.596
100.756
116.359
118.07
104.956
106.626
101.321
104.955
83.0506
103.015
109.863
121.301
106.35
108.994
90.7793
118.645
109.689
86.885
109.256
108.524
76.5084
89.9746
85.4829
89.7534
111.619
121.214
87.4812
115.397
115.784
109.907
101.87
122.07
118.439
116.088
124.882
85.8939
98.8084
111.23
98.7314
87.1814
88.6087
100.53
101.938
88.3363
88.9009
123.012
109.295
101.485
101.76
115.033
84.7325
113.386
108.969
128.437
92.0516
130.074
87.1648
105.744
83.8977
103.615
86.5106
122.637
107.293
105.977
130.217
99.672
109.379
115.196
86.458
101.959
99.6388
106.46
110.155
78.2897
98.5965
79.337
120.146
103.623
98.914
80.9019
88.6573
111.858
109.558
92.3738
89.9868
92.1295
101.322
112.211
88.5921
95.7717
88.8074
103.224
101.027
97.0189
100.923
107.897
86.55
96.8342
106.211
111.454
103.09
110.363
94.874
83.8236
87.0315
152.059
94.3353
114.091
123.092
104.568
101.985
105.572
94.2776
119.872
87.3806
119.064
115.563
106.172
114.794
104.446
74.4722
87.2747
120.033
92.8351
99.0401
71.5982
72.061
104.928
97.5261
96.068
116.881
114.4
100.975
96.4326
96.2049
114.481
96.7997
90.5247
114.884
90.3671
97.9967
86.2324
78.1029
100.602
106.075
89.2855
84.8228
101.238
83.4233
101.578
86.318
99.4472
119.668
115.859
100.981
100.041
108.851
114.882
135.629
109.419
133.991
112.595
90.3577
112.095
82.9821
101.727
120.985
86.5429
113.763
105.074
92.2436
98.8181
90.1014
132.227
109.12
108.102
110.399
102.695
72.2156
107.139
90.587
145.98
116.89
100.556
122.001
112.311
111.229
91.8766
102.528
98.357
106.152
95.4282
87.3586
115.533
94.3223
89.5113
73.8662
63.9019
119.39
113.605
107.922
127.951
88.0649
115.355
91.3013
86.3008
125.042
105.382
91.1216
116.467
77.97
112.49
87.3257
81.0322
115.773
92.0031
113.71
92.1305
110.147
102.702
103.744
133.311
111.966
97.915
113.518
116.719
96.1462
84.5894
97.6715
81.6495
118.66
101.442
87.6284
82.174
110.876
111.928
113.393
106.429
102.833
112.5
99.2517
82.5935
116.124
103.135
86.4592
91.5266
116.851
94.5779
103.941
97.149
92.3908
116.582
97.829
114.979
124.151
92.6974
88.8429
93.7164
132.677
104.869
109.757
90.0771
126.622
67.9905
82.1305
87.5195
85.9924
113.81
72.2463
112.402
94.7446
116.378
123.712
119.029
122.677
113.332
98.5264
120.548
100.941
74.6437
86.4463
105.631
135.454
106.33
70.1872
107.549
94.4097
107.706
123.128
108.303
124.697
87.3777
112.084
100.692
91.174
119.694
92.275
90.8724
118.78
114.705
115.235
94.9655
96.5969
79.0684
91.1698
103.326
92.7033
107.842
109.417
134.983
158.936
88.4892
106.147
132.071
88.3157
103.671
96.4517
121.257
106.504
108.085
82.8336
128.595
103.646
105.705
91.1837
82.6696
92.571
111.86
104.193
105.431
84.9061
96.9377
98.9538
100.973
106.836
82.6114
122.715
104.917
119.662
112.522
101.872
81.0735
105.779
96.8811
83.7007
100.849
127.861
123.475
84.6203
83.8429
121.598
107.895
114.691
126.421
86.5176
98.883
106.029
116.061
98.172
114.449
89.8783
116.377
115.834
103.24
92.2481
71.4613
89.4778
125.649
87.7608
92.0024
122.195
127.277
95.6232
109.603
113.117
104.571
87.5605
111.771
104.225
79.1053
120.619
142.639
125.744
86.2983
111.159
79.0185
117.581
109.796
115.086
108.845
84.6912
87.5811
107.781
80.7818
111.384
102.018
86.0215
109.47
86.6038
90.9368
115.943
91.5881
95.3947
117.554
91.6133
96.7877
80.2075
119.422
108.487
95.6643
109.016
96.962
142.752
131.142
91.4681
99.943
88.5645
147.548
89.7323
87.5331
91.5105
105.003
88.9247
123.733
108.534
140.927
109.454
118.011
113.543
138.107
81.9066
82.7797
87.3753
94.9643
79.8086
112.35
83.9683
107.879
92.1894
94.8596
109.704
113.487
116.494
104.623
86.4723
110.444
109.898
117.721
97.7993
110.293
99.3556
104.779
92.3674
111.094
85.0725
108.622
118.837
79.2661
112.871
91.3458
96.4631
136.907
92.8851
83.9914
82.9029
103.007
84.4648
79.7718
99.2986
73.6185
106.617
83.128
130.902
142.014
94.6777
78.0163
93.8115
105.185
91.758
121.166
84.105
135.73
102.155
72.2439
83.3238
88.6483
98.542
88.4901
87.3412
88.456
134.855
142.193
118.031
94.6971
88.5931
110.016
95.057
109.305
106.327
91.9035
104.737
102.343
95.7523
89.6045
110.298
95.5597
111.845
117.799
122.148
104.945
124.24
121.449
130.505
94.8173
90.0853
95.5468
102.343
90.6381
108.593
98.4808
92.1682
98.1203
81.6988
97.2592
99.9075
100.942
100.368
98.3509
131.696
110.834
113.728
108.954
75.9316
96.1334
92.2178
95.094
103.677
119.111
100.493
88.6219
93.046
69.9909
103.97
95.5596
102.312
92.0407
115.464
117.125
102.886
122.03
90.5372
103.818
89.7723
113.574
117.529
130.919
125.898
107.922
103.577
110.091
116.089
82.0249
108.815
110.959
109.885
127.589
96.072
101.936
100.129
150.109
150.031
81.7078
102.353
74.5179
127.365
112.2
90.9359
95.3556
120.983
89.2333
85.8478
113.137
95.3584
105.117
132.118
98.1699
85.0336
89.3408
121.986
107.071
128.526
90.4211
114.457
140.488
91.4294
101.019
97.2224
79.7021
120.095
113.418
114.618
125.102
80.7463
119.024
107.884
85.1738
93.3406
129.479
86.4403
94.4195
103.485
101.31
141.475
100.689
97.1642
130.707
113.266
110.549
76.3885
95.1382
71.8511
89.3161
101.382
105.97
110.156
107.958
104.102
101.892
100.474
93.7888
105.918
91.5836
111.265
97.4818
126.539
97.9962
118.033
81.6482
98.484
114.527
91.5517
78.2558
113.612
77.737
124.952
70.2275
97.7108
98.5423
91.9919
88.8201
118.192
98.0678
90.213
114.591
84.5891
86.0253
102.368
79.308
106.48
91.9703
94.2278
103.54
108.51
115.463
93.5696
86.5372
87.1438
115.941
117.193
89.7487
88.4238
88.586
101.248
129.215
102.504
74.97
108.058
93.4436
111.644
74.564
97.2887
95.8409
86.8315
118.761
113.387
89.1216
99.4872
68.6297
94.8327
116.176
116.294
97.697
88.1731
113.083
98.0626
101.546
88.8748
104.034
102.887
111.135
99.8866
112.533
106.088
122.684
91.5554
115.075
90.7698
82.4078
103.961
99.5454
97.3991
133.244
118.952
74.918
96.8818
92.5299
95.537
99.2735
87.4101
108.124
117.819
105.303
116.809
89.3717
112.937
102.75
117.574
115.329
86.1857
88.2839
109.998
123.176
121.843
97.7691
103.739
101.793
99.6545
138.785
92.964
92.0161
75.3168
110.172
121.987
106.024
101.879
83.9286
100.729
88.7405
90.0294
92.0717
111.105
91.8328
87.5202
76.6617
92.7138
106.48
98.744
115.872
81.8515
110.526
122
102.404
121.972
123.03
102.901
88.5281
106.125
102.837
100.756
100.707
111.046
92.2905
90.9834
96.7796
99.5691
100.182
107.542
111.066
107.587
99.7867
89.6165
111.192
88.8223
106.333
113.655
100.059
98.6628
95.9299
104.101
102.948
97.5783
95.5724
78.5588
119.18
128.687
98.5189
101.872
100.204
94.3949
117.867
71.1042
114.762
102.363
123.753
89.1532
92.3548
122.547
93.5452
93.1201
97.7518
110.015
95.5229
92.0817
139.43
119.31
92.637
90.9876
93.6624
115.001
103.471
112.714
90.3626
112.083
103.389
109.578
117.352
130.03
110.756
85.6909
98.4607
115.179
107.709
117.698
100.818
108.095
83.5258
93.21
100.601
106.166
103.277
112.648
117.034
94.8802
84.3113
109.534
108.457
94.0149
118.166
102.444
122.79
102.079
90.1894
100.837
104.077
88.3925
123.126
112.712
83.9907
87.1889
96.5417
89.0825
120.849
122.258
94.9477
79.5963
91.2738
101.199
103.34
108.333
89.5955
87.9827
82.3259
122.697
86.9402
72.1754
97.4526
111.853
78.8831
105.332
99.7751
87.5904
109.368
122.292
79.8469
105.115
94.7072
88.6279
103.268
102.69
76.9502
94.2778
110.941
91.2992
102.445
105.927
97.5263
133.399
118.135
83.3076
82.4075
135.57
112.758
142.792
96.9768
107.975
94.4797
87.059
90.9181
124.584
102.74
84.2177
104.744
103.573
73.6828
92.9057
112.74
100.332
89.4568
85.5395
92.1667
131.985
105.867
105.198
135.877
97.938
78.0112
98.7229
115.119
112.31
87.4074
94.5467
94.7866
102.264
101.459
71.2509
79.294
97.1748
112.509
73.0947
119.756
122.126
90.2904
87.3618
111.943
96.2984
83.3257
125.786
109.026
101.751
75.4158
105.822
100.107
113.868
95.698
127.701
86.9212
90.4381
101.317
106.326
95.5361
105.676
102.578
95.5781
104.366
99.5732
122.171
111.909
123.403
100.751
73.9509
125.921
129.513
104.264
118.959
101.8
85.9119
74.282
101.822
112.988
111.279
119.349
98.2191
112.662
115.292
87.9898
95.727
107.708
89.0104
96.3544
104.938
72.6493
82.0855
76.9543
132.55
97.034
85.9125
92.8577
111.786
117.224
101.139
119.102
94.2861
76.0647
106.822
117.026
105.814
93.031
107.695
90.4966
102.029
111.82
81.1013
136.728
80.5534
114.56
101.669
103.667
126.765
102.999
148.812
99.8785
82.1278
134.288
104.165
141.203
122.608
105.642
97.7724
86.8395
73.1233
79.899
106.66
106.213
117.98
91.1857
115.49
89.0333
98.9554
111.229
125.654
108.859
93.4811
104.886
104.419
113.318
108.55
114.468
103.038
106.036
102.908
104.241
91.207
110.04
88.7782
118.553
118.236
114.907
122.458
117.879
86.6422
102.102
115.247
85.2295
108.183
107.735
97.1963
81.7167
99.6216
85.3252
108.275
106.953
99.1227
115.863
106.55
121.658
116.088
90.5669
112.001
109.341
93.1202
97.1537
106.969
94.0499
78.072
84.0008
89.1741
111.636
117.838
100.148
87.4025
85.9169
88.3196
99.279
122.267
107.193
96.0014
94.0334
115.106
87.4374
94.1304
77.725
95.2438
95.6839
90.0624
106.695
83.6573
93.0659
64.6049
108.389
99.537
103.056
85.7186
115.452
104.335
120.431
99.9901
105.279
97.0513
106.442
91.3751
83.8129
84.6646
86.7806
97.9727
122.062
125.974
105.296
107.834
85.4718
88.0035
112.731
95.1929
116.381
87.866
99.1889
107.573
74.4776
117.016
93.319
105.4
89.3658
92.3644
90.3528
112.116
104.585
81.4571
93.4079
92.6937
84.4591
136.534
96.2082
94.6124
118.976
123.094
117.51
71.647
95.4042
109.988
76.5242
92.52
128.66
97.5363
91.5904
82.603
97.0332
95.6873
83.7475
106.038
103.137
99.837
89.0618
82.9313
126.311
97.0492
125.216
92.8442
105.348
119.18
89.8024
70.5713
114.575
112.031
104.814
93.8673
88.0432
85.6707
91.7454
113.021
97.4806
108.312
101.141
112.939
92.2228
123.967
91.4668
88.6972
81.0156
84.2482
87.6873
103.243
118.04
95.2323
92.4819
75.0407
84.9391
74.4195
114.82
86.0398
103.417
123.733
92.8149
121.351
100.548
97.2006
104.128
82.7509
115.757
98.777
97.1288
100.925
138.087
81.9535
95.3716
104.704
88.5789
94.2922
119.425
98.2874
107.134
99.2053
101.85
106.571
104.311
100.361
96.343
113.443
101.838
93.6843
91.9229
111.661
102.217
125.662
102.346
112.337
123.573
98.4534
106.471
122.228
105.835
99.818
98.2805
108.816
113.868
87.1981
112.735
99.949
109.022
95.237
138.126
133.613
89.8862
87.6401
101.447
114.355
105.709
139.965
93.254
126.232
113.996
112.887
113.28
111.006
114.983
89.3644
103.131
128.59
123.56
76.9802
98.9706
74.9557
76.3493
95.0432
125.992
105.848
129.544
86.3108
120.296
80.8739
100.918
101.424
94.8466
62.306
111.567
138.941
76.7553
113.938
102.836
116.877
104.581
128.045
119.033
104.091
134.712
90.9116
113.074
104.266
112.828
121.616
92.1143
116.938
105.253
95.1311
109.051
99.7425
80.2051
104.947
104.575
112.065
80.6331
77.5449
86.7544
88.8223
100.191
88.655
107.875
109.91
104.661
128.673
100.314
106.054
95.2832
96.1183
81.0918
121.336
97.0272
113.66
77.7659
110.809
96.0097
107.495
103.759
99.4094
100.213
85.8608
117.289
80.0646
103.272
123.306
128.253
101.76
88.7548
78.7285
98.2829
79.8523
78.4974
112.383
119.772
111.621
116.218
70.0075
109.515
120.272
100.594
109.721
104.527
102.7
83.2228
112.767
101.952
119.694
97.5695
106.875
103.064
117.516
107.23
94.1051
101.942
116.642
93.408
99.4088
123.075
82.5414
109.455
79.9692
87.3575
124.518
93.2442
95.0254
103.105
92.485
89.6806
117.552
93.208
104.873
147.888
90.4247
108.605
101.664
99.9864
113.921
94.1947
127.248
99.53
106.013
98.2518
101.301
134.362
91.9027
122.517
111.351
113.909
86.315
113.836
98.9
115.854
79.1781
128.566
98.243
90.9728
106.628
99.9406
94.3174
91.8399
103.644
119.731
104.471
84.3733
108.087
100.215
91.1632
115.989
101.533
135.672
114.985
104.653
104.08
70.5171
124.176
88.8819
107.013
87.4072
97.3616
129.345
90.0548
102.379
68.6186
86.9404
102.886
95.0229
104.999
95.6255
92.9152
104.245
112.184
112.419
116.414
126.02
96.176
130.024
95.0581
102.405
97.8154
94.8777
142.43
114.884
99.3405
99.774
99.6297
91.4577
104.194
94.8624
112.406
104.846
80.0874
115.646
96.9784
102.6
105.376
112.588
100.357
117.895
91.0847
114.27
97.7815
107.809
103.795
95.2586
129.34
105.468
80.9422
77.6024
87.0611
127.832
95.0667
103.578
89.0367
111.649
129.327
84.2973
133.952
106.228
82.9191
126.843
91.0146
121.894
103.953
95.092
107.513
129.573
119.64
105.209
90.9442
113.038
113.242
103.307
117.241
117.181
99.8458
89.93
104.557
122.692
109.182
117.975
101.815
66.9579
105.567
106.723
81.4665
114.563
108.992
92.5117
120.981
98.8416
109.159
101.313
107.203
123.281
107.81
113.945
82.4028
121.526
107.508
77.2932
125.491
104.406
92.415
83.75
106.825
95.4108
114.301
120.179
140.256
105.299
108.946
91.0246
101.959
105.48
112.074
82.2237
100.063
96.3853
90.1716
128.638
102.089
104.142
125.328
107.881
106.23
99.223
91.7108
112.406
110.071
86.9178
118.089
113.909
96.1824
121.166
98.522
88.1015
108.4
105.574
122.546
115.972
132.697
127.1
114.993
91.1072
100.682
100.404
134.733
74.6852
106.633
76.1765
72.2633
100.405
135.697
77.5833
94.7942
114.006
119.055
122.047
138.627
89.425
86.533
115.196
84.6506
94.6753
112.169
84.4698
104.248
99.991
105.203
82.9321
87.2531
97.9441
99.1808
133.276
93.601
94.7139
107.67
82.7031
98.6689
95.2762
104.603
94.246
105.13
94.0231
115.869
103.444
113.151
94.2498
105.648
100.317
95.2341
80.4848
92.9153
100.252
96.0357
117.736
120.162
107.86
107.161
86.3277
76.6775
130.791
93.7379
72.3856
97.7154
93.905
85.857
98.585
83.6076
122.449
97.0943
112.415
115.06
90.4674
125.762
115.89
126.685
111.113
87.6317
124.683
109.491
90.672
99.4451
87.676
74.0188
114.692
81.8582
134.116
111.034
117.025
108.467
116.824
100.241
82.8459
105.62
103.272
107.46
103.112
102.966
113.542
105.381
101.781
136.503
79.8519
134.237
106.243
105.326
109.661
108.911
89.2782
122.737
106.906
120.036
95.3481
105.76
85.5762
119.889
106.768
98.7579
101.737
116.663
83.9077
78.0332
98.9871
116.723
81.4089
80.7089
104.219
100.197
139.594
92.8461
105.893
81.3175
85.4816
66.0534
97.2103
118.291
99.0172
105.562
101.301
107.368
97.5372
125.618
110.713
89.4592
97.6031
97.1149
86.8957
102.459
108.911
85.5007
87.7144
100.229
99.6318
96.8213
91.1803
89.7334
98.5886
93.7237
105.64
136.747
80.9907
143.846
92.2184
93.5699
109.054
116.914
110.905
79.5506
97.4527
98.512
102.391
131.889
84.9371
98.886
105.721
120.877
91.1936
98.0992
93.2936
105.495
103.908
105.423
88.7686
120.338
102.31
94.392
89.2909
102.943
108.915
94.1044
95.5904
86.7095
101.085
80.3907
109.58
99.0259
93.2567
83.2886
120.575
110.021
89.8727
106.679
91.0832
93.7837
76.023
154.14
108.288
100.209
98.9129
125.322
90.7853
79.8948
100.483
116.98
91.4193
122.838
89.3255
102.291
110.645
124.767
95.8746
97.0649
96.084
90.5356
110.203
95.0497
115.02
94.208
97.9366
82.8878
106.457
100.046
87.043
91.3626
95.0561
85.2224
138.133
90.509
105.397
117.353
89.6429
72.2068
93.1828
83.285
89.7044
80.9015
91.0259
116.195
92.3939
106.764
109.176
105.535
115.657
84.1349
92.4848
101.81
85.8166
111.42
103.57
87.2399
87.8555
99.9883
111.045
94.6864
105.825
130.551
130.022
102.275
64.6405
106.064
84.2149
120.545
79.1011
111.046
98.7548
103.7
91.3014
122.162
99.7168
103.667
86.0935
102.97
76.004
110.498
86.5653
100.42
104.737
69.7593
81.6852
116.713
113.536
79.024
86.0459
111.287
96.3154
96.234
137.032
115.432
87.6071
103.941
131.149
107.959
118.491
100.01
111.575
116.138
94.8715
107.02
101.114
104.336
103.389
102.177
92.001
106.502
82.4368
96.2174
109.885
100.003
135.434
98.3754
109.578
87.5063
91.2188
67.7591
113.934
127.066
101.915
119.299
99.1282
106.975
96.6804
119.68
111.085
103.673
130.336
109.901
84.7996
110.078
142.876
109.571
128.728
128.829
112.792
69.5946
95.7925
131.098
132.001
95.8047
128.572
115.238
91.612
101.589
99.7155
116.937
93.9973
92.1954
119.136
105.317
89.9735
91.2305
86.8113
95.1766
88.7234
124.107
87.0714
120.372
125.67
104.715
110.146
90.7021
97.7574
91.1805
103.492
95.8745
117.772
110.792
110.039
94.025
100.843
86.6015
91.5322
107.834
103.267
95.3772
103.572
126.668
90.1013
99.9601
109.034
118.081
100.032
80.3192
101.981
104.146
105.908
107.925
101.664
114.822
96.4929
102.603
104.447
119.052
113.941
123.223
94.7358
118.182
112.549
98.5313
105.325
93.2178
103.215
87.6926
110.791
104.408
110.618
94.677
94.8286
103.584
114.318
108.249
98.4504
118.929
110.089
109.99
88.1568
94.3448
119.571
112.783
113.47
100.818
100.831
99.7249
129.014
78.0469
84.9873
114.975
84.3673
104.31
86.419
100.398
94.6123
88.4754
72.1956
98.801
93.3963
92.9327
118.429
90.3663
115.996
81.4533
108.224
100.574
88.784
95.9009
94.122
92.578
86.6459
93.0665
104.449
89.3469
92.6783
86.9137
78.914
89.6059
110.565
101.46
99.5128
101.365
82.0699
92.1531
84.58
85.0751
101.009
96.0482
95.5462
88.2506
116.127
118.547
91.6393
110.882
101.966
100.851
99.9308
123.989
74.1835
93.0992
96.7984
79.6417
103.331
105.931
96.5281
113.75
90.2671
106.296
102.717
95.2011
80.1165
85.0659
93.8905
110.322
100.782
96.0085
95.5486
84.4557
75.0167
100.977
105.942
89.7627
111.32
95.0311
93.8599
108.134
95.1101
107.298
100.179
108.234
115.382
126.783
120.922
106.625
126.396
83.1567
76.1206
80.9495
79.12
87.5283
78.9917
140.067
108.563
91.9621
113.937
103.458
86.1376
76.978
83.8345
76.5944
133.611
92.0814
107.113
69.2795
111.623
118.464
92.4024
104.529
114.63
86.1934
122.135
104.45
89.2379
80.8098
89.7495
87.6756
102.391
83.333
116.474
97.3986
79.8041
71.4859
87.3519
123.139
90.7957
79.3114
91.3166
92.99
93.7456
87.6857
110.04
120.249
101.703
113.069
94.436
93.4262
74.7313
105.384
76.8743
68.6814
95.0765
115.746
87.1731
104.332
92.0371
111.613
96.8136
107.614
108.764
89.0784
83.3047
97.6561
127.253
102.065
110.105
100.525
112.689
105.051
95.8009
101.834
116.763
110.361
91.0671
82.7898
123.257
89.4101
111.678
95.8894
105.424
101.579
94.027
103.513
116.452
98.0037
95.7918
121.489
99.8914
103.702
86.2122
105.502
112.486
112.344
121.871
81.6556
73.6364
109.127
116.939
93.7647
99.3421
91.6489
129.927
101.895
95.327
106.044
95.1321
108.639
95.7148
124.114
109.697
87.4256
88.6433
101.92
91.1474
131.378
112.103
128.77
92.9723
93.1965
75.5672
108.149
89.768
87.6499
102.421
100.999
96.4884
86.2723
94.1472
136.253
85.4285
82.5495
83.1665
110.895
92.5122
88.9213
102.641
129.882
101.248
103.202
94.1017
116.212
116.998
94.0067
101.598
81.1182
106.107
113.022
105.074
109.204
109.64
117.815
108.954
110.585
111.777
121.37
125.532
125.626
107.766
101.966
96.0177
90.6949
84.2856
92.9088
105.396
103.552
98.1372
106.147
84.6359
139.38
104.315
111.753
97.613
81.3776
100.735
83.9472
111.324
111.038
108.821
80.2048
83.3316
87.2361
107.089
85.7304
100.179
108.61
105.991
98
97.5961
111.714
110.162
95.755
123.451
91.9809
132.364
72.0709
105.082
92.939
90.1407
116.505
103.46
77.3299
112.935
90.1522
121.614
99.9472
87.7981
100.714
97.2602
95.6335
115.363
99.7965
91.7325
106.823
111.472
100.742
109.897
96.6035
82.7947
99.7697
92.7779
105.08
90.6269
102.275
122.965
97.2736
107.603
99.6503
117.259
102.794
107.336
108.007
96.5166
101.602
83.2318
90.5471
97.1373
98.2128
100.893
105.41
114.223
115.923
119.26
83.0665
98.7011
119.306
110.485
73.2681
106.732
106.606
93.1125
129.738
89.3004
117.014
102.158
124.472
90.7989
104.102
110.53
112.859
87.2893
105.958
97.5449
94.4909
95.5158
80.3321
112.165
105.531
106.019
109.245
63.7276
73.677
91.3084
93.5197
117.131
100.861
102.039
117.023
101.946
125.771
103.339
107.668
94.7085
102.386
111.544
93.3326
101.78
119.938
104.405
80.9015
71.2468
103.821
87.34
97.7632
96.9314
118.282
101.823
111.87
109.822
90.4634
81.3337
113.977
112.109
113.941
112.252
116.159
114.572
96.3817
74.881
123.216
109.835
114.617
89.7441
92.7349
106.865
91.778
100.945
77.0638
117.956
97.3981
106.963
98.5582
108.504
111.933
101.431
82.7167
90.5692
104.277
88.4172
129.758
106.732
103.064
103.479
89.9124
82.3139
112.553
92.7429
87.9408
95.7075
104.063
125.869
91.8902
106.296
110.749
103.199
96.001
98.3617
105.431
104.599
130.848
86.3522
99.9934
101.895
96.2634
123.015
129.466
99.3683
100.159
112.228
103.467
104.239
104.973
100.283
127.035
95.1023
83.735
126.459
121.664
96.1324
83.5065
84.4798
131.02
130.132
80.2544
110.234
91.9278
121.402
100.737
79.7118
89.7282
92.4674
92.5777
76.3081
87.5013
97.5122
85.1834
108.483
98.7766
93.2041
95.0655
112.232
80.7087
107.651
72.5404
88.6835
104.771
118.176
100.194
83.7317
99.2865
84.4349
124.032
91.3584
87.973
80.6331
109.649
85.1201
99.4635
121.174
99.8254
77.9321
107.215
101.222
110.408
111.354
108.732
104.338
104.42
100.708
95.2293
106.937
95.0679
110.652
90.3567
98.5772
93.7844
60.8246
109.738
86.4647
100.045
75.8937
155.678
106.992
104.326
109.32
111.782
122.418
106.734
94.1182
95.6584
90.4608
77.7451
95.9722
100.394
116.316
95.801
101.931
141.758
111.817
114.714
90.8964
86.8131
102.312
83.504
90.7201
111.809
108.577
95.9845
81.871
111.216
103.995
101.366
106.123
97.2753
101.749
82.2768
121.779
106.866
115.217
109.865
97.9101
85.303
98.8366
110.62
74.591
95.2088
121.766
94.1748
119.304
90.3997
107.055
94.8796
113.174
99.2096
93.6418
117.603
106.538
110.009
122.712
108.78
97.9188
121.073
95.7803
94.6568
115.218
86.0839
95.5772
89.9015
125.893
89.7068
94.0286
126.352
127.472
107.528
92.6297
89.0183
76.8245
101.559
76.6769
101.271
83.6908
107.964
114.14
110.04
117.292
94.9405
78.8685
119.867
96.3343
92.4639
121.164
124.534
91.0011
112.759
123.008
113.72
79.2248
115.274
115.764
117.044
100.412
123.318
94.0126
125.897
95.6611
89.1099
101.543
102.574
95.2978
93.2872
114.13
118.582
94.9258
94.8412
95.0956
117.678
79.8374
84.6516
96.3664
97.9854
106.657
105.722
78.3286
92.8349
108.731
133.613
112.8
125.496
84.3309
111.743
130.872
110.147
91.7021
97.0635
88.1113
97.029
99.1321
125.778
108.654
91.468
101.383
115.038
63.9038
90.0423
99.3362
104.959
100.843
120.039
98.2956
127.057
98.9863
90.0804
96.0639
120.575
113.805
109.787
88.4575
93.537
119.392
106.563
116.862
140.563
95.6427
78.4578
116.129
94.4293
95.9529
119.721
117.017
97.7464
113.026
104.206
103.159
114.168
90.9798
91.182
107.376
105.068
94.7644
77.3586
93.3904
111.921
76.7729
106.37
98.473
108.91
85.1874
93.2603
90.1358
84.6276
95.8022
95.7322
96.3393
101.557
101.321
110.407
105.547
101.965
84.6643
72.8852
116.216
93.423
107.832
77.2046
138.396
99.3002
107.552
104.06
99.9867
133.646
113.504
91.0871
99.6122
90.4659
105.235
114.246
113.895
89.1594
117.056
99.5989
106.8
107.9
92.01
97.5634
96.1698
111.056
111.131
105.61
77.9735
84.05
91.5487
109.725
91.4298
77.2212
100.135
99.1708
92.052
102.659
109.462
106.535
149.989
73.8346
93.9512
103.138
103.107
108.231
110.083
89.6343
90.0352
105.309
102.427
95.3983
104.836
107.696
93.7819
96.4976
122.229
83.3222
140.844
101.617
97.7461
108.872
97.1864
88.11
97.799
105.897
85.9896
102.237
103.202
114.996
113.608
91.8662
102.7
124.706
119.739
107.454
113.555
82.9521
95.0153
81.7749
108.108
92.4817
111.287
90.4392
87.9302
103.254
83.2065
99.2859
85.2104
96.8358
96.7526
90.336
94.6765
80.4425
94.5495
97.6764
88.0869
104.805
101.458
76.2599
93.572
109.798
125.086
87.2912
113.495
89.952
121.926
106.92
113.953
101.166
102.494
124.727
89.5213
81.7218
102.384
101.987
83.641
81.7691
103.975
76.4056
98.3002
87.2185
111.912
109.482
118.484
97.1701
134.188
83.0694
131.818
81.8924
97.8637
77.6864
81.5434
107.309
91.5995
113.218
90.6379
92.5393
121.692
95.2718
99.7359
98.1707
76.2068
122.739
106.942
100.738
79.0645
97.4955
103.732
88.8449
143.473
83.7329
102.608
127.901
108.928
89.7704
122.832
94.2757
98.8622
111.439
103.003
125.749
113.333
106.786
98.4011
85.0028
105.424
78.5762
106.31
96.6937
112
96.3587
121.953
101.282
108.352
80.7072
75.479
104.045
113.747
101.529
114.825
126.618
105.325
94.7924
121.629
105.668
81.6981
99.2634
103.061
84.5778
116.853
134.902
105.173
78.4926
83.494
98.1775
117.141
110.833
109.714
93.3039
119.623
101.414
117.29
101.535
100.02
105.889
95.9112
100.23
115.168
107.711
96.949
79.514
121.516
113.557
100.271
115.043
100.981
126.354
88.948
81.0308
81.2477
105.162
80.6579
86.4741
99.5102
97.4603
82.3904
89.4794
151.517
106.935
108.139
116.448
108.789
87.0428
115.878
124.353
111.877
98.4897
96.2203
94.4541
115.848
72.7086
89.9407
111.256
112.854
119.091
95.7913
94.2073
93.0378
77.3465
77.1066
123.787
92.0013
97.1052
146.472
105.286
84.3552
100.608
106.917
99.9538
112.029
85.8671
101.286
100.16
103.151
112.941
115.034
105.16
111.164
100.674
116.82
79.7613
112.332
117.242
111.274
104.202
89.9134
98.3846
79.5737
111.224
118.977
90.2988
114.885
119.249
94.8638
92.0094
90.6399
111.823
111.862
115.798
102.682
121.768
87.5403
111.103
90.5049
119.929
94.5207
137.688
101.862
84.1744
110.837
94.3411
113.721
95.1053
85.8637
115.947
99.6294
99.8887
119.151
104.415
122.415
90.9259
94.6074
81.3034
116.914
90.6032
96.3184
78.7896
89.0237
101.383
92.9186
102.117
82.9044
91.2657
105.722
90.8833
86.8839
92.3339
97.3298
86.1037
113.486
88.3723
101.272
105.466
99.0409
122.936
96.8074
95.3645
93.5848
103.349
68.6972
98.7944
107.213
95.3586
111.444
82.2866
85.5288
112.746
91.8556
93.6885
93.6197
101.412
88.5988
80.6178
67.2172
113.745
127.964
95.4792
103.887
136.936
91.9815
111.513
107.727
90.8868
94.3371
109.654
105.969
99.6334
120.898
99.1931
120.121
97.4729
95.3158
87.3238
109.836
85.9321
95.9085
92.8402
113.087
98.3373
101.643
116.987
123.033
131.511
104.9
110.412
106.027
91.869
102.413
88.8798
98.4789
96.2852
85.7473
90.6707
112.333
98.3913
90.4213
88.0982
119.013
102.853
108.158
118.234
126.922
94.0838
107.542
83.7114
73.6753
87.3081
122.016
86.9604
112.825
127.215
123.975
94.8522
113.439
93.7233
123.281
94.1611
95.8576
96.915
95.4316
93.5917
96.7009
91.8922
99.5163
139.179
105.598
114.984
81.0841
88.2333
105.55
94.375
105.279
96.6505
127.802
107.271
118.711
104.573
111.014
90.6119
115.107
79.9799
99.0582
95.0529
90.992
78.9792
100.53
95.1617
84.7901
81.1903
100.473
100.046
115.394
111.927
83.0988
74.1603
101.641
75.4279
78.7416
120.874
98.413
86.4089
94.9633
80.152
116.903
113.499
94.4647
112.51
104.224
109.859
114.323
123.785
93.4267
90.4592
103.723
111.021
125.059
94.1108
107.972
89.8002
93.4621
122.442
131.901
102.164
122.892
134.277
104.106
89.6528
102.228
98.8941
101.779
99.7513
117.02
87.037
95.1776
111.706
93.7806
92.1415
92.987
94.8494
90.567
92.9806
118.952
99.2309
93.9757
104.355
91.0581
86.6264
104.308
98.6541
94.0733
100.155
87.6307
95.2599
75.3248
98.8905
97.8235
101.285
104.089
108.488
96.6841
108.551
75.4737
115.073
102.429
86.9406
119.299
92.4463
95.6098
111.136
102.743
88.5541
96.3638
114.234
129.664
108.372
91.2782
96.074
118.264
86.9272
84.752
92.0944
98.6203
106.574
119.99
80.2195
107.182
109.777
107.198
94.7948
107.393
128.787
142.542
92.5471
126.196
91.9917
133.022
102.535
89.039
106.757
86.5541
102.763
100.219
83.7638
96.026
101.766
106.385
114.275
106.495
105.409
109.112
97.2757
89.5739
84.5886
132.298
120.836
95.1411
118.549
85.5792
92.1519
93.4402
106.866
102.115
101.727
115.729
96.6399
104.977
123.291
94.15
84.0039
92.8186
106.666
92.5406
117.124
96.6708
113.466
106.637
74.3175
87.2957
103.373
99.36
91.4159
120.908
90.3796
139.355
92.2875
105.795
106.609
92.0016
113.015
124.762
131.131
100.156
74.4118
111.932
101.552
151.975
104.45
117.318
104.172
106.233
95.8992
104.847
106.117
98.5551
100.032
89.7545
82.626
83.5002
85.8813
83.4072
96.744
103.084
115.318
99.1484
100.71
99.2483
96.7401
93.648
95.6234
84.649
97.9896
95.0465
98.8811
119.714
80.8275
98.9252
100.306
110.831
123.659
122.54
106.461
113.801
130.447
92.4116
107.95
93.6146
118.028
94.0278
97.1667
84.6637
103.805
102.682
128.205
121.96
91.8005
105.338
120.966
128.691
116.922
106.886
99.8717
97.9415
113.973
96.6488
95.9673
106.834
97.6742
111.349
97.9039
98.4755
82.6936
106.153
102.043
92.1002
92.5345
80.8982
118.882
123.476
123.729
96.2033
110.017
96.8101
125.53
98.6126
103.583
106.519
98.3374
85.9575
88.0289
106.736
104.77
123.9
85.4455
84.1958
94.9171
102.244
101.655
91.635
83.8013
70.446
95.7086
109.639
137.931
106.825
116.157
113.378
99.2246
111.307
86.2039
114.049
124.367
104.828
101.192
116.066
101.665
99.3598
108.976
101.706
87.9397
105.541
88.7458
119.888
123.68
77.7114
111.566
87.6718
106.505
100.073
104.398
85.467
84.8156
93.9988
114.822
74.0981
135.315
76.4425
97.3613
91.0178
112.96
97.3872
86.1345
104.394
85.6325
87.6408
99.102
83.8994
83.7885
113.499
104.485
137.497
67.3247
93.5539
82.4191
103.826
122.192
107.271
120.276
111.18
84.6249
102.919
102.592
103.316
95.5534
82.4528
86.3571
102.243
84.5517
80.6559
87.8059
101.506
93.6173
85.8386
91.3264
109.345
99.3434
114.686
105.804
126.608
99.3232
95.0646
86.6985
88.1217
85.4917
95.1511
87.8994
98.5966
78.4367
82.7178
110.07
99.8963
100.183
104.085
75.8948
112.172
99.0229
109.633
112.34
103.476
105.314
116.15
91.3488
92.8389
98.2459
84.0949
119.716
109.746
111.524
96.464
116.102
79.927
101.883
106.719
104.679
102.039
93.8876
80.7624
93.6863
91.4533
91.1731
118.357
119.097
90.5618
100.606
79.3413
99.7113
95.5923
99.6543
123.937
91.8801
119.585
99.0462
88.6318
94.0159
104.997
118.743
98.3936
74.9744
109.686
94.7565
105.883
95.165
74.9985
94.4756
91.4679
116.981
92.1959
112.648
118.706
111.881
75.4268
97.1352
101.211
123.373
99.3814
106.207
88.036
114.864
83.8753
98.7906
105.435
85.1051
101.45
122.728
104.655
79.6353
95.1441
108.885
88.7866
88.1129
107.487
96.6865
98.1814
123.02
111.986
105.516
97.1723
105.548
106.16
112.98
120.953
127.205
97.6052
95.2921
113.616
102.605
125.705
118.906
90.8621
103.058
143.663
99.4801
95.7162
89.2969
112.122
85.67
102.481
101.545
112.04
95.7635
100.671
83.8164
113.595
114.719
96.1039
117.744
88.4588
117.036
111.592
94.6108
115.221
74.3744
96.6143
85.3631
84.8896
96.7753
93.6185
108.013
91.761
91.7917
108.57
80.0652
97.7278
125.844
99.5768
92.4093
77.7504
95.6983
107.787
78.516
99.9666
142.84
114.111
110.453
90.9467
104.614
112.498
91.7431
107.444
101.432
117.35
131.682
67.8454
115.991
103.715
110.898
114.93
104.974
86.5328
137.623
77.7369
76.1609
100.201
79.719
76.293
101.418
121.269
123.828
95.6176
77.1951
108.135
108.409
105.854
103.976
96.7211
125.188
104.745
94.8777
79.4024
79.8172
97.2058
111.854
79.7707
96.9916
83.7489
98.3229
83.5622
92.5802
85.9835
114.033
99.7593
94.167
108.939
95.5659
78.2509
104.486
95.9021
93.1477
109.619
122.731
115.881
104.148
101.53
122.161
104.186
88.0621
126.179
123.824
142.655
83.8824
106.657
90.0741
98.9917
95.002
104.124
111.373
111.88
100.095
107.888
107.416
119.214
95.7431
86.9052
81.2476
109.289
107.69
106.513
95.0388
109.995
102.258
120.059
83.707
82.027
107.782
111.393
109.39
124.39
82.2088
103.338
96.1707
78.6273
116.641
124.487
86.4044
131.267
105.464
102.402
112.286
74.2672
98.5667
104.107
122.661
107.601
86.6946
135.303
100.153
98.8133
111.35
110.596
104.776
123.136
97.0573
95.0333
112.949
92.9974
70.4811
101.922
109.865
105.659
95.9317
106.489
92.173
105.37
94.8275
119.882
80.9285
96.7149
108.327
130.501
118.267
82.6113
110.493
128.785
109.179
101.917
104.107
95.6438
103.337
109.474
123.693
132.605
91.8112
124.19
100.363
99.7897
103.601
87.0625
93.4965
112.021
107.178
100.002
91.9167
87.0482
109.938
111.258
104.739
115.749
95.2766
102.481
101.438
73.1485
122.918
106.65
101.712
82.4179
121.709
94.487
127.189
99.8324
106.636
104.648
76.7894
93.5276
119.464
121.485
98.3884
93.1419
80.747
105.56
125.765
76.208
87.7076
116.748
109.82
107.066
122.827
93.1494
85.5592
105.319
76.8753
116.731
106.322
105.322
90.2999
122.624
91.7277
98.6074
110.812
98.1917
126.623
116.713
106.876
91.294
112.402
93.2501
105.449
88.9364
108.931
126.354
95.5437
110.249
78.5812
104.678
80.5309
115.111
98.4254
85.9396
89.103
120.739
100.809
108.376
87.3084
127.99
80.6662
93.9737
111.077
73.2636
102.009
124.227
120.651
114.095
85.415
107.41
96.2687
90.6057
128.622
87.0909
104.257
93.9457
97.0575
117.991
113.346
152.198
97.8777
83.1198
116.76
83.6526
116.635
129.803
97.914
94.6141
94.2979
117.155
114.894
114.186
90.3891
98.2166
113.431
96.3181
161.327
76.6454
92.2209
112.268
95.4546
87.9469
104.969
111.994
86.6593
83.4215
94.9932
122.354
108.019
99.1384
111.002
106.881
111.726
115.844
103.062
112.585
97.9199
111.841
87.5689
98.3034
121.488
116.941
99.016
103.045
122.327
103.61
77.6578
105.368
119.368
105.622
96.6294
89.8954
74.9664
103.386
88.0302
110.116
103.059
93.3452
110.492
77.7193
132.812
91.7234
99.9358
93.8249
103.791
110.234
95.737
120.972
103.358
121.331
104.795
114.317
109.823
113.264
91.1608
107.582
116.18
86.679
93.842
88.8517
88.3305
107.996
126.697
109.234
87.4027
105.972
93.0726
101.014
111.777
92.6821
99.8038
114.557
81.6863
92.4878
102.563
76.8159
113.649
99.5923
95.2397
112.931
92.3607
78.6674
84.337
107.515
110.155
81.9137
77.1857
81.2648
124.427
91.4014
100.051
120.492
76.7056
101.099
97.1572
84.1977
110.859
100.044
121.512
73.3465
129.803
77.2048
100.935
102.482
113.093
123.412
110.082
138.748
102.562
93.7775
109.991
118.005
97.4553
86.735
112.375
90.1522
91.3996
131.137
103.222
107.479
104.479
92.4292
114.594
90.5123
90.4214
131.536
119.846
124.04
131.533
101.304
119.421
82.3748
102.377
98.748
103.18
131.038
97.423
119.32
104.464
76.8204
90.4116
98.9185
100.905
114.798
85.2528
100.489
118.471
115.32
103.863
90.6599
80.251
100.818
121.589
95.6873
113.951
83.2066
118.158
98.8445
121.887
97.0175
99.4184
82.3412
86.6443
81.6712
104.443
105.225
100.826
87.2655
109.132
108.779
98.8469
133.371
89.1384
133.921
90.4642
125.197
114.464
103.752
81.7807
85.9327
104.546
104.599
108.045
98.6754
102.626
119.477
129.503
96.1264
91.3501
86.2812
99.6399
102.096
112.04
115.83
98.0312
116.064
99.0708
133.099
125.93
123.73
79.9916
106.885
125.055
100.66
105.274
85.7114
101.354
125.742
100.723
105.263
124.576
82.3999
117.674
112.662
97.9186
109.013
76.4879
99.0115
106.946
126.955
88.8387
129.629
105.294
87.3572
104.683
83.191
99.9558
102.696
89.3082
96.993
91.1769
86.1226
102.052
91.0919
75.7385
116.796
98.5832
95.2155
131.277
72.6753
80.619
136.816
106.375
112.521
93.8805
92.952
125.055
101.326
80.1364
97.5975
88.1056
115.953
114.622
123.129
89.6506
93.5794
89.3821
84.6021
63.6114
107.333
107.034
92.5062
95.0425
81.0181
122.713
91.0596
103.305
86.5284
141.406
73.6575
128.419
82.0343
127.298
120.252
109.505
88.2533
106.073
100.081
95.7344
79.8833
106.763
95.5415
111.902
95.1144
95.0517
94.7871
84.9125
112.689
157.891
85.9718
95.981
89.1504
100.253
86.7242
118.728
87.5103
116.923
119.674
115.722
118.941
110.312
108.557
95.6874
80.8997
91.8883
103.641
113.835
90.7009
93.2768
87.2613
113.062
136.467
86.61
82.4306
104.255
77.3863
143.927
112.455
94.2859
93.8344
104.483
90.4432
87.2223
108.947
107.642
103.294
127.777
80.1737
109.167
114.124
101.294
102.627
124.216
96.2675
108.463
86.2102
71.7459
106.909
122.312
90.8188
119.498
124.27
99.2165
89.9143
127.594
104.01
76.093
78.8832
112.927
96.0293
122.432
98.3016
95.7364
89.5117
107.543
119.156
105.849
133.463
132.122
78.8411
88.1747
93.8877
86.6964
103.425
93.1937
108.438
103.336
90.1866
113.946
97.9776
92.5412
84.5769
98.2406
102.941
118.356
109.983
82.2739
104.011
127.604
95.5694
119.256
120.008
84.4047
118.331
113.105
91.2698
78.3986
75.0672
79.1927
115.776
99.9149
100.915
94.7904
100.752
87.0623
102.853
80.0048
117.71
105.998
110.153
108.136
97.3823
123.488
99.5638
72.2732
86.389
116.319
107.205
93.5056
80.2456
91.6257
101.853
96.9621
101.167
80.852
117.347
107.138
96.9839
93.9857
94.585
99.4655
89.9292
131.897
84.6134
113.504
112.304
79.7558
100.675
67.0445
113.999
82.2087
105.939
92.0375
106.166
83.3305
106.068
91.6217
104.645
98.1172
82.7618
115.55
108.414
134.181
93.8127
86.1957
85.4634
95.5492
105.458
96.0303
96.9376
112.729
99.7837
102.72
105.309
105.513
107.424
111.345
95.3087
104.634
106.936
112.427
120.82
115.786
111.952
107.138
92.7722
86.8179
110.354
86.8919
91.8982
81.0331
102.767
90.6426
78.578
104.391
78.5737
88.666
105.794
85.7677
102.718
106.558
113.586
90.5366
89.4038
108.387
85.8121
94.2655
118.274
89.8401
108.477
86.1449
76.6251
90.1283
85.2814
99.5532
106.707
120.271
82.6849
92.4699
126.536
103.561
84.1279
90.4868
132.197
96.2327
113.069
96.3804
128.938
104.293
98.5685
101.308
121.655
90.4696
116.499
93.3749
85.3846
95.9795
111.991
88.4252
93.6296
92.7175
85.2999
113.462
117.172
82.5598
100.173
76.4931
76.2237
86.6732
88.8326
102.197
108.737
116.594
94.0736
107.972
107.152
134.526
113.024
87.4172
120.787
91.0942
118.759
107.018
83.0313
93.8212
93.0594
110.326
119.895
110.431
113.786
88.0407
70.0108
125.135
88.0741
89.6268
102.017
89.5116
94.8937
90.2017
98.6239
120.39
129.646
101.852
127.895
102.037
79.7752
115.509
107.164
138.129
116.875
90.6072
103.417
104.744
103.27
103.008
86.7717
87.9877
114.192
118.115
95.7947
108.783
86.7305
67.6265
99.4843
89.1367
107.038
114.225
116.364
94.6285
98.1773
112.322
104.359
121.891
93.3815
93.8081
128.053
96.6414
101.388
111.758
96.6016
92.9109
111.338
91.1346
118.855
104.35
94.648
92.0868
108.995
99.4816
101.524
105.845
95.8893
107.319
111.884
94.7975
61.4071
117.732
117.487
77.0107
75.7693
105.932
92.9035
103.941
107.468
123.158
107.825
87.0177
100.762
87.7738
102.107
135.065
104.856
108.965
115.082
96.8033
111.87
85.556
109.342
113.222
153.424
120.561
126.692
100.654
110.725
116.975
104.765
73.5591
94.8057
89.5597
98.2169
96.0869
122.246
85.3159
91.1538
108.467
98.1649
84.4374
104.327
105.765
133.192
83.401
103.701
108.614
79.334
84.9196
109.619
86.9905
98.457
113.951
88.2515
108.131
90.4524
109.508
87.1435
86.6707
93.4105
100.96
101.936
77.8185
110.812
88.7783
118.588
129.125
88.8196
106.316
84.8947
99.6828
93.7007
123.861
126.41
92.6475
121.713
87.4093
103.312
83.0532
107.096
113.745
135.193
88.5661
106.13
85.6994
95.4872
90.0849
114.943
119.816
122.179
88.6498
90.7072
116.793
129.572
125.355
120.057
76.8888
103.574
92.5694
82.062
97.6384
83.9001
121.205
129.993
128.122
86.0176
77.1066
108.675
116.73
101.841
110.242
96.1323
102.006
89.1346
106.907
107.066
86.0768
95.3384
82.437
120.246
123.462
106.683
98.0099
124.948
121.996
104.543
83.1605
99.1011
99.2759
113.481
104.107
74.1919
124.774
103.547
76.7671
92.2629
106.175
98.6145
90.8076
85.0341
128.085
82.6594
109.225
90.8669
96.9194
107.012
86.6533
92.3794
100.441
95.5289
90.5514
89.1325
92.1361
66.1907
93.9556
88.7717
126.572
90.1252
77.3017
111.222
115.572
88.1614
93.8162
106.793
90.8983
116.333
113.295
123.341
90.6909
105.549
104.529
113.024
102.93
102.813
112.73
145.767
115.23
90.1154
100.072
112.015
103.417
117.817
102.453
105.402
102.94
111.795
105.938
130.666
83.9737
94.0889
108.703
102.214
117.623
123.106
102.088
106.864
113.195
79.5982
71.1371
92.2278
90.8922
94.3342
102.832
99.2837
109.414
97.2708
102.561
118.15
109.223
116.238
102.871
121.965
89.627
111.748
100.88
99.9063
103.262
102.834
122.968
119.373
92.1654
107.878
93.0368
132.636
99.1724
114.135
106.182
90.3717
118.516
98.594
90.666
98.0377
106.473
86.3286
100.069
93.4051
102.258
100.373
116.443
75.8932
122.658
85.4063
117.716
86.3444
116.231
135.478
122.497
144.085
115.31
116.643
84.1158
118.681
113.462
110.889
104.52
118.711
105.192
104.67
110.314
89.4828
101.6
92.911
94.6159
101.07
108.536
97.2553
119.477
113.667
103.72
91.4242
90.884
102.18
93.514
107.174
96.4218
112.745
105.245
94.8187
110.802
126.301
94.1831
91.3404
107.806
92.7865
79.3991
129.034
101.565
110.79
110.28
95.5465
96.6717
91.4928
108.619
91.176
114.759
86.6454
106.663
92.3042
109.078
84.8259
72.5614
85.2768
97.8407
102.402
107.684
97.3515
114.69
125.131
107.583
100.92
115.813
91.546
106.639
132.355
91.7835
117.976
110.621
89.703
83.5193
109.675
85.0488
116.543
115.22
76.0467
78.5699
97.3006
111.762
99.3193
110.69
116.575
91.0861
128.447
88.3402
85.3745
109.095
117.826
96.5064
90.6861
93.2702
128.149
127.581
118.433
93.0744
109.989
81.8751
91.5539
85.0849
100.633
99.2798
128.141
103.162
106.8
94.4514
120.767
92.0224
102.481
85.8016
118.084
77.8823
100.315
87.0433
67.0408
70.8042
96.0912
94.3031
124.261
84.9464
113.289
97.9771
85.1681
85.8098
130.605
112.292
108.051
117.845
84.304
136.653
91.7145
108.049
94.6613
96.855
109.102
81.913
131.931
116.678
74.7341
86.3593
112.199
92.3141
86.5713
105.394
93.1818
99.0935
113.793
133.054
79.6762
126.83
87.8261
72.7759
87.7836
115.437
86.4326
115.793
109.963
93.93
98.9283
97.2773
114.871
96.3067
113.213
118.417
99.1776
83.0579
99.7489
100.13
93.2114
91.3833
109.568
112.814
90.0262
76.4118
136.214
89.6803
83.1676
101.608
109.532
84.2281
99.8956
88.1523
123.586
118.093
115.925
98.3134
121.238
83.0926
102.547
118.027
84.8508
100.577
83.715
105.152
119.666
114.331
120.8
77.8813
97.742
108.632
96.951
128.203
94.5019
80.4252
144.064
126.513
116.51
120.101
85.7689
113.281
119.493
94.4362
121.622
103.745
122.847
118.273
83.3518
111.695
120.763
108.137
92.2128
90.8853
111.663
117.677
93.8426
115.556
105.225
114.815
83.3008
100.192
120.728
91.1938
100.315
98.5065
114.831
74.0091
125.316
119.757
85.5365
92.8228
95.7994
111.328
96.6743
94.5456
100.483
89.286
126.142
116.009
119.314
88.3192
110.342
84.2532
109.518
77.804
81.2391
91.2242
110.995
91.6698
136.35
106.281
108.672
75.9106
85.7282
109.427
88.9503
103.266
112.057
116.677
96.948
74.2471
107.175
100.067
73.1998
102.092
88.8087
114.108
114.975
89.6405
116.678
112.073
96.5552
104.142
100.301
100.129
81.7979
110.009
105.157
93.0468
103.864
107.994
124.752
90.2472
111.686
86.8552
116.174
96.4048
104.947
88.1665
93.6503
130.483
102.668
91.581
101.258
90.9868
105.966
86.8228
106.59
91.3131
100.659
102.429
91.091
136.133
115.174
95.9784
122.31
90.2151
98.4649
118.117
90.256
85.0175
104.036
97.8369
112.935
89.4727
71.79
104.289
89.3007
117.011
134.767
115.075
120.573
103.598
96.4652
115.179
107.638
97.6751
136.354
110.673
100.753
100.121
94.6678
100.083
104.731
132.341
105.287
92.1179
73.2516
84.6385
98.7096
105.048
134.987
102.921
88.1345
113.513
101.829
92.6328
104.664
114.767
100.603
103.018
113.545
90.2842
113.99
108.533
109.802
76.8516
105.264
112.394
112.994
99.0027
102.333
95.7224
116.012
110.24
89.927
121.527
96.8358
89.8215
114.462
101.244
132.399
104.598
148.566
95.8648
92.1651
115.448
81.5467
100.152
112.032
98.9941
96.4257
142.897
114.978
119.673
97.7541
119.136
115.373
102.94
108.973
87.7542
113.991
98.7701
78.6289
111.649
121.401
107.222
85.5577
117.067
119.498
125.182
113.886
94.1131
101.947
94.246
100.861
129.201
97.7026
88.6323
109.754
120.716
112.941
105.216
98.4613
116.145
120.441
83.0475
105.104
121.791
110.981
103.687
107.81
106.454
118.408
96.8507
97.1054
94.6677
86.0507
100.554
110.36
96.7943
96.621
97.5417
85.7093
97.7028
111.064
126.164
98.5101
102.839
104.41
120.986
115.567
90.3386
96.9508
107.304
101.795
82.2636
104.357
103.195
115.227
86.6431
123.113
130.826
92.5171
96.8731
108.647
138.118
86.977
113.742
86.6292
96.8049
90.8335
112.607
100.931
103.995
88.9614
75.4571
107.148
109.866
89.4331
111.082
96.6129
86.2897
125.011
98.6954
94.5493
84.8861
102.37
122.728
79.4325
125.063
115.94
120.867
104.315
119.837
93.0649
114.581
87.1432
117.788
92.547
100.416
87.5476
107.648
97.8702
139.118
111.621
110.527
87.3933
87.7871
106.609
98.4964
110.578
113.823
104.383
108.821
126.681
99.706
102.581
115.862
118.093
109.409
105.053
92.7999
68.7075
127.256
114.544
67.8728
104.104
98.3838
112.383
105.988
90.3914
103.72
107.668
81.8811
92.9335
86.4705
113.663
123.138
97.8773
123.233
83.4109
118.148
94.9173
120.021
118.235
152.175
86.248
132.318
91.9931
114.678
124.666
152.165
99.5865
63.9697
107.271
90.2262
92.3888
114.87
109.197
108.082
116.547
90.6826
101.814
84.5275
126.854
82.7404
102.697
75.9445
98.3601
127.156
99.2808
97.5375
102.62
89.065
88.6398
91.7668
122.164
69.6295
91.7154
110.652
96.2484
103.882
129.16
87.3261
115.14
107.415
108.522
79.4874
87.5673
101.316
110.536
63.9674
102.542
98.1101
117.609
120.697
82.815
108.788
93.6525
95.708
92.4097
111.085
134.634
136.795
118.25
84.8275
118.362
114.829
99.9763
94.7888
99.1132
134.903
93.7248
105.803
121.009
98.357
119.285
89.7089
83.534
104.818
107.5
125.381
73.0875
92.2261
90.512
126.551
104.713
94.4112
93.1288
112.859
103.082
79.9696
103.669
79.3164
79.3147
74.824
88.8796
92.4568
111.917
145.618
104.217
93.9037
102.782
130.951
91.9396
107.798
95.2285
112.908
106.969
95.7964
107.294
125.338
119.182
119.224
112.603
97.0477
100.573
111.836
105.683
103.856
104.923
100.179
89.8002
87.4624
104.118
75.5304
75.3043
94.7005
111.108
88.1465
98.3055
105.837
127.974
81.8413
106.853
77.1956
114.131
107
91.6943
92.4648
92.0534
111.041
99.0979
109.153
114.7
132.31
104.619
110.514
105.028
103.65
119.869
90.2349
120.697
90.4793
86.1319
108.381
123.59
110.244
88.164
114.345
77.0249
103.069
103.884
123.335
76.7374
81.5576
81.0162
112.376
101.297
116.44
92.1922
108.858
86.2547
128.942
101.739
107.087
69.5555
91.8122
103.577
104.799
103.266
90.6468
96.8419
96.4753
97.2493
97.2376
88.5614
120.235
101.777
123.4
112.828
83.6075
124.929
87.2076
93.2511
103.879
97.9053
76.7951
134.119
115.262
109.062
98.7609
103.831
103.197
104.992
91.5893
117.404
90.2311
103.508
125.163
96.9694
103.47
104.986
109.89
113.079
105.274
106.907
88.6788
72.6484
120.105
101.75
91.2657
90.6032
109.933
79.0165
101.21
110.412
122.556
127.336
142.348
121.307
109.469
81.483
93.3216
80.8219
83.9769
117.829
93.1198
92.2085
103.591
86.0795
85.2053
124.002
109.207
104.212
89.8362
100.591
116.291
101.804
69.7107
71.9213
82.6466
90.3623
97.2351
91.7966
126.117
109.093
85.3441
96.5271
90.696
109.556
126.094
109.309
75.7885
118.345
96.4944
92.9927
105.633
102.731
120.657
102.534
144.474
93.4935
92.0175
116.216
101.054
87.2012
113.785
132.302
96.8836
114.566
97.3206
91.6296
100.883
75.7636
71.0203
97.4015
94.1417
100.687
93.5817
127.544
85.6318
85.383
95.6105
104.565
131.272
93.7502
74.0094
89.045
98.7452
110.824
109.055
85.8962
96.2216
98.5015
113.354
133.963
109.528
80.9572
105.208
93.9697
91.2636
87.31
113.812
124.647
88.8858
98.4125
124.536
125.059
110.375
74.2405
115.136
72.1786
104.815
97.5377
80.4928
96.6692
115.821
98.0329
85.2699
124.425
103.558
88.7711
83.6853
131.47
89.3383
129.977
118.963
109.493
119.361
83.3661
113.465
116.713
98.8734
108.388
94.4448
79.3779
124.018
98.5291
79.1936
101.643
95.4492
92.798
88.4266
98.991
85.6008
150.94
107.613
103.924
92.1662
100.227
127.455
114.796
109.886
115.053
100.393
102.683
106.135
103.007
109.418
93.1434
92.6739
110.763
86.914
117.665
94.2582
122.025
88.7801
112.77
86.1024
101.129
120.663
95.9608
94.0434
104.561
127.585
84.5711
98.1924
79.8345
110.962
101.829
80.3596
112.533
97.8085
88.6892
112.663
99.5779
118.536
85.6171
118.007
133.13
86.8996
102.218
88.1452
77.6397
83.7882
94.4437
101.249
121.601
69.3172
118.676
103.98
84.6825
128.028
114.89
94.1748
79.1907
125.789
115.056
111.432
100.537
104.868
87.9645
102.441
94.6831
109.839
102.546
102.045
75.101
98.0578
99.4217
100.548
78.7136
96.9367
97.8247
140.286
105.124
95.9447
110.347
94.1989
105.169
102.097
121.813
107.03
117.161
109.606
93.0191
92.4324
97.0927
101.175
97.155
103.473
118.808
102.314
132.057
110.574
121.173
99.3588
138.512
113.299
82.9129
109.103
89.0698
89.4014
94.9446
96.9143
72.8202
82.6382
95.5731
103.28
114.473
113.517
107.291
97.3299
87.2671
121.529
72.2178
117.889
103.937
97.2893
101.578
105.168
110.234
84.8078
92.486
102.162
89.949
100.886
112.944
105.082
133.508
91.507
84.1081
112.43
104.919
87.4842
92.6265
124.084
113.539
78.6333
130.96
111.7
109.033
110.411
102.043
110.145
128.899
113.98
92.8265
110.719
113.945
98.2206
78.9914
110.631
113.629
114.844
120.568
87.6137
118.08
78.9387
96.8008
99.3491
107.302
128.917
115.059
97.5671
73.8912
90.2281
84.5828
80.0254
117.95
98.6874
92.2515
77.2095
86.7539
86.9016
115.897
71.7731
114.342
94.2389
90.117
97.0585
80.1565
104.946
98.8548
131.522
126.453
92.5992
131.409
112.381
93.972
130.295
100.902
109.274
88.6563
77.2659
93.2353
104.302
113.267
54.5555
83.8586
87.2803
96.5874
84.825
114.992
104.806
110.984
86.3716
133.119
110.814
95.04
101.863
96.5798
102.414
98.2852
90.0669
101.125
69.9838
119.942
111.231
86.7387
115.069
107.778
99.4808
109.514
75.0304
93.9777
100.492
87.636
97.0917
108.617
105.306
88.6517
93.8292
97.7518
108.919
105.611
85.3012
75.7326
116.012
92.4864
103.899
126.366
90.5233
144.958
117.792
104.219
101.186
91.6255
97.8209
79.77
119.026
73.8413
90.4696
81.8063
96.7731
116.856
116.628
103.537
96.3938
92.21
109.505
111.78
114.229
89.6938
114.855
115.325
88.6848
115.487
82.9916
83.0598
99.4458
90.0345
95.1995
88.0669
94.4547
97.5035
94.8541
80.7877
89.7691
109.981
103.245
111.223
102.941
119.484
92.9487
111.995
91.8144
104.999
105.895
82.0003
106.959
141.947
107.299
102.801
76.8792
102.355
121.093
100.02
108.193
109.375
109.376
87.3425
102.987
108.136
102.628
111.95
99.2642
91.2646
114.902
100.815
83.9242
103.53
85.0324
117.707
119.221
93.0373
77.6929
78.21
95.7996
95.2249
131.322
118.114
130.659
74.6803
101.876
94.7881
114.156
88.9822
95.5297
108.865
89.6229
119.235
139.669
75.7504
106.385
110.432
94.1523
120.848
103.4
92.7746
106.645
111.551
115.183
120.83
109.918
80.9949
139.909
111.03
119.812
84.1956
97.6486
87.1249
83.8825
101.823
107.489
110.82
106.69
94.4904
96.443
84.2424
104.086
108.04
76.3475
105.016
103.511
111.199
118.072
100.748
96.6473
111.577
84.1345
85.7999
113.152
111.118
106.463
89.436
116.355
148.397
110.462
99.1411
121.085
118.145
125.4
104.493
91.6626
112.002
113.572
118.78
108.113
107.972
119.016
102.954
88.8839
98.9696
103.821
132.768
94.6548
124.333
88.4834
68.89
90.6714
129.032
104.858
122.41
131.999
112.438
81.7941
89.8828
94.7533
111.499
91.4255
84.9233
93.8058
96.0284
122.725
109.874
89.5443
91.1775
93.709
144.729
91.2869
115.473
82.2351
100.591
97.0707
116.871
95.7119
73.6157
98.6712
105.768
106.767
111.068
94.7805
105.522
93.3931
88.5646
97.2727
109.312
120.085
92.9116
111.6
95.5311
105.747
102.452
99.456
107.988
116.056
107.103
117.447
106.778
124.254
129.377
96.6486
99.1798
120.876
97.6704
65.0487
111.481
95.5796
102.66
75.3195
118.349
100.806
98.1587
102.857
90.9928
89.4308
110.18
100.087
105.232
121.438
115.243
92.4808
110.113
101.833
119.797
104.647
96.924
81.6475
109.161
109.198
77.8474
99.5304
100.251
100.641
96.9758
112.115
106.888
142.927
72.0717
103.96
106.134
106.316
84.4162
117.922
86.5245
102.495
98.9633
111.721
98.0457
117.627
107.065
94.0179
117.625
97.1177
100.625
116.992
133.664
90.984
99.7986
83.2512
106.627
77.006
131.367
106.412
115.799
110.198
93.6333
105.016
107.483
88.4168
103.158
102.302
122.463
100.891
101.505
98.0381
87.1941
83.7664
116.769
101.155
106.969
125.459
114.375
101.211
97.6765
96.8987
78.1056
78.5647
109.44
66.6282
131.779
87.6293
100.281
109.446
118.054
112.625
110.347
112.229
104.086
122.401
115.534
80.6136
119.317
105.919
112.85
88.248
108.348
99.6682
88.1479
86.0454
125.708
116.356
127.895
108.008
98.5717
108.958
104.409
108.175
94.8991
74.0534
113.106
93.6656
99.5696
81.9304
105.342
112.206
77.2783
92.4666
108.497
98.4339
111.266
111.761
106.852
80.2854
91.0058
104.15
108.579
111.419
119.982
105.774
102.501
83.1034
74.9941
106.186
73.5597
92.3743
102.936
68.4176
88.0641
93.8837
113.685
94.1691
83.4848
85.5714
136.188
107.3
112.884
122.341
107.025
97.0962
93.1714
90.6389
120.263
79.2214
89.4433
86.4797
113.1
107.032
115.72
122.13
105.48
79.3986
114.482
86.9968
103.148
139.318
123.467
104.592
80.9396
117.238
92.7446
100.852
116.812
107.169
76.7935
115.417
92.8058
89.1792
98.9339
103.832
77.795
90.0282
126.595
134.229
139.277
112.623
79.1859
119.59
87.3099
108.77
78.8621
98.5548
129.3
92.9508
100.969
103.865
104.641
86.5616
85.6745
97.8379
91.8896
84.2462
132.71
79.5197
101.936
83.2394
115.142
86.2114
109.391
113.188
105.48
116.415
105.943
86.2842
138.766
85.8284
119.702
94.3545
110.985
117.761
124.372
115.511
95.0735
124.238
106.25
96.4173
121.656
80.2532
91.2975
72.5929
109.233
95.812
90.5301
110.253
121.581
105.796
103.459
97.1762
116.262
96.095
89.7815
124.853
84.4978
108.619
128.308
132.473
101.686
73.0771
111.902
92.5139
91.2263
81.2683
118.938
94.0633
92.7492
97.7979
98.0101
100.526
126.502
138.652
103.164
100.153
95.5196
95.9039
93.5399
101.088
94.9089
105.413
96.2066
111.658
98.1842
100.962
92.4499
90.0237
111.978
80.6525
102.179
111.985
111.92
72.616
112.014
88.0553
131.139
96.5814
98.787
94.4696
86.248
98.6105
102.88
101.18
99.8731
103.79
102.642
94.7856
109.232
88.3555
114.543
103.157
95.5867
100.042
86.1199
96.6359
80.9658
88.9395
82.7557
100.508
81.8672
113.512
124.164
118.116
114.475
98.9419
113.751
109.613
97.5005
97.63
103.291
100.389
117.745
94.611
130.474
110.226
93.9118
81.3563
112.895
89.6064
100.32
112.294
102.489
100.347
101.32
118.235
103.225
90.9571
95.4132
101.532
88.896
102.921
92.0484
102.078
99.8027
108.634
92.7427
93.7789
77.3018
105.084
112.198
89.8971
103.377
99.1525
83.8233
93.6719
114.999
118.791
78.0241
111.168
95.15
70.9024
90.6463
106.887
117.178
105.16
68.7977
145.579
129.49
115.309
113.017
76.514
107.606
87.1765
93.3009
111.503
99.4739
84.9699
108.168
125.919
85.9453
107.156
102.659
77.2926
102.889
118.179
109.446
70.4139
89.567
129.733
100.39
82.3353
98.7693
110.663
91.0497
94.9555
107.05
96.7015
97.1514
121.071
87.7612
94.4135
110.638
86.2859
121.664
104.682
103.685
133.702
110.239
90.6182
86.888
99.5039
81.4485
95.6238
126.396
84.3552
96.3693
91.7521
93.8511
91.7067
95.8354
107.14
98.8689
83.4999
88.2148
90.8103
108.232
85.1282
90.7649
93.8135
143.657
89.0759
111.93
120.574
122.521
96.4566
104.644
88.8056
96.0738
89.7789
103.349
125.372
97.3648
102.481
97.4795
108.831
112.755
112.242
86.7915
88.436
101.797
100.273
94.2872
95.139
112.203
107.739
111.792
80.9126
89.614
107.426
113.606
82.7556
104.397
94.3795
90.383
122.211
129.682
102.834
116.115
103.482
92.4565
80.5522
110.209
115.858
108.029
114.242
102.985
119.547
105.074
123.711
94.2589
103.466
108.753
95.883
101.354
118.336
119.445
121.121
99.1706
96.0491
60.3068
86.0635
109.392
98.8187
89.9383
116.7
100.452
116.871
112.882
116.432
81.5617
129.68
139.008
114.301
98.65
95.9903
102.438
108.385
81.5445
91.3078
108.61
100.867
102.51
108.492
87.479
114.048
86.2378
102.867
122.566
84.223
91.1513
92.9382
114.58
114.293
96.0186
86.9394
93.8385
139.336
103.958
74.8906
113.603
110.2
94.3017
77.5755
91.595
108.169
106.799
77.1429
124.883
95.4033
111.696
93.2213
91.018
95.7635
99.8189
109.974
87.769
128.855
93.8544
93.097
110.52
108.529
89.7739
101.276
112.945
82.1328
83.9293
107.18
92.142
125.673
106.275
89.5562
117.573
100.463
98.0581
102.546
100.491
128.917
93.0805
121.637
97.7183
113.249
112.785
101.08
92.8312
108.275
94.1211
122.031
71.7952
110.574
108.758
96.6368
110.924
102.032
133.516
87.0012
93.7232
63.3723
110.759
100.278
80.3039
118.206
102.726
99.1687
93.9897
105.597
121.754
86.0548
116.041
78.8691
101.862
110.729
103.411
123.425
121.458
81.8223
126.26
94.7
109.222
88.1809
82.145
121.54
103.846
117.785
84.8735
111.65
127.48
116.954
96.3361
99.0861
93.5246
87.4649
110.856
125.238
102.497
86.8684
103.809
91.6322
85.6236
103.986
91.7023
106.893
111.293
115.352
116.14
88.3507
101.519
96.1131
116.916
103.146
96.6678
79.6879
97.0852
100.389
107.644
111.896
110.865
100.203
85.4147
93.1519
87.7096
67.6342
104.999
103.425
93.9554
102.186
115.573
83.4354
84.777
83.7296
99.356
64.9044
81.3895
111.398
96.6911
82.8073
93.2534
91.2295
102.581
102.283
115.453
113.241
117.813
96.984
116.783
91.1467
99.1566
87.2127
106.582
119.538
128.716
109.396
86.545
109.124
124.067
97.0287
112.004
140.064
114.09
108.973
98.1205
81.6239
141.425
93.9138
133.873
101.839
102.286
104.44
107.978
102.715
113.29
104.858
90.75
132.905
89.8303
119.474
90.5383
105.397
116.741
92.4885
104.123
144.554
104.511
89.4377
108.272
103.962
105.731
95.5667
92.0404
108.097
97.9515
82.9408
96.2674
108.326
111.629
93.6741
95.198
90.4291
89.4138
98.6133
104.009
94.0266
84.6687
100.788
84.6358
88.8043
94.9021
122.644
113.135
83.3778
82.5536
86.0363
142.712
112.116
117.034
103.867
97.7629
132.506
84.7204
96.0756
76.8922
101.885
97.319
89.1938
121.798
151.369
118.66
119.438
93.3952
108.225
78.0476
104.185
126.79
74.6582
109.207
105.981
137.78
91.9163
91.3399
104.468
83.8883
85.7592
114.762
88.2695
94.7592
126.63
73.6593
106.753
111.4
92.8503
124.496
111.976
101.293
130.799
78.0895
95.311
96.0384
111.797
94.8667
62.97
71.4046
87.4163
94.1958
119.612
107.648
85.6104
128.124
100.108
91.6589
68.0951
100.76
93.7658
88.1429
83.5522
108.122
96.9665
76.8373
90.9538
124.717
89.5599
111.618
101.605
95.2802
87.0116
108.391
101.086
93.9007
121.912
101.558
119.762
81.5652
121.121
93.4211
101.796
100.291
142.126
99.6018
97.4876
97.8654
136.701
100.539
103.713
100.568
113.089
120.638
95.8451
82.2109
94.4023
82.0945
86.3519
129.998
85.3751
97.4011
76.5925
114.287
109.707
93.4513
113.236
98.0876
93.8975
100.407
102.189
133.507
128.224
105.182
101.728
114.649
91.9314
76.6047
102.663
115.487
100.008
100.536
100.559
122.921
105.403
102.113
94.4648
112.048
105.341
114.559
95.3861
104.58
90.6743
69.0373
95.2508
109.369
111.06
94.1361
95.8354
80.2697
103.666
107.971
73.1263
77.7228
110.305
110.477
101.477
135.63
104.403
95.3846
98.5248
92.4211
76.8086
130.342
108.3
93.4713
100.596
108.991
65.1669
112.723
95.5488
115.564
95.0358
111.783
103.026
104.992
90.2431
84.563
85.9104
87.4159
95.4522
101.863
121.774
96.9044
128.868
86.8911
87.5225
107.034
84.7512
94.31
95.5851
97.4944
99.1178
98.9092
95.2188
112.396
95.3284
113.496
89.2252
112.832
86.7084
97.6659
117.838
104.21
103.762
84.2823
97.1749
109.65
94.0114
92.83
99.0912
95.7829
89.7408
108.743
99.5317
112.188
88.3242
109.448
112.501
102.517
96.2573
114.911
90.6834
113.205
106.504
81.9859
113.022
98.7212
109.092
96.5687
89.347
99.4078
119.977
139.079
104.086
106.789
118.859
113.123
114.071
95.6156
84.0553
112.488
93.9741
125.193
102.885
91.9639
103.854
114.55
112.408
82.784
98.6718
99.7786
69.2659
97.8778
100.489
94.5898
102.144
105.015
89.8807
102.219
90.5633
78.5457
96.5539
100.267
107.524
124.009
121.374
113.209
134.341
85.4794
94.9861
95.6009
89.886
104.535
96.1078
136.017
100.976
88.5023
88.0344
103.462
118.925
106.83
112.444
115.936
116.795
101.661
98.5712
93.0013
112.188
92.9965
113.463
93.0736
115.449
96.6698
86.4214
88.5068
111.199
112.677
121.555
114.337
117.142
108.289
118.885
104.876
101.923
91.91
86.4825
118.381
95.2284
81.1739
93.1091
105.313
118.659
122.724
106.358
113.157
99.1645
113.806
116.309
96.5803
101.43
89.5756
109.706
102.703
99.5579
95.5775
100.294
105.745
94.1094
96.1591
118.175
82.1266
106.15
88.502
82.125
92.8846
99.9069
103.026
124.47
83.4988
104.809
98.2655
79.8046
106.17
105.715
93.9773
112.529
105.182
115.462
96.6164
81.0338
107.79
130.365
99.9778
118.853
95.8961
103.517
95.9343
75.1094
102.571
112.86
99.366
129.194
129.635
75.0014
97.5831
119.589
89.0877
108.759
93.7796
102.221
119.018
133.741
88.4315
131.689
112.838
95.9523
122.094
108.589
119.133
111.735
102.567
97.057
74.8344
85.4504
94.5915
101.591
96.136
119.779
115.424
121.183
100.903
102.424
92.3684
97.5863
84.5808
114.608
104.776
85.0628
89.6657
117.177
103.626
98.5812
112.047
88.2596
90.5843
95.2292
93.6883
118.724
115.507
104.871
89.3978
83.0711
93.1377
95.0591
123.428
97.8183
95.116
87.1672
105.599
112.837
101.624
101.074
98.8675
93.0637
89.5043
104.82
86.223
80.5418
136.24
104.308
89.5444
89.9938
73.9178
101.137
82.7112
96.695
115.669
92.3684
91.1535
101.936
106.931
96.7147
95.5539
79.8176
88.5972
79.8962
84.985
108.551
92.6706
114.914
119.914
80.3812
117.641
101.996
100.606
86.0581
95.8347
99.153
96.2781
101.98
99.5861
87.8893
114.905
108.776
97.282
96.138
93.495
79.4492
106.388
88.0582
127.953
75.3751
76.9389
100.245
107.769
91.5417
97.6956
95.2591
103.476
86.4726
123.241
100.435
89.5273
86.4707
84.9011
112.294
136.868
81.2217
113.664
95.7513
100.735
108.988
103.649
84.9172
114.313
80.2892
90.3355
121.664
84.6918
107.489
104.584
111.579
106.773
99.8424
103.368
112.655
95.8716
122.637
110.898
123.954
76.236
84.4539
109.702
119.149
85.5582
117.55
97.0931
119.433
86.3577
123.284
85.3441
86.8947
98.3106
110.536
136.999
112.968
87.2918
83.086
90.86
97.8788
110.335
100.671
90.2806
108.421
96.2355
109.126
125.58
91.2953
115.723
98.7979
104.047
117.1
101.015
133.18
108.838
109.556
118.879
126.838
106.255
102.049
119.761
97.1882
98.4162
98.2107
91.0929
108.105
134.478
81.8568
116.119
106.894
100.478
102.936
92.8446
82.2269
111.173
100.685
75.8701
113.172
118.699
104.808
115.395
86.7697
100.052
93.156
97.8745
102.187
80.983
107.017
114.856
130.358
105.929
101.687
73.2869
92.1932
100.748
99.5522
109.975
126.804
109.408
79.4627
93.6379
72.9183
95.9125
95.2143
101.289
101.833
101.832
121.988
108.58
104.18
107.95
130.682
113.726
104.702
97.4668
109.925
102.91
116.659
94.6456
100.63
86.8647
144.512
105.683
110.838
95.8137
102.833
94.3183
91.8892
99.5301
89.0653
104.319
111.794
98.9152
108.878
97.4706
108.385
110.808
86.0099
71.6706
110.708
109.698
88.5425
126.631
96.1815
118.537
98.7645
104.562
96.4763
101.474
107.648
93.7562
98.7554
99.5094
83.5809
118.23
128.576
101.358
99.9042
82.4515
86.3089
102.631
78.1873
89.1294
90.9501
97.7747
83.2664
81.115
89.1975
91.4342
106.051
106.452
115.216
114.96
97.7099
95.7442
77.8462
81.6639
119.861
102.898
124.824
88.5699
117.84
113.783
92.8685
92.3669
101.687
97.4081
89.6126
129.232
117.229
97.602
88.3141
115.731
85.5037
93.0836
71.5537
114.236
145.185
125.848
104.03
99.3642
110.827
101.875
104.77
88.7571
112.792
104.113
121.587
110.514
115.578
85.8831
109.669
112.832
83.9457
126.632
104.31
113.444
92.8243
101.661
96.5186
100.363
105.345
76.3526
90.5132
98.4467
96.555
112.818
91.9569
114.029
134.457
98.9759
121.425
108.613
79.9402
115.107
120.629
113.921
125.742
72.3012
84.2736
113.398
97.8334
90.0115
114.526
94.894
112.782
124.112
124.78
88.2943
100.345
109.35
95.3023
122.658
109.129
91.5807
99.2374
107.499
87.3961
110.518
103.876
103.841
86.245
106.044
134.811
89.8758
108.606
106.555
99.8083
107.123
93.3021
112.703
110.398
101.834
68.8958
89.6813
104.325
97.0105
107.082
88.0058
112.025
90.4664
88.2968
82.302
125.8
112.336
128.973
102.721
91.6208
100.78
109.502
115.186
105.958
113.823
87.5674
88.4496
99.2746
100.81
103.471
111.82
111.957
112.91
102.202
125.703
106.18
110.617
102.007
83.4692
125.173
105.315
102.449
104.153
111.522
90.0297
91.9733
115.358
103.642
90.3422
100.881
147.109
96.4215
93.9409
108.16
131.125
102.452
115.539
80.0309
112.284
96.8518
106.63
98.5235
95.5284
89.8413
116.244
79.5554
88.6032
94.7049
95.7069
107.717
111.532
143.122
107.994
85.7629
88.1131
95.9472
129.29
78.5778
93.6419
110.824
100.608
114.642
93.1294
113.852
97.0676
94.6552
99.0667
89.9632
110.125
88.342
96.6721
82.2969
91.7125
85.8256
88.7492
110.657
88.8493
89.7681
84.2181
86.9215
133.146
95.9678
94.813
130.175
80.7513
98.6541
96.0768
116.976
105.596
114.233
71.0824
112.611
107.53
99.4981
101.365
106.704
109.589
121.997
90.1598
94.0638
86.1134
94.6309
129.671
104.25
94.0621
98.7506
114.078
99.9127
142.728
105.173
98.555
106.96
72.6323
93.8237
104.237
96.4531
130.018
116.703
111.046
85.5712
111.86
78.169
117.516
76.8501
124.657
82.2959
98.9231
110.238
86.6556
84.4967
121.169
83.9407
132.612
116.755
111.074
117.471
99.349
94.0077
90.5702
105.395
87.2653
89.7903
100.81
122.331
97.9927
113.282
112.381
97.9757
79.4326
102.075
98.5335
103.171
112.112
93.2429
84.1747
89.6517
108.964
89.3822
80.3938
102.983
94.2149
113.692
84.3203
110.6
124.997
92.4579
86.0555
82.6507
124.267
140.675
102.922
108.581
99.808
92.9523
111.671
122.469
110.482
121.804
115.384
98.1189
113.355
100.181
85.7715
115.893
113.954
100.369
103.199
105.092
110.873
72.9013
116.389
79.6717
107.837
117.249
96.2422
116.386
113.26
81.343
90.0741
89.9007
99.0106
108.863
70.5623
93.4269
100.229
102.717
100.571
94.6174
91.9474
100.283
92.1665
114.535
109.029
107.343
137.929
113.76
70.7165
112.569
118.987
114.213
110.468
99.085
113.065
111.947
88.5075
93.1172
93.5188
93.3457
110.833
99.3976
103.488
95.8029
126.274
105.434
86.3368
109.824
103.001
115.863
108.979
83.8315
97.0362
109.183
84.4044
92.5302
103.348
109.859
120.551
93.1909
75.7738
99.7617
103.224
118.735
122.9
84.0531
127.898
111.602
106.854
106.269
97.3197
99.2351
74.6021
84.0252
134.703
107.117
147.098
89.5611
107.526
94.9001
91.6725
90.2585
80.0742
80.315
116.685
100.809
117.991
81.7949
96.5501
103.045
123.257
105.286
92.0135
91.9432
88.4278
114.486
95.5311
89.7413
84.9131
116.225
88.3882
91.5301
98.0513
114.069
124.559
85.2941
84.3958
79.5593
111.998
122.778
101.661
111.543
109.645
104.378
79.1706
105.109
101.54
108.564
84.6978
92.5375
121.191
78.8706
93.9934
97.1012
83.4544
127.561
118.618
110.445
113.013
90.3935
116.883
118.969
99.2724
87.5723
112.016
78.2691
110.68
99.9558
96.4001
103.243
107.061
93.7283
94.482
96.8443
80.7454
103.083
82.098
103.193
95.4373
105.755
137.479
85.874
90.8772
92.8409
104.403
102.927
89.6451
81.9171
94.8637
103.87
104.079
119.303
98.9706
93.7663
77.7292
87.3963
138.249
124.264
97.7634
123.604
80.6287
88.9072
110.305
111.956
122.692
111.579
114.572
81.2929
115.449
111.552
115.777
94.9986
101.901
68.6037
92.6688
109.541
107.141
104.926
117.889
79.5172
95.3793
102.648
91.405
152.664
127.577
85.4197
63.723
100.441
87.2963
88.7575
82.5706
94.2698
61.3302
121.999
106.852
91.2758
103.104
101.372
109.726
78.0255
102.327
93.7121
104.405
94.5616
95.0573
127.529
90.7112
107.282
91.3761
101.731
123.948
89.4136
108.905
102.808
88.489
79.4858
84.1438
80.2782
78.2135
109.466
111.884
97.0048
110.772
92.1819
119.395
101.031
109.725
89.8991
96.7627
118.27
99.3323
94.6171
106.527
95.1804
98.5787
112.55
80.4208
63.5682
100.367
82.0514
94.7756
96.3493
100.248
113.576
101.013
111.583
89.9615
126.709
98.9629
99.9027
89.1795
83.3739
90.9574
89.3349
108.747
118.739
108.26
95.1289
112.544
128.597
100.499
98.5432
114.949
87.4417
71.9356
102.481
91.4406
139.005
126.436
98.9616
120.152
113.091
92.3074
121.247
97.7017
102.597
87.3372
116.689
83.5424
93.6532
116.133
127.735
74.198
93.3757
121.571
92.0905
91.6306
91.314
112.043
78.6052
116.19
97.8401
104.359
89.6654
140.73
78.6472
87.8376
103.99
108.387
115.712
106.631
105.247
104.493
90.7142
102.345
95.7689
111.636
89.6364
109.278
122.14
92.6812
102.607
105.641
79.6489
104.098
96.4369
135.681
88.9009
92.6056
100.626
102.333
93.4505
99.7552
99.252
106.947
114.968
87.8096
94.5675
110.867
100.289
123.808
123.18
123.947
86.1716
120.793
77.5268
103.442
73.0063
101.082
112.187
96.362
81.1426
91.4044
112.182
87.0439
117.531
108.83
75.6835
147.15
93.0982
122.84
102.486
93.0483
96.5737
93.5294
106.453
94.9213
79.9361
105.566
108.205
108.957
141.718
83.3658
104.645
100.306
88.0923
112.002
88.0451
112.413
110.305
119.591
80.8469
100.335
123.181
103.951
94.825
101.508
112.956
89.1706
117.365
120.457
111.026
90.9426
114.562
87.9877
86.0558
107.605
70.4943
122.641
78.3423
83.3309
99.4084
91.3918
88.6459
93.447
98.6464
94.2775
87.4418
120.053
95.558
96.6496
90.0667
109.444
132.904
103.468
84.4093
80.4651
85.725
87.983
118.123
117.596
103.508
97.1374
92.7395
97.6214
83.0386
108.428
113.631
125.885
115.843
95.6436
79.799
111.566
106.232
130.393
115.443
114.813
111.478
66.607
118.511
101.966
77.9448
95.8571
101.663
117.493
97.1366
96.3954
94.0125
109.347
75.9139
89.2207
88.4316
79.2469
98.9519
102.585
112.678
70.5589
129.744
92.5434
97.3934
114.916
100.042
105.828
92.4404
119.655
107.548
104.727
85.3857
90.396
97.5045
114.122
111.044
114.02
80.0747
102.855
121.321
112.913
91.3301
114.724
83.429
90.5092
123.475
83.5763
79.6316
118.11
106.612
128.416
93.0296
115.382
92.6374
71.0654
91.2245
124.017
88.3267
107.451
95.4723
115.344
80.2185
113.323
95.9026
105.435
85.4029
96.7641
103.318
79.3662
121.245
98.3815
121.82
94.5806
89.725
103.949
97.3277
135.945
89.344
104.176
89.1807
94.7592
89.0628
93.1902
118.202
95.8364
120.547
91.7805
126.684
103.104
96.2094
98.9924
104.257
128.668
100.889
90.6617
131.987
153.722
115.358
117.401
81.0911
109.377
143.398
92.9586
102.104
88.7727
94.5249
70.1324
99.0486
98.1308
98.5728
85.3716
101.435
93.5837
112.618
90.2158
136.038
93.3795
101.568
98.8373
102.303
118.256
103.54
112.357
103.404
85.5403
98.7777
115.283
115.318
102.716
86.1267
94.9816
120.949
100.382
98.0065
94.0066
113.331
116.785
122.274
122.974
96.8667
87.823
101.043
83.2026
116.64
112.3
93.8593
107.571
107.905
119.777
105.34
74.3741
104.197
81.7224
104.49
107.081
89.5677
89.3155
83.7108
109.761
99.7709
108.533
101.193
101.017
88.3262
84.5207
100.842
98.5206
102.592
90.4308
99.6105
95.3406
99.3671
88.874
97.7577
108.484
130.448
79.9673
101.624
107.339
91.478
89.9618
92.786
65.9451
97.0018
119.594
86.7012
104.941
94.6134
105.416
89.9939
91.9794
110.152
94.6347
82.4431
68.3414
111.696
111.927
96.3572
106.25
119.794
93.209
72.7744
120.142
111.828
83.001
99.6918
80.1221
101.563
105.562
155.078
96.7082
119.451
101.776
112.173
92.9352
107.437
90.824
88.9832
110.707
131.788
92.2779
112.61
111.961
90.7255
89.5873
94.1058
117.668
78.7963
120.431
107.079
69.4714
114.314
92.9722
85.7014
92.7207
107.94
89.6075
71.3202
97.6227
85.496
98.3145
109.643
139.413
88.915
117.945
76.7248
98.8361
127.188
90.8665
92.5481
105.031
109.456
98.0272
105.314
98.7484
95.9546
105.524
91.0859
118.479
108.625
117.401
96.3393
87.0794
116.597
92.1387
117.719
102.049
100.251
81.2534
109.01
103.407
84.5531
105.377
96.9544
92.9835
81.5436
112.217
100.82
115.131
99.1436
93.0249
102.452
109.2
109.938
127.066
90.1974
91.9758
124.747
101.246
128.215
94.6826
94.8208
97.0106
119.519
101.162
84.5506
88.739
90.2005
98.0115
93.0009
84.866
113.449
98.4384
70.9908
104.467
105.464
118.502
91.0819
80.6413
110.022
91.0552
108.389
88.0442
82.8576
94.2074
93.7645
118.986
101.733
125.856
72.8985
137.087
102.576
83.5521
95.0675
97.6099
105.561
83.4147
104.178
135.468
74.9615
105.49
107.523
126.769
100.67
80.4729
86.2292
119.885
100.863
104.009
114.692
78.9481
106.018
143.364
105.795
105.952
97.9034
99.4255
87.0287
90.88
87.1787
91.3824
98.4854
120.413
103.19
107.181
106.99
91.2135
81.3247
130.739
111.698
107.893
91.9221
87.4058
74.6415
89.5447
88.3382
86.6119
83.7691
120.071
112.823
84.6255
91.346
104.182
99.0332
113.779
91.215
91.2352
83.9084
84.4189
99.8352
83.0485
115.965
99.7241
114.068
115.137
102.102
103.619
101.109
106.957
72.5499
101.353
90.0054
89.1903
95.7386
97.7031
77.3801
121.37
99.6692
110.37
91.1033
99.3688
119.751
86.8552
127.039
105.921
86.6498
90.3738
106.141
98.796
100.545
108.031
94.9454
82.3157
123.403
87.6416
116.83
141.146
83.806
83.9829
102.248
102.383
93.7603
95.0172
121.454
92.1698
88.1324
85.5809
108.85
109.35
113.29
108.656
73.1524
84.4973
117.39
90.2053
106.957
94.3664
95.1394
82.167
111.513
101.244
61.6938
123.076
110.432
84.9263
100.03
107.137
140.239
72.4699
110.818
94.5188
137.804
108.972
111.846
103.274
107.146
101.19
122.914
98.4265
90.2775
90.3661
92.4443
107.504
82.6504
119.408
107.908
104.8
71.9573
117.518
92.0457
87.1442
89.1132
85.1561
112.754
93.3297
116.425
77.8263
89.4908
91.9621
110.408
93.8529
96.6207
114.378
94.8465
76.9634
115.718
84.4874
131.24
107.568
89.5817
93.9094
102.465
135.536
107.95
127.086
122.174
74.6517
85.2971
120.191
111.534
97.2448
90.9315
109.327
97.0488
104.966
130.499
90.9195
122.159
101.016
114.436
74.7738
117.892
131.61
102.173
83.9146
91.2522
85.7545
88.0445
115.197
111.058
127.417
108.189
101.002
128.473
135.484
144.483
98.6519
107.357
87.8626
106.881
125.369
71.5191
104.187
96.2087
102.996
118.528
99.251
100.083
86.3825
116.472
78.8881
87.811
103.424
98.972
104.486
85.9983
113.487
105.975
117.03
132.789
106.997
95.4844
87.6756
89.5395
67.2365
84.9045
116.562
86.1906
92.2698
86.9167
97.7229
88.86
117.129
99.2229
85.1077
107.856
82.5826
107.807
83.5004
95.7353
118.486
93.2072
117.287
88.6429
93.6747
93.2526
110.774
82.1488
105.149
119.191
98.4691
108.749
84.5984
123.554
105.22
101.448
125.727
80.6862
85.0832
96.0992
116.977
83.6274
121.029
127.389
97.3418
86.9983
86.7855
113.22
90.633
84.1065
96.4976
108.682
112.514
119.196
97.0676
96.4731
90.043
113.885
93.9617
96.9234
85.6429
94.6992
98.0946
84.6971
94.8267
112.844
126.838
98.8292
106.072
124.674
86.4235
83.2633
78.448
110.664
108.277
82.8601
124.855
89.5356
89.7173
131.985
119.79
88.6793
102.533
122.854
91.9328
99.7788
94.5977
112.209
90.9919
109.276
119.586
113.653
93.598
111.208
122.208
107.235
77.6731
87.5958
80.0571
112.433
108.234
93.3581
90.4736
85.2856
92.8078
96.5357
112.023
69.3044
90.4475
120.232
94.6043
83.4526
80.4108
107.506
93.1561
119.471
80.2434
92.9643
93.1961
92.0873
106.08
128.625
127.819
78.0457
101.981
108.593
83.1796
107.061
118.106
88.018
82.9381
141.707
114.402
91.6243
107.348
118.329
136.445
123.942
94.6817
87.3351
113.267
82.3046
111.206
88.5577
96.8222
96.3115
98.9313
91.2131
100.672
104.853
107.601
87.8368
105.057
88.2559
97.5386
107.877
101.694
112.94
95.5495
110.788
97.721
93.1983
119.461
88.3808
109.774
84.095
120.381
110.493
99.1618
111.297
98.8453
85.8492
93.0731
94.0721
118.112
84.0845
123.303
93.2128
104.683
92.4038
107.698
97.2012
87.4267
107.019
87.7671
91.579
73.5988
110.823
127.927
90.6945
89.174
98.6722
109.384
82.884
99.3672
95.1158
95.195
123.293
100.318
114.228
122.745
97.9828
105.924
111.55
119.249
88.242
110.574
92.3907
82.8471
97.0326
135.996
114.04
74.3197
123.577
126.942
113.65
123.85
86.4684
102.702
96.3594
122.299
99.251
106.594
118.163
122.558
104.988
117.597
92.6516
107.798
102.359
116.633
96.4477
97.0524
97.9311
89.8949
83.3988
103.57
90.8398
96.5471
104.163
90.6698
105.533
103.41
120.867
133.904
76.6791
94.0275
97.8095
106.468
93.6823
102.368
115.715
93.3108
110.613
111.775
111.046
80.0177
97.3314
98.4422
84.9204
114.984
93.6309
116.005
109.608
85.9132
95.8174
100.636
93.95
83.0565
73.4054
116.632
119.083
126.723
87.1378
94.1683
151.276
92.0575
87.9133
98.6626
112.011
80.7312
106.673
113.691
71.2572
94.6394
138.619
134.832
101.818
87.5194
92.4011
87.5801
83.8566
112.168
89.8215
113.522
115.02
93.55
92.5595
94.5788
129.949
103.879
101.367
116.386
128.618
135.745
95.1731
110.264
122.08
108.275
105.021
113.023
112.273
85.8467
91.1382
101.4
93.7522
92.2689
90.1752
103.509
108.673
125.16
96.017
99.7729
128.855
95.6976
104.353
100.454
130.05
85.2284
108.368
129.592
105.834
78.2959
112.956
89.2107
140.497
94.6662
99.2665
115.635
92.3619
128.086
95.2707
105.327
90.4343
120.303
87.8667
117.537
113.956
88.3181
120.421
93.936
100.822
132.837
91.0415
77.6223
121.207
123.983
89.6546
94.5437
98.2723
115.213
79.8884
107.81
85.7868
104.693
91.8562
96.212
103.115
99.4998
103.542
98.2576
91.0392
113.701
89.9985
112.51
101.691
90.0605
107.345
98.1045
98.8297
93.666
149.705
96.8719
94.6781
60.77
89.8377
100.343
130.847
83.433
84.579
104.999
84.7046
107.553
90.054
86.2321
131.73
121.61
79.4207
94.6725
95.206
95.7233
91.3708
133.788
91.7008
80.3958
111.613
95.7444
112.751
92.5374
67.389
97.5589
105.511
109.06
98.1324
73.9464
107.358
99.1543
82.8431
133.138
102.422
106.889
89.7929
65.9342
105.59
110.667
106.387
104.995
106.515
92.9063
105.96
79.4316
101.843
107.244
97.2411
88.0379
109.692
96.8503
84.8609
96.5192
90.3363
94.8914
116.832
72.961
109.215
120.102
111.879
102.437
113.958
105.922
119.974
118.543
93.8325
106.033
85.9471
80.6443
96.534
99.5977
86.292
115.341
116.519
114.217
107.797
74.8923
117.841
99.6264
83.6113
99.1498
100.408
84.6935
115.994
101.768
96.2964
100.4
100.932
97.5382
116.742
86.7907
114.693
102.323
109.986
107.03
98.8284
123.12
91.539
84.5614
103.896
118.498
90.674
117.357
108.096
71.9181
87.6119
103.938
89.6014
99.1263
98.2074
104.621
86.0514
80.3789
110.582
98.2977
81.4847
116.455
103.067
86.6487
105.556
89.3148
111.327
92.7451
91.2254
94.4198
104.564
100.667
88.3406
83.181
83.7088
117.92
94.3925
107.865
101.398
83.2684
126.214
85.0381
134.284
94.989
101.604
94.5311
105.516
103.572
78.9924
108.601
95.4097
99.6206
117.763
124.22
95.6639
103.366
100.619
93.4657
97.5746
113.829
89.8768
121.872
101.668
91.1274
112.964
96.4145
102.091
122.676
81.3604
94.5263
107.884
79.604
105.305
116.546
114.066
112.913
116.384
80.9623
109.572
99.658
115.152
99.6091
93.2863
141.327
138.335
97.0929
91.0945
83.9432
113.984
91.5164
117.946
128.501
113.803
100.876
107.432
137.779
124.256
94.9527
111.625
113.212
116.15
106.75
109.477
80.3834
107.554
95.6578
109.347
118.524
101.424
115.592
151.242
111.82
83.9596
121.147
94.0553
83.4481
90.8482
85.9355
125.422
116.672
127.746
98.5961
139.193
96.4947
102.729
100.435
117.204
115.794
95.5775
124.975
91.1988
106.359
101.994
81.8177
87.5794
90.3684
85.911
106.134
104.558
70.9334
103.976
127.486
99.2107
89.8442
115.907
106.277
97.1232
124.179
93.4752
83.4243
119.098
103.177
92.6345
100.75
122.408
88.1627
92.2081
97.5639
92.4872
122.024
89.2416
118.219
121.251
97.6997
100.197
97.1641
109.911
77.2496
114.059
66.676
113.827
91.5227
105.403
90.8758
102.1
78.5375
123.496
105.942
120.77
86.7604
82.8364
85.7224
90.4819
93.9119
105.394
129.53
127.923
100.799
108.101
102.415
121.201
109.221
95.6367
94.8975
101.513
90.4494
143.625
96.5105
104.153
99.3067
121.936
81.8563
94.2399
134.93
114.4
85.6096
98.6983
117.901
83.8204
95.8396
115.967
92.0245
107.87
99.1406
96.0064
116.231
82.033
121.367
95.7573
111.948
109.888
129.848
101.423
115.934
86.3513
89.4584
107.218
89.6032
87.5464
92.7132
101.573
89.7719
75.9921
113.024
95.6033
115.809
84.9085
79.803
139.717
108.066
112.924
92.9205
103.309
124.804
113.505
93.2439
94.8339
109.359
121.115
110.003
91.9196
99.6131
99.788
101.449
97.2059
132.29
91.062
86.6379
92.6152
110.314
92.9715
81.5231
113.365
86.6809
83.4936
81.5831
125.036
104.444
111.201
121.339
107.341
97.481
128.784
102.915
97.824
99.5786
117.864
88.0386
94.9994
99.077
102.974
102.203
74.5296
90.6954
101.254
92.5662
76.0694
125.009
107.411
118.061
93.8798
103.657
90.9892
82.6641
92.0612
98.4192
128.554
114.106
109.378
88.3862
100.901
88.7248
95.4171
104.918
82.7699
78.0756
102.819
95.967
89.0352
101.6
123.18
79.6332
122.157
119.985
121.737
101.532
128.249
114.687
108.139
115.139
79.6379
98.689
86.0879
102.281
95.0416
98.0602
137.514
105.325
86.0416
99.9959
102.879
109.408
93.3851
89.3527
111.979
99.7675
106.78
113.672
85.2502
92.0138
95.2187
96.0746
95.7514
97.3476
94.9524
114.352
134.219
98.3704
91.1343
103.486
90.2232
88.7608
98.3672
85.0625
126.802
104.389
83.1352
81.5816
83.052
97.8177
130.477
81.8225
117.086
96.4334
117.766
77.5013
103.58
109.865
103.681
97.171
122.982
102.926
99.8151
106.956
103.516
105.167
116.92
75.1124
102.345
132.062
87.3309
119.434
119.255
96.3729
91.8268
88.6805
107.26
94.48
66.0864
91.3988
115.262
88.497
112.975
91.0593
114.458
89.6543
122.62
108.643
125.596
86.2104
88.0385
80.7714
108.06
132.682
116.02
93.1362
101.956
130.603
84.8647
120.055
94.669
98.9266
81.034
129.431
89.4944
99.5508
89.536
101.194
99.3113
118.767
95.9226
103.301
72.8105
89.0593
90.9608
94.7551
102.447
96.9548
101.25
115.229
98.0141
106.414
103.957
84.0715
99.9096
122.106
108.077
125.145
120.497
134.22
101.928
90.8941
97.3801
97.0002
94.6171
