1188.85
1216.92
1221.57
1023.62
1264.87
1251.88
1311.52
1223.81
1182.2
1114.38
1290.05
1298.9
1172.13
1106.93
1288.69
1300.73
1226.22
1244.25
1159.1
1273.13
1212.4
1201.93
1204.87
1244.37
1162.84
1223.51
1137.93
1154.07
1011.48
1248
1210.45
1271.79
1254.75
1241.51
1230.77
1247.88
1182.49
1268.23
1216.15
1097.28
1300.42
1141.87
1255.58
1268.74
1069.01
1200.68
1173.01
1243.12
1203.22
1242.58
1127.41
1021.69
1080.12
1303.26
1082.99
1146.49
1203.34
1222.83
1342.8
1201.82
1064.16
1404.7
1193.96
1078.06
1189.23
1236.62
1200.74
1162.2
1185.29
1232.98
1063.12
1215.34
1116
1160.62
1242.12
1311.03
1114.07
1117.6
1181.71
1171.51
1158.66
1217.31
1248.06
1229.72
1165
1282.55
1232.48
1112.09
1231.85
1279.45
1197.18
1211.41
1288.1
1072.57
1274.41
1244.8
1269.74
1371.58
1119.27
1157.34
1226.44
1191.04
1217.61
1218.57
1186.7
1295.1
1234.28
1193.55
1185.25
1048.13
1136.78
1236.31
1108.22
1249.38
1178.99
1109.56
1029.26
1228.68
1281.42
1205.63
1122.08
1210.94
1209.44
1118.58
1265.52
1109.25
1231.99
1196.43
1224.25
1216.8
1299.67
1161.12
1197.84
1179.46
1110.39
1170.92
1336.99
1183.47
1163.1
1220.37
1212.78
1201.66
1151.02
1188.1
1187.55
1187.92
1217.96
1244.94
1208.68
1060.42
1156.03
1258.37
1298.56
1281.57
1381.27
1190.54
1108.27
1226.56
1214.69
1291.9
1225.96
1230.52
1285.52
1217.36
1249.34
1219.67
1219.94
1084.46
1296.42
1205.51
1184.11
1083.27
1225.61
1274.59
1200.09
1163.3
1314.83
1167.49
1255.91
1240.98
1156.68
1357.08
1177.32
1344.43
1244.76
1239.96
1146.23
1150.19
1207.93
1351.95
1199.49
1120.85
1219.43
1094.77
1259.64
1185.6
1154.47
1196.04
1230.52
1220.61
1168.46
1180.6
1120.82
1270.17
1135.06
1222.7
1244.22
1209.44
1184.23
1202.38
1118.14
1273.57
1277.2
1299.17
1381.19
1121.1
1132.02
1291.39
1158.18
1058.73
1205.91
1286.41
1163.78
1131.57
1204.82
1213.51
1206.96
1184.19
1180.99
1128.28
1235.28
1148.33
1206.21
1228.23
1174.95
1202.36
1341.81
1217.05
1241.39
1185.28
1328.79
1211.67
1123.95
1052.72
1260.92
1280.11
1185.28
1285.7
1226.12
1196.8
1202.53
1188.67
1154.01
1180.37
1260.29
1106.25
1240.84
1227.51
1158.62
1168.52
1235.99
1316.02
1134.91
1305.51
1249.87
1116.34
1133.37
1230.04
1181.66
1070.83
1171.92
1267.77
1142.19
1272.87
1161.93
1177.93
1139.45
1238.22
1118.62
1257.56
1048.52
1134.87
1117.58
1172.61
1124.89
1213.22
1245.85
1218.08
1054.5
1290.51
1226.37
1143.54
1313
1321.15
1132.29
1325.26
1328.84
1250.04
1305.76
1154.14
1092.47
1253.33
1233.07
1301.78
1224.09
1231.08
1190.19
1105.18
1247.68
1208.87
1264.16
1197.22
1129.52
1112.88
1085.31
1236.92
1180.58
1215.48
1174.94
1215.69
1149.62
1233.99
1291.3
1075.52
1120.26
1286.08
1206.13
1160.98
1234.24
1123.25
1260.38
1202.47
1199.7
1200.05
1221.42
1264.54
1190.28
1200.65
1198.22
1167.64
1236.98
1046.37
1229.16
1189.37
1193.87
1165.1
1108.4
1348.78
1231.4
1218
1322.21
1305.5
1205.43
1150.87
1360.87
1136.6
1267.62
1226.8
1247.28
1144.01
1064.45
1132.07
1134.61
1100.77
1298.17
1112.98
1258.99
1101.37
1316.71
1224.48
1429.05
1248.47
1255.92
1179.83
1265.46
1325.97
1248.63
1146.82
1242.31
1317.08
1208.41
1156.11
1217.05
1282.48
1134.01
1355.02
1170.65
1300.4
1193.29
1265.92
1072.26
1242.65
1246.64
1118.6
1089.25
1208.3
1150.33
1291.2
1076.22
1179.4
1201.83
1183.63
1165.24
1100.11
1230.84
1209.42
1165.85
1201.73
1144.02
1297.37
1121.78
1271.22
1259.45
1294.18
1170.37
1218.74
1074.98
1204.8
1202.82
1252.67
1100.85
1095.88
1258.34
1345.88
1175.48
1257.27
1226.12
1176.9
1192.59
1118.33
1233.29
1322.97
1196.86
1226.26
1210.27
1284.79
1117.99
1273.59
1089.83
1327.93
1185.08
1151.62
1208.7
1098.8
1217.27
1225.93
1130.27
1224.52
1155.88
1094.41
1125.54
1284.11
1160.65
1261.58
1201.83
1252.33
1214.99
1136.09
1296.92
1281.1
1331.45
1264.66
1166.13
1288.47
1223.69
1332.96
1195.95
1167.11
1166.16
1223.49
1060.26
1185.17
1134.43
1168.32
1200.41
1197.13
1171.47
1143.68
1244.96
1227.5
1160.99
1294.84
1229.22
1320.58
1305.52
1202.15
1243.31
1159.38
1205.21
1092.12
1228.4
1331.27
1158.02
1266.39
1325.78
1065.38
1182.28
1151.48
1182.75
1349.86
1081.94
1172.97
1245.87
1190.89
1130.03
1185.75
1174.3
1174.72
1092.84
1220.17
1185.73
1075.68
1175.89
1158.21
1276.73
1148.01
1015.82
1216.64
1288.73
1321.88
1248.22
1212.25
1147.35
1411.38
1114.54
1230.15
1260.57
1387.5
1105.54
1168.59
1192.88
1197.35
1220.54
1124.95
1260.38
1145.11
1229.1
1212.46
1330.51
1138.43
1225
1268.09
1172.91
1255.46
1193.23
1372.52
1200.53
1235.88
1299.84
1165.45
1137.73
1323.55
1172.1
1184.22
1300.05
1212.82
1133.1
1262.12
1368.67
1379.95
1172.73
1246.63
1060.57
1098.32
1206.74
1235.51
1283.84
1291.4
1226.65
1059.23
1261.75
1282.41
1222.06
1343.54
1162.51
1080.76
1188.2
1218.11
1301.65
1239.25
1232.64
1216.21
1150.22
1073.64
1237
1229.1
1200.39
1102.05
1201.55
1096.34
1213.76
1101.23
1250.68
1239.15
1241.18
1318.28
1235.81
1111.86
1281.1
1263.37
1273.19
1211.18
1242.86
1251.97
1276.39
1218.95
1181.22
1137.74
1256.72
1322.92
1153.69
1261.61
1103.31
1285.7
1384.85
1182.09
1283.48
1220.25
1133.22
1257.45
1337.85
1183.4
1212.93
1239.93
1108.13
1229.98
1375.72
1223.99
1222.25
1213.06
1224.79
1207.95
1246.67
1201.66
1226.82
1143.61
1224.88
1151.92
1277.36
1217.44
1188.41
1354.74
1249.51
1256.18
1121.62
1241.85
1178.09
1193.62
1253.39
1317.17
1277.48
1149.41
1174.25
1211.59
1214.26
1141.47
1298.39
1070.52
1112.61
1347.62
1286.75
1219.09
1183.23
1294.72
1167.11
1181.48
1171.37
1228.24
1194.44
1310.01
1049.84
1248.51
1147.81
1188.96
1178.9
1138.94
1117.19
1243.19
1087.43
1260.81
1064.75
1345.55
1218.84
1280.37
1186.96
1284.24
1148.26
1247.98
1243.49
1170.45
1218.17
1252.05
1249.64
1220.88
1247.95
1175.89
1251.03
1029.93
1253.95
1197.86
1135.63
1390.16
1289.3
1087.65
1315.16
1113.21
1206.64
1230.34
1158.1
1196.94
1271.45
1171.13
1208.98
1222.39
1100.53
1167.08
1184.64
1248.3
1288.32
1076.81
1171.67
1304.71
1090.71
1110.26
1311.27
1259.87
1387
1198.65
1166.86
1227.32
1274.08
1401.42
1078.12
1333.14
1175.14
1172.46
1112.73
1280.53
1197.79
1220.92
1316.45
1170.03
1229.43
1191.45
1082.6
1132.68
1253.04
1124.02
1218.05
1116.94
1139.22
1060.36
1245.11
1290.77
1250.63
1323.11
1220.78
1053.46
1242.02
1204.62
1307.97
1193.59
1284.25
1192.53
1145.37
1243.83
1309.02
1400.53
1286.52
1111.48
1204.57
1321.91
1198.06
1158.44
1136.68
1235.64
1191.24
1365.64
1233.94
1119.65
1169.64
1311.83
1115.41
1202.04
1242.08
1100.1
1129.69
1204.35
1297.89
1237.11
1210.81
1161.07
1140.54
1250.64
1239.74
1344.84
1180.46
1210.98
1202.4
1076.32
1091.01
1161.21
1159.96
1152.64
1246.54
1247.24
1250.76
1174.52
1231.1
1224.45
1127.68
1263.92
1326.3
1249.93
1083.78
1162.81
1148.02
1094.33
1154.16
1336.58
1176.39
1181.25
1032.83
1310.2
1300.52
1226.6
1171.97
1119.44
1409.67
1227.8
1271.09
1278.8
1300.83
1186.91
1166.48
1215.46
1150.81
1147.97
1141.42
1148.44
1225.02
1332.52
1225.79
1234.78
1233.6
1280.09
1321.17
1213.95
1169.6
1197.35
1199.04
1019.69
1249.71
1312.44
1192.78
1194.94
1153.51
1120.01
1266.21
1207.22
1299.08
1165.85
1137.61
1082.82
1102.27
1070.7
1288.92
1170.5
1211.16
1224.42
1289.93
1293.14
1156.48
1211.3
1294.96
1239.17
1160.33
1170.91
1305.72
1195.77
1170.54
1160.41
1190.86
1202.71
1120.65
1226.97
1341.75
1207.98
1297.29
1198.54
1165.88
1224.78
1243.13
1193.54
1199.49
1223.44
1224.32
1156.28
1207.01
1080.42
1213.38
1214.04
1179.55
1184.69
1294.73
1187.48
1117.19
1190.32
1137.31
1206.83
1156.32
1184.42
1217.35
1172.81
1102.3
1169.47
1167.54
1238.64
1178.23
1171.17
1209.38
1271.73
1282.28
1198.29
1202.84
1223.48
1186.5
1142.76
1179.33
1136.63
1118.65
1196.33
1165.03
1202.24
1195.9
1129.13
1182.47
1248.96
1248.34
1130.23
1128.9
1202.18
1169.72
1100.55
1253.45
1268.81
1182.25
1178.28
1298.9
1097.73
1208.26
1137.95
1233.05
1169.15
1102.12
1316.89
1179.82
1175.26
1362.87
1227.11
1168.32
1216.6
1055.43
1115.35
1227.52
1286.47
1151.84
1142.05
1098.48
1181.9
1360.44
1235.81
1129.69
1185.53
1210.44
1229.46
1238.37
1130.74
1112.71
1273.51
1229.73
1180.01
1149.76
1257.36
1122.72
1263.49
1359.46
1181.52
1161.3
1209.76
1156.81
1229.8
1150.78
1239.62
1223.17
1253.99
1247.25
1171.13
1223.37
1181.75
1175.79
1244.73
1266.06
1180.69
1337.18
1205.81
1177.03
1122.03
1235.53
1273.21
1410.34
1206.44
1327.67
1274.47
1337.47
1237.08
1116.13
1122.89
1257.02
1202.59
1139.55
1265.94
1179.51
1166.82
1133.8
1223.35
1109.57
1301.24
1201.71
1339.53
1248.84
1121.91
1226.35
1249.95
1177.57
1242.21
1172.72
1216.53
1133.59
1178.92
1173.48
1297.32
1255.2
1255.84
1191.68
1337.97
1293.85
1326.6
1271.79
1142.31
1176.68
1209.4
1188.6
1175.48
1182.43
1178.69
1363.52
1316.1
1244.61
1320.39
1155.26
1300.83
1244.84
1118.64
1210.86
1130.6
1262.88
1348.04
1203.14
1212.33
1104.14
1311.17
1239.58
1161.96
1206.72
1206.46
1260.77
1258.97
1282.41
1178.87
1062.13
1121.65
1097.43
1227.6
1183.65
1181.29
1104.55
1246.96
1195.68
1210.47
1185.66
1175.64
1189.77
1174.07
1227.64
1171.25
1297.76
1200.11
1164.54
1357.37
1084.79
1312.8
1245.61
1157.42
1197.17
1279.1
1169.24
1225.33
1231.33
1154
1199.39
1250.71
1135.12
1143.9
1178.24
1315.26
1132.01
1145.35
1197.34
1284.5
1234.94
1292.04
1000.24
1401.03
1211.05
1140.02
1218.56
1273.08
1185.29
1148.11
1146.73
1235.3
1201.6
1191.22
1195.77
1151.3
1096.18
1242.72
1127.06
1279.02
1114.76
1232.1
1223.86
1096.69
1183.67
1106.17
1172.62
1241.51
1169.33
1124.55
1262.44
1098.3
1163.22
1210.87
1136.03
1165.48
1132.13
1253.72
1271.01
1216.28
1183.29
1105.24
1197.4
1193.02
1284.87
1178.8
1145.74
1266.03
1197.75
1148.52
1214.51
972.853
1372.32
1078.43
1303.32
1194.69
1074.29
1175.88
1074.23
1180.98
1088.88
1231.3
1261.12
1140.7
1104.31
1278.24
1106.01
1157.69
1115.93
1284.47
1290.03
1099.37
1159.2
1122.85
1200.6
1195.91
1148.51
1164.65
1276.66
1209.1
1116.01
1155.54
1170.03
1301.56
1107.54
1181.21
1277.47
1084.64
1234.99
1116.78
1282.19
1274.95
1085.92
1253.25
1326.62
1146.46
1213.87
1251.02
1183.95
1091.69
1191.65
1226.64
1193.6
1252.52
1248.94
1167.5
1241.58
1199.18
1227.94
1268.57
1170.62
1180.66
1226.66
1251.18
1216.84
1294.45
1340.94
1255.02
1069.25
1222.25
1236.05
1280.83
1122.24
1228.05
1180.33
1267
1232.12
1239.41
1247.59
1058.86
1231.26
1254.54
1194.7
1207.95
1295.62
1155.77
1226.78
1146.73
1309.89
1150.75
1151
1245.5
1144.62
1351.69
1300.86
1224.6
1255.74
1177.72
1275
1188.43
1244.66
1207.22
1306.05
1054.97
1261.76
1198.09
1273.46
1245.94
1287.06
1180.58
1169.55
1247.5
1197.8
1286.89
1229.4
1225.66
1152.43
1099.89
1204.23
1177.49
1249.68
1222.5
1180.57
1217.64
1256.31
1078.07
1181.6
1202.17
1225.27
1150.58
1161.45
1197.74
1331.21
1185.78
1126.69
1272.8
1220.04
1155.02
1050.72
1188.35
1172.17
1234.48
1292.59
1190.12
1127.53
1208.3
1109.36
1223.64
1186.31
1239.69
1151.83
1131.86
1147.49
1213.55
1221.92
1267.38
1064.31
1144.8
1191.42
1059.34
1224.61
1268.56
1285.11
1230.07
1127.56
1126.14
1187.09
1195.6
1281.14
1131.61
1045.22
1059.68
1215.79
1152.98
1178.67
1241.2
1189.89
1279.18
1225.17
1270.73
1181.23
1194.74
1168.9
1082.44
1197.19
1215.61
1231.77
1181.1
1202.89
1242.31
1264.73
1203.99
1271.12
1282.13
1139.69
1331.76
1259.65
1229.54
1277.49
1226.19
1204.52
1186.54
1246.7
1183.2
1134.2
1191.87
1323.01
1169.79
1129.67
1123.67
1198.3
1330.51
1194.19
1211.56
1291.95
1148.08
1392.73
1162.95
1255.5
1199.87
1109.98
1175.2
1151.92
1250.44
1120.06
1146.51
1205.89
1062.08
1074.75
1118.46
1172.41
1230.7
1249.59
1185.29
1269.62
1185.96
1230.39
1270.78
1166.12
1230.5
1278.19
1190.19
1205
1216.29
1294.41
1156.89
1323.71
1300.31
1242.34
1248.13
1199.39
1145.94
1219.4
1180.69
1183.31
1328.38
1199.62
1296.71
1131.96
1100.43
1248.17
1116.66
1194.21
1144.52
1209.31
1200.95
1174.33
1305.78
1089.41
1177.01
1218.31
1270.32
1187.13
1180.07
1289.25
1224.86
1230.85
1229.21
1019.6
1142.98
1277.73
1196.56
1256.16
1354.22
1179.9
1208.06
1074.65
1313.43
1235.7
1120.12
1212.63
1332.98
1343.87
1103.1
1132.73
1245.27
1314.58
1220.25
1070.48
1159.53
1295.01
1124.34
1317.29
1186.19
1063.68
1190.2
1236.61
1241.83
1073.32
1226.22
1107.72
1125.14
1236.44
1266.45
1118.09
1270.14
1175.29
1300.04
1211.21
1186.48
1207.57
1244.65
1199.11
1247.84
1085.51
1164.92
1217.43
1149.64
1293.1
1171.87
1140.66
1089.43
1179.05
1347.97
1189.26
1179.39
1173.85
1324.25
1231.99
1167.66
1182.98
1146.45
1163.15
1202.8
1373.93
1234.79
1215.63
1164.81
1109.82
1232.1
1241.3
1151.31
1115.3
1170.59
1212.78
1215.93
1298.98
1319.24
1239.93
1280.11
1175.07
1330
1172.89
1276.19
1147.32
1175.57
1105.33
1253.11
1234.3
1224.65
1107.37
1198.01
1247.5
1148.8
1214.02
1148.13
1202.5
1262.32
1248.88
1237.31
1329.28
1215.85
1235.95
1431.46
1087.88
1149.35
1191.5
1237.22
1227.89
1245.12
1101.31
1298.97
1362.53
1113.27
1210.17
1196.32
1242.34
1201.08
1056.44
1207.12
1243.33
1199.62
1206.73
1219.48
1131.78
1259.33
1197.67
1233.44
1179.45
1199.35
1173.05
1101.73
1199.93
1248.73
1259.68
1416.02
1304.47
1154.76
1261.58
1294.99
1225.29
1142.11
1022.39
1217.61
1265.1
1309.63
1115.16
1276.11
1186.94
1259.96
1347.93
1157.58
1248.75
1279.84
1115.76
1061.37
1247.67
1241.65
1149.67
1184.16
1175.3
1229.42
1197.78
1215.7
1209.33
1319.06
1279.28
1248.55
1170.13
1168.98
1261.88
1190.21
1187.4
1288.96
1308.2
1239.36
1222.38
1066.67
1281.74
1309.18
1241.27
1249.59
1153.45
1339.47
1129.5
1383.72
1233.08
1254.85
1243.07
1344.26
1327.35
1209.15
1262.92
1383.12
1364.98
1272.5
1398.16
1232.45
1158.83
1253.43
1270.17
1135.11
1095.11
1311.5
1286.84
1077.07
1152.97
1261.2
1216.69
1128.97
1093.19
1202.26
1115.81
1204.64
1210.26
1226.88
1221.61
1132.89
1190.51
1262.17
1200.44
1233.47
1120.99
1228.64
1114.31
1102.03
1185.15
1297.57
1127.89
1279.14
1228.97
1347.58
1174.63
1201.72
1073.57
1262.3
1212
1192.02
1090.15
1198.12
1298.82
1197.33
1205.18
1094.82
1211.54
1248.67
1096.1
1110.46
1374.42
1152.23
1221.16
1092.85
1223.7
1185.47
1257.66
1156.4
1236
1137.93
1196.28
1221.76
1272.12
1282.49
1134.55
1224.62
1181.84
1168.73
1212.68
1160.61
1214.19
1212.97
1074.16
1350.9
1179.78
1110.1
1298.45
1336.33
1222.81
1273.75
1261.31
1156.56
1224.09
1239.91
1101.11
1154.28
1267.69
1197.66
1208.05
1276.19
1169.44
1136.89
1241.24
1220.85
1058.24
1268.45
1239.78
1052.59
1178.64
1204.79
1161.37
1326.52
1171.73
1269.01
1295.59
1122.11
1278.02
1219.54
1225.81
1142.46
1283.71
1254.46
1204.02
1332.92
1280.01
1231.71
1195.5
1203.31
1183.43
1244.48
1270.94
1216.67
1136.01
1233.57
1169.79
1188.14
1159.34
1181.69
1192.72
1311.27
1251.34
1128.82
1119.32
1247.12
1139.41
1083.13
1175.06
1141.08
1178.81
1269.78
1233.61
1148.2
1301.86
1107.85
1200.91
1135.98
1037.82
1227.61
1307.76
1132.24
1286.77
1249.98
1114.95
1243.09
1208.21
1144.35
1254.13
1256.01
1293.25
1268.23
1188.19
1069.02
1145.43
1310.95
1081.6
1177.82
1153.06
1248.75
1211.57
1205.7
1253.72
1243.53
1185.02
1102.16
1214.26
1362.68
1263.44
1130.95
1315.92
1049.93
1235.85
1237.87
1155.52
1176.74
1119.88
1166.93
1347.62
1204.33
1212.89
1248.57
1187.57
1135.5
1207.93
1284.25
1173.62
1190.96
1312.93
1355.74
1132.62
1253.51
1107.09
1148.86
1222.52
1229.86
1282.54
1152.63
1080.28
1228.47
1249.34
1245.2
1234.76
1198.98
1295.05
1188.29
1192.01
1206.82
1109.51
1231.17
1166.89
1209.07
1153.29
1078.6
1229.25
1310.47
1206.22
1181.68
1174.19
1099.97
1204.56
1293.23
1218.67
1211.21
1143.99
1221.45
1174.16
1149.76
1191.02
1222.73
1227.36
1194.51
1168.01
1261.84
1175.61
1187.48
1247.69
1127.7
1168.04
1240.33
1120.44
1113.18
1328.9
1159.55
1147.82
1258.3
1176.51
1212.29
1291.75
1195.76
1311.97
1320.39
1285.24
1103.52
1265.85
1291.16
1225.38
1125.69
1217.98
1260.07
1133.13
1131.37
1195.11
1158.18
1150.09
1267.85
1158.13
1170.44
1259.24
1132.46
1220.79
1183.41
1282.74
1143.35
1388.34
1210.37
1232.14
1230.39
1226.66
1250.6
1256.16
1176.73
1235.37
1170.16
1179.29
1245.11
1204.12
1166.96
1179.92
1079
1220.17
1245.46
1065.12
1315.76
1235.41
1198.63
1234.83
1262.12
1299.83
1121.69
1274.27
1226.94
1190.92
1313.42
1263.33
1201.01
1188.94
1113.98
1146.09
1299
1310.45
1340.48
1237.34
1203.42
1211.47
1176.2
1207.48
1229.85
1156.14
1224.29
1168.28
1232.47
1117.84
1228.38
1231.01
1200.3
1242.84
1181.73
1261.81
1195.09
1241.64
1228.41
1235.46
1147.96
1121.26
1087.93
1223
1248.25
1149.33
1221.18
1249.45
1155.92
1207.84
1222.78
1171.04
1193.79
1070.17
1215.93
1105.55
1159.47
1171.59
1253.19
1224.42
1306.2
1103.18
1357.43
1198.52
1224.45
1215.01
1219.09
1079.38
1192.94
1181.91
1256.5
1184.28
1159.28
1307.31
1112.14
1239.04
1309.98
1174.76
1274.8
1237.16
1295.63
1301.41
1256
1237.64
1195.37
1220.28
1120.14
1214.25
1193.57
1115.22
1321.8
1094.23
1219.7
1225.68
1255.06
1220.22
1127.58
1153.84
1193.9
1276.55
1272.62
1141.34
1143.63
1156.04
1261.13
1354.04
1292.45
1147.72
1161.32
1194.63
1128.94
1192.82
1257.42
1225.26
1319.71
1085.5
1113.19
1249.02
1343.25
1184.17
1242.88
1248.65
1124.54
1303.73
1203.39
1253.91
1174.73
1244.45
1134.66
1208.64
1243.86
1177.83
1260.45
1163.21
1039.87
1141.31
1208.9
1215.08
1323
1148.37
1254.25
1295.47
1158.36
1253.26
1252.11
1197.38
1190.47
1243.43
1130.22
1192.39
1130.03
1266.91
1144.57
1269.73
1285.14
1334.29
1188.08
1248.29
1216.52
1185.09
1194.93
1243.47
1111.78
1278.43
1095.23
1320.09
1257.66
1112.3
1052.58
1187.66
1125.14
1321.51
1161.05
1266.39
1231.95
1208.77
1211.86
1163.08
1277.19
1329.98
1258.58
1227.01
1183.26
1274.41
1262.73
1162.16
1309.74
1075.44
1206.05
1298.09
1086.57
1145.23
1131.4
1200.64
1180.47
1296.26
1295.75
1158.88
1342.41
1284.38
1115.08
1108.31
1128.76
1199.1
1254.8
1055.79
982.246
1188.16
1157.49
1258.83
1344.45
1342.39
1187.03
1212.94
1157.55
1134.79
1249.56
1239.22
1284.55
1258.89
1211.67
1209.06
1230.16
1117.45
1138.12
1305.02
1249.67
1130.4
1280.91
1132.2
1221.3
1184.12
1202.07
1249.31
1194.82
1236.03
1164.64
1202.3
1189.67
1348.02
1221.87
1028.27
1256.66
1176.88
1288.23
1233.55
1247.66
1267.72
1275.87
1293.3
1134.52
1283.39
1282.75
1250.75
1307
1061.03
1179.53
1242.34
1167.16
1232.74
1207.78
1249.86
1250.48
1107.23
1307.43
1159.21
1170.07
1143.69
1279.35
1104.25
1163.03
1109.4
1100.61
1179.72
1151.64
1184.05
1104.64
1283.54
1201.43
1300.49
1264.68
1228.87
1180.33
1163.29
1145.02
1137.51
1218.85
1092.38
1111.73
1354.44
1168.95
1207.13
1245.43
1232.37
1167.88
1138.98
1318.15
1126.91
1119.68
1279.88
1269.62
1168.79
1112.71
1212.38
1275.91
1118.54
1204.49
1137.76
1231.13
1408.21
1258.15
1305.33
1283.81
1221.33
1140.22
1315.7
1241.08
1216.09
1145.76
1234.97
1130.4
1125.88
1175.99
1190.98
1272.81
1188.88
1077.12
1289.65
1144.65
1243.14
1266.38
1296.86
1215.8
1140.93
1170.7
1173.59
1176.43
1055.18
1243.86
1202.78
1197.25
1133.18
1213.18
1229.32
1271.17
1295.78
1083.19
1155.56
1158.95
1304.28
1186.59
1211.07
1230.68
1182.34
1223.84
1211.45
1272.9
1145.2
1250.89
1241.69
1229.74
1191.42
1362.62
1203.85
1241.6
1312.84
1375.73
1222.62
1239.67
1174.15
1121.56
1129.57
1239.75
1236
1265.86
1028.82
1305.71
1171.51
1171.72
1193.51
1202.28
1265.78
1246.35
1320.92
1128.74
1130.23
1094.79
1315.85
1043.02
1216.32
1420.78
1221.53
1285.8
1372.82
1230.12
1076.21
1239.7
1094.51
1222.83
1127.22
1160.51
1084.38
1140.46
1305.32
1075.58
1183.68
1218.1
1210.12
1324.23
1159.59
1293.93
1219.14
1265.41
1368.91
1118.91
1305.15
1215.59
1188.74
1190.41
1143.41
1262.64
1194.49
1255.18
1227.94
1052.46
1246.91
1252.1
1268.25
1260.53
1146.7
1093.69
1183.31
1208.22
1136.69
1158.89
1228.95
1271.7
1240.1
1188.51
1116.32
1186.1
1323.78
1153.19
1167.82
1137.99
1171.41
1219.64
1179.13
1285.9
1117.9
1171.05
1248.4
1193.15
1175.47
1222.93
1158.21
1244.62
1247.98
1183.9
1241.37
1183.4
1240.01
1087.84
1217.73
1130.07
1124.29
1143
1182.47
1268.18
1180.71
1189.34
1238.05
1367.81
1308.54
1275.56
1169.35
1106.79
1192.47
1164.6
1099.87
1135.74
1199.63
1282.17
1260.72
1284.09
1178.75
1166.57
1239.46
1241.2
1112.32
1187.86
1130.75
1130.86
1272.71
1178.48
1233.1
1258.71
1148.22
1316.04
1227.73
1185.07
1117.25
1254
1314.31
1227.16
1248.83
1229.97
1320.77
1235.93
1227.51
1186.47
1139.76
1155.61
1146.03
1200.64
1288.36
1124.15
1183.86
1224.1
1264.78
1223.41
1225.2
1261.74
1250.83
1216.08
1198.22
1302.19
1201.33
1246.87
1124.07
1235.11
1145.65
1228.27
1188.5
1271.14
1221.67
1211.86
1234.09
1208.22
1190.54
1194.36
1166.96
1120.65
1163.25
1155.45
1303.73
1154
1233.63
1239.33
1238.57
1188.86
1187.07
1131.07
1190.29
1277.88
1234.83
1220.48
1243.24
1157.44
1224.53
1336.85
1286.31
1153.35
1257.74
1131.25
1235.55
1138.26
1099.23
1120.7
1414.08
1229.39
1242.09
1306.42
1303.74
1132.55
1227.22
1077.67
1293.94
1324.95
1186.51
1166.21
1078.56
1082.72
1208.93
1247.69
1145.86
1187.64
1259.63
1241.53
1244.72
1113.27
1244.15
1298.23
1169.8
1250.38
1282.44
1185.77
1120.19
1219.84
1169.49
1212.64
1209.89
1204.04
1272.44
1245.04
1210.52
1211
1298.56
1140.03
1396.73
1162.5
1048.55
1123.34
1316.81
1263.28
1316.86
1239.91
1190.97
1168.56
1293.54
1262.52
1336.8
1174.87
1330.88
1216.45
1291.39
1147.74
1247.94
1120.61
1223.77
1241.64
1159.94
1164.63
1178.59
1150.35
1031.46
1334.63
1227.96
1226.99
1248.66
1372.77
1201.84
1225.55
1284.25
1260.53
1256.05
1268.25
1236.76
1171.14
1246.19
1206.66
1218.27
1253.84
1058.17
1100.34
1240.37
1248.1
1117.55
1133.78
1206.28
1179.02
1214.28
1194.34
1150.31
1197.49
1134.62
1141.8
1188.78
1267.11
1214.78
1147.21
1067.12
1288.1
1122.49
1136.61
1252.74
1224.43
1296.87
1137.79
1323.06
1149.47
1246.59
1162.09
1257.99
1151.44
1334.51
1313.38
1090.43
1213.01
1267.57
1162.45
1142.34
1213.83
1140.49
1235.42
1236.09
1144.15
1252.19
1030.74
1211.3
1191.82
1269.19
1246.29
1141.25
1154.99
1312.86
1218.49
1148.82
1321.97
1188.12
1238.76
1113.35
1157.89
1236.16
1198.87
1249.71
1063.42
1117.72
1224.56
1263.87
1060.41
1202.23
1121.95
1271.73
1230.9
1265.88
1106.21
1177.84
1172.61
1283.21
1275.42
1261.65
1208.8
1230.16
1116.89
1152.16
1239.96
1181.52
1283.16
1275.77
1154.6
1080.68
1172.64
1285.01
1227.21
1133.36
1096.18
1047.61
1068.6
1284.87
1354.08
1153.24
1250.48
1363.47
1138.95
1200.99
1286.71
1345.61
1192.96
1213.78
1170.12
1252.01
1283.94
1292.69
1255.29
1082.1
1254.94
1232.18
1324.16
1184.01
1176.47
1092.94
1218.65
1193.78
1171.78
1125.05
1179.93
1292.93
1102.03
1321.28
1074.02
1105.07
1270.88
1165.33
1192.23
1188.28
1129.74
1204.78
1267.01
1301.25
1181.17
1212.68
1273.12
1199.9
1279.04
1200.25
1218.59
1227.1
1208.22
1219.47
1265.22
1182.82
1296.83
1283.71
1111.77
1271
1218.06
1132.46
1186.35
1229.42
1216.48
1165.22
1195.59
1258.58
1233.1
1126.35
1205.62
1233.96
1153.39
1166.72
1208.94
1146.35
1236.91
1240.76
1269.91
1160.5
1141.92
1133.78
1235.01
1240.34
1173.03
1269.37
1138.13
1298.07
1267.63
1106.12
1306.93
1167.91
1282.33
1132.91
1288.84
1159.03
1181.06
1200.54
1284.25
1223.51
1133.88
1373.46
1187.2
1157.21
1303.34
1119.18
1153.44
1271.67
1106.98
1152.29
1251.08
1251.02
1302.29
1362.2
1248.53
1319.04
1171.92
1257.88
1202.74
1083.54
1203.72
1212.06
1135.36
1213.18
1096.85
1139.31
1104.22
1231.62
1188.57
1200.47
1297.99
1308.66
1158.71
1171.59
1360.73
1292.76
1293.82
1222.08
1138.06
1186.87
1282.76
1180.47
1140.7
1139.73
1300.54
1167.59
1252.32
1186.35
1150.6
1056.08
1329.8
1167.97
1245.18
1134.61
1237.02
1177.89
1278.5
1190.26
1220.71
1211.19
1200.04
1226.85
1076.67
1254.33
1111.49
1171.84
1250.84
1208.37
1238.3
1148.46
1146.15
1266.67
1166.06
1151.32
1121.3
1191.95
1182.07
1192.67
1326.88
1220.93
1177.23
1088.49
1170.16
1116.97
1166.91
1233.97
1264.7
1175.32
1161.52
1153.47
1311.83
1142.99
1324.88
1246.03
1301.83
1173.08
1180.65
1339.67
1203.89
1176.93
1311.92
1223.8
1146.36
1259.05
1159.85
1085.28
1167.07
1214.67
1256.96
1207.73
1096.69
1219.64
1346.07
1144.91
1170.13
1208.03
1178.41
1072.45
1263.75
1125.93
1274.14
1266.32
1310.15
1257.57
1255.48
1140.14
1183.8
1136.09
1321.87
1272.03
1193.02
1274.88
1108.11
1155.54
1246.08
1273.72
1233.48
1223.39
1175.08
1214.57
1216.86
1248.74
1198.87
1148.89
1241.01
1176.96
1202.52
1207.65
1177.45
1311.89
1130.45
1144.17
1226.81
1145.88
1232.05
1197.82
1254.35
1267.59
1234.47
1270.73
1158.48
1174.07
1124.93
1231.85
1274.66
1150.11
1145.86
1166.71
1258.93
1266.08
1252.84
1221
1130.54
1110.55
1140.71
1259.99
1222.92
1168.6
1167.47
1134.91
1223.95
1180.04
1274.37
1100.38
1196.91
1081.74
1151.78
1236.36
1156.85
1276.79
1223.4
1239.84
1273.37
1254.31
1244.98
1173.67
1227.29
1251.52
1004.63
1198.04
1073.35
1210.96
1230.42
1305.14
1145.8
1056.16
1178.24
1209.73
1145.35
1338.28
1223.85
1255.46
1199.01
1345.56
1287.87
1188.26
1186.39
1246.68
1144.63
1163.07
1183.61
1165.97
1133.46
1325.14
1188.71
1180.06
1358.43
1229.7
1192.53
1307.15
1360.73
1213.9
1241.94
1265.42
1193.13
1091.95
1194.23
1188.7
1170.02
1114
1077.62
1281.19
1274.14
1141.16
1209.94
1037.58
1194.41
1293.71
1177.15
1392.07
1105.3
1228.51
1250.49
1279.11
1082.35
1123.02
1137.33
1175.74
1106.74
1259.77
1252.48
1276.23
1231.99
1089.95
1315.94
1177.33
1190.76
1209.18
1274.91
1296.69
1287.66
1230.61
1159.05
1185.21
1200.66
1251.41
1148.01
1200.12
1162.97
1143.35
1174.25
1200.08
1236.02
1211.92
1126.25
1193.17
1305.88
1164.27
1152.63
1151.29
1266.84
1264.32
1267.52
1111.03
1266.67
1226.77
1211.58
1100.88
1277.96
1115.92
1131.89
1153.36
1231.88
1208.89
1136.37
1155.14
1158.69
1157.89
1194.92
1170.27
1224.49
1169.37
1252.83
1312.71
1248.91
1125.7
1267.52
1376.13
1088.78
1261.22
1219.79
1172.09
1221.09
1080.59
1143.77
1168.89
1289.79
1103.1
1087.06
1144.76
1133.81
1218.32
1178.71
1178.68
1282.07
1303.38
1190.34
1203.86
1220.49
1109.62
1270.45
1154.97
1171.78
1127.49
1210.96
1226.25
1122.95
1223.6
1257.06
1165.33
1142.66
1112.06
1241.31
1102.19
1111.96
1225.14
1242.48
1253.98
1264.02
1108.06
1198.3
1269.56
1270.07
1216.07
1231.64
1350.54
1118.51
1195.44
1228.67
1132.06
1281.62
1199.9
1203.91
1272.18
1134.01
1158.92
1245.33
1232.39
1294.6
1179.21
1220.24
1243.23
1144
1269.61
1158.29
1104.93
1217.43
1115.81
1292.24
1158.38
1188.46
1274.16
1278.81
1192.67
1267.23
1272.61
1276.59
1292.82
1219.37
1144.97
1266.85
1243.38
1224.25
1000.79
1214.12
1217.08
1311.16
1189.09
1149.05
1174
1189.22
1251.1
1193.66
1189.55
1028.39
1285.85
1170.01
1268.5
1263.73
1166.71
1233.86
1259.18
1237.91
1245.48
1296.53
1258.27
1336.19
1165.09
1121.75
1044.42
1009.26
1295
1293.28
1214.44
1170.05
1289.77
1200.42
1315.22
1132.54
1191.14
1278.08
1200.54
981.666
1145.67
1331.01
1320.34
1179.22
1196.8
1172.07
1119.42
1208.18
1167.7
1106.13
1373.73
1112.74
1164.76
1182.49
1179.33
1223.32
1219.45
1163.96
1207.3
1270.8
1222.39
1209.79
1073.04
1187.59
1213.26
1279.54
1214.41
1058.17
1183.73
1341.35
1296.62
1240.45
1277.04
1135.03
1166.3
1162.94
1222.08
1235.09
1190
1228.02
1272.58
1261.33
1226.29
1190.12
1186.54
1224.87
1283.3
1257.33
1197.14
1187.09
1166.56
1104.24
1268.37
1292.03
1209.61
1153.11
1324.78
1258.36
1201.39
1128.54
1219.15
1289.27
1147.9
1269.42
1221.4
1099.9
1468.98
1228.22
1189.13
1186.6
1130.78
1194.04
1226.05
1339.75
1206.12
1155.55
1088
1236.91
1265.05
1159.65
1239.85
1008.5
1250.99
1220.84
1219.41
1171.51
1116.32
1258.84
1091.89
1238.96
1429.19
1295.83
1331.86
1219.44
1255.07
1018.87
1132.29
1098.42
1318.88
1342.43
1172.95
1098.42
1213.99
1207.71
1174.75
1092.15
1133.87
1242.27
1171.28
1289.74
1210.21
1282.73
1155.34
1247.41
1167.64
1205.63
1204.01
1170.15
1201.13
1241.71
1074.93
1224.3
1081.11
1175.3
1246.74
1377.43
1188.05
1276.87
1295.14
1219.38
1075.91
1196.83
1132.59
1246.48
1254.79
1144.77
1235.36
1286.87
1301.87
1107.52
1117.14
1093.72
1073.7
1143.94
1282.95
1195.58
1156.32
1197.64
1194.67
1195.82
1169.33
1323.7
1170.33
1129.74
1222.3
1303.01
1213.24
1234.89
1275.53
1139.15
1243.59
1057.59
1201.07
1144.88
1218.49
1173.56
1256.96
1129.26
1226.88
1266.39
1093.03
1145.91
1203.34
1194.64
1145.78
1228.72
1177.85
1200.49
1335.85
1160.19
1206.89
1207.23
1264.33
1151.37
1204.24
1231.99
1252
1105.71
1221.3
1261.91
1201.77
1215.59
1209.87
1169.05
1193.13
1227.28
1148
1155.68
1178.8
1308.44
1258.03
1179.02
1215.46
1232.46
1171.44
1146.53
1425.74
1319.65
1165.72
1234.75
1206.37
1200.37
1117.99
1227.74
1313.53
1021.49
1260.87
1215.18
1219.63
1226.91
1141.13
1212.38
1208.56
1127.95
1172.13
1240.32
1168.92
1213.85
1113.37
1114.79
1234.83
1338.68
1142.79
1114.89
1342.77
1219.92
1153.4
1168.65
1187.66
1225.21
1155.13
1127.1
1317.72
1240.47
1092.23
1141.36
1176.85
1170.01
1265.61
1176.74
1029.28
1142.56
1176.67
1105.35
1199.69
1076.06
1137.57
1316.51
1183.94
1212.79
1253.87
1377.25
1186.91
1216.12
1152.39
1154.44
1294.6
1199.28
1106.42
1209.84
1179.06
1240.34
1195.42
1145.42
1174.38
1243.42
1107.39
1227.37
1183.37
1229.91
1222.98
1220.46
1201.78
1187.57
1320.74
1124.51
1282.97
1133.53
1247.07
1326.95
1158.17
1324.08
1213.3
1273.57
1267.95
1192.14
1256.43
1250.66
1117.34
1049.03
1204.68
1363.74
1297.55
1231.56
1203.3
1191.13
1210.17
1172.52
1276.95
1211.07
1267.75
1177.42
1199.42
1261.49
1293.15
1355.82
1189.61
1178.79
1315.61
1235.59
1079.45
1173.03
1198.99
1076.12
1196.05
1161.13
1157.37
1248.01
1198.75
1308.09
1253.44
1235.57
1196.58
1262.19
1243.87
1100.47
1089.96
1186.62
1189.17
1147.19
1192.33
1232.4
1138.98
1235.49
1156.31
1344.61
1182.67
1173.44
1320.43
1365.11
1187.58
1096.35
1274.51
1164.42
1309.6
1170.75
1069.29
1139.51
1079.41
1125.67
1119.02
1137.56
1164.59
1194.98
1159
1106.71
1196.2
1294.36
1302.68
1209.78
1182.85
1312.28
1165.45
1154.85
1276.01
1179.87
1228.1
1221.97
1220.67
1240.33
1158.6
1188.06
1169.98
1221.32
1178.47
1260.22
1272.93
1212.19
1195.33
1174.95
1186.48
1198.63
1148.12
1220.57
1166.92
1206.75
1125.39
1244.5
1202.47
1158.59
1157.78
1189.63
1149.4
1287.92
1242.15
1138.91
1252.04
1242.79
1109.3
1247.01
1346.25
1153.46
1269.09
1304.17
1174.98
1090.26
1250.11
1199.06
1261.12
1204.43
1147.73
1186.33
1022.18
1087.41
1227.19
1229.66
1190.92
1096.07
1181.04
1202.35
1221.01
1244.04
1190.57
1134.51
1303.31
1166.46
1143.62
1311.43
1104.24
1150.86
1137.65
1168.01
1181.26
1178.09
1215.29
1145.58
1127.18
1058.83
1203.44
1347.2
1198.17
1303.97
1274.85
1163.1
1279.72
1255.16
1212.53
1239.29
1237.35
1151.99
1129.03
1146.48
1176.43
1256.52
1297.95
1117.43
1269.69
1275.38
1255.03
1202.04
1205.57
1231.01
1254.34
1262.75
1109.58
1239.33
1135
1168.22
1205.34
1248.56
1355.41
1276.43
1304.22
1285.22
1125.86
1220.75
1127.15
1223.82
1179.15
1140.77
1200.52
1323.12
1313.17
1030.51
1165.12
1289.82
1188.74
1183.75
1344.91
1349.73
1204.69
1197.26
1205.37
1159.43
1163.81
1186.45
1237.97
1224.93
1152.83
1205.59
1222.2
1149.9
1212.88
1078.8
1198.75
1100.03
1094.72
1250.11
1267.32
1259.68
1278.35
1206.1
1203.96
1201.21
1279.93
1324.7
1284.65
1245.6
1313.7
1206.84
1166.7
1197.45
1155
1227.72
1144.76
1130.13
1247.66
1147.97
1316.23
1189.65
1172.11
1192.08
1237.71
1308.12
1152.28
1179.94
1219.79
1201.73
1188.31
1286.58
1108.24
1292.92
1392.94
1220.11
1205.24
1158.1
1137.36
1166.47
1168.63
1209.14
1343.09
1234.92
1194.27
1161.95
1173.26
1141.66
1191.26
1265.04
1276.92
1247.62
1164.8
1188.02
1251.62
1172.8
1136.28
1165.85
1323.17
1250.59
1263.67
1289.78
1207.33
1207.21
1393.57
1080.98
1175.83
1153.51
1193.23
1128.78
1165.11
1206.59
1201.43
1298.35
1186.66
1236.57
1207.74
1129.7
1196.36
1219.69
1193.93
1280.2
1184.28
1329.66
1225.74
1243.93
1069.59
1134.65
1160.12
1199.29
1246.37
1180.14
1224.74
1355.16
1212.82
1140.78
1057.83
1237.44
1169.86
1194.48
1180.22
1189.89
1217.42
1110.45
1228.67
1261.61
1153.45
1115.73
1270.18
1180.05
1217.65
1082.98
1208.48
1194.35
1206.29
1180.59
1188.56
1110.26
1285.16
1074.82
1233.96
1141.82
1233.31
1218.15
1229
1218.71
1261.6
1270.7
1201.93
1235.7
1296.03
1348.84
1319.88
1215.4
1253.46
1178.64
1135.71
1212.71
1301.4
1172.5
1176.6
1149.71
1266.08
1255.16
1232.05
1219.84
1206.25
1148.91
1140.57
1204.12
1282.96
1300.82
1259.08
1129.82
1168.42
1329.92
1233.29
1130.23
1166.52
1115.27
1235.11
1207.35
1257.4
1259.35
1197.84
1129.66
1125.6
1188.77
1132.75
1246.37
1159.05
1323.69
1186.88
1265.64
1147.3
1250.19
1230.28
1193.4
1216.4
1245.93
1326.76
1195.71
1235.94
1206.66
1294.52
1162.45
1221.29
1130.58
1197.37
1264.76
1217.84
1214.15
1197.95
1101.16
1286.17
1139.71
1299.31
1172.11
1070.4
1180.89
1243.53
1267.61
1140.1
1124.75
1120.63
1193.06
1139.47
1108.32
1145.76
1294.67
1176.32
1191.01
1109.34
1272.04
1316.35
1300.74
1215.25
1253.41
1186.34
1187.17
1220.12
1128.88
1165.68
1280.32
1145.37
1288.02
1215.1
1071.03
1247.09
1157.48
1380.32
1100.57
1147.19
1203.23
1270.54
1128.15
1127.69
1130.98
1145.39
1183.48
1204.1
1235.06
1206.37
1248.72
1252.63
1347.62
1160.01
1212.44
1347.65
1099.64
1155.17
1358.55
1142.95
1186.22
1178.93
1276.23
1203.93
1211.3
1128.22
1150.25
1167.88
1309.84
1192.76
1236.64
1192.56
1287.78
1108.63
1090.18
1136.7
1225.69
1172.82
1166.29
1199.47
1203.34
1142.19
1187.76
1333.36
1174.8
1239.81
1131.8
1189.36
1188.86
1221.45
1014.68
1243.8
1259.03
1152.2
1198.01
1262.98
1097.11
1277.9
1285.87
1331.65
1027.88
1185.81
1196.57
1186.19
1276.31
1281.99
1130
1084.64
1214.84
1306.85
1223.57
1117.22
1286.03
1082.43
1267.84
1149.12
1081.73
1255.05
1178.24
1159.75
1272.27
1142.19
1153.18
1180.87
1209.36
1069.56
1140.96
1139.04
1151.74
1265.5
1128.46
1103.09
1161.1
1152.75
1233.3
1326.21
1309.04
1135.42
1245.23
1277.29
1138.9
1236.99
1192.18
1228.34
1177.22
1173.14
1202.05
1155.74
1263.43
1210.04
1157.72
1246.21
1226.28
1252.59
1293.78
1264.07
1243.14
1174.91
1197.86
1237.61
1266.39
1259.3
1089.14
1156.47
1199.06
1247.28
1315.84
1185.37
1207.34
1099.1
1168.79
1241.78
1256.02
1066.28
1137.8
1085.87
1082.85
1291.53
1159.09
1214.51
1139.28
1356.94
1193.26
1218.08
1109.05
1275.85
1227.95
1266.84
1211.44
1187.78
1138.97
1091.71
1238.58
1158.28
1292.33
1158.26
1123.71
1138.87
1182.17
1209.71
1192.15
1178.61
1131.77
1169.18
1342.65
1216.44
1114.73
1242.71
1249.73
1016.94
1206.36
1247.93
1229.26
1099.51
1298.31
1152.8
1184.6
1304.91
1210.07
1239.91
1166.29
1183.82
1200.25
1232.99
1203.1
1096.94
1163.51
1205.02
1205.97
1117.05
1137.47
1245.68
1118.12
1239.61
1204.33
1165.85
1290.47
1175.89
1229.59
1303.67
1277.86
1207.47
1156.36
1211.76
1111.07
1145.45
1308.25
1162.42
1163.51
1198.74
1092.61
1346.36
1373.5
1171.96
1097.71
1183.36
1254.25
1180.12
1191.77
1235
1166.2
1341.72
1135.27
1302.4
1176.14
1220.75
1281.39
1286.11
1242.61
1073.68
1236.53
1259.54
1283.25
1146.08
1164.8
1203.76
1326.62
1164.84
1250.71
1143.69
1112.69
1256.27
1206.02
1217.42
1285.65
1216.15
1159.52
1156.24
1102.44
1084.88
1280.92
1139.97
1188.39
1195.6
1323.88
1198.54
1225.69
1072.04
1235.58
1164.2
1270.58
1245.6
1213.27
1046.45
1274.39
1183.47
1235.21
1138.3
1252.72
1153.32
1290.99
1172.2
1220.24
1266.83
1266.47
1166.41
1151.27
1297.3
1246.19
1201.34
1221.26
1202.37
1147.96
1251.83
1172.01
1147.21
1182.65
1101.34
1129.04
1233.46
1285.39
1151.99
1369.03
1215.39
1194.91
1263.47
1290.8
1324.99
1238.67
1225.77
1251.8
1256.21
1183.2
1317.23
1266.04
1232.76
1246.07
1232.66
1210.63
1316.12
1307.33
1223.55
1190.74
1208.59
1173.49
1177.2
1168.5
1265.35
1213.74
1126.35
1256.84
1253.53
1165.6
1211.38
1155.45
1188.26
1205.95
1275.66
1176.31
1294.54
1284.91
1249.71
1246.3
1298.74
1257.9
1216.91
1221.86
1202.51
1280.44
1275.11
1262.99
1208.37
1285.64
1282.14
1141
1233.53
1173.98
1250.65
1239.2
1109.78
1212.76
1289.22
1089.88
1235.46
1097.49
1100.75
1100.18
1215.09
1206.61
1120.63
1146.96
1284.51
1178.53
1043.72
1135.72
1167.72
1177.28
1214.11
1327.01
1130.48
1210.31
1198.25
1257.68
1333.57
1191.43
1194.08
1195.29
1179.21
1134.91
1189.16
1233.95
1182.43
1301.19
1189.68
1253.9
1288.91
1233.89
1221.06
1149.44
1136.85
1245.82
1200.56
1177.05
1335.53
1135.92
1211.44
1169.59
1270.62
1181.15
1281.27
1201.8
1110.93
1126.8
1229.76
1122.98
1161.18
1149.06
1156.18
1220.13
1249.82
1268.09
1116.49
1198.43
1147.77
1078.33
1225.97
1306.81
1144.15
1048.47
1157.79
1190.34
1162.32
1155.21
1403.33
1117.21
1246.95
1144.37
1210.45
1198.98
1284.14
1301.48
1173.1
1223.84
1193.53
1278.37
1263.85
1241.14
1261.19
1205.97
1245.08
1298.35
1161.59
1116.65
1177.88
1114.02
1199.12
1198.29
1150.55
1104.45
1123.17
1100.53
1083.64
1177.8
1051.49
1180.12
1175.99
1129.33
1173.12
1268.5
1293.85
1192.85
1123.52
1130.86
1233.72
1225.73
1251.58
1147.42
1204.2
1244.6
1282.01
1232.2
1206.96
1273.4
1219.43
1075.52
1211.02
1331.61
1157.33
1180.25
1164.23
1133.08
1257.42
1267.95
1302.45
1262.71
1178.9
1294.4
1189.15
1078.28
1304.53
1192.81
1194.57
1174.95
1280.84
1237.48
1139.22
1252.31
1201
1227.23
1143.75
1098.35
1158.46
1274.93
1170.12
1122.91
1218.51
1222.49
1317.16
1331.89
1133.51
1278.84
1162.82
1193.3
1226.3
1286.39
1124.25
1105.41
1120.43
1227.95
1129.12
1098.99
1288.42
1186.03
1192.27
1157.67
1140.63
1212.96
1476.79
1217.85
1153.9
1058.74
1201.85
1248.91
1338.71
1289.28
1212.94
1092.05
1308.57
1207.44
1181.42
1188.29
1131.4
1279.71
1171.03
1277.84
1220.66
1203.41
1265.57
1080.38
1206.85
1160.51
1344.07
1197.48
1321.4
1381.89
1192.78
1191.8
1051.23
1184.28
1129.49
1129.69
1209.64
1057.57
1114.36
1107.46
1325.19
1169.39
1119.41
1157.32
1077.11
1191.86
1141.78
1212.65
1102.35
1195.78
1323.71
1256.27
1278.26
1197.72
1223.28
1214.41
1212.06
1243.8
1155.26
1238.49
1224.01
1125.21
1161.23
1209.02
1215.6
1173.22
1113.02
1252.97
1256.46
1160.43
1190.93
1196.27
1117.35
1214.71
1230.87
1237.81
1233.81
1240.87
1099.82
1281.52
1175.15
1233.77
1098.23
1239.71
1206.03
1168.05
1173.86
1201.81
1151.37
1128.63
1204.4
1272.09
1129.15
1206.38
1267.59
1223.44
1211.9
1061
1312.25
1279.62
1211.5
1108.45
1256.93
1053.33
1343.92
999.256
1213.04
1152.99
1174.51
1065.15
1346.49
1160.14
1251.22
1335.44
1274.52
1217.26
1171.12
1095.43
1229.08
1171.48
1233.24
1115.23
1198.87
1169.64
1030.69
1238.35
1197.62
1193.39
1300.44
1224.74
989.93
1122.93
1247.94
1253.15
1336.89
1167
1313.35
1230.21
1168.69
1232.91
1197.53
1285.31
1146.9
1100.09
1146.22
1164.04
1138.12
1337.13
1283.17
1285.91
1150.55
1165.84
1125.66
1207.08
1226.19
1211.63
1208.49
1270.47
1245.63
1276.29
1379.17
1215.65
1233.51
1203.7
1132.29
1183.53
1154.31
1219.23
1190.4
1259.42
1245.39
1117.68
1206.77
1149.25
1334.55
1187.31
1286.52
1278.6
1221.44
1249.84
1159.95
1332.38
1151.95
1226.42
1310.9
1197.73
1189.54
1164.37
1220.26
1205.67
1189.97
1211.46
1279.57
1071.85
1217.6
1157.92
1252.08
1250.09
1193.4
1207.08
1139.53
1302.2
1227.31
1219.82
1247.24
1212.5
1175.04
1266.52
1259.86
1138.54
1238.83
1192.24
1206.78
1245.62
1212.1
1179.95
1154.56
1138.45
1242.24
1379.4
1338.55
1130.16
1157.39
1101.13
1264.5
1123.6
1118.65
1271.36
1185.85
1124.52
1300.75
1277.24
1167.18
1280.49
1205.66
1119.07
1040.37
1163.18
1159.97
1148.7
1148
1240.53
1194.96
1173.15
1324.27
1189.94
1067.3
1375.67
1052.72
1090.65
1225.1
1201.73
1147.05
1173.41
1088.62
1159.19
1133.54
1327.19
1077.02
1243.89
1284.47
1187.2
1192.43
1333.2
1219.17
1138.4
1193.5
1161.53
1194.8
1137.95
1259.45
1256.67
1130.39
1174.26
1220.12
1194.13
1187.51
1259.55
1071.96
1154.18
1437.14
1159.39
1210.91
1119.06
1185.49
1223.94
1116.79
1244.16
1146.3
1292.61
1177.65
1269.52
1188.62
1098.82
1261.25
1204.06
1169.53
1132.3
1176
1132.13
1152.66
1156.79
1147.25
1154.33
1291.68
1254.63
1228.3
1141.4
1142.92
1131.72
1152.91
1258.16
1117.09
1275.54
1179.18
1233.05
1207.99
1376.61
1116.49
1194.67
1196.55
1261.55
1150.13
1273.23
1194.98
1129.4
1253.18
1272.85
1324.67
1213.36
1220.28
1214.72
1182.81
1230.11
1164.54
1083.52
1257.94
1253.61
1290.76
1266.11
1083.2
1227.54
1244.59
1133.85
1231.86
1236.32
1211.58
1111.68
1347.13
1274.79
1299.14
1112.14
1165.54
1314.35
1155
1065.53
1250.03
1274.18
1203.53
1242.02
1260.48
1269.84
1228.76
1048.26
1287.93
1177.45
1124.42
1241.88
1270.25
1345.71
1162.44
1128.45
1383.2
1233.3
1153.84
1225.1
1188.71
1165.31
1258.69
1238.28
1217.05
1278.94
1244.61
1247.53
1162
1231.33
1219.59
1303.84
1382.63
1227.94
1251.1
1087.02
1309.74
1243.28
1201.13
1226.27
1227.42
1172.89
1147.61
1085.23
1224.71
1224.02
1315.57
1307.97
1143.1
1193.17
1279.2
1196.8
1151.87
1231.94
1194.14
1217.53
1220.22
1152.19
1098.25
1118.48
1043.81
1347.92
1175.6
1137.89
1254.27
1143.01
1130.8
1231.01
1234.81
1176.45
1178.32
1376.02
1133.66
1307.07
1239.67
1141.42
1150.13
1163.27
1242.97
1137.68
1176.36
1123.96
1178.11
1243.8
1109.49
1129.96
1218.98
1266.47
1204.3
1345.65
1273.18
1180.33
1085.52
1184.54
1197.56
1304.96
1208.59
1140.49
1118.29
1342.52
1230.6
1131.85
1201.23
1167.38
1196.28
1307.98
1160.82
1238.98
1252.44
1250.91
1261.07
1155.16
1348.34
1209.43
1181.49
1207.84
1211.42
1252.29
1275.09
1265.37
1249.36
1102.19
1263.55
1204.84
1130.23
1273.92
1080.99
1137.83
1178.92
1139.9
1092.58
1313.92
1103.57
1228.69
1219.52
1392.34
1232.82
1159.04
1101.78
1134.63
1103.95
1169.11
1228.26
1259.07
1248.68
1167.63
1249.16
1105.83
1110.15
1159.16
1191.65
1187.65
1173.28
1113.81
1288.5
1240.09
1149.79
1060.22
1117.64
1283.5
1212.62
1131.45
1235.39
1279.83
1270.22
1237.37
1153.68
1274.26
1157.39
1236.25
1292.94
1110.79
1156.05
1077.7
1150.81
1152.96
1186.1
1132.53
1261.61
1200.44
1232.54
1197.17
1105
1174.47
1113.76
1181.13
1089.23
1279.64
1173.53
1186.23
1096.95
1235.27
1288.71
1114.46
1301.91
1291.36
1223.21
1175.25
1166.52
1083.98
1090.37
1144
1261.96
1105.58
1181.06
1222.62
1309.33
1253.97
1284.71
1269
1225.91
1280.36
1136.25
1098.31
1213.6
1191.36
1109.64
1282.21
1123.05
1156.86
1190.17
1315.87
1236
1336.22
1241.49
1230.81
1201.55
1269.91
1167.89
1166.42
1063.44
1123.09
1196.02
1175.33
1230.57
1155.17
1217.91
1189.51
1335.59
1319.63
1283.83
1154.57
1201.25
1290.19
1156.28
1097.63
1229.09
1284.87
1290.24
1167.26
1204.99
1063.01
1203.41
1176.78
1181.9
1233.32
1258.08
1054.55
1213.75
1154.01
1011.83
1254.72
1191.47
1211.13
1255.16
1171.7
1249.59
1286.51
1131.83
1221.37
1238.03
1261.13
1170.66
1122.58
1215.42
1266.56
1190.65
1239.46
1175.68
1085.01
1147.99
1113.7
1109.03
1204.55
1283.16
1223.21
1141.94
1145.63
1230.12
1252.66
1136.39
1331.23
1294.65
1325.99
1169.5
1208.15
1266.09
1201.92
1284.31
1150.94
1319.92
1120.54
1195.43
1121.67
1215.93
1286.44
1117.53
1221.27
1362.8
1246.73
1243.06
1149.02
1227.44
1134.61
1197.13
1174.93
1230.87
1208.86
1231.08
1167.65
1206.99
1259.22
1332.7
1245.44
1223.52
1260.19
1236.52
1218.06
1273.17
1240.61
1219.48
1180.84
1178.12
1109.47
1213.19
1163.09
1185.04
1180.31
1415.08
1081.42
1321.56
1305.35
1204.79
1257.73
1159.67
1189.2
1208.8
1187.41
1260.08
1220.05
1249.04
1169.62
1187.29
1160.07
1146.5
1304.04
1216.05
1183.86
1303.37
1139.64
1196.87
1309.25
1066.85
1284.07
1356.14
1183.27
1245.64
1138.85
1179.36
1229.76
1115.8
1317.3
1073.99
1163.73
1132.88
1241.56
1224.89
1168.87
1179.86
1086.06
1201.16
1271.04
1215.14
1220.71
1247.3
1350.08
1214.01
1035.78
1164.9
1221.19
1344.34
1197.41
1246.87
1210.97
1280.48
1132.55
1298.02
1267.8
1149.09
1242.62
1189.37
1235.52
1162.95
1191.61
1152.65
1035.88
1191.92
1133.75
1289.92
1069.81
1171.25
1057.85
1348.13
1150.66
1221.66
1048.77
1218.7
1213.33
1253.33
1297.31
1187.2
1162.96
1169.62
1322.94
1103.99
1163.22
1240.43
1241.92
1328.44
1138.46
1249.36
1182.41
1045.43
1204.84
1073.04
1193.2
1130.27
1352.56
1115.59
1216.99
1148.7
1151.85
1207
1291.46
1117.28
1049.36
1275.48
1208.84
1144.01
1190.62
1104.56
1167.15
1179.84
1154.17
1177.85
1173.65
1182.56
1250.89
1215.57
1262.17
1242.01
1159.72
1125.23
1176.36
1120.99
1177.3
1248.99
1253.74
1214.98
1133.69
1297.4
1128.47
1166.19
1134.84
1263.59
1149.97
1263.54
1187.1
1253.9
1283.38
1161.26
1157.08
1168.15
1273.1
1285.96
1059.13
1113.34
1179.87
1170.12
1131.79
1121.03
1306.37
1245.57
1238.84
1313.04
1142.07
1187.92
1278.79
1170.68
1164.11
1141.51
1410.95
1217.93
1149.77
1113.47
1226.37
1316.03
1277.06
1250.57
1235.27
1192.63
1264.92
1145.61
1245.22
1202.18
1095.36
1129.44
1301.05
1291.16
1146.88
1293.05
1298.92
1274.06
1008.91
1296.56
1289.22
1278.1
1300.71
1195.6
1276.57
1242.67
1235.05
1218.56
1191.92
1111.6
1341.27
1230.66
1156.71
1264.93
1306.61
1257.39
1182.56
1183.51
1205.1
1317.27
1166.71
1311.55
1236.15
1179.45
1165.44
1332.99
1199.29
1260.98
1380.33
1292.64
1266.13
1242.15
1175.62
1156.59
1073.74
1071.73
1201.39
1184.58
1220.29
1219.39
1200.87
1223.1
1081.61
1140.19
1105.72
1200.27
1189.18
1178.05
1144.04
1158.49
1172.83
1269.27
1291.32
1096.25
1249.11
1336.12
1260.7
1151.21
1340.24
1274.72
1183.6
1152.79
1107.04
1183.73
1155.52
1243.55
1241.63
1251.42
1235.9
1197.33
1335.49
1203.48
1228.91
1347.1
1213.91
1192.97
1161.51
1067.03
1209.86
1117.04
1116.07
1174.32
1165.9
1238.37
1395.67
1221.26
1244.42
1346.59
1320.57
1191.37
1274.87
1118.89
1193.69
1180.76
1341.04
1035.85
1221.5
1126.64
1176.2
1288.83
1101.81
1186.65
1191.96
1234.39
1251.51
1157.35
1204.19
1177.28
1159.25
1129.66
1097.33
1166.34
1246.16
1303.94
1234.14
1261.73
1173.66
1131.37
1165.04
1213.49
1384.47
1164.53
1307.23
1110.83
1161.69
1249.3
1203.55
1350.63
1300.39
1133.27
1113.8
1291.91
1220.44
1246.92
1189.06
1314.15
1169.99
1418.02
1332.16
1154.5
1174.69
1317.97
1229.11
1302.27
1133.34
1065.03
1143.93
1176.14
1314.91
1322.98
1266.03
1135.15
1133.79
1217.6
1114
1182.91
1131.94
1239.51
1210.64
1197.7
1199.51
1146.69
1143.96
1175.91
1240.54
1176.38
1353.64
1342.98
1120.7
1261.01
1273.3
1182.69
1108.2
1004.49
1273.44
1157.19
1261.33
1239.62
1107.54
1284.24
1251.16
1150.93
1151.13
1185.52
1254.39
1336.43
1174.57
1146.1
1027.36
1234.64
1268.89
1198.61
1173.94
1100.65
1211.02
1215.95
1314.85
1242.71
1261.65
1198.5
1282.53
1159.9
1175.79
1299.16
1077.44
1305.1
1263.3
1253.38
1118.76
1189.01
1235.87
1304.76
1230.97
1109.89
1150.72
1140.8
1168.22
1265.01
1278.15
1226.29
1180.98
1262.79
1078.67
1306.03
1114.72
1093.66
1182.65
1285.42
1149.19
1283.22
1239.09
1204.88
1205.16
1271.54
1223.82
1171.91
1333.01
1233.56
1186.99
1202.28
1234.13
1114.95
1201.45
1393.73
1188.15
1174.2
1204.69
1113.5
1205.67
1339.21
1307.73
1186.9
1169.82
1312.8
1198.19
1164.68
1252.31
1152.24
1114.93
1184.48
1126.82
1232.35
1210.25
1166.52
1124.6
1312.55
1266.36
1216.72
1274.57
1188.08
1202.91
1180.97
1155.97
1196.5
1236.08
1170.7
1279.71
1231.1
1230.1
1154.38
1192.07
1232.46
1398.38
1186.43
1199.94
1272.74
1334.15
1201.36
1157.18
1321.97
1263.13
1209.84
1167.52
1284.74
1116.77
1222.64
1127.1
1224.1
1364.74
1173.66
1347.87
1259.68
1245.18
1269.49
1225.07
1184.21
1170.47
1094.72
1164.99
1227.92
1231.28
1105.52
1071.75
1186.58
1182.59
1245.86
1131.23
1247.89
1123.69
1255.32
1288.88
1189.22
1172.81
1058.48
1072.12
1188.13
1291.03
1195.98
1162.17
1097.89
1162.68
1192.57
1246.16
1164.64
1236.24
1178.06
1180.97
1312.06
1233.85
1178.85
1178
1231.82
1194.89
1076.04
1234.85
1167.57
1075.37
1163.98
1159.31
1285.96
1166.01
1179.24
1292.04
1138.87
1107.84
1123.16
1219.32
1244.77
1139.74
1288.21
1266.75
1079.3
1184.38
1246.09
1191.57
1145.17
1323.21
1290.58
1215.9
1144.59
1307.62
1228.39
1185.22
1240.41
1281.05
1346.05
1088.28
1228.17
1251.06
1234.64
1218.68
1192.7
1192.37
1189.9
1158.46
1191.79
1273.39
1155.38
1279.24
1151.4
1143.83
1153.23
1182.61
1141.19
1202
1190.99
1059.64
1155.81
1204.61
1210.26
1124.11
1210.8
1254.69
1187.74
1247.12
1186.08
1303.41
1164.46
1285.09
1152.84
1150.7
1206.71
1085.03
1219.23
1191.39
1279.27
1164.2
1136.32
1267.76
1196.12
1265.58
1255.17
1183.55
1187.06
1281.73
1336.55
1053.72
1160.27
1115.88
1309.74
1178.58
1209.76
1183.8
1175.76
1218.31
1233.07
1197.32
1171.19
1324.43
1228.57
1173.48
1162.96
1193.94
1213.03
1225.7
1183.73
1252.89
1254.53
1248.38
1205.29
1148.83
1240.53
1254.54
1205.78
1253.9
1180.9
1148.23
1159.62
1157.69
1209.05
1253
1141.87
1227.16
1210.61
1139.87
1332.34
1181.24
1114.5
1118.52
1175.56
1182.21
1195.3
1174.03
1239.09
1189.21
1179.21
1220.61
1248.42
1225.6
1143.69
1281.01
1148.98
1196.45
1293.34
1160.1
1233.42
1218.69
1232.16
1199.31
1218.83
1125.76
1137.28
1187.68
1104.08
1341.04
1164.9
1211.22
1233.94
1150.13
1198.99
1227.7
1198.2
1306.46
1257.19
1272.9
1349.58
1207.75
1218.32
1213.98
1162.26
1162.83
1173.71
1262.46
1244.26
1188.17
1171.95
1261.47
1101.97
1272.34
1136.08
1268.74
1190.29
1076.71
1166.16
1153.63
1127.52
1320.61
1253.64
1213.01
1272.35
1183.79
1242.72
1209.38
1253.34
1217.77
1260.23
1190.08
1230.37
1279.61
1041.11
1237.64
1349.7
1203.37
1169.65
1263.02
1175.63
1192.75
1277.52
1197.09
1427.23
1201.96
1118.82
1145.58
1232.65
1176.78
1228.98
1245.25
1205.86
1155.47
1283.97
1228.31
1197.72
1083.3
1323.19
1172.73
1060.31
1347.65
1351.55
1215.68
1227.35
1247.57
1209.05
1164.34
1284.04
1185.38
1230.85
1197.65
1177.49
1063.99
1202.39
1142.27
1023.6
1249.49
1241.64
1299.39
1315.26
1249.89
1158.06
1206.28
1159.38
1123.65
1243.56
1157.25
1134.16
1316.79
1271.62
1244.13
1136.65
1263.84
1291.64
1280.85
1145.78
1106.1
1217.06
1105.68
1100.57
1104.99
1155.33
1261.62
1188.69
1222.25
1191.37
1181.42
1180.72
1285.41
1205.81
1126.85
1218.92
1250.53
1146.44
1349.92
1125.43
1056.43
1252.08
1100.23
1289.44
1182.51
1216.03
1173.95
1176.28
1222.76
1150.84
1194.37
1204.79
1167.42
1247.78
1190.6
1278.75
1141.78
1231.24
1121.1
1139.96
1175.01
1155.94
1189.71
1047.88
1119.92
1194.76
1222.02
1227.64
1392.46
1216.12
1275.73
1195.22
1140.18
1334.12
1213.74
1201.58
1149.24
1267.17
1249.54
1175.13
1128.9
1139.09
1207.72
1120.01
1385.31
1332.47
1089.68
1201.3
1121.86
1351.84
1089.54
1219.04
1178.52
1287
1230.92
1252.58
1236.17
1296.46
1281.66
1193.59
1288.74
1215.67
1145.08
1341.89
1249.63
1306.14
1170.69
1273.48
1237.16
1084.86
1214.67
1223.53
1259.11
1123.02
1218.85
1146.98
1216.54
1129.04
1202.6
1249.95
1178.89
1072.98
1176.88
1146.72
1150.89
1208.2
1316.94
1334.32
1174.03
1246.75
1343.2
1309.03
1266.75
1228.08
1272.88
1207.84
1207.44
1252.93
1212.33
1245.67
1147.4
1227.62
1228.38
1148.54
1343.66
1212.38
1176.92
1145.23
1270.43
1218.21
1147.61
1109.36
1129.13
1063.66
1082.2
1269.31
1217.21
1166.65
1135.58
1203.26
1184.75
1264.21
1186.87
1249.94
1207.43
1189.08
1098.65
1102.74
1456.9
1217.64
1077.26
1307.86
1133.29
1156.37
1065.92
1308.67
1290.99
1282.12
1186.94
1252.78
1132.39
1364.66
1216.37
1230.51
1191.61
1231.18
1217.26
1056.55
1232.8
1250.58
1261.25
1118.25
1231.6
1191.76
1327.76
1253.5
1168.92
1269.04
1208.86
1071.06
1223.12
1267.63
1045.21
1175.5
1197.76
1194.97
1256.95
1176.85
1219.57
1195.45
1080.7
1072.76
1246.4
1261.21
1139.2
1216.26
1219.63
1239.68
1172.82
1171.75
1235.52
1182.23
1153.73
1251.21
1238.78
1273.22
1189.41
1187.97
1262.57
1104.72
1307.14
1076.02
1060.39
1193.4
1169.38
1207.07
1047.26
1079.74
1182.38
1115.99
1229.67
1156.94
1214.73
1179.25
1211.99
1200.69
1060.03
1175.81
1255.34
1102.35
1269.65
1211.37
1221.74
1186.06
1088.08
1168.07
1109.39
1229.93
1226.67
1313.37
1248.39
1132.76
1235.69
1196.21
1252.2
1147.49
1199.76
1083.56
1183.59
1209.31
1257.57
1133.11
1228.82
1249.11
1193.75
1174.64
1270.24
1253.38
1285.03
1257.29
1156.51
1226.97
1227.41
1273.71
1237.19
1182.19
1270.42
1383.63
1142.95
1109.75
1282.63
1264.69
1257.45
1174.03
1253.42
1176.04
1215.39
1282.97
1235.05
1142.38
1270.86
1120.97
1089.98
1180.05
1250.73
1338.72
1280.54
1317.57
1130.65
1186.51
1195.29
1271.64
1195.57
1309.14
1226.97
1220.62
1222.27
1138.98
1075.82
1169.79
1241.4
1239.39
1181.55
1087.58
1386.5
1143.02
1161.29
1284.82
1293.76
1245.25
1255.36
1229.49
1179.65
1202.63
1164.88
1071.41
1178.78
1187.69
1196.27
1170.78
1163.6
1067.26
1297.56
1271.14
1114.38
1174.33
1204.06
1110.21
1167.44
1178.82
1166.29
1205.42
1081.51
1112.99
1140.34
1359.81
1149.86
1184.49
1386.31
1155.6
1233.32
1238.87
1184.68
1062.47
1197.93
1168.28
1222.1
1368.85
1183.66
1180.88
1130.41
1282.85
1264.89
1096.97
1201.89
1212.29
1100.25
1107.97
1186.58
1135.9
1156.12
1157.48
1200.21
1120.4
1219.61
1269.81
1181.67
1169
1139.2
1064.41
1099.37
1230.71
1260.35
1313.23
1221.88
1183.16
1081.07
1041.96
1180.82
1272.06
1144.44
1334.5
1149.27
1164.19
1256.47
1088.66
1191.35
1142.06
1142.75
1291.41
1119.15
1249.78
1292.92
1109.66
1117.1
1235.66
1161.26
1213.45
1303.36
1100.68
1204.67
1201.88
1245.8
1253.95
1155.52
1295.63
1236.12
1208.33
1161.42
1165.51
1257.42
1260.68
1082.95
1170.2
1193.17
1161.08
1263.54
1185.33
1209.67
1202.14
1261.65
1261.14
1056.7
1226.94
1181.3
1258.43
1227.52
1236.57
1288.12
1198.22
1242.91
1214.09
1193.88
1261.25
1124.64
1238.64
1177.08
1132.47
1292.93
1195.4
1342.57
1268.43
1213.37
1174.8
1157.74
1319.92
1179.64
1140.51
1303.96
1162.92
1352.05
1180.08
1223.82
1271.63
1099.52
1101.66
1227.93
1304.8
1275.63
1242.61
1353.88
1279
1196.19
1167.05
1178.26
1215.13
1077.89
1260.55
1092.77
1222.23
1170.84
1114.25
1231.31
1121.72
1242.72
1181.93
1170.39
1235.07
1195.54
1242.22
1125.99
1262.31
1051.33
1202.36
1204.58
1283.2
1188.25
1168.73
1284.89
1301.34
1250.8
1310.14
1207.17
1368.52
1124.7
1144.93
1159.56
1225.15
1104.16
1223.09
1112.89
1251.86
1275.46
1181.5
1147.46
1152.39
1249.56
1226.84
1216.97
1192.27
1450.78
1248.89
1127.85
1239.32
1127.33
1156.13
1145.39
1222.31
1190.98
1223.52
1225.06
1188.01
1183.97
1260.37
1216.11
1295.96
1189.76
1238.42
1193.72
1201.04
1181.97
1195.45
1260.23
1358.7
1400.12
1162.57
1290.18
1135.27
1164.71
1222.54
1174.08
1185.15
1124.18
1243.18
1147.81
1253.03
1357.67
1047.92
1215.7
1230.34
1152.96
1166.1
1227.27
1086.15
1301.41
1040.91
1110.14
1118.32
1090.43
1246.94
1234.04
1193.09
1252.38
1101.32
1217.84
1268.61
1211.37
1213.31
1243.16
1302.84
1137.81
1200.74
1184.19
1181.94
1271.07
1300.3
1276.33
1205.18
1230.48
1254.27
1209.9
1177.63
1198.09
1278.28
1292.09
1246.47
1193.63
1192.31
1212.56
1173.67
1181.42
1149.52
1150.89
1271.01
1116.03
1211.97
1254.98
1300.47
1316.42
1152.98
1144.65
1198.16
1159.88
1347.38
1256.48
1181.36
1170.75
1235.52
1239.63
1215.75
1190.41
1227.29
1284.75
1282.45
1337.66
1100.83
1272.96
1247.2
1258.19
1185.81
1235.46
1335.8
1322.59
1245.19
1174.7
1318.19
1165.76
1197.35
1144.58
1176.18
1150.5
1207.67
1094.31
1162.17
1269.26
1206.14
1170.56
1202.35
1108.13
1291.37
1163.58
1093.62
1228.44
1184.19
1152.28
1290.32
1223.38
1237.14
1270.31
1133.49
1185.21
1227.25
1084.43
1235.48
1204.12
1172.21
1213.34
1141.07
1266.95
1158.33
1202.97
1177.21
1298.25
1166.62
1188.42
1046.08
1233.63
1200.89
1277.58
1153.73
1108.09
1133.02
1199.83
1267.96
1212.3
1257.01
1168.02
1263.07
1235.92
1186.86
1225.74
1207.33
1129.95
1212.95
1309.01
1139.35
1265
1169.71
1100.87
1232.48
1230.24
1200.47
1271.87
1191.56
1218.11
1258.32
1161.12
1225.51
1361.51
1175.26
1183.3
1152.15
1300.83
1242.65
1327.37
1093.08
1124.35
1170.13
1197.07
1067.37
1178.84
1262.57
1257.65
1113.78
1347.31
1188.52
1274.49
1275.65
1215.77
1212.57
1288.01
1171.08
1335.51
1247.12
1131.36
1162.95
1273.24
1280.99
1132.86
1264.4
1316.6
1299.94
1198.23
1202.79
1265.69
1205.43
1166.55
1342.81
1282.2
1092.05
1190.25
1230.52
1042.56
1099.85
1133.69
1235.27
1175.62
1248.04
1307.29
1236.79
1208.86
1228
1235.57
1095.27
1302
1281.38
1248.89
1279.85
1287.13
1062.76
1205.68
1224.92
1155.56
1207.12
1176.93
1255.77
1192.22
1122.71
1231.91
1116.21
1273.66
1203.08
1163.48
1171.23
1038.01
1257.44
1183.8
1313.76
1259.45
1275.45
1129.8
1203.12
1185.23
1203.13
1112.27
1132.52
1268.61
1273.48
1194.25
1379.07
1261.54
1181.55
1086.66
1249.39
1343.69
1249.06
1206.23
1276.87
997.7
1286.49
1275.07
1314.86
1055.7
1259.98
1086.63
1306.85
1225.83
1277.98
1243.74
1273.26
1274.43
1326.93
1337.66
1194.09
1103.28
1177.27
1282.66
1172.49
1134.7
1208.44
1239.76
1184.66
1116.87
1216.15
1196.48
1311.59
1214.61
1253.61
1156.97
1270.23
1150.24
1200.78
1323.89
1259.91
1259.08
1167.77
1297.42
1294.08
1253.63
1250.62
1133.81
1196.9
1215.51
1121.84
1153.01
1241
1310.61
1215.26
1067.13
1128.97
1124.81
1242.87
1161.9
1252.59
1161.43
1040.94
1173.9
1174.48
1175.91
1155.35
1208.42
1278.99
1135.01
1215.4
1114.56
1195.63
1204.85
1163.13
1168.93
1248.18
1197.15
1244.13
1161.1
1269.35
1254.45
1240.71
1335.87
1260.55
1274.23
1151.4
1150.16
1233.56
1136.76
1332.25
1125.62
1173.78
1159.98
1196.17
1130.98
1164.67
1257.06
1226.36
1223.18
1157.69
1195.51
1092.31
1300.79
1180.21
1240.18
1236.15
1151.34
1110
1018.02
1129.85
1221.73
1244.94
1120.89
1142.41
1224.27
1086.86
1171.66
1209.7
1203.74
1285.02
1148.15
1202.74
1281.03
1127.11
1177.93
1107.89
1273.62
1173.55
1223
1337.69
1143.13
1197.57
1202.29
1179.12
1191.14
1144
1129.57
1383.51
1287.19
1379.28
1061.74
1297.06
1151.92
1268.37
1245.71
1127.36
1171.71
1159.23
1129.3
1228.49
1235.78
1063.62
1198.74
1176.09
1078.65
1199.65
1087.28
1127.9
1240.44
1154.92
1275.83
1304.85
1287.11
1257.51
1219.04
1208.91
1212.24
1238.32
1148.06
1271.48
1233.85
1239.18
1115.77
1236.5
1182.48
1325.5
1182.92
1254.66
1189.29
1247.73
1278.44
1264.71
1179.9
1260.7
1134.4
1151.14
1270.15
1164.6
1154.72
1146.62
1268.67
1218.8
1184.92
1271.91
1201.32
1257.23
1077.66
1165.87
1278.67
1282.95
1203.94
1261.12
1242.72
1267.62
1194.66
1296.13
1142.69
1282.23
1245.55
1097.2
1123.64
1255.54
1271.14
1165.09
1193.97
1197.38
1209.4
1283.8
1285.23
1158.2
1071.85
1257.74
1193.06
1221.66
1256.82
1224.17
1201.24
1162.36
1159.69
1096.19
1237.7
1263.81
1137.98
1283.04
1063.32
1224.68
1307.8
1205.41
1205.04
1197.22
1157.88
1119.73
1160.09
1171.81
1218.93
1031.23
1218.76
1192.87
1330.39
1252.3
1120.62
1273.79
1124.66
1323.7
1179.05
1324.61
1173.95
1184.1
1155.83
1340.68
1173.26
1255.78
1191.13
1189.77
1196.48
1136.49
1102.41
1142.66
1157.18
1085.84
1115.32
1296.62
1198.06
1360.74
1211.71
1215.81
1282.98
1144.91
1157.34
1077.66
1133.23
1327.24
1150.43
1216.03
1177.74
1207.09
1230.12
1129.67
1127.07
1153.03
1191.8
1213.76
1252.33
1297.62
1102.18
1175.09
1231.87
1293.04
1229.06
1206.57
1277.23
1315
1233.97
1166.77
1264.38
1203.3
1334.88
1082.4
1216.01
1132.03
1202.68
1098.01
1233.45
1220.49
1256.67
1330.94
1295.53
1222.65
1234.7
1137.33
1243.72
1143.29
1145.21
1254.28
1239.52
1372.65
1283.87
1384.45
1316.72
1214.82
1109.47
1288.7
1199.07
1208.4
1113.65
1276.87
1283.55
1295.26
1217.52
1233.83
1203.67
1138.9
1102.17
1294.55
1235.68
1170.44
1290.89
1286.41
1214.83
1297.6
1315.32
1132.81
1288.59
1210.64
1111.6
1239.04
1048.9
1185.9
1148.4
1200.4
1167.06
1204.73
1223.68
1176.36
1259.17
1256.62
1195.31
1221.16
1225.65
1258.27
1237.6
1209.78
1098.53
1188.31
1305.71
1175.87
1149.99
1063.54
1298.86
1170.91
1068.49
1205.69
1169.43
1201.35
1193.8
1147
1194.53
1235.15
1228.78
1088.37
1315.61
1244.19
1183.57
1109.78
1266.22
1172.61
1177.68
1190.63
1229.93
1278.79
1202.43
1108.38
1339.59
1176.36
1114.08
1176.78
1199.89
1403.18
1167.95
1198.84
1130.91
1245.56
1162.57
1163.42
1180.32
1154.83
1196.87
1313.62
1384.71
1208.49
1085.64
1243.13
1062.96
1154.95
1131.96
1128.93
1132.92
1138.03
1142.79
1154.75
1122.19
1351.7
1181.46
1366.67
1200.68
1242.99
1228.16
1108.86
1199.15
1149.05
1219.45
1133.14
1133.29
1178.38
1192.11
1212.76
1227.47
1165.93
1296.13
1076.21
1108.72
1185.69
1248.86
1142.17
1105.92
1332.73
1314.02
1120.41
1124.78
1265.39
1185.58
1141.59
1201.26
1298.71
1198.98
1236.02
1239.44
1107.92
1092.56
1322.46
1222
1266.65
1102.9
1273.71
1367.29
1325.36
1189.72
1184.88
1099.6
1257.99
1133.7
1159.75
1156.87
1241.88
1140.09
1250.28
1257.39
1176.97
1298.57
1150.14
1130.91
1226.92
1116.5
1204.58
1196.92
1184.22
1128.07
1159.85
1191.3
1212.78
1238.89
1242.86
1167.25
1084.34
1195.98
1188.56
1277.97
1272.24
1114.32
1214.3
1242.07
1304.76
1212.38
1169.01
1128.27
1250.34
1162.84
1207.6
1172.81
1185.87
1185.38
1204.63
1181.72
1065.81
1197.09
1314.92
1071.16
1137.68
1113.6
1210.69
1259.89
1243.11
1239.99
1290.65
1171.4
1165.53
1276.98
1188.53
1273.99
1273.53
1251.86
1126.53
1203.34
1135.45
1172.02
1153.15
1218.9
1185.71
1280.17
1240.65
1168.08
1213.72
1087.61
1164.65
1196.46
1201.37
1151.02
1087.52
1066.95
1272.58
1162.32
1248.53
1216.57
1142.72
1308.14
1232.86
1241.1
1065.97
1264.65
1152.65
1206.42
1259.12
1133.44
1279.14
1164.09
1191.59
1189.84
1182.63
1270.4
1118.47
1197.36
1292.92
1201.49
1174.64
1350.96
1249.15
1174.6
1205.09
1226.03
1179.65
1264.45
1287.92
1133.8
1249.99
1276.43
1376.02
1123.97
1249.75
1315.69
1189.37
1337.32
1248.22
1125.21
1088.22
1175.07
1271.56
1230.34
1266.83
1305.41
1293.86
1223.47
1220.11
1170.18
1277.39
1229.78
1283.62
1169.93
1141.33
1211.65
1245.73
1344.12
1193.85
1157.72
1182.06
1134.67
1200.02
1255.69
1192.72
1286.22
1225.87
1228.72
1258.51
1210.15
1166.41
1234.83
1138.39
1257.27
1206.74
1192.44
1282.56
1086.36
1215.6
1176.12
1103.51
1176.75
1230.82
1205.28
1150.69
1237.17
1244.37
1341.09
1188.77
1065.18
1200.94
1266.35
1187.92
1238.99
1194.97
1266.39
1192.68
1179.86
1199.7
1224.74
1197.06
1178.64
1183.4
1264.57
1172.4
1255.15
1170.33
1299.67
1160.11
1194.57
1257.59
1180.97
1142.21
1214.36
1240.33
1174.41
1239.49
1123.88
1122.67
1199.48
1206.58
1164.62
1172.45
1213.46
1206.8
1273.4
1351.16
1148.23
1223.36
1181.25
1182.38
1276.29
1161.25
1157.96
1140.43
1220.44
1305.62
1289.22
1248.68
1129.89
1138.6
1259.68
1311.03
1257.08
1313.37
1166.7
1127.44
1324.89
1211.15
1039.11
1079.14
1171.57
1131.72
1243.59
1250.38
1230.61
1326.83
1291.19
1133.07
1122.54
1163.66
1213.22
1154.52
1291
1236.61
1155.69
1181.44
1306.27
1118.19
1196.41
1182.19
1329.92
1261.63
1319.46
1256.38
1227.76
1212.82
1037.44
1244.67
1207.19
1181.93
1147.44
1189.17
1357.3
1093.75
1214.29
1172.03
1287.7
1235.97
1241.03
1190.27
1060.83
1271.23
1191.85
1199.66
1231.41
1161.45
1200.8
1253.41
1301.5
1219.76
1212.14
1123.22
1195.5
1189.64
1343.72
1213.51
1192.7
1236.15
1211.27
1082.36
964.315
1168.02
1240.66
1274.07
1272.79
1195.47
1240.32
1265.49
1387.79
1246
1159.8
1227.47
1193.3
1252.92
1162.76
1257.09
1193.86
1097.2
1274.24
1037.14
1282.88
1221.53
1158.33
1176.83
1310.04
1217.22
1282.47
1154.05
1170.95
1165.41
1304.39
1174.62
1259.67
1300.85
1176.57
1223.49
1206.18
1172.48
1340.1
1153.57
1229.99
1164.67
1283.83
1295.41
1187.96
1135
1221.04
996.93
1270.34
1234.65
1318.34
1248.6
1068.65
1162
1210.98
1335.35
1103.01
1351.75
1198.47
1346.68
1311.23
1357.15
1293.13
1292.28
1233.36
1117.47
1126.81
1140.07
1186.66
1229.7
1281.97
1225.76
1301.71
1181.31
1152.63
1358.65
1155.23
1086.57
1225.66
1148.62
1130.82
1225.05
1157.61
1223.85
1040.84
1304.43
1273.98
1216.21
1260.45
1130.1
1293.85
1287.64
1184.75
1219.64
1216.74
1257.16
1107.77
1240.19
1105.4
1185.11
1321.23
1282.72
1192.78
1085.58
1175.57
1169.94
1197.5
1144.72
1306.82
1256.18
1163.72
1196.98
1182.57
1168.7
1126.83
1175.87
1188.25
1164.4
1173.36
1112.55
1245.63
1159.26
1269.89
1259.66
1006.71
1172.09
1160.33
1196.46
1280.12
1081.09
1235.52
1195.56
1225.06
1210.76
1307.54
1101.69
1225.36
1341.79
1171.66
1239.73
1193.26
1288.51
1270.69
1200.14
1276.18
1106.47
1220.6
1223.43
1217.27
1297.36
1198.76
1132.99
1199.57
1144.46
1050.39
1189.62
1153.69
1322.35
1256.02
1243.73
1233.83
1229.49
1179.04
1148.29
1207.61
1213.41
1230.58
1238.77
1254.43
1128.75
1221.72
1144.44
1163.45
1162.37
1236.07
1183.57
1220.93
1303.99
1085.68
1140.11
1235.31
1130.37
1210.34
1187.81
1216.03
1244.21
1282.27
1238.7
1166.48
1273.7
1200.94
1255.97
1277.61
1237.27
1221.83
1114.73
1298.68
1107.66
1201.26
1140.1
1199.01
1066.89
1176.76
1273.87
1171.47
1116.21
1165.59
1233.48
1338.68
1135.24
1094.24
1220.22
1146
1164.76
1157.19
1158.77
1197.76
1348.9
1119.11
1188.58
1216.94
1227.93
1266.88
1146.44
1216.55
1178.41
1269.37
1154.04
1277.53
1097.31
1144.95
1100.94
1316.35
1322.47
1265.16
1154.11
1324.36
1199.64
1213.44
1137.07
1180.71
1120.67
1217.27
1265.65
1230.93
1420.78
1122.64
1151.69
1215.32
1095.81
1226.72
1042.28
1195.06
1075.91
1280.01
1205.79
1179.38
1268.01
1244.8
1134.65
1201.6
1139.31
1230.31
1319.63
1258.55
1170.71
1224.99
1193.11
1266.26
1225.06
1309.6
1244.77
1142.93
1194.17
1344.67
1236.55
1267.2
1228.95
1338.22
1133.15
1234.81
1255.13
1162.66
1368.47
1222.64
1174.77
1230.31
1289.1
1190.73
1101.17
1252.54
1131.96
1196.58
1262.26
1282.15
1196.4
1222.07
1211.64
1338.14
1242.02
1199.13
1029.82
1144.88
1252.02
1218.72
1105.29
1232.31
1229.15
1313.6
1201.05
1139.88
1246.8
1164.66
1227.53
1296.53
1317.96
1270.94
1356.94
1213.34
1098.73
1304.11
1272.18
1126.11
1199.69
1179.55
1207.67
1247.86
1278.56
1087.86
1254.48
1166.36
1131.02
1141.31
1064.79
1239.4
1229.99
1224.24
1230.34
1186.82
1224.3
1096.29
1149.94
1229.41
1291.67
1227.52
1250.82
1112.69
1231.76
1016.44
1177.73
1125.01
1214.51
1113.65
1213.53
1127.29
1112.45
1267.77
1123.59
1113.29
1138.53
1205.73
1222.12
1165.17
1162.84
1130.92
1017.45
1306.2
1317.27
1142.57
1137.03
1227.16
1159.34
1186.36
1192.69
1147.11
1265.32
1233.55
1275.99
1264.27
1282.12
1228.18
1110.88
1231.11
1127.2
1206.23
1163.09
977.427
1270.64
1182.29
1167.14
1350.74
1175.38
1131.88
1209.48
1288.96
1199.45
1249.56
1217.35
1178.03
1175.9
1324.96
1224.92
1116.41
1224.24
1196.36
1175.05
1154.66
1268.76
1057.99
1183.32
1160.3
1228.37
1234.42
1262.82
1259.96
1208.05
1197.6
1155.22
1248.37
1213.15
1129.68
1270.11
1205.24
1122.66
1250.19
1124.55
1087.01
1200.31
1209.23
1398.02
1186.37
1288.2
1126.62
1212.17
1242.19
1116.11
1187.7
1201
1145.71
1238.67
1191.86
1153.18
1178.14
1153.36
1180.99
1152.92
1198.77
1286.21
1159.49
1300.69
1295.79
1224.67
1226.01
1116.56
1095.89
1252.04
1117.58
1191.96
1196.7
1240.87
1270.64
1004.89
1273.83
1189.7
1129.65
1257.9
1188.76
1118.47
1172.21
1159.71
1195.69
1179.47
1239.73
1184.18
1218.87
1241.13
1217.59
1265.5
1187.06
1098.48
1175.57
1060.8
1218.02
1277.95
1261.15
1239.35
1210.72
1225.99
1229.35
1218.1
1172.41
1282.88
1256.96
1297.63
1206.24
1387.5
1270.8
1224.14
1111.6
1158.92
1217.8
1280.92
1136.54
1139.08
1250.38
1286.26
1154
1295.88
1145.78
1320.7
1251.86
1206.64
1239.99
1146.37
1303.44
1122.65
1226.44
1146.33
1172.39
1246.27
1221.77
1229.74
1093.14
1189.4
1302.5
1290.37
1127.67
1296.87
1260.22
1136.51
1176.44
1165.59
1195.2
1252.15
1182.81
1267.46
1104.8
1127.72
1234.44
1182.08
1282.92
1086.63
1296.83
1209.06
1265.87
1126.6
1309.95
1171.67
1287.92
1130.13
1254.69
1086.29
1261.22
1184.17
1239.18
1238.76
1225.99
1252.91
1188.74
1283.47
1271.93
1175.62
1048.58
1327.69
1139.02
1145.71
1214.88
1193.35
1216.1
1172.61
1206.39
1147.52
1126.52
1191.18
1205.32
1091.54
1266.07
1318.98
1150.05
1133.88
1308.9
1153.57
1327.18
1224.5
1260.24
1215.95
1289.83
1250.95
1168.34
1143.89
1205.72
1219.11
1163.08
1095.24
1223.9
1202.99
1406.82
1188.74
1232.14
1091.05
1141.01
1109.15
1282.08
1248.61
1202.72
1155.44
1290.97
1258.31
1222.15
1297.02
1211.82
1211.59
1211.75
1251.17
1331.83
1251.36
1175.68
1194.28
1138.43
1193.21
1243.96
1194.95
1174.03
1286.5
1301.99
1209.1
1149.81
1240.58
1248.21
1253.67
1142.03
1284.08
1192.66
1159.91
1256.38
1288.82
1162.26
1173.73
1240.34
1058.22
1244.33
1238.75
1231.52
1202.68
1391.83
1176.08
1302.55
1228.03
1289.84
1124.14
1187.73
1258.84
1258.8
1312.57
1261.51
1204.57
1242.34
1314.3
1193.57
1247.57
1314.66
1276.32
1241.92
1197.59
1200.56
1149.29
1273.92
1180.81
1119.91
1143.91
1054.59
1132.26
1074.36
1169.77
1207.54
1137.44
1294.53
1372.44
1184.33
1221.68
1284.09
1245.93
1248.18
1286.43
1194.96
1122.49
1207.35
1255.41
1246.06
1290.86
1245.01
1204.43
1173.26
1132.84
1214.44
1250.26
1197.75
1222.79
1183.72
1137.73
1243.34
1188.81
1254.63
1207.99
1170.4
1256.7
1134.61
1289.96
1289.4
1275.03
1287.82
1124.81
1166.68
1203.38
1202.36
1165.25
1332.37
1127.02
1164.2
1107.28
1080.05
1195.26
1180.59
1208.01
1352.53
1232.42
1224
1189.14
1401.39
1368.38
1148.59
1177.5
1293.62
1254.63
1241.86
1123.88
1146.91
1235.95
1084.24
1206.13
1326.71
1187.11
1227.63
1160.94
1247.28
1233.78
1100.09
1093.98
1172.66
1186.48
1234.15
1210.16
1178.68
1197.53
1152.35
1216.26
1134.81
1185.1
1280.6
1206.11
1100.21
1149.89
1241.92
1308
1269.02
1268.32
1136.11
1239.02
1145.26
1142.57
1230.41
1065.82
1063.21
1313.82
1175.17
1319.54
1267.37
1206.33
1283.22
1241.5
1299.62
1200.5
1255.01
1213.13
1065.81
1135.4
1149.13
1266.12
1243.22
1139.05
1163.36
1146.99
1163.59
1101.85
1355.69
1153.85
1054.2
1058.77
1210.97
1208.83
1284.84
1148.53
1189.89
1175.13
1223.42
1273.5
1260.74
1148.63
1202.73
1159.71
1311.24
1258.67
1121.78
1221.62
1257.25
1286.15
1123.83
1221.97
1169.03
1250.82
1344.69
1338.42
1193.81
1250.68
1250.1
1284.4
1179.46
1072.92
1155.86
1178.07
1157.74
1077.09
1245.77
1165.09
1212.78
1174.82
1291
1134.02
1080.7
1180.89
1205.97
1251.66
1271.36
1186.07
1167.42
1238.81
1217.18
1209.98
1206.91
1168.01
1285.39
1251.75
1187.29
1114.45
1243.79
1161.93
1226.64
1201.66
1205.72
1250.53
1320.89
1243.59
1173.41
1208.62
1171.33
1318
1215.23
1240.96
1255.74
1172.08
1237.27
1178.79
1327.56
1157.48
1090.52
1165.51
1286.34
1198.29
1093.16
1180.18
1246.87
1081.6
1269.61
1176.45
1185.7
1226.97
1169.44
1300.65
1204.81
1238.03
1217.01
1166.68
1207.92
1154.85
1278.57
1202.74
1303.16
1253.57
1110.96
1245.13
1200.29
1197.21
1050.77
1310.7
1204.42
1216.78
1078.16
1267.74
1205.12
1087.51
1109.9
1196.12
1130.52
1290
1124.32
1204.31
1276.72
1188.76
1158.39
1240.03
1169.63
1193.91
1166.72
1177.05
1211.63
1185.5
1195.06
1287.89
1343.57
1171.24
1298.21
1280.25
1175.43
1260.83
1178.26
1166.33
1220.77
1173.54
1306.76
1253.52
1291.82
997.645
1135.58
1174.16
1103.48
1093.87
1177.05
1183.44
1215.65
1289.19
1284.29
1265.99
1222.47
1162.66
1280.51
1182.43
1298.27
1265.29
1186.01
1121.48
1258.74
1237.32
1191.86
1103.15
1247.72
1187.11
1286.96
1267.65
1103.1
1224.82
1344.57
1180.07
1130.29
1223.99
1269.57
1126.9
1279.86
1256.08
1318.19
1216.05
1062.54
1182.04
1207.55
1142.63
1226.41
1225.78
1334.03
1258.61
1205.15
1143.56
1116.08
1301.11
1203.29
1209.26
1189.65
1327.47
1142.72
1180.34
1314.54
1172.25
1148.04
1350.78
1222.07
1162.58
1186.87
1195.43
1111.7
1223.01
1290.19
1292.8
1314.36
1227.91
1133.52
1088.88
1314.49
1177.48
1256.28
1118.34
1144.05
1187.01
1227.54
1281.46
1235
1258.98
1258.51
1327.76
1279.21
1144.57
1227.16
1306.02
1204.35
1249.18
1111.64
1215.33
1193.73
1271.76
1156.04
1145.25
1177.03
1212.76
1320.45
1184.74
1198.74
1139.47
1317.13
1245.47
1220.05
1229.17
1206.24
1268.8
1204.32
1150.11
1158.65
1344.17
1277.86
1198.13
1093.94
1239.4
1290.82
1152.82
1323.58
1257.32
1151.18
1230.94
1196.33
1342.97
1047.85
1300.23
1285.46
1239.48
1190.38
1246.6
1142.2
1228.88
1253.77
1176.18
1207.68
1195.29
1195.18
1000.03
1221.62
1241.65
1233.39
1229.47
1327.87
1105.98
1122.3
1247.5
1189.47
1290.61
1027.67
1227.72
1250.43
1273.62
1154.21
1203.26
1314.49
1224.03
1202.83
1105.7
1268.44
1234.26
1149.83
1210.83
1194.46
1179.97
1205.79
1205.32
1272.65
1231.66
1266.79
1193.12
1245.04
1322.3
1223.8
1203.16
1219.13
1154.3
1143.22
1268.21
1205.3
1334.32
1237.9
1138.57
1116.49
1139.71
1366.14
1150.47
1201.98
1164.76
1345.21
1246.09
1239.89
1310.33
1154.72
1178.79
1184.53
1114.44
1148.04
1153.31
1198.72
1218.31
1231.41
1064.42
1222.1
1161.88
1237.03
1284.42
1053.7
1243.94
1142.34
1181.37
1159.6
1216.27
1237.55
1303.11
1197.66
1375.74
1283.92
1319.58
1114.05
1123.8
1167.77
1192.47
1144.73
1100.19
1137.63
1169.41
1200.21
1034.65
1264.32
1200.32
1135.77
1170.17
1226.24
1205.63
1149.68
1286.67
1080.62
1232.7
1239.52
1315.01
1024.83
1378.58
1142.93
1242.87
1417.73
1159.51
1121.68
1243.21
1226.38
1143.45
1282.1
1162.43
1219.3
1025.37
1227.08
1355.52
1264.13
1255.75
1054.21
1106.4
1153.22
1299.38
1168.39
1285.82
1187.14
1330.58
1368.57
1295.69
1203.66
1219.75
1159.05
1189.31
1118.35
1295.01
1137.85
1263.54
1135.25
1362.61
1205.92
1269.75
1253.47
1253.21
1191.89
1176.62
1172.23
1142.79
1329.87
1346.61
1224.26
1239.87
1213.92
1236.17
1258.32
1202.27
1190.2
1181.69
1203.3
1119.33
1124.02
1144.57
1188.19
1103.84
1376.07
1213.6
1116.37
1203.63
1130.78
1115.16
1281.63
1122.63
1278.06
1267.2
1155.7
1262.2
1125.61
1211.27
1160.35
1057.59
1283.87
1193.6
1147.71
1163.27
1123.17
1136.18
1242.7
1203.79
1147.87
1181.49
1151.38
1148.06
1254.89
1312.43
1303.89
1233.44
1244.07
1344.21
1195.8
1212.94
1235.46
1333.3
1223.52
1164.39
1331.57
1218.06
1128.77
1285.09
1198.28
1183.49
1247.61
1312.55
1232.51
1329.39
1229.48
1156.66
1121.82
1157.87
1211.07
1224.03
1178.48
1214.39
1091.61
1339.14
1256.61
1075.33
1185.25
1224.43
1218.02
1193.98
1334.74
1174.64
1326.29
1178.4
1271.34
1181.9
1224.55
1238.3
1245.35
1341.48
1206.38
1123.14
1191.22
1197.43
1165.1
1232.74
1195.94
1215.97
1298.93
1181.45
1277.32
1281.83
1096.59
1158.45
1117.57
1302.67
1118.44
1029.25
1258.94
1243.6
1225.52
1127.13
1267.07
1228.07
1228.84
1221.72
1247.8
1123.76
1223.58
1316.6
1230.88
1143.11
1260.88
1151.43
1280.66
1221.91
1138.56
1185.61
1229.71
1151.29
1081.73
1289.85
1159.52
1198.67
1097.01
988.075
1252.51
1149.27
1281.61
1261.74
1208.87
1235.3
1229.94
1231.86
1280.05
1029.72
1165.27
1186.42
1107.74
1276.35
1130.15
1231.08
1160.86
1240.08
1170.47
1243.84
1141.75
1318.1
1304.07
1292.01
1179.82
1235.58
1213.37
1224.36
1112.85
1180.14
1145.03
1171.81
1202.21
1122.44
1141.79
1219.23
1191.27
1249.15
1328.68
1106.31
1225.68
1210.23
1175.08
1270.63
1241.77
1318.29
1232.86
1309.41
1308.27
1099.33
1195.45
1179.47
1085.82
1239.29
1125.88
1174.53
1210.82
1183.64
1300.59
1210.83
1223.36
1120.56
1300.56
1214.02
1172.92
1144.13
1103.88
1075.02
1191.63
1405.83
1148.08
1106.69
1352.91
1218.7
1131.99
1083.48
1293.41
1128.82
1257.24
1231.73
1287.87
1303.38
1193.53
1149.78
1200.55
1220.93
1239.24
1206.2
1201.85
1188
1178.58
1191.93
1169.3
1251.15
1137.22
1193.01
1204.25
1273.22
1249
1106.37
1265.74
1064.49
1304.46
1158.11
1304.89
1198.89
1163.15
1256.59
1217.86
1255.2
1194.41
1117.48
1326.75
1206.68
1135.9
1108.42
1297.43
1362.74
1236.85
1270.27
1404.84
1139.08
1246.67
1117.69
1226.83
1130.5
1286.32
1150.96
1212.1
1382.44
1190.44
1236.87
1187.71
1080.05
1077.79
1208.48
1247.81
1165.24
1209.07
1282.02
1206.8
1392.17
1193.1
1174.29
1277.23
1145.3
1214.05
1322.55
1059.24
1175.15
1233.78
1114.87
1213.46
1186.53
1170.97
1139.59
1169.43
1093.78
1322.76
1198.62
1281.72
1088.06
1337.99
1121
1259.86
1254.61
1194.98
1271.62
1065.16
1186.82
1069.24
1328.21
1224.98
1246.39
1344.42
1477.69
1149.11
1165.48
1219.24
1169.82
1151.79
1116.39
1170.66
1182.62
1197.22
1254.36
1261.49
1164.4
1201.78
1050.41
1247.25
1124.9
1086.57
1130.15
1192.1
1167.26
1255.9
1224.26
1339.13
1148.72
1256.67
1187.64
1191.02
1258.2
1296.62
1200.16
1150.62
1365.13
1146.16
1260.14
1241.8
1247.06
1211.24
1268.86
1057.6
1306.53
1074.97
1243.87
1248.34
1182.23
1282.28
1242.6
1284.67
1216.56
1103.76
1184.33
1180.33
1215.95
1285.74
1202.51
1182.48
1250.69
1205.36
1202.82
1166.79
1249.36
1009.05
1235.23
1251.38
1230.59
1117.86
1171.14
1130.14
1126.02
1254.85
1167.72
1061.97
1107.5
1157.67
1233.71
1262.51
1341.7
1214.93
1276.4
1163.41
1233.95
1168.14
1161.44
1138.75
1275.86
1142.32
1110.18
1092.24
1304.11
1194.1
1245.45
1293.47
1277.3
1268.88
1121.55
1169.07
1207.7
1199.77
1222.99
1235.34
1177.8
1166.66
1230.02
1230.86
1268.31
1155.75
1113.93
1131.83
1317.89
1170.38
1089.72
1202.9
1222.33
1187.27
1210.05
1054.65
1143.23
1099.02
1200.93
1217.13
1071.05
1123.04
1231.69
1166.04
1331.86
1303.29
1091.77
1121.47
1109.15
1309.82
1151.9
1308.89
1197.44
1192.06
1297.1
1117.57
1338.04
1027.11
1097.81
1277.34
1214.48
1199.72
1144.98
1238.68
1115.32
1200.23
1192.53
1100.26
1221.11
1232.95
1297.41
1236.02
1225.54
1068.83
1172.86
1112.09
1161.45
1142.87
1342.79
1208.99
1271.81
1142.55
1245.91
1395.23
1175.78
1304.21
1272.93
1218.88
1234.38
1326.88
1102.29
1168.7
1263.68
1166.89
1154.85
1167.31
1388.28
1248.32
1218.51
1126.3
1175.76
1162.26
1220.96
1146.73
1281.59
1106.59
1268.27
1276.21
1290.56
1306.42
1262.21
1293.14
1068.87
1216.04
1169.38
1309.86
1251.74
1275.51
1149.7
1144.98
1135.85
1276
1250.8
1267.26
1195.6
1151.9
1160.96
1287.61
1214.59
1375.2
1053.06
1207.86
1202.98
1192.6
1288.54
1168.01
1209.33
1178.61
1161.13
1115.5
1162.76
1084.09
1241.2
1175.95
1233.52
1274.74
1134.75
1190.38
1101.39
1311.86
1224.59
1259.28
1148.48
1117.61
1148.81
1270.95
1087.13
1142.98
1199.41
1090.19
1260.9
1204.21
1258.75
1214.2
1254.99
1382.52
1068.7
1349.65
1170.88
1171.59
1209.38
1179.49
1187.22
1163.11
1291.11
1110.46
1210.43
1126.16
1238.04
1223.59
1242.62
1352.99
1271.96
1239.63
1170.72
1195.96
1130.75
1216.59
1342.34
1338.87
1143.51
1260.11
1190.72
1110.37
1211.74
1132.38
1278.77
1071.85
1327.7
1220.65
1147.98
1219.45
1229.97
1168.21
1105.98
1093.19
1274.84
1146.72
1216.6
1185.7
1246.34
1166.1
1172.41
1087.39
1042.22
1273.38
1256.27
1306.63
1055.41
1283.84
1217.38
1153.72
1176.01
1318.79
1152.84
1133.01
1227.79
1163.23
1253.63
1125.4
1225.56
1226.68
1230.02
1307.42
1178.57
1242.23
1300.69
1312.54
1199.89
1225.22
1249.54
1346.65
1124.35
1150.99
1190.71
1094.89
1142.92
1141.63
1120.37
1169.97
1176.78
1173.51
1122.92
1345.97
1114.58
1099.82
1242.25
1252.67
1249.06
1255.22
1055.64
1280.94
1245.42
1239.83
1149.91
1281.04
1353.01
1201.82
1263.53
1152.03
1203.48
1184.7
1207.76
1231.33
1188.05
1156.8
1213.53
1213.83
1267.65
1146.88
1150.42
1253.35
1236.41
1225.85
1153.69
1157.23
1072.86
1154.76
1094.71
1087.44
1226.38
1189.15
1239.16
1239.56
1226.07
1188.2
1289.92
1092.17
1206.43
1175.49
1182.65
1104.8
1175.3
1190.83
1285.46
1198.7
1293.56
1245.44
1253.57
1179.9
1194.54
1103.21
1264.47
1235.15
1207.69
1088.14
1246.07
1156.47
1097.13
1181.52
1152.29
1335.55
1171.33
1266.72
1320.76
1147.14
1227.96
1218.88
1066
1203.03
1154.05
1273.18
1257.55
1173.74
1159.1
1239.52
1169.3
1176.75
1244.32
992.747
1276.6
1246.32
1245.4
1318.38
1228.43
1298.23
1399.34
1281.32
1181.24
1165.23
1193.41
1182
1185.43
1186.61
1247.06
1115.23
1196.03
1227.55
1181.61
1261.92
1191.09
1164.08
1335.45
1267.33
1230.51
1070.85
1118.13
1293.99
1204.42
1242.66
1295.51
1160.06
1296.93
1324.45
1201.29
1311.08
1182.08
1337.23
1283.82
1198.34
1254.14
1212.51
1239.81
1245.07
1285.21
1214.19
1214.93
1182.2
1237.12
1201.4
1238.49
1194.23
1161.15
1194.74
1245.75
1277.97
1228.02
1233.56
1285.91
1158.01
1283.09
1291.65
1167.07
1224.23
1330.96
1267.71
1222.5
1310.99
1357.24
1130.09
1163.46
1213.24
1137.76
1116.9
1254.8
1218.31
1217.06
1197.13
1159.66
1260.58
1176.4
1259.13
1282.12
1101.37
1256.42
1136.54
1195.56
1275.82
1338.08
1190.86
1098.47
1188.34
1192.32
1071.01
1216.15
1217.25
1135.15
1245.81
1139.86
1236.28
1276.13
1196.91
1311.57
1264.07
1198.26
1179.31
1161.1
1239.82
1167.17
1235.26
1205.56
1220.9
1110.08
1143.56
1141.35
1275.93
1170.31
1305.48
1191.49
1166.46
1103.32
1219.6
1225.08
1066.43
1282.02
1298.48
1339.68
1214.16
1149.38
1117.31
1233.01
1052.86
1093.05
1215.28
1276.79
1086.13
1119.16
1242.2
1226.4
1162.39
1236.07
1148.64
1186.68
1197.02
1223.27
1147.63
1259.94
1228.71
1325.68
1097.96
1128.95
1264.48
1237.24
1225.6
1123.68
1155.97
1156.48
1282.59
1254.43
1237.14
1208.63
1241.01
1135.19
1258.41
1185.06
1177.52
1243.07
1362.29
1243.52
1167.27
1180.58
1200.33
1219.66
1185.38
1145.03
1157.01
1260.64
1117.94
1318.34
1277
1182.27
1366.13
1245.24
1190.44
1143.16
1251.29
1160.15
1233.47
1266.55
1284.87
1192.09
1106.58
1317.41
1229.87
1149.87
1278.1
1313.63
1069.87
1252.38
1226.52
1290.07
1188.76
1256.81
1199.02
1179.69
1154.83
1406.71
1177.21
1220.92
1299.03
1335.38
1191.1
1347.73
1221.1
1350.09
1190.49
1280.48
1171.52
1129.56
1262
1199.94
1254.91
1064.77
1235.5
1292.61
1164.65
1281.95
1163.58
1148.28
1173.96
1241.89
1395.12
1208.72
1313.27
1197.25
1205.02
1116.93
1132.87
1137.64
1296.82
1223.37
1138.2
1207.18
1150.71
1174.27
1207.46
1264.79
1284.97
1103.91
1216.37
1068.23
1033.27
1217.34
1269.35
1264.19
1261.46
1106.43
1258.26
1255.03
1178.98
1216.09
1252.07
1245.83
1082.26
1212.54
1240.4
1084.93
1134.61
1080.77
1308.85
1286.44
1247.95
1058.79
1269.43
1130.74
1246.64
1221.51
1192.01
1231.8
1254.5
1254.48
1287.74
1273.78
1042.48
1227.02
1281.29
1277.3
1191.17
1202.5
1124.96
1186.11
1171.17
1085.27
1179.38
1183.45
1282.81
1254.95
1191.47
1218.52
1138.84
1191.34
1096.41
1323.89
1193.61
1179.12
1007.99
1258.19
1141.23
1341.31
1326.26
1214.31
1375.53
1259.94
1146.5
1214.09
1273.06
1213.14
1207
1209.19
1298.28
1312.16
1390.12
1241.25
1262.33
1339.61
1214.63
1194.55
1316.24
1208.86
1276.9
1140.04
1321.15
1259.28
1277.42
1229.65
1270.11
1161.4
1192.31
1089.65
1280.62
1221.02
1068.14
1246.13
1221.43
1198.65
1293.66
1268.52
1081.73
1314.22
1137.71
1298.25
1215.91
1347.21
1225.18
1223.84
1107.4
1148.78
1094.28
1194.93
1210.36
1282.69
1245.75
1157.19
1207.75
1206.72
1267.4
1262.19
1161.75
1139.24
1184.78
1158.64
1219.28
1153.68
1198.66
1286.87
1277.84
1122.16
1241.69
1285.13
1441.16
1242.21
1155.51
1201.08
1220.35
1104.88
1133.48
1156.14
1148.78
1348.1
1238.3
1205.92
1183.57
1099.2
1192.65
1183.95
1100.54
1238.35
1189.06
1221.26
1159.31
1264.55
1230.79
1125.76
1183.65
1113.57
1182.47
1148.14
1256.31
1217.35
1205.9
1392.66
1234.07
1241.52
1185.09
1173.45
1086.19
1173.34
1197.85
1058.19
1191.16
1090.94
1268.63
1277.32
1257.19
1289.69
1182.61
1322.75
1146.75
1087.76
1138.34
1165.57
1179.25
1229.74
1140.66
1248.23
1199.99
1224.87
1309.03
1240.93
1185.51
1238.72
1186.4
1307.39
1293.39
1177.27
1164.85
1250.66
1213.61
1188.16
1286.08
1210.3
1048.26
1176.88
1246.24
1400.83
1246.24
1256.95
1283.6
1297.57
1213.05
1125.09
1142.35
1235.15
1152.08
1121.3
1125.47
1158.77
1318.91
1148.54
1274.68
1188.82
1142.66
1194.2
1376.9
