3234.38
3264.16
3210.09
3091.05
3201.81
3069.6
3333.45
3360.67
3210.63
3128.37
3254.02
3163.37
3067.17
3028.07
3389.92
3352.68
3251.25
3093.75
3051.38
3059.52
3235.61
3060.05
3050.63
3443
3294.07
3078.42
3180
3202.84
3223.63
3246.41
3092.6
3191.75
3220.72
3221.09
3037.89
3178.79
3011.18
3117.15
3221.05
2994.73
3410.35
3142.31
3347.19
3170.48
3075.6
3299.73
3065.75
3268.83
2990.15
3192.88
3321.59
3255.51
3280.71
3462.62
3345.53
3233.85
3009.15
3250.43
3171
3206.4
3128.69
3412.85
3135.71
3118.3
3226.06
3108.13
3063.16
3283.02
3339.29
3203.91
3188.23
3180.58
3169.39
3164.8
3480.96
3151.96
3275.24
3363.29
3252.83
3312.52
3275.32
3223.3
3073.03
3207.84
3284.09
3129.47
3133.02
3098.53
3354.95
3029.22
3203.34
3207.99
3161.62
3057.81
3210.29
3353.65
3233.54
3264.34
3027.69
3267.36
3135.43
3086.84
3115.19
3131.28
3072.53
3326.39
3281.03
3289.93
3204.74
3242.44
3180.92
3205
3005.25
3184.93
3168.62
3234.39
3258.31
3101.97
3066.07
3293.63
3095.92
3008
3220.23
3024.38
3282.22
3323.06
3349.97
3325.86
3377.8
3067.04
3259.05
2862.49
3013.45
3094.97
3263.75
3116.4
3237.9
3182.27
3167.64
2954.65
3132.51
3175.44
3324.79
3140.26
3257.33
3155.61
3192.17
3165.66
3271.09
2992.78
2929.97
3214.66
3151.4
3166.21
3034.23
3106.76
3204.18
3249.94
2995.8
3206.58
3128.44
3186.97
3153.78
3219.59
3165.7
3217.82
2863.29
3085.7
2976.63
3121.84
2890.57
3252.03
3063.96
3270.75
3168.72
3026.43
3109.17
3041.08
3280.74
3204.8
3071.32
3337.31
3050.6
3465.76
3069.49
3166.22
3402.68
3204.42
3248.02
3435.3
3043.32
3068.72
3085.18
3079.9
3288.12
3201.05
3276.56
3411.3
3266.23
3175.83
3227.55
3216.95
3138
3169.04
3210.62
3201.47
3154.01
2990.75
3131.16
3315.86
3297.66
2929.68
3048.42
3120.46
3091.52
3411.84
3263.59
3323.92
3024.42
3068.48
3314.25
3098.98
3182.48
3303.14
3409.15
3195.76
3171.97
3010.35
3196.02
3374.91
2944.8
3079.19
3052.74
3149.1
3222.3
3181.64
3148.68
3220.63
3142.55
3161.07
3237.95
3309.46
3173.05
2936.14
3127.76
3153.62
3311.59
3126.47
3237.53
3254.74
3229.95
3244.68
3280.12
3419.29
3132.71
3235.49
3147.74
3293.79
3136.4
3156.73
3094.32
3044.52
3178.23
2940.48
3266.8
3097.63
3291.82
3127.61
3191.17
3070.66
3359.95
3287.61
3098.73
3158.51
3108.74
3114.39
3094.22
3235.93
3192.02
3083.29
2935.6
2952.21
3159.98
3346.86
3090.05
3054.3
3237.78
3258.04
3351.42
3219.24
3292.83
2954.76
3136.52
3197.69
3078.57
3221.54
3154.68
3174.06
2999.1
3081.41
3331.16
3069.99
3158.92
3145.32
3214.13
3108.35
3136.75
3399.02
3345.23
3281.41
3032.94
3260.62
3272.59
3283.56
3404.89
3383.83
3434.17
3307.67
3251.38
3248.14
3081.96
3153.76
3260.44
3309.01
3176.28
3177.44
3326.51
3103.36
3245.82
3098.3
3231.88
3161.33
3042.44
3059.31
3096.52
3270.17
3125.42
2886.56
3044.17
3230.92
3139.74
3168.64
3067.45
3194.3
3293.19
3158.15
3201.03
3121.17
3070.46
3249.16
3262.56
3112.01
3226.93
3248.64
3067.04
3154.82
3406.22
3183.46
3196.02
3208.67
3037.06
2960.61
3210.88
3117.48
3223.5
3134.08
3191.09
3192.51
3219.43
3259.02
3160.63
3186.9
3101.97
3429.17
3033.32
3182.39
3234.74
3234.11
3270.69
3003.49
3110.63
3235.27
3195.48
3215.63
3339.34
3357.07
3201.92
3317.81
3245.57
3169.2
3022.25
3084.84
3097.35
3305.01
3001.71
2994.36
3044.59
3366.54
3281.5
3139.91
3021.52
3244.18
3160.64
3272.61
3171.64
3131.59
3187.68
3087.5
3298.91
3210.86
3050.89
3112.76
3312.75
3444.09
2926.78
3216.53
2786.46
3191.81
3181.91
3377.61
3165.26
3401.09
3205.43
3325.74
3180.87
3079.43
2943.06
3198.81
3115.61
3074.31
3114.58
3232.7
3102.39
3245.32
3374.41
2968.99
3108.95
3339.18
3356.44
3210.68
3213.83
3160.24
3099.89
2971.38
3384.85
3039.01
3042.69
3118.1
3286.22
3100
3003.19
3191.15
2975.54
3242.36
3231.45
3316.57
3167.09
3113.91
3291.52
3327.2
3035.79
3199.18
3130.05
3100.09
3127.09
3191.44
3355.87
3390.55
3097.57
3131.81
3228.96
3304.56
2996.48
3157.39
3257.29
3085.91
3235.91
3216.11
3145.54
3319.36
3109.45
3301.89
3380.24
3137.2
3078.7
3117.76
3275.86
3148.56
3106.54
3048.86
3119.2
3239.91
3090.11
3126.54
3555.85
3133.69
2861.84
3164.04
3111.86
3100.33
3127.76
2995.55
3032.84
3266.87
3106.19
3163.09
3263.54
3232.66
3353.73
3349.47
3300.58
3173.18
3114.04
3261.79
3169.94
3218.88
3046.68
3379.17
3135.93
3336.59
2903.19
3051.53
3143.16
3017.18
3213.95
3364.81
3177.64
3153.92
3291.27
3110.03
3155.98
3021.85
3438.19
3262.82
3281.55
3338.19
3200.59
3156.5
3265.52
3428.19
3217.8
3203.89
3279.08
3103.53
3239.24
3297.16
2925.2
3363.92
3352.52
3124.4
3292.73
2984.01
3256.23
3149.11
2985.57
3213.88
2939.59
3266.96
3301.59
3298.63
3309.3
3150.23
3293.42
3158.12
3227.81
2965.1
3252.9
3168.33
2960.02
3244.88
3155.92
3152.11
3316.19
3266.51
3216.05
3120.09
3301.34
2847.06
3072.53
3131.59
3006.69
3073.07
3136.32
3125.51
3132.91
3211.61
3062.69
3183.42
2938.46
3281.6
3180.79
3211.74
3247.18
3096.24
3001.62
3100.82
3238.91
3141.47
3257.51
3158.94
3158.51
3143.97
3331.43
3208.7
3298.55
3125.28
3011.8
3057.56
3131.66
2956.83
3182.47
3115.44
3094.84
3360.25
3211.94
3083.94
3304.73
3153.18
3113.07
3066.26
3106.92
3165.18
3025.57
3306.8
3173.44
3105.6
3117.26
3274.98
3030.01
3249.39
3189.39
3161.11
3228.71
3175.32
3213.88
3234.78
3213.98
3217.74
3283.65
3151.22
3044.59
3456.93
3093.43
3157.72
3144.01
3169.35
3218.79
3273.28
3156.14
3135.46
3125.86
3241.89
3368.31
3191.95
3264.87
3138.06
3279.48
3134.45
3257.32
3221.92
3073.41
3207.64
3460.76
3172.01
3121.11
2947.22
3044.21
3095.07
3061.39
2953.5
3275.75
3215.58
3217
3213.3
3168.91
3212.06
3143.19
3131.82
3329.9
3120.67
3138.32
3372.24
3156.44
3196.07
3413.01
3274.3
3245.94
3181.47
3295.88
3170.94
3340.53
2914.02
3155.76
3248.41
3173.3
3252.13
3101.26
3121.34
3227.25
3211.67
3226.99
3303.2
2947.18
3279.37
2950.05
3447.53
3347.5
3118.73
3192.02
3027.91
2965.12
3205.1
3390.31
3078.65
3066.49
3530.25
3341.42
3243.45
2992.08
3217.08
3162.16
3172.11
3218.99
3027.84
3211.62
3451.62
3199.78
3424.62
3081.65
3082.38
3114.21
3136.2
3084
3311.82
3204.9
3198.95
3152.39
3089.89
3272.56
3064.33
3140.9
3187.82
3283.25
3157.4
3085.81
3312.83
3058.02
3149.32
2853.32
3057.05
3102.11
3161.22
3393.29
3034.8
3319.02
3039.6
2964.84
3157.12
3249.36
3207.05
3380.61
3099.28
3082.57
3112
3182.82
3098.49
3029.3
3256.11
3209.41
3293.41
3377.96
3147.17
3030.99
3364.06
3205.65
3102.23
3248.69
3041.92
3033.89
3218.87
3367.54
3154.56
3266.89
3134.97
3190.79
3046.4
3305.76
3141.46
3154.39
3186.52
3128.08
3415.94
3043.48
3267.38
3131.04
3345.32
3063.18
3256.23
3150.82
3294.98
3191.26
3515.49
3458.4
3076.14
3356.29
3137.68
3086.34
3255.91
3294.15
3151.33
3398.62
3191.45
2969.26
3235.21
3096.91
3221.35
3238.98
3041.31
3159.64
3224.16
3082.7
3197.1
3110.03
3096.42
3212.73
3291.72
3082.62
3185.64
3370.99
2969.28
3204.59
3024.23
3299.09
3131.58
3417.46
3211.93
3092.35
3071.06
2971.51
2903.14
3084.46
3242.04
3336.29
3027.76
3255.02
3117.04
3420.21
3107.78
3170.4
3168.06
3062.33
3008.9
3069.09
3083.59
3259.88
3101.14
3101.37
3025.12
3179.34
3178.38
3112.55
3103.26
3401.04
3170.64
3120.02
3273.59
3015.66
3196.55
3089.9
3313.92
3001.45
3056.1
3254.96
3259.31
3178.34
3419.33
3265.1
3085.31
3092.81
3146.76
3161.46
3159.56
3001.31
3094.49
3337.19
3419.14
3145.85
3207.62
3075.62
3170.51
3198.85
3187.12
3241.19
2900.2
3296.76
3268.49
3006.2
3350.31
3187.04
3210.5
3277.19
3133.16
3351.63
3414.35
3226.53
3151.32
3135.06
3486.53
3071.72
3115
3227.51
3277.05
3175.54
3238.29
3178.26
3149.14
3473.02
3317.11
3056.94
3040.24
3075.47
3299.81
3287.13
3173.51
3024.61
3137.45
3138.31
3150.13
3409.89
3243.72
3277.91
3115.46
3137.17
3211.65
3268.4
2983.75
3264.53
3093.02
3137.44
3136.17
3093.85
3042.66
3153.3
3292.59
3022.87
3118.78
3250.28
3361.7
3030.16
3234.11
3310.86
3211.73
3152.5
3161.91
3316.62
3084.14
3130.07
3057.84
3112.13
3074.83
3033.68
3327.78
3168.35
3334.9
2983.28
3494.86
3265.01
3183.8
3213.72
3106.56
3379.02
3123.37
3152.98
3142.33
3314.04
3048.09
3169.87
3197.56
3118.73
3213.86
3097.01
3164.95
3415.79
3075.77
3040.74
3082.6
3114.16
3438.24
3234.1
3155.35
3141.99
3314
3074.6
3366.11
3186.23
3260.22
3257.79
3122.7
3110.77
3276.79
3116.73
3077.01
3081.56
3147.89
3301.58
3259.13
3319.76
3269.09
3029.89
3104.16
3310.25
3135.05
3302.82
3252.54
3512.51
3051.2
3395.7
3224.47
3132.34
3223.9
3239.08
3220.48
3160.69
3276.38
3356.2
3309.45
3088.54
3218.76
3217.08
3186.53
3219.83
3293.51
3021.94
3195.9
2952.05
3142.52
3114.32
3238.79
2982.75
3218.03
3387.2
3079.02
3272.63
3313.6
3192.87
3240.56
3231.3
3324.68
3024.69
3293.12
3276.58
3159.14
3238.36
3033.76
3303.55
3161.08
3187.91
3061.24
3136.06
3244.27
3354.88
3349.62
2991.22
3335.95
3403.91
3340.03
3144.33
3210.72
2951.5
3157.26
3172.6
3334.29
3301.23
3140.78
3154.4
3264.34
3262.09
3227.87
3209.35
3202.49
3247.33
3102.79
3184.41
3165.56
3057.15
3352.06
3118.65
3232.31
3160.5
3322.99
2984.4
3144.91
3155.54
3180.9
3005.8
3299.12
3179.48
3076.02
3072.42
3109.44
3155.68
3251.27
3310.16
3203.89
3273.39
3232.51
3159.45
3083.53
2986.8
3146.09
3213.81
3431.33
3255.98
3290.26
3171.13
3191.25
3229.48
3277.75
3187.11
3234.93
3233.03
3440.12
3186.53
3024.1
3179.71
3160.38
3097.75
3400.06
3248.84
3276.43
3022.08
3146.65
3247.08
3185.8
2967.66
3130.24
3199.87
3210.99
3030.41
3258.61
3287.41
3116.08
3233.14
3226.27
3281.46
3236.82
3316.5
3338.65
3110.18
3227.74
3238.62
3214.97
3084.63
3183.15
3248.46
3080.85
3390.11
3363.16
3014.7
3214.47
2992.09
3145.47
3210.14
3265.38
3068.29
3138.05
3135.04
3259.91
3280.04
3201.92
3346.49
3199.6
3246.71
3007.45
3237.18
3149.79
3283.37
3166.25
3187.82
3245.76
3306.47
3064.76
3000.01
3016.73
3084.4
3316.38
3156.15
3222.19
3236.28
3160.87
3068.74
3146.76
3024.99
3176.58
3101.84
3354.96
3290.07
3348.74
3280.43
3245.03
3127.01
3241.51
3033.45
3256.51
3265.24
3046.99
3306.8
3235.78
3306.22
3001.67
2993.27
3170.27
3192.31
3044.13
3201.52
3254.31
3285.52
3021.29
3277.35
3118.45
3018.11
3092.04
3291.29
3333.95
3037.06
3342.75
3171.25
3338.04
3071.92
3076.15
3212.52
3228.09
3227.87
3220.13
3143.77
3227.98
3213.3
3220.66
3094.16
3257.87
3107.91
3146.85
3091.06
3161.66
3394.72
3209.39
3230.24
3314.76
3066.59
3253.33
3116.14
3257.72
3237.99
3140.23
3245.13
3188.4
3315.38
3141
3221.2
3117.42
3005.44
3200.71
3139.92
3073.34
3288.49
3071.49
3096.23
3259.24
3269.75
3095.84
3234.64
3118.98
3146.05
3307.93
3220.92
3118.83
3181.82
3288.69
3271.82
3031.2
3131.67
3038.09
3179.33
3092.97
3171.72
3234.1
2998.16
3045.1
3328.28
3306.62
3214.69
3302.62
3036.86
3104.15
3159.99
3060.45
3222.12
3144.12
3113.23
3158.53
3038.03
3126.3
3132.71
3097.94
3153.04
3254.6
3202.83
3106.51
3254.66
3141.44
3199.75
3397.51
3097.07
3216.09
3156.45
2920.83
3213.19
2942.28
3097.46
3149.63
3310.38
3384.04
3338.67
3239.47
3227.08
3144.79
3284.69
3074.42
3257.52
3456.08
3247.49
3184.96
3069.91
3116.68
3095.78
3118.23
2960.79
3177.57
2987.59
3201.55
3110.86
3317.07
2994.15
3162.37
3448.41
3486.9
3121.27
3174.88
3132.44
3069.42
3216.37
3125.47
3221.84
3180.96
3289.65
3043.46
3382.3
3050.48
3157.91
3422.56
3119.81
3033.63
3183.8
3056.38
3434.78
3178.17
3074.2
3305.32
3227.35
3000.35
3267.38
3311.38
3224.57
3341.27
3364.31
3157.75
3353.95
3158.12
3170.45
3221.64
2988.24
3152.46
3363.06
3235.25
3105.73
3206.49
3198.31
3106.64
2863.48
3182.53
3343.58
3155
2858.69
3068.02
3351.65
2935.62
3163.25
3153.12
2978.14
3176.18
3226.22
3098
3213.19
3268.19
3199.06
3059.16
3087.89
2981.17
3137.58
3209.7
3044.75
3192.57
3316.78
3154.91
3168.1
3149.01
3268.66
3179.25
3210.24
3212.67
3182.18
3149.76
3119.81
3256.3
2985.02
3134.78
3193.9
3178.3
3397.87
3154.28
3071.07
3303.53
3246.74
3185.55
3151.87
3033.35
3191.22
3140.2
3246.84
3160.05
3126.9
3300.15
3182.55
3243.91
3549.42
3227.87
3091.15
3222.18
3372.21
3376.76
3282.37
3164.84
3104.65
2931.13
3317.83
3246.42
3307.6
3465.94
3220.26
3076.53
3220.96
3167.36
3201.83
3124.71
3264.16
2982.88
3232.22
3142.68
2995.96
2984.78
3169.19
3108.17
3128.7
3215.16
2962.36
3152.36
3282.97
3214.65
3253.99
3087.01
3322.65
3497.66
3312.2
3180.44
3069.13
3172.17
2987.17
3148.65
2962.36
3035.7
3143.07
3148.02
3087.76
3299.09
3218.27
3306.7
3306.23
3113.28
3199.6
3373.73
3339.98
3107.98
3425.8
3295.32
3127.98
3103.18
3461.95
2950.8
3154.6
3161.81
3382.92
3285.08
3399.6
3196.53
3276.17
3143.23
3384.18
2898.86
3351.53
3134.18
3142.05
3106.66
3211.13
3216.2
3079.45
3095.05
2991.85
2942.49
3163.12
3523.71
3243.12
3327.77
3082.41
3264.14
3005.39
3114.34
3268.47
3478.28
3087.31
2988.37
3110.81
3225.14
3057.72
3371.97
3271.36
2945.36
3037.77
3218.25
3205.81
3162.12
3386.87
3333.3
3256.31
3000.65
3126.55
3206.86
3224.94
3113.74
3233.46
3061.88
2965.04
3050.75
2996.11
3093.55
3379.31
3077.29
3219.36
3129.82
3242.33
3141.28
3287.96
3305.33
3237.32
3302.75
3229.98
3091.1
2955.8
3192.02
3049.91
3172.79
3095.86
3062.22
3260.57
3027.28
3238.02
3266.79
3088.66
3072.96
3222.57
3081.07
3321.36
3177.53
3280.24
3250.51
3062.6
3191.38
3252.99
3438.94
3256.33
3336.25
3294.73
3128.77
3251.98
3093.63
3251.83
3133.4
3044.68
3171.87
3225.82
3116.86
3295.47
3268.21
3221.51
3185.16
3039.77
3101.86
3192.29
3155.02
3305.67
3179.03
3297.48
3313.5
3327.64
2924.97
3201.67
3195.06
3165.6
3259.76
3102.34
2934.36
3253.79
3375.15
3143
3276.82
3388.34
3121.93
3377.69
3291.34
3254.85
3256.45
3107.29
3305.75
3063.33
3335.27
3117.57
3035.33
3125.95
3114.01
3101.49
3171.97
3081.44
3237.52
3275.93
3118.61
3131.38
3217.04
3080.7
3462.5
3233.56
3038.87
3316.35
3271.84
3137.75
3369.85
3033.5
3345.6
3158.02
3241.14
3364.02
3140.97
3290.76
3051.41
3158.15
3055.4
3204.99
3198.43
3141.52
3202.21
3433.55
2997.81
3248.49
3053.99
3216.69
3337.1
3108.36
3260.54
3318.04
3243.48
3306.67
3208.99
3105.88
3133.09
3175.85
3089.92
3167.69
3083.47
3198.85
3121.01
3347.49
3104.18
3052.43
3108.9
3197.02
3210.95
3324.35
3061.58
3329.29
3061.24
3177.36
3249.11
2967.56
3200.13
3198.31
3104.42
3270.69
3094.45
3151.1
3076.82
3006.53
3257.68
3198.79
3325
3220.48
3240.5
3147.42
3114.96
3383.03
2985.72
3284.5
2997.61
2959.8
3348.32
3191.37
3122.54
3109.97
3204.87
3001.34
3301.65
3002.96
3137.27
3392.53
3114.2
2895.96
3137.1
3342.44
3233.71
3118.62
3086.59
3538.94
3061.16
3070.81
3133.86
3419.76
3392.84
3177.13
3176.57
3430.38
3034.95
3322.31
3175.08
3091.72
2935.58
2933.02
3181.78
3139.63
3013.23
3258.71
3305.48
3113.4
3061.95
3085.22
3203.16
3071.6
3187.07
3260.26
3224.58
3244.26
3123.01
3222.46
3292.95
3044.95
3314.72
3070.61
3167.14
3083.14
3064.01
3269.58
3219.25
3217.78
3151.63
3237.92
2981.17
3489.77
3370.94
3030.42
3225.56
3129.76
3117.17
3046.72
3133.46
3006.25
3020.98
3065.46
3446.76
3250.34
3185.29
3026.48
3241.54
3294.83
3185.75
3297.94
3088.33
3181.56
3370.18
3298.05
3203.7
3106.54
3331.93
3051.15
3270.03
3223.72
2968.86
3382.44
3293.16
3232.37
3204.1
3432.34
3336.5
3206.48
3193.3
3214.48
3245.19
3156.28
2922.29
3015.31
3136.53
3214.2
3158.57
3313.36
3270.62
3099.72
3240.05
3271.87
3367.76
3159.87
3262.2
3261.91
3225.17
3320.53
3136.63
3137.49
3392.72
3178.82
3336.08
3056
3091.82
3224.79
3106.26
3221.86
2914.21
3171.93
3221.35
3170.97
2981.57
3387.23
3383.32
3160.31
3043.99
3021.4
3261.72
3399.49
3140.62
3360.98
3224.6
3183.65
3148.71
3296.02
3099.89
3089.78
3176.17
3142.67
3155.07
3192.71
3115.17
3165.3
3180.79
3419.99
3173.06
3308.82
3276.52
3149.14
3227.69
3064.79
3191.42
3326.12
3182.74
3078.18
3051.44
3047.23
3280.35
3036.12
3265.34
3330.7
3146.77
3300.69
3300.65
2939.96
3312.07
3078.43
2973.12
3129.11
3098.76
3401.9
3042.71
3139.99
3264.12
3265.11
2982.88
3266.06
3130.14
3338.9
3137.71
3103.91
3290.44
3199.74
3069.93
3013.06
3166.53
3157.63
3453.86
3118.03
3322.38
3408.68
3343.62
3092.88
3096.84
3252.12
3047.37
3067.4
3313.64
3179.61
3143.39
3177.58
3155.95
2871.26
3137.64
3090.68
2986.49
3008.01
2971.77
3261.37
3047.14
3150.98
3265.24
3137.09
3220.88
3295.1
3290.85
3088.76
3112.8
3252.44
3099.49
3319.03
3204.54
3198.8
3224.05
3116.04
3158.44
3156.34
3087.61
3133.77
3257.47
3166.89
3154.3
3418.36
3317.29
2939.32
3148.24
2994.44
3214.14
3059.33
3165.26
3197.52
3070.93
3196.3
3149.35
2905.99
3278.32
2957.31
3082.64
3201.84
3060.97
3285.97
3083.68
3038.31
3289.55
3250.05
3208.31
3208.02
3010.68
3009.48
3195.4
3189
3290.92
3162.3
2981.73
3450.57
3237.11
3125.54
2898.8
3178.96
3028.19
3183.77
3187.33
3158.77
2976.83
3050.17
3336.47
3146.53
3069.34
3144.22
3060.05
3014.03
3197.51
2962.18
3313.09
3271.91
3466.42
3323.81
3222.75
3275.43
3432.38
3169.25
3161.02
3003.41
3265.91
3233.22
3453.31
3122.53
3169.77
3250.61
3163.53
3071.15
3461.59
3128.6
3221.51
3176.11
3163.61
3161.56
3283.57
3182.75
3259.74
3359.71
3153.99
3033.57
3567.21
3238.53
3329.18
3177.67
3171.5
3075.05
3138.58
3030
3255.48
3233.23
3072.62
3176.41
3085.95
3255.36
3395.05
3108.49
3230.01
3433.52
2942.85
3238.03
3134.91
3358.57
3244.67
3344.22
3397.58
3129.24
3132.96
3101.03
3039.75
3167.99
3152.55
3183.5
3257.33
3111.53
2985.46
2994.91
3195.38
3189.42
3078.9
3119.09
3281.82
3034.79
3185.32
3232.4
3180.16
3284.8
3310.29
3255.57
3185.09
3397.17
3065.17
3215.17
3204.79
3182.13
3141.45
3248.39
3044.09
3256.95
3170.87
3215.09
3202.42
3202.93
3335.73
3209.86
3235.84
3137.96
3029.85
3363.58
3101.89
3390.75
3135.28
3156.19
3363.79
3143.32
2940.37
3186.88
3156.78
3116.54
3475.48
3263.5
3384.66
3180.46
3130.71
3074.79
3040.11
3111.79
3270.17
3153.24
3182.25
3349.42
3292.46
3231.5
3250.96
3250.37
3212.06
3271.28
3272.45
2895.8
3088.61
3143.84
3258.32
3028.35
3224.55
3218.76
3044.27
3027.25
3282.04
3125.91
3241.81
3227.46
3230.45
3071.12
3325.31
3061.32
2920.37
3360.98
3360.5
3190.95
3246.16
3435.02
2943.28
3048.46
3168.85
3165.96
3104.74
2952.7
3095.18
3119.31
3125.13
3187.95
3177.57
3066.91
3256.17
2990.8
3368.83
3362.93
3076.74
3165.14
3303.61
3352.72
2977.51
3190.68
3139.36
3054.58
3064.74
3082.31
3116.35
3168.37
3135.98
3168.94
3115.04
3259.42
2955.85
3110.14
3256.82
3196.64
3097.18
3098.23
2982.32
3018.54
3332.68
3159.76
3187.57
3102.95
3155.97
3181.55
3332.18
3218.98
3163.45
3096.6
3014.68
2950.7
3067.79
3143.72
3203.54
3244.91
3282.88
3261.66
3298.15
3245.09
3161.21
3302.63
2969.68
3131.59
3261.99
3270.02
3233.06
3222.47
3480.21
3244.13
3326.91
3088.9
3176.95
3234.74
3181.22
3266.79
3342.08
3246.76
3275.48
3286.26
3036.26
3382.23
3303.41
3196.63
3311.93
3282.07
3233.78
3069.49
3049.34
3276.59
3072.04
3105.54
3319.59
2982.1
3209.48
3309.01
2998.7
3181.96
3127.6
3277.76
3235.9
3263.94
3131.19
3194.44
3378.89
3063.42
3254.87
3188.81
2904.5
3284.13
3253.58
3089.37
3083.44
3385.4
3256.08
3330.12
3165.71
3006.16
3120.56
3196.56
3068.22
3308.13
3229.09
3282
3155.49
3326.79
3153.41
3360.61
3122.48
3059.79
3260.91
3303.93
3309.09
3201.53
3172.62
3248.58
3427.08
3279.65
3380.83
3331
3182.08
3238.77
3181
3111.71
3080.97
2884.4
3171.46
3104.01
3060.28
3217.18
3399.31
3255.4
3200.57
3100.8
2980.78
3219.79
3266.82
3019.73
3059.4
3205.77
3319.47
3267.12
3188.51
3263.71
3216.86
3159.75
3217.72
3148.47
3196.45
3168
3236.46
3092.04
3073.25
3325.4
3180.22
3287.6
3037.14
3069.74
3202.39
3077.51
3274.29
3071.47
3120.66
3085.94
3068.49
3345.49
3052.1
3020.83
3134.86
3543.51
3053.78
3230.68
3289.65
3105.51
3178.35
3345.51
3129.27
3271.63
3213.78
3213.04
3342.45
3152.44
3121.86
3339.97
3212.38
3031.21
2968.11
3141.14
3222.93
3277.99
3203.23
3059.88
3158.33
3128.72
3226.43
3089.3
3086.39
3011.35
3005.66
3130.88
3199.2
3301.99
3478.36
3238.42
3102.63
3201.13
3351.11
3379.86
3381.87
3332.41
3457.13
3263.81
3238.6
2968.58
2897.41
3176.41
3144.53
3132.51
3425.35
3131.44
3268.05
3220.03
3123.17
3115.76
3058.45
3449.21
3341.11
3270.32
3023.39
3111.05
3149.12
3206.13
3325.77
3121.96
3273.11
3347.85
3181.38
3348.43
3279.78
3171.95
3094.41
3015.43
3106.31
3113.09
3158.85
3105.46
3153.09
3141.53
3159.83
3078.73
3408.24
3103.78
3085.27
3097.91
3188.44
3372.98
3041.57
3385.75
3299.08
3106.63
3305.79
3143.65
3252.26
3025.46
3169.26
3426.39
3164.62
3058.59
3115.72
3124.46
3222.35
3035.51
3257.15
3168.37
3004.36
3368
3127.29
3326.66
3527.47
3108.14
3054.04
3251.66
3204.95
3445.98
3305.49
3131.41
3309.01
3266.74
3209.43
3114.1
3267.85
3186.65
3224.68
3170.93
3148.59
2964.26
3181.75
3035.89
3062.25
3263.59
3108.02
3227.46
3156.12
3198.35
3376.38
3261.87
3440.82
3339.85
3110.69
3204.1
3263.82
3264.49
3355.87
3260.83
3213.23
3006.05
3256.92
3071.41
3088.88
3266.13
3219.44
3058.12
3174.77
3168.49
2949.76
3276.54
3332.87
3232.98
3288.39
3166.58
3000.33
3296.28
3056.87
3305.96
3257.06
3322.65
3214.98
3148.67
3209.3
3125.29
2999.02
3366.6
3436.83
3194.67
3192.57
3126.65
3106.68
3325.98
3272.81
3174.98
3052.96
3214.19
3352.95
3167.2
3363.14
3203.51
3100.68
3179.87
3311.86
3289.77
3204.34
2954.27
3076.04
3369.44
3087.88
3262.77
3254.65
3222.35
3156.44
3345.46
3217.41
3155.23
3296.87
3343.44
3220.76
3241.4
2924.64
3251.51
3217.79
3228.29
3231.2
3333.75
3046.87
3210.93
3162.64
3393.41
3121.71
3159.12
3115.52
3336.73
3107.56
3244.96
3145.36
2965.61
3190.1
3411.01
3174.06
2960.67
3242.95
3191.29
3278.34
3311.25
3188.46
3119.22
3151.19
3179.29
3171.75
3400.88
3220.86
3225.43
3105.31
3229.22
3099.08
3063.51
3424.51
2956.4
3005.45
3104.14
3189.5
3446.62
3157.52
3316.27
3412.58
3320.13
3173.4
3193.67
3204.07
3196.43
3271.54
3407.96
3324.2
3188.58
3197.33
3128.55
2996.25
3264.18
3201.24
3150.96
3312.33
3185.72
3187.3
3222.91
3062.34
3217.48
3027.7
3407.04
3301.33
3094.48
3321.7
3182.41
3167.17
3166.27
3362.69
3259.41
3597.17
3222.51
3089.63
3229.48
3131.58
3122.44
3279.42
3261.06
3175.47
3121.55
3048.86
3053.89
3222.24
3186.09
3077.81
3355.09
3161.49
3451.95
2938.49
3085.26
3270.13
3230.86
3142.16
3211.93
3231.91
3240.23
3081.83
3336.86
2977.73
3278.22
3194.96
3236.49
3176.77
3275.38
3327.61
3201.02
3200.67
3190.93
3215.43
3333.98
3170.59
3171.73
3063.01
3338.78
3042.72
3281.87
3113.28
3274
3238.97
3454.53
3262.29
3414.6
3357.34
3423.8
3061.74
3110.79
3337.21
3306.36
3270.71
3116.4
3047.26
3282.48
3119.36
3547.38
3081.08
3244.34
3102.95
2986.19
3092.27
3030.15
3321.61
3457.53
3251.1
3335.12
3095.51
3337.89
3095.82
3276.49
3243.98
3175.87
3284.09
3033.86
3132.36
3071.47
3247.59
3114.88
3312.93
3104.86
3292.35
3116.12
3232.46
3220.24
3135.83
3051.96
3312.65
3223.31
3410.44
3314.9
3162.09
3260.77
3141.22
3127.39
3139.08
3009.25
3166.64
2985.51
3201.09
3064.22
3265.3
3116.71
3139.78
3298.51
3157.29
3109.04
3295.35
3188.15
3232.71
3296.69
3136.85
3162.21
3117.08
2984.34
3091.86
3134.52
3408.76
3551.31
3015.62
3276.76
3329.12
3201.61
3398.53
3190.46
3219.56
3333.76
2881.58
3292
3165.73
3359.75
3224.34
3044.29
3145.23
3133.03
3133.27
2888.95
3143.41
3313.33
3135.48
3108.7
3304.83
3251.77
3129.95
3255.64
3162.11
2993.06
3258.99
3237.52
3219.31
3171.61
3266.34
3307.5
3189.79
3095.63
3056.61
3114.05
3207.52
3375.51
3181.34
3238.88
3258.13
3202.02
3240.87
3210.1
3106.3
2985.25
2967.37
3431.48
3290.5
3251.75
3225.78
3171.45
2849.17
3281.09
3058.37
3230.44
3062.76
3175.98
3248.87
2966.53
3039.78
3017.42
3146.78
2948.31
3296.72
3137.15
3009.62
3130.24
3119.03
3136.99
3261.37
3308.04
3138.84
3316.33
3277.6
3223.2
3410.77
3127.37
3125.47
3155.95
3154.27
3111.56
2988.46
3010.29
3093.89
2987.91
3037.39
3197.52
3215.59
3175.07
3025.22
3318.2
3099.2
3321.73
3034.67
2808.79
3033.79
3184.84
3148.92
3179.12
3200.05
3115.75
3256.36
3420.86
3181.65
3278.18
3090.81
3083.15
3057.43
3131.51
3113.07
3149.7
3150.33
3124.52
3172.49
3109.55
3274.5
3189.13
3290.77
3450.08
3253.76
3158.74
3180.98
3049.39
3138.52
3049.49
3125.04
3236.79
3157.62
3010.85
3077.63
2912.08
3153.13
3295
3420.7
3319.08
3084.46
3219.56
3212.51
3021.17
2986.1
3144.15
3360.99
3332.6
3255.04
3324.42
3079.35
2927.84
3462.99
3210.88
3066.82
3250.03
3151.79
3093.42
3279.7
3014.65
3177.06
3289.49
3134.5
3209.41
3543.47
3060.76
3278.7
3134.35
3159.16
3232.42
2902.62
3286.14
3254.43
3258.69
3295.28
3185.98
3241.01
3144.95
3159.9
3173.13
3105.17
2945.15
3055.14
3196.07
3054.15
3157.98
3090.59
3390.87
3097.26
3202.33
3073.37
3162.39
3002.69
3085.71
3040.08
3273.74
3098.52
3160.72
3266.67
3144.85
3005.14
3342.43
3156.31
3288.63
2941.06
3282.37
3103.11
3133.92
3056.38
3420.14
3159.53
3370.56
3335
3068.12
2888.15
3054.85
3290.38
3303.62
3366.47
3106.95
3425.84
3282.9
3045.28
3265.25
3165.62
2912.39
3266.59
3207.95
3299.75
3246.98
3482.75
3268.11
3002.92
3139.3
3306.34
3162.04
2902.77
3110.34
3159.9
3202.9
3205.42
3228.65
3168.87
3015.82
3091.91
3127.97
2974.46
3055.3
3271.25
3299.19
3143.31
3158.69
3160.87
3334.26
3267.92
3220.6
3038.84
3162.6
3387.4
3155.07
3177.04
3202.05
3214.74
3238.04
3218.1
3082.14
3438.64
3355.55
3175.27
3395.65
3057.46
3100.83
3158.01
3217.25
3019.68
3150.15
3170.79
3069.59
3284.6
3257.24
3191.4
3215.23
3265.56
3374.82
3248.88
2999.64
3178.12
3285.57
3125.8
3107.1
3135.27
3212.22
3224.71
3123.78
3112.48
3120.25
3162.42
3161.63
3189.61
3061.06
3248.87
3119.97
3161.64
3204.73
3038.42
3226.56
3073.65
3367.63
3359.79
3124.09
3059.02
3164.12
3298.55
3186.42
3182.67
3342.05
2982.92
3277.23
3136.03
3105.11
3039.48
3204.29
3108.27
2873.76
3023.16
3189.35
3440.38
3206.97
3184.08
3319.51
3151.61
3107.48
3241.04
3137.29
3215.86
3157.94
3121.79
3195.2
3265.29
3206.8
3140.19
3004.36
3362.22
3373.25
2958.73
3107.17
3169.21
3107.57
3355.01
3041.5
3144.11
3186.23
3034.73
3048.8
3101.71
3226.03
3103.66
3193.8
3109.61
3177.22
3195.56
3258.78
3042.46
3236.99
3211.19
3181.75
3137.28
3087.41
3246.24
3301.57
3196.82
3101.04
3238.97
3111.98
3053.67
3299.87
3147.76
3403.83
3303.93
3125.72
2991.85
3246.2
3233.48
3151.96
3325.58
3041.98
3135.1
3195.2
3016.37
3125.9
2841.49
3088.7
3242.3
3185.94
3150.93
3456.18
3285.2
3165.95
3332.89
3253.32
3165.96
3277.45
3204.51
2967.3
3193.79
3095.64
3463.89
3193.4
3247.29
3197.4
3273.78
3204.86
3325.13
3053.15
3112.92
3159.64
3062.11
3069.15
3214.88
3138
3217.95
3473.45
3242.27
3134.46
3072.94
3311.93
3165.32
2924.6
2971.92
3238.98
3154.74
3175.72
3128.94
3123.54
3206.6
3262.67
3281.8
3096.75
3028.3
3433.6
3080.89
3098.48
3126.19
3072.62
3346.04
3066.83
2887.65
3177.36
3348.21
3182.12
3015.11
3290.24
3151.01
2984.29
3076.91
3123.21
3225.66
3128.95
3224.51
3285.66
3174.33
3291.4
3039.43
3163.33
3185.29
2953.99
3136.57
3159.1
3125.63
3328.89
2993.36
3151.21
3030
3122.67
3206.63
3042.98
3110.2
3108.98
3209.02
3199.85
3266.16
3181.13
3142.7
3052.3
2936.28
3267.12
3228.69
3059.19
3270.77
3299.85
3120.56
3208.47
3166.86
3272.97
3486.3
3301.69
3180.48
3306.72
3268.99
3186.46
3332.21
3339.34
3145.68
3085.03
3305.91
3163.44
3010.64
3135.83
3278.01
3140.85
3111.86
3250.63
3217.21
3218.27
3232.69
3049.53
3150.33
3115.77
3409.86
3366.2
3055.8
3420.86
3167.12
3222.15
3237.63
3382.7
3375.9
3216.51
3219.04
3289.65
3019.85
3056.39
3180.49
3066
3181.99
2955.72
3154.01
3381.64
3173.41
3109.04
2931.5
3144.48
3119.6
3130.69
3051.46
3428.34
2998.14
3410.86
3067.27
3386.37
3271.31
3190.17
3096.31
3354.47
3157.1
3142.56
3199.08
3187.63
3239.23
3296.06
3100.59
3121.52
3089.57
3310.97
3302.04
3240.85
3002.9
3202.03
3168.57
3113.21
3122.64
3346.82
3114.86
3112.92
3073.56
3355.34
3051.72
3095.38
3072.29
3120.87
3190.28
3096.68
3192.39
3131.7
3023.8
3318.84
3260.84
3116.24
3319.23
3239.28
3186.81
3202.84
3158
3073.6
3386.31
3592.6
3302.62
3295.95
3236.7
3199.16
3190.12
3233.12
3184.29
3258.2
3018.45
3297.35
3166.52
3085
3062.92
3142.57
3209.79
3157.11
3228.71
3220.94
3338.9
3210.43
3196.58
3014.44
3102.23
3304.29
3016.2
3236.86
2933.1
3205.82
3268.07
3133.05
3434.61
3043.4
3129.52
3308.47
3226.82
3227.6
3141.72
3041.61
3076.65
3342.28
3258.9
3311.31
3111.39
3306.54
3147.92
3096.67
3261.59
2993.96
3245.38
3250.06
3210.93
3307.26
3259.27
3101.71
3114.33
3195.23
3007.75
3099.05
3423.64
3146.54
3012.76
3052.8
3243.39
3097.01
3037.47
3138.3
3135.39
3180.92
3110.24
3378.84
3420.08
3231.81
3246.02
3266.56
2996.03
3144.65
3366.91
3119.86
2969.19
3171.19
3141.48
3163.36
3151.67
3165.9
3115.89
3381.14
3214.78
3165.67
3281.51
2981.33
3207.14
3122.01
3191.04
3242.01
3066.8
3287.93
3018.35
3131
3203.19
3039.43
3172.17
3246.58
3215.08
3092.23
3117.36
3301.19
3199.68
3066.04
3312.33
3053.09
3317.66
3390.18
3261.11
3399.53
3185.64
3474.09
3081.9
3260.15
3132.58
3061.81
3373.09
3048.45
3159.47
3184.06
3196.9
3319
3144.52
3302.9
3168.87
3229.04
3072.73
3141.07
3244.28
3330.59
3254.65
3101.97
3246.02
3113.49
3229.35
3292.13
3121.14
3270.85
3353.71
3095.87
3195.8
3175.4
3230.78
3292.63
3135.91
3160.37
3236.02
3139.99
3047.74
3145.58
3242.12
3121.55
3289.03
3020.39
3145.37
3275.28
2990.51
3338.29
3048.15
3172.06
3118.96
3156.41
3388.33
3082.31
3168.88
3169.82
3078.82
3217.98
3172.89
3127.58
3203.37
3311.59
3290.96
3204.35
3149.32
3203.73
3064.18
3248.52
3128.12
3374.69
3201.68
3278.23
3156.76
3090.69
3240.65
3110.58
3153.59
3114.9
3119.7
3158.31
3294.71
3219.66
3169.91
3168.1
3294.62
3205.96
3246.49
3391.08
2942.03
2999.02
3174.51
3251.36
3304.94
3237.21
3238.7
3013.19
3220.57
3267.65
3287.66
3141.83
3138.71
3417.98
3351
3252.18
3235.35
3084.34
3085.65
3046.38
3167.32
3251.02
3120.68
3059.73
2877.78
3345.19
3221.98
2940.25
3073.33
3252.83
3250.32
3073.45
3209.3
3207.22
3089.66
3156.26
2951.33
3261.05
3076.02
3094.04
3158.97
3116.52
3001.91
3077.71
3334.05
3130.14
3193.02
3266.24
3169.08
3189.29
3062.08
3119.35
2907.85
3238.43
3246.28
2946.84
3056.38
3086.43
3177.65
3076.27
3202.92
3230.59
3140.5
3250.05
3217.09
3021.69
3047.06
3176.33
3005.57
3145.26
3125.94
3144.25
3274.32
3381.04
3194.69
3282.7
3249.97
3194.71
3128.7
3171.17
3220.15
3240.69
3148.7
3362.14
3265.96
3310.96
3021.42
3358.12
3133.41
3266.22
3294.88
3414.78
3130.67
3295.06
3080.67
3072.97
3281.65
2960.55
3276.21
2990.59
3071.48
3316.52
3458.08
3109.49
3136.85
3284.44
3252.08
3200.5
3089.45
3385.51
3328.92
3301.32
3327.73
3201.67
3435.02
3087.3
3079.54
3137.97
3178.62
3208.91
3220.57
3130.91
3202.57
3254.96
3471.68
3207.04
3186.76
3349.83
3137.84
3259.37
3426.29
3213.07
3185.88
3295.43
3305.26
3164.23
3237.34
3225.12
3035.03
3262.27
3135.17
3176.51
3445.47
3258.35
3112.66
3289.05
3139.4
3189.85
3256.03
3177.06
3173.03
3156.75
3234.54
3072.54
3189.52
3171.56
3209.42
3118.18
3410.09
3256.6
3271.57
3038.53
3137.07
3209.95
3131.38
3252.82
3238.46
2983
3426.75
3290.84
2974.29
3355.87
3084.51
3227.12
3305.02
3159.51
3328.52
3085.06
3055.84
3031.05
3124.88
3188.53
3107.35
3009
3254.71
3228.3
3233.08
3024.59
3031.67
3279.29
3074.54
2928.14
3083.6
3163.58
3277.09
3145.57
2961.79
3259.94
3159.52
2986.96
3309.76
3058.96
3072.55
3204.74
3311.45
3356.82
3105.13
3318.2
3145.15
3236.05
3415.37
3112.27
3175.52
3140.03
3108.07
3119.48
3176.59
3064.37
3095.86
2968.75
3376.47
3250.44
3138.5
3140.19
3169.89
3136.54
3258.87
3153.16
3089.38
3170.38
3104.67
3243.39
3350.45
3322.98
3143.06
3304.11
2928.43
3350.5
3247.83
3277.56
3242.76
3048.52
3166.42
3362.13
3184.01
3070.63
3314.92
3176.54
3076.79
3185.86
3177.89
3344.33
3132.48
3134.24
3293.74
3239.44
3305.58
3210.89
3300.37
3295.98
2984.6
3215.99
3287.48
3186.72
3152.06
3138.82
3233.72
3123.39
3421.75
3225.51
3148.91
2996.89
3267.59
3170.75
3096.02
2975.2
3093.17
3188.54
3175.75
3043.76
3025.92
3224.67
3048.33
3007.38
2979.93
3044.82
3127.71
3215.88
3336.47
3222.41
3342.63
3044.57
3037.83
3175.36
3231.5
3033.44
3032.39
3216.13
3191.18
2925.81
3272.07
3168.87
3193.46
3271.85
3081.56
3406.63
2984.83
3019.87
3271.07
3442.57
3337.55
3252.82
3142.06
3112.87
3144.88
3229.26
3207.97
3203.56
3123.74
3235.87
3098.26
3175.87
3186.65
3306.76
3335.38
3081.1
3149.66
3258.58
3205.04
3232.16
3134.18
3136.39
3205.16
3272.6
3266.61
2964
3406.23
3212.65
3172.46
3294.1
3232.36
3440.74
3080.45
3273.17
3147.74
3065.12
3283.52
3318.98
3114.16
3289.46
3306.58
3352.9
3272.24
3029.07
3072.41
3193.49
3104.46
3096.43
3374.23
3306.32
3084.19
2917.61
3146.4
2976.52
3218.34
3064.82
2887.79
3093.67
3131.94
3244.54
3229.2
3195.63
3218.15
3040.29
3101.21
3070.83
2966.18
3136.88
3339.9
3140.93
3234.7
3015.47
3163.93
3049.42
3105.26
3007.03
3159.48
3086.61
3221.93
3348.85
3120.07
3287.78
3351
3207.91
3306.37
3181.92
3198.78
3182.98
2996.22
3075.86
3107.18
3249.9
3259.19
3317.56
3297.09
3189.35
3096.16
3280.3
3100.22
3177.01
3086.24
3269.1
3158.3
2964.87
3341.61
3007.56
3026.59
3175.17
3322.46
3352.58
3031.38
3165.11
3135.73
2950.49
3347.91
3249.89
3260.25
3175.94
3299.02
2954.42
3170.74
3127.86
3127.01
3421.16
3237
3138.64
3055.49
3387.98
3017.19
3398.16
3239.73
3060.05
3316.36
3178.91
3197.16
3239.58
3277.96
2951.92
3232.59
3049.44
3033.71
3232.54
3053.46
3016.95
3296.7
2969.26
3066.11
3112.11
3042.92
3070.67
3059.07
3003.91
3159.52
3207.31
3377.16
3149.96
2966.72
3258.46
3387.96
3174.57
3298.38
3099.62
3385.74
3137.49
3225.14
3097.77
3178.56
3182.98
3248.27
3330.61
3280.23
2923.99
3061.85
3176.4
3024.95
3276.62
3229.43
3001.69
3447.63
3204.78
3113.83
3265.76
2961.46
3181.36
3371.17
3235.31
3318.17
3335.99
3327.13
3002
3302.45
3248.16
3219.84
3231.43
3144.28
3174.15
3168.25
3127.01
3301.5
3370.34
3034.21
3206.75
3216.86
3253.09
3141.5
3229.15
3201.23
3071.04
3248.53
2989.21
3114.27
3007.23
3094.55
3394.99
3163.96
3345.69
3140.53
3256
2943.83
3106.06
3404.45
3167.97
3339.32
3074.72
3268.22
2930.94
3245.41
3140.7
3122.78
3141.69
3201.94
3091.5
3269.44
3128.32
3233.05
2987.57
3182.15
3400.41
3252.8
2920.21
3227.27
2968.71
3040.77
3276.74
3151
2966.67
3310.92
3153.58
3098.02
3208.79
3156.48
3217.42
3191.41
3117.16
3188.63
3151.63
3271.7
3167.39
3156.55
3254.75
3090.19
3196
3144.81
3197.32
3172.25
3183.78
3066.74
3181.9
3146.29
2975.48
3096.44
3176.38
3142.09
3061.69
3374.15
3219.65
3022.24
2999.6
3280.08
3157.56
3397.04
3086.59
3281.73
3164.09
3184.13
3159.07
3145.04
2983.21
3013.59
3231.63
3108.96
3186.96
3127.49
3077.94
3170.66
3212.05
3091.55
3396.93
2973.37
3286.14
3191.72
3088.05
3179.69
3260.77
3201.91
3182.7
3252.55
3383.58
3302.25
3027.62
3137.26
3170.43
3119.8
3401.43
3267.27
3044.84
3198.79
3193.99
3178.65
3143.94
3249.13
3072.03
3022.65
3403.37
3090.97
3088.21
3132.69
3072.07
3151.15
3062.19
3227.18
3274.33
3293.24
3142.76
3099.75
3294.51
3258.21
2951.94
3249.02
3234.09
3153.39
3114.32
3351.98
3320.65
3146.11
3134.46
3104.11
3249.49
3321.26
3132.11
3078.32
3328.38
3192.32
3085.05
3205.57
3254.29
3244.67
3172.69
3120.22
3140.57
3226.1
3106.76
3362.62
3202.67
3201.87
3192.93
3210.31
2979.81
3042.94
3137.48
3162.4
2955.4
3180.92
3197.79
3405.94
3144.96
3458.22
3045.7
3149.28
3271.44
3083.8
3336.31
3313.79
3131.41
3154.39
3206.23
3083.71
3154.44
3195.81
3219.4
3278.19
3043.08
3276.01
3258.09
3170.56
3132.74
2994.7
3368.52
3199.69
3338.48
3392.18
3176.38
3088.4
3298.39
3152.56
3341.75
3341.26
3146.9
3273.77
3209.68
3300.6
3242.9
3036.14
3174.06
3268.84
3192.63
3112.9
3039
3363.1
3312.94
3283.32
2985.45
3295.04
3089.32
2955.48
3165
3173.3
3346.49
2989.87
3267.06
2993.94
3202.18
3199.91
3149.79
3057.35
2971.96
3171.11
3232.75
3394.21
3258.98
3439
3131.7
3335.5
3085.49
3141.1
3088.34
3299.17
3228.28
3162.82
3256.01
3075.13
2991.3
3015.85
3117.21
3112.52
3203.65
3019.58
3110.32
3321.15
3275.77
3144.54
3019.83
3136.56
3205.48
3010.45
3365.72
3196.76
3331
3029.26
3268.83
3001.88
3177.38
3294.42
2884.74
3289.73
3176.32
3401.97
3179.18
3274.26
3144.91
3027.69
3144.25
3225.82
2951.65
3336.17
3125.46
3377.51
3204.88
3155.51
3219.71
3160.85
3166.8
3128.74
3253.04
3249.05
3089.22
3285.82
3190.65
3280.98
3270.63
3181.2
3065.84
3120.26
3114.25
3124.17
2994.04
3074.77
3002.79
3034.71
3388.15
3281.3
3111.02
3161.85
3030.56
3303.93
3095.18
3166.77
3011.6
2985.65
3181.18
3005.96
3088.86
3146.9
3298.41
3211.63
3153.89
3241.85
3298.49
3094.24
3320.24
3121.45
3297.34
3263.64
3376.23
3431.15
3082.81
3114.34
3269.85
3229.78
3217.1
3297.24
3159.88
3262.42
2960.36
2936.35
3188.47
3215.49
3417.83
2979.09
3087.05
3130.86
3091.42
3242.65
3336.72
3262.11
3141.82
3093.66
3154.3
3142.79
2899.78
3176.75
3143.44
3288.79
3063.52
3213.87
3189.16
3298.48
3100.84
3250.06
3126.59
3240.13
3129.94
3301.84
3149.37
3056.47
3207.38
3204.35
3216.96
3024.31
3254.57
3130.44
3085.37
3177.69
3125.5
3120.56
3121.07
3223.5
3189.47
3325.59
3295.69
3194.67
3049.6
3160.32
3261.63
3009.57
3043.12
3014.92
3292.8
3273.21
3251.5
3099.41
3226.02
3311.69
3144.37
2998.8
3172.75
3062.54
3169.47
3283.99
3175.99
3297.96
3338.34
3053.49
3158.31
3522.89
3069.32
3021.24
3053.73
3286.97
3233.64
3296.28
3218.85
3316.35
3089.36
3151.05
3236.91
3360.14
3296.91
3145.05
3107.92
3321.89
3209.55
3032.69
3251.46
3295.52
2969.08
3232.27
3123.61
3065.89
3276.76
3119.74
2981.7
2952.48
3133.23
3238.41
3323.91
2959.75
3271.08
3329.92
3176.81
3214.24
3273.91
3295.58
3197.25
3324.44
3062.98
3171.4
3295.61
2996.94
3254.72
3205.51
3159.88
3112.34
3079.95
3309.19
3010.68
3272.04
3148.25
3257.05
3097.41
3055.87
3183.38
3262.68
3380.49
3227.03
3306.92
3192.45
3243.42
3356.04
3088.69
3348.44
3244.39
3302.14
3057.71
3434.24
3328.56
3261.02
3301.2
3307.66
3227.26
3247.48
3189.39
3356.03
3093.43
2972.4
3094.59
3287.23
3207.23
2991.83
3108.41
3174.62
3033.45
3143.53
3245.94
3287.58
3220.73
3180.55
3177.16
3388.8
3256.29
3209.85
3189.21
3156.26
3160.81
3147.34
3161.83
3054.67
3211.66
3173.97
3167.55
3137.52
3159.52
3100.89
3378.79
3246.21
3134.16
3180.84
3098.78
3203.18
3239.68
2891.77
3062.69
3350.42
3087.45
3136.21
3257.62
3078.42
3206.68
3102.19
3272.59
3281.97
2976.19
3118.28
3402.26
3372.79
3111.28
3170.96
3037.58
3341.7
3052.72
3101.52
3223.25
3165.8
3139.51
3174.76
2972.78
3088.69
3392.6
3239.62
3462.1
2982.02
3085.82
2933.41
3014.94
3208.15
3138.07
3279.52
3123.13
3246.05
3302.13
3139.39
3124.82
3279.68
3118.64
3260.03
3170.68
2999.29
3314.69
3227.01
3389.51
3040.59
3223.27
3214.41
3187.58
3318.94
3250.85
3261.89
3213.4
3349.98
3129.58
3106.76
3019.73
3027.5
3281.38
3239.27
3081.83
3222.41
3175.37
3049.6
3291.24
3023.74
3123.42
3237.55
3251.41
3188.54
3204.37
3288.16
3212.02
3376.96
3237.93
3321.79
3166.82
3342.42
3021.96
3083.16
3264.89
3195.79
3063.63
3209
3098.21
3297.23
3291.24
3128.91
3330.99
3221.35
3220.49
3126.29
2907.61
3304.13
3194.53
3409.87
3108.53
3308.05
3316.08
2958.42
3187.58
3144.71
3231.57
3241.29
3154.44
3201.63
3018.89
3127.89
3203.45
3267.52
3141.4
2913.14
3044.9
3265.19
3076.62
3031.95
3216.83
3153.62
3155.37
3249.97
3265.59
3200.94
3301.7
3135.19
2909.15
3366.85
3208.74
2964.35
3266.8
3174.92
3286.65
3154.76
3063.19
2958.12
3105.72
3140.17
3151.97
3288.75
3145.38
3182.33
3034.66
3253.27
3154.62
3084.61
3221.83
3020.11
3011.78
3367.75
3097.58
2973.13
2999.28
3317.64
3026.51
3285.09
3340.18
3184.78
3080
3313.57
3281.22
3021.78
3175.35
2893.78
3136.59
3372.63
3251.63
3289.36
3112.64
3189.7
3121.36
3137.61
3418.93
3203.01
3201.25
3188.49
3469.39
3236.18
3051.14
3107.4
3195.83
3190.21
3211.33
3083.81
3235.25
3122.77
3355.65
3203.12
3146.17
3202.86
3257.83
3225.33
3295.14
3158.54
3010.16
3064.78
3342.6
3096.18
3168.91
3059.01
3153.31
2976.94
3178.23
3290.7
3196.84
3090.52
3222.26
2995.59
3113.39
3307.01
3449.32
3103.31
3157.44
3425.27
3054.41
3032.21
3103.34
3197.59
2987.79
3091.5
3250.19
3059.14
3255.86
3147.77
3221.44
3300.24
3232.12
3330.31
3231.92
3360.69
3093.19
3162.38
3238.91
3092.78
3317.99
2967.68
3323.08
3077.85
3045.4
3218.71
3244.77
3145.12
3313.38
3220.28
3151.65
3053.91
3200.21
3003.01
3237.02
3157.23
3150.22
3063.61
3127.26
3309.91
3026.94
3224.03
3201.35
3313.56
2863.43
3166.96
3467.06
3177.18
3208.74
3204.65
3226.9
3103.52
3210.28
2849.43
3115.17
3122.63
3170.06
3327.75
3173.62
3017.07
3234.01
3294.54
3233.93
3144.6
3075.84
3154.03
3231.62
3158.78
3081.66
3140.73
3189.58
3264.88
3188.54
3186.17
3448.64
3092.09
3219.77
3010.21
2837
3145.6
3189.5
3338.23
3199.38
3244.34
2978.99
3220.73
3128.8
3230.44
3167.92
3409.51
3071.8
3115.86
3090.49
3190.06
2979.69
3016.34
3304.06
3195.79
3164.91
3298.01
3198.74
3207.28
3220.4
3252.74
3350.69
3451.63
3141.76
3218.85
3076.52
3374.31
3312.81
3167.98
3113.59
3133.6
3206.41
2936.03
3203.9
3191.12
3087.34
3158.47
3376.54
3043
3055.53
3302.28
3137.18
3447.64
3283
3305
3377.37
2917.44
3306.74
3082.96
3224.91
3111.81
3231.02
3133.49
3239.68
3113.52
3013.43
3229.13
3295.67
3169.38
3176.41
3246.21
3058.85
3103.97
3190.01
3128.6
3182.38
3285.78
3040.57
3343.43
3130.16
3023.77
2950.04
3189.23
2968.01
3116.58
3311.69
3195.61
3423.11
3268.57
3252.91
3300.71
3398.78
3369.9
3209.39
3053.6
3229.75
3165.47
3119.5
3171.22
3149.2
3070.65
3131.31
3021.43
3350.16
3193.45
3276.95
3113.68
3181.22
3199.86
3252.68
3278.1
3048.91
3238.12
3056.28
3426.44
3162.77
3301.4
3365.45
2982.8
3282.64
3114.56
3183.77
3282.26
3134.7
3260.47
3250.98
3198.39
3243.34
3383.55
3220.87
3074.31
3113.23
3037.12
2981.37
3027.05
3334.3
3135.28
2969.49
3104.52
3378.56
3266.23
3229.39
3252.71
3071.94
3324.4
3204.17
3097.77
3100.5
3124.11
3114.29
3020.99
3079.05
3200.5
3079.19
3215.33
3241.1
3377.75
3212.89
3164.71
3162.49
3094.43
2951.48
3255.04
3230.55
3279.1
3276.63
3147.74
3165.07
2989.76
3225.6
3019.71
3244.65
3040.15
3131.66
3195.1
2948.69
2956.81
3283.15
3176.32
3339.39
3006.96
3098.56
3194.56
3175.75
3316.07
3047.42
3320.59
3120.56
3410.26
3261.47
3215.53
3336.62
3302.09
3024.96
3203.23
2965.55
3219.76
3095.37
3101.31
3315.11
3222.06
3167.14
3110.09
2983.23
3153.85
2858.59
3098.66
3329.33
3271.86
3040.99
3141.48
3083.02
3397.55
3228.61
3287.56
3231.53
3051.98
3407.9
3283.33
3264.86
3166.35
3224.12
3083.29
3265.84
3282.41
3117.52
3233.68
3258.29
3241.9
3159.53
3054.16
3171.73
3045.63
3443.09
3090.03
3293.93
3360.81
3069.67
3296.25
2865.31
3237.7
3152.32
3240.1
3290
3213.89
3246.43
3166.89
3085.02
3153.95
3180.23
3139.07
3171.57
3039.42
3224.6
3156.26
3424.6
3149.99
3207.54
3237.21
3054.44
3427.29
3225.83
3325.8
3153.8
3122.16
3350.06
3331.64
3086.53
3188.44
3081.64
3248.41
3083.06
3028.02
2982.6
3311.25
3081.69
3323.32
3081.83
3198.82
3062.46
3133.14
3263.63
3273.3
3351.14
3081.79
3076.63
3379.09
3229.08
3168.16
3297.01
3266.03
3095.09
3214.59
2929.05
3182.34
3237.78
3392.95
3374.98
3070.46
3206.12
3179.83
3157.84
3162.94
3199.74
3277.4
3134.33
3168.39
3139.05
3243.45
3366.93
3188.63
3068.68
3051.16
3151.69
3264.84
3262.03
3066.4
3042.53
3103.57
3047.3
3127.83
3062.69
3378.26
3239.05
3245.02
3328.75
3246.58
3150.84
3070.34
3147.68
3180.69
3257.7
2964.5
3211.6
3112.66
3227.71
3160.48
3291.91
3207.38
3156.81
3240.95
3050.9
3187.1
3408.8
3087.1
3221.26
3293.89
3167.72
3010.94
3093.54
2919.92
3326.01
3439.61
3079.38
3261.94
3279.44
3236.82
3051.1
3430.26
3136.35
3211.55
3417.6
3183.03
3239.55
3216
3171.36
3068.45
3389.07
3184.11
3137.03
3234.2
3137.6
3140.21
3261.1
3214.61
3312.26
3249.59
3291.83
3346.62
2956.72
3072.4
3260.73
3178.13
3228.39
3267.87
2935.46
3259.77
3048.93
3161.6
3077.77
3250.27
3135.48
2958.09
3142.95
3225.76
3243.14
3111.76
3347.33
3092.38
3100.35
3235.12
3271.98
3309.1
3055.53
3084.06
3239.18
3175.54
3177.93
3264.57
3188.72
3218
3641.06
3290.71
3196.03
3012.55
3192.5
3049.13
3185.52
3329.2
3086.61
3202.78
3061.45
3054.35
3197.28
3141.24
3036.66
2929.79
3039.21
3184.12
3259.45
3110.27
3149.56
3123.68
3268.65
3068
3061.73
3037.45
3218.5
3270.57
3196.08
3186.22
3259.01
3346.29
3162.13
3175.13
2965.95
3039.87
3038.79
3130.86
3093.01
3236.49
3184.81
3306.33
3163.91
3087.54
3188.9
3192.88
3257.1
3189.46
3141.24
3015.23
3253.55
3176.8
3321.22
3048.4
3341.4
3272.26
3346.89
3204.42
3167.06
3134.59
3339.97
3088.65
3265.91
3038.37
3369.42
3140.8
3201.92
3151.02
3203.11
3368.11
3137.14
3082.05
3001.02
2945.23
3197.52
3134.04
3106.23
3175.61
3273.9
2847.18
3083.05
2991.61
3139.06
2918.72
3239.64
3058.41
3347.11
3198.94
3321.36
3213.98
3172.96
3258.75
3075.34
3318.28
3232.64
3314.53
3193.7
3215.29
3202.53
3251.55
3085.02
3209.64
3182.32
3187.2
3473.33
3237.81
3138.92
3047.86
3124.05
3014.77
3251.55
3275.7
3316.79
3124.45
3103.31
3300.13
3046.27
3140.42
3265.33
3108.77
3251.34
3290.54
3254.68
3377.26
3070.96
3198.2
2928.17
3366.71
3160.83
3191.16
3095.15
3085.15
3198.94
3524.16
3138.7
3287.65
3014.23
3161.46
3266.07
3149.8
3102.52
3187.3
3163.08
3171.05
3221.79
3046.74
3284.04
3268.6
3300.07
3058.75
3353.82
2954.91
3115.18
3148.13
3293.06
3343.55
3183.71
3165.9
3155.4
3204.08
3181.07
3487.95
3177.13
3122.49
3266.61
2957.16
2864.39
3030.46
3305.13
3056.94
3069.93
3242.21
3062.32
3251.46
3223.92
3009.65
3259.67
3120.94
3065.87
3033.22
3307.51
3152.54
3104.54
3006.64
3297.33
3228.68
3124.05
3097.44
3283.72
3182.37
2990.35
3222.72
3293.36
3047.3
3248.82
3194.78
3258.18
3174.33
3228
3084.8
3279.12
3295.93
3232.26
2958.34
3185.01
3215.84
3184.58
3284.89
2986.55
3198.96
3151.04
3374.8
3207.67
3264.98
3110.6
3218.66
3100.49
3132.94
3330.68
3221.83
3420.78
3249.57
3251.6
3147.59
2971.13
3347.81
3158.94
3289.46
3219.33
2960.34
3077.94
3083.29
3184.37
3021.86
3342.52
3224.54
2979.36
3163.84
3151.78
3105.46
3200.56
3152.96
3100.38
3233.32
3011.27
3179.6
3172.29
2997.48
3105.57
3032.32
3420.1
3302.45
3226.36
3311.06
3099.79
2875.92
3078.24
3296
3148.15
3244.43
3020.31
3210.73
3211.72
3259.74
2974.1
3273.08
3075.42
3051.76
3202.37
3097.09
3165.73
3169.9
3030.04
3254.55
3362.14
3214.99
3422.96
3110.29
3331.57
2949.98
3209.33
3219.68
3254.9
3274.06
3380.01
3199.58
3138.77
3244.51
3118.48
3085.06
3293.69
3103.48
3046.45
3091.07
3207.08
3357.37
2963.31
3092.68
3198.68
3291.64
3064.81
3348.82
2935.89
3122.08
3289.65
3127.25
3249.35
3489.78
3172.18
3301
2982.49
3121.94
3165.55
3048.26
2971.65
3285.39
3151.15
3240.38
3282.25
3194.25
3063.5
3255.9
3315.52
3123.98
3316.89
3358.44
3199.57
3247.54
3310.42
3071.81
3109.43
3147.94
3198.2
3049.02
3185.34
3305.63
3200.14
3056.6
3237.71
3176.8
3298.99
3244.38
3125.37
3272.05
3427.38
3224.37
3236.2
3221.29
2894.29
3345.75
3212.81
2914.62
3356.83
3215.11
3210.45
3073.11
3253.96
2987.46
3271.49
3223.06
3150.49
3120.45
3220.2
3400.87
3292.28
3079.95
3263.27
3089.7
3320.78
3273.37
3178.32
3312.11
3313.75
3258.23
3430.37
3011.66
3120.75
3125.13
3082.5
3264.62
3119.47
3247.24
3273.91
2934.45
3240.98
3117.78
3217.28
3389.68
3351.4
3341.17
3279.99
3206.13
3482.39
3176.19
3095.49
3139.7
3061.11
3161.5
3029.77
3180.96
3199.71
3320.76
3174.09
3124.12
3184.74
3300.47
3067.98
3009.35
2973.58
3166.58
3250.7
3130.22
3059.03
2925.8
3157.65
3084.27
3249.63
3422.91
3365.38
3200.35
3173.75
3174.26
3196.49
3068.59
3225.87
3047.2
3109.24
3190.21
3114.01
3312.15
3174.8
3071.91
3242.59
2917.29
3165.45
3146.25
3336.7
3251.73
3149.35
3181.38
3369.8
3404.01
3313.87
3268.91
3138.11
3284.08
3314.39
3158.12
3306
3354.61
3291.07
3389.46
3067.51
3307.82
3243.39
3231.88
3239.27
3181.1
3409.13
3192.85
3276.78
3292.35
3172.6
3021.53
3124.54
3164.73
3116
2943.42
3135.35
3051.92
3261.16
3181.6
3145.47
3275.09
3155.24
3039.37
3139.26
3254.88
3342.83
3272.47
2995.98
3150.86
3138.32
3150.35
3245.51
3179.82
3280.18
3196.41
2945.69
3335.36
3081.36
3309.88
3206.75
3145.52
3093.38
3262.46
3023.28
3201.68
3279.96
3135.42
3078.29
3163.05
3277.08
3138.59
3133.14
3136.89
3184.64
3340.74
3130.64
3214.8
3260.53
3150.9
3035.51
3196.27
3222.98
3174.37
2931.76
3039.07
2915.48
3270.89
3029.48
3094.71
3199.78
3239.85
3127.54
3177.61
3235.9
3085.43
3119.43
3272.84
3214.07
3195.42
3237.9
3142.08
3082.07
3360.21
3229.96
3194.93
3261.09
3094.9
3047.42
2992.47
3215.76
3334.26
3209.37
3233.35
3280.34
3099.21
3352.52
3100.13
3463.36
3407.81
3088.11
3208.05
3322.01
3056.99
3108.74
3281.9
2975.54
3303.64
3253.86
3249
3049.64
3330.31
3130.2
3148.71
3300.73
3179.08
3118.13
3204.78
3085.13
3082.37
3090.27
3171.98
3244.91
3236.72
3085.36
3302.32
3239.7
3084.79
3146.13
3354.16
2842.32
3074.78
2957.39
3500.95
3376.64
2927.12
3064.08
3275.19
3010.52
3163.34
2923.01
3338.99
2920.53
3132.36
3221.73
3068.31
3254.12
3249.46
3315.51
3136.7
3033.36
3258.06
3202.93
3152.09
3088.38
3233.98
3177.19
3305.48
3122.03
3172.75
3204.4
3305.88
3144.52
3208.93
3371.51
3146.03
3118.5
3273.31
3221.73
3216.5
3284.01
3297.8
3172.38
3258.87
3219.12
3043.69
2900.44
3180.22
3259.15
3089.51
3117.99
3189.79
2915.77
3439.88
3288.21
3208.39
3116.29
3102.02
3240.38
3102.57
2973.21
3125.86
3216.34
3345.37
3258.45
3194.54
3009.52
3421.22
3149.78
2937.4
3058.06
3200.22
3220.21
3370.8
3390.11
3421.18
3209.63
3268.93
3239.26
3226.89
3164.03
3222.92
3058.61
3217.48
3266.2
3274.1
3017.27
3149.76
3213.28
3165
3320.81
2931.7
3300.87
3314.91
3363.75
3101.01
3233.88
3298.88
3274.44
3382.61
3331.96
3292.18
3229.97
3510.22
3114.97
3312.16
3067.19
3292.33
2974.08
3043.84
3201.27
3087.79
3371.7
3131.89
3238.48
3062.72
3206.73
3226.74
3255.05
3225.65
3135.9
3174.51
3229.14
2968.13
3308.19
2998.01
3204.05
3320.14
3178.81
3248.22
3176.25
3297.42
3254.98
3195.94
3270.82
3042.69
3287.28
3022.41
3157.62
3157.05
3094.58
3052.95
3307.98
3262.17
3162.01
3237.94
3231.31
3043.05
3245.36
3060.27
3290.95
3236.67
3292.17
3302.18
3159.46
2762.14
3214.47
3089.27
3096.2
3204.94
3126.87
3151.32
3415.54
3125.28
3211.41
3362.99
3340.46
3064.55
3352.72
3030.41
3203.6
3087.83
3192.9
3221.07
3237.42
3277.88
3027.12
3340.32
3195.06
3179.2
3137.72
3189.23
3119
3081.7
3129.99
3117.56
3121.85
3027.99
3071.47
3341.67
3252.14
3266.12
3201.77
3243.24
3168.06
3322.76
3079.52
3174.11
3243.45
3125.33
3183.58
3209.53
3062.63
3204.69
3290.77
3288.04
3216.89
3219.29
3065.49
3120.88
3146.82
3151.06
3377.79
3214.56
3301.12
3152.96
3138.99
3136.49
3119.17
3097.65
3188.58
3126.69
3267.49
3072.39
3197.32
3236.79
3353.11
3219.21
3357.74
3162.14
3093.71
3255.26
3312.05
3289.97
3234.54
3287.69
3176.1
3317.54
2943.75
3085.97
3145.61
3302.42
3122.81
3207.84
3277.62
3062.42
3191.86
2958.41
3027.96
3182.78
3317.88
3180.56
2915.51
3121.93
3182.06
3115.07
3067.57
3325.71
3277.77
3042.86
3034.87
3294.02
3003.03
3208.8
3076.03
3345.78
3050.93
3246.59
3017.86
3117.11
2943
3113.28
3171.63
3250.87
3106.32
3047.65
3073.46
2768.42
3395.52
3294.92
3036.33
3116.13
3184.76
3230.31
3035.44
3170.8
3583.25
3326.47
3091.67
3071.06
3190.61
3294.17
3220.68
3150.15
3088.95
3241.47
3171.75
2899.43
3216.96
3123.06
3201.92
3453.7
3292.09
3152.68
3203.63
3282.44
3080.14
3268.72
3179.28
3179.07
3223.69
3205.47
3308.64
3180.29
3060.32
3357.93
3022.4
3399.69
2999.57
3244.73
3203.99
3280.53
3283.48
3147.51
3173.56
3179.02
2969.46
3367.07
3091.36
3002
3337.33
3356.56
2906.76
3129.47
3102.48
3062.94
3126.23
3431.03
3213.93
3384.75
3097.24
3282.63
3299.49
3244.35
3230.63
3312.46
3058.85
3091.44
3211.46
3129.92
3239.47
3339.66
2986.47
3146.61
3279.33
3227.16
3233.14
3093.18
3445.79
2854.84
3301.53
3161.63
3265.26
3271.02
3266.82
3259.98
3164.08
3052.55
3229.79
3254.59
3167.04
3369.9
3355.55
3088.6
3414.47
3086.85
3252.09
3229.01
3150.82
3040.86
3041.34
3058.07
3284.02
3179.74
3205.29
3293.73
3215.01
3146.28
3055.22
3370.72
3168.64
3256.88
3106.34
3226.07
3168.49
3290
3264.22
3203.45
3263.03
3180.88
2989.32
3187.86
3112.51
3197.56
3164.11
3140.21
3137.37
3177.11
3281.12
3123.74
3086.87
3259.5
3343.93
3448.85
3175.12
3198.72
3159.64
3126.45
3293.9
3288.59
3107.61
3190.22
3168
3086.37
3179.62
3226.7
3312.23
3243.06
3125.34
3255.14
3132.76
3014.67
3058.17
3241
3223.22
2944.62
3359.93
3102.69
2937.37
3261.47
3078.09
3207
3266.58
3319.68
3025.07
3127.13
3415.03
3224.75
3251.64
3103.92
3085.97
3106.43
3131.6
3231.24
3236.07
3303.4
3127.11
3309.77
3276.32
2938.65
3285.97
3062.03
3241.83
3140.23
3257.11
3158.84
3280.26
3152.08
2817.55
3382.13
3237.12
3247.62
3046.73
3117.15
3230.48
3124.82
2935.71
3055.78
3327.89
3247.68
3031.22
3177.66
2943.02
3375.73
3101.96
3138.04
3044.44
3228.71
3254.78
3061.02
3166.93
3115.84
3219.45
3325.81
3226.1
3180.9
3125.01
3188.52
3191.41
3329.43
3201.13
3167.8
3045.24
3276.48
3252.42
3224.73
3323.01
3217.44
3118.59
3299.26
3154.96
3179.48
3216.3
3366.82
3018.8
3259.34
3123.71
3408.84
2951.85
3254.71
3213.54
3018.86
3000.96
3216.14
3102.46
2852.2
3153.07
3038.35
2934.1
3113.34
3165.42
3229.3
2877.68
3114.21
3277.3
3260.38
3123.49
3070.36
3137.97
3304.74
3241.14
3242.07
3240.08
3053.61
3081.95
3238.03
3387.64
3062.31
3174.39
3405.7
3300.29
3145.18
3155.98
3048.28
3134.59
3235.29
3354.91
3157.44
3054.66
3230.41
3201.8
3229.43
3148.96
3202.39
3237.97
3164.68
3194.27
3215.64
3104.49
3359.06
3162.72
3205.98
3148.59
3216.95
3225.09
3101.92
2965.51
3031.51
2980.91
3032.18
3176.06
3184.53
3434.47
3150.19
3128.06
3382.98
3237.28
2961.07
3222.15
3015.04
3272.09
3038.06
3406.51
2967.02
3192.64
3064.02
3039.44
3022.41
3289.13
3259.02
3238.96
3456.91
3119.89
3282.37
3193.14
3296.3
3078.52
3080.05
3168.43
3025.25
3233.54
3069.32
3013.59
3285.35
3043.71
3122.06
2897.68
2984.16
3428.52
2997.34
3193.43
3056.15
3152.01
3191.33
3054.29
3203.14
3067.31
3190.88
3065.34
3100.92
3095.61
3213.46
3179.63
3273.25
3239.18
3119.93
3293.75
3170.05
2960.47
3029.39
3102.76
3168.72
3264.15
3082.35
3147.47
3187.74
3135.99
3325.48
3151.86
3281.9
3048.27
3223.43
3098.16
3300.28
3021.24
3228.72
3292.31
2913.61
3087.58
3274.29
3347.65
3096.08
3094.95
3135.71
3077.83
3083.15
3028.72
3102.13
3453.73
3203.87
3290.67
3013.72
3418.32
3142.91
3176.67
3221.1
3123.13
3025.25
3213.9
3248.17
3136.66
3202.72
3254.57
3031.38
3311.45
3174.83
3097.68
3008.54
3375.1
3147.84
3189.21
3014.25
3014.97
2970.26
2986.24
3140.64
3165.5
3184.6
3278.73
3273.66
3187.18
3167.86
3436.83
3045.31
3099.05
3282.24
3322.5
3058.66
3196.05
3094.89
3099.57
3230
3069.84
3176.17
3253.13
3357.14
3227.54
3221.8
3290.98
3228.73
3014.49
3244.95
3231.37
3297.14
3129.68
3099.08
3378.68
3343.1
3160.77
3083.07
3229.37
3054.94
3055.57
3156.7
3017.73
3048.3
3317.07
3135.19
3201.57
3168.92
3176.21
3072.31
3017.23
3425
3201.59
3161.81
3331.87
3230.53
3244.58
3333.14
3104.91
3196.92
3155.67
3248.07
3321.69
3143.51
2970.5
3157.45
3020.25
3174.45
3157.32
3089.34
2998.25
3096.56
2957.55
3440.9
3055.58
3206.42
3328.27
3319.49
3243.95
3244.83
3018.56
3172.67
3163.11
3292.41
3208.63
3241.24
3073.72
3173.67
3077.97
3293.2
3171.16
3097.97
3045.57
3110.23
3277.14
3304.2
3157.38
3228.54
3301.51
3225.2
3110.65
3251.44
3263.88
3373.81
3186.93
3159.46
3101.4
3184.28
3283.21
3269.04
2869.04
3226.03
3005.6
3162.56
3193.29
3093.57
3279.94
3250.42
3177.39
3237.56
2995.16
3228.34
3184.93
3166.42
3063.29
3264.78
3096.52
3095.19
3126.06
3173.16
3043.11
3235.5
3082.98
2993.36
3221.51
3146.36
3205.68
3138.24
3259.07
3122.12
3342.43
2850.66
3173.32
3037.45
3273.37
3352.6
3202.89
2996.22
3182.49
3071.18
3301.2
3185.49
3016.38
3230.63
3066.11
3173.6
3310.74
3269.23
3140.2
3037.71
3117.65
3069.26
3383.22
3029.01
3284.06
3156.49
3202.9
3153.56
3343.96
3374.1
3254.92
3176.98
3294.76
3066.11
3234.66
3063.65
3170.59
3140.35
2958.71
2996.68
2920.49
3034.51
3161.6
3216.69
3242.61
3248.32
3173.91
3100.18
3249.14
3213.97
3218.58
3122.69
3232.76
3211.53
3213.41
3294.02
3384.32
3497.48
3198.54
2897.5
3109.87
3230.75
3224
3282.98
3287.26
3254.42
2993.07
3182.3
3155.43
3132.01
3396.03
3195.1
3099.33
3143.14
3449.42
3353.21
3148.6
3123.69
3074.84
3210.75
3094.86
3265.18
3046.26
3315.48
3151.99
3229.71
2957.63
3150.75
3141.41
3170.16
3045.44
3282.84
3101.92
3118.33
3222.68
3194.09
3066.74
3338.81
3072.98
3091.41
3028.08
3162.53
3092.06
2809.25
3171.84
3367.26
3096.73
3050.66
3027.36
3036.66
3150.81
3165.03
3051.77
3025.8
3100.33
3211.49
3071.82
3074.17
3266.45
3280.27
3347.65
2964.67
2874.05
2864.31
2961.92
3170.38
3105.77
3306.36
3272.46
3229.5
3170.02
3315.97
3282.49
3342.82
3274.77
3260.7
3285.92
3058.55
3326.91
3188.9
3091.1
3064.41
3153.43
2985.65
3192.15
3404.65
3104.34
3130.36
3114.89
3214.95
3268.21
3377.9
3393.12
3149.41
3166.49
3145.49
3194.58
3029.07
3103.23
3402.35
3238.25
3066.55
3263.26
3315.24
3279.15
3145.95
3256.19
2941.13
3216.63
2993.81
3291.88
3204.5
3166.28
3135.21
3251.12
2982.83
3302.91
3036.96
3200.19
3178.47
3143.91
3262.97
3213.18
2972.11
3234.3
3117.12
3065.91
3091.61
3137.62
3210.13
3273.5
3278.97
3316.35
3101.17
3393.95
3067.56
3049.26
3176.95
3156.58
3189.41
3242.24
3192.65
3195.8
3100.06
3191.96
3102.11
3342.75
3130.17
3145.36
3211.4
3286.35
3068.92
3321.15
3513.96
3046.42
3231.4
3098.37
3251.75
3399.57
3144.15
3148.45
3106.99
3292.67
3361.46
3002.72
3064.02
3189.71
3186.32
3219.01
3217.35
3093.6
3197.17
3084.81
3023.83
3172.77
3136.45
3103.55
3270.05
3030.78
2847.7
3209.27
3104.12
3027.64
3192.45
3206.93
3202.4
3281.03
3071.49
3048.55
3105.97
3061.15
3199.18
3539.15
3340.75
3231.02
3044.25
3179.84
3277
3208.95
3290.5
3260.33
3203.48
3250.22
3050.23
2999.27
3090.14
3161.5
3108.11
3222.75
3268.22
3224.79
3296.51
3201.11
2863.74
3112.66
3050.57
3105.78
3229.93
3288.87
3180.75
3081.79
3321.83
3067.12
3228.55
3229.34
3336.42
3193.71
2916.75
3174.3
3418.49
3279.82
3450.74
3065.37
3346.15
3243.94
3197.15
3233.06
3049.48
3117.2
3080.2
3351.96
3414
3203.91
3117.82
3120.57
3181.18
3231.33
3222.91
3381.66
3254.44
3120.29
3283.21
2936.58
3191.8
3306.29
2948.44
3401.27
3188.93
3391.6
3215.84
3233.24
3090
3132.14
3087.96
3300.76
3322.11
3180.77
3434.42
3273.09
3207.12
3208.67
3134.36
3001.01
3119.34
3312.35
3015.54
3428.62
3040.85
3362.84
3129.54
3196.84
3260.23
3267.34
3036.03
3262.74
3199.03
3282.32
3136.19
3067.11
3172.9
3255.56
3232.71
3220.3
3111.71
3109.91
3092.74
3150.19
2966.44
3295.32
3106.32
3284.06
3046.07
3198.37
3293.43
3189.23
3405.4
3121.46
3300.39
3212.2
3430.78
3198.23
3074.15
3351.13
3037.63
3228.61
3201.46
3235.91
3282.84
3009.98
3277.58
3136.27
3392.31
3297.7
3115.96
3367.47
3122.25
3298.87
3053.53
3268.68
3090.58
2976.76
3233.04
3178.96
3151.94
3393.42
3256.8
3115.36
3263.08
3049.22
3143.09
3383.85
3321.84
3077.42
2984.99
3092.59
3213.09
3079.84
3277.53
3132.64
3145.24
3017.16
3338.41
3212.66
3110.72
3101.93
3470.74
3113.68
2991.06
3194.96
3515.39
3260.48
3257.67
3174.14
3053.57
3264.42
3108.04
3068.95
3174.25
2954.77
3200.18
3173.8
3167.65
2906.62
3329.27
3270.96
3259.17
3198.82
3162.44
3036.58
3120.09
3240.79
3212.23
3129.48
3213.12
3106.54
3104.35
3085.79
3168.32
3329.72
3198.04
3185.01
3187.51
3084.49
3138.9
3268.7
3114.36
3170.15
3124.02
3197.73
3200
3281.24
3318.85
3251.24
3080.5
3095.16
3303.99
3062.89
3116.21
3264.52
3070.88
3142.02
3121.62
3016.01
3049.66
2991.61
3070.44
3183.47
2974.84
2912.56
3058.28
3221.58
3300.6
3215.48
3072.17
3238.49
3263.65
3315.13
3332.85
3325.13
3214.68
3087.43
3157.72
3071.97
3203.24
3262.02
3226.96
3264.19
3198.38
3153.2
3106.13
3124.81
3188.49
3129.45
3326.41
3298.46
3295.4
3216.4
3417.79
3314.1
3135.95
3018.1
3204.63
3147.27
3038.03
2991.32
3396.53
3353.62
3212
3193.75
3075.97
3360.87
3245.43
3061.78
3180.18
3107.3
3214.61
3266.18
3133.18
3029.41
3046.29
3249.26
3191.31
3088.59
3234.71
2982.71
3214.23
3219.54
3126.35
3103.59
3334.17
3224.55
3069.98
3362.7
3015.03
3283.46
3381.2
3270.17
3151.68
3141.19
2995.54
3155.62
3227.52
3230.36
3464.26
3178.92
3071.27
3251
3069.66
3312.34
2980.09
3214.92
3427.82
3067.75
3204.52
3192.33
3186.44
3228.42
3056.9
3368.56
2942.92
3281.51
3214.28
3212.22
3084.35
3056.05
3099.11
3301.86
3342.24
3049.14
3276.01
3218.82
3349.07
3172.9
3027.06
3358.21
3370.85
3271.3
3072.45
3301.84
3051.75
3357.37
3164.94
3139.53
3175.27
3111.52
3217.61
3237.65
3063.26
3171.47
3199.91
3240.85
3142.33
3375.97
3164.07
3055.39
3111.81
3437.07
2960.69
3297.75
3153.92
3151.45
3292.17
3113.79
3246.07
3317.05
3205.31
3264.94
3180.08
3337.11
3163.16
3266.18
3308.02
3125.07
3267.57
3248.21
3212.62
3031.92
3271.26
3220.06
3133.5
3122.67
3175.5
3157.38
3137.02
3362.41
3346.9
3284.95
3196.05
3056.35
3205.24
3391.16
3033.22
3190.39
3421.77
3185.72
3124.21
3019.81
3206.23
3068.43
3103.71
3341.05
3026.66
3342.85
3051.25
3269.55
2795.09
3322.58
3067.47
3209.57
3345.49
3194.12
3260.42
2998.99
3082.39
3174.72
3222.13
2989.95
3145.45
3178.49
3244.33
3050.03
3251.3
3421.21
3398.33
3086.86
3060.03
3083.96
3228.57
3123.45
3119.38
2939.97
3387.78
3001.89
3250.26
3068.31
3170.69
3324.13
3175.53
3293.99
3239.72
3126.53
3331.98
3186.43
3277.22
3067.25
3174.21
3058.92
3178.26
3253.3
3044.23
3381.71
3067.89
3173.39
3241.05
3312.09
3326.86
3313.51
3180.53
3324.51
3190.04
3455.75
3153.97
3077.27
3087.3
3226.49
3065.03
3205.27
2933.05
3054.96
3199.86
3323.4
3476.53
3039.5
3258.17
3222.11
3047.1
3227.09
3187.45
3216.02
3217.38
3180.9
3266.42
3279.01
3166.43
3243.01
3256.11
3096.33
3186.83
3113.18
3409.34
3265.27
3143.9
3058.01
3130.3
3235.23
3029.55
3181.59
3176.01
3103.08
3103.93
3242.33
3282.2
3259.3
2916.99
3230.58
3060.63
3480.15
3185.8
3290.72
3128.4
3039.54
3166.05
3478.1
3284.65
3347.71
3225.09
3176.96
3136.78
3043.23
3093.44
2874.87
3112.99
3086.24
3247.34
3286.08
3133.96
3252.11
3139.04
3051.01
3216.42
3369.37
3264.69
2975.41
3375.37
3163.37
3253.86
3148.18
3083.35
3262.22
3264.5
3120.95
3080.22
3132.46
3137.64
3060.15
3217.43
3225.55
3188.84
3134.53
2927.35
3281.49
3192.56
3112.99
3194.16
3101.16
3243.44
3243.99
3459.01
3191.28
3239.31
3052.68
3112.5
3332.77
3367.49
3416.97
3221.17
3262.65
3056.84
3237.54
3284.51
3188.7
3183.08
3254.13
3075.11
3284.52
3027.7
3130.71
3508.97
3201.94
3239.77
3149.76
3290.73
3205.97
3239.44
3493.69
3241.64
3327.8
2928.48
3376.71
3096.18
3082.68
3232.16
2966.87
3093.11
3241.62
3133.31
3215.03
3133.82
3129.55
3275.71
3393.26
3389.32
2969.45
3178.91
3434.86
3447.69
3299.88
2977.87
3262.83
3285.93
3264.04
3271.54
3106.18
3090.82
3117.11
3014.89
3171.67
3211.83
3313.83
3130.82
3150.57
3117.61
3110.77
3202.01
3092.89
3294.26
3246.46
3351.85
3092.76
3081.12
2935.65
3306.41
3193.55
3211.17
3087.8
3285.65
3305.36
3180.07
3359.31
3246.45
3239.37
3322.48
3159.9
3007.48
3143.68
3187.72
3237.69
3459.15
3309.19
2852.16
3178.93
3247.27
3123.3
3295.35
3054.69
3326.79
3233.84
3147.45
3266.05
3241.79
3119.63
3336.9
3241.42
3141.2
3105.99
3194.89
3365.17
3154.55
3239.69
3459.19
3000.76
3151.98
3308.96
3194.21
3075.75
3053.71
3128.43
3186.02
3273.72
2821.03
3353.33
3184.77
3205.78
3365.44
3197.11
3242.54
3135.09
3184.56
3069.06
3078.88
3273.42
3464.12
3171.34
3205.56
3088.1
3381.38
2922.3
2972.46
3238.72
3188.22
3192.15
3097.89
3176.77
3227.71
3310.17
3037.66
2996.97
3316.72
3184.59
3132.68
3133.91
3149.19
3490.83
3265.64
3318.99
3150.86
3472.76
3058.71
3079.02
3201.57
3300.26
3134.78
3441.55
3348.57
2992.3
2960.06
3162
3027.96
3154.37
3154.71
3107.72
3452.2
3167
3197.94
3305.63
3216.12
3149.75
3185.63
3063.59
3292.1
3409.93
3173.25
3090.52
3256.1
3104.8
3166.68
3071.23
3089.6
3255.58
3148.73
3341.52
3366.7
3269.09
3324.54
3354.54
3120.3
3152.58
3209.6
3065.95
3101.17
3356.5
3262.86
3222.12
3206.08
3136.68
3376.83
3262.02
3192.15
3141.05
3113.6
3175.83
3207.66
3193.72
3335.38
3256.84
3227.81
3210.24
3289.79
3034.41
3303.65
3060.11
3360.8
3024.07
3081.14
3319
3327.35
3184.32
3185.52
3352.93
3127.59
3265.07
2971.15
3251.66
3229.03
3004.78
2842.57
3084.53
3350.6
3241.03
3050.88
3319.92
3311.18
3174.83
3098.67
3133.14
3218.66
3197.68
3265.89
3185.47
3244.53
3072.45
3189.91
3092.04
3648.23
3265.48
2975.96
3120.73
3166.06
3019.78
3210.34
3155.33
3110.27
3065.46
3454.15
3336.13
3120.92
3078.47
3052.21
3115.14
3296.07
3032.6
3215.84
3141.98
3153.01
3152.98
3163
3138.65
3115.12
3206.03
3112.57
3295.59
3192.89
2969.3
3242.59
3174.6
3328.54
3316.09
3139.94
3011.31
3200.7
2970.57
3478.27
3168.58
3249.6
3100.55
3405.49
3192.62
3014.48
3234.73
3273.82
3077.35
3272.89
3219.41
3319.69
3211.91
3131.64
3108.57
3085.67
3194.74
3205.07
3006.62
3176.54
3211.98
3045.2
3018.87
3252.94
3112.67
3447.27
3010.95
3008.24
3213.33
3191.77
3151.47
2918.54
3174.3
3074.09
3222.23
3063.87
3268.02
3416.29
3183.5
3269.04
3114.52
3197.23
3029.77
3157.98
3209.84
2986.27
3261.49
3101.65
3188.93
3101.19
3375.9
3117.55
2855.5
3085.89
3117.65
2964.65
3282.87
3329.19
3220.85
3042.27
3357.22
3031.14
3355.94
3256.29
3156.88
3175.06
3379.93
3317.8
3405.2
3150.55
3307.57
3263.73
3138.63
3154.1
3057.02
3211.44
3070.3
3190.09
3085.19
3109.88
3128.74
3351.76
3152.17
3245.12
3134.91
3183.75
3102.2
3022.82
2920.85
3174.84
3451.34
3209.59
3210.79
3165.1
3166.38
3202.78
3150.2
2983.05
3156.93
3418.04
3153.18
3292.99
3240.36
3348.64
3268.83
3065.98
3225.25
3183.14
3060.68
2977.51
3387.86
3295.78
3254.94
3086.15
3025.85
3175.87
2988.89
3235.04
3476.27
3018.13
3024.92
3093.14
3020.05
3261.23
3148.3
3352.87
3161.29
3215.9
2993.1
3016.81
3249.34
3194.36
3287.93
3219.5
2987.3
3085.34
3231.45
3295.58
3260.57
3263.52
3347.32
3265.57
3198.02
3066.87
3205.31
3064.69
3030.2
3219.1
3128.45
3105.26
3116.61
3094.62
3154.87
2904.49
3373.79
3238.62
3139.14
3172
3286.04
3111.31
3149.81
3177.14
3233.95
3295.33
3268.97
3145.6
3454.43
3236.19
3241.61
2995.82
3291.01
3385.79
3069.06
3313.19
3190.57
3145.95
3119.66
3145.48
3221.47
3169.71
3342.58
3148.78
3304.82
3132.2
3086.42
3156.44
3419.22
3187.21
3250.02
3008.91
2926.56
3047.48
3180.71
3151.39
3178.54
3123.88
3355.68
3204.49
3149.48
3109.99
3252.73
3273.97
3145.69
3187.24
3074.26
3127.51
3113.61
3167.49
3197.61
3098.56
3053.82
3410.24
3237.57
3273.27
3208.59
3228.27
3203.19
3255.44
3295.2
3385.52
3217.02
3101.25
2896.81
3061.4
3115.42
3105.31
3250.85
3298.7
3176.37
3162.98
3324.59
3311.14
3313.94
3159.84
3276.95
3179.48
3116.93
3049.33
3013.89
3199.38
3219.49
3529.36
3231.16
3233.78
3152.47
3194.83
3102.47
3235.92
3052.07
3115
3235.97
3078.99
3103.65
3257.99
3027.99
2981.08
3140.03
3297.32
3283.19
3074.04
3125.58
3217.82
3340.8
3063.17
3203.38
3092.93
3185.05
3248.94
3205.9
2965.46
3123.04
3165.96
3386.06
3423.59
3172.4
3343.07
3308.87
3237.58
3247.87
3170.32
2949.02
3154.5
3151.14
2962.43
3324.43
3057.8
3150.62
3215.63
3189.43
3391.46
3151.66
3276.9
2948.42
3128.07
3203.73
2917.04
3251.15
3141.95
3065.2
3251.95
3168.95
3250.16
3357.69
3137.67
3429.35
3154.65
3131.01
3165.92
3232.9
3213.52
3117.62
3116.88
3179.62
3246.76
3093.54
3055.26
3233.98
3284.05
3299.95
3159.14
3145.54
3159.45
3146.89
3211.52
3002.12
3222.9
3151.91
3094.93
3307.23
3107.84
3408.95
3117.42
3281.17
3197.02
3245.62
3211.16
3210.37
3115.61
3074.73
2948.42
3379.69
3150.36
3162.42
3066.98
3130.02
3275.98
3129.71
3316.06
3224.02
3310.53
3159.99
3290.68
3261.37
3080.37
3349.23
3025.11
3329.99
3324.49
3183.53
3182.52
3141.2
3150.67
3093.37
3335.69
3224.1
3166.13
3214.38
3022.21
3419.27
3329.76
3220.56
3355.14
3299.76
3164.44
3138.4
3256.33
3228.12
3004.27
3113.83
3270.99
3291.44
3298.24
3375.66
3293.92
3036.24
3000.47
3085.64
3254.44
3080.39
3168.3
3250.7
3254.91
3226.49
3256.61
3080.4
3233.72
3062.5
3336.75
3382.29
3167.61
3382.92
3120.53
2932.92
3184.28
3139
3193.68
3404.01
3300.85
3070.96
3232.65
3163.44
3386.32
3171.32
3512.51
3000.34
3156.68
3265.58
3156.21
3123.83
3285.16
3393.56
3103.59
3284.89
3280.01
3169.75
3370.3
3314.15
3127
3328.37
2932.37
3280.52
3202.2
3197.56
3185.19
3211.93
3107.87
3103
3318.07
3175.87
3044.54
3267
3108.46
3287.87
3013.44
3112.91
3073.78
3280.73
3397.57
3146.93
3151.98
3185.63
3128.74
3111.99
3271.8
3145.76
3375.36
3168.13
3216.35
3119.13
2955.83
3261.18
3343.83
3202.89
3064.16
3068.82
3085.8
3076.54
3302.68
2915.55
3000.41
2972.48
3142.8
3123.35
3205.57
2864.81
3130.9
3252.54
3104.89
3248.15
3216.85
3069.15
3202.96
3177.19
3054.82
2967.09
3553.1
3327.09
3064.9
3212.5
3079.66
2958.37
3042
3169.06
3401.2
3127.97
3229.76
3260.66
3053.9
3074.77
3374.02
3177.53
3200.77
2977.47
3071.9
2945.61
3120.79
3084.49
3053.47
3209.83
3125.45
3216.49
3035.12
3295.84
3084.22
3067.2
3229.56
3225.8
3348.74
3088.64
3123.29
3269.17
3180.97
3272.2
3285.17
3460.75
3236.2
3154.84
2984.12
3242.6
2987.19
3337.3
3497.83
3145.07
3177.56
3207.39
3025.86
3248.51
3338.82
3083.75
3079.76
3362.71
3273.96
2911.23
3143.57
3186.98
3228.79
3232.32
3207.1
3161.95
3076.01
3076.65
3176.3
2882.23
3323.15
3019.97
3347.05
3150.75
3150.5
3105.07
3056.03
3411.81
3287
3124.88
3185.51
3321.27
3039.23
3034.71
3135.24
3286.81
3175.2
3256.12
3162.29
3186.43
3139.01
3184.37
3196.39
3133.58
3144.74
3309.76
3344.36
3034.98
3089.38
3292.69
3147.53
3335.07
3303.73
3285.55
3089.56
3255.64
3409.48
3063.77
3323.15
3184.72
3203.58
3102.44
3091.98
3053.15
3133.49
3195.95
3272.55
3152.44
3002.62
3400.84
3424.23
3188.38
3395.45
3091.6
3116.4
3311.75
3216.19
3419.54
3104.83
3018.13
3111.41
3267.74
3144.2
3141.62
3074.47
3157.93
3084.58
3306.41
3075.93
3082.71
3334.95
3100.64
3261.1
3247.45
3076.68
3280.45
3094.17
3291.34
2992
3296.98
3296.16
3203.17
3118.3
3319.96
3276.43
3290.86
3432.22
3215.87
3370.4
3035.67
3207.5
3249.59
3126.53
3252.3
3045.78
3166.25
3267.44
3140.56
3219.03
3144.65
3166.28
2986.73
3152.56
3316.25
3091.84
3436.78
3091.11
3155.77
3252.61
2951.7
3076.33
3313.1
3067.66
3226.63
3135.1
3095.99
3044.77
2963.47
3113.8
3440.19
3245.03
3221.95
3273.38
3321.81
3236.04
3339.42
3140.17
2993.75
3202.58
3250.6
3260.35
2891.96
3094.36
2910.52
3313.59
3199.44
3208.43
3294.46
3296.59
3410
3258.47
3076.23
3354.45
3139.3
3139.91
3239.29
3264.41
3439.81
3236.31
3309.77
3042.86
3310.54
3286.99
2971.29
3354.51
3286.82
3232.85
3336.69
3136.66
3126.77
3356.25
3025.03
3097.64
3213.52
3169.61
3299.79
3237.5
3176.05
3172.41
3077.74
3241.66
3133.73
3064.6
3124.46
3020.79
3336.05
3411.66
3102.69
3155.72
3138.88
3202.82
3081.15
3192.07
3252.82
3198.31
3042.99
3194.71
3254.99
3096.51
3083.78
3125.61
3204.01
3106.69
3121.7
3116.29
3129.64
3142.76
3267.96
3268.64
3065.05
3114.85
3249.51
3241.6
3131.44
3279.87
3233.24
3096.52
3167.99
3386.17
3204.06
2996.69
3182.48
2985.6
3355.07
3096.31
3311.14
3136.64
3217.33
3194.43
3344.68
3215.63
3228.43
3156.22
3317.73
3280.11
3150.4
3136.52
2898.28
3174.36
3089.18
3053.52
3115.02
3220.18
3118.81
3347.29
3093.03
3088.02
3203.67
3270.26
3300.64
3283.02
3011.02
3145.78
3210.97
3165.96
3222.83
3133.89
3362.42
3105.42
3349.53
3312.89
3365.31
3108.16
3218.64
3306.67
2994.13
3048.72
3190.99
3301.53
2990.44
2942.26
3161.71
3105.89
3164.3
3133.56
3173.83
3235.8
3032.06
3058.86
3159.26
3449.19
3096.27
3159.53
3191.24
3211.85
3238.99
3142.53
3288.5
3036.08
2986.53
3248.66
3216.03
3371.16
3415.58
3140.81
3104.12
3333.49
3057.85
3347.52
3115.49
3335.74
3182.85
3198.8
3165.47
3214.52
3151.04
3036.65
3060.73
3146.99
3295.4
3295.99
3206.54
3183.49
3292.98
3431.44
3008.36
3201.87
3041.65
3083.86
3212.51
3278.91
3281.05
3140.93
3110.94
2963.6
3360.21
3234.71
3013.13
3234.58
3190.4
3159.71
3180.85
3253.43
2950.68
3356.32
3107.61
3335.62
3260.36
3219.52
3178.41
3099.4
3161.76
3157.33
3130.73
3158.67
3140.51
2939.73
3097.05
3313.34
3363.15
3273.5
3292.68
3139.33
3207.37
3039.85
3128.76
3143.29
3175.08
3132.94
3009.26
3040.44
3206.04
3001.26
2988.8
3097.44
3336.05
2972.89
3236.88
3234.28
3323.17
2991.85
3229.87
3200.61
2993.24
3031.87
3194.25
3236.6
3187.12
3232.19
3081.11
3226.93
3280.35
3186.58
2981.21
3104.23
3084.35
3332.1
2958.22
3201.48
3065.12
3319.24
3114.71
3147.58
3265.89
3301.77
3290.33
3059.22
3199.45
2996.74
3044.04
3319.21
3173.55
3227.9
3154.53
3080.13
3245.17
3258.65
3328.98
3082.3
3442.08
3134.55
3059.67
3164.98
3160.53
2989.09
3160.61
3137.17
3121.91
2912.55
3233.47
3172.45
3145.14
3305.65
3174.45
3290.06
3206.74
3140.85
3060.26
3128.13
3104.69
3322.65
3185.87
3125.41
2973.83
3184.06
3106.31
3355.71
3287.35
3089.39
3193.88
3264.1
3259.62
3271.48
3256.84
3123.05
3068.73
3145.5
3348.38
3305.68
3158.91
3209.89
2995.56
3182.33
3217.6
3375.8
3380.46
3200.92
3157.08
3045.83
3301.83
3009.16
3186.39
3218.02
3261.37
3138.64
3345.66
3054.96
3126.47
3193.97
3085.41
3059.59
3304.28
3218.71
3307.17
3269.35
3045.7
3276.24
3327.4
3250.37
3153.46
3294.94
3412.58
3117.68
3238.2
2957.97
3122.24
3156.71
3221.33
3343.46
3251.76
3274.32
3139.24
3077.27
3102.87
3080.2
3218.06
3069.37
3092.75
3153.69
3166.48
3006.64
3122.56
2919.35
3126.11
3128.89
3227.35
2934.38
3443.49
3311.85
3271.87
3084.55
3051.94
3174.62
3324.05
3034.08
3123.11
3193.22
3221.36
3284.25
3240.6
3163.6
3141.15
3274.57
3302.07
3247.19
3091.63
3193.42
3252.29
3125.46
3101.5
3161.68
3075.79
3263.05
3057.56
3196.33
3232
3147.94
3239.51
3212.93
3334.52
3129.13
3337.35
3249.47
3214.72
3129.65
3127.84
3149.14
3150.68
3064.1
3091.86
3314.43
3000.04
3424.36
3140.08
3213.91
3018.31
3182.87
3096.27
3196.16
3236.67
2917.79
3264.99
3328.63
2945.17
3148.04
3151.71
3237.73
3054.9
3176.6
2986.66
3339.69
3318.34
3140.46
3306.92
3229.45
3204.54
3161.12
3213.31
2942.6
3292.01
3189.46
3183.47
3446.31
3128.08
3087.18
3232.44
3336.48
3201.28
3023.51
3368.48
3301.61
2932.66
3200.33
3216.25
2982.22
3235.25
3152.25
3219.55
3108.81
3236.68
3127.66
3239.49
3264.62
3085.81
3208.53
3121.89
3207.34
3060.95
3201.91
3060.46
3230.3
3188.5
2985.81
3044.5
3219.66
3152.54
3202.32
3288.96
3142.65
3167.86
2923.29
3183.83
3221.57
3111.36
3189
3059.78
3140.7
3239.71
3296.69
2988.4
3220.03
3284.32
3139.3
3309.07
3290.59
3137.39
3221.5
3439.97
3137.63
3220.37
3282.22
3275.63
3234.49
2996.95
3208.95
3177.32
3365.5
3143.08
3383.19
3480.99
3257.57
3164.44
3236.75
2990.66
3233.76
3055.28
3228.68
3143.21
3301.8
3408.62
3230.91
3051.54
3135.9
3128.64
3190.51
3326.68
2963.46
3319.91
3565.98
2930.46
3156.82
3226.95
3361.47
3044.29
3056.82
3381.4
3231.77
3007.37
3108.15
3204.61
3088.41
2984.07
3379.94
3176.79
3156.45
3106.03
2964.31
3123.36
3062.04
3391.69
3318.71
3298.96
2915.24
3261.05
3311.12
3164.52
3183.14
3060.85
3387.06
3036.29
3230.16
3146.26
3136.1
3230.17
3272.29
2895
3467.66
3034.97
3172.23
2996.9
3129.29
3301.34
3398.75
3286.73
3131.26
3389.31
3220.4
2950.68
3195.44
3193.51
3319.9
3321.26
3201.59
3042.28
3228.47
3020.43
3035.31
3268.3
3107.06
3299.39
3352.39
3048.73
3179.31
3154.29
3214.98
3202.73
3159.31
3101.24
2974.37
3117.92
3223.77
3130.74
3182.5
3186.45
3097.39
3022.07
3322.29
3180.91
3136.16
3102.68
2968.15
3316.69
3003.87
2947.05
3148.21
3351.7
3171.6
3370.23
3318.69
3039.69
3243.31
3120.95
3287.96
3204.05
3098.98
3149.52
2935.9
3313.64
3357.66
3179.9
3038.63
3271.42
3208.12
3414.21
3137.66
3362.08
3230.16
3014.18
3333.64
3126.68
3266.59
3117.61
3295.7
3185.27
3068.51
3161.51
3234.25
3271.15
3270.09
3206.04
3189.06
3321.54
3126.14
3164.67
3456.92
3258.51
3093.34
3308.6
3175.43
3121.17
3155.14
3113.7
3189.57
2945.18
3272.16
3212.28
3095.98
3246.29
3293.71
3181.77
3250.44
3088.2
3232.64
3320.36
3149.22
3120.56
3327.36
3265.52
3278.92
3126.08
3049.13
3312.27
3110.52
3034.04
3252.2
3284.61
3183.45
3365.82
3241.97
3233.98
3225
3332.2
3234.51
3131.61
3017.89
3104.33
3037.83
3243.31
3118.05
3356.97
3219.48
2930.64
2925.1
3303.58
3469.51
3338.55
3116.63
3153.25
3205.27
3109.44
3102.47
3148.48
3006.35
3400.6
3341.59
3425.01
2868.5
3077.51
3297.68
3402.57
3158.44
3220.27
3319.72
3182.58
2965.51
3434.42
3149.75
2948.81
3190.49
3227.05
3331.63
2986.48
3244.05
3353.17
3289.75
2906.38
3071.05
3398.06
3234.21
3245.42
3121.47
3148.74
3129.43
3259.68
3163.01
3465.88
3242.36
3191.48
3399.4
2856.94
3125.7
3006.05
3139.21
3270.8
3177.91
3140.43
3314.12
3085.83
3171.11
3227.69
3054.94
3447.29
3091.27
3157.18
3217.76
3122.5
3216.92
3134.05
3285.29
3140.52
3348.5
3126.13
3321.61
3163.55
3216.7
3147.6
3346.53
3180.02
3051.7
3193.99
3078.87
3008.86
3133.95
3338.37
3125.41
3197.56
3267.13
3417.09
3357.87
3170.66
3001.27
3242.92
2993.11
3126.75
3058.38
2936.72
3016.61
3174.29
3156.11
3084.77
3033.01
3364.36
3052.08
3303.97
3231.28
3212.37
3202.33
3290.91
3227.07
3173.66
3164.25
3235.98
3011.01
3095.35
3346.16
3254.01
3088.07
3124.09
3392.33
3365.28
3030.28
3271.22
3393.38
3361.8
3065.92
3012.2
3148.45
3030.51
3149.36
3305.23
3200.98
3264.08
3256.56
3209.95
3086.05
3159.52
3137.34
3078.34
3157.03
3014.03
3236.1
3128.16
3038.39
3097.11
3115.32
3113.76
3020.15
3399.68
3153.33
3210.67
3166.61
3117
3315.88
2965.3
3040.3
3084.6
3271.65
3214.71
3281.88
3217.53
3309.56
3152.59
3064.86
3111.76
3409.47
3491.83
3268
3422.32
3228.32
3301.5
3242.61
3157.52
3285.44
2988.05
3010.6
3178.05
3214.8
3053.63
3226.15
3384.44
3163.86
3141.2
3130
2933.33
3365.38
3084.05
3192.63
3185.62
3083.21
3349.04
3414.83
3252.01
3217.73
3202.08
3137.38
3201.53
3082.79
3335.83
2986.08
3313.32
3214.12
3265.79
3040.35
3139.61
3245.53
3130.68
3095.29
3083.06
3060.2
3352.24
3006.7
3055.99
3154.53
2985.99
3232.97
2883.47
3268.15
2887.64
3130.47
3112.28
3131.34
3225.11
3223.99
3347.72
3331.58
3365.31
3328.83
3190.73
3208.35
2924.84
3144.2
3209.27
3226.6
3097.58
3283.23
3316.52
3252.48
2895.69
3110.38
3274.93
3112.16
3234.6
3115.23
3164.33
3162.4
3132.19
3083.33
3280.38
3215.3
3105.42
3225.76
3154.2
3240.87
3079.56
3270.36
3288.2
3142.93
3187.8
3220.01
3147.58
3332.97
3209.63
3314.63
3212.1
3335.25
3249.76
3379.69
3209.52
3268.03
3178.95
3103.83
3370.09
3154
3180.36
3176.27
3225.46
3093.61
3355.61
3205.78
3020.07
3071.88
3135.83
3390.37
3203.13
3146.84
3101.26
3196.2
3247.18
3138.41
3191.29
3068.48
2986.4
3250.43
3079.31
3169.36
3203.73
3335.89
3301.99
3202.57
3379.28
3426.13
3270.44
3294.34
3073.79
3332.36
3157.25
3052.16
3208.32
3312.68
3282.27
3184.75
3167.03
3048.81
3138.54
3055.97
3321.9
3274.79
3147.85
3068.16
3234.13
3333.99
3286.29
3239.43
3167.82
3205.2
3023.79
3172.57
3356.22
2964.3
3064.65
3302.75
3292.73
3169.18
3241.54
3471.48
3050.02
3134.55
3135.8
2996.14
3092.16
3112.69
3151.75
3366.48
3281.72
3068.91
3167.23
3239.18
3221.22
3145.26
3301.16
3150.54
3265.88
3253.23
3177.16
3205.47
3088.02
3181.89
3306.35
3134.38
3280.31
3289.27
3161.95
3184.88
3213.84
3058.25
3115.1
3304.02
3053.08
3216.43
2978.26
3026.98
2839.88
3138.05
3061.01
3325.09
3320
3013.1
3312.43
3194.22
3065.25
3178.45
3094.16
3151.8
3327.59
3285.74
3246.58
3296.61
3287.57
3375.76
3258.33
3178.76
3139.1
2965.03
3043.39
3405.61
3281.17
3188.96
3168.98
3477.4
3055.5
3054.67
3327.09
3163.26
3250.93
3107.77
3082.59
3279.16
3175.12
3313.65
3052.68
3186.55
3049.1
3403.31
3327.43
3354.88
2999.37
3140.1
3195.22
3060.1
3163.2
3255.44
3239.91
3069.42
3154.77
3057.91
3015.34
3230.49
2955.79
3229.6
3143.59
3339.69
3436.14
3098.64
3289.67
3191.72
3070.69
3265.94
3297.64
3297.55
3162.36
3043.67
3296.04
3077.22
2982.17
3076.14
3171.63
3166.1
3050.25
2983.98
3230.77
3171.49
3065.06
3130.63
3058.29
3145.64
3156.62
3330.09
3228.49
3230.53
3072.83
3188.97
3198.05
3216.39
3345.49
3278.38
3317.39
3094.96
3179.21
3125.67
3037.8
2994.84
3131.52
3356.15
3337.14
3107.41
3340.61
3294.52
3076.3
3353.28
2948.05
3159.78
3252.02
3137.27
3220.37
3323.42
3315.03
3083.05
3468.93
3223.21
3180.81
3143.74
3143.42
3288.91
3313.38
3124.26
3192.53
3056.08
3029.51
3376.61
3100.56
3310.66
3278.68
2954.28
3081.71
3129.42
3055.41
3156.58
3212.8
2898.28
3157.77
3308.29
3146.76
3398.92
3090.2
3301.62
3045.04
3202.96
2969.37
3188.95
3237.32
3093.83
3350.62
3216.55
3238.26
3321.03
3064.68
3061.76
3033.4
3291.12
3141.29
3141.61
3159.93
3119.82
3209.9
3255.78
3341.57
2964.64
3155.61
3158.12
3312.42
3208.81
2995.98
3361.72
3086.66
3160.12
3142.52
3178.54
3150.29
3353.78
3194.94
3453
3221.1
3075.75
3306.42
3329.3
3308.39
3199.97
3355.92
3257.77
3018.69
3237.52
3079.48
3244.27
3218.4
3440.81
3009.19
3119.94
3408.69
3223.17
3344.73
3226.82
3271.4
3057.06
3191.56
3308.78
3229.54
3383.66
3259.5
2980.2
3031.67
3430.3
3043.77
3308.5
3268.12
3284.92
3130.43
3228.41
3105.06
3055.78
3062.29
3016.81
2994.08
3208.4
3229.07
3135.59
2841.76
3217.34
3242.18
3105.95
3427.47
3177.55
3336.74
3197.98
3149.28
3078.77
3064.71
3366.98
3202.64
3118.37
3096.4
3191.14
3204.19
3149.38
3130.38
3290.96
3116.72
3079.46
3302.21
3311.21
3351.43
3242.05
3049.85
3090.32
3163.86
3051.74
3234.98
3138.34
2957.29
3268.36
3177.98
3197.79
3028.31
3119.47
3392.64
3087.46
3115.19
3071.74
3025.15
3150.25
3059.43
3310.43
3210.13
2998.34
3109.06
3088.01
3021.97
3267.26
3043.81
3070.2
3358.37
3174.06
3378.83
2980.38
3139.17
2897.17
3138.18
3258.66
3192.53
3189.05
3237.19
3246.66
3229.02
3207.08
3270.83
3090.96
3351.93
3129.94
3107.78
2936.32
3098.84
3325.5
3042.15
3123
3260.17
3079.27
3158.46
3382.91
3197.86
3021.42
3229.45
3142.33
2895.34
2975.36
3046.05
3384.44
3138.45
3112.77
3248.98
2957.53
3035.59
3467.79
3001.03
3190.29
3110.48
3050.94
3299.55
3081.47
3105.96
3385.2
3165.29
3060.42
3456.8
3155.88
3211.84
2916.88
2812.29
3204.43
3144.2
3315.51
3205.56
3346.79
3291.99
3099.57
3192.74
3120.33
3227.9
3245.84
3267.8
3286.65
3192.19
3033.19
3302.33
3583.83
3035.34
3213.25
3119.98
3121.61
3179.89
3230.44
3165.04
3098.61
3097.06
3175.69
3107.1
3279.96
3143.64
3215.29
3084.63
3220.52
2978.86
3390.82
3220.47
3432.79
3295.18
3241.24
3133.68
3047.1
2959.23
3184.22
3086.83
3011.9
3220.28
3353.07
3322.55
3153.04
3180.28
3079.12
3261.17
3309.61
3090.18
3462.63
3165.33
2992.5
3103.98
3167.93
3178.6
3233.22
3294.77
3265.03
3130.6
3112.18
3238.08
3234.65
3224.98
3236.14
3246.67
3423.19
3217.72
3323
3242.86
3046.24
3342.03
3288.23
3440.8
3167.18
3144.2
3241.85
3069.1
3149.87
