107.256
149.441
122.306
137.548
98.9923
111.998
151.936
95.6914
129.472
131.686
148.041
139.146
111.975
95.6084
122.361
141.02
138.803
117.329
116.934
139.338
109.297
138.096
124.105
110.845
100.423
128.349
128.357
118.959
94.5299
84.5658
113.625
86.2961
151.728
140.697
152.83
125.973
142.034
144.829
136.363
117.038
121.032
109.964
104.25
148.915
107.026
116.722
132.566
122.284
122.84
157.593
154.228
122.674
93.0209
107.528
86.5559
114.041
109.455
108.908
134.912
108.405
115.605
126.59
134.698
111.421
128.346
107.828
132.957
128.041
94.7976
113.962
115.908
153.475
137.093
150.84
120.934
133.862
155.744
138.954
117.418
92.1905
127.386
162.181
112.465
135.383
151.179
128.22
151.087
109.616
114.828
131.356
134.928
83.7044
103.779
128.693
109.419
149.095
88.9814
131.735
127.873
141.876
137.917
126.822
128.518
136.759
127.354
118.805
128.599
133.091
116.105
139.975
109.34
114.745
122.67
116.929
134.159
115.456
137.941
129.876
121.706
138.582
122.912
108.79
129.794
143.461
107.412
148.334
159.27
129.945
129.657
108.997
119.876
130.488
131.744
124.298
104.477
114.645
123.779
90.751
128.335
121.434
125.944
132.365
123.268
104.862
97.3425
109.352
117.65
112.569
126.651
140.849
134.726
124.057
152.238
121.977
119.782
142.757
138.783
95.1767
129.825
129.368
140.639
126.239
133.809
107.885
142.412
113.36
112.348
113.581
135.265
108.427
129.658
117.279
125.201
119.468
93.3032
113.355
84.5438
125.67
112.348
106.974
132.172
153.702
114.051
128.646
124.752
106.329
117.602
121.993
141.579
129.827
143.546
104.469
103.704
132.671
126.926
133.185
129.938
93.361
168.179
121.784
111.986
74.6971
134.091
134.352
122.488
153.275
164.99
156.14
135.219
123.105
150.09
104.917
117.838
108.684
159.836
132.058
145.697
142.655
139.374
111.473
98.0201
110.02
117.369
119.33
114.924
106.472
138.914
107.798
125.966
151.472
126.809
154.906
140.018
141.398
132.414
123.634
131.12
126.49
115.724
155.534
111.957
111.549
117.594
117.426
110.595
135.507
122.355
115.957
150.151
137.916
169.567
99.7387
120.312
100.475
109.666
195.776
147.785
128.673
137.085
104.776
136.716
118.24
101.838
138.994
131.926
155.83
108.019
153.078
105.863
129.99
126.932
124.693
143.89
153.305
126.394
114.022
103.346
138.508
117.106
121.999
107.408
106.88
128.674
182.216
142.546
136.389
121.689
86.0599
167.228
132.251
133.75
153.586
105.684
118.179
131.931
108.651
115.941
123.528
121.235
124.199
153.641
103.903
113.534
99.1619
97.0409
127.69
108.92
120.341
128.554
128.477
111.58
141.69
132.963
135.966
100.898
122.163
106.693
129.765
140.878
124.995
114.425
126.967
123.697
87.2103
88.0157
103.341
139.61
148.369
129.441
114.532
108.755
117.423
93.657
123.541
138.903
132.076
147.638
154.975
123.454
129.606
115.708
114.405
136.26
134.69
120.147
104.13
108.482
116.795
113.666
169.037
112.523
130.654
117.139
120.711
111.217
130.159
107.587
113.962
149.528
105.858
80.5752
147.257
118.005
113.424
145.532
122.617
148.253
131.393
123.179
114.766
118.339
125.135
118.002
125.064
135.296
116.557
137.928
138.008
98.5313
134.56
111.34
134.586
116.107
101.548
130.819
148.867
100.312
130.283
118.484
80.9434
143.711
114.832
105.208
112.457
141.065
119.851
121.619
115.516
96.1026
137.212
123.78
115.93
85.9091
145.57
124.048
113.091
88.5952
114.327
128.409
132.751
140.888
126.156
116.849
108.742
109.138
116.329
166.942
129.29
98.367
108.457
102.98
115.292
133.834
112.013
138.883
126.5
122.464
126.216
123.562
142.719
125.981
124.983
107.784
131.546
112.848
90.2363
124.881
135.534
113.946
135.232
126.423
96.4404
113.229
139.711
114.107
125.752
105.734
119.558
121.014
113.305
84.019
145.118
153.526
131.236
129.571
140.243
150.453
138.615
125.954
115.866
125.143
127.508
143.335
123.021
107.433
118.357
108.138
133.193
138.454
138.844
139.913
124.079
152.841
145.51
112.29
114.993
154.723
118.205
117.574
130.002
133.558
136.982
149.466
137.609
144.441
184.591
117.091
139.457
143.217
128.511
122.083
154.511
138.451
114.933
132.346
154.542
96.0516
126.495
123.303
113.834
136.503
134.966
129.402
128.874
99.6318
126.379
117.312
110.307
108.741
93.8267
140.921
116.673
107.286
103.767
144.662
120.799
146.38
159.512
116.213
140.52
128.016
119.24
116.853
110.573
126.212
85.9512
129.797
136.108
123.826
154.394
116.31
99.5624
126.734
149.899
101.24
149.174
104.851
130.426
122.726
129.652
112.251
144.512
107.13
130.797
124.971
144.188
141.058
116.344
133.576
137.446
151.501
131.763
137.72
116.616
111.504
140.001
132.555
137.844
145.079
143.584
129.941
105.3
122.946
124.399
150.573
136.255
118.775
115.436
124.637
113.555
158.444
101.635
135.704
137.653
137.345
158.011
93.8498
128.772
144.5
114.123
100.108
115.136
112.505
127.531
115.373
161.247
120.926
140.881
110.532
115.862
111.622
107.445
130.245
135.097
149.893
118.179
113.087
77.951
111.308
132.359
159.006
118.621
125.925
139.201
142.956
86.5663
113.127
137.699
153.983
136.605
126.455
125.551
154.41
136.281
101.474
119.436
113.764
95.9555
102.069
136.535
118.308
163.146
129.797
103.807
124.259
130.564
127.294
132.598
112.542
131.059
114.403
125.036
124.217
109.52
124.765
114.609
116.699
125.526
115.639
116.383
130.988
86.0667
159.575
135.823
146.704
156.74
129.532
140.427
113.799
119.536
115.592
129.349
119.759
95.3253
87.7598
126.789
124.256
110.509
125.109
154.573
124.536
153.56
97.7059
143.791
136.226
109.354
93.048
109.447
116.459
144.927
135.393
120.666
110.61
135.673
155.175
143.062
116.29
128.9
126.164
164.107
132.583
129.628
185.229
138.544
113.653
129.155
114.43
127.732
159.704
131.607
129.592
163.636
150.944
159.836
89.2621
146.712
131.195
131.888
110.94
139.376
120.24
116.124
145.628
111.264
176.187
119.319
99.8044
148.803
138.183
151.445
131.895
130.266
143.808
138.649
118.355
112.644
128.128
145.788
134.49
105.664
158.343
126.894
153.244
105.543
144.904
107.911
141.177
143.805
136.128
141.471
134.774
120.045
118.676
119.204
121.28
112.551
127.485
99.7843
145.74
147.741
126.651
114.963
113.231
123.408
150.953
114.797
126.406
120.176
135.94
153.348
110.45
131.385
121.855
106.825
151.404
98.0948
95.2749
123.71
144.411
135.636
134.642
115.452
109.484
161.77
154.983
115.424
97.8931
136.367
91.3423
124.396
140.663
123.732
145.322
136.668
132.753
121.124
146.423
116.786
120.903
115.581
112.682
107.095
103.403
152.588
151.307
101.877
112.304
131.303
134.65
129.77
148.542
94.9398
129.665
123.383
135.434
145.231
182.575
119.35
115.072
114.507
135.876
136.06
133.586
164.915
167.591
124.457
121.198
150.082
136.24
119.952
125.94
159.203
129.969
119.56
150.588
98.3046
150.233
148.988
118.949
138.673
118.366
147.283
111.314
114.342
97.2158
136.51
137.371
127.845
126.116
115.737
126.511
114.228
118.571
121.607
140.589
171.434
144.63
116.565
119.656
137.146
147.445
143.275
140.347
122.963
116.994
150.047
131.903
125.099
139.63
157.586
135.108
106.842
104.774
111.09
118.694
114.059
145.835
122.062
134.212
128.369
125.501
123.343
111.282
118.963
97.1885
160.041
104.421
112.935
130.325
107.788
142.747
101.561
117.806
109.958
135.488
121.458
138.669
111.499
126.778
174.631
104.969
111.793
130.526
167.802
139.04
145.756
133.319
149.345
124.682
167.049
105.66
166.178
121.676
120.243
123.003
129.36
134.717
137.763
139.61
110.122
130.289
118.952
139.962
99.8541
111.29
139.023
104.106
136.737
147.982
106.455
148.239
152.084
155.586
141.992
149.852
122.905
131.005
160.782
115.879
107.279
122.907
115.927
101.398
150.727
132.625
134.442
152.74
112.217
135.415
116.693
102.857
142.454
131.638
156.503
131.657
113.234
122.445
123.238
97.7084
124.564
119.08
146.202
110.122
102.592
141.707
110.857
138.3
106.726
123.575
140.716
124.894
130.736
142.004
113.735
148.18
142.11
97.4891
126.693
134.358
149.035
121.012
126.915
127.295
133.861
150.008
131.416
103.615
122.415
131.174
167.802
130.551
134.569
118.024
117.987
139.771
110.317
121.11
114.079
121.46
142.91
131.56
134.919
118.359
105.46
151.549
125.774
133.984
107.834
113.347
93.0555
132.948
117.168
141.511
140.652
134.819
131.344
141.893
108.231
115.956
156.353
110.418
163.285
102.195
101.914
139.101
90.5882
133.777
95.5311
109.99
124.253
122.388
129.127
130.313
123.777
149.145
114.831
159.658
109.331
113.254
128.24
158.858
121.059
92.7868
111.334
114.155
131.466
129.572
107.921
130.197
141.139
97.511
153.918
142.506
112.572
140.523
153.716
117.775
121.051
149.702
124.636
149.46
118.723
124.554
124.16
131.136
128.397
137.724
125.369
133.084
121.781
125.403
125.97
138.518
131.58
148.19
122.2
125.532
126.418
137.469
145.947
109.335
113.282
116.35
122.741
125.749
98.5158
146.138
121.618
113.856
115.351
125.468
120.014
108.479
142.413
117.882
119.737
99.4159
152.931
117.294
133.508
129.824
119.767
129.085
132.226
110.847
132.47
121.567
109.977
115.585
102.283
114.043
132.075
150.534
95.0851
162.482
152.982
154.407
147.536
134.395
144.421
113.534
77.1512
141.733
113.782
100.738
122.984
146.609
86.5091
137.248
111.859
122.655
130.8
100.21
128.877
101.874
136.041
117.675
112.122
122.365
150.618
150.294
111.739
119.698
123.412
126.502
89.4937
148.783
117.528
96.5429
100.176
128.299
113.073
132.122
93.7836
134.143
88.5282
111.161
128.168
173.221
114.077
150.831
147.242
133.157
144.14
144.964
139.466
119.221
139.449
117.711
136.017
124.258
125.405
120.523
131.757
169.63
105.728
116.977
143.223
112.683
96.2945
117.039
96.6695
158.167
139.437
180.392
121.651
113.947
120.261
172.831
114.227
101.804
134.861
133.053
106.706
128.673
158.424
102.649
89.0208
113.48
104.474
123.137
127.555
134.82
125.678
108.398
117.811
141.311
136.689
127.502
119.022
112.756
120.99
119.337
115.804
141.31
116.423
120.254
117.766
109.943
131.477
89.7719
111.419
129.135
109.088
144.433
108.224
117.654
118.024
104.082
117.355
129.275
128.381
131.551
136.905
129.816
157.525
131.897
114.32
142.759
114.775
114.533
95.9351
102.506
157.115
126.914
162.483
118.202
119.311
120.419
115.69
151.962
114.936
130.589
139.933
136.468
98.694
131.268
141.118
131.264
138.047
133.503
134.556
129.72
86.8991
138.374
148.469
128.009
131.301
139.519
110.558
99.9037
144.335
121.035
134.033
101.75
96.0191
131.669
120.557
126.106
143.706
129.094
110.25
152.235
149.445
148.913
126.571
80.8586
113.235
142.502
132.83
150.716
117.234
120.177
108.578
132.663
142.636
114.749
111.995
123.758
114.896
115.441
146.57
149.399
154.877
115.931
102.148
90.7852
107.415
122.336
99.6539
103.91
144.275
115.587
149.631
130.191
140.399
163.074
114.713
110.392
133.572
100.779
113.869
114.167
99.8805
113.907
116.024
117.628
120.033
153.373
105.254
115.761
139.76
119.748
122.725
132.138
161.934
136.262
129.575
136.66
137.012
116.842
97.2425
138.195
123.651
119.325
107.427
131.591
109.065
135.956
123.138
132.175
151.116
93.2491
95.7301
116.478
145.56
147.976
115.903
95.4568
113.145
121.312
153.041
119.066
121.903
123.028
122.289
134.773
153.387
127.887
106.992
153.015
153.987
140.611
115.066
134.437
131.796
151.027
122.029
111.485
116.593
112.331
119.033
96.198
124.488
127.043
138.688
161.169
159.878
87.7745
114.979
133.485
130.071
139.065
128.317
98.5927
97.6244
99.0919
105.922
128.216
126.604
152.983
106.985
112.693
113.848
130.11
137.147
171.027
96.6655
88.3868
115.274
119.123
175.255
153.001
153.01
148.312
127.471
123.23
114.3
132.935
141.191
115.999
189.147
120.82
145.104
109.513
84.9173
109.193
133.113
84.6032
127.987
113.543
109.402
127.583
144.554
106.795
95.784
133.241
138.663
90.6094
119.665
105.434
128.677
122.435
123.061
131.828
112.247
132.05
108.813
129.396
144.408
147.745
120.103
137.33
120.329
124.533
135.429
111.922
136.947
127.152
150.395
124.723
96.5992
117.866
133.261
153.283
132.039
127.381
155.956
151.751
137.456
116.453
127.635
125.587
139.229
116.47
123.212
114.448
106.586
107.318
120.765
150.142
135.894
113.883
119.831
154.629
147.781
122.096
140.889
148.521
120.007
109.03
134.955
132.586
150.942
151.201
101.035
134.932
153.306
115.892
155.487
127.316
154.173
147.962
152.207
150.961
102.507
120.621
126.964
97.207
139.243
155.1
113.298
120.93
144.974
109.82
135.155
152.163
122.483
121.429
112.716
114.128
123.457
120.228
115.814
127.765
123.914
117.343
137.075
182.717
106.442
134.492
134.238
93.8507
105.163
123.379
134.599
115.84
121.843
122.877
127.544
92.9654
90.3434
146.948
96.4852
89.0471
104.943
113.432
120.727
103.989
116.932
144.488
140.864
116.278
162.702
144.258
150.472
128.054
123.76
128.571
118.995
98.5429
131.916
115.03
125.962
139.211
118.222
162.642
124.972
140.635
130.772
98.1823
138.58
94.6724
145.316
148.519
129.693
153.168
115.2
112.232
156.566
126.96
126.124
127.135
119.927
114.046
129.206
108.37
107.746
119.895
119.813
113.878
126.057
117.529
110.063
141.652
101.024
108.656
111.585
126.267
146.633
139.679
113.379
138.981
145.661
119.197
133.517
109.557
127.084
153.21
136.977
94.272
100.435
133.488
94.0353
87.0584
110.364
130.441
119.541
124.022
130.797
127.019
136.811
117.891
148.81
152.58
119.736
140.714
135.356
112.059
123.249
99.9204
127.196
154.403
141.856
127.62
100.955
119.28
123.806
98.2936
142.093
137.723
141.376
156.243
97.3128
115.241
140.189
137.04
116.719
116.889
129.67
128.373
124.928
112.668
117.058
135.108
110.774
134.725
91.3489
132.03
101.5
118.868
114.088
136.739
120.846
135.168
134.115
97.4945
140.602
138.476
120.199
111.223
117.173
106.102
110.912
107.834
117.847
122.689
116.556
137.64
111.648
101.817
146.834
141.965
96.5518
82.8893
142.388
106.624
134.483
147.107
133.494
146.246
150.164
114.585
128.512
139.014
111.31
160.043
142.28
146.055
100.011
131.261
111.936
132.818
136.433
136.411
138.72
131.038
132.226
98.4906
143.859
117.392
140.198
119.069
131.306
120.476
152.645
149.149
148.709
136.722
122.559
149.431
110.835
140.061
141.305
116.916
126.983
110.879
114.741
112.402
114.161
113.978
108.887
81.6134
166.047
157.233
185.171
118.016
104.407
116.341
101.65
133.364
98.873
126.805
116.348
98.6816
116.621
141.126
122.52
172.241
118.232
133.053
141.089
129.551
156.878
113.843
127.698
111.535
107.665
148.864
122.468
121.104
125.573
135.584
125.925
116.632
117.937
115.59
155.38
113.573
118.682
106.948
163.548
136.485
142.256
85.8213
130.8
108.227
137.869
117.542
110.571
145.755
131.33
105.551
105.961
106.812
140.457
142.605
122.701
120.333
147.073
122.801
110.025
118.501
112.997
121.043
110.006
119.462
123.286
106.513
154.305
114.657
141.668
154.634
128.354
118.077
119.251
115.639
135.919
114.428
128.516
136.979
121.366
135.341
138.282
127.919
127.79
150.21
97.617
138.435
119.829
119.21
107.94
130.618
137.217
123.76
129.525
128.477
147.679
93.9934
127.852
129.014
118.436
84.1489
124.354
129.927
94.8594
107.167
152.723
117.233
125.636
172.652
128.091
94.1531
107.537
99.8937
140.912
105.386
131.563
117.772
133.138
124.917
114.909
134.561
96.1256
144.018
117.729
119.472
120.695
131.35
137.173
110.375
124.869
117.257
129.166
116.858
145.625
102.874
94.6394
152.629
132.321
137.979
133.171
106.131
123.894
121.425
104.724
110.998
140.766
111.184
115.645
121.843
165.653
113.871
100.852
98.9334
132.764
166.948
90.7768
147.882
150.137
110.983
140.061
136.469
125.015
112.361
115.606
116.277
110.683
119.771
122.688
107.516
128.905
129.59
91.9891
148.703
119.832
142.303
122.45
114.418
130.537
121.439
163.235
116.847
108.588
122.265
126.89
120.499
121.727
128.519
143.588
102.417
119.152
123.1
149.721
114.502
139.254
129.954
130.162
119.124
122.872
154.853
146.592
130.722
145.913
136.045
105.75
98.42
122.041
122.595
137.929
110.999
123.067
140.263
122.509
125.46
115.991
143.068
119.91
125.456
136.725
136.269
130.309
155.146
118.752
129.353
103.25
162.034
106.645
103.547
143.368
130.057
109.18
98.3458
147.048
132.144
120.737
107.257
98.4019
97.3766
138.985
140.029
129.571
107.385
122.784
131.69
84.9858
133.362
97.4354
114.009
128.087
150.43
126.34
119.133
169.487
103.601
125.534
137.336
105.317
128.821
117.289
113.502
115.054
140.669
132.264
115.26
125.951
101.316
139.905
106.378
114.877
110.568
118.938
124.482
162.478
123.136
113.866
93.5796
133.671
100.835
135.725
135.493
119.605
150.096
132.631
109.631
145.942
135.015
139.922
124.764
145.867
139.009
111.274
117.93
134.86
145.833
120.555
170.856
172.985
116.07
114.037
139.915
120.851
135.263
134.867
127.716
122.671
119.136
135.252
119.881
113.432
100.393
117.877
110.954
139.785
133.115
121.342
122.719
133.486
126.475
132.191
142.955
130.111
101.705
129.991
106.234
119.381
93.4716
109.031
145.292
103.273
92.4457
107.548
152.785
175.132
153.452
137.437
124.177
137.825
119.96
143.829
121.436
109.007
117.388
113.393
113.922
106.656
139.766
114.247
110.418
128.871
100.619
143.197
141.307
130.877
107.7
129.151
106.985
113.918
127.584
127.614
123.787
122.898
135.652
111.901
145.723
122.583
130.411
122.288
173.332
140.704
143.192
141.178
96.1369
106.039
130.305
139.92
139.107
103.844
123.133
121.406
156.983
123.212
134.604
140.8
106.311
137.109
146.615
137.809
134.211
109.054
93.422
133.964
129.121
127.44
125.32
137.875
109.133
116.4
124.06
105.577
109.783
118.137
112.841
147.639
130.106
144.871
134.818
139.73
132.369
115.863
134.808
124.898
147.62
128.184
117.729
100.821
149.21
128.308
161.267
149.231
130.117
151.22
117.902
131.829
128.205
125.446
136.932
140.8
102.789
108.525
128.822
102.24
139.829
111.433
128.896
152.073
135.345
98.3964
138.63
121.345
159.038
112.471
113.306
112.619
151.894
149.501
127.283
129.545
123.199
105.803
120.093
103.728
120.923
116.56
122.394
123.295
143.918
132.063
120.088
118.781
110.291
128.864
101.202
118.44
113.446
109.226
131.771
126.117
97.7108
119.941
123.006
132.925
155.517
103.459
129.432
110.323
117.05
137.38
142.816
139.867
132.892
93.8479
127.534
159.446
107.361
163.258
134.417
120.673
113.172
142.154
122.442
132.208
123.914
123.096
111.454
121.036
119.026
135.672
119.899
104.796
139.305
117.543
127.546
114.317
128.811
134.881
127.943
92.6196
117.05
114.504
119.524
130.126
111.228
106.842
147.298
135.266
136.309
113.633
127.103
121.395
118.669
129.537
114.15
145.132
149.647
110.06
140.587
160.083
123.093
153.686
128.677
114.624
107.517
135.192
95.872
123.268
126.487
127.805
149.926
128.942
164.529
128.499
109.11
181.441
128.719
134.056
147.675
138.476
134.256
106.535
110.396
97.7452
115.65
130.472
104.837
100.339
116.019
113.917
137.096
120.213
133.894
112.618
125.434
140.69
110.063
130.217
117.38
114.589
113.955
135.743
113.547
147.018
115.419
152.727
144.663
128.289
142.095
110.109
136.38
135.112
134.745
117.839
133.006
120.732
140.364
114.431
124.873
131.501
122.799
124.133
110.196
140.431
160.912
124.902
108.189
147.226
101.084
139.541
123.35
102.643
109.381
152.354
106.466
164.634
112.549
131.153
120.157
110.854
171.318
126.13
158.846
128.46
112.226
103.922
115.779
111.689
143.74
105.571
116.511
126.14
113.733
102.643
88.7447
147.226
131.316
148.659
136.701
115.855
143.648
146.468
117.318
126.173
114.371
132.904
121.688
98.5471
125.957
125.8
127.35
136.613
123.206
124.182
112.348
102.612
134.673
118.396
116.286
120.221
113.261
92.5314
147.956
109.078
116.672
142.968
128.681
135.952
129.221
108.559
120.519
118.149
140.312
147.015
119.326
140.656
112.252
114.554
94.3986
95.372
115.284
92.5434
128.36
115.721
127.378
152.177
157.821
115.709
167.013
144.144
143.88
125.064
111.485
92.3916
131.642
147.438
112.706
137.149
181.092
106.066
124.816
143.798
119.182
108.526
149.745
158.2
115.387
118.88
154.641
129.369
127.567
125.687
120.393
108.114
118.622
104.368
147.239
105.341
110.6
130.851
138.462
127.024
135.654
96.2561
99.1724
115.034
150.326
147.852
123.228
126.221
112.34
104.807
145.918
136.591
154.174
111.191
126.442
128.591
135.477
111.707
117.555
110.235
118.279
107.685
124.816
130.7
93.8196
131.292
142.844
117.918
106.036
131.273
158.833
104.44
131.62
131.037
119.425
122.857
143.771
127.426
98.6647
131.65
134.689
145.109
124.759
150.388
130.024
120.067
122.031
123.473
136.835
139.643
111.42
144.454
122.963
109.458
108.399
152.061
130.974
121.01
151.054
174.518
140.516
132.169
123.636
165.058
126.497
116.069
105.217
130.139
121.76
125.948
120.48
130.382
114.877
128.76
125.046
118.844
113.674
122.015
113.934
97.1797
127.656
139.948
137.471
110.233
137.099
118.115
100.336
125.071
139.513
119.23
107.922
112.573
100.038
103.113
120.11
104.461
164.179
142.136
130.284
145.879
147.521
135.872
82.3271
123.511
125.644
115.891
126.056
143.027
125.47
114.934
109.317
108.082
110.293
129.857
105.692
132.929
116.813
96.6878
148.892
112.233
125.426
128.676
134.641
151.889
135.69
130.798
156.88
113.868
147.606
102.994
103.983
145.01
149.973
141.547
121.205
116.431
128.549
110.941
138.738
137.167
97.2676
84.1313
106.209
102.335
118.68
127.755
130.246
144.042
105.558
132.396
122.107
112.947
106.412
156.076
142.753
125.604
116.717
109.826
119.433
160.5
149.968
87.3016
110.952
127.268
153.2
115.937
112.546
92.3905
100.621
133.934
128.761
139.658
121.326
116.306
123.842
91.529
139.034
117.717
92.4379
130.221
112.659
122.716
143.649
159.664
116.406
119.149
126.83
91.8938
109.497
130.977
128.201
118.046
83.7761
112.656
111.759
140.817
132.967
137.42
112.328
86.9731
125.449
130.672
118.551
119.463
111.502
102.949
118.1
93.3196
106.206
104.338
98.6883
142.443
154.985
91.1987
136.552
90.2085
105.266
154.03
132.959
139.796
149.574
137.232
112.088
149.85
132.384
151.8
103.152
110.851
103.94
126.089
123.512
132.23
108.241
100.346
173.542
157.173
120.194
97.6108
121.271
137.592
120.814
125.595
151.826
120.005
128.076
128.229
142.099
111.856
122.29
139.997
134.512
106.653
113.146
130.459
132.268
108.095
148.328
149.827
131.541
145.943
138.368
141.161
143.53
126.514
126.24
118.868
131.416
134.6
128.072
101.572
119.621
147.199
137.366
149.275
151.743
110.41
140.913
135.604
121.537
139.356
144.33
119.967
129.182
98.6699
93.1884
127.934
115.94
123.922
147.159
129.139
95.8869
126.272
160.766
134.892
122.585
119.654
138.02
133.174
145.042
109.688
115.3
116.611
112.151
138.265
93.6183
125.54
120.969
139.649
153.223
113.472
142.774
104.819
132.307
103.46
140.805
130.381
109.72
138.145
110.594
88.6021
108.435
126.222
145.197
148.919
113.862
113.022
131.625
126.675
122.7
160.334
109.542
105.786
163.101
123.623
129.459
139.165
124.842
103.285
143.119
141.87
151.325
131.203
119.673
133.044
130.125
128.988
139.207
110.304
119.154
122.209
103.419
159.467
157.312
112.348
149.847
145.928
112.649
91.6114
119.606
109.955
140.864
121.345
161.089
140.515
112.993
134.176
139.144
143.639
137.171
98.1198
105.517
139.463
157.748
113.401
122.973
140.664
115.179
135.104
110.458
120.461
135.653
142.508
114.289
117.862
99.1872
98.9161
174.653
157.003
104.271
123.974
132.416
125.81
125.473
145.506
116.943
156.925
111.102
141.228
131.271
111.975
122.456
143.561
153.815
93.4688
132.665
130.128
112.322
127.55
174.752
123.233
97.9922
121.657
148.562
124.867
141
136.377
131.919
136.267
141.628
121.935
105.843
153.764
103.704
117.766
127.112
137.485
113.509
131.616
112.746
134.524
130.434
119.934
113.283
141.382
106.452
157.185
100.143
152.106
122.338
130.095
119.908
97.5969
116.06
131.41
109.849
124.321
92.4516
154.089
103.006
137.476
123.72
153.804
142.969
148.89
127.262
124.103
127.31
151.812
126.338
112.49
141.519
106.843
155.454
114.721
140.219
117.668
139.032
117.278
127.925
131.296
122.491
137.25
120.857
109.76
122.068
149.234
111.937
138.109
134.416
120.582
132.429
102.416
137.163
137.746
135.572
92.7301
140.818
144.449
120.884
120.416
128.473
141.046
116.991
138.925
117.994
136.276
92.0223
122.327
118.395
128.745
118.97
127.689
131.533
133.171
150.655
135.449
151.748
157.914
132.518
121.732
127.578
121.026
151.48
117.003
114.607
107.336
113.601
138.39
112.544
104.312
97.5337
165.947
118.693
136.23
117.811
111.011
145.171
117.782
122.572
142.727
106.147
161.933
127.143
150.485
112.74
143.115
110.142
127.116
147.254
118.47
139.823
121.543
98.1102
144.837
121.942
138.491
144.062
109.186
139.621
92.7592
138.693
131.898
140.11
126.926
126.631
121.365
128.877
124.757
135.812
129.865
115.717
114.64
116.395
144.737
137.769
137.7
165.405
92.2301
108.784
111.141
147.21
99.3565
126.426
131.77
110.305
93.533
131.506
123.393
107.97
103.05
108.814
145.736
108.168
107.084
103.456
124.444
144.11
108.184
101.46
96.622
136.733
100.443
122.179
161.931
128.318
109.84
142.41
118.3
145.279
130.033
112.26
129.109
129.018
147.656
128.745
123.794
147.97
130.427
118.79
140.708
122.361
111.451
132.989
127.123
119.673
117.485
108.399
106.133
116.631
144.408
118.32
138.751
125.324
109.545
120.211
158.097
162.354
116.239
133.646
128.797
134.428
142.593
116.866
144.808
95.2761
130.108
125.753
111.323
93.5308
117.02
169.522
116.367
150.458
140.878
147.428
114.399
151.914
124.657
132.214
96.2876
97.8889
130.255
172.544
132.388
90.7145
120.788
152.52
131.58
96.2119
158.635
128.613
154.417
123.208
122.935
105.889
120.852
145.26
115.426
154.875
113.78
111.669
125.305
122.097
146.077
147.038
129.087
122.257
96.9727
135.556
132.514
125.03
142.396
123.19
132.195
116.85
121.929
129.456
147.705
134.405
149.978
86.1401
143.669
147.42
125.602
121.776
171.39
95.663
100.654
137.499
121.562
97.008
145.846
122.066
135.645
126.116
122.745
148.748
115.039
123.316
133.097
123.213
153.144
119.181
119.357
141.064
141.159
137.585
95.8598
118.204
143.124
135.164
135.953
138.58
108.456
99.4287
140.313
129.592
115.806
124.836
149.173
142.404
122.143
138.711
123.323
87.2065
108.509
123.299
89.4167
143.771
123.81
114.197
116.698
134.313
118.743
159.491
95.7681
124.413
107.158
140.689
121.418
143.344
150.403
125.041
141.996
124.206
105.288
96.8958
87.1128
151.847
129.071
115.757
183.571
112.458
105.587
113.773
91.5601
151.466
143.028
105.378
128.417
103.187
132.754
124.771
131.299
138.456
131.167
98.5953
124.649
129.916
129.002
131.534
123.486
101.81
119.568
110.907
102.363
110.682
105.571
134.435
151.884
117.8
114.354
103.562
153.511
114.086
134.66
122.96
115.122
111.371
135.241
117.588
159.021
121.325
104.078
118.859
128.187
126.986
122.729
115.201
142.58
100.469
133.278
150.887
136.849
145.862
82.8639
115.825
120.878
117.57
121.556
116.236
159.936
143.161
118.147
115.069
117.494
119.238
114.048
134.823
108.302
130.166
121.958
125.858
99.6364
143.614
141.943
145.267
117.117
146.575
112.988
107.134
114.869
108.14
151.862
91.1184
143.044
101.233
141.783
150.718
118.717
148.398
123.314
120.396
126.308
135.51
142.771
117.854
119.671
109.471
118.43
124.432
110.309
134.029
128.436
117.474
153.747
92.2126
103.496
126.706
136.412
108.378
101.839
108.501
108.018
125.946
113.925
119.224
117.359
115.432
107.967
99.7712
111.712
137.525
153.73
125.096
145.99
120.653
129.427
129.636
107.706
128.125
140.978
159.811
143.363
165.464
144.077
124.484
118.889
120.353
105.714
126.348
113.616
129.14
107.916
133.809
147.828
107.434
97.8944
139.8
86.17
132.594
120.677
129.187
124.613
97.4865
156.116
155.618
142.918
120.027
130.039
125.419
119.117
144.432
123.983
106.164
173.28
137.828
97.4384
112.574
151.729
151.326
149.389
135.661
119.642
108.653
142.83
141.837
143.715
119.579
140.211
127.861
115.9
146.583
100.752
128.021
105.921
117.805
100.426
139.439
99.8464
122.83
136.995
138.403
148.325
124.707
108.771
138.437
109.728
119.132
130.323
121.565
108.822
130.781
110.671
129.632
135.507
116.258
144.979
104.274
102.525
99.7675
94.5341
98.477
139.268
109.804
133.264
113.411
122.139
137.626
98.5542
168.578
133.638
103.746
113.738
149.629
112.311
140.785
127.45
114.145
102.489
139.972
140.505
117.411
110.521
92.4582
133.73
105.514
150.547
155.704
138.646
122.168
116.162
110.046
138.789
136.95
115.33
114.428
138.566
133.168
131.838
126.53
117.374
105.827
102.392
142.322
105.977
126.321
149.931
105.365
123.953
168.512
140.062
135.112
142.982
123.735
145.063
100.217
115.234
110.974
113.131
143.075
127.37
140.287
156.235
105.76
100.229
114.718
106.207
122.755
134.942
135.659
130.813
115.602
145.341
122.348
175.735
155.403
125.374
108.485
143.542
118.238
141.637
142.526
121.091
106.26
132.493
126.784
145.484
151.402
155.505
104.115
114.437
121.901
107.792
119.511
92.8199
146.816
113.117
127.771
147.212
130.382
143.588
110.946
134.316
127.024
138.421
134.837
141.194
128.505
117.411
128.404
148.507
147.129
156.567
144.08
115.158
120.934
98.1244
136.093
121.839
125.589
98.3976
131.216
153.125
102.46
159.757
129.632
113.169
111.848
149.491
112.116
112.341
111.546
127.179
98.8782
139.432
96.9269
130.005
74.7687
113.964
186.453
129.406
98.4268
112.917
126.551
131.229
105.75
156.464
126.704
149.018
123.456
116.147
144.384
99.519
146.502
127.915
104.055
125.508
170.115
111.202
135.865
131.732
114.206
140.011
110.155
109.449
152.597
111.539
128.942
109.508
134.705
120.078
116.064
134.962
122.694
126.301
103.693
103.548
106.967
123.8
112.052
125.266
99.429
131.524
127.858
137.72
117.956
106.133
111.771
101.402
115.802
100.668
150.75
121.069
95.3267
106.093
116.82
136.544
129.093
104.989
108.447
147.67
137.122
125.006
171.624
164.322
119.38
144.264
109.982
128.604
123.557
120.583
121.633
128.907
103.604
140.641
143.85
132.868
157.475
130.341
139.719
122.892
120.989
112.647
127.756
101.337
108.956
112.361
112.771
134.294
115.029
136.072
105.819
135.164
130.475
134.73
164.127
133.688
103.535
121.838
128.385
129.458
137.001
101.61
148.706
123.841
159.449
110.485
133.528
120.618
107.394
113.432
144.587
137.046
99.3771
118.275
97.4132
106.405
144.503
153.812
137.688
133.856
116.967
148.789
116.374
129.952
118.523
130.958
149.256
127.82
119.566
118.107
115.677
137.993
135.661
115.954
133.502
124.48
140.899
112.254
112.122
149.613
124.011
126.415
144.614
145.912
107.721
145.474
168.768
117.11
109.063
125.237
141.376
148.729
112.196
133.291
158.141
154.389
121.78
128.933
134.933
134.379
121.356
122.217
135.506
129.856
92.5566
103.544
151.547
191.491
136.868
129.048
89.6346
111.941
107.993
144.105
113.641
93.2294
108.914
126.115
129.627
132.414
130.749
133.582
100.499
133.153
116.52
138.79
111.924
118.232
136.9
141.959
149.894
124.968
90.2545
161.872
123.938
87.3979
127.749
113.978
122.003
128.463
130.966
101.848
164.764
149.649
101.11
91.9251
82.142
130.995
166.192
137.789
116.657
128.633
112.692
125.432
141.919
125.58
130.049
136.068
119.012
105.017
113.526
152.492
122.851
163.776
140.391
111.261
120.242
119.288
118.985
118.657
106.228
131.835
137.779
107.467
128.627
134.938
121.685
156.258
148.478
114.308
129.07
135.061
136.066
166.22
128.567
109.493
124.108
95.9657
128.163
100.311
116.429
122.106
151.547
104.842
116.447
123.816
132.998
128.118
150.694
126.495
122.602
120.416
125.269
155.669
129.29
96.9038
106.503
163.266
117.777
113.96
107.001
119.859
122.007
92.5264
120.187
135.905
145.422
116.247
125.734
140.729
92.0384
134.147
120.075
104.864
152.641
114.551
158.216
139.293
109.445
88.0539
105.094
115.814
147.513
135.695
121.28
98.2807
126.172
110.712
95.4127
142.31
131.625
121.376
101.478
147.439
135.685
120.14
120.1
144.395
141.321
138.636
116.971
103.696
116.898
144.665
158.989
124.666
161.483
132.905
109.966
112.829
135.031
161.997
100.136
135.598
109.578
118.001
140.602
130.705
112.592
139.568
121.574
131.655
136.884
103.89
136.128
108.724
122.986
97.605
114.303
140.9
119.015
135.543
101.696
130.006
136.488
131.86
144.595
117.94
101.695
120.38
113.66
130.156
96.9649
153.116
137.924
159.502
104.096
88.5143
154.452
139.404
153.579
129.66
104.301
102.218
154.586
107.145
106.16
113.302
152.183
140.297
112.98
106.309
102.917
116.455
127.104
123.324
139.404
138.704
111.949
143.522
130.519
131.898
117.101
135.026
86.0151
127.108
102.084
115.049
110.154
104.264
137.966
130.521
134.157
132.619
107.207
104.918
108.145
119.523
147.603
149.781
128.695
98.9305
109.717
122.667
161.954
116.98
121.332
91.2519
122.927
127.739
110.751
115.575
108.931
129.466
131.053
117.991
125.751
130.952
93.2649
109.055
135.417
146.748
142.58
154.032
140.451
106.938
126.308
129.544
144.536
141.318
150.976
133.644
132.716
118.215
138.692
134.417
126.778
148.288
133.539
158.958
143.303
135.487
115.927
104.034
155.274
116.684
107.052
125.972
111.712
97.1678
125.625
127.057
130.507
146.735
117.185
125.82
125.697
135.834
150.893
131.702
141.167
152.562
150.916
99.6489
113.143
121.262
122.732
122.917
110.852
129.526
132.085
120.55
139.243
136.93
156.492
115.062
124.243
134.023
92.1341
120.084
106.502
113.929
104.644
138.374
129.669
131.58
122.148
138.741
134.787
136.663
117.214
134.761
137.378
124.376
130.807
131.64
109.978
124.144
97.4378
132.673
117.735
120.501
125.621
108.256
137.46
88.9406
141.287
131.811
124.878
129.741
112.794
138.522
121.845
106.409
167.621
115.986
129.124
126.274
129.903
104.701
103.058
149.451
120.413
104.008
120.869
144.466
123.646
133.145
146.173
121.43
132.597
126.201
117.921
155.318
167.233
133.543
108.303
120.812
117.961
137.488
110.808
128.763
139.65
133.696
131.259
152.156
152.426
156.712
106.02
134.467
114.675
113.868
111.348
112.236
106.73
114.919
138.01
133.413
90.2669
116.34
151.197
134.076
131.569
162.567
109.877
120.717
122.715
136.57
146.576
137.873
124.734
102.755
148.906
106.426
99.1379
110.12
128.472
152.038
130.631
101.157
137.928
114.905
133.759
152.764
126.029
101.411
150.365
117.242
100.101
141.716
135.714
127.882
147.212
116.629
92.3406
137.963
113.814
117.163
112.036
124.531
119.776
100.084
123.855
144.799
124.776
122.766
153.549
117.384
132.427
127.201
133.756
152.292
137.187
109.423
127.736
167.196
132.29
119.871
167.388
97.0153
93.6056
97.2358
131.644
91.9892
156.91
161.305
118.3
93.3431
124.863
116.248
127.931
123.763
122.539
115.521
140.186
99.5461
141.282
119.892
156.522
119.06
142.164
91.2744
101.852
104.174
97.0632
122.484
138.297
170.222
118.402
125.367
150.928
121.338
118.541
104.17
111.326
130.067
134.47
131.502
122.81
142.558
120.681
130.636
130.581
151.008
136.257
141.603
138.608
144.231
142.696
120.232
110.405
140.271
146.947
100.611
128.818
112.969
139.07
149.068
124.147
118.463
110.377
132.649
94.1344
99.5553
82.2163
119.664
122.338
132.591
135.705
123.785
173.643
122.563
124.596
119.557
122.011
144.289
159.038
189.191
102.362
114.262
142.981
130.568
107.758
141.443
128.82
115.204
108.962
118.489
117.406
116.264
132.437
83.0383
140.981
157.855
103.348
142.907
119.01
113.19
92.931
105.865
126.195
126.37
123.286
135.718
168.627
116.029
127.712
128.525
121.719
126.999
141.927
127.936
133.447
151.157
109.69
113.402
158.513
154.254
121.808
165.782
133.365
122.543
138.477
117.468
120.127
161.92
146.383
128.961
102.923
108.741
104.682
101.31
131.216
143.577
146.32
142.025
138.488
96.776
115.526
85.4473
135.919
162.121
159.926
139.737
142.095
135.834
140.113
142.917
138.929
155.063
126.09
139.244
144.603
128.789
131.585
147.496
135.229
141.264
124.141
116.121
120.813
132.174
142.091
112.661
147.958
121.703
160.197
81.9175
143.479
103.422
138.417
106.047
125.554
146.182
105.246
173.828
91.6141
133.979
97.1557
110.366
108.66
107.349
142.273
131.273
143.062
107.544
114.029
114.754
132.199
113.028
124.872
127.331
116.74
98.6822
146.856
159.939
138.197
110.472
96.0599
104.534
126.581
127.154
124.834
119.598
126.184
126.758
134.17
123.357
169.487
142.873
114.368
146.842
131.22
137.034
119.909
116.44
115.48
129.113
125.838
87.8322
136.013
122.264
109.477
150.512
108.75
150.04
131.623
119.308
133.255
152.462
141.889
103.932
112.049
114.691
106.265
93.8329
139.501
147.127
100.562
114.208
142.006
137.157
102.97
140.237
151.238
103.446
90.4329
142.304
115.764
119.172
120.623
91.6025
98.2522
96.445
114.89
112.161
120.96
123.423
111.211
135.787
120.407
95.5964
126.334
103.67
112.331
116.299
94.6205
134.003
126.143
102.504
95.6491
141.17
160.628
102.125
146.676
109.689
134.474
138.95
140.615
111.58
134.038
120.29
132.354
132.206
126.527
132.893
103.719
138.033
115.27
147.642
114.832
115.373
122.933
166.351
129.663
146.074
86.8846
132.169
178.491
122.872
134.27
139.382
104.025
91.9957
130.632
108.507
127.089
137.552
118.847
117.114
126.609
111.618
100.495
91.9585
156.603
114.358
118.021
147.13
102.243
109.146
113.89
143.439
135.935
159.949
138.869
106.963
142.815
124.305
118.453
144.818
101.73
122.014
120.006
135.68
134.955
134.265
130.62
105.749
123.341
139.332
90.7667
121.493
98.8572
97.2371
114.73
124.489
106.305
146.513
135.573
128.261
136.823
96.6793
109.69
100.172
136.465
114.374
146.584
94.3818
99.5832
135.843
112.826
129.512
116.687
104.99
124.141
134.031
103.135
133.086
112.89
138.592
138.333
111.105
116.669
121.047
116.362
115.071
141.614
120.617
120.067
119.712
127.887
130.309
161.749
116.64
137.717
143.568
140.156
103.962
112.08
133.586
137.729
136.375
107.181
96.3801
97.9912
167.798
159.471
147.457
130.423
144.764
123.858
121.286
104.27
149.461
120.483
134.114
132.159
130.135
121.57
116.334
134.986
115.263
104.461
117.816
94.1838
97.9179
123.447
127.442
147.679
158.742
89.1952
99.7089
148.608
130.945
143.149
125.744
97.5133
139.923
117.044
112.699
141.172
118.398
108.165
122.588
134.003
124.397
151.705
158.647
119.557
135.291
109.162
114.808
109.89
137.85
137.328
98.1636
138.458
137
160.692
91.4974
120.895
127.138
114.085
107.214
135.953
137.221
133.251
107.505
128.989
123.99
111.968
125.844
139.661
158.565
91.2608
130.832
115.196
167.354
144.455
105.788
118.753
150.184
107.014
129.861
135.176
114.15
120.396
133.891
107.663
123.743
118.733
101.856
127.115
113.556
111.466
129.015
98.7724
104.449
123.291
103.789
111.113
102.285
118.845
129.656
129.992
149.715
128.382
155.671
132.862
149.691
154.946
122.369
138.703
109.97
98.2838
118.67
139.837
114.11
109.558
124.702
113.959
133.157
129.938
116.937
128.547
122.708
113.507
127.457
119.462
124.961
126.469
130.808
127.21
106.931
140.514
132.297
144.367
132.398
130.256
110.818
133.618
133.825
155.02
136.675
123.004
116.7
142.598
116.526
139.828
120.298
129.588
176.651
104.696
143.066
111.715
130.742
146.504
104.763
168.216
110.191
142.961
109.195
134.385
129.231
115.929
101.973
110.66
103.211
101.534
118.24
131.191
132.776
121.06
133.958
92.0107
106.351
101.931
120.95
127.816
129.113
106.809
112.5
190.733
129.826
129.712
157.565
123.646
124.527
122.801
141.075
133.569
90.3318
138.947
172.179
126.219
123.825
140.394
119.392
116.744
126.389
120.333
135.488
118.42
111.588
113.09
131.105
134.706
162.543
114.626
131.287
131.648
108.85
117.645
131.388
110.155
130.675
157.403
113.646
100.329
112.367
141.448
107.488
134.996
151.346
159.208
143.268
123.045
109.824
100.128
115.386
139.018
114.981
119.399
105.198
130.139
131.42
129.188
93.6394
128.701
130.172
126.287
129.884
124.772
138.93
122.716
112.805
138.74
136.088
145.776
104.403
121.218
141.633
106.946
134.169
114.568
116.67
113.489
121.855
104.924
100.785
116.931
145.744
98.3409
107.744
116.442
130.787
122.522
117.78
106.614
128.413
128.022
110.857
123.568
146.11
124.297
127.006
126.605
114.49
126.48
129.011
143.583
114.837
146.419
139.842
107.711
129.142
118.422
100.39
141.201
130.947
123.525
97.7527
130.221
127.39
130.24
128.296
113.039
138.505
115.593
175.744
121.299
113.732
117.06
131.294
129.923
150.736
152.086
129.796
120.136
132.925
136.137
80.3699
105.066
122.063
158.536
150.74
101.429
142.177
118.684
121.225
128.547
111.687
125.009
121.189
128.792
146.081
152.058
113.723
130.707
130.292
126.67
130.537
115.065
84.2927
118.626
113.933
122.767
138.196
130.781
163.476
144.937
143.895
153.712
136.617
128.002
111.103
140.061
104.392
137.546
101.89
116.538
126.65
133.853
98.8483
151.445
128.987
135.298
105.533
118.924
109.547
145.482
139.896
113.599
115.202
138.69
98.9946
127.149
114.388
133.592
156.419
102.969
117.579
104.586
120.012
137.009
134.85
142.713
126.363
110.238
122.563
111.931
130.984
150.052
148.397
141.024
116.869
118.585
138.35
117.518
126.398
113.376
125.466
153.127
123.239
139.091
111.223
142.128
100.343
122.54
118.528
142.762
156.134
138.296
139.46
113.481
136.218
126.717
130.589
138.499
143.134
117.667
119.767
132.353
170.805
171.809
133.079
172.676
123.477
116.542
99.157
128.215
137.31
142.401
101.121
121.698
131.496
153.454
112.826
123.251
108.593
131.57
157.912
123.522
145.059
130.784
145.043
136.678
112.98
93.9537
112.888
147.136
159.432
133.441
117.911
110.627
116.012
131.795
155.572
136.947
111.405
123.446
154.565
124.89
141.102
116.92
142.676
118.22
151.717
141.954
98.691
125.587
138.526
138.648
102.01
136.719
129.567
142.02
117.209
119.774
146.403
126.254
112.268
118.255
132.478
125.592
101.269
120.642
138.856
156.287
157.992
113.529
115.051
132.619
133.411
123.352
146.883
157.497
119.987
100.781
125.084
136.567
123.034
150.849
141.76
125.416
108.299
126.239
137.439
111.966
121.015
154.848
99.1915
133.595
143.566
109.446
115.987
119.961
125.781
98.7722
100.562
114.616
111.002
138.62
106.161
116.831
120.554
96.9153
124.746
155.014
140.366
118.163
129.968
121.657
145.944
91.0788
109.794
122.164
119.89
125.929
135.636
147.08
141.881
106.327
132.887
106.536
133.71
93.526
93.1889
146.857
124.923
140.509
121.497
129.165
115.215
134.042
117.895
141.52
153.179
136.732
117.967
108.828
147.707
105.72
142.032
143.532
133.963
115.185
122.834
155.311
126.413
138.368
122.494
120.088
98.6121
120.519
149.726
135.959
113.226
126.559
120.062
142.901
143.854
144.232
138.012
136.719
126.642
150.423
110.387
137.049
125.406
146.834
137.597
124.1
132.874
122.453
183.917
139.908
109.781
138.619
128.691
138.581
142.791
117.751
120.59
114.996
137.817
143.146
119.678
91.9277
121.496
125.865
122.472
117.057
118.85
115.215
110.164
119.546
94.9737
147.007
109.809
130.021
117.705
130.313
139.711
134.241
148.738
156.047
124.505
135.711
118.985
132.494
139.688
170.675
117.139
143.004
128.278
132.664
116.786
130.858
124.695
122.368
113.388
131.315
104.942
115.242
95.8535
137.172
138.088
134.638
133.084
137.857
107.187
160.238
120.463
104.153
97.3595
117.42
126.106
138.236
124.975
137.462
114.479
138.615
118.031
132.252
123.478
135.473
144.013
118.964
120.897
165.177
116.657
160.105
166.925
104.472
129.817
139.135
151.69
158.991
121.841
138.098
122.137
110.307
96.2761
128.277
111.061
120.402
110.479
151.894
163.079
127.553
113.619
124.099
110.627
129.772
131.275
126.33
92.0814
133.281
130.358
75.2859
143.465
143.179
127.948
123.202
166.748
146.796
135.279
125.641
135.047
119.98
141.479
115.555
138.02
112.267
149.987
131.078
135.189
106.3
97.1776
122.248
144.51
164.4
113.396
123.49
135.346
136.926
125.464
128.546
129.888
154.051
116.005
120.785
120.726
151.726
135.355
109.549
158.423
167.653
114.982
127.547
121.246
134.458
136.044
104.329
128.226
148.012
144.946
124.619
129.485
145.031
111.892
121.885
121.948
121.105
96.9355
163.741
127.882
112.558
131.569
144.36
147.836
96.4987
108.126
116.58
111.38
113.411
110.609
105.827
106.008
163.072
105.733
145.496
101.168
100.569
131.34
119.839
147.611
117.013
115.604
137.836
149.936
116.082
109.791
141.175
135.187
108.504
132.905
139.102
137.485
119.015
131.235
138.121
115.931
125.968
91.1925
100.072
111.403
154.043
140.248
161.125
125.031
135.524
128.399
118.196
121.466
105.653
125.706
97.602
95.4618
122.661
117.973
131.983
123.404
120.909
137.47
111.195
110.365
114.824
144.782
150.933
113.233
126.355
137.606
135.04
125.763
178.862
109.853
103.15
144.545
115.791
135.968
167.705
129.63
155.076
146.629
139.019
103.7
137.295
137.544
142.347
116.613
153.275
138.43
119.934
107.42
178.622
136.364
119.366
140.808
121.56
123.293
140.877
112.147
163.575
127.726
100.381
98.259
118.681
119.423
115.914
142.339
116.259
103.298
142.756
155.591
138.018
131.186
124.569
137.963
127.837
147.188
118.027
118.386
119.854
132.551
129.593
134.068
124.834
117.616
112.007
127.777
125.732
129.162
129.425
112.642
125.113
117.445
94.4591
133.447
111.093
139.78
124.272
127.817
104.917
144.76
147.573
109.303
93.7108
127.237
97.7688
114.361
105.448
118.365
113.459
109.313
145.115
130.888
134.271
107.438
123.912
100.858
122.106
114.934
163.853
125.818
127.887
107.052
152.69
117.815
141.54
117.568
112.411
110.317
135.181
141.347
86.1761
130.963
157.884
124.908
132.168
95.6045
135.428
125.409
99.5188
117.368
96.1368
159.893
122.736
127.77
135.705
119.526
147.298
119.497
157.526
111.316
102.989
106.739
101.499
132.273
99.7476
133.502
103.661
114.546
106.911
144.188
146.446
140.15
125.974
145.662
154.881
130.47
126.055
119.342
150.527
95.0314
117.358
121.376
132.222
108.005
139.228
113.224
121.943
102.702
125.624
149.468
160.152
145.098
121.795
135.188
125.703
132.479
109.678
143.601
123.394
117.561
115.455
156.612
109.754
129.489
99.7509
86.8609
102.749
129.071
129.824
108.352
109.345
141.314
121.8
116.493
123.182
123.65
117.375
131.343
117.967
112.914
104.395
111.756
121.253
125.244
130.155
114.104
100.879
147.112
125.2
99.2048
130.672
102.802
160.48
117.028
113.701
134.503
106.293
116.203
108.959
120.153
151.944
128.103
107.779
156.084
123.371
131.063
111.581
138.394
128.314
141.851
133.742
144.474
130.331
124.995
127.31
120.86
140.69
110.252
123.878
109.241
99.4632
153.434
95.9888
99.1829
114.052
145.326
114.06
132.315
112.811
127.409
106.635
106.068
128.245
111.246
97.13
140.542
126.103
124.455
115.629
122.628
125.808
129.194
136.89
102.787
133.737
106.149
112.552
116.649
129.64
99.7769
115.481
156.025
115.011
124.906
153.316
150.844
121.247
151.185
134.32
130.323
118.911
133.504
115.672
141.867
116.513
117.019
116.147
112.491
107.651
144.498
133.961
145.964
136.094
131.966
122.818
139.37
130.581
123.112
121.148
117.183
118.477
112.935
127.624
115.428
121.464
145.331
136.167
148.884
109.437
132.431
154.055
146.713
110.278
134.45
125.2
93.8572
131.837
111.463
121.517
124.268
103.751
114.801
90.8514
143.16
138.885
114.688
111.708
90.4382
126.521
141.39
138.453
122.963
138.944
100.3
120.123
131.492
157.761
129.49
118.337
104.037
126.96
144.012
111.961
150.683
127.414
106.309
120.265
130.751
124.486
135.747
136.439
140.509
121.884
155.2
130.992
125.173
122.413
128.086
108.164
118.029
129.311
172.427
126.236
147.977
111.909
118.556
132.072
123.292
103.92
109.587
128.161
118.875
132.49
115.829
146.914
99.5588
115.089
112.467
122.193
147.501
151.72
140.227
130.324
113.39
135.002
165.369
146.572
97.6595
127.969
126.033
90.5769
120.768
91.2109
122.033
113.189
109.828
141.993
139.664
137.413
123.649
130.723
116.396
142.849
127.245
110.068
126.882
115.812
112.382
116.89
116.188
117.894
151.584
119.036
115.084
140.219
150.798
125.215
118.46
103.719
107.806
116.688
157.722
109.728
114.215
136.156
107.939
154.427
136.916
112.561
142.621
156.705
115.48
124.579
120.218
127.503
103.369
121.542
99.576
119.15
118.946
123.061
118.655
126.022
134.438
136.134
112.991
140.95
172.702
134.828
118.423
133.779
128.168
138.209
136.217
112.13
127.071
119.761
150.103
117.128
114.357
148.224
105.324
103.643
127.443
127.861
113.811
144.452
128.237
109.177
128.103
120.064
119.65
119.252
98.745
148.028
159.802
137.526
119.176
117.265
151.985
124.665
134.144
133.095
109.141
136.16
158.308
108.498
158.143
116.276
114.356
100.613
125.356
106.967
108.254
124.276
123.478
162.237
138.367
151.875
138.517
125.174
111.884
135.151
128.329
134.914
154.939
107.166
162.084
102.005
104.063
150.674
111.951
155.476
151.53
117.216
102.426
104.999
114.12
121.342
128.748
133.746
122.715
138.948
151.903
113.694
128.616
123.131
132.266
122.076
148.76
116.505
146.953
118.796
152.967
125.905
132.625
157.318
117.635
125.477
126.892
106.471
107.566
106.003
123.631
145.044
113.01
136.403
151.233
114.956
132.083
110.958
112.467
151.859
107.052
104.833
126.462
138.804
127.346
106.022
114.121
101.242
131.294
136.083
107.757
139.999
130.304
133.096
95.6191
152.651
124.263
143.46
143.109
102.509
99.1863
113.504
132.237
131.101
114.296
135.942
123.536
107.259
136.246
129.947
107.948
135.409
93.842
113.53
163.811
111.104
134.796
134.202
115.211
127.03
139.453
102.091
149.041
104.31
116.555
119.297
131.072
147.676
120.421
109.569
99.5424
100.68
102.867
115.06
128.766
120.504
138.829
103.656
131.029
122.086
128.609
119.961
130.545
112.43
179.069
142.961
147.387
151.225
126.78
158.225
138.637
125.882
128.835
139.341
119.933
119.226
145.596
137.544
115.459
118.015
122.591
93.8853
115.175
140.032
94.8465
98.6177
145.816
162.971
130.819
112.123
123.377
155.603
121.515
90.1354
122.998
106.871
145.005
133.427
118.693
116.955
133.078
138.523
117.939
124.46
136.241
97.9359
105.775
109.65
116.568
140.692
93.8739
114.283
119.554
108.528
115.802
132.354
138.963
104.496
136.777
110.881
152.608
111.073
125.169
115.024
124.801
147.423
108.237
106.883
122.806
111.541
140.321
139.093
154.189
106.94
125.399
109.93
139.365
111.672
128.537
109.2
122.655
138.362
102.16
103.874
114.189
122.557
122.163
135.588
134.068
110.55
130.003
115.496
120.579
111.372
112.489
119.098
120.377
139.313
145.943
105.418
116.989
139.236
135.24
116.906
127.994
121.811
100.61
116.844
127.244
141.299
107.097
111.579
112.822
124.791
114.694
133.983
121.76
143.327
119.234
136.555
144.443
114.725
120.152
131.197
130.811
134.834
95.8368
113.905
98.4051
128.867
148.039
119.598
137.124
146.184
108.826
132.142
123.182
138.636
142.514
127.293
104.294
122.204
117.524
123.587
155.045
104.893
130.833
117.226
155.099
128.95
153.136
132.419
104.669
139.227
115.155
124.441
133.322
143.588
129.089
176.194
115.45
106.569
120.557
136.865
147.601
140.978
118.95
111.81
136.73
127.269
94.3446
147.932
117.35
119.385
144.087
124.699
140.951
122.191
156.705
102.564
145.578
139.963
159.735
119.912
96.2003
125.835
113.575
146.185
102.032
98.6395
140.236
138.318
112.131
95.8513
171.556
114.499
106.798
109.196
112.376
150.128
146.235
125.74
98.5507
113.63
130.534
115.271
116.975
123.129
107.981
109.938
125.267
140.625
93.3595
123.144
141.913
139.174
120.125
120.688
105.962
103.152
128.35
155.603
120.629
141.893
119.583
107.741
127.712
133.998
167.62
115.918
109.862
158.352
115.954
114.241
157.993
120.463
130.346
138.406
125.284
124.701
163.181
117.708
109.393
121.001
110.621
142.445
140.552
118.135
127.626
118.91
114.476
162.209
124.223
127.576
142.944
154.351
121.392
124.607
122.785
116.594
143.067
129.081
135.898
119.415
125.257
126.768
107.359
136.71
116.141
131.124
111.296
173.028
125.146
99.6681
134.077
102.263
123.052
122.927
141.629
118.813
138.273
124.406
117.981
138.104
176.007
127.764
133.737
127.451
152.65
119.614
137.972
124.944
124.422
106.958
122.25
121.205
101.852
113.562
107.303
116.188
121.505
117.984
136.726
110.656
165.146
109.601
130.868
127.653
139.642
93.4356
107.017
146.491
129.949
109.217
135.13
137.816
129.278
111.96
100.215
153.597
148.182
133.036
117.011
170.007
139.867
118.282
148.55
119.215
132.908
92.1929
101.907
137.788
125.467
109.603
136.078
149.754
139.008
118.47
146.239
134.792
112.092
130.243
153.575
174.126
126.145
130.415
112.339
129.243
118.151
108.528
103.805
133.325
145.02
110.756
137.917
132.72
109.262
129.57
134.778
98.7727
137.754
104.139
127.673
149.947
120.76
124.3
143.596
133.082
95.9077
120.135
138.195
116.053
127.758
113.551
105.667
103.44
119.229
126.69
124.09
145.365
158.972
107.976
102.02
132.02
123.065
124.236
138.776
104.982
87.9796
92.8837
114.623
141.08
138.31
132.173
105.536
132.662
149.168
144.839
152.424
95.9757
130.642
93.3511
109.426
131.621
128.462
142.009
177.309
119.762
82.9796
119.422
155.955
114.571
125.717
123.597
110.009
118.858
115.841
106.939
118.58
137.59
116.978
86.4535
163.364
117.463
152.048
120.146
147.993
119.605
140.975
117.307
157.185
154.483
143.518
107.313
113.894
131.438
166.697
107.019
122.952
119.223
145.071
133.356
113.505
145.371
95.906
105.654
127.73
117.989
159.976
132.94
141.719
103.367
138.708
122.478
125.393
91.0692
149.156
150.009
103.734
126.536
138.261
162.702
162.472
107.547
124.826
127.744
119.229
96.9679
129.281
134.947
169.474
118.645
119.393
128.491
149.093
118.524
157.069
119.13
145.366
134.819
143.98
100.58
142.972
113.492
122.091
144.8
130.59
120.985
114.38
117.179
130.294
117.905
106.049
114.307
170.118
127.546
126.016
125.562
134.092
91.9712
119.304
117.878
150.547
86.9577
152.272
127.467
120.383
136.836
121.334
133.989
109.629
165.59
143.545
122.42
134.283
132.432
130.966
136.022
94.055
137.406
137.805
125.321
113.143
127.274
108.286
118.836
101.165
147.484
139.419
120.503
129.869
117.995
125.846
125.001
126.848
129.643
117.319
132.899
150.919
124.388
113.22
157.75
130.525
113.226
156.806
143.781
126.207
145.211
128.349
117.041
109.369
121.92
116.625
140.469
105.057
143.298
139.266
147.647
113.268
114.875
152.85
125.387
124.122
120.741
126.871
137.38
81.1239
145.229
143.136
134.851
134.514
111.429
139.108
139.162
105.713
156.538
135.634
127.513
156.963
151.949
131.548
134.959
112.961
97.4393
123.192
138.965
113.544
120.154
124.183
116.639
104.263
141.443
99.2144
138.267
144.894
129.368
137.247
122.504
157.674
91.7281
113.648
144.358
108.578
132.047
129.83
104.835
119.421
121.818
125.025
136.852
124.666
151.677
140.31
106.002
160.589
129.811
81.9788
128.575
127.984
127.503
141.122
118.934
140.415
128.466
155.096
125.828
125.687
109.737
124.725
130.164
155.956
134.05
121.694
94.131
118.514
112.183
104.22
126.727
111.102
156.823
116.891
100.495
146.102
126.78
139.297
126.48
171.453
114.705
93.9759
111.947
159.623
123.577
136.053
107.434
148.638
120.538
115.299
135.775
106.279
128.374
105.999
138.672
152.1
135.118
127.742
123.287
135.375
134.456
138.332
132.768
139.404
106.232
129.617
113.711
174.388
126.827
112.236
122.587
133.221
112.91
148.33
124.413
126.618
111.847
146.132
127.731
103.766
129.694
183.172
88.391
121.634
113.669
92.8257
114.623
122.307
150.577
113.301
107.066
140.808
121.133
106.508
114.435
109.845
130.304
121.94
128.232
110.102
78.4222
114.656
92.9973
128.011
155.578
100.211
114.343
112.51
155.204
132.425
144.839
117.855
144.706
132.578
126.44
111.339
127.885
97.8964
131.803
119.317
118.588
121.152
146.681
118.398
113.957
133.424
129.439
137.171
106.671
119.306
106.981
150.421
129.09
118.482
113.973
139.406
127.44
145.983
114.664
118.083
103.225
92.7255
92.6786
128.477
108.399
144.43
121.644
106.855
116.593
93.4133
127.61
130.937
130.578
130.635
123.247
131.759
146.081
136.53
151.853
123.525
146.306
154.443
148.58
125.306
169.396
145.911
130.128
139.087
129.006
147.128
151.272
125.689
105.093
131.694
136.501
130.99
160.249
137.417
107.195
137.081
94.4931
163.802
145.001
102.442
131.265
115.348
150.616
151.976
117.339
136.223
99.8918
141.374
133.341
146.247
111.007
123.399
110.411
145.057
123.061
117.791
129.15
125.564
113.726
116.407
103.846
127.268
123.232
120.644
132.524
121.2
129.787
132.953
118.429
120.2
161.687
121.266
118.647
152.713
105.561
123.252
125.799
131.931
111.624
139.907
136.38
195.241
146.93
117.347
134.281
101.249
119.138
134.702
150.27
128.425
161.12
93.0284
119.091
129.983
95.2971
151.193
92.0236
101.327
115.759
146.326
121.979
128.39
134.383
106.28
110.784
153.154
96.7209
131.817
131.947
140.555
158.924
112.593
157.096
141.103
138.714
131.988
128.77
131.015
150.279
133.727
144.307
114.85
119.344
127.02
118.671
108.906
113.004
155.152
130.831
148.813
120.117
136.903
90.0957
123.607
148.159
112.731
152.771
107.345
132.619
103.753
133.642
144.262
118.27
177.885
132.201
110.477
102.738
128.867
121.868
90.7144
152.594
116.688
144.008
145.086
126.179
173.518
133.751
129.915
147.507
116.899
122.358
136.3
126.206
128.779
133.847
120.027
129.273
97.9407
136.691
143.755
154.819
122.253
92.645
118.951
115.054
111.976
137.753
140.906
138.825
102.586
119.142
114.638
119.7
128.961
153.012
131.901
115.518
165.74
129.799
144.047
110.101
116.22
117.74
137.084
147.415
158.595
113.338
118.462
127.739
126.184
110.829
123.971
115.303
135.051
130.071
103.579
127.526
115.336
132.063
126.97
140.295
113.352
131.197
121.259
145.44
100.25
116.425
128.424
144.25
117.43
123.374
143.903
154.406
141.69
143.826
126.558
119.131
164.191
132.523
123.787
113.071
127.521
139.159
114.184
98.0146
134.149
139.912
107.522
114.255
126.188
147.745
115.289
76.5396
146.501
152.44
118.592
124.147
121.391
126.138
87.693
116.326
112.072
155.143
116.735
109.054
166.04
125.13
120.286
110.622
124.002
98.7669
125.589
133.614
114.583
136.83
132.742
132.203
157.846
118.264
144.091
113.946
135.677
151.06
126.585
126.726
154.615
110.865
115.75
140.434
155.357
149.285
145.977
101.962
134.45
146.189
147.413
142.806
147.758
107.775
187.867
146.089
86.3895
112.72
113.338
144.301
127.438
88.328
116.304
157.744
151.147
100.709
126.168
131.885
124.386
131.401
121.68
135.872
130.315
108.56
137.705
147.077
118.414
137.22
104.085
133.861
118.075
114.638
130.897
123.113
136.302
109.868
121.148
134.887
108.267
125.777
130.746
129.297
135.979
115.012
128.429
151.393
106.555
128.957
112.92
125.744
137.752
140.954
137.165
134.524
111.052
124.499
120.227
120.037
131.736
102.367
138.904
147.948
127.768
136.62
134.343
117.84
130.321
112.706
126.577
167.207
108.391
109.102
126.116
126.384
154.049
128.25
119.134
113.321
163.85
138.285
81.9933
112.241
114.821
113.698
104.569
121.933
146.808
121.685
133.062
115.162
131.484
126.612
95.0755
103.926
147.513
159.587
133.763
157.328
89.5289
140.647
147.924
116.016
126.389
111.674
138.765
104.995
114.778
128.413
115.623
123.025
124.6
140.156
144.64
130.712
129.816
92.4016
145.422
132.255
121.296
114.112
149.73
134.506
170.854
121.215
124.482
134.771
132.383
126.373
127.896
138.557
120.092
125.391
111.365
116.549
99.1451
125.252
130.637
137.02
137.263
97.5838
134.761
137.576
129.349
109.794
115.753
145.213
138.776
106.456
162.163
115.981
109.592
125.02
142.967
126.235
132.988
120.04
128.714
127.775
114.626
135.884
117.371
150.699
94.5594
145.409
113.98
128.366
114.954
173.328
139.225
136.321
136.645
112.64
126.352
114.397
126.07
110.227
110.885
101.427
122.235
153.628
130.572
115.842
114.796
155.932
123.359
117.421
137.182
121.035
130.008
157.175
123.19
142.353
143.03
129.902
107.016
99.2275
122.12
123.183
130.608
139.968
109.579
141.466
113.406
101.959
151.059
119.052
129.32
126.16
109.968
168.32
121.325
136.293
118.619
124.198
115.495
95.623
143.082
126.758
111.827
90.491
143.033
126.764
116.855
104.575
156.306
116.391
128.311
148.46
123.891
111.654
135.414
145.102
157.578
141.549
145.296
127.276
139.995
105.558
152.377
107.144
111.921
121.585
137.694
135.289
108.616
127.759
131.092
123.335
119.876
138.958
150.623
146.642
92.8445
129.941
129.773
119.14
102.083
125.262
146.406
136.913
114.294
112.691
110.094
129.739
154.766
139.526
150.313
123.537
149.756
134.719
129.365
120.932
125.954
130.09
121.16
127.825
141.348
134.431
103.631
136.073
150.235
148.934
120.223
118.216
133.082
115.016
132.812
136.333
136.711
107.379
103.168
109.403
146.475
115.07
107.357
139.706
145.003
139.27
105.27
127.145
104.375
103.353
134.739
130.524
117.768
158.787
109.749
135.998
104.702
99.6333
118.183
150.663
125.278
92.0771
150.731
133.084
131.37
153.036
130.892
118.458
99.5684
124.21
131.223
107.599
90.0772
142.163
115.544
127.366
110.894
136.262
113.483
119.788
144.782
115.39
149.997
128.991
129.71
134.478
139.493
136.286
135.008
130.567
134.608
136.288
98.6168
105.966
129.192
150.653
143.654
134.156
141.241
111.35
113.94
166.47
140.22
111.324
133.726
131.174
129.546
152.357
101.134
128.244
121.559
118.376
100.767
103.713
135.658
96.8137
131.254
108.007
119.896
114.528
102.981
163.502
132.135
131.494
118.266
87.7128
124.641
135.178
114.249
127.555
137.853
140.589
117.237
137.156
133.383
111.457
121.733
104.823
132.507
116.667
106.218
133.548
105.201
136.292
101.87
91.6723
151.063
116.27
133.484
108.106
107.211
124.096
140.711
146.781
136.682
152.342
95.9001
114.048
129.695
114.293
87.6784
94.1681
141.262
139.652
124.838
156.11
114.032
115.678
122.616
106.48
164.659
147.203
135.553
100.516
152.247
119.865
129.558
109.365
110.437
113.493
109.934
110.283
109.695
114.228
110.072
119.545
101.173
100.25
106.731
131.739
118.497
103.258
130.951
135.194
136.828
151.572
156.272
104.284
97.4702
124.348
138.928
139.696
131.881
107.482
140.163
112.193
121.395
159.09
108.258
137.74
131.824
117.204
154.171
155.755
131.079
125.716
94.4599
95.5887
112.697
145.231
124.832
137.422
96.2072
141.053
120.791
153.772
148.923
93.6703
154.374
131.127
127.239
121.236
123.523
113.494
137.149
97.8888
111.45
127.581
112.499
147.589
147.362
105.65
113.313
129.946
120.705
146.711
107.546
109.492
102.327
133.035
123.274
140.621
116.884
116.43
108.462
152.904
132.549
117.676
134.935
93.9028
129.334
107.807
132.839
124.188
108.606
127.845
177.933
140.062
122.43
149.454
129.694
140.184
150.232
120.844
144.002
141.024
134.536
113.808
105.318
113.817
129.698
112.549
99.497
138.356
107.129
115.978
132.6
142.079
118.011
130.252
137.294
100.007
87.8534
129.037
115.695
95.7119
107.149
108.004
123.034
95.913
126.049
148.647
110.162
101.649
140.229
135.443
134.867
125.596
135.058
181.892
108.463
122.573
123.827
120.298
117.691
116.968
101.65
121.747
125.45
110.675
137.559
124.422
108.361
142.155
134.949
137.122
91.9151
144.823
102.3
135.19
125.958
135.696
118.456
132.667
133.62
101.817
129.774
122.53
120.861
118.572
113.977
116.162
135.189
112.363
112.441
104.093
126.807
116.72
128.71
107.384
134.697
172.654
121.739
147.354
125.96
117.443
140.569
142.103
116.483
119.824
109.551
133.891
126.51
107.984
124.601
118.344
102.206
119.375
112.563
101.862
130.551
160.022
134.521
134.809
96.2412
154.061
137.061
94.819
127.049
117.67
149.197
141.816
125.131
81.9086
135.326
116.605
116.1
106.057
148.975
145.162
105.153
128.206
112.98
122.801
166.147
106.988
116.699
138.359
163.45
97.4716
129.719
118.355
116.624
152.001
131.323
126.994
153.087
123.745
109.298
106.297
120.217
150.024
113.946
109.395
116.521
126.655
113.567
134.293
136.223
110.225
114.199
124.361
115.367
111.01
119.703
155.985
153.617
122.081
99.0164
130.619
122.285
120.342
144.534
143.449
109.028
147.835
131.17
142.572
122.17
176.757
128.252
115.496
126.392
108.437
138.328
121.983
158.385
124.886
110.423
149.111
156.01
113.798
135.582
116.553
131.653
119.865
101.411
112.133
127.536
117.248
156.174
151.697
95.7497
103.966
119.988
108.961
153.415
110.522
129.878
135.774
129.424
119.267
137.115
121.168
109.951
129.798
142.701
158.361
185.609
115.709
126.381
134.68
167.502
131.072
138.218
125.972
141.887
101.832
143.49
81.8801
126.967
104.732
121.399
139.367
120.281
149.018
156.897
106.013
176.266
130.127
129.075
118.342
136.379
109.539
134.228
97.3639
127.735
120.227
124.936
118.281
135.599
104.962
117.601
122.87
134.585
121.33
162.894
128.548
129.149
135.998
100.108
121.349
142.564
124.47
130.752
129.963
130.473
118.232
130.651
146.355
148.418
117.627
131.054
126.613
96.9041
113.819
122.074
100.326
120.861
132.376
116.063
120.386
127.328
164.546
165.546
104.509
133.555
142.039
142.924
137.27
151.694
121.405
114.423
112.2
101.465
129.072
137.482
141.895
110.394
108.512
158.722
110.756
138.439
100.599
94.7278
127.323
127.537
103.986
148.757
160.798
146.265
124.276
120.691
117.97
116.543
110.44
126.827
115.383
121.989
162.96
170.906
121.137
152.483
127.51
108.429
97.741
123.077
139.557
147.402
138.878
131.367
123.295
130.129
133.522
135.508
165.829
110.409
128.898
131.667
119.066
111.702
141.225
139.657
146.774
117.2
129.163
119.156
143.449
94.9769
130.884
113.631
97.8647
137.913
142.375
121.11
100.318
129.128
102.903
139.009
139.591
124.947
126.928
142.954
131.232
99.772
87.0177
134.747
139.243
109.082
167.07
96.2976
116.142
120.705
98.7759
132.073
139.338
134.456
103.536
132.952
135.555
129.446
123
131.907
106.744
131.062
123.054
114.069
118.041
102.439
141.651
126.934
132.907
143.743
112.376
130.68
105.798
129.474
143.621
131.795
138.436
104.306
130.362
117.963
135.376
106.407
139.715
160.434
109.618
133.599
150.907
126.389
125.218
110.932
127.846
106.822
120.45
105.057
111.278
150.726
146.626
147.772
155.26
111.52
128.302
127.971
122.492
101.008
141.047
107.621
92.9099
113.354
112.751
152.141
138.558
151.017
132.386
116.864
145.545
118.215
115.921
115.234
133.732
132.023
109.724
131.384
120.106
122.475
120.876
141.875
134.008
137.055
114.634
121.114
177.186
152.53
109.475
122.627
104.01
145.167
121.344
133.944
118.355
121.623
101.798
147.697
130.343
97.3365
123.717
123.665
124.209
102.268
108.059
130.624
92.4835
160.719
104.685
126.644
116.746
132.246
119.753
116.227
120.272
114.313
107.686
132.406
104.957
137.4
160.325
159.996
146.823
120.688
138.475
98.1561
134.148
140.416
112.899
109.793
151.983
120.041
132.413
152.792
112.015
136.975
106.974
125.397
126.817
86.1138
130.977
163.725
108.3
134.315
155.474
128.714
116.966
131.875
120.522
150.629
95.6073
103.895
124.595
131.43
168.125
109.076
137.107
115.618
139.019
113.35
121.8
103.098
144.316
101.789
115.553
146.063
142.424
140.36
160.183
140.267
110.146
136.693
123.478
106.261
151.301
131.155
105.009
160.953
154.832
124.543
124.754
124.746
145.855
136.406
143.319
147.49
132.89
108.222
94.8188
160.088
121.111
146.378
120.164
139.863
82.2223
135.142
105.054
109.837
142.417
126.16
130.405
113.748
153.949
136.964
135.068
147.428
132.201
131.888
107.542
149.377
150.708
94.2941
111.092
125.751
104.462
129.423
112.629
134.292
162.263
95.5964
118.775
65.5802
110.795
140.711
158.703
143.109
124.276
139.344
145.81
115.951
121.768
112.64
110.592
122.994
125.877
97.2949
151.629
130.544
143.975
114.271
141.386
124.332
172.039
141.139
112.339
145.509
129
113.196
115.964
121.99
130.094
153.13
130.566
104.882
155.132
134.815
131.889
96.4676
117.716
88.7667
155.392
126.465
125.397
137.552
109.46
119.985
112.988
159.677
121.446
158.398
117.572
141.97
139.299
125.65
120.799
136.794
112.069
122.293
138.044
161.842
119.957
97.7668
128.082
99.4115
167.973
101.042
129.501
156.166
117.525
130.617
139.054
110.345
97.5717
121.669
129.745
161.022
141.963
123.852
117.585
136.097
132.796
111.34
77.3008
118.14
100.255
127.542
136.617
113.38
126.378
145.178
109.064
116.38
133.464
117.545
110.272
145.59
140.771
119.358
118.993
106.209
122.332
111.705
137.127
131.951
148.423
105.062
118.861
106.196
115.81
140.964
109.317
136.096
113.618
133.329
115.888
112.677
154.422
130.142
128.572
152.724
119.341
136.246
118.481
138.942
127.043
135.542
110.367
127.362
115.55
139.392
139.745
118.743
110.904
106.978
127.403
128.833
147.946
104.889
131.151
110.843
123.975
141.876
150.912
133.077
107.156
110.573
113.524
100.617
124.194
103.815
116.367
161.339
131.608
131.369
137.711
101.221
139.724
109.352
103.1
121.291
96.5027
82.4964
115.849
120.252
156.629
106.288
155.893
116.235
132.331
136.53
99.0418
151.036
108.656
133.258
125.869
156.068
117.956
114.974
156.565
146.075
144.785
110.124
119.23
141.719
104.112
147.28
98.2321
142.816
131.989
111.876
132.306
117.481
130.763
112.222
159.67
115.449
83.2249
123.057
97.8413
108.098
132.689
108.036
97.7671
137.754
150.726
114.849
174.402
134.414
147.841
116.532
108.164
128.926
123.934
96.2356
128.102
136.513
128.251
116.17
137.964
92.9522
122.844
145.213
183.465
147.595
134.143
166.551
129.087
149.484
84.4926
143.459
97.7731
91.4513
128.073
112.83
161.926
138.17
126.859
106.626
100.511
170.911
135.031
133.643
138.173
125.502
113.944
124.425
142.648
147.25
104.894
111.464
116.084
136.166
128.633
125.045
95.1342
152.355
125.344
141.558
132.401
125.405
140.507
107.399
140.502
99.4354
149.035
132.673
154.93
135.981
112.965
135.681
115.396
151.91
102.363
120.342
127.65
99.4001
103.573
122.731
130.771
133.44
130.575
101.343
124.915
120.243
103.958
112.111
175.047
123.209
128.695
119.165
123.824
120.32
151.94
131.127
109.441
141.417
122.599
143.822
127.872
102.374
112.431
124.421
135.581
136.191
168.099
199.274
92.45
134.272
117.441
123.572
127.731
133.399
124.785
133.364
127.199
120.602
152.566
111.284
110.1
126.731
118.846
111.407
107.62
127.222
106.231
130.826
122.44
132.501
148.897
138.593
133.957
128.637
145.254
113.021
99.7909
113.727
121.206
116.831
121.983
120.767
116.138
108.127
120.072
135.403
116.893
130.232
141.294
119.628
120.853
125.433
128.601
115.902
146.539
139.585
119.272
135.559
101.912
129.707
164.361
108.32
115.39
143.328
102.727
102.631
99.9908
132.389
163.073
148.252
117.875
138.6
131.948
152.632
122.408
156.694
144.499
115.139
125.459
105.293
115.785
103.435
166.493
134.865
94.0389
152.765
110.022
158.463
132.036
124.374
104.486
154.618
94.4313
97.988
103.941
121.11
103.061
138.138
125.503
120.192
124.805
102.945
122.643
140.96
117.688
99.864
109.182
121.168
115.179
151.546
108.209
126.601
149.371
99.7482
149.672
135.806
128.215
117.916
126.99
143.954
137.768
130.127
118.923
165.093
145.043
128.948
133.601
135.765
133.158
136.759
97.1595
123.734
112.221
122.242
128.158
112.774
110.447
140.579
97.8436
117.318
116.453
148.421
118.089
96.767
127.201
132.126
136.063
150.515
115.736
92.3225
104.081
109.27
130.303
130.366
144.461
127.367
127.717
96.4417
125.891
147.163
130.495
133.543
162.029
148.838
97.4568
103.069
121.667
125.604
150.626
134.109
105.99
114.906
154.045
137.859
129.425
119.724
112.314
118.719
116.316
103.233
132.418
104.406
145.472
138.126
135.266
138.872
128.232
121.277
104.485
109.317
111.223
139.067
132.579
120.381
108.555
106.369
105.599
118.848
116.844
121.848
141.984
113.968
121.901
132.912
166.489
113.865
111.763
119.026
121.026
118.187
98.3235
156.185
106.683
116.614
126.787
126.719
109.832
110.494
103.6
124.492
105.166
131.794
115.416
110.352
120.832
132.053
108.305
131.687
114.745
131.399
135.198
151.708
127.631
144.908
160.748
111.758
149.572
109.659
138.047
94.483
101.303
123.509
105.575
108.814
107.478
131.19
106.857
123.885
100.538
134.092
135.631
144.867
104.813
136.547
99.3234
126.869
130.851
115.147
138.416
110.832
130.215
145.243
148.971
104.394
154.628
126.121
116.055
128.033
129.137
129.48
135.049
126.886
107.814
124.969
135.948
166.443
116.245
134.349
103.543
144.171
139.521
125.251
113.894
96.119
102.941
153.505
152.306
148.329
121.098
156.062
106.572
90.5422
115.954
120.779
121.709
100.541
151.249
106.175
123.806
98.4105
128.501
116.102
103.439
107.388
115.463
101.553
144.218
149.404
133.659
139.39
156.047
146.999
127.251
120.194
100.843
142.959
140.281
114.635
139.586
134.688
163.246
134.161
146.565
99.1272
158.429
108.593
158.65
134.401
125.013
138.666
147.795
117.877
144.727
128.422
119.31
122.18
98.5143
140.437
124.004
153.5
135.099
117.629
101.511
132.723
108.151
118.106
116.713
157.595
111.597
120.519
144.446
112.625
108.443
124.202
145.251
118.335
131.676
143.767
88.9935
150.613
120.935
127.375
155.388
135.007
135.65
148.345
104.13
94.7625
145.989
145.005
118.363
121.082
114.609
129.973
121.125
137.248
143.505
129.786
131.365
137.554
113.047
145.533
148.23
116.697
109.876
139.598
118.935
135.16
138.033
122.444
133.809
111.43
148.004
124.123
122.102
113.466
98.3812
132.899
120.305
131.758
135.655
123.548
133.538
108.465
151.709
154.562
136.471
118.736
132.135
124.786
103.463
102.002
96.3064
174.306
109.914
102.458
138.13
127.209
96.1832
138.366
172.747
140.536
167.164
135.653
129.237
128.247
120.373
102.626
135.381
109.01
123.079
110.093
93.0109
122.359
116.982
141.252
128.394
143.497
128.945
124.794
106.773
129.007
120.619
106.208
139.701
128.622
120.058
126.732
126.715
115.801
93.6014
104.742
128.271
132.9
138.132
109.203
128.986
146.169
136.5
148.918
115.835
131.197
120.333
134.878
132.99
101.089
119.115
122.765
122.111
137.402
125.81
136.155
107.605
115.292
124.443
111.83
152.226
124.462
121.971
119.881
116.288
128.224
162.104
138.924
129.577
141.697
130.846
117.616
101.927
120.749
141.93
166.621
138.236
143.717
117.829
160.377
94.7582
121.304
147.787
128.957
112.514
115.222
147.547
105.323
114.655
119.713
111.422
131.867
139.349
134.327
119.47
137.308
117.229
104.114
133.346
112.905
143.199
140.209
103.256
114.26
130.762
147.405
129.622
116.167
135.238
131.685
164.978
95.1018
119.085
121.271
120.616
126.501
146.36
148.492
135.117
135.382
137.913
143.682
94.6631
122.545
113.89
146.189
130.593
119.508
125.157
139.465
173.723
119.237
122.055
128.584
105.321
130.108
113.681
97.8335
124.653
125.927
143.412
125.027
146.673
140.312
91.697
82.4618
115.08
146.46
128.128
168.536
128.605
130.199
108.445
115.975
121.499
99.9928
114.761
129.524
128.399
129.715
135.174
110.423
107.045
147.802
122.532
127.423
105.736
130.091
130.58
103.138
142.318
109.373
136.529
109.552
122.548
111.722
116.437
114.129
116.943
113.561
127.872
117.44
117.182
93.8422
124.243
93.7892
125.679
141.347
128.616
124.156
124.228
81.4568
110.501
114.747
130.666
160.114
136.092
116.211
112.499
131.967
123.6
169.163
122.869
140.578
137.579
142.816
136.413
143.349
132.064
100.878
124.027
118.1
146.6
109.016
76.9109
117.517
135.152
129.839
107.851
127.904
138.445
145.401
124.935
117.723
124.298
110.391
116.976
132.585
123.317
123.518
106.65
119.471
105.12
141.898
147.688
104.603
107.385
133.198
129.638
111.276
116.529
141.597
147.803
123.861
133.887
104.371
138.755
133.734
134.73
134.187
165.853
135.628
130.214
179.179
138.889
127.455
115.183
155.174
133.085
112.087
157.908
133.473
135.613
137.114
99.9038
125.102
111.729
138.169
124.863
134.125
123.611
155.174
107.918
128.104
120.38
133.314
127.958
122.806
127.694
127.879
115.901
94.875
104.23
95.3917
122.815
113.346
84.2563
102.032
141.948
94.7948
103.375
107.183
119.613
137.032
121.067
106.129
112.32
101.932
136.724
129.689
132.533
137.71
148.636
124.421
130.624
129.506
140.231
121.806
153.071
112.284
135.766
101.067
166.516
139.166
94.9999
104.775
131.417
118.726
142.933
139.5
125.606
136.856
107.088
143.054
121.463
129.439
120.01
115.363
92.3221
89.5807
111.723
105.06
141.385
76.6989
150.446
121.139
120.535
138.545
125.602
121.706
151.7
119.097
124.616
158.545
142.068
127.668
87.423
130.085
123.69
130.33
135.095
88.4751
140.301
134.035
171.11
104.891
137.406
139.094
130.761
136.24
125.162
127.039
105.699
130.307
117.143
132.24
118.305
139.053
127.704
117.274
126.176
123.264
106.19
126.839
113.989
146.379
131.273
170.215
158.555
131.17
111.912
97.7061
123.794
110.948
155.551
113.611
124.682
147.334
115.094
133.527
135.506
107.693
117.614
118.752
159.351
97.3252
118.166
145.508
148.038
99.0815
102.208
128.224
133.909
151.241
121.652
105.072
127.644
114.702
132.084
126.273
130.569
117.177
111.557
134.218
102.434
115.422
116.156
117.924
121.972
127.794
134.874
124.73
111.049
128.284
135.001
108.278
91.5445
195.109
139.779
122.366
136.174
113.388
114.734
111.456
116.083
127.558
124.8
139.32
179.253
126.593
183.873
95.0036
144.906
128.189
115.116
128.654
134.558
106.055
142.014
126.032
142.135
126.249
121.587
113.48
159.247
178.438
117.957
117.439
107.328
109.653
118.289
133.037
139.003
117.804
146.858
116.6
129.279
119.294
135.043
132.111
129.513
188.947
133.932
129.337
140.452
126.502
119.356
151.616
123.575
143.439
120.474
161.448
142.634
148.065
122.876
132.02
99.6453
146.66
123.408
144.99
99.6608
134.546
126.738
104.709
85.8006
124.479
127.01
145.507
115.423
134.288
141.876
134.362
153.821
168.413
129.747
113.876
131.281
110.155
112.927
125.564
104.187
144.34
114.278
138.616
121.77
109.179
133.42
160.438
132.67
128.038
116.58
116.444
108.444
108.056
112.582
104.32
138.33
169.477
138.033
122.634
122.885
128.909
136.213
133.18
139.156
179.638
121.873
110.498
139.327
154.945
110.804
115.528
100.088
145.492
132.733
137.14
143.922
135.637
94.2619
159.334
128.228
114.809
118.791
111.204
151.198
118.098
110.13
127.595
116.947
136.443
120.034
132.225
105.246
104.162
135.102
122.253
117.627
132.472
99.4647
119.592
127.759
123.702
108.471
110.417
139.434
117.589
103.73
108.745
134.665
116.269
128.833
101.799
141.997
117.466
106.965
107.408
108.127
102.195
131.028
103.578
134.371
111.219
94.7946
121.153
110.928
136.906
129.578
167.563
109.79
135.981
83.1622
111.407
118.128
130.583
117.597
96.1977
143.055
110.608
128.988
104.729
107.706
127.02
131.361
107.383
132.229
109.269
118.686
101.504
110.337
131.624
125.431
160.983
129.43
110.683
101.87
127.021
119.199
148.988
142.133
124.697
121.589
107.438
111.322
91.1448
110.385
123.74
144.242
124.258
130.229
145.162
106.971
149.14
106.474
118.698
118.075
132.411
161.538
134.663
122.981
141.516
126.117
149.119
146.962
117.766
153.451
117.784
115.02
121.981
150.25
132.752
95.2341
120.476
113.81
124.622
114.679
134.929
113.831
127.198
121.591
121.829
107.901
115.706
152.356
170.195
105.638
117.154
129.335
98.0155
109.338
122.839
135.65
110.896
120.263
136.308
122.815
159.357
134.819
125.67
107.387
107.544
113.202
132.364
122.04
101.643
109.64
174.675
107.088
120.88
93.9164
117.595
145.496
136.798
129.042
121.68
122.986
133.341
152.912
163.428
114.351
127.393
128.357
104.54
111.028
95.862
123.768
147.474
145.444
137.388
141.527
118.264
95.5096
107.918
119.678
94.8697
128.5
130.059
117.981
136.853
125.034
145.346
148.64
117.775
118.924
131.88
131.384
159.921
118.026
112.869
109.866
108.864
138.624
124.013
108.635
102.535
137.812
127.635
121.297
99.7238
119.293
150.077
108.676
135.442
108.064
93.0722
138.217
140.586
132.579
152.068
123.709
133.401
115.872
110.085
143.477
129.702
118
147.002
109.701
125.544
119.61
142.661
122.472
133.918
126.551
109.411
143.59
103.973
139.623
104.315
152.28
117.121
135.95
129.217
152.624
124.842
132.539
140.104
117.702
134.295
148.748
131.772
176.765
107.621
127.481
167.479
116.787
122.668
123.272
145.144
132.228
140.418
110.514
140.504
119.386
101.35
123.024
134.404
135.073
135.516
130.557
108.399
132.904
130.946
131.205
163.922
125.43
160.252
127.176
120.903
133.709
141.053
121.806
120.835
123.248
123.649
89.7273
136.015
125.985
117.67
109.483
143.58
104.73
137.677
122.633
116.144
126.692
116.158
135.714
126.469
97.3728
130.708
127.382
119.385
132.779
129.08
101.099
130.661
124.269
108.521
90.1545
148.07
116.399
142.838
123.989
135.874
92.6405
184.718
162.499
141.199
108.968
138.001
127.028
176.44
136.81
133.941
123.711
134.456
127.671
104.955
135.379
100.112
142.388
124.78
132.414
122.978
125.981
121.921
159.08
143.643
119.886
141.388
122.941
111.718
114.223
109.01
114.75
132.793
157.576
90.3072
162.302
155.128
127.587
118.845
131.824
164.893
181.715
113.847
123.06
134.314
117.402
106.838
147.342
126.862
127.513
114.961
133.263
142.722
108.661
150.407
132.759
120.662
121.749
135.802
104.839
94.1443
151.229
146.923
100.19
96.9897
115.912
116.537
130.382
100.956
106.113
156.221
118.351
113.378
119.987
140.174
131.344
110.791
129.816
135.972
127.772
149.789
140.415
98.1845
120.491
124.92
135.01
141.187
144.528
139.046
110.813
143.338
138.936
96.4751
150.356
121.116
87.6999
139.557
130.409
134.602
116.216
124.779
140.998
151.612
129.993
103.178
136.589
117.989
139.162
122.936
135.302
154.261
108.666
127.365
118.656
135.119
115.709
129.837
118.612
125.608
102.753
115.808
113.084
113.868
130.813
123.516
146.818
121.636
119.515
128.029
138.743
146.14
131.054
114.565
117.244
136.271
112.037
122.453
123.484
128.788
128.118
131.657
143.676
120.938
133.861
142.002
121.246
115.454
135.877
145.173
116.246
108.198
170.043
127.494
129.305
143.798
125.042
157.396
88.7253
130.328
118.328
136.211
89.9785
119.523
100.032
117.851
130.185
130.125
152.315
122.867
134.169
112.476
126.476
115.749
125.049
121.125
135.237
154.592
103.295
116.59
108.348
166.686
95.6918
124.261
142.059
137.969
126.158
105.532
101.65
121.797
118.978
137.666
127.12
141.568
88.315
122.397
122.509
101.316
103
136.077
162.956
135.52
151.8
132.11
162.146
125.075
105.719
104.456
105.542
109.059
146.599
151.244
99.8944
112.566
113.927
112.607
115.92
138.864
117.386
136.322
122.239
103.061
109.024
115.47
172.82
171.2
100.162
110.397
125.687
123.29
100.196
154.442
123.484
123.503
130.56
126.741
136.382
122.002
111.412
102.796
114.106
155.578
123.402
130.839
126.447
168.013
106.107
132.456
81.2607
132.141
128.67
107.194
109.852
119.833
111.091
130.019
104.625
120.418
105.175
136.813
128.61
160.962
99.9307
162.899
109.711
128.543
112.347
136.698
112.592
120.903
184.657
112.282
107.574
147.087
126.229
112.025
124.432
128.647
103.194
115.077
141.221
151.662
107.885
98.1388
115.674
130.754
143.698
138.917
126.948
135.669
131.684
157.067
131.583
139.193
114.076
116.694
131.299
116.227
138.271
122.469
115.968
124.345
106.781
117.524
123.901
120.928
127.492
140.731
137.565
140.262
139.418
146.992
125.623
115.104
135.871
120.226
134.883
139.07
120.407
132.167
105.45
119.577
102.44
116.095
118.653
111.541
132.28
130.899
116.229
113.566
135.726
132.846
114.654
134.506
128.492
118.487
126.141
125.418
150.498
143.641
173.753
137.39
122.938
127.12
151.647
102.115
102.412
112.207
