1720.46
1790.04
1523.77
1752.66
1683.09
1710.98
1681.07
1724.66
1712.47
1652.46
1681.77
1560.16
1793.53
1630.23
1685.83
1833.49
1792.47
1761.36
1821.91
1577.85
1759.04
1630.63
1769.96
1827.05
1648.33
1782.16
1720.84
1711.95
1794.52
1643.09
1636.39
1771.94
1730.08
1870.91
1838.32
1711.37
1709.85
1791.8
1825.37
1719.39
1748.61
1698.99
1860.5
1734.96
1731.33
1792.03
1705.9
1786
1787.1
1682.7
1735.4
1750.74
1733.72
1724.56
1721.58
1762.97
1633.09
1737.63
1840.83
1784.4
1819.75
1817
1631.05
1513.34
1747.76
1728.32
1607.97
1748.52
1862.73
1626.32
1695.44
1680.43
1748.01
1845.88
1726.09
1805.3
1714.59
1613.17
1787.73
1703.69
1611.35
1775.48
1769.11
1835.33
1667.07
1697.12
1657.07
1719.82
1682.74
1722.91
1679.04
1708.74
1707.98
1698.01
1893.06
1728.72
1817.26
1778.51
1690.45
1779.19
1859.36
1745.52
1878.08
1749.16
1714.12
1780.94
1752.64
1744.22
1626.96
1797.17
1720.79
1771.03
1706.2
1732.58
1597.98
1907.29
1739.89
1582.8
1685.26
1765.63
1763.76
1654.23
1793.32
1763.38
1752.43
1909.87
1701.79
1593.84
1629.12
1689.32
1757.93
1710.82
1625.62
1841.87
1662.46
1772.53
1592.59
1648.7
1619.75
1667.86
1766.02
1778.11
1642.6
1663.47
1632.46
1716.88
1775.95
1715.42
1664.36
1551.08
1831.84
1706.86
1762.54
1912.55
1863.24
1699.91
1669.05
1661.95
1787.2
1718.15
1756.13
1658.66
1709.37
1742.97
1751.21
1647.05
1699.46
1721.85
1756.9
1783.24
1699.68
1743.78
1688.98
1732.53
1778.56
1716.08
1804.21
1729.79
1710.12
1693.12
1606.47
1823.05
1762.64
1648.85
1675.06
1584.41
1813.26
1727.9
1661.11
1899.93
1756
1643.52
1771.84
1588.65
1777.55
1730.92
1617.51
1630.62
1728.18
1686.72
1754.14
1606.71
1666.78
1675.91
1738.48
1662.36
1573.58
1686.18
1502.68
1748.71
1668.41
1825.77
1773.14
1769.48
1770.03
1702.72
1787.19
1650.56
1844.55
1657.5
1759.88
1671.71
1688.01
1503.64
1744.33
1572.28
1657.86
1794.44
1696.66
1721.4
1575
1860.52
1726.38
1699.49
1681.36
1640.54
1684.12
1635.62
1787.32
1592.3
1823.78
1787.33
1692.3
1810.12
1712.5
1713.54
1844.1
1839.71
1655.42
1864.16
1807.3
1692.13
1527.05
1523.05
1658.97
1678.28
1639.03
1728.16
1637
1738.39
1674.39
1854.08
1713.25
1700.29
1726.96
1797.69
1852.78
1692.93
1610.6
1703.14
1725.28
1745.19
1727.22
1910.19
1632.93
1781.94
1562.58
1727.09
1750.89
1841.91
1762.64
1665.99
1777.37
1647.61
1603.95
1698.81
1779.85
1767.11
1883.13
1645.03
1826.64
1680.93
1775.55
1810.76
1779.47
1816.05
1726.35
1767.91
1727.94
1770.89
1704.51
1812.22
1572.02
1794.23
1836.28
1679.4
1696.08
1765.99
1608.01
1854.52
1787.44
1838.89
1685.37
1933
1840.85
1767.01
1835.89
1700.47
1779.26
1809.02
1804.9
1621.31
1776.27
1877.31
1850.2
1714.61
1860.32
1783.36
1794.52
1641.93
1661.3
1622.19
1814.12
1752.88
1710.02
1619.15
1656.03
1687.64
1681.98
1684.1
1780.42
1742.25
1756.26
1695.33
1707.35
1650.73
1607.85
1732.4
1766.4
1754.95
1603.6
1637.08
1710.86
1736.97
1698.51
1779.18
1768.78
1661.88
1753.92
1687.81
1731.21
1523.86
1694.83
1726.59
1584.38
1584.47
1695.62
1791.01
1775.22
1793
1668.3
1608.35
1857.64
1737.99
1750.39
1853.6
1694.8
1647.64
1814.29
1860.32
1732.95
1757.62
1641.48
1803.66
1633.98
1689.42
1784.01
1744.45
1758.58
1536.02
1874.47
1766.02
1705.2
1653.4
1662.49
1734.91
1742.26
1688.81
1800.06
1723.26
1566.92
1632.38
1672.85
1868.5
1674.69
1606.06
1700.94
1852.27
1685.07
1628.15
1753.19
1715.29
1750.3
1658.7
1739.62
1708.28
1837.16
1610.72
1686.34
1718.15
1687.49
1689.48
1845.74
1890.28
1743.53
1755.26
1451.08
1738.19
1742.52
1778.26
1672.03
1901.11
1754.85
1847.75
1646.06
1740.96
1631.74
1824.96
1764.1
1811.24
1724.58
1619.15
1766.29
1632.97
1741
1742.28
1762.81
1622.01
1658.65
1797.99
1750.79
1605.29
1781.55
1710.97
1675.8
1712.72
1652.89
1856.08
1692.81
1755.21
1799.31
1737.01
1656.11
1729.73
1651.44
1713.14
1689.59
1827.7
1740.01
1823.7
1691.32
1779.25
1791.39
1763.86
1936.52
1632.51
1678.14
1839.62
1562.61
1850.23
1809.6
1569.66
1722.46
1804.06
1755.93
1721.78
1662
1729.35
1799.44
1672.71
1707.73
1729.32
1863.11
1783.82
1724.48
1829.8
1594.68
1625.8
1618.2
1798.04
1628.35
1658.18
1818.15
1733.78
1813.6
1842.92
1687.3
1738.67
1759.72
1723.38
1674.28
1625.81
1639.87
1747.23
1793.89
1715.42
1647.08
1744.79
1647.45
1788.2
1910.28
1709.93
1668.45
1717.5
1715.32
1819.8
1805.56
1793.36
1732.88
2044.11
1710.92
1895.49
1714.81
1608.8
1666.36
1680.81
1735.74
1724.22
1892.76
1722.48
1700.96
1757.81
1681.38
1645.12
1631.76
1746.24
1741.76
1663.03
1716.95
1737.27
1704.86
1762.06
1556.13
1706.27
1779.47
1638.49
1722.82
1860.61
1706.88
1708.13
1694.55
1801.07
1698.34
1679.05
1757.19
1698.2
1643.02
1715.2
1660.01
1575.11
1794.56
1769.81
1689.17
1676.28
1589.26
1801.92
1756.91
1729.92
1823.22
1651.17
1723.14
1807.44
1719.22
1808.59
1671.1
1688.66
1833.63
1671.89
1670.32
1752.18
1741.48
1688.48
1835.43
1865.27
1861.5
1738.33
1632.28
1652.03
1750.25
1728.81
1801.25
1449.3
1755.69
1758.96
1707.88
1776.24
1829.41
1643.27
1996.85
1734.49
1640.45
1647.89
1652.01
1776.63
1753.79
1645.05
1717.12
1782.48
1735.2
1794.74
1708.59
1683.23
1754.81
1756.19
1759.39
1744.16
1778.64
1871.73
1711.95
1748.23
1691.59
1671.15
1898.17
1636.78
1777.4
1602.12
1674.4
1585.64
1787.95
1645.75
1704.52
1742.35
1725.87
1635.2
1711.98
1759.86
1757.01
1752.85
1771.82
1825.52
1779.73
1691.94
1617.17
1737.22
1794.31
1674.42
1660.36
1708.39
1706.81
1644.13
1620.33
1729.39
1880.58
1697.68
1785.6
1737.6
1840.35
1712.33
1844.79
1870.18
1772.49
1815.79
1589.42
1662.11
1635.88
1603.41
1714.19
1712.28
1753.4
1664.25
1739.18
1756.86
1554.5
1736.97
1740.72
1653.46
1708.16
1662.23
1600.23
1696.56
1769.64
1840.9
1718.95
1750.47
1686.95
1842.03
1723.48
1624.29
1547.01
1825
1693.3
1698.61
1806.37
1759.11
1681.11
1623.53
1849.89
1762.97
1730.45
1671.73
1763.92
1543.71
1688.49
1706.07
1726.86
1834.39
1579.61
1804.85
1766.33
1598.19
1876.66
1658.59
1722.74
1643.75
1574.88
1852.44
1594.69
1690.36
1694.67
1927.45
1687.14
1809.11
1773.6
1689.87
1719.41
1607.36
1676.28
1783.73
1601.61
1748.41
1733.45
1623.33
1807.94
1625.43
1633.54
1681.91
1792.79
1884.06
1780.22
1739.63
1659.33
1587.49
1626.41
1648.4
1692.18
1792.04
1645.45
1689.8
1585.54
1853.11
1685.1
1728.07
1795.69
1762.92
1744.43
1767.1
1809.47
1950.42
1742.99
1799.66
1754.98
1691.6
1656.4
1596.91
1772.22
1711.31
1597.66
1557.49
1793.79
1690.08
1762.24
1721.62
1728.59
1634.37
1700.39
1598.9
1647.53
1793.7
1769.62
1573.97
1710.77
1710.46
1646.35
1763.14
1879.94
1766.23
1838.49
1648.12
1787.3
1531.16
1784.22
1706.95
1719.15
1869.13
1727.46
1759.19
1847.06
1611.83
1579.14
1703.04
1703.61
1715.84
1592.81
1850.46
1559.96
1678.12
1670.43
1730.72
1693.77
1655.54
1592.52
1670.13
1770.58
1869.33
1798.27
1566
1680.48
1574.44
1674.99
1798.12
1782.5
1780.09
1698.52
1757.79
1641.73
1664.64
1824.11
1767.66
1720.6
1743.06
1580.25
1661.94
1815.39
1592.97
1651.44
1751.49
1657.15
1641.65
1759.53
1925.59
1611.17
1603.55
1702.77
1728.69
1745.13
1688.11
1677.84
1713.93
1652.83
1742.9
1734.51
1780.56
1708.11
1718.94
1694.85
1708.07
1752.13
1783.49
1709.34
1721.96
1780.34
1919.81
1665.95
1666.5
1774.05
1690.49
1689.94
1657.82
1708.31
1690.11
1723.12
1651.89
1706.62
1752.38
1884.99
1743.31
1757.31
1686.6
1651.88
1617.5
1645.32
1650.21
1626.85
1685.49
1580.02
1694.42
1593.34
1689.6
1852.08
1767.96
1596.76
1624.74
1701.59
1757.37
1923.34
1769.49
1672.11
1794.77
1753.02
1788.48
1665.86
1575.05
1869.77
1587.45
1780.4
1763.27
1708.52
1797.99
1957.21
1788.96
1792.77
1780.02
1812.91
1906.45
1770.92
1802.61
1663.02
1719.45
1635.27
1594.51
1827.96
1659.79
1723.16
1574.47
1735.06
1729.14
1635.91
1770.69
1641.74
1548.15
1670.65
1736.69
1754.48
1568.44
1768.78
1793.3
1752.66
1854.66
1881.56
1643.89
1764.32
1693.79
1783.28
1876.1
1632.38
1638.56
1697.06
1826.13
1746.87
1722.64
1575.44
1730.95
1786.42
1895.38
1786.67
1628.21
1824.88
1668.29
1717.93
1626.65
1834.64
1761.85
1585.41
1728.8
1810.21
1786.6
1701.78
1783.8
1776.68
1658.69
1589.46
1754.06
1604.97
1750.67
1761.71
1796.57
1648.55
1683.59
1737.83
1768.76
1720.17
1592.75
1681.38
1747.95
1810.88
1682.3
1852.9
1708.8
1698.68
1811.95
1866.96
1731.19
1734.22
1609
1773.8
1968.88
1675.75
1785.7
1731.8
1624.99
1898.52
1860.92
1862.76
1792.47
1687.53
1846.27
1663.7
1619.96
1657.91
1721.35
1863.76
1805.37
1698.88
1743.11
1781.43
1669.92
1815.83
1714.61
1771.19
1793.66
1627.73
1681.54
1726.02
1734.25
1657.35
1626.76
1535.14
1876.09
1649.4
1701.81
1698.91
1859.53
1733.05
1823.98
1638.13
1633.9
1896.47
1725.88
1673.45
1686.58
1740.14
1739.09
1652.63
1634.66
1678.12
1813.76
1723.11
1760.55
1668.81
1761.58
1826.03
1740.44
1672.31
1740.4
1806.99
1731.62
1915.84
1833.15
1725.01
1644.4
1574.59
1694.73
1855.94
1648.4
1714.47
1697.7
1688.83
1767.86
1830.02
1600.93
1660.59
1432.34
1634.74
1557.43
1763.31
1540.32
1748.03
1625.14
1836.21
1884.17
1734.48
1706.47
1691.33
1557.09
1729.94
1780.33
1746.48
1753.45
1798.47
1727.75
1719.49
1721.33
1800.39
1795.14
1738.87
1671.56
1710.11
1612.02
1640.45
1704.04
1684.44
1782.11
1818.48
1685.9
1784.12
1796.63
1805.92
1714.44
1933.3
1768.74
1709
1621.26
1797.84
1743.7
1466.6
1674.68
1633.37
1735.6
1717.32
1688.03
1812.48
1581.69
1761.16
1800.06
1690.22
1692.95
1636.67
1722.81
1679.71
1800.81
1831.49
1984.94
1713.44
1723.84
1742.42
1707.4
1666.22
1592.63
1772.41
1745.48
1859.39
1858.53
1778.87
1642.08
1751.75
1806.7
1788.83
1647.74
1886.79
1691.23
1751.59
1723.44
1602.26
1801.14
1901.02
1629.34
1727.55
1792.27
1711.61
1771.86
1676.25
1787.96
1565.8
1693.89
1696.02
1548.2
1888.28
1602.07
1804.65
1673.94
1648.88
1740.5
1796.68
1690.27
1602.74
1744.85
1876.25
1654.46
1648.87
1642.76
1598.17
1610.6
1726.5
1695.6
1744.94
1659.09
1661.83
1729.03
1852.12
1694.06
1731.67
1628.11
1964.89
1617.44
1804.28
1729.3
1669.74
1749.58
1562.58
1715.56
1789.95
1603.3
1700.57
1847.37
1773.65
1750.73
1776.39
1723.4
1591.26
1661.42
1805.63
1773.56
1717.37
1782.23
1576.06
1855.44
1613.58
1816.67
1737.14
1721.16
1790.47
1741.3
1829.86
1836.75
1718.87
1822.26
1862.64
1625.14
1690.51
1724.15
1715.87
1700.76
1666.17
1727.8
1647.25
1735.15
1651.96
1681.58
1648.48
1773.06
1770.77
1794.08
1695.22
1774.15
1622.18
1707.39
1735.41
1740.95
1764.95
1763.91
1590.74
1636.89
1744.57
1680.7
1767.75
1667.64
1789
1876.59
1632.65
1856.35
1821.45
1752.28
1717.95
1613.97
1855.85
1832.39
1771.39
1742.84
1663.47
1867.33
1712.51
1829.23
1754.39
1929.56
1600.64
1694.22
1705.63
1633.3
1753.39
1782.98
1710.36
1705.56
1661.88
1800.12
1697.21
1700.52
1756.2
1776.14
1773.55
1806.34
1570.61
1618.39
1825.73
1816.76
1701.39
1978.77
1938.91
1723.68
1778.57
1682.87
1760.16
1929.67
1742.52
1847.46
1825.35
1534.67
1816.66
1866.59
1752.24
1735.43
1594.35
1876.3
1888.71
1657.01
1700.44
1712.78
1601.35
1619.36
1746.87
1664.21
1876.34
1678.76
1855.91
1572.96
1568.38
1666.28
1800.11
1784.81
1611.46
1656.56
1678.24
1796.63
1746.97
1794.21
1756.51
1773.75
1514.65
1712.29
1688.72
1537.79
1768.58
1632.7
1713.16
1720.02
1603.53
1660.97
1632.1
1748.46
1637.71
1819.05
1711.95
1808.87
1754.51
1834.62
1685.17
1600.9
1718.33
1673.98
1793.48
1755.28
1799.17
1678.72
1738.63
1796.87
1679.57
1706.34
1817.81
1699.83
1829.85
1754.72
1675.28
1720.95
1740.61
1792.46
1802.01
1563.79
1670.98
1571.71
1669.45
1530
1693.5
1755.85
1750.67
1735.87
1646.4
1762.29
1588.21
1704.27
1840.81
1825.8
1651.55
1977.99
1688.64
1705.95
1749.95
1632.09
1592.55
1762.68
1678.81
1789.83
1636.2
1616.27
1633.81
1738.34
1609.27
1741.98
1646.03
1743.52
1797.83
1817.08
1701.81
1721.02
1804.92
1647.88
1822.3
1716.05
1657.72
1808.17
1736.39
1817.25
1690.21
1808.41
1696.01
1826.88
1722.33
1618.54
1537.92
1754.76
1638.2
1651.01
1716.97
1783.86
1736.23
1731.91
1762.7
1603.01
1874.59
1685.05
1586.46
1715.82
1735.08
1678.81
1879.68
1651.34
1741.5
1708.26
1751.47
1763.64
1829.64
1767.89
1594.33
1762.32
1750.22
1522.26
1831.7
1616.55
1672.68
1603.14
1806.49
1624.46
1588.54
1830.29
1697.73
1786.11
1696.42
1873.89
1670.33
1563.64
1614.71
1754.74
1947.73
1630.25
1895.95
1684.08
1654.11
1744.88
1667.5
1701.69
1722.09
1673.31
1672.66
1685.8
1642.43
1919.63
1728.35
1661.17
1622.38
1507.16
1615.71
1814.47
1680.42
1914.08
1737.8
1534.5
1782.43
1761.05
1798.12
1828.44
1709.65
1601.85
1675.84
1825.52
1823.29
1777.53
1876.87
1732.49
1880.42
1664.59
1738
1740.96
1705.34
1850.65
1599.37
1703.99
1703.82
1754.59
1732.11
1650.08
1645.34
1524.12
1835.18
1720.9
1740.94
1670.01
1611.79
1753.83
1653.64
1788.59
1871.46
1724.87
1804.01
1732.88
1680.25
1565.74
1645.16
1744.56
1746.57
1745.59
1734.89
1726.21
1776.6
1710.73
1677.42
1835.65
1791.43
1702.85
1663.93
1780.48
1697.91
1850.55
1747.11
1760.79
1823.28
1746.88
1734.69
1687.18
1684.35
1705.31
1750.02
1817.32
1666.14
1783.38
1807.91
1841.37
1732
1672.88
1731.39
1775.68
1688.51
1575.29
1711.34
1796.19
1660.13
1674.74
1666.27
1715.8
1738.3
1879.78
1782.4
1701.14
1837.79
1614.78
1821.58
1862.9
1766.29
1751.12
1849.79
1860.22
1680.35
1817.95
1754.73
1741.85
1745.69
1721.41
1740.63
1726.16
1777.74
1657.26
1757.75
1728.72
1523.08
1771.34
1805.98
1692.45
1696.46
1633.2
1881.42
1654.13
1754.07
1721.73
1836.97
1596.23
1772.28
1690.71
1817.65
1831.46
1743.62
1755.6
1868.81
1745.21
1696.41
1682.11
1753.24
1712.6
1609.76
1694.2
1754.96
1652.32
1772.16
1675.81
1686.83
1663.4
1776.67
1917.91
1644.41
1855.74
1690.56
1773.14
1668.03
1707.55
1675.62
1640.08
1900.48
1658.08
1678.79
1698.56
1956.11
1774.3
1683.5
1756.1
1567.5
1739.34
1487.98
1777.9
1729.41
1749.69
1771.2
1903.94
1790.81
1794.71
1833.98
1699.4
1789.25
1778.03
1642.16
1786.6
1818.36
1719
1732.83
1724.92
1717.77
1703.27
1854.02
1589.9
1738.6
1835.11
1618.78
1630.01
1570.65
1599.17
1869.83
1798.62
1720.48
1689.32
1789.63
1958.98
1603.64
1631.73
1789.48
1803.93
1710.26
1720.08
1712.28
1642.37
1715.73
1646.47
1748.73
1608.61
1656.36
1735.98
1660.55
1549.58
1618.69
1590.71
1658.72
1717.35
1719.31
1656.91
1494.88
1581.14
1754.4
1647.46
1830.94
1777.44
1737.88
1591.93
1789.5
1763.26
1711.44
1848.88
1710.13
1754.3
1801.74
1862.91
1751.14
1684.06
1722.99
1697.37
1618.03
1540.18
1805.93
1507.94
1693.78
1775.94
1632.41
1597.25
1783.16
1837.77
1652.34
1651.15
1689.18
1770.28
1661.13
1718.95
1661
1782.67
1731.69
1634.38
1817.19
1704.62
1791.52
1779.88
1804.28
1686.28
1731.27
1719.26
1635.63
1719.38
1629.52
1631.09
1711.23
1870.1
1706.91
1737.54
1852.36
1572.46
1909.43
1866.21
1695.63
1543.48
1853.2
1737.59
1638.94
1784.14
1554.64
1799.31
1773.02
1613.81
1791.46
1821.86
1673.35
1814.04
1657.45
1568.84
1756.49
1752.1
1798.43
1661.23
1744.92
1669.54
1839.28
1635.56
1605.43
1689.33
1650.53
1809.82
1672.09
1659.77
1630.59
1782.27
1608.51
1710.5
1721.17
1643.41
1800.39
1783.31
1639.63
1671.82
1757.66
1860.03
1779.78
1718.91
1769.52
1802.29
1776.89
1635.08
1544.9
1743.78
1718.39
1665.19
1850.42
1728.81
1711.73
1578.16
1745.49
1660.31
1656.42
1875.26
1548.14
1740.63
1594.1
1641.02
1650.86
1626.27
1754.3
1608.03
1861.73
1762.42
1716.19
1640.18
1726.62
1714.38
1614.54
1745.38
1668.76
1792.48
1610.13
1873.92
1619.61
1824.34
1610.12
1683.66
1786.65
1678.85
1622.56
1749.3
1692.63
1797.37
1720.43
1628.57
1773.96
1800.62
1750.06
1722.89
1658.97
1755.21
1646.97
1717.59
1813.05
1702.11
1739.4
1760.11
1614.13
1679.69
1687.36
1681.76
1647.47
1598.84
1768.79
1694.16
1842.62
1828.65
1729.03
1663.85
1845.72
1591.89
1747.35
1753
1712.96
1764.45
1869.83
1662.59
1744.21
1743.7
1768.36
1795.89
1693.99
1600.61
1724.52
1882.1
1719.52
1688.91
1834.29
1869.65
1680.34
1825.64
1818.65
1840.12
1569.92
1657.57
1632.8
1773.69
1818.51
1696.55
1695.12
1797.7
1597.38
1850.47
1814.61
1684.82
1982.12
1731.4
1732.75
1729.24
1710.28
1831.12
1764.11
1485.16
1719.76
1695.65
1824.49
1682.23
1581.2
1684.64
1759.07
1649.27
1546.23
1722.39
1806.32
1813.3
1794.61
1832.08
1775.27
1766.58
1457.36
1843.11
1757.8
1680.67
1673.58
1749.36
1644.67
1787.82
1719.01
1681.83
1735.45
1691.08
1690.59
1714.1
1707.01
1765.61
1802.85
1655.5
1759.6
1772.6
1726.81
1639.41
1633.37
1646.28
1646.75
1698.67
1642.4
1706.26
1717.19
1817.29
1595.81
1606.63
1784.13
1577.75
1794.38
1730.54
1827.39
1632
1740.03
1823.26
1878.27
1601.85
1648.94
1683.75
1726.57
1749.33
1738.24
1540.84
1760.77
1790.8
1794.64
1729.02
1686.36
1610
1708.24
1840.19
1730.76
1660.79
1628.03
1687.3
1792.58
1620.9
1589.06
1687.01
1715.58
1726.93
1704.3
1762.2
1494.49
1722.28
1644.51
1565.12
1817.32
1852.9
1785.36
1822.64
1661.93
1732.79
1726.1
1747.46
1566.82
1701.05
1582.38
1831.52
1759.26
1691.85
1622.28
1885.36
1668.74
1674
1659.01
1604.66
1824.28
1736.73
1819.12
1692.92
1602.9
1709.19
1729.93
1571.34
1756.53
1633.78
1691.91
1821.86
1648.96
1794.8
1662.09
1571.46
1875.83
1653.06
1794.07
1611.35
1744.27
1816.3
1837.42
1710.05
1686.71
1644.31
1770.48
1775.99
1753.33
1619.88
1820.39
1580.46
1564.92
1695.72
1866.42
1718.99
1672.85
1728.06
1659.12
1745.1
1750.45
1827.06
1743.13
1658.93
1688.9
1636.84
1682.56
1727.59
1623.56
1683.98
1755.56
1740.89
1689.34
1820.07
1609.45
1781.57
1678.84
1685.72
1548.74
1760.69
1536.69
1773.95
1838.52
1900.85
1581.72
1573.02
1752.63
1749.08
1738.76
1844.06
1699.25
1763.5
1784.17
1874.26
1633.44
1893.7
1750.67
1661.14
1610.98
1551.58
1585.14
1890.27
1620.69
1762.72
1614.64
1771.91
1696.4
1698.89
1773.78
1679.62
1775.57
1796.66
1691.83
1776.11
1673.78
1712.54
1726.32
1705.89
1740.75
1669.56
1654.82
1747.53
1705.71
1863.35
1675.66
1738.81
1832.48
1761.99
1750.57
1652.23
1837.15
1671.99
1837.2
1768.13
1815.84
1757.21
1802.77
1801.09
1742
1704.35
1648.4
1714.71
1874.8
1871.23
1729.92
1582.43
1665.43
1628.32
1646.2
1626.28
1625.52
1722.72
1740.8
1658.13
1741.27
1945.23
1869.41
1817.85
1917.11
1599.12
1650.47
1905.18
1515.64
1683.76
1676.66
1711.6
1786.81
1826.19
1686.67
1544.51
1584.16
1731.45
1717.76
1693.58
1735.26
1661.84
1721.78
1609.53
1812.13
1728.54
1691.73
1750.12
1664.54
1788.51
1732.97
1695.86
1865.16
1577.66
1717.1
1818.05
1800.44
1593.18
1794.62
1760.24
1715.81
1598.57
1624.46
1589.15
1701.07
1662.93
1618.92
1834.96
1785.83
1743.87
1747.56
1778.06
1778.06
1686.64
1862.97
1775.84
1611.69
1660.74
1677.3
1741.91
1678.22
1775.09
1817.04
1822.84
1847.74
1684.72
1907.11
1723.43
1794.57
1774.76
1716.82
1644.52
1744.21
1906.13
1694.91
1758.77
1808.07
1764.75
1829.19
1639.9
1654.54
1621.24
1730.39
1780.79
1769.46
1745.72
1773.16
1653.6
1781.2
1638.74
1730.82
1655.97
1735.36
1618.83
1642.52
1671.59
1750.56
1771.95
1848.93
1739.94
1779.31
1749.36
1728.93
1590.73
1707.77
1843.03
1693.57
1833.81
1615.45
1634.01
1755.44
1761.45
1837.74
1853.09
1724.68
1673.43
1551.67
1729.63
1734
1744.7
1686.55
1626.27
1749.59
1704.63
1638.46
1710.43
1676.98
1756.96
1601.85
1663.06
1719.4
1845.06
1709.39
1652.31
1686.5
1710.05
1758.49
1771.07
1688.63
1689.96
1749.78
1692.86
1755.62
1799.35
1688.19
1576.38
1762.67
1746.2
1790.86
1836.92
1722.53
1803.2
1661.95
1649.8
1797.54
1609.04
1629.83
1634.98
1840.51
1843.13
1757.38
1759.99
1664.33
1729.99
1776.65
1757.78
1665.25
1732.06
1649.3
1551.29
1850.49
1715.34
1944.01
1861.02
1760.99
1632.95
1768.29
1896.37
1719.51
1746.41
1780.15
1813.93
1665.27
1778.08
1817.3
1805.47
1732.54
1763.69
1733.33
1710.13
1745.63
1717.38
1715.73
1805.55
1636.99
1712.01
1776.64
1709.96
1757.33
1777.97
1725.61
1696.23
1679.63
1708.61
1658.98
1674.3
1852.4
1763.16
1581.82
1662.44
1846.23
1705.49
1767.4
1731.25
1854.38
1750.24
1641.31
1623.37
1838.85
1756.44
1783.5
1730
1630.58
1665.08
1737.84
1821.46
1784.95
1844.32
1847.65
1725.36
1680.32
1712.74
1552.25
1617.56
1755.88
1720.72
1720.63
1875.53
1768.05
1717
1705.86
1810.32
1655.06
1783.85
1666.02
1691.4
1779.44
1724.45
1627.08
1776.37
1623.41
1833.93
1793.01
1698.3
1783
1682.98
1845.77
1718.01
1761.37
1812.34
1613.07
1681.22
1736.24
1683.91
1756.03
1794
1693.87
1606.14
1764.71
1666.18
1943.22
1664.61
1720.48
1773.59
1747.77
1869.71
1828.2
1701.43
1751.39
1785.41
1776.19
1722.78
1560.92
1830.13
1624.89
1669.3
1591.91
1714.81
1771.08
1607.47
1714.37
1705.77
1605.15
1732.28
1757.38
1622.7
1733.71
1789.66
1657.99
1663.38
1700.16
1800.89
1666.66
1820.22
1832.43
1728.1
1682.7
1672.73
1770.37
1799.98
1657.81
1783.89
1588.22
1837.45
1658.26
1915.6
1660.4
1645.39
1672.82
1786.04
1714.26
1820.89
1748.5
1727.84
1731.27
1782.59
1743.07
1740.93
1743.93
1706.79
1769.62
1677.23
1722.1
1651.94
1568.3
1737.43
1585.57
1792.51
1772.53
1846
1730.54
1722.39
1619.91
1873.56
1728.57
1735.96
1761.18
1841.14
1766.74
1561.5
1584.75
1745.07
1666.02
1665.27
1771.05
1724.75
1623.13
1716.95
1762.21
1572.89
1846.65
1590.3
1715.74
1821.78
1647.12
1565.03
1607.87
1745.82
1700.75
1687.39
1861.97
1825.44
1635.82
1692.83
1744.76
1779.38
1693.94
1685.87
1794.97
1791.3
1650.25
1735.01
1773.65
1590.28
1788.78
1627.7
1694.57
1844.89
1802.07
1698.13
1643.26
1666.73
1762.92
1697.49
1675.77
1813.39
1868.71
1769.92
1812.24
1789.65
1663.73
1576.89
1702.78
1644.44
1753.67
1664.03
1551.21
1676.4
1879.64
1739.1
1795.86
1763.98
1645.7
1692.64
1724.42
1605.95
1815.66
1733.88
1603.84
1651.44
1688.1
1760.84
1660.72
1712.35
1820.88
1682.32
1752.89
1736.58
1722.6
1736.59
1599.63
1810.18
1826.89
1713.37
1642.19
1703.79
1801.94
1735.23
1569.11
1684.12
1725.8
1673.92
1603.34
1711.35
1850.77
1887.36
1749.22
1873.36
1578.74
1783.73
1687.71
1624.47
1622.58
1756.34
1726.01
1710.82
1701.66
1555.83
1709.72
1837.5
1684.43
1649.68
1729.79
1656.75
1804.82
1670.31
1684.71
1789.18
1710.21
1694.19
1829.15
1782.63
1787.04
1864.75
1667.02
1683.02
1647.96
1689.27
1641.61
1587.63
1619.33
1799.27
1879.95
1626.68
1728.98
1722.46
1887.04
1752.27
1656.01
1766.97
1602.26
1738.52
1733.36
1841.23
1812.13
1697.12
1727.37
1598.71
1690.6
1730.9
1615.08
1576.44
1723.86
1633.03
1756.17
1716.63
1597.97
1719.85
1670.66
1636.32
1766.03
1721.55
1794.41
1662.37
1775.93
1612.12
1782.52
1711.09
1696.87
1798.24
1760.46
1646.19
1638.12
1805.57
1834.97
1793.99
1708.98
1684.44
1712.18
1763.17
1843.13
1788.78
1840.52
1586.19
1842.19
1786.23
1716.14
1718.07
1758.49
1591.22
1597.22
1647.02
1758.38
1625.38
1634.06
1738.04
1638.75
1672.06
1561.17
1610.72
1828.73
1677.35
1672.51
1647.01
1608.2
1738.75
1738.61
1734.06
1713.86
1839.08
1735.63
1787.5
1649.23
1690.39
1688.69
1859.15
1727.13
1594.82
1732.97
1872.06
1684.85
1608.62
1697.17
1656.02
1687.92
1654.48
1734.04
1691.79
1703.22
1869.96
1837.07
1849.97
1863.17
1710.21
1687.3
1633.83
1594.59
1665.14
1672.7
1741.96
1671.11
1806.39
1633.24
1787.91
1691.75
1828.62
1668.75
1924.91
1765.19
1584.87
1715.17
1712.99
1944.34
1688.83
1895.42
1611.49
1670.36
1706.58
1774.42
1782.66
1763.32
1663.54
1765.42
1620.67
1636.51
1865.35
1659.52
1689.27
1820.39
1629.74
1721.39
1767.94
1856.18
1648.6
1747.74
1674.11
1735.47
1854.15
1797.89
1667.84
1735.43
1725.09
1722.19
1673.07
1703.96
1642.17
1643.03
1571.81
1763.3
1716.74
1885.5
1716.61
1828.48
1629.95
1837.02
1741.14
1639.38
1649.08
1769.67
1715.75
1673.41
1775.39
1670.35
1737.74
1672.21
1667.83
1676.3
1710.02
1594.67
1653.59
1772.88
1656.23
1637.73
1644.68
1756.3
1641.7
1791.56
1485.2
1722.13
1684.58
1778.44
1708.17
1807.78
1753.03
1624.32
1773.09
1642.67
1903.48
1800.76
1635.56
1796.8
1704.78
1718.66
1714.47
1759.62
1687.21
1837.98
1729.02
1671.71
1703.75
1668.33
1646.81
1759.59
1741.64
1576.98
1676.28
1662.67
1741.27
1891.62
1784.81
1649.15
1744.44
1685.84
1707.09
1933.26
1664.35
1682.4
1710.81
1764.62
1779.35
1773.78
1702.86
1634.06
1729.05
2001.12
1830.92
1682.49
1739.96
1566.03
1584.92
1639.95
1688.95
1683.53
1624.3
1756.82
1722.39
1711.01
1626.67
1755.96
1674.42
1703.34
1655.51
1858.59
1653.21
1782.13
1764.59
1534.54
1688.07
1616.15
1694.97
1616.99
1696.81
1595.25
1714.45
1688.05
1812.76
1607.7
1724.21
1650.16
1570.95
1622.93
1654.23
1658.81
1700.92
1777.54
1742.57
1607.69
1590.94
1749.1
1703.87
1739.98
1669.06
1891.94
1689.86
1693.69
1658.93
1703.91
1758.87
1771.89
1702.88
1852.67
1816.32
1700.32
1776.78
1835.73
1869.59
1717.41
1703.54
1672.92
1592.22
1615.05
1743.59
1794.45
1818.29
1762.27
1687.92
1814.82
1781.27
1690.55
1662.43
1760.03
1646.14
1774.05
1714.22
1637.21
1790.02
1587.98
1685.4
1815.81
1683.71
1670.04
1743.18
1832.29
1779.89
1815.81
1603.52
1703.32
1614.47
1840.84
1665.99
1540.73
1660.52
1786.49
1700.83
1770.88
1638.81
1687.85
1763.34
1811.58
1662.61
1574.22
1934.23
1680.46
1763.49
1614.9
1769.37
1624.78
1674.23
1869.04
1616.61
1788.4
1719.9
1654.75
1728.39
1590.57
1619.36
1969.86
1770.53
1725.33
1738.94
1815.18
1768.57
1777.4
1740.5
1818.85
1751.34
1591.73
1549.85
1575.18
1666.19
1589.44
1787.49
1744.99
1573.04
1657.89
1697.35
1681.79
1616.45
1666.29
1562.15
1686.24
1798.83
1685.15
1839.39
1688.66
1664.48
1611.5
1754.32
1763.61
1549.56
1658.57
1740.64
1735.33
1649.84
1612.37
1773.91
1668.18
1911.25
1716.26
1657.97
1704.95
1672.08
1806.59
1744.65
1670.3
1652.35
1762.71
1672.12
1757.41
1771.78
1698.13
1728.52
1794.61
1720.27
1700.76
1782.29
1647.29
1608.71
1851.92
1759.7
1639.08
1663.55
1708.5
1685.71
1771.48
1769.16
1779.32
1641.47
1703.75
1796.31
1696
1805.89
1688.02
1700.56
1823.63
1681.9
1755.31
1711.96
1570.6
1556.52
1726.77
1615.86
1892.23
1771.48
1635.5
1810.44
1726.81
1687.4
1610.73
1748.73
1723.64
1622.27
1687.77
1706.06
1741.01
1745.2
1654.31
1635.72
1622.04
1688.82
1639.68
1530.28
1641.54
1863.32
1755.06
1729.79
1757.04
1802.94
1575.11
1770.53
1734.3
1746.92
1669.77
1706.8
1808.95
1722.46
1673.12
1734.81
1680.41
1622.54
1579.93
1720.22
1805.5
1668.9
1656.4
1773.38
1833.17
1632.81
1754.9
1765.75
1697.46
1555.06
1794.01
1741.2
1826.16
1838.28
1719.83
1682.7
1653.86
1913.62
1796.05
1639.7
1715.7
1724
1592.94
1630.99
1688.3
1740.58
1698.79
1713.33
1605.73
1788.59
1543.76
1663.66
1723.26
1825.94
1812.83
1653.37
1742.73
1688.21
1703.27
1767.01
1687.31
1714.1
1714.67
1686.69
1756.89
1804.06
1832.68
1824.55
1857.52
1799.71
1748.04
1774.52
1914.51
1677.65
1769.72
1820.97
1675.45
1771.79
1782.16
1894.39
1804.48
1672.96
1804.66
1620.64
1703.34
1762.23
1583.71
1613.13
1763.82
1788.49
1734.67
1596.42
1566.32
1603.16
1606.61
1668.34
1685.24
1710.92
1620.56
1828.14
1768.33
1580.08
1734.14
1673.39
1804.78
1733.78
1610.59
1779.65
1741.44
1680.19
1692.27
1799.16
1733.42
1788.06
1639.2
1794.44
1740.19
1670.11
1832.59
1710.67
1678.49
1775.66
1594.73
1744.29
1869.4
1877.02
1592.69
1644.52
1606.46
1719.01
1653.04
1825.62
1680.05
1955.97
1626.64
1735.62
1723.53
1682.07
1909.43
1752.16
1690.24
1829.75
1734.14
1760.68
1790.43
1762.1
1786.18
1741.88
1808.71
1663.35
1741.01
1836.01
1709.64
1607.42
1753.06
1724.51
1903.86
1755.46
1865.97
1727.96
1662.14
1684.07
1848.66
1880.05
1741.87
1794.04
1709.02
1799.04
1756.3
1605.66
1774.46
1832.75
1637.71
1981.04
1684.88
1759.28
1736.27
1607.89
1812.27
1665.78
1835.82
1787.47
1583.78
1685.48
1580.75
1698.99
1809.18
1658.3
1816.46
1811.7
1714.71
1705.6
1782.5
1612.45
1639.5
1815.94
1680.21
1770.63
1737.93
1746.66
1843.37
1739.2
1749.83
1783.29
1875.04
1714.56
1690.5
1758.07
1951.88
1544.94
1797.53
1613.3
1672.83
1799.46
1699.01
1803.46
1813.77
1852.74
1673.48
1706.43
1745.04
1818.83
1736.25
1706.09
1687.66
1795.33
1687.67
1674.22
1731.67
1867.83
1546.36
1620.42
1813.17
1759.94
1781.36
1825.82
1691.93
1736.89
1687.71
1792.66
1653.41
1732.65
1603.74
1682.39
1764.25
1632.52
1641.36
1741.37
1692.46
1781.54
1688.25
1722.78
1669.35
1749.28
1698.41
1781.01
1767.44
1732.97
1748.89
1692.61
1845.98
1592.84
1620.64
1851.92
1674.96
1656.6
1775.39
1645.12
1731.76
1788.08
1681.28
1762.36
1791.05
1725.59
1730.76
1702.12
1690.46
1706.47
1661.49
1660.47
1684.24
1710.5
1716.14
1877.41
1787.47
1769.97
1683.21
1720.02
1692.8
1632.69
1696.15
1747.6
1668.16
1710.5
1896.81
1667.68
1720.46
1759.66
1633.96
1684.94
1746.86
1784.67
1647.08
1592.34
1801.32
1670.56
1701.96
1732.01
1894.28
1797.17
1790.61
1771.68
1827.79
1597.63
1745.14
1659.46
1638.34
1770.78
1642.04
1768.72
1832.49
1728.83
1788.94
1765.78
1820.54
1736.93
1599.88
1700.95
1616.92
1825.94
1548.03
1713.31
1751.7
1616.12
1676.28
1686.26
1750.63
1624.76
1850.87
1710.45
1646.11
1852.41
1583.15
1811
1760.57
1711.02
1618.2
1723.46
1749.18
1729.12
1805.87
1758.31
1718.11
1852.71
1748.95
1800.12
1930.06
1729.13
1766
1835.28
1732.94
1833.66
1768.59
1816.48
1677.42
1646.65
1725.7
1620.03
1716.09
1594.09
1604.81
1883.87
1797.26
1815.25
1763.17
1656.16
1757.76
1615.96
1709.27
1687.15
1715.77
1686.45
1709.91
1686.89
1786.54
1821.85
1743.11
1844.71
1597.53
1610.5
1604.62
1751.82
1734.4
1810.93
1589.42
1784.93
1754.48
1822.84
1632.95
1630.42
1682.6
1814.65
1563.72
1696.02
1702.84
1931.23
1682.56
1782.49
1644.18
1685.94
1682.96
1660.45
1743.24
1689.11
1677.12
1857.81
1624.88
1599.27
1764.18
1652.26
1773.41
1619.64
1618.86
1734.49
1611.4
1847.58
1739.42
1747.76
1753.15
1674.84
1697.55
1690.2
1878.8
1792.28
1642.67
1814.73
2022
1799.34
1758.3
1634.64
1941.37
1550.67
1809.68
1759.31
1648.35
1604.94
1770.05
1799.8
1611.09
1806.55
1592.13
1703.42
1837.52
1717.61
1718.14
1718.11
1679.08
1745.78
1723.81
1634.47
1724.52
1798.38
1651.45
1624.13
1803.53
1705.77
1744.45
1805.45
1907.05
1769.24
1872.47
1779.03
1749.32
1622.85
1812.21
1673.71
1749.37
1676.1
1750.02
1679.25
1578.39
1804.13
1729.57
1670.81
1666.39
1787.26
1604.65
1652.26
1599.64
1736.89
1771.16
1872.55
1753.33
1887.03
1701.07
1535.66
1712.89
1675.2
1941.25
1793.72
1672.2
1722.99
1672.57
1941.84
1708
1689.26
1689.24
1794.56
1592.8
1732.58
1589.91
1715.23
1894.33
1781.62
1680.03
1760.93
1743.75
1756.2
1789.94
1651.09
1818.75
1837.51
1713.4
1790.02
1722.02
1737.36
1636.72
1803.59
1855.72
1824.53
1643.18
1850.98
1664.52
1788.74
1613.37
1716.1
1656.21
1833.98
1790.94
1808.02
1785.36
1764.05
1845.39
1826.3
1843.23
1844.44
1595.56
1758.91
1609.91
1666.95
1852.23
1806.31
1753.66
1687.8
1816.94
1708.69
1608.68
1480.84
1708.79
1816.42
1660.54
1631.26
1688.12
1733.05
1628.46
1799.45
1816.9
1711.22
1766.16
1637.23
1706.73
1818.6
1592.62
1833.73
1768.15
1592.93
1642.03
1696.44
1909.74
1712.82
1774.17
1937.45
1736.1
1765.56
1797.78
1709.53
1683.22
1565.2
1795.09
1678.91
1609.28
1680.37
1757.4
1754.6
1633.81
1765.55
1684.21
1758.67
1860.59
1657.42
1630
1686.84
1732.18
1637.95
1681.31
1745.2
1727.75
1683.03
1755.8
1792.56
1716.55
1734.6
1714.28
1866.72
1589.25
1792.7
1720.88
1761.1
1711.31
1615.72
1797.69
1862.05
1776.4
1853.7
1776.51
1727.54
1661.24
1747.65
1516.87
1759.88
1798.44
1663.67
1732.28
1743.36
1487.96
1694.37
1571.59
1868.77
1735.27
1552.43
2026.28
1640.75
1658.22
1770.82
1699.46
1564.3
1767.83
1752.93
1866.02
1723.42
1674.73
1574.61
1688.25
1587.64
1722.62
1685.45
1758.73
1719.25
1823.08
1826.65
1822.14
1657.6
1702.97
1814.99
1714.34
1827.68
1681.32
1752.73
1524.96
1727.92
1792.54
1484.47
1740.23
1756
1609.85
1737.63
1688.64
1830.8
1713.48
1724.4
1616.32
1782.08
1745.63
1713.98
1653.41
1730.86
1778.67
1889.63
1779.14
1698.35
1712.37
1773.4
1643.4
1718.69
1687.59
1801.37
1857.65
1618.91
1854.06
1706.57
1821.55
1634
1562.39
1629.91
1702.88
1678.34
1752.56
1726.98
1778.05
1692.01
1708.06
1743.19
1829.91
1713.36
1878.29
1724.28
1647.96
1755.8
1599.16
1659.46
1837.01
1687.8
1731.77
1822.49
1730.29
1714.32
1718.4
1773.1
1526.51
1838.99
1802.26
1615.38
1786.62
1803.82
1734.13
1854.5
1624.89
1791.12
1711.72
1560.52
1798.76
1612.5
1669.04
1734.56
1725.42
1658.12
1688.9
1678.84
1643.31
1803.52
1779.44
1664.74
1681.5
1781.37
1678.88
1687.45
1707.21
1741.68
1701.28
1781.38
1688.09
1767.5
1612.71
1856.06
1743.63
1627.03
1654.07
1695.9
1796.06
1792.3
1679.14
1704.69
1780.13
1671.7
1659.36
1785.5
1658.01
1649.92
1633.52
1804
1714.47
1723.26
1607.48
1652.88
1730.57
1676.41
1781.88
1807.78
1725.76
1667.11
1744.07
1681.7
1760.39
1712.97
1852.69
1696.85
1670.89
1742.22
1693.37
1693.67
1848.69
1747.51
1558.58
1681.65
1852.28
1707.92
1761.63
1502.6
1659.18
1661.33
1599.7
1625.1
1854.91
1650.35
1797.92
1853.84
1716.8
1748.17
1687.48
1703.17
1757.97
1706.48
1792.79
1740.07
1658.98
1697.22
1666.64
1898.83
1802.2
1786.65
1581.59
1726.61
1558.07
1719.89
1605.25
1723.46
1697.81
1705.44
1728.03
1681.27
1731.85
1803.81
1792.74
1759.5
1854.33
1825.98
1656
1646.34
1753.02
1764.43
1622.3
1865.73
1762.74
1606.81
1822.12
1688.65
1739.57
1642.91
1726.3
1669.4
1783.63
1743.08
1707.13
1730.47
1514.65
1714.99
1872.78
1650
1818.85
1764.56
1611.18
1722.82
1828.88
1726.18
1716.45
1682.75
1699.08
1844.83
1888.89
1727.45
1694.15
1739.46
1667.06
1706.88
1833.2
1558.65
1603.34
1745.87
1596.86
1669.07
1774.56
1671.64
1587.22
1897.21
1617.84
1697.29
1666.46
1672.31
1741.73
1616.81
1700.09
1544.94
1685.09
1789.93
1829.66
1681.41
1647.49
1708.47
1610.78
1831.34
1695.62
1641.9
1851.82
1724.94
1709.79
1807.47
1812.14
1859.5
1840.93
1785.57
1655.81
1771.27
1737.17
1774.12
1648.12
1574.88
1762.79
1721.19
1838.53
1813.35
1758.56
1663.24
1822.41
1656.36
1657.9
1760.84
1857.46
1766.77
1726.69
1711.89
1657.43
1645.05
1659.57
1683.12
1747.91
1753.81
1770.15
1553.22
1798.5
1723.46
1768.83
1871.87
1776.64
1676.48
1794.29
1696.72
1527.06
1624.65
1648.03
1729.61
1721.99
1832.72
1681.78
1681.49
1787.36
1697.35
1812.46
1864.47
1682.3
1748.28
1776.16
1721.61
1640.29
1781.13
1527.4
1712.29
1642.78
1756.5
1770.11
1715.94
1725.42
1750.18
1744.07
1631.36
1684.79
1824.31
1806.74
1646.66
1870.84
1614.43
1819.53
1767.49
1620.2
1631.9
1564.8
1703.65
1924.2
1769.99
1715
1694.26
1764.28
1662.32
1638.11
1681.45
1693.22
1651.95
1774.8
1695.32
1683.77
1741.36
1563.39
1777.02
1838.27
1630.89
1862.09
1726.47
1820.97
1673.27
1616.72
1774.79
1685.83
1893.43
1741.53
1610.51
1701.3
1630.65
1751.15
1835.23
1811.2
1695.63
1643.67
1687.28
1621.94
1719.45
1469.89
1815.59
1728.42
1755.99
1762.77
1840.08
1808.56
1732.78
1904.09
1726.59
1763.57
1649.97
1807.91
1716.45
1822.1
1699.15
1718.34
1587.31
1696.26
1769.22
1580.48
1734.63
1782.58
1863.75
1864
1735.1
1660.32
1677.05
1745.95
1791.38
1786.55
1710.61
1562.16
1746.1
1774.09
1655.88
1986.91
1830.53
1704.15
1713.41
1819.79
1654.23
1760.91
1728.89
1715.93
1698.06
1692.73
1792.01
1796.92
1754.12
1871.58
1690.39
1762.23
1914.05
1855.81
1823.77
1693.9
1717.99
1731.5
1770.82
1815.8
1765.56
1924.8
1725.99
1646.68
1680.01
1839.56
1646.62
1680.48
1771.44
1804.86
1743.47
1837.84
1786.87
1632.66
1787.74
1712.57
1690.23
1797.01
1748.58
1599.55
1659.95
1625.65
1609.37
1725.32
1796.5
1733.94
1883.26
1484.1
1759.36
1800.69
1794.22
1618.81
1801.89
1665.78
1807.89
1717.45
1667.66
1585.91
1704.35
1765.38
1814.44
1725.79
1743.99
1645.6
1786.48
1821.65
1714.57
1791.96
1614.38
1740.33
1705.39
1737.76
1794.37
1745.8
1774.07
1815.52
1733.05
1679.79
1793.44
1794.68
1822.62
1656.88
1791.99
1803.14
1723.48
1649.81
1850.81
1711.42
1733.83
1640.65
1733.1
1743.58
1639.09
1806.2
1742.93
1814.25
1786.11
1651.95
1713.65
1832.34
1739.02
1704.56
1588.8
1634.82
1795.61
1595.12
1639.38
1869.29
1708.37
1770.38
1751.09
1703.05
1830.59
1664.11
1842.99
1716.33
1593.87
1751.6
1669.64
1790.49
1751.04
1694.2
1630.36
1640.64
1802.13
1734.27
1865.28
1745.33
1745.95
1670.8
1766.02
1634.52
1657.43
1558.67
1726.62
1839.27
1775.3
1795.87
1814.85
1705.69
1495.55
1801.07
1617.55
1715.38
1610.46
1724.83
1732.17
1662.45
1670.04
1716.63
1745.97
1722.23
1679.84
1804.3
1735.52
1837.32
1834.64
1863.46
1723.59
1658.61
1704.79
1710.25
1588.86
1593.91
1584.17
1779.27
1752.18
1835.75
1695.48
1688.42
1815.88
1809.82
1786.97
1793.38
1682.36
1718.93
1684.6
1728.87
1731.51
1708.78
1580.56
1711.27
1743.71
1889.14
1748.86
1670.88
1653.46
1655.39
1774.36
1759.71
1627.07
1825.75
1625.78
1548.48
1623.65
1625.66
1825.55
1817.41
1733.42
1720.93
1592.88
1687.92
1628.22
1735.88
1691
1751.74
1742.97
1836.46
1732.11
1684.72
1690.73
1686.28
1809.46
1805.77
1732.98
1747.73
1866.81
1670.04
1742.96
1698.03
1807.23
1767.3
1693.31
1707.58
1597.69
1540.32
1764.75
1892.81
1718.52
1707.27
1728.68
1707.06
1759.73
1602.64
1755.46
1674.77
1683.74
1596.8
1730.15
1670.86
1703.41
1729.53
1772.07
1888.93
1793.43
1581.12
1727.9
1745.09
1855.07
1737.57
1635.42
1558.4
1880.19
1861.07
1686.06
1631.69
1788.91
1657.87
1562.62
1563.48
1765
1699.56
1564.6
1662.52
1828.26
1782.94
1755.03
1450.24
1713.27
1612.85
1736.84
1922.47
1770.27
1676.26
1698.14
1806.74
1765.51
1699.03
1726.19
1790.07
1581.75
1722.1
1806.33
1537.57
1884.65
1665.47
1841.38
1738.33
1627.57
1534.55
1809.67
1627.51
1768.48
1738.54
1680.81
1673.67
1741.88
1922.58
1667.03
1688.28
1708.48
1683.28
1646.57
1683.68
1881.31
1683.7
1819.93
1675.8
1889.31
1719.87
1709.69
1910.91
1763.14
1706.33
1704.99
1743.49
1730.1
1668.24
1779.2
1623.08
1811.05
1760.96
1641.87
1871.7
1836.84
1613.97
1874.75
1730.09
1843.42
1768.7
1622.43
1682.68
1675.22
1849.76
1867.11
1745.18
1560.99
1799.1
1873.06
1734.95
1805.62
1629.65
1874.53
1945.23
1916.93
1730.59
1784.63
1558.24
1746.11
1605.08
1747.78
1889.62
1674.46
1695.64
1786.28
1692.91
1615.47
1623.94
1676.38
1699.01
1827.92
1591.77
1779.96
1724.77
1684.05
1902.53
1801.25
1642.75
1708.34
1768.15
1659.03
1730.53
1690.74
1687.73
1641.58
1786.01
1736.83
1607.15
1717.2
1803.75
1786.79
1707.82
1757.85
1705.35
1550.83
1650.7
1531.59
1497.81
1528.25
1648.44
1716.89
1789.58
1470.93
1664.98
1610.43
1724.09
1806.99
1816.2
1718.12
1753.15
1821.91
1786.22
1718.6
1619.6
1703.61
1887.7
1745.38
1752.62
1643.75
1680.21
1677.44
1723.58
1698.73
1755.08
1735.19
1677.69
1672.99
1551.86
1713.67
1758.34
1635.59
1792.55
1713.98
1834.81
1743.17
1766.46
1696.12
1695.34
1825.96
1851.46
1931.35
1685.81
1718.45
1632.78
1744.78
1738.3
1856.97
1520.13
1841.1
1867.01
1769.56
1641.45
1649.9
1721.33
1631.13
1605.16
1714.95
1779.31
1638.14
1742.84
1773.67
1663.82
1683.62
1649.65
1814.5
1844.68
1692.09
1785.57
1609.85
1672.93
1774.84
1721.15
1776.1
1810.7
1647.05
1862.95
1611.21
1716.74
1706.36
1930.87
1848.29
1798.69
1740.66
1774.73
1709.13
1920.15
1752.87
1571.84
1725.32
1792.31
1527.31
1660.48
1580.11
1750.93
1513.24
1768.35
1863.03
1707.34
1755.86
1890.19
1712.36
1620.63
1741.83
1609.9
1647.32
1693.68
1678.87
1782.94
1784.48
1790.4
1697.27
1817.8
1696.61
1694.11
1843.99
1615.42
1738.21
1770.88
1758.99
1680.85
1848.43
1749.3
1807.05
1671.72
1734.12
1873.89
1557.75
1681.41
1875.68
1842.76
1724.19
1798.91
1753.74
1840.39
1679.41
1806.53
1703.98
1569.16
1668.9
1657.97
1736.66
1616.75
1754.33
1845.25
1616.01
1643.3
1591.52
1721.19
1732.76
1782.81
1640.31
1679.47
1843.34
1565.27
1762.43
1772.13
1722.64
1634.55
1739.56
1681.1
1603.53
1738.72
1656.71
1706.17
1701.41
1827.55
1663.24
1715.05
1724.49
1669.13
1687.36
1610.35
1812.56
1618.8
1890.24
1681.63
1708.08
1694.18
1530.75
1598.34
1729.03
1705.31
1642.25
1648.56
1766.19
1534.35
1587.69
1866.5
1678.34
1891.33
1766.4
1777
1566.81
1717.67
1816.49
1608.01
1822.58
1718.8
1706.72
1636.25
1868.15
1716.85
1612.73
1731.67
1754.08
1625.87
1735.07
1554.66
1512.75
1639.53
1752.33
1633.43
1806.64
1781.48
1551.76
1681.88
1697.9
1630.43
1616.94
1729.55
1696.46
1576.94
1776.5
1758.42
1796.72
1580.22
1666.18
1704.93
1672.55
1612.64
1763.51
1618.45
1810.69
1670.19
1635.26
1646.3
1633.19
1617.91
1826.09
1822.48
1609.65
1754.46
1759.69
1665.65
1753.4
1646.52
1877.32
1776.24
1858.79
1812.97
1777.6
1662.18
1767.76
1759.9
1790.08
1823.63
1762.36
1705.16
1752.84
1827.07
1590.23
1694.83
1913.24
1746.07
1755.62
1629.57
1617.42
1743.54
1737.05
1754.22
1613.61
1805.3
1753.02
1625.24
1659.16
1809
1679.42
1725.26
1736.14
1624.08
1628.35
1869.26
1866.14
1728.5
1787.86
1774.28
1765.49
1761.44
1728.21
1722.94
1726.04
1657.94
1776.17
1660.56
1726.98
1729.19
1869.39
1802.07
1628.72
1780.54
1847.02
1582.42
1738.81
1693.41
1782.57
1632.52
1691.91
1667.42
1583.89
1629.16
1706.56
1840.4
1696.51
1903.03
1670.06
1880.61
1716.74
1578.38
1703.2
1626.8
1680.33
1685.95
1693.39
1643.64
1649.88
1817.23
1602.27
1746.8
1809.96
1940.26
1658.2
1626.55
1700.48
1712.43
1837.2
1836.13
1744.19
1665.17
1665.18
1676.35
1712.93
1675.68
1726.24
1704.06
1704.41
1749.1
1717.6
1778.37
1699.12
1737.64
1659.56
1859.11
1831.47
1739.93
1758.79
1830.75
1608.28
1760.27
1700.26
1855.78
1760.07
1776.05
1647.77
1829.29
1699.83
1693.55
1779.12
1628.95
1670.2
1524.11
1760.38
1833.25
1685.88
1717.64
1848.17
1800.79
1747.27
1548.54
1490.94
1859.57
1758.7
1849.94
1922.59
1661.06
1851.48
1855.9
1709.12
1691.44
1839.73
1818.5
1814.36
1778.76
1785.37
1695.99
1720.22
1652.06
1735.59
1631.9
1728.39
1755.27
1756.48
1736.99
1777.98
1723.15
1739.89
1843.6
1715.78
1704.92
1717.94
1668.55
1627.66
1735.12
1859.66
1694.96
1651.59
1626.22
1853.06
1716.6
1797.06
1806.65
1707.21
1882.74
1624.07
1773.32
1713.28
1681.77
1653.1
1808.91
1783.53
1790.8
1631.53
1734.58
1828.57
1643.73
1706.54
1760.27
1785.64
1734.03
1610.07
1844.4
1644.72
1679.1
1862.54
1724.02
1663.53
1808.33
1689.91
1792.32
1708.61
1695.63
1931.01
1566.48
1639.96
1685.8
1644.69
1840.67
1715.52
1640.42
1701.09
1843.56
1590.25
1683.89
1847.4
1754.55
1727.37
1853.91
1726.56
1765.39
1783.05
1749.98
1901.21
1689.95
1732.21
1831.83
1750.58
1771.5
1756.8
1911.31
1687.63
1660.91
1509.02
1732.06
1801.07
1810.41
1571.18
1518.91
1622.64
1563.08
1655.02
1752.67
1516.58
1623.87
1724.06
1763.05
1849.36
1753.4
1626.84
1831.66
1625.34
1574.07
1753.92
1720.8
1750.69
1947.25
1929.27
1784.5
1720.25
1713.58
1632.39
1667
1708.9
1844.05
1756.24
1625.32
1852.08
1815.28
1593.98
1674.2
1803.76
1634.4
1687.23
1740.32
1566.43
1616.47
1784.37
1852.03
1753.16
1630.58
1690.7
1679.7
1684.52
1642.21
1842.09
1787.33
1750.73
1675.77
1724.37
1709.35
1571.76
1686.78
1834.16
1709.59
1768.21
1710.32
1752.69
1657.56
1803.54
1897.95
1609.61
1921.81
1756.23
1590.12
1785.18
1750.1
1664.58
1727.59
1823.95
1720.48
1835.56
1674.96
1672.13
1620.89
1809.35
1708.33
1763.75
1702.66
1889.36
1660.76
1680.08
1721.95
1786.41
1775.74
1766.82
1673.19
1633.62
1676.9
1802.03
1622.16
1667.04
1637.44
1839.51
1713.99
1630.5
1711.48
1750.54
1709.51
1690.19
1742.81
1966.88
1993.51
1730.08
1809.51
1729.79
1574.85
1790.26
1822.04
1913.1
1658.68
1662.41
1893.78
1691.23
1873.64
1790.63
1670.65
1582.15
1675.22
1773.28
1753.44
1659.88
1705.55
1652.89
1740.49
1832.69
1619.5
1753.01
1775.93
1695.21
1855.07
1864.3
1697.86
1778.64
1759.5
1569.74
1741.21
1645.52
1599.66
1710.36
1788.13
1708.52
1819.37
1755.5
1752.22
1693.98
1674.25
1764.43
1650.72
1729.49
1756.92
1652.13
1806.57
1754.37
1718.6
1679.81
1790.88
1701.87
1714.25
1772.97
1685.24
1729.18
1696.38
1680.32
1861.77
1561.89
1690.7
1704.21
1530.07
1534.35
1841.26
1736.83
1745.12
1755.61
1790.58
1710.88
1567.21
1646.79
1697.83
1835.74
1629.84
1714.05
1778.91
1606.36
1792.29
1730.68
1575.7
1916.83
1712.18
1852.55
1741.69
1766.03
1673.78
1798.38
1763.43
1787.76
1746.31
1666.41
1720.68
1697.91
1629
1643.84
1724.42
1692.6
1721.79
1761.55
1856.69
1841.92
1557.92
1685.69
1643.87
1769.77
1605.36
1722.69
1705.33
1917.35
1747.27
1676.86
1615.23
1812.05
1622.2
1819.45
1785.48
1746.75
1731.21
1750.23
1672.87
1580.09
1767.44
1673.31
1572.39
1777.1
1647.18
1859.7
1795.61
1718.1
1606.35
1662.14
1704.45
1752.97
1635.65
1533.42
1837.72
1806.4
1725
1793.02
1677.3
1729.73
1520.65
1651.89
1679.97
1794.95
1823.17
1733.81
1673.4
1573.76
1809.28
1741.74
1683.68
1726.08
1763.2
1707.76
1785.89
1680.74
1746.14
1969.43
1760.39
1758.97
1683.51
1701.24
1700.98
1873.81
1781.39
1763.31
1706.23
1724.56
1738.71
1694.36
1621.47
1620.69
1601.28
1756.94
1813.49
1743.82
1812.47
1729.98
1876.04
1870.23
1799.15
1548.53
1667.42
1673.06
1578.71
1677.86
1772.46
1765.74
1700.96
1683.58
1664.53
1665.83
1856.31
1642.77
1822.84
1777.97
1800.77
1686.48
1690.06
1587.72
1805.97
1661.97
1712.18
1764.83
1685.21
1843.12
1817.04
1725.26
1691.94
1721.22
1633.54
1656.96
1795.67
1809.26
1751.9
1588.91
1752.81
1658.11
1639.11
1635
1680.6
1747.38
1644.76
1905.1
1725.48
1784.83
1655.26
1777.15
1668.55
1840.8
1589.18
1891.19
1758.21
1737.52
1632.58
1873.83
1882.11
1724.84
1551.94
1793.29
1766.8
1871.68
1749.59
1750.91
1684.46
1750.57
1665.64
1694.35
1770.27
1851.66
1647.75
1720.95
1727.15
1593.58
1618.76
1831.36
1754.09
1868.08
1681.88
1837.82
1871.18
1550.89
1773.12
1659.69
1672.54
1681.08
1714.64
1973.56
1719.74
1807.29
1661.29
1697.29
1678.01
1690.97
1669.26
1634
1754.68
1542.98
1645.3
1744.69
1831.86
1703.38
1750.69
1776.82
1791.93
1691.55
1694.97
1749.28
1729.32
1693.22
1692.61
1778.88
1671.63
1634.67
1767.79
1791.34
1661.01
1574.17
1728.28
1757.6
1809.12
1658.58
1626.15
1507.24
1752.15
1676.25
1819.67
1695.36
1649.67
1776.17
1654.47
1633.11
1655.92
1697.91
1731.74
1569.52
1764.09
1647.23
1557.92
1777.98
1751.38
1594.86
1820.07
1618.3
1663.96
1694.05
1734.68
1642.51
1674.99
1741.22
1788.23
1702.04
1671.1
1759.91
1619.28
1760.1
1773.48
1689.14
1707.01
1747.87
1741.5
1822.73
1706.98
1714.83
1806.9
1744.91
1578.89
1699.51
1655.73
1711.76
1779.48
1737.55
1740.46
1776.67
1645.17
1756.05
1660.93
1576.65
1905.81
1709.85
1474.35
1507.14
1757.19
1724.39
1849.35
1743.25
1662.7
1638.05
1706.29
1597.34
1767.42
1685.38
1733.9
1767.17
1694.91
1750.38
1718.42
1774.94
1760.45
1683.12
1602.15
1794.48
1695.5
1546.99
1943.08
1774.64
1773.43
1879.59
1662.54
1694.33
1753.73
1762.22
1737.31
1578.19
1742.73
1703.55
1644.78
1675.22
1750.15
1746.33
1864.87
1701.64
1779.03
1740.73
1740.73
1728.5
1683.65
1738.99
1780.03
1742.27
1697.37
1799.8
1831.1
1837.07
1660.8
1598.92
1825.6
1685.96
1711.99
1721.77
1591.83
1688.03
1695.05
1766.34
1649.79
1669.8
1720.43
1806.84
1576.15
1734.99
1636.52
1612.63
1806.24
1692.69
1689.04
1860.38
1599.3
1662.03
1727.78
1935.28
1779.63
1903.45
1841.05
1819.95
1776.58
1758.53
1807.17
1742.58
1877.58
1730.03
1883.88
1722.51
1649.1
1749.06
1871.1
1800.78
1667.73
1644.28
1914.2
1742.67
1756.61
1764.43
1784.52
1822.7
1721.57
1637.28
1813.46
1826.8
1735.51
1826.58
1592.38
1681.06
1722.37
1610.07
1698.57
1678.32
1783.72
1665.55
1533.88
1698.18
1782.7
1694.99
1745.14
1563.58
1835.3
1839.62
1826.31
1683.29
1648.45
1723.14
1822.85
1464.93
1913.88
1866.7
1786.76
1682.39
1703.35
1681.47
1807.41
1766.36
1824.91
1568.36
1736.01
1603.13
1680.58
1844.13
1770.58
1760.42
2021.88
1697.31
1677.46
1875.18
1763.66
1621.07
1760.41
1708.78
1640.22
1803.28
1753.43
1670.42
1637.1
1667.08
1789.79
1665.66
1748.57
1758.59
1731.7
1902.86
1582.57
1689.46
1552.52
1891.74
1851.24
1543.64
1793.44
1592.51
1796.54
1780.89
1699.92
1658.54
1670.2
1768.98
1707.24
1846.31
1654.25
1783.69
1605.69
1658.5
1777.22
1718.33
1616.9
1811.09
1774.98
1718.81
1777.9
1605.82
1675.26
1576.87
1860.09
1710.37
1696.54
1719.3
1651.46
1645.44
1774.41
1690.16
1699.58
1726.2
1661.46
1808.57
1621.18
1659.22
1646.91
1723.71
1781.55
1599.19
1712.32
1687.15
1815
1632.68
1710.03
1650.32
1645.32
1635.88
1705.82
1682.91
1806.86
1881.46
1848.78
1717.52
1652.47
1693.7
1721.96
1792.41
1703.83
1768.02
1653.1
1774.39
1829.96
1736.71
1725.39
1853.43
1845.74
1776.32
1696.51
1569.35
1554.15
1736
1622.79
1836.59
1700.91
1751.43
1550.75
1794.5
1940.07
1848.28
1585.37
1612.42
1656.54
1778.68
1701.94
1750.25
1602.63
1743.13
1595.2
1753.47
1643.89
1698.95
1825.97
1707.11
1795.51
1797.62
1801.77
1645.79
1854.87
1839.47
1692.59
1675.08
1782.39
1747.88
1667.41
1707.79
1740.58
1681.2
1763.95
1633.87
1740.56
1819.11
1738.17
1749.51
1780.93
1738.06
1545.28
1656.84
1640.97
1669.05
1591.93
1788.14
1750.79
1664.91
1686.23
1763.78
1947.24
1685.51
1737.3
1772.56
1555.33
1859.02
1725.88
1570.41
1683
1694.53
1830.14
1701.11
1685.29
1740.42
1753.44
1597.49
1778.94
1709.31
1845.13
1815.2
1814.07
1629.57
1755.97
1706.47
1759.05
1651.52
1760.63
1744.82
1786
1915.79
1638.2
1788.77
1668.84
1738.88
1711.19
1807.87
1868.01
1810.72
1667.6
1603.21
1712.11
1739.43
1846
1806.43
1616.47
1695.35
1700.8
1762.92
1690.23
1857.1
1796.26
1551.23
1677.88
1769.94
1728.01
1646.3
1750.38
1877.32
1817.45
1703.95
1569.96
1641.88
1764.93
1663.05
1592.26
1717.7
1823.27
1785.42
1654.13
1664.13
1735.65
1752.63
1546.68
1769.58
1786.52
1639.32
1881.54
1722.6
1788.48
1780.94
1765.17
1736
1785.17
1763.68
1587.69
1726.32
1796.52
1825.07
1823.97
1695.97
1745.1
1830.49
1742.27
1741.11
1655.54
1677.75
1807.53
1694.46
1576.46
1748.01
1683.66
1818.34
1600.09
1840.57
1654.58
1832.15
1679.38
1826.09
1690.36
1821.07
1846.34
1778.98
1709.52
1665.49
1502.52
1684.52
1567.22
1765.58
1760.38
1890.18
1703.72
1845.88
1681.59
1774.88
1814.06
1598.48
1618.16
1712.35
1759.07
1674.19
1741.57
1788.38
1758.39
1679.2
1901.51
1897.72
1751.32
1683.08
1596.35
1703.66
1639.51
1885.96
1622.26
1815.5
1615.68
1743.57
1598.06
1760.65
1693.72
1812.27
1800.89
1712.47
1663.74
1581.66
1753.8
1659.39
1709.03
1610.99
1754.39
1622.94
1728.53
1711.29
1896.02
1760.57
1859.05
1709.3
1488.68
1720.69
1820.12
1704.67
1774.37
1526.82
1756.63
1891.98
1912.61
1639.45
1491.76
1720.72
1663.95
1683.79
1607.12
1777.32
1749.28
1728.96
1644.65
1695.73
1784.79
1685.47
1705.9
1672.72
1590.95
1744.09
1727.97
1726.79
1662.64
1762.98
1693.18
1666.15
1907.01
1762.08
1814.89
1692.59
1584.63
1734.23
1745.48
1776.93
1688.73
1701.05
1726.88
1716.19
1723.81
1706.03
1552
1743.69
1727.33
1737.05
1598.21
1692.15
1823.1
1844.79
1830.51
1811.99
1730.82
1920.66
1731.87
1742.22
1763.64
1758.32
1701.87
1785.7
1621.53
1738.04
1769.2
1661.21
1598.47
1824.56
1809.06
1723.44
1678.83
1578.68
1737.21
1637.68
1781.34
1797.58
1797.6
1780.61
1629.63
1870.27
1770.44
1640.81
1665.75
1703.64
1724.8
1723.96
1720.29
1820.6
1595.48
1771.48
1627.8
1891.4
1743.91
1692.28
1894.22
1681.31
1787.22
1737.96
1648.24
1729.22
1669.55
1743.03
1711.39
1654.25
1698
1739.65
1805.95
1607.26
1621.11
1644.82
1946.01
1583.32
1864.97
1669.85
1903.97
1773.66
1810.05
1695.6
1809.04
1648.66
1787.16
1723.78
1779.65
1681.75
1828.81
1604.32
1715.54
1666.39
1793.3
1644.39
1680.88
1621.47
1727.63
1752.15
1725.25
1709.59
1708.23
1900.57
1625.04
1871.25
1671.85
1827.83
1790.81
1767.07
1687.9
1624.67
1808.43
1699.28
1861.61
1585.26
1780.09
1909.97
1693.92
1691.34
1721.35
1655.09
1814.09
1627.99
1631.84
1647.71
1799.45
1777.24
1833.92
1631.97
1678.81
1798.27
1768.01
1607.63
1960.41
1721.06
1655.27
1802.07
1630.63
1811.95
1587.23
1781.84
1927.49
1659.44
1745.1
1713.09
1722.71
1619.89
1856.87
1640.72
1804.78
1692.28
1705.62
1737.89
1724.88
1733.71
1648.6
1720.36
1685.33
1682.55
1598.61
1735.4
1743.77
1753.79
1613.6
1778.94
1665.49
1705.19
1597.8
1770.03
1558.2
1642.25
1694.42
1673.6
1765.23
1492.63
1639.78
1801.91
1754.72
1788.39
1819.96
1742.61
1737.76
1838.96
1780.65
1767.05
1731.65
1775.62
1698.36
1602.21
1653.7
1729.33
1801.25
1666.53
1740.91
1771.11
1699.48
1669.5
1822.53
1869.42
1641.34
1844.48
1632.66
1778.1
1686.33
1661.49
1740.14
1658.72
1664.66
1610.94
1688.98
1744.53
1776.21
1646.93
1730.27
1814.82
1666.09
1569.84
1584.98
1829.09
1784.26
1780.26
1736.53
1543.43
1978.84
1612
1830.47
1714.13
1773.57
1647.43
1722.36
1718.18
1851.69
1731.46
1778.05
1788.44
1632.36
1759.63
1784.66
1634.83
1786.11
1711.43
1755.7
1625.54
1770.06
1778.38
1585.03
1751.46
1630.24
1748.72
1707.66
1541.92
1762.32
1622.87
1825.89
1513.93
1758.94
1694.73
1833.97
1798.27
1714.17
1642.49
1552.41
1681.93
1534.37
1743.36
1623.51
1800.68
1795.6
1696.15
1724.42
1733.98
1681.03
1696.85
1637.58
1850.39
1606.84
1711.96
1585.99
1701.67
1732.37
1724
1761.92
1676.94
1645.41
1699.66
1594.55
1813.5
1861.78
1660.73
1553.2
1559.93
1683.79
1763.86
1715.74
1697.21
1813.17
1751.65
1705.55
1791.01
1534.04
1758.9
1743.62
1682.07
1721.16
1749.93
1765.18
1825.43
1737.91
1796.45
1812.8
1679.56
1686.49
1720.75
1837.79
1596.58
1656.13
1788.1
1715.4
1786.55
1783.73
1718.38
1763.16
1719.24
1646.02
1760.06
1782.3
1614.14
1913.17
1743.09
1754.71
1922.39
1744.87
1719.58
1795.83
1606.09
1736.47
1716
1822.73
1695.83
1739
1716.72
1748.24
1633.29
1771.63
1585.68
1758.74
1793.08
1768.09
1653.43
1702.32
1714.63
1599.21
1705.07
1636.98
1683.96
1742.3
1612.13
1702.02
1850.09
1707.31
1842.09
1632.35
1698.08
1664.56
1766.49
1734.32
1731.13
1700.66
1839.54
1635.83
1754.56
1611.55
1745.25
1844.84
1685.43
1821.1
1878.19
1773.61
1689.9
1650.85
1697.09
1786.82
1697.59
1835.65
1777.12
1624.35
1766.4
1803.87
1787.5
1696.14
1566.63
1641.4
1620.99
1646.37
1729.15
1720.11
1875.23
1492.05
1807.12
1594.51
1853.09
1636.31
1716.63
1745.6
1707.59
1809.16
1675.74
1711.58
1573.83
1733.67
1748.28
1762.96
1760.14
1723.46
1741.46
1789.85
1657.56
1594.75
1639.04
1672.08
1749.74
1609.62
1647.28
1632.27
1769.57
1671.36
1709.44
1705.7
1682.31
1676.49
1609.41
1743.25
1666.52
1712.76
1635.13
1763
1663.95
1587.56
1622.49
1701.08
1793.46
1686.18
1767.9
1761.03
1703.54
1793.51
1605.05
1690.94
1733.39
1775.48
1687.18
1759.28
1481.14
1784.5
1618.26
1663.33
1829.61
1785.5
1657.62
1659.67
1867.7
1792.67
1711.85
1645.09
1647.9
1905.22
1568.22
1590.1
1785.65
1691.41
1784.14
1731.22
1698.85
1774.66
1761.28
1717.18
1702.63
1642.23
1663.75
1664.97
1868.56
1736.25
1813.74
1594.81
1769.53
1754.7
1642.83
1858.41
1594.63
1672.39
1749.95
1773.78
1634.87
1560.77
1734.54
1735.27
1779.97
1784.44
1603.59
1799.5
1778.13
1821.42
1719.36
1662.7
1752.5
1702.18
1779.05
1688.89
1716.28
1800.99
1824.58
1879.95
1498.64
1679.3
1638.83
1710.97
1645.83
1552.7
1643.58
1580.45
1716.24
1772.06
1859.54
1775.5
1724.12
1670.7
1760.96
1737.45
1670.63
1627.97
1700.37
1818.3
1752.76
1758.49
1715.03
1697.28
1836.35
1751.31
1968.3
1906.47
1707.47
1875.85
1654.72
1811.5
1762.04
1801.88
1703.79
1595.07
1787.07
1767.58
1762.96
1675.01
1571.88
1794.05
1767.92
1737.08
1755.13
1587.63
1712.95
1883.56
1886.71
1970.43
1820.21
1852.81
1722.62
1778.28
1780.47
1820.18
1656.87
1752.67
1801.73
1910.33
1694.41
1722.25
1754.57
1745.51
1766.08
1810.16
1764.77
1810.43
1662.02
1756.87
1821.97
1770.21
1761.5
1734.97
1733.28
1673.45
1630.95
1839.66
1753.51
1754.74
1663
1606.14
1620.18
1538.07
1602.81
1724.74
1904.82
1724.23
1630.31
1703.08
1666.07
1598.75
1668.6
1713.74
1975.63
1904.01
1754.97
1628.34
1693.15
1599.01
1772.19
1670.76
1784.23
1767.09
1728.44
1602.39
1648.78
1736.12
1760.76
1705.26
1728.39
1663.07
1593.91
1757.55
1716.91
1709.05
1677.03
1735.23
1835.57
1678.87
1789.7
1660.08
1716.12
1569.64
1704.76
1755.63
1725.74
1709.65
1672.7
1645.65
1565.4
1688.23
1655.08
1731.97
1687.53
1813.28
1690.83
1663.93
1893.53
1750.91
1726.35
1808.21
1773.24
1634.94
1840.34
1619.28
1717.8
1794.62
1845.26
1821.45
1683.28
1834.1
1768.48
1661.12
1888.84
1681.84
1756.69
1665.55
1732.65
1453.9
1785.15
1764.85
1616.5
1590.35
1761.26
1806.06
1605.04
1802.72
1593.5
1751.43
1657.18
1727.37
1717.14
1809.28
1598.17
1754.66
1809.52
1859.96
1662.83
1832.89
1892.16
1904.98
1715.88
1760.15
1664.03
1693.52
1807.15
1819.82
1742.22
1867.64
1711.95
1853.09
1831.55
1760.95
1612.85
1780.16
1782.39
1779.69
1748.63
1605.46
1614.5
1720.72
1675.45
1705.13
1643.55
1674.64
1675.33
1761.15
1822.07
1792.26
1580.16
1748.43
1794.96
1651.41
1758.65
1805.36
1750.98
1882.53
1781.41
1812.1
2024.36
1634.4
1635.73
1653.81
1660.23
1728.11
1629
1741.13
1710.38
1699.21
1771.14
1645.24
1770.29
1590.86
1717.2
1672.61
1680.03
1662.06
1788.68
1755.29
1815.2
1763.73
1758.73
1759.23
1787.8
1738.42
1743.35
1800.2
1759.49
1739.38
1633.18
1826.37
1629.22
1710.53
1768.99
1803.68
1789.02
1777.88
1712.5
1700.97
1713.17
1799.38
1774.62
1721.9
1781.37
1823.74
1691.85
1699.71
1698.55
1674.9
1706.04
1723.25
1685.11
1609.75
1765.18
1671
1643.21
1580.44
1632.92
1701.65
1843.64
1822.67
1683.08
1742.58
1695.23
1786.89
1622.36
1726.54
1846.42
1721.17
1753.53
1687.95
1659.25
1688.52
1775.98
1753.91
1604.36
1787.03
1700.4
1764.37
1793.2
1776.4
1656.74
1845.52
1839.74
1753.06
1800.15
1558.75
1874.37
1769.46
1753.69
1726.24
1698.17
1656.15
1633.59
1788.34
1592.42
1776.85
1674.24
1707.04
1717.52
1776.29
1661.09
1833.62
1696.72
1715.49
1680.56
1728.81
1823.84
1900.11
1738.15
1549.44
1630.7
1628.25
1739.31
1714.4
1787.96
1806.73
1845.31
1782.92
1770.89
1664.41
1570
1687.22
1845.42
1830.99
1600.23
1526.71
1705.99
1597.54
1729.41
1831.22
1668.07
1810.32
1895.02
1712.18
1623.99
1725.96
1716.19
1718.56
1788.85
1770.36
1623.72
1700.14
1794.27
1730.69
1752.69
1682.73
1670.6
1639.89
1598.48
1860.33
1536.71
1808.3
1705.34
1650.18
1840.29
1638.01
1891.93
1589.93
1703.39
1824.48
1647.5
1788.17
1617.53
1630
1809.74
1866.69
1700.63
1822.67
1613.27
1704.04
1705.33
1794.14
1663.4
1698.7
1627.67
1769.79
1681.25
1674.87
1812.55
1773.04
1709.99
1694.05
1838.44
1776.5
1738.69
1842.68
1614.41
1875.41
1763.93
1590.81
1745.68
1606.08
1594.47
1793.15
1643.82
1682.98
1840.57
1910.01
1935.58
1716.64
1615.18
1577.3
1706.51
1678.91
1591.95
1587.45
1890.03
1690.03
1703.89
1873.36
1670.64
1884.21
1667.39
1726.2
1834.91
1716.14
1746.95
1672.84
1835.93
1564.53
1731.63
1607.87
1584.6
1617.13
1765.65
1716.78
1747.8
1742.58
1640.43
1738.12
1795.3
1683.97
1720.77
1884.22
1873.3
1851.16
1582.55
1725.56
1666.95
1768.82
1604.39
1684.33
1765.52
1576.44
1785.63
1778.79
1776.07
1737.62
1598.59
1836.83
1719.16
1638.08
1658.72
1738.01
1668.46
1663.12
1774.58
1849.34
1821.3
1661.46
1745.52
1768.58
1776.3
1628.79
1673.06
1701.87
1698.66
1819.38
1789.08
1679.02
1724.61
1783.2
1631.7
1674.23
1628.91
1678
1791.31
1667.68
1772.45
1719.63
1688.85
1851.85
1711.24
1723.63
1719.62
1896.18
1561.37
1626.72
1785.56
1752.69
1703.57
1646.84
1717.23
1757.96
1768.41
1796.43
1706.39
1680.94
1732.74
1702.9
1758.59
1833.64
1779.56
1723.03
1774.33
1876.73
1748.91
1719.44
1701.13
1601.68
1731.96
1757
1719.39
1546.92
1678.99
1746.55
1814.59
1598.14
1522.92
1721.86
1629.49
1664.34
1726.38
1736.51
1704.06
1663.61
1655.29
1749.14
1507.02
1827.72
1948.11
1968.43
1823.76
1847.18
1752.51
1825.29
1787.98
1635.36
1788.69
1796.12
1685.02
1656.97
1847.14
1396.53
1646.99
1947.69
1800.23
1657.14
1820.99
1707.24
1820.94
1951.08
1823.15
1781.38
1740.86
1713.53
1604.05
1766.1
1575.16
1819.43
1651.23
1689.27
1784.39
1626.8
1690.03
1823.24
1706.2
1737.8
1706.9
1621.84
1615.21
1881.08
1763.42
1952.56
1679.65
1762.85
1760.44
1746.29
1616.75
1585.9
1735.55
1748.49
1716.39
1693.01
1686.92
1685.8
1597.47
1725.87
1852.08
1982.43
1810.64
1821.21
1621.85
1676.06
1796.51
1755.85
1684.08
1811.41
1714.41
1760.1
1652.83
1745.18
1884.63
1785.4
1680.58
1771.13
1749.54
1760.15
1763.7
1701.69
1634.74
1668.44
1701.52
1668.72
1751.32
1721.72
1731.95
1796.4
1769.36
1734.37
1764.12
1831.32
1576.85
1604.04
1632.52
1689.12
1678.68
1756.7
1699.42
1691.2
1689.39
1639.24
1727.42
1590.85
1631.04
1662.25
1673.54
1567.12
1684.98
1829.38
1703.48
1767.73
1758.16
1681.88
1656.68
1749.19
1668.69
1680.83
1780.17
1685.17
1711.23
1742.86
1603.24
1794.26
1699.67
1602.53
1682.6
1639.44
1694.29
1801.15
1654.95
1744.85
1808.6
1711.17
1690.54
1660.44
1780.82
1808.97
1601.16
1959.3
1697.43
1759.85
1548.74
1619.99
1891.95
1931.57
1793.71
1750.49
1654.11
1583.1
1869
1698.74
1725.03
1653.51
1758.06
1705.95
1689.81
1639.64
1627.49
1782.7
1767.13
1807.83
1790.43
1663.07
1808.5
1802.51
1639.37
1693.88
1783.13
1818.24
1731.93
1748.11
1749.04
1649.4
1750.71
1590.49
1723.5
1780.09
1758.71
1714.07
1615.44
1764.24
1792.49
1822.75
1682.47
1630.52
1670.28
1709.08
1603.87
1919.22
1664.17
1759.65
1813.09
1621.98
1519.47
1714.84
1526.6
1673.3
1778.01
1724.34
1707.46
1860.25
1600.99
1666.62
1624.76
1571.8
1609.71
1733.16
1684.69
1812.28
1834.13
1557.7
1806.74
1774.47
1566.29
1777
1786.37
1652.58
1857.07
1581.75
1705.87
1703.31
1811.95
1658.61
1584.9
1731.31
1686.64
1842.1
1752.24
1640.78
1770.51
1593.22
1615.03
1693.52
1911.68
1777.4
1742.78
1590.44
1703.5
1571.98
1869.15
1766
1718.32
1686.37
1771.38
1777.83
1762.82
1707.53
1789.1
1673.97
1673.84
1638.46
1741.19
1710.78
1731.17
1784.52
1745.87
1805.52
1603.63
1667.61
1786.17
1711.03
1579.21
1911.49
1852.29
1552.04
1677.99
1618.88
1578.41
1545.23
1788.48
1697.24
1889.85
1615.57
1778.72
1704.98
1608.89
1787.63
1727.24
1571.59
1744.9
1816
1716.24
1889.05
1735.4
1907.18
1744.63
1606.16
1731.69
1684.17
1669.78
1791.06
1775.71
1759.05
1774.13
1680.11
1710.77
1899.26
1776.37
1760.09
1703.16
1814.68
1655.38
1649.72
1684.12
1738.8
1673.61
1792.12
1661.41
1719.23
1745.55
1611.75
1749.25
1680.04
1736.89
1613.18
1823.29
1766.12
1826.61
1621.86
1742.98
1705.82
1781.93
1529.86
1609.42
1705.03
1735.94
1703.76
1635.83
1768.62
1714.46
1833.63
1827.91
1735.69
1785.55
1818.58
1689.78
1741.36
1586.34
1873.08
1738.47
1744.08
1605.29
1644.99
1533.18
1728.26
1752.69
1740.59
1695.3
1722.9
1590.25
1634.18
1725.85
1682.49
1830.41
1649.74
1868.96
1704.62
1741.71
1633.93
1651.16
1875.74
1690.25
1698.62
1842.75
1731.84
1672.38
1840.23
1741.87
1717.93
1648.58
1653.96
1689.96
1617.72
1753.2
1659.74
1808.07
1738.24
1700.88
1645.58
1745.99
1725.22
1706.64
1751.12
1664.48
1735.7
1782.17
1676.83
1863.21
1604.24
1566.57
1754.05
1673.02
1700.34
1672.76
1803.36
1674.79
1631.22
1719.13
1744.96
1746.14
1688.06
1695.79
1719.17
1755.49
1495.42
1625.88
1579.85
1633.64
1726.73
1743.29
1721.16
1762.64
1597.19
1590.74
1528.28
1751.76
1727.56
1690.74
1885.83
1652.11
1793.95
1728.28
1636.26
1739.94
1741.9
1699.82
1721.39
1645.52
1914.5
1693.34
1653.2
1740.62
1630.99
1604.83
1758.32
1729.25
1804.49
1772.71
1819.16
1754.28
1640.71
1719.13
1780.51
1681.26
1716.57
1894.25
1545.4
1891.32
1652.35
1771.03
1812.14
1871.22
1751.15
1650.81
1702
1828.52
1599.14
1828.15
1704.3
1763.59
1751.34
1798.94
1688.89
1847.35
1726.12
1725.84
1637.63
1631.04
1730.7
1763.54
1737.08
1510.53
1637.78
1826.54
1785.48
1701.22
1810.72
1778.19
1647.1
1767.37
1733.89
1673.99
1710
1577.1
1623.62
1765.26
1682.54
1786.13
1687.27
1765.33
1687.5
1712.98
1700.87
1663.96
1780.48
1790.43
1595.76
1791.81
1745.42
1668.57
1697.83
1551.68
1881.88
1627.79
1830.96
1668.79
1702.85
1892.35
1801.04
1706.35
1770.14
1741.25
1865.5
1665.76
1874.9
1785.38
1708.21
1749.83
1710.66
1688.1
1884.5
1751.3
1758.13
1683.76
1763.77
1825.14
1593.37
1641.43
1647.82
1776.3
1760.33
1740.97
1659.45
1688.24
1776.03
1864.09
1724.55
1694.49
1817.12
1881.12
1801.88
1695.75
1683.13
1715.65
1670.11
1757.96
1823.09
1620.41
1670.25
1805.92
1798
1763.35
1596.24
1681.94
1737.57
1722.87
1757.98
1769.36
1714.49
1798.92
1736.1
1601.22
1691.54
1654.68
1740.95
1613.14
1698.4
1569.25
1795.79
1535.87
1796.69
1752.02
1800.27
1630.83
1788.7
1638.43
1673.83
1702
1689.92
1817.28
1744.68
1776.66
1825.53
1757.88
1721.83
1719.49
1698.2
1773.36
1700.11
1814.56
1722.9
1609.59
1658.52
1854.5
1617.1
1901.12
1741.74
1733.2
1710.14
1736.59
1593.3
1634.77
1728.46
1875.66
1758.96
1651.75
1622.02
1650.91
1624.82
1787.9
1597.16
1739.42
1578.91
1702.82
1636.86
1664.23
1745.33
1672.17
1771.81
1740.31
1687.11
1871.66
1603.69
1755.1
1718.38
1824.07
1674.25
1672.46
1635.69
1642.74
1846.74
1643.65
1787.12
1811.69
1746.31
1726.83
1728.46
1698.92
1666.76
1793.89
1763.44
1641.2
1741.14
1750.03
1696.77
1779.65
1648.83
1736.91
1597.2
1921.77
1667.18
1778.38
1588.46
1723.2
1612.9
1795.22
1865.65
1817.9
1755.92
1656.76
1676.16
1745.58
1583.75
1651.28
1528.5
1662.86
1778.26
1686.21
1762.82
1604.89
1679.34
1762.16
1690.41
1759.13
1750.46
1846.84
1760.03
1665.19
1793.97
1826.32
1673.93
1808.02
1927.85
1688.85
1657.05
1620.52
1655.25
1609.68
1738.71
1688.98
1857
1688.4
1998.43
1691.94
1867.07
1580.96
1828.41
1654
1814.68
1641.59
1613.19
1663.84
1918.25
1626.01
1815.33
1640.77
1690.54
1751.49
1673.68
1750.44
1721.58
1616.86
1731.79
1815.4
1720.12
1775.56
1772.53
1621.6
1649.3
1829.81
1689.12
1670.7
1805.43
1726.16
1648.76
1760.83
1680.72
1866.91
1768.71
1890.26
1710.26
1620.35
1576.16
2018.56
1905.95
1829.49
1635.78
1733.85
1805.31
1625.33
1637.06
1882.48
1899.58
1650.49
1919.92
1707.03
1811.51
1735.11
1718.07
1691.81
1740.16
1665.68
1748.37
1807.55
1751.26
1656.3
1827.43
1800.4
1790.66
1638.9
1616.38
1690.63
1688.21
1656.9
1630.9
1646.11
1677.67
1746.14
1796.55
1830.23
1791.51
1773.08
1645.65
1727.85
1767.87
1681.8
1782.19
1701.03
1712.32
1680.53
1702.91
1874.32
1789.89
1704.45
1702.32
1727.15
1699.37
1729
1673.12
1641.56
1810.09
1784.89
1715.23
1556.61
1840.59
1670.6
1769.23
1733.33
1661.79
1790.55
1669.84
1620.57
1751.91
1730.49
1746.62
1778.75
1662.72
1632.93
1784.55
1784.93
1894.36
1747.38
1566.63
1584.21
1786.72
1650.16
1611.97
1780.33
1899.98
1813.75
1604.86
1765.43
1560.84
1660.66
1693.66
1805.76
1721.99
1838.76
1813.73
1687.55
1605.81
1750.45
1817.88
1644.09
1805.33
1602.83
1680.56
1653.5
1703.51
1825.37
1781.7
1874.98
1679.97
1791
1742.95
1895.7
1650.59
1663.98
1768.8
1837.57
1820.18
1604.48
1708.18
1736.5
1553.98
1826.85
1675.47
1725.15
1853.68
1736.32
1721.27
1748.49
1751.4
1855.7
1671.08
1699.81
1783.55
1655.45
1748.94
1583.18
1640.56
1784.84
1620.03
1629.38
1586.3
1619.46
1695.29
1793.65
1844.05
1728.31
1809.26
1687.32
1697.66
1884.89
1699.52
1738.36
1633.42
1601.51
1713.31
1654.36
1767.69
1746.37
1764.03
1677.87
1605.66
1640.7
1654.05
1718.81
1695.58
1909.38
1676.66
1863.82
1936.36
1668.39
1875.7
1670.33
1937.72
1711.47
1692.11
1811.03
1686.52
1667.75
1712.92
1700.48
1713.52
1743.72
1525.17
1710.97
1793.4
1800.58
1584.22
1544.94
1605.76
1672.3
1607.33
1853.12
1724.23
1713.59
1805.74
1803.44
1671.04
1698.91
1633.72
1763.13
1706.78
1462.13
1852.11
1753.54
1708.61
1689.53
1605.84
1733.47
1604.69
1803.14
1835.12
1792.14
1769.99
1690.64
1724.38
1737.12
1809.79
1572.66
1653.58
1903.61
1623.35
1749.9
1700.01
1685.43
1661.5
1759.61
1849.47
1623.9
1620.45
1625.57
1477.58
1727.79
1547.2
1747.48
1752.68
1897.2
1611.16
1620.09
1677.48
1709.57
1774.91
1702.82
1777.49
1750.31
1659.14
1622.04
1707.42
1577.45
1899.31
1597.89
1726.59
1758.5
1657.13
1720.78
1792.06
1726.27
1670.03
1802.41
1598.18
1627.45
1644.41
1679.23
1673.61
1655.47
1721.44
1858.59
1907.17
1613.37
1597.55
1863.19
1694.05
1770.45
1712.6
1685.46
1664.32
1781.24
1629.85
1696.86
1697.46
1598.1
1746.48
1674.79
1830.21
1795
1802.94
1722.71
1695.81
1772.19
1782.71
1677.05
1719.12
1719.83
1723.24
1689.16
1719.67
1933.14
1942.41
1679.92
1722.18
1800.81
1635.9
1953.02
1754.88
1613.15
1816.26
1755.81
1719.34
1769.65
1852.32
1747.96
1679.37
1684.99
1554.36
1786.48
1736.69
1659.36
1683.44
1760.02
1628.87
1631.76
1637.65
1770.54
1839.43
1682.07
1754.78
1778.49
1687.7
1778.18
1626.95
1615.15
1697.47
1700.39
1721.57
1560.85
1722.44
1804.69
1812.07
1585.72
1660.95
1660.54
1559.64
1796.81
1708.31
1669.42
1706.33
1626.37
1777.99
1811.97
1750.58
1667.34
1711.05
1833.87
1790.55
1782.67
1649.95
1661.09
1677.1
1583.71
1572.49
1746.26
1737.14
1849.53
1584.78
1904.8
1676.71
1700.16
1664.14
1637.2
1747.24
1656
1816.23
1715.46
1676.14
1770.86
1750.95
1737.26
1713.99
1729.33
1718.69
1724.62
1754.07
1668.81
1714.01
1770.61
1710.47
1797.54
1598.99
1669.74
1556.77
1778.02
1755.52
1731.01
1765.57
1626.25
1797.23
1715.43
1700.18
1736
1691.96
1683.18
1543.22
1659.04
1780.65
1639.78
1699.26
1636.13
1759.1
1805.37
1646.47
1806.29
1642.68
1611.28
1636.39
1852.76
1894.46
1857.91
1733.26
1761.02
1822.9
1732.98
1815.73
1799.82
1698.37
1849.98
1805.2
1815.06
1779.08
1698.54
1712.37
1639.08
1641.14
1698.43
1591.85
1642.38
1627.41
1870.26
1673.05
1613.89
1576.53
1731.94
1632.25
1604.18
1815.34
1574.93
1551.27
1605.65
1698.79
1800.95
1723.49
1880.36
1655.01
1674.71
1765.22
1895.45
1828.5
1637.56
1758.33
1716.82
1756.12
1636.73
1727.22
1625.17
1689.82
1733.66
1712.68
1595.42
1762.72
1661.53
1619.82
1786.13
1843.79
1605.11
1808.03
1646.05
1697.19
1680.33
1548.15
1771.03
1694.18
1731.45
1858.26
1527.17
1688.59
1799.31
1647.42
1864.49
1626.26
1817.75
1791.57
1657.27
1697.93
1700.74
1792.42
1716.73
1647.54
1526.26
1656.58
1731.7
1675.42
1690.79
1775.25
1751.28
1852.97
1613.49
1821.76
1790.51
1668.13
1606.38
1712.06
1858.06
1704
1766.05
1612.14
1856.43
1876.62
1702.59
1853.08
1677.79
1819.03
1590.3
1852.86
1721.27
1941.16
1765.17
1863.53
1831.32
1797.57
1755.05
1685.55
1705.99
1622.98
1879.72
1506.42
1795.5
1715.45
1675.19
1778.31
1601.82
1726.08
1588.22
1554.97
1685.85
1598.4
1679.8
1647.76
1848.4
1547.23
1677.71
1844.33
1779.67
1696.82
1656.55
1680.19
1784.77
1738.93
1728.75
1706.34
1741.72
1784.81
1746.56
1771.02
1680.36
1849.47
1695.29
1700.92
1746.71
1672.92
1810.51
1697.36
1754.44
1691.14
1792.64
1812.91
1832.33
1804.01
1686.17
1670.25
1709.58
1711.53
1742.11
1765.86
1771.2
1641.69
1653.32
1708.93
1900.17
1690.78
1850.72
1734.67
1705.2
1524.52
1742.16
1565.02
1597.44
1784.04
1751.67
1730.39
1657.13
1691.92
1635.84
1655.87
1834.3
1672.43
1849.43
1639.81
1579.51
1821.49
1805.93
1584.48
1786.12
1888.98
1748.28
1755.2
1682.98
1694.65
1689.2
1576.38
1766.21
1562.83
1644.03
1632.14
1742.38
1588.71
1661.55
1652.96
1916.62
1697.95
1711.65
1671.09
1599.15
1697.06
1810.13
1752.76
1741.05
1605.49
1776.1
1689.04
1797.22
1696.67
1771.38
1725.08
1744.04
1766.99
1641.98
1655.37
1868.17
1671.43
1704.67
1583.17
1711.55
1640.88
1629.22
1597.97
1529.49
1748.46
1736.88
1713.21
1665.85
1699.56
1573.05
1600.45
1778.93
1663.93
1768.08
1784.18
1692.04
1527.75
1662.59
1793.94
1722.39
1652.46
1695.63
1702.88
1716.85
1682.46
1691.61
1815.93
1614.81
1734.1
1716.05
1658.95
1724.35
1705.37
1699.1
1722.99
1814.65
1647.21
1678.22
1821.87
1679.41
1805.64
1695.71
1746.22
1562.8
1770.08
1773.42
1732.18
1719.37
1843.88
1815.87
1836.02
1938.06
1690.95
1735.98
1815.02
1855.89
1704.58
1724.4
1742.81
1753.13
1699.46
1656.63
1767.37
1810.57
1662.87
1688.86
1870.22
1747.82
1609.9
1793.32
1627.18
1711.67
1704.85
1952.11
1733.63
1713.63
1770.74
1859.05
1731.01
1856.3
1714.94
1800.61
1683.32
1650.73
1736.22
1631.57
1573.76
1781.33
1668.37
1784.77
1809.55
1861.44
1609.94
1754.59
1850.21
1630.49
1867.46
1660.4
1696.44
1612.82
1769.24
1558.25
1587.35
1731.5
1863.64
1617.51
1775.29
1685.87
1759.35
2001.16
1696.51
1742.21
1727.16
1813.59
1647.8
1768.97
1718.49
1629.53
1755.82
1715.09
1597.88
1733.01
1711.33
1741.07
1741.25
1782.26
1807.34
1653.88
1826.79
1809.05
1657.21
1739.24
1873.23
1829.24
1771.92
1721.54
1621.93
1688.18
1639.11
1614.59
1691.83
1779.22
1770.47
1870.23
1745.36
1879.32
1728.93
1584.07
1881.43
1736.41
1538.23
1806.07
1684.82
1647.88
1656.56
1718.46
1694.92
1719.73
1682.46
1655.66
1792.27
1693.11
1631.25
1734.72
1709.26
1734.28
1613.85
1734.47
1703.46
1701.91
1629.09
1639.99
1799.21
1598.48
1789.29
1596.95
1696.17
1769.61
1939
1853.84
1675.36
1707.92
1839.91
1724.79
1695.87
1640.92
1687.09
1818.26
1747.24
1594.9
1662.75
1721.85
1775.43
1603.75
1750.16
1807.04
1634.59
1724.08
1737.85
1751.82
1859.02
1833.38
1650.96
1723.82
1639.53
1723.54
1627.25
1654.52
1691.94
1711.76
1930.41
1774.98
1830.47
1839.64
1728.7
1744.21
1872.36
1635.29
1718.67
1698.62
1822.12
1611.33
1704.97
1720.33
1572.5
1618.45
1575.26
1761.13
1769.01
1625.65
1572.92
1796.64
1573.44
1584.47
1672.43
1805.69
1747.69
1627.17
1748.28
1615.53
1635.01
1775.5
1654.53
1795.17
1774.65
1648.99
1793.84
1582.42
1709.47
1698.44
1716.62
1717.55
1678.36
1711.17
1893.23
1714.97
1802.66
1922.18
1760.8
1836.86
1656.71
1841.37
1721.53
1668.19
1745.02
1570.99
1734.48
1832.01
1552.5
1736.43
1763.63
1794.67
1814.4
1701.76
1686.7
1771.39
1652.29
1704.22
1779.82
1706.97
1728.21
1707.12
1709.03
1750.64
1747.32
1657.61
1932.76
1594.12
1777.24
1691.32
1670.15
1620.72
1799.75
1571.95
1789.15
1699.65
1736.82
1663.06
1696.91
1720.13
1782.22
1768.45
1826.51
1629.04
1651.72
1763.32
1927.87
1640.74
1758.1
1648.01
1717.24
1671.18
1788.58
1802.02
1722.5
1640.69
1786.45
1595.26
1734.75
1660.62
1649.95
1659.67
1721.42
1698.2
1759.36
1859.09
1662.97
1540.81
1712.16
1640.72
1838.03
1669.9
1658.08
1649.39
1602.75
1779.72
1677.73
1844.69
1706.2
1808.53
1843.86
1824.78
1741.26
1678.5
1580
1710.17
1721.97
1846.03
1755.47
1719.72
1501
1642.5
1831.88
1587.27
1740.98
1795.92
1684.85
1654.83
1637.24
1703.31
1769.54
1877.16
1876.91
1735.53
1924.7
1668.6
1663.77
1663.73
1881.91
1724.54
1776.27
1738.01
1742.46
1724.26
1652.08
1722.67
1672.16
1730.47
1720.8
1884.42
1805.75
1674.77
1815.05
1715.84
1695.19
1649.08
1859.54
1670.89
1862.34
1642.41
1635.02
1724.16
1691.42
1941.21
1797.73
1749.61
1779.74
1614.99
1776.61
1740.18
1755.55
1754.95
1752.9
1659.24
1841.81
1846.58
1704.19
1785.66
1710.61
1762.88
1769.66
1696.15
1580.38
1715.76
1669.67
1928.4
1675.84
1796.36
1598.3
1803.02
1718.54
1769.47
1737.4
1614.59
1667.79
1735.82
1662.69
1879.13
1808.81
1825.72
1833.3
1719.11
1654.2
1797.78
1673.98
1707.67
1831.74
1642.56
1763.28
1526
1846.27
1666.53
1847.22
1641.91
1746.49
1601.06
1726.16
1790.53
1534.63
1692.61
1692.86
1816.7
1811.31
1789.21
1609.82
1726.43
1892.78
1763.87
1648.95
1478.45
1817.43
1589.17
1759.82
1661.24
1664.28
1863.25
1687.29
1725.05
1744.84
1663.26
1698.43
1823.19
1790.77
1694.5
1569.84
1864.19
1676.23
1831.39
1723.49
1741.86
1737.86
1635.35
1752.42
1749.66
1745.32
1565.33
1709.58
1665.36
1726.99
1713.44
1704.22
1826.19
1503.7
1895.18
1615.84
1616.16
1724.51
1704.17
1828.13
1806.08
1653.81
1719.75
1572.91
1676.02
1704.15
1785.21
1604.45
1620.71
1772.85
1571
1760.62
1883.29
1828.37
1688.85
1742.02
1686.64
1730.54
1568.48
1674.91
1646.68
1667.45
1808.12
1589.18
1731.64
1837.29
1794.92
1770.04
1774.28
1876.18
1833.26
1782
1773.15
1732.45
1634.17
1628.59
1808.54
1718.64
1742.09
1652.01
1903.43
1730.27
1560.78
1688.57
1600.79
1832.11
1710.03
1851.16
1804.67
1761.64
1700.61
1817.97
1770.33
1740.08
1845.24
1821.28
1745.47
1649.43
1697.3
1821.04
1650.89
1793.84
1659.79
1802.77
1615.56
1706.23
1564.67
1604.65
1693.93
1739.11
1769.7
1821.28
1656.43
1783.06
1768.76
1614.47
1612.04
1718.02
1681.72
1621.82
1486.78
1676.3
1758.17
1749.16
1673.89
1647.74
1672.06
1635.65
1616.8
1714.7
1805.37
1574.53
1668.92
1695.95
1715.21
1779.58
1689.89
1757.76
1793.45
1810.7
1705.88
1691.66
1739.62
1677.05
1640.95
1784.69
1788.48
1669.45
1667.55
1698.8
1717.78
1772.12
1598.21
1615.99
1917.57
1661.97
1842.44
1859.07
1742.11
1869.67
1689.57
1682.22
1815.09
1794.48
1694.3
1714.19
1770.82
1634.58
1811.7
1704.14
1608.09
1796.52
1682.18
1836.83
1735.19
1608.64
1768.84
1650.3
1615.76
1632.66
1898.48
1818.63
1732.2
1790.32
1638.05
1622.18
1698.33
1814.03
1701.78
1848.23
1658.87
1829.85
1773.95
1793.5
1639.92
1753.6
1595.23
1727.18
1837.94
1819.51
1674.85
1673.87
1666.44
1770.5
1840.31
1869.33
1789.75
1703.96
1725.37
1699.64
1710.15
1540.13
1683.31
1682.92
1729.19
1715.37
1801.63
1682.21
1904.6
1683.96
1489.56
1685.28
1714.89
1606.07
1849.91
1750.73
1763.05
1818.04
1785.85
1788.16
1540.16
1748.79
1811.54
1584.52
1693.91
1734.73
1897.21
1690.13
1818.82
1643.66
1624.01
1608.21
1698.52
1882.66
1710.65
1735.8
1688.82
1599.78
1591.92
1776.49
1755.8
1799.2
1784.36
1757
1687.18
1699.9
1743.81
1732.75
1753.68
1718.35
1661.54
1781.37
1808.05
1705.85
1694.39
1752.6
1785.29
1622.41
1759.49
1690.66
1671.73
1762.95
1657.46
1730.22
1735.62
1687.67
1875.2
1760.84
1587.52
1694.04
1586.51
1756.8
1624.02
1570.66
1739.21
1741.44
1656.41
1838.46
1776.38
1731.37
1695.93
1716.94
1959.47
1724.26
1818.7
1718.76
1715.38
1705.45
1825.24
1734.83
1720.63
1795.61
1522.78
1681.05
1723.08
1553.68
1736.35
1629.06
1623.4
1737.19
1659
1546.96
1633.04
1747.52
1791.08
1836.28
1765.74
1652.91
1475.37
1671.73
1725.03
1762.03
1755.96
1809.64
1705.7
1668.95
1598.24
1697.42
1631.44
1780.08
1820.93
1784.92
1645.64
1771.66
1779.92
1864.33
1851.1
1828.3
1835.27
1614.47
1635.49
1724.94
1660.16
1600.23
1857.48
1716.6
1674.54
1613.55
1738.59
1754.95
1877.04
1704.51
1667.78
1683.42
1600.43
1796.91
1866.25
1648.88
1812.36
1810.99
1773.92
1749.32
1541.34
1593.72
1683.93
1778.02
1620.52
1641.34
1562.52
1790.38
1580.38
1736.15
1700.99
1729.29
1778.84
1780.97
1806.37
1645.22
1762.66
1687.35
1535.27
1674.35
1768.35
1763.69
1524.17
1662.35
1660.24
1691.3
1852.33
1833.31
1959.98
1658.18
1643.64
1751.61
1659.02
1552.58
1754.52
1792.03
1888.24
1812.66
1751.98
1695.88
1812.81
1706.84
1746.56
1683.7
1686.9
1787.93
1761.75
1730.08
1668.94
1641.08
1685.34
1658.65
1766.48
1703.54
1717.28
1677.46
1736.56
1889.95
1891.9
1719.92
1669.12
1648.09
1890.03
1658.08
1814.42
1698.59
1755.94
1702.79
1762.42
1869.51
1714.3
1598.8
1789.06
1864.65
1658.21
1757.13
1764.72
1638.74
1439.96
1594.16
1677.95
1624.22
1712.52
1592.08
1555.04
1864.94
1772.78
1626.24
1656.34
1775.7
1678.08
1684.59
1738.23
1661.5
1754.75
1636.41
1783.56
1822.86
1742.17
1620.14
1711.12
1741
1686.31
1717.14
1792.46
1742.58
1650.76
1596.58
1751.97
1778.04
1638.18
1658.49
1630.59
1513.76
1839.3
1682.55
1624.9
1587.13
1690.89
1813.5
1684.17
1753.79
1711.85
1740.47
1642.22
1577.71
1761.78
1658.72
1791.47
1836.75
1685.95
1752.62
1646.96
1698.21
1763.94
1642.3
1657.01
1743.14
1764.81
1722.59
1877.1
1559.1
1777.58
1503.73
1767.77
1677.72
1802.6
1643.74
1693.26
1572.75
1878.85
1704.45
1738.36
1717.45
1698.79
1637.04
1747.71
1738.76
1798.55
1738.21
1761.73
1685.43
1766.67
1694.6
1640.56
1621.57
1728.62
1729.71
1687.27
1746.02
1765.49
1723.69
1727.39
1665.59
1726.78
1672.73
1763.06
1717.41
1610.81
1822.69
1655.03
1718.89
1692.64
1775.71
1707.41
1546.39
1662.73
1636.01
1691.81
1643.34
1773.26
1695.54
1684.3
1663.11
1575.42
1818.45
1547.08
1614.85
1652.62
1848.41
1536.85
1657.47
1863.46
1705.71
1892.6
1886.11
1898.46
1732.11
1725.09
1685.54
1684.09
1713.84
1784.25
1609.72
1755.7
1723.35
1662.46
1594.92
1724.94
1774.96
1750.39
1703.99
1803.76
1691.59
1808.1
1722.77
1659.11
1618.86
1744.67
1740.05
1757.22
1662.08
1727.99
1800.46
1642.86
1813.31
1591.43
1782.66
1638.01
1644.93
1672.98
1772.39
1763.19
1635.3
1670.46
1713.58
1866.8
1669
1817.83
1751.27
1775.05
1775.16
1735.18
1833.74
1830.68
1759.18
1730.06
1791.97
1714.77
1588.57
1717.23
1688.74
1610.87
1759.69
1676.72
1634.41
1668.27
1717.14
1562.18
1779.94
1661.02
1767.01
1640.17
1596.7
1618.74
1796.5
1555.86
1576.54
1706.23
1623.4
1836.79
1843.25
1748.99
1640.57
1677.39
1774.36
1747.19
1788.03
1768.18
1769.41
1551.2
1656.58
1817.96
1684.37
1776.81
1751.92
1702.61
1744.57
1645.48
1745.93
1796
1832.64
1576.65
1723.87
1791.08
1653.59
1737.47
1730.71
1758.39
1537.17
1663.82
1705.54
1773.53
1618.12
1708.1
1820.53
1650.88
1639.7
1754.64
1769.68
1716.15
1682.4
1866.12
1878.41
1635.31
1641.88
1644.49
1682.78
1907.96
1791.7
1872.37
1768.03
1799.22
1734.02
1735.04
1659.41
1698.94
1773.79
1637.12
1475.78
1782.18
1723.75
1730.86
1693.6
1734.06
1685.55
1806.35
1669
1824.83
1673.92
1672.14
1798.72
1714.98
1673.82
1691.98
1730.72
1719.73
1773.93
1651.84
1638.18
1769.1
1594.24
1670.7
1628.56
1659.75
1778.33
1584.75
1646.27
1899.24
1690.15
1662.52
1666.75
1856.61
1789.62
1628.05
1789.01
1714.42
1653.87
1828.3
1930.94
1754.4
1855.02
1628.5
1643.3
1840.78
1655.08
1749.48
1641
1758.89
1721.83
1602.18
1729.26
1718.95
1737.42
1826.6
1604.67
1757.3
1733.45
1768.64
1734.96
1757.66
1761.03
1713.35
1934.21
1901.89
1847.57
1792.04
1727.87
1719.33
1640.19
1837.2
1755.63
1700.84
1853.31
1650.64
1940.96
1852.38
1648.88
1789.04
1622.04
1789.62
1766.12
1714.18
1918.52
1726.95
1660.51
1630.85
1706
1707.38
1691.16
1866.52
1669.35
1871.58
1681.3
1677.24
1711.16
1713.98
1757.36
1730.63
1777.85
1633.36
1769.3
1465.27
1770.99
1612.43
1794.98
1603.93
1569.55
1810.91
1748.23
1611.37
1721.42
1708.83
1704.12
1740.04
1771.64
1749.59
1706.77
1671.3
1840.8
1778.23
1695.57
1644.63
1887.41
1647.52
1749.37
1694.96
1670.8
1658.68
1843.59
1648.25
1610.13
1815.55
1752.73
1620.25
1659.12
1729.87
1717.95
1491.31
1650
1723.22
1758.99
1890.61
1701.02
1591.54
1588.12
1678.3
1641.22
1820.81
1665.17
1783.49
1662.51
1658.61
1687.46
1634.04
1602.3
1702.45
1636.34
1792.6
1678.91
1668.21
1540.93
1605.6
1749.36
1938.09
1610.99
1770.7
1732.94
1855.56
1820.5
1796.56
1698.45
1842.03
1642.86
1808.78
1779.35
1869.64
1709.61
1870.32
1693.8
1702.24
1640.89
1660.97
1672.37
1951.44
1813.88
1669.34
1724.98
1758.02
1676.05
1601.97
1961.11
1759.56
1704.85
1753.76
1619.7
1781.14
1592.63
1589.02
1781.12
1704.18
1621.42
1773.43
1718.83
1520.84
1598.74
1702.76
1737.55
1879.35
1679.65
1748.6
1516.98
1920.16
1685.34
1542.69
1724.21
1550.93
1790.8
1808.77
1527.58
1860.12
1657.29
1741.28
1683.17
1738.63
1846
1808.71
1672.52
1723.33
1895.9
1584.65
1800.07
1630.6
1766.77
1784.94
1629.21
1797.56
1788.45
1836.93
1632.23
1746.03
1677.9
1705.08
1917.76
1580.46
1702.73
1749.66
1644.7
1776.26
1616.89
1808.51
1688.63
1572.15
1662.13
1815.45
1716.31
1561.03
1731.01
1837.18
1668.08
1561.94
1846.32
1705.49
1715.36
1815.8
1856.62
1540.17
1591.55
1767.63
1705.28
1709.41
1665.05
1779.34
1705.87
1664.34
1784.32
1538.84
1626.01
1638.06
1644.43
1613.76
1635.56
1622.76
1746.94
1664.56
1783.42
1706.93
1732.88
1659.51
1759.36
1752.37
1679.93
1670.92
1759.67
1622.03
1812.89
1810.72
1828.65
1795.58
1510.3
1637.95
1751.87
1650.26
1638.46
1807.92
1534.31
1841.64
1815.52
1743.73
1595.31
1685.21
1666.21
1638.45
1698.74
1621.3
1654.31
1711.55
1827.25
1795.81
1603.23
1689.45
1814.46
1747.78
1805.17
1692.9
1728.93
1706.99
1805.75
1543.86
1732.89
1623.71
1680.6
1731.56
1707.39
1815.31
1910.04
1531.81
1705.71
1569.97
1845.78
1788.01
1874.18
1653.7
