115.443
150.69
137.87
101.869
117.137
124.574
163.978
169.194
134.311
146.388
86.7909
128.19
117.399
110.476
131.126
102.741
167.953
110.398
146.437
130.491
127.439
107.497
111.059
124.172
107.787
186.374
123.283
174.904
103.862
128.196
136.976
150.748
124.517
157.652
151.275
156.27
100.971
137.416
107.079
136.491
139.712
133.229
175.704
155.985
120.945
130.883
138.817
142.634
130.469
109.639
108.105
147.729
134.336
129.075
123.02
141.97
94.6608
135.475
135.456
135.524
142.551
119.9
145.219
132.428
160.157
108.377
160.056
134.985
127.328
126.035
129.026
105.068
125.935
147.271
103.733
118.279
118.452
145.868
128.315
113.737
135.176
144.136
132.622
144.42
146.764
150.686
118.02
124.249
154.007
152.688
129.453
123.877
129.895
137.903
96.5909
131.322
165.12
110.04
136.547
136.363
175.913
150.212
177.382
152.075
119.127
121.266
113.66
153.094
135.476
123.514
124.055
115.767
157.2
122.428
125.199
111.425
152.48
139.053
116.445
147.548
116.172
111.777
124.226
122.083
104.404
167.541
150.207
131.803
147.017
112.836
132.057
116.097
156.728
135.963
119.071
124.49
150.201
147.146
124.442
139.404
140.198
150.044
154.517
143.439
129.164
138.278
119.936
121.383
140.852
120.129
89.8192
135.149
110.91
139.084
103.118
158.582
132.898
129.802
127.262
126.175
156.707
128.08
107.653
159.143
130.498
121.915
148.18
135.134
104.968
165.248
123.187
113.92
115.609
136.571
124.715
108.382
159.811
187.965
152.467
120.361
159.806
136.423
115.705
112.445
159.929
187.42
141.105
127.446
123.202
110.869
129.923
123.552
118.623
127.308
172.701
124.326
122.529
159.766
154.707
98.5029
112.478
128.329
141.318
129.076
157.009
162.465
154.867
169.46
131.658
143.269
174.352
95.3882
172.986
126.832
112.056
154.547
97.3403
112.982
136.638
146.584
133.874
146.857
129.826
131.119
116.939
116.651
144.639
109.626
140.157
124.05
127.785
151.357
114.701
124.277
132.437
136.603
154.822
133.347
145.579
118.305
128.117
122.738
121.57
129.818
159.571
129.599
114.38
116.662
110.226
120.962
181.479
107.415
151.246
139.376
89.495
131.269
121.628
124.822
132.378
91.9426
120.16
136.511
127.13
121.61
135.983
139.23
111.534
117.897
119.876
95.9604
138.368
148.668
167.281
154.639
136.052
161.172
122.951
136.372
151.172
119.968
130.941
145.673
142.763
135.374
155.331
161.568
119.169
126.549
153.042
123.531
116.949
163.018
152.819
121.967
140.831
120.405
113.619
156.94
137.717
110.758
132.981
148.905
130.385
136.317
106.495
135.396
157.01
122.51
173.971
145.393
131.636
114.73
152.157
124.138
108.672
121.333
144.312
133.747
148.145
142.177
150.636
133.883
150.63
155.71
125.996
128.512
151.268
124.729
115.514
136.03
142.475
140.293
146.413
183.657
130.753
192.974
132.704
153.4
104.471
105.814
139.001
125.546
138.214
129.126
131.875
133.213
150.488
133.924
151.475
125.275
162.573
157.023
136.56
131.698
110.727
152.204
166.531
130.074
111.831
108.82
129.19
114.525
151.255
134.207
177.046
131.843
124.452
134.866
157.23
128.836
116.186
110.394
122.633
128.847
133.94
123.82
103.995
134.943
132.665
89.5588
103.633
115.775
131.979
176.25
98.4285
125.15
153.693
115.491
130.803
123.683
108.884
132.45
145.81
128.867
123.495
100.423
75.6529
146.516
128.937
135.306
142.234
139.147
134.298
106.38
156.283
130.676
137.387
124.72
118.546
125.448
105.178
119.737
149.777
138.507
135.208
96.5703
142.266
129.951
130.264
145.517
131.494
166.534
130.877
157.771
144.743
153.163
131.647
174.532
99.2994
140.16
143.465
162.028
123.272
151.256
113.794
137.124
144.018
121.474
141.598
129.031
155.515
115.346
154.577
159.131
130.152
123.837
132.707
104.844
140.683
136.097
119.339
127.065
135.88
129.884
143.66
117.228
155.293
140.766
131.94
156.514
134.162
134.81
116.436
149.042
95.9897
125.307
138.052
99.5722
126.774
171.102
152.566
102.191
121.529
137.46
107.238
121.801
94.6796
110.593
128.252
130.919
139.437
133.792
191.96
122.289
116.406
118.124
123.413
162.135
137.954
121.111
167.514
156.73
163.483
142.11
181.486
119.453
152.006
139.482
131.893
123.53
150.443
152.267
151.656
123.39
124.484
110.891
127.409
130.65
109.192
167.335
153.086
117.528
142.316
146.241
159.623
132.826
116.719
143.138
140.244
103.693
131.446
124.585
150.677
120.467
141.382
134.178
130.891
157.605
105.909
126.972
135.349
121.702
185.071
100.906
129.243
136.719
158.521
153.366
160.331
116.264
156.75
136.956
89.2583
133.371
115.491
144.146
118.833
149.248
105.007
139.48
163.233
181.399
127.148
128.508
177.624
152.127
120.464
116.598
134.851
123.222
150.911
109.669
141.11
110.253
105.139
180.477
155.18
116.603
101.912
127.916
155.023
126.591
164.996
119.125
146.524
122.646
138.016
119.513
107.2
142.99
111.986
159.399
93.9612
161.9
124.461
136.909
119.83
115.751
105.998
91.5258
129.598
120.963
144.588
109.728
128.423
123.692
128.919
148.496
153.558
170.626
106.387
107.508
152.907
160.245
164.259
143.109
166.743
128.34
149.952
138.947
114.736
111.979
150.617
137.332
145.263
161.775
124.761
101.545
121.125
131.366
98.7724
122.138
113.424
157.333
143.813
124.17
143.448
137.596
102.248
142.96
123.449
146.687
114.661
154.849
135.333
147.783
151.647
129.372
83.4501
127.094
137.789
129.988
132.507
133.067
122.196
138.96
135.364
157.205
112.72
130.832
153.219
124.406
141.586
122.69
129.648
132.892
167.202
93.9543
132.667
143.882
127.105
159.191
110.977
150.703
118.784
134.271
93.672
118.609
139.418
125.633
135.178
137.697
114.506
125.102
127.848
129.395
178.036
136.601
153.746
134.265
120.265
149.342
180.875
141.651
117.077
118.498
177.092
148.376
140.286
125.073
147.209
144.113
131.175
123.069
123.176
126.09
114.694
132.061
147.911
124.63
152.571
142.96
137.14
129.271
151.738
140.448
124.693
105.111
114.205
129.65
117.871
125.407
146.874
125.357
129.299
107.129
104.472
121.815
130.659
125.794
145.314
118.779
123.602
136.704
169.789
132.277
129.178
137.613
131.133
146.73
148.816
146.344
124.721
168.92
120.118
123.225
153.246
105.442
153.421
158.782
137.396
124.733
125.974
134.325
131.32
158.031
143.248
121.67
91.6006
158.926
129.832
159.689
132.102
147.41
136.515
150.114
104.408
101.524
138.605
138.696
127.97
155.427
126.76
134.546
151.355
132.793
124.504
136.016
137.411
150.524
125.394
123.151
169.082
160.389
153.537
115.864
134.187
109.223
126.077
109.656
136.179
162.56
153.928
133.856
119.292
151.021
118.294
140.931
135.197
109.569
133.249
120.516
137.47
173.251
136.702
153.876
121.728
118.896
134.496
135.863
160.586
164.203
116.975
127.121
118.675
177.062
140.539
133.004
139.798
138.138
154.052
136.014
153.806
104.331
175.066
121.966
99.7207
132.76
129.928
135.355
161.227
108.95
149.299
93.0836
121.316
151.391
118.571
139.163
146.05
125.504
103.531
106.774
127.786
121.084
103.788
136.9
145.48
119.336
106.54
132.284
114.08
117.271
149.624
130.367
141.201
107.746
134.509
117.257
174.346
115.463
148.645
123.25
129.204
130.275
115.97
130.463
127.454
133.277
117.575
121.316
188.112
132.012
147.071
138.234
141.069
106.007
159.868
125.739
144.508
136.165
130.85
153.268
134.733
100.98
150.714
112.387
124.145
169.785
130.858
127.492
138.064
129.965
111.218
175.828
150.668
164.067
121.264
124.519
105.666
138.014
107.55
157.066
142.651
131.124
150.047
166.541
142.798
137.651
113.319
143.645
110.144
100.151
147.756
139.592
120.181
171.849
112.242
145.056
161.361
147.556
142.154
143.471
149.664
147.928
164.807
114.472
130.827
158.044
148.082
144.139
143.311
147.819
142.376
137.109
151.021
122.431
145.606
127.949
135.013
131.808
129.267
112.645
139.327
113.053
126.705
108.818
153.605
121.502
119.028
101.083
119.05
128.217
141.484
121.28
126.688
112.854
123.834
130.565
137.046
126.669
185.251
119.012
126.516
113.064
134.442
126.5
110.268
156.952
118.985
146.928
134.244
161.159
140.618
134.92
158.936
156.939
120.008
171.291
111.203
136.405
116.553
128.672
152.995
129.882
141.586
96.5446
172.29
130.31
142.811
101.082
117.229
167.818
147.601
123.002
129.729
130.271
121.058
105.531
173.121
102.735
150.603
126.108
170.727
165.92
108.225
148.469
135.734
99.0564
132.265
149.713
126.751
150.383
139.657
139.254
153.4
143.292
130.974
121.145
107.458
137.925
135.393
155.884
126.485
98.1524
118.609
137.284
120.511
156.38
157.482
106.803
116.044
120.277
104.234
127.941
144.046
121.651
126.094
135.822
158.404
113.849
103.365
150.602
127.709
128.045
107.489
153.022
119.272
125.209
136.728
129.755
168.186
144.776
136.152
137.757
123.34
119.17
117.83
177.704
135.46
121.141
131.217
129.992
138.758
101.542
156.038
124.565
131.752
143.245
118.583
123.161
116.422
148.013
133.438
140.712
134.523
138.098
155.319
134.429
129.607
146.281
107.879
166.168
97.5512
165.451
123.722
103.233
112.354
108.489
152.969
153.045
125.19
96.7772
117.346
80.9874
134.628
123.6
119.246
131.555
153.841
139.601
108.014
148.149
125.151
139.455
140.263
141.071
153.756
122.388
157.963
150.193
127.883
100.12
175.203
146.794
145.148
183.249
175.554
137.694
130.316
159.729
131.524
161.546
98.8321
145.479
142.806
150.749
130.131
131.137
125.73
171.054
135.691
102.45
128.621
162.893
140.047
100.51
108.064
135.897
116.148
147.824
121.811
107.73
136.073
131.853
122.685
107.267
118.417
125.749
136.736
117.539
124.191
159.383
160.75
105.41
179.055
157.723
117.217
112.969
123.848
115.362
111.355
151.643
116.894
131.042
112.013
129.868
116.427
153.958
165.032
138.619
120.444
122.556
142.869
119.458
143.31
109.022
140.512
182.533
141.568
108.448
159.608
159.883
161.554
142.905
107.389
159.004
155.513
132.673
105.391
154.558
141.282
132.599
149.487
140.066
147.903
152.472
137.655
125.806
176.397
118.471
172.324
125.907
158.264
163.897
135.427
149.452
115.891
151.107
146.914
167.829
135.708
108.987
119.467
143.675
133.199
125.69
142.195
143.681
152.6
112.715
120.008
125.227
98.0082
134.66
134.061
152.208
173.389
136.526
170.23
125.618
123.379
120.181
125.127
134.352
140.47
143.88
143.736
119.241
133.18
128.513
161.371
124.903
144.108
154.805
129.564
148.549
131.633
139.802
129.308
122.736
181.434
124.729
149.491
132
131.4
119.648
117.568
125.719
129.913
142.297
131.957
137.098
134.58
153.752
122.265
107.691
134.93
139.183
121.326
117.826
129.446
158.678
124.167
133.422
160.664
136.325
145.144
140.006
132.496
116.26
141.566
105.44
112.398
87.0882
154.112
123.768
128.106
127.247
128.507
125.607
113.01
122.095
119.523
137.056
130.901
137.677
179.539
125.925
153.179
121.919
130.784
155.255
114.842
146.866
137.145
124.559
110.265
120.389
106.267
167.49
130.476
124.174
132.793
121.236
125.521
111.814
136.462
146.142
106.326
143.209
121.034
119.514
142.173
141.665
111.108
117.176
99.1365
134.256
111.828
151.886
143.983
152.498
159.555
151.461
106.778
131.715
128.991
147.957
161.098
110.072
126.295
140.238
138.079
114.057
128.766
148.27
123.143
128.174
140.841
137.222
147.4
117.462
149.621
129.59
204.404
157.265
132.234
156.66
133.672
134.241
114.194
127.303
151.908
127.469
150.182
125.653
134.333
180.43
99.5514
142.011
133.127
133.162
110.258
131.249
122.926
112.551
141.12
137.869
169.562
140.885
137.888
131.087
129.403
132.682
130.544
144.377
148.797
131.757
137.604
135.502
127.372
167.29
129.587
123.136
121.664
114.267
107.109
114.71
149.912
121.485
131.669
126.899
171.565
150.257
140.774
137.415
116.418
106.22
148.984
120.425
126.02
93.4068
122.288
123.45
96.8134
105.813
119.958
128.725
110.999
140.678
159.941
108.229
138.812
117.099
142.138
148.074
127.17
134.424
142.282
166.625
136.329
135.301
152.789
124.664
142.288
161.914
135.447
133.557
117.533
110.666
121.446
161.666
164.273
130.594
142.532
118.529
140.551
138.378
115.899
158.739
143.923
115.251
158.626
110.454
113.293
143.98
135.324
114.448
150.699
122.859
141.29
107.707
128.334
138.385
115.35
99.892
113.121
126.718
164.157
143.335
148.036
143.069
136.432
110.847
166.304
145.532
126.703
123.578
129.663
147.895
117.173
127.133
114.565
182.609
142.228
125.631
145.273
149.944
127.163
169.623
129.438
121.826
164.502
128.796
141.056
156.669
114.186
134.964
179.894
92.6403
132.813
124.289
116.885
148.282
119.454
167.308
110.558
173.255
133.837
124.146
137.399
114.068
125.06
136.995
132.329
140.623
135.07
155.144
132.048
115.705
128.486
123.021
154.648
115.708
133.185
138.057
115.826
143.233
121.205
145.816
120.387
149.909
140.743
143.952
124.137
134.067
125.365
148.698
132.828
144.485
135.487
114.522
117.938
139.971
172.852
134.111
99.3292
146.694
147.457
145.622
182.907
158.302
101.855
141.194
141.889
168.352
136.95
118.47
118.234
131.116
134.79
147.165
139.387
142.325
117.942
115.999
126.55
100.935
130.557
139.415
153.652
136.354
124.532
120.491
114.513
141.839
162.993
146.508
103.966
118.103
135.092
97.1203
129.282
100.095
134.048
135.673
145.59
145.812
128.83
124.423
123.602
157.712
146.499
158.506
119.185
137.746
164.407
137.383
129.101
120.665
135.403
140.803
116.422
133.051
141.446
98.1886
132.662
122.43
139.149
139.12
117.77
102.238
131.101
163.636
137.414
164.2
109.757
136.401
117.106
116.966
126.428
126.755
170.083
119.413
142.775
118.748
122.876
148.536
124.412
141.238
130.141
125.472
136.848
143.48
110.448
99.165
125.368
124.204
133.835
133.616
120.795
111.411
172.027
139.3
169.174
160.673
135.144
116.899
102.505
126.532
154.362
126.349
145.963
158.065
103.19
141.277
161.402
148.504
124.076
146.282
120.085
124.852
138.655
146.988
119.087
127.962
131.495
137.476
158.693
124.349
154.681
132.664
134.349
133.971
102.02
159.385
107.637
121.915
110.395
108.506
112.254
186.563
135.391
159.962
110.395
151.063
125.532
127.118
180.623
89.4612
122.489
135.586
128.573
161.08
123.874
138.627
132.838
110.69
118.361
103.535
123.206
112.371
147.717
121.033
128.556
136.369
126.202
133.86
130.435
142.89
128.954
136.528
138.591
132.493
155.812
159.069
125.353
104.645
115.323
142.277
147.65
101.267
130.017
118.672
152.019
165.967
188.525
144.724
114.251
125.423
149.95
126.368
156.027
114.67
109.947
140.683
142.649
142.327
128.031
111.562
130.148
155.446
120.088
139.556
130.325
127.807
149.125
165.744
147.258
120.082
111.876
136.284
133.936
133.247
163.419
133.441
143.408
108.066
132.774
130.601
118.2
155.503
113.275
134.894
118.544
134.67
147.685
91.2926
134.836
104.608
135.719
124.657
126.227
164.502
149.305
111.945
132.556
137.256
161.29
137.237
96.2402
79.9997
135.674
136.827
128.162
117.221
134.838
108.403
160.413
158.222
165.921
146.12
130.213
140.431
101.969
126.667
125.254
92.4117
116.396
129.848
135.113
138.847
122.904
127.652
123.447
115.872
122.31
103.566
126.982
136.096
130.483
144.927
125.955
151.998
140.588
107.117
118.915
157.365
123.142
166.937
144.381
105.462
149.335
112.597
120.419
115.839
152.674
130.282
140.035
149.613
156.39
154.418
100.104
113.834
123.574
127.105
123.849
135.883
117.584
137.589
148.47
159.254
119.882
113.871
127.402
135.813
162.412
155.008
139.607
112.2
155.067
152.909
148.235
136.029
109.839
167.846
131.309
123.484
146.723
121.107
148.625
139.979
143.455
128.868
134.884
123.75
130.225
175.218
154.868
129.414
121.726
161.874
157.484
138.078
152.464
137.198
148.325
142.605
137.923
117.605
138.946
166.924
113.881
134.018
111.549
156.232
99.5117
116.548
145.603
143.105
132.158
120.287
127.007
139.04
114.812
102.26
115.064
103.9
119.932
107.967
175.912
130.914
145.302
115.251
134.251
135.883
132.183
118.608
157.289
130.458
111.897
135.45
141.249
116.68
122.649
172.073
145.617
104.092
112.388
128.524
122.855
108.491
123.502
139.544
127.127
138.774
120.891
150.682
123.42
109.044
133.063
94.2977
110.218
158.205
132.68
136.261
123.045
158.237
121.209
126.788
182.517
103.303
141.486
117.301
147.988
133.606
125.951
112.692
122.548
120
120.248
109.412
128.31
119.107
127.828
112.29
111.232
109.709
141.132
164.689
136.097
114.782
101.049
133.853
118.48
129.3
141.006
137.93
106.453
172.168
148.646
150.088
166.192
109.808
140.747
136.002
129.858
124.118
124.728
158.861
139.45
125.277
147.286
146.626
118.347
157.441
144.402
122.569
128.079
116.05
100.55
128.397
119.871
126.549
163.478
133.789
177.222
133.747
118.317
130.714
148.509
155.346
121.235
142.055
150.998
159.156
111.106
140.819
129.179
140.013
146.166
126.441
131.063
148.51
163.821
118.407
141.492
133.936
137.785
100.982
112.936
111.006
136.249
132.178
162.888
112.958
141.647
118.302
135.717
103.714
153.305
123.142
97.7098
130.856
134.775
161.109
142.416
158.43
148.272
123.358
125.926
140.199
121.864
137.608
135.823
129.659
131.34
139.227
104.228
123.325
110.604
114.562
156.738
141.176
146.559
97.8825
147.84
112.372
148.807
121.302
103.798
126.95
142.759
149.195
140.862
145.567
126.434
157.174
137.354
107.957
132.893
146.112
138.43
136.883
131.72
125.7
143.2
123.781
133.214
136.312
102.161
133.286
142.341
94.2833
157.058
121.987
163.482
132.426
122.106
117.433
122.589
91.4196
130.264
91.8825
127.827
112.337
130.621
119.152
116.515
109.896
107.073
114.852
136.261
142.042
118.728
146.056
147.487
156.243
164.087
126.779
133.61
145.726
136.759
110.514
141.119
132.213
143.701
129.903
152.18
168.449
137.665
156.021
170.579
143.022
123.468
167.44
142.364
138.686
111.279
130.893
137.133
131.377
130.522
138.074
139.889
135.025
114.74
128.185
141.819
169.462
152.23
158.445
131.422
152.301
130.077
160.502
123.145
150.036
150.978
138.844
143.907
150.464
117.431
137.578
129.451
107.56
137.613
148.588
172.35
134.125
157.728
154.693
123.061
122.275
127.916
141.816
154.352
131.536
143.653
164.961
121.618
118.321
134.889
161.989
170.288
98.3045
141.967
148.842
141.037
154.554
126.84
138.168
139.216
129.326
109.411
161.595
146.336
148.976
125.744
132.016
133.465
140.153
118.695
120.589
151.017
147.268
117.366
129.765
147.149
125.83
128.917
155.205
117.849
118.973
120.676
131.078
142.979
113.067
123.272
109.525
136.574
131.478
150.886
101.433
136.287
119.363
96.4511
99.5468
124.4
105.249
148.242
146.905
143.721
138.372
186.484
131.049
131.954
137.517
142.762
105.892
157.232
122.191
158.98
109.72
142.376
112.193
170.711
127.059
123.202
136.239
111.996
128.446
145.79
168.109
124.702
118.386
158.385
164.831
134.128
118.859
117.831
152.997
125.811
153.772
177.373
117.467
126.851
126.241
139.654
135.633
121.935
103.321
117.411
139.405
129.615
121.437
127.203
131.612
123.169
118.615
125.532
152.06
149.525
128.939
160.079
126.448
145.785
127.141
118.99
148.904
119.721
149.535
142.265
154.427
147.984
107.125
132.887
112.277
109.264
159.629
151.577
145.308
120.591
162.937
114.264
115.548
142.468
113.098
135.268
115.002
137.036
170.346
134.189
123.222
128.016
110.514
108.971
123.205
123.684
172.354
155.539
133.983
103.544
123.941
122.537
128.458
140.896
117.591
153.411
185.16
123.632
118.713
138.129
116.996
152.648
125.867
123.451
140.575
118.175
106.636
139.329
150.879
133.046
120.039
123.391
129.686
167.888
126.529
140.976
126.826
120.157
120.891
142.942
170.983
125.128
150.459
110.36
134.063
147.962
142.437
129.642
101.421
128.163
137.37
162.075
147.394
119.928
152.391
144.301
127.852
131.183
143.999
137.209
133.885
124.846
103.738
138.924
146.171
129.686
124.557
114.575
157.388
117.225
120.926
128.968
120.599
136.969
126.319
148.624
126.812
103.077
120.082
125.344
116.611
123.69
116.086
127.381
113.129
143.177
166.846
121.753
139.545
146.686
119.909
129.176
99.3159
135.462
148.451
109.623
153.018
125.239
138.857
124.262
153.943
110.648
107.002
154.237
143.521
126.729
109.65
151.978
112.372
88.9777
141.655
151.719
116.287
149.917
145.05
160.874
132.44
143.422
132.286
126.751
147.98
113.193
103.798
131.721
136.642
166.669
148.37
150.981
116.653
126.934
145.067
123.723
132.431
90.9363
127.864
130.006
138.062
160.432
140.553
129.044
152.828
146.167
150.099
136.645
110.327
143.833
140.889
179.382
149.152
104.38
121.959
140.258
159.249
122.48
150.85
125.04
131.12
162.012
119.067
151.047
123.089
167.559
150.945
154.631
125.257
154.323
150.261
163.599
147.953
123.143
161.262
143.855
124.666
141.014
119.533
156.879
102.965
104.209
136.056
146.551
132.195
139.41
146.585
139.911
133.238
125.68
132.524
177.099
155.427
157.165
166.902
127.691
105.705
126.003
129.756
92.4561
116.428
145.742
176.858
142.238
123.393
147.981
127.327
144.222
154.713
119.865
127.715
145.82
126.685
135.473
157.362
119.305
108.7
148.704
157.963
146.869
137.896
151.221
157.384
117.388
129.552
156.795
138.746
130.912
103.626
143.22
156.243
105.811
139.435
130.28
153.844
95.7711
112.611
136.587
166.021
119.604
134.209
137.663
118.285
132.097
133.984
107.935
147.409
134.902
113.01
128.806
152.626
175.329
120.832
134.676
124.47
116.363
132.376
105.419
117.487
153.168
153.518
191.277
127.278
133.004
115.991
148.85
122.67
147.91
123.711
140.865
131.336
130.348
116.443
132.65
98.9817
101.599
133.286
141.127
138.922
133.625
126.579
135.176
148.593
124.634
132.306
173.13
159.353
166.982
107.636
140.966
151.841
137.104
128.813
103.712
142.964
100.647
146.784
115.569
146.712
156.014
136.892
116.416
145.493
155.687
141.218
145.085
126.79
115.937
103.323
164.837
155.523
179.426
127.045
156.792
124.461
125.759
99.1531
135.577
141.298
161.031
130.455
126.929
127.454
123.601
115.799
146.173
113.661
133.483
139.145
116.247
156.387
91.1067
113.542
160.832
143.767
162.581
126.248
203.019
109.118
116.472
129.416
118.121
136.166
147.643
120.864
132.053
126.095
107.234
129.625
168.121
123.177
115.816
137.262
123.882
122.94
127.347
149.381
139.299
142.087
149.142
112.873
132.327
119.514
128.11
103.589
159.753
127.423
120.361
114.846
124.423
125.209
125.007
118.76
152.092
116.254
130.473
156.492
99.7397
153.661
129.497
120.04
106.464
124.294
105.683
130.932
123.771
120.581
117.564
150.175
103.349
119.439
130.715
135.686
129.723
132.28
124.954
108.885
95.6511
163.874
115.886
108.694
97.4794
129.22
127.711
134.018
136.954
194.85
137.935
148.423
132.266
111.385
152.03
148.349
157.975
114.755
117.371
134.323
149.019
144.814
150.187
175.859
106.836
107.763
142.303
153.112
149.639
133.996
124.695
123.678
163.306
137.929
140.523
139.241
122.911
112.292
112.483
103.108
118.01
113.138
176.981
127.259
142.433
114.056
134.466
127.945
112.657
115.449
113.788
127.176
147.188
116.319
98.763
150.222
145.039
121.031
121.424
141.628
132.588
115.023
127.094
138.555
129.796
110.217
159.563
151.285
125.883
146.827
119.87
127.269
134.502
131.396
159.007
120.069
144.924
138.087
131.279
91.2302
131.678
127.17
98.2176
114.395
132.977
152.947
143.146
102.98
148.679
119.545
135.293
182.578
129.799
119.668
149.286
120.794
117.981
121.99
105.368
141.633
119.615
116.562
162.818
126.51
134.362
172.078
111.213
116.499
122.953
154.634
111.759
141.358
108.521
125.35
138.84
154.266
128.814
140.338
129.792
141.336
86.7718
155.566
134.013
151.326
108.51
153.785
143.812
127.251
133.222
131.573
134.089
160.809
108.153
142.305
139.566
149.334
139.681
97.846
148.374
127.999
127.455
118.476
164.13
152.527
141.081
117.877
154.061
119.741
126.755
109.215
112.16
95.3851
133.629
153.547
131.937
125.031
113.998
133.283
147.516
129.237
118.554
95.4217
133.311
115.292
116.685
140.052
129.019
154.028
183.141
129.343
117.08
123.399
125.357
128.346
139.286
138.089
135.701
93.6426
148.407
128.881
104.183
156.838
136.173
130.956
130.081
127.129
122.295
127.691
125.438
163.62
137.26
136.034
103.709
138.055
162.469
157.668
120.06
126.181
107.847
172.455
160.436
94.4478
159.644
95.5061
150.197
118.323
112.975
117.385
177.05
159.549
114.613
115.117
146.11
134.609
131.299
139.825
141.235
153.582
110.366
125.888
150.598
130.962
151.516
119.446
112.275
125.581
124.306
153.788
125.862
118.067
139.962
123.204
172.444
124.281
140.453
121.004
164.97
129.31
152.885
153.125
175.126
156.856
116.959
151.855
140.261
115.825
143.161
124.919
123.014
130.454
138.952
162.812
138.192
150.272
143.71
145.645
95.3553
127.69
146.176
153.723
144.962
121.685
175.845
133.563
136.623
127.833
158.755
112.239
116.519
112.828
116.078
149.904
160.729
128.648
175.364
143.79
148.026
122.607
131.292
155.429
114.11
167.767
133.149
159.287
144.841
119.549
111.634
123.899
107.49
140.324
141.004
111.874
186.22
99.495
154.339
118.771
135.315
123.419
97.018
123.617
143.22
125.892
116.564
121.786
127.14
89.3411
136.354
138.1
151.102
162.074
123.515
163.969
115.855
137.313
131.19
136.504
158.736
118.165
133.898
122.536
136.894
117.241
108.971
130.259
129.006
149.103
120.483
118.379
123.296
117.68
118.542
135.643
151.649
120.023
147.216
120.968
135.327
107.63
141.198
111.698
101.439
132.615
100.003
133.983
118.5
137.665
117.93
123.889
120.785
117.948
124.057
116.259
145.877
135.582
129.863
148.257
159.017
144.778
165.704
118.138
163.396
127.475
105.303
146.877
126.339
141.132
106.983
134.49
143.716
126.006
148.555
138.363
144.732
150.869
142.806
143.151
134.763
110.564
139.84
160.565
133.558
112.898
98.8193
131.517
124.345
162.119
132.326
119.151
135.233
111.324
108.733
111.728
113.989
152.519
121.194
153.525
138.322
137.844
144.943
140.404
142
129.658
147.477
114.133
141.568
139.381
139.199
171.106
131.913
159.205
120.52
144.239
108.084
124.31
122.24
111.004
152.828
137.221
138.072
124.665
120.272
150.848
122.345
134.761
144.369
115.403
110.232
150.054
137.013
153.05
186.652
128.336
111.684
123.662
143.873
114.052
125.064
135.399
143.601
119.316
140.175
137.04
82.1112
125.346
118.959
133.305
93.1834
124.201
143.399
104.027
118.558
129.537
118.658
148.523
140.605
107.727
119.716
151.672
94.3435
126.372
115.575
141.448
150.681
134.728
162.781
128.567
141.994
130.101
92.6827
128.372
154.146
101.725
141.349
96.4082
166.133
109.806
118.175
138.685
109.28
129.249
148.064
130.781
129.591
120.564
140.942
104.064
119.125
122.468
104.635
152.103
120.464
129.682
129.654
107.164
136.212
118.422
149.984
123.527
122.664
108.431
179.042
139.65
103.171
132.544
150.385
152.785
117.119
131.317
123.599
155.418
131.826
126.181
131.892
125.718
117.685
84.8258
144.482
141.214
107.074
155.373
158.875
175.711
133.366
148.388
129.118
144.324
113.921
112.77
146.072
134.333
122.49
162.843
126.161
148.704
135.981
149.972
122.618
139.229
138.726
130.567
129.486
129.773
111.725
130.812
120.272
150.931
133.954
137.347
134.923
130.731
88.0433
139.795
118.677
136.874
116.473
167.947
121.75
150.955
138.942
144.414
129.405
124.285
144.969
143.209
136.873
104.967
118.477
130.154
132.681
138.553
167.197
129.506
121.503
130.322
138.758
111.939
93.3126
152.201
117.898
141.206
136.917
97.1898
108.156
172.406
137.018
112.624
120.288
127.285
131.175
125.898
100.057
107.691
92.6611
125.263
150.969
146.585
139.615
127.963
107.05
120.263
126.933
153.148
137.254
107.773
109.043
143.192
158.354
111.886
156.106
131.743
133.745
123.047
145.954
173.285
122.128
133.511
143.276
152.88
119.051
129.26
122.892
135.871
119.658
148.797
132.698
168.26
152.461
143.138
135.727
119.104
142.407
116.336
128.509
117.913
116.294
139.144
135.631
145.279
118.538
113.541
131.974
139.424
152.255
158.656
129.756
133.839
139.98
143.271
113.499
134.02
150.588
121.799
155.734
108.604
123.224
117.382
127.326
127.206
95.5678
134.914
147.744
136.58
174.414
148.459
142.102
114.903
119.316
105.685
137.036
117.175
129.33
164.163
160.069
112.025
131.382
158.174
133.897
149.65
137.991
127.961
126.213
107.104
144.426
125.732
134.321
108.502
140.744
136.094
132.689
110.18
123.649
144.8
111.812
131.536
153.761
127.013
141.543
148.057
148.364
133.535
115.239
150.381
126.289
111.837
120.24
134.283
125.072
141.449
121.367
142.244
131.031
124.314
135.986
154.315
166.447
125.07
126.226
133.446
110.858
119.903
131.106
153.754
158.794
119.97
114.239
134.002
130.713
177.13
152.572
126.626
130.87
128.366
139.016
130.653
112.753
144.051
143.842
125.815
134.363
97.5862
136.443
152.957
114.118
124.992
125.611
117.582
116.059
119.024
152.806
116.648
152.622
146.946
122.195
115.529
117.361
108.986
140.411
151.02
116.128
148.812
135.597
144.48
113.794
135.29
155.097
144.216
109.862
140.827
143.819
137.163
145.196
129.924
104.246
143.193
128.983
116.796
118.719
103.318
98.2356
136.173
112.568
128.244
131.929
125.923
156.577
152.546
160.03
164.01
129.671
135.189
138.232
112.268
171.816
169.652
116.541
128.685
100.677
149.641
130.261
135.107
116.374
123.696
110.514
128.321
146.411
106.794
138.268
129.245
154.476
119.554
123.252
131.815
126.694
115.259
131.84
145.67
125.154
142.671
116.882
138.125
139.431
110.277
126.743
110.463
115.413
112.497
117.023
120.326
133.883
111.744
116.747
111.479
137.423
110.049
121.792
136.604
141.577
127.677
130.461
111.497
119.402
138.665
100.811
148.992
141.601
146.742
96.7971
110.616
120.176
141.549
110.508
129.442
138.97
122.84
164.335
152.64
116.105
130.186
135.88
113.544
151.435
156.05
126.125
119.011
137.851
134.581
121.041
143.986
107.788
170.701
148.452
129.171
131.238
171.505
126.928
95.2283
138.524
106.076
129.472
127.925
143.524
112.111
151.975
151.753
135.939
165.221
102.284
125.704
126.39
108.263
127.734
91.688
136.814
139.929
104.158
181.092
137.578
131.545
137.851
128.369
133.903
117.779
125.758
126.408
152.31
132.412
125.969
134.712
113.297
130.49
124.206
104.347
132.274
124.024
111.028
151.478
120.534
148.729
147.879
120.441
151.888
136.792
130.666
119.537
98.5836
162.213
152.98
125.519
146.179
115.919
125.485
114.352
191.572
123.288
151.972
119.417
100.432
154.134
168.652
107.881
120.235
142.327
122.737
144.043
135.87
148.724
132.178
168.291
110.804
164.285
108.059
139.969
142.147
112.619
170.811
109.492
149.547
137.925
131.933
154.808
145.615
142.696
122.121
142.499
125.87
165.664
131.567
142.923
121.901
121.052
146.369
143.835
150.193
142.199
130.685
127.604
169.036
130.903
94.9778
134.464
126.448
135.654
160.3
126.535
133.404
137.595
132.509
114.152
161.527
127.947
163.669
127.887
133.883
166.729
126.25
156.952
159.391
161.181
134.146
104.974
183.921
134.636
152.15
132.847
139.512
115.455
110.783
106.369
102.572
109.803
128.612
132.095
123.318
145.345
139.77
128.374
134.537
125.141
132.285
117.843
113.035
131.79
166.019
131.903
130.761
158.801
146.989
157.428
147.408
101.637
123.423
128.548
154.038
147.055
132.461
112.55
116.069
146.762
155.07
155.819
186.215
145.175
143.51
123.853
151.224
155.967
91.7171
141.415
153.015
141.689
115.343
134.501
140.387
129.623
127.081
152.321
112.963
132.731
107.185
151.208
130.441
132.241
159.915
165.212
146.985
100.506
132.383
125.447
115.365
176.778
148.273
132.263
155.38
125.077
157.963
156.066
144.958
133.125
121.699
132.946
131.82
147.76
126.405
134.847
145.51
114.904
105.42
138.636
137.498
117.952
122.96
141.778
123.621
127.739
137.785
122.716
136.608
146.213
118.894
124.135
117.459
120.485
157.201
119.442
112.402
134.515
180.087
136.409
107.914
134.544
119.536
101.601
153.258
147.581
125.525
144.291
137.922
132.789
172.436
124.16
106.227
101.809
101.959
118.273
142.041
181.525
115.447
107.112
120.182
131.758
128.487
182.422
99.929
140.112
115.445
130.633
128.511
129.459
124.62
124.619
143.368
132.534
128.344
102.356
122.861
126.046
176.745
116.578
157.485
117.061
91.5199
122.798
116.575
146.13
144.995
108.737
122.922
115.941
130.831
134.226
190.362
125.759
107.04
120.035
109.669
146.833
113.495
159.574
148.529
130.652
130.652
131.993
130.983
149.41
130.927
156.531
138.071
133.002
154.374
170.351
108.088
138.507
101.687
156.777
123.882
127.831
160.343
87.1607
138.863
128.223
159.807
124.819
112.573
152.485
133.299
159.284
113.144
109.314
131.324
148.425
138.816
128.024
89.1125
136.616
145.9
143.61
142.952
109.819
104.903
138.467
130.931
133.166
134.799
119.065
134.676
123.568
137.14
136.753
116.982
132.985
139.373
157.081
127.747
143.849
160.155
122.588
170.369
149.41
191.454
116.603
92.2232
119.34
126.461
133.84
151.254
92.0681
137.923
117.868
131.801
149.604
136.186
144.159
127.654
125.37
110.846
120.461
145.211
132.909
131.752
135.135
154.145
140.2
110.039
106.968
150.685
138.242
136.01
122.026
120.715
142.89
146.44
150.127
152.222
116.858
133.843
102.99
137.506
131.298
102.805
124.54
143.738
142.688
156.325
120.709
188.798
120.554
130.388
142.851
123.18
118.239
153.228
188.824
137.735
116.888
125.007
127.36
152.895
121.934
135.097
118.411
123.533
115.708
122.207
129.759
140.341
121.864
130.811
122.565
162.789
126.85
144.971
114.905
157.446
102.97
115.717
115.9
155.521
138.393
142.742
108.85
139.765
140.059
169.195
155.577
156.321
143.22
99.7211
98.4059
149.745
153.218
132.929
111.323
140.594
145.26
170.772
164.76
154.637
116.116
161.17
129.585
103.347
136.103
133.963
141.8
123.702
158.226
161.841
167.911
156.054
140.402
123.729
143.497
151.881
135.633
137.774
122.354
122.163
130.342
142.244
145.837
136.351
141.198
134.811
109.6
160.427
118.773
95.3619
139.387
130.665
107.83
153.763
126.794
115.093
111.063
137.353
133.653
106.069
156.711
152.143
147.815
167.152
127.553
114.097
130.197
153.031
114.527
171.014
131.56
136.933
145.054
149.57
125.761
112.1
107.594
117.837
125.424
121.456
134.317
154.242
147.116
100.22
133.321
138.846
132.795
131.643
104.858
118.007
118.002
106.959
108.763
116.699
135.668
118.801
137.653
112.855
134.609
181.603
137.54
163.611
132.636
116.321
94.4282
162.406
118.942
118.775
131.164
131.223
146.4
133.149
149.347
109.11
105.289
92.3581
117.561
150.509
149.087
121.23
114.495
122.049
130.997
99.3903
145.425
138.192
180.796
146.283
119.193
112.118
114.327
138.626
120.117
154.692
157.258
110.729
149.515
128.767
175.531
109.771
173.616
110.939
151.501
101.337
149.821
130.76
128.62
142.639
119.326
116.583
123.395
138.807
119.271
134.081
137.695
115.533
134.454
141.848
103.192
113.343
148.2
91.6867
104.385
134.173
132.345
113.791
140.636
125.217
129.338
153.078
141.208
135.9
151.549
100.669
127.874
146.49
132.772
142.925
153.616
136.571
131.878
99.7383
121.558
106.982
135.019
174.552
157.494
132.911
108.017
163.35
147.833
121.035
132.08
149.985
103.487
127.543
138.581
188.173
108.771
147.888
160.624
135.975
115.816
170.568
130.669
133.751
156.172
123.084
126.194
134.274
147.971
136.27
134.093
138.648
120.4
130.401
135.752
120.227
119.323
151.04
141.422
131.225
126.139
126.838
133.764
144.375
141.861
131.614
150.212
127.49
116.371
128.568
139.594
112.887
158.968
125.352
126.642
116.538
140.534
147.592
149.153
112.14
117.142
144.375
115.477
121.611
118.533
173.197
134.664
101.021
116.201
120.647
149.109
138.052
145.247
153.603
118.871
136.004
136.451
133.262
134.668
131.262
147.586
150.117
113.767
184.814
122.231
107.89
121.646
116.576
136.757
170.704
131.962
148.411
103.625
142.527
143.225
133.091
140.108
109.044
124.777
130.453
127.907
150.312
140.079
108.601
140.926
121.934
109.569
114.202
119.719
133.538
103.474
123.201
128.222
149.778
111.638
126.274
130.984
138.982
120.185
163.716
137.775
144.586
143.31
126.04
136.709
131.499
122.352
146.414
161.284
148.441
154.269
122.129
127.963
157.136
114.565
117.098
110.685
161.715
134.939
119.484
167.075
142.839
133.442
143.202
111.352
111.398
165.377
120.394
128.395
146.76
144.086
90.8867
139.603
139.834
154.403
118.876
122.765
132.132
135.727
112.895
136.788
148
136.533
140.642
142.921
121.509
136.558
126.545
137.032
128.268
171.638
134.382
134.658
128.184
146.68
118.743
114.096
147.954
102.331
149.589
137.946
135.81
121.036
112.751
104.179
138.272
171.372
127.015
163.083
152.281
143.943
148.03
145.277
171.418
134.389
144.419
128.003
151.072
137.657
130.553
131.378
132.429
111.592
143.524
124.644
152.901
153.775
138.997
119.012
111.701
139.624
144.789
131.085
117.501
115.866
153.402
146.349
120.642
147.019
123.66
143.525
143.411
120.139
106.825
177.578
144.152
114.131
153.161
132.017
154.903
156.984
125.823
137.177
113.768
140.596
143.47
115.17
132.327
137.102
108.836
153.695
123.699
115.798
160.434
136.074
124.977
113.361
154.199
138.629
135.329
142.295
109.762
135.36
135.563
133.771
138.624
126.909
133.141
142.409
119.144
109.743
110.658
111.794
130.67
163.602
114.143
116.782
116.885
142.863
127.784
166.285
120.981
147.979
129.257
129.591
141.378
146.182
127.818
142.469
123.693
141.028
129.334
114.903
137.888
142.451
123.942
117.107
146.46
87.7908
134.891
115.097
142.266
135.841
128.529
122.287
136.967
120.894
125.131
149.946
116.166
121.821
123.662
147.419
129.365
112.737
149.314
141.056
159.018
149.799
152.991
124.209
178.647
123.628
149.048
133.336
114.783
161.06
127.376
135.533
131.033
159.557
150.635
122.314
117.995
150.471
110.359
123.556
125.66
131.848
134.412
141.418
141.273
139.543
129.668
116.392
128.078
127.831
136.765
113.828
105.576
125.355
115.889
136.354
153.039
124.032
110.434
100.977
139.604
132.697
123.731
149.34
134.008
127.337
107.992
161
145.252
128.387
136.523
114.777
136.718
106.183
133.657
128.364
109.377
101.188
156.987
121.139
137.999
98.5013
99.9627
127.826
138.614
147.076
115.684
145.993
113.671
144.628
110.123
152.506
120.881
141.665
131.803
126.695
125.155
112.005
106.472
133.422
137.033
117.615
129.022
98.8538
128.351
111.75
99.5624
126.13
167.489
134.243
127.174
128.558
115.061
142.035
141.966
138.327
123.568
132.13
118.796
154.91
168.292
147.8
125.156
141.751
149.596
137.716
102.975
130.175
147.958
147.006
134.186
144.912
129.365
152.199
136.026
139.217
125.738
124.066
150.44
125.365
113.8
115.16
164.243
125.451
157.569
149.32
126.647
181.56
119.851
151.398
157.553
147.708
99.4855
148.548
147.143
101.755
135.415
103.523
127.991
136.151
127.447
152.504
117.781
146.793
143.808
117.412
164.409
113.039
99.3924
175.075
143.689
153.129
122.734
125.192
146.86
141.237
133.918
148.816
101.677
133.331
169.498
131.553
107.48
131.354
139.235
148.594
124.892
140.236
129.841
166.265
149.788
111.232
128.885
157.79
147.486
134.956
134.532
123.235
135.325
120.617
167.831
105.784
126.317
121.519
153.254
142.02
123.459
114.012
115.042
135.074
132.552
128.393
124.336
140.09
140.88
114.528
106.029
141.126
110.391
133.265
175.561
129.293
115.115
149.536
123.714
104.956
104.317
143.276
130.493
125.393
156.114
142.349
107.336
122.088
146.153
125.568
133.619
122.292
103.989
117.287
135.727
150.366
161.638
134.404
119.098
149.742
123.582
141.604
130.212
130.513
128.452
137.118
148.904
147.394
134.825
145.465
112.726
130.552
139.888
125.502
130.071
130.478
135.761
151.199
130.273
143.406
152.986
165.428
115.2
135.11
149.382
130.158
145.303
162.698
130.628
119.022
127.041
172.426
111.757
169.548
117.483
116.348
121.829
132.65
145.506
141.031
168.631
105.775
115.113
116.186
115.798
141.298
131.633
139.777
136.261
145.343
105.572
110.288
111.116
162.008
136.762
140.431
114.58
136.539
105.65
152.422
121.589
145.697
115.46
149.715
127.972
118.238
109.374
130.662
110.289
118.522
128.315
121.526
149.74
117.195
147.082
128.487
125.469
116.704
111.546
136.886
150.089
124.423
145.731
137.736
122.617
158.997
125.035
148.863
119.81
143.962
145.461
153.718
125.511
124.646
123.127
143.654
133.992
110.409
123.999
127.9
112.857
134.464
125.081
133.456
121.927
128.38
106.718
138.657
118.493
183.352
114.791
117.282
130.72
143.954
126.135
138.818
115.279
133.412
123.678
124.72
116.825
123.775
149.505
134.206
129.403
140.293
130.892
155.937
146.315
96.4798
148.687
130.706
136.134
140.845
139.521
130.893
160.082
109.553
137.205
127.76
128.359
144.117
158.437
131.154
160.956
131.137
147.945
135.086
175.151
136.79
124.576
138.885
108.512
178.992
139.426
103.368
144.41
158.688
115.618
144.688
127.907
122.81
99.0078
135.547
124.552
142.412
105.025
107.526
122.637
134.446
143.429
167.917
128.61
142.655
150.076
113.854
165.216
131.689
112.491
167.103
146.804
148.531
110.415
104.121
141.252
154.271
121.334
117.261
176.632
134.832
128.88
124.216
134.194
100.94
133.083
148.868
166.915
130.357
169.962
126.707
138.083
136.976
146.436
148.604
134.351
150.872
149.231
116.596
146.839
151.256
117.282
107.935
136.149
144.523
142.664
162.578
140.788
124.709
127.161
127.243
134.474
122.451
117.7
134.305
140.01
110.289
136.179
133.201
138.584
109.117
154.557
138.764
112.011
118.55
156.628
119.315
133.523
142.76
156.931
118.015
130.799
156.695
169.828
124.848
132.754
130.678
109.905
146.101
136.61
142.443
157.89
153.046
109.552
146.236
108.443
158.44
138.905
161.016
135.03
106.128
172.08
120.754
133.311
132.16
102.505
111.134
134.194
111.336
112.932
158.893
120.981
131.603
104.857
135.445
144.023
144.842
125.208
147.143
160.537
168.72
136.625
142.312
151.6
120.365
151.822
124.797
138.03
123.58
117.094
132.326
141.508
147.067
115.971
158.461
134.02
136.149
127.344
129.789
134.275
115.864
101.14
139.406
156.439
130.131
121.835
132.416
90.7932
86.5347
143.677
132.133
124.119
136.49
150.805
119.564
141.831
123.603
129.191
109.046
149.198
160.627
134.469
162.378
130.795
148.91
144.132
135.253
143.185
130.598
129.892
150.116
117.271
98.8773
160.242
111.397
142.63
145.313
165.637
143.804
111.741
138.394
107.427
141.118
162.694
140.454
128.014
118.228
140.973
168.98
122.182
150.822
122.292
123.827
131.675
127.188
155.955
184.026
108.267
149.582
112.932
146.946
166.158
165.253
117.553
110.129
134.238
169.056
101.36
115.92
111.831
148.096
161.107
172.716
131.595
147.982
113.498
106.201
121.741
97.9286
115.283
163.447
149.718
135.723
122.778
161.095
156.064
127.385
126.718
179.834
142.813
137.243
124.401
139.458
133.291
115.293
151.016
138.997
125.955
151.146
122.327
126.111
139.678
134.574
144.234
174.489
145.449
134.174
107.867
156.745
132.515
124.397
143.603
125.936
135.247
144.474
110.673
119.637
147.771
130.737
117.047
150.057
109.315
128.932
124.638
129.266
127.619
127.274
130.368
135.419
182.723
160.395
137.35
147.589
144.728
137.828
114.811
108.965
122.274
109.997
99.2622
125.428
145.909
143.982
119.792
162.262
116.092
111.061
121.967
141.584
150.122
132.625
145.266
146.653
135.169
145.891
144.408
124.997
127.012
114.689
138.165
127.383
130.482
140.363
135.506
128.777
129.974
122.006
90.6728
126.262
120.273
139.94
130.114
121.711
111.295
144.235
167.339
125.43
146.228
128.562
147.878
136.111
106.476
128.957
135.434
111.069
167.198
94.8334
146.464
108.013
104.573
134.594
139.806
120.007
119.39
133.614
114.061
137.708
131.353
141.279
140.927
125.627
138.131
122.73
165.441
114.665
158.848
133.427
154.526
94.1829
129.156
134.333
124.688
149.44
186.523
124.622
141.821
134.412
117.659
138.738
137.815
145.954
104.229
155.787
161.7
122.072
141.247
136.636
138.281
172.536
133.81
145.157
134.602
128.89
151.205
110.947
127.752
143.005
132.876
112.842
112.377
168.934
167.051
168.74
145.39
110.537
111.431
161.164
140.057
148.556
125.209
113.69
129.645
116.845
129.382
127.473
146.28
158.897
134.825
130.303
122.453
129.299
81.1268
133.597
95.0352
111.325
144.944
134.19
124.608
120.001
118.755
133.722
155
127.139
138.724
143.461
137.239
130.461
140.699
147.106
141.021
109.244
126.121
127.925
115.272
150.945
119.3
119.045
116.694
145.791
110.918
127.594
146.459
126.956
117.873
141.552
181.954
157.247
145.366
158.793
100.317
130.411
159.934
147.128
161.955
143.276
138.668
134.994
128.329
123.653
106.473
129.044
149.707
102.377
151.157
131.687
128.848
122.251
156.377
127.979
127.983
137.829
112.454
149.452
121.445
122.459
121.38
140.457
121.195
168.627
173.138
155.291
121.298
139.208
121.971
160.957
108.963
113.02
136.141
118.963
126.781
142.56
180.86
124.783
110.852
138.625
149.486
124.841
155.141
120.821
147.976
143.723
135.678
96.8362
96.8356
106.623
148.806
153.917
124.156
136.965
136.29
152.816
106.301
121.205
133.256
120.499
132.172
168.095
136.189
130.445
102.051
124.058
134.606
127.069
149.701
152.307
104.41
135.29
136.092
139.154
141.848
147.04
128.347
150.813
167.273
188.443
147.809
121.893
148.155
119.183
137.453
139.957
151.467
130.43
105.704
136.846
142.756
129.772
112.674
137.042
125.322
142.611
158.203
98.9119
142.702
113.239
127.499
124.779
141.326
131.585
115.274
142.868
120.833
134.88
139.823
149.7
110.251
131.048
132.228
160.906
150.725
150.795
123.37
117.43
142.884
160.437
117.834
122.575
107.04
138.946
165.057
170.132
118.363
131.24
109.42
131.359
156.17
112.31
112.775
150.113
157.787
129.499
157.28
106.585
146.783
120.412
155.29
141.841
130.109
161.259
137.145
137.039
148.802
142.014
150.215
121.279
131.372
130.493
128.85
145.617
131.828
128.649
109.317
164.582
127.571
114.199
120.948
148.14
134.456
133.93
169.908
147.465
93.7277
117.548
136.189
139.131
123.878
125.708
136.935
120.591
125.424
145.075
118.487
120.142
165.709
147.268
118.107
158.287
157.776
147.011
159.544
144.459
125.469
163.828
150.352
136.135
139.355
134.178
126.316
137.443
149.692
167.065
140.28
115.636
174.438
141.372
140.332
148.441
143.629
151.194
112.786
136.018
148.028
139.964
135.277
117.398
132.428
142.606
126.317
115.758
151.035
127.32
138.598
147.282
130.51
125.196
119.243
120.052
159.189
154.216
162.414
155.426
148.429
196.497
124.065
135.115
126.286
105.205
110.898
131.605
144.738
124.675
128.984
128.437
135.213
167.192
107.595
108.447
163.961
139.845
161.221
149.886
116.967
127.203
152.703
116.345
127.273
124.241
116.854
142.803
147.065
126.431
156.667
115.203
106.423
132.493
130.274
127.936
159.14
140.637
117.711
128.727
129.475
137.57
124.205
145.201
140.368
120.417
124.088
166.428
120.578
145.564
114.93
136.257
132.312
116.936
129.37
146.968
160.691
162.079
109.431
132.003
96.3976
103.436
148.503
109.311
97.6491
126.338
117.685
127.075
129.098
131.489
98.207
165.814
128.983
103.383
153.252
123.208
171.136
167.2
176.378
139.63
102.171
144.927
127.986
136.066
132.94
147.232
136.845
151.853
107.284
130.515
179.449
140.238
130.325
150.524
130.346
161.096
143.102
167.603
146.22
121.728
95.9229
129.208
115.057
147.05
116.839
170.398
157.183
152.637
154.885
117.475
142.218
104.555
102.544
116.71
139.812
126.815
162.072
147.029
153.959
115.291
105.965
150.563
129.899
127.142
113.767
161.76
158.823
176.646
118.271
149.049
154.005
111.117
139.551
96.8358
140.411
126.272
125.768
141.424
118.343
121.4
153.591
109.137
140.751
141.52
138.073
127.499
136.56
171.32
142.419
178.868
118.625
119.175
148.472
150.247
138.766
137.397
89.342
149.553
110.359
139.469
114.797
123.587
120.791
141.873
134.27
123.211
133.921
108.95
125.592
113.531
167.721
108.948
148.645
126.783
127.884
143.505
112.223
132.986
132.045
137.214
110.441
131.321
143.921
164.787
120.182
145.175
129.01
133.225
110.712
107.082
159.113
136.816
119.272
121.075
138.633
137.443
129.611
168.917
95.2486
135.638
135.037
114.454
126.856
127.997
156.427
125.971
115.931
188.41
157.587
121.673
181.026
132.023
106.344
134.61
128.995
104.567
126.435
118.308
115.643
135.501
142.468
140.737
133.873
111.142
150.432
153.013
145.788
127.556
126.366
157.782
138.658
145.538
126.357
167.692
124.988
125.474
140.987
131.145
108.536
144.151
145.019
111.236
122.586
137.797
162.733
133.407
142.719
146.214
118.245
132.701
150.796
136.005
124.801
124.849
158.826
98.0693
110.906
109.803
159.35
163.476
109.365
137.992
134.134
103.891
155.202
126.429
132.867
139.038
102.263
137.269
121.4
123.065
137.122
113.584
141.315
122.562
134.549
122.937
139.615
172.426
149.85
144.776
103.191
144.249
118.273
154.644
150.665
154.773
121.995
151.073
118.766
115.418
122.593
133.003
129.673
113.696
108.382
121.972
137.012
130.546
123.151
148.227
119.482
138.949
141.785
119.235
117.589
134.528
134.759
146.899
159.199
127.929
128.518
109.776
129.313
108.244
123.158
113.475
158.602
140.643
134.994
111.478
141.277
160.889
142.982
116.199
137.609
178.909
112.705
139.377
138.925
133.337
148.925
155.411
100.922
136.593
128.226
165.069
151.102
144.938
119.931
170.182
115.265
146.703
128.123
167.519
189.164
128.546
127.06
132.534
156.387
124.737
159.711
144.167
167.278
138.032
157.306
110.908
129.355
142.359
123.785
143.807
142.72
136.367
136.042
113.53
153.629
114.431
108.608
157.457
119.887
138.097
123.403
89.645
122.935
133.359
147.583
156.271
132.491
130.77
138.206
141.072
146.787
133.548
164.859
141.161
113.06
120.593
137.458
120.718
124.151
146.295
117.235
164.991
118.957
152.947
120.734
108.983
148.045
153.578
127.086
119.627
149.664
118.755
145.244
124.936
147.092
144.01
149.312
113.728
151.41
114.51
148.413
135.359
115.8
126.936
135.334
155.676
107.658
153.223
132.735
123.161
136.048
104.977
138.256
168.486
169.357
104.776
101.51
166.263
116.155
146.931
135.086
116.285
129.875
145.669
116.442
136.994
123.026
147.558
124.381
106.878
155.395
146.04
115.806
138.264
134.962
127.274
126.599
138.416
137.366
145.615
147.811
111.888
107.015
117.322
139.585
132.131
140.999
102.897
160.485
121.956
154.63
104.247
170.76
156.012
117.23
122.932
120.526
132.13
150.363
134.038
119.941
122.043
146.613
161.592
147.073
125.85
128.131
134.882
129.922
115.695
108.284
147.949
124.678
134.92
131.009
135.639
122.707
131.729
117.825
139.078
131.927
154.375
187.552
133.168
138.409
130.367
158.921
132.618
145.639
155.803
145.756
117.352
134.636
113.426
111.084
112.037
149.422
160.642
131.301
140.546
112.859
161.463
132.388
144.463
111.668
118.591
122.349
117.692
105.984
163.605
130.404
123.595
103.141
136.507
145.268
129.055
127.6
135.832
130.652
130.775
99.8859
94.8056
110.66
129.375
143.503
133.835
164.846
124.434
115.159
103.957
154.76
139.364
99.3509
104.409
140.743
157.027
143.209
120.767
155.329
138.651
127.013
109.167
134.252
122.84
135.185
132.442
113.969
128.824
115.015
154.083
106.422
141.292
137.558
114.2
108.501
140.401
136.9
111.634
123.774
156.009
126.972
150.395
112.521
157.866
104.495
115.851
154.801
138.406
120.116
152.275
110.972
143.704
148.657
85.1237
170.292
140.67
124.768
127.168
137.054
164.742
143.329
115.313
149.642
148.509
153.435
139.632
136.498
121.621
182.563
146.402
140.424
122.12
124.763
143.273
144.002
131.48
115.171
102.04
99.4377
139.814
144.625
153.771
152.848
131.055
127.689
140.028
121.213
153.786
140.972
127.263
163.832
163.358
126.262
113.508
132.661
186.591
125.36
124.431
137.49
144.563
143.939
114.374
136.098
147.637
117.969
147.885
124.124
148.123
120.527
133.786
141.219
148.849
120.452
132.624
159.75
132.901
119.205
92.3959
151.94
138.279
122.308
117.452
192.204
108.614
142.934
110.443
105.277
125.303
136.291
176.225
165.042
131.788
140.089
144.281
163.099
124.904
137.991
142.664
137.095
158.178
143.708
133.586
120.75
166.442
119.107
164.057
140.582
113.966
154.897
117.867
103.373
140.523
150.246
138.286
110.407
124.47
138.861
123.625
136.67
108.494
139.335
112.525
135.948
171.395
123.132
133.296
120.214
137.066
133.816
132.638
121.383
153.105
137.885
135.359
123.296
105.739
162.429
117.356
161.124
152.542
138.123
128.791
125.859
129.892
126.987
139.838
125.538
142.127
93.1346
124.202
111.416
133.678
129.137
140.154
128.421
130.048
147.944
142.273
128.302
147.066
147.481
138.286
138.036
143.728
138.414
129.425
133.733
138.409
113.307
120.002
150.468
131.105
113.598
159.086
116.648
145.707
112.463
112.16
127.696
150.136
146.819
152.974
124.137
138.818
130.719
125.144
149.701
140.492
111.406
134.68
132.204
130.907
124.689
121.981
121.294
119.567
104.542
123.217
162.988
135.439
99.7663
137.672
141.863
97.1826
119.035
149.314
117.202
156.011
177.872
147.157
97.5817
112.821
171.997
139.872
128.711
120.384
138.332
158.463
141.093
166.112
110.946
129.953
139.684
129.363
133.056
146.866
135.606
147.624
108.164
93.2821
145.494
175.463
173.15
111.523
91.0471
137.008
151.366
151.143
112.441
121.332
146.189
128.584
119.336
121.544
139.735
117.622
117.981
116.118
124.47
135.291
134.196
126.147
132.937
157.957
143.131
169.641
122.873
147.732
157.76
136.969
142.404
126.736
120.84
146.818
87.3322
120.743
119.286
138.045
137.813
128.242
130.552
132.65
119.992
163.781
117.386
102.98
78.4325
141.2
120.862
145.819
107.256
116.566
150.96
113.465
115.196
92.7548
108.03
134.644
123.518
131.628
146.059
162.948
157.074
128.221
123.3
106.187
105.994
116.114
137.297
113.64
106.468
140.204
118.842
132.734
121.431
140.14
114.363
120.079
135.846
133.844
116.004
114.673
130.756
149.667
121.231
112.755
155.22
139.985
122.571
170.345
146.458
114.241
123.335
136.123
154.874
133.489
104.58
133.586
134.984
122.692
161.698
145.04
146.102
76.2448
163.39
152.67
110.933
120.195
127.754
112.741
164.365
129.888
132.301
111.225
121.95
156.263
164.736
111.202
133.57
127.117
185.029
132.803
123.229
131.338
135.098
134.592
106.556
139.127
96.0945
121.864
127.591
113.3
158.897
115.994
146.952
107.241
128.464
122.635
162.253
130.36
125.222
138.702
107.78
138.118
155.015
102.921
125.944
137.572
129.276
155.521
113.498
141.974
157.156
116.967
130.749
154.628
126.115
160.29
113.788
123.428
125.871
161.826
128.886
120.784
173.012
110.384
123.236
143.631
140.795
134.062
130.333
92.7271
135.235
115.818
147.946
127.627
140.99
87.1995
155.286
112.026
139.423
108.461
144.241
132.469
162.071
106.576
112.904
95.3794
164.153
105.294
163.676
130.666
153.353
137.561
129.01
138.67
170.581
168.729
168.156
117.966
115.48
143.094
143.949
122.801
132.141
117.133
128.114
135.077
119.888
123.986
115.195
146.914
130.225
132.613
143.826
167.211
152.482
130.025
189.217
139.525
145.699
118.329
158.663
127.939
142.052
124.412
142.694
134.444
141.695
139.428
146.313
143.386
119.033
157.227
177.284
159.244
138.815
162.264
137.326
166.566
111.782
137.756
136.729
139.206
147.912
125.939
135.958
131.334
130.826
107.742
120.533
123.544
126.994
148.506
142.098
121.756
110.04
150.43
138.424
122.753
139.35
131.311
125.042
144.093
139.272
108.777
148.723
139.481
134.851
111.559
117.234
146.593
131.958
143.601
106.47
133.436
132.16
136.095
147.97
116.643
142.129
144.261
114.937
107.541
136.111
181.688
143.577
142.187
141.022
111.459
126.328
112.478
129.493
139.241
123.857
125.712
119.596
133.785
134.338
162.869
123.944
174.545
148.349
169.446
152.314
149.805
122.46
168.08
116.836
118.807
157.228
148.157
140.434
106.693
141.99
126.388
153.287
137.495
135.316
89.2268
129.374
138.332
88.5871
131.884
198.198
123.249
120.255
111.927
101.981
141.477
149.744
151.554
157.601
140.515
132.96
111.751
148.217
144.433
138.795
123.807
108.217
142.601
133.523
118.824
147.45
136.783
122.171
129.433
129.219
126.908
131.137
172.256
152.087
130.922
115.655
140.266
124.99
157.08
182.271
131.834
126.682
119.984
120.839
141.668
114.605
152.991
126.629
130.464
106.486
113.333
128.867
128.93
108.305
151.743
156.848
80.0531
108.619
116.351
127.486
170.662
126.495
156.435
156.765
150.102
116.438
137.074
113.396
152.903
149.905
134.794
133.561
150.288
136.031
121.88
129.186
148.044
128.667
138.329
120.911
136.073
126.21
135.792
133.42
139.827
140.118
124.981
130.403
123.221
115.009
113.986
146.359
144.145
104.618
124.653
126.938
108.249
125.98
116.326
116.416
135.022
156.357
143.33
120.081
114.974
120.935
124.924
115.001
145.049
122.051
165.881
111.125
177.196
157.545
139.057
158.578
94.343
106.941
112.219
128.339
131.948
100.56
132.856
95.4884
103.581
107.846
99.7823
98.0874
153.845
116.007
112.194
122.066
141.061
152.161
139.233
135.015
149.399
137.603
139.827
145.261
127.561
150.977
125.801
123.563
117.756
147.608
114.696
141.357
107.523
119.889
144.032
160.59
115.016
112.842
130.714
120.389
119.126
151.068
97.4747
160.525
121.232
132.459
129.526
146.921
153.372
132.164
163.257
136.276
90.3926
140.58
103.744
147.582
130.885
101.606
130.959
93.2364
154.984
147.735
107.961
148.653
90.8189
129.497
111.623
116.057
121.776
126.635
151.613
148.745
141.335
108.565
141.745
136.61
155.509
121.343
113.544
188.693
145.273
132.343
150.822
121.702
147.614
136.697
127.491
108.037
126.936
133.324
146.682
123.536
138.333
142.96
138.046
118.919
173.572
154.342
127.989
115.217
142.525
106.025
169.265
151.605
135.631
116.538
97.3276
154.59
99.2263
114.216
155.562
175.446
130.746
147.861
162.463
145.444
128.318
150.754
159.15
149.121
131.128
127.056
140.572
100.455
112.28
121.805
141.08
116.277
135.543
136.015
184.557
108.49
123.156
108.686
118.48
161.646
125.73
145.501
153.8
169.505
151.468
147.187
128.935
114.52
141.198
144.675
123.726
111.901
156.158
140.871
139.93
147.01
119.715
147.701
151.955
104.838
117.211
139.109
135.671
119.983
128.655
131.285
145.202
134.985
120.552
145.147
157.196
155.137
126.501
149.112
143.984
114.204
131.663
131.265
134.089
132.271
121.335
126.693
134.786
147.709
150.876
124.399
148.142
131.532
133.534
144.01
156.852
125.365
93.3604
118.928
146.077
165.021
158.546
117.598
97.8318
150.718
125.976
98.308
108.669
117.768
88.5963
152.101
165.378
107.464
167.849
124.193
134.742
164.193
125.628
136.462
126.33
158.787
128.011
141.767
118.751
116.531
128.427
136.277
85.8313
135.471
108.163
159.104
139.057
146.227
109.12
141.429
110.834
130.983
138.139
109.059
153.93
112.546
142.941
118.408
104.954
154.758
128.905
120.903
122.659
135.696
107.04
92.2113
136.109
177.834
143.553
129.932
97.8281
121.719
145.998
130.577
140.081
130.441
115.496
133.135
104.85
129.782
149.267
138.77
131.512
184.412
122.822
113.385
144.057
146.586
112.404
129.844
128.878
142.417
156.169
107.517
124.375
152.061
124.014
141.306
106.851
119.799
118.485
115.489
132.428
140.594
132.327
125.789
97.4901
131.603
115.954
108.118
155.472
145.157
146.742
116.998
129.426
182.099
140.717
119
119.078
111.033
132.4
159.44
150.038
116.743
106.973
133.333
139.693
137.416
117.302
131.303
132.215
140.77
149.381
125.449
121.334
116.524
145.132
137.776
111.484
138.77
141.054
133.042
134.465
144.306
170.817
128.479
122.162
155.5
151.879
96.4819
130.71
108.159
133.138
114.433
172.164
131.226
129.019
119.273
120.424
110.615
107.573
129.768
149.722
161.801
121.246
134.65
121.78
122.931
137.87
141.021
144.432
124.977
147.084
144.268
178.05
116.424
87.5143
113.944
141.133
143.356
108.547
112.206
135.643
149.694
140.146
124.085
131.365
137.717
120.893
119.142
94.8643
155.641
107.847
112.698
147.004
128.61
112.808
134.298
123.444
157
145.729
112.809
117.921
124.45
157.725
141.44
87.9582
128.688
168.129
128.253
136.18
145.47
146.358
107.612
152.771
157.995
123.408
127.915
139.318
163.507
151.152
144.739
123.796
132.411
110.297
116.932
140.219
176.126
131.342
107.673
132.099
119.265
143.859
155.545
116.711
172.145
176.716
128.258
143.03
147.335
124.827
130.805
133.408
115.856
115.907
158.593
137.677
158.513
114.851
132.271
160.045
148.948
117.073
128.051
112.893
97.809
139.881
134.011
118.184
116.505
147.544
119.661
151.171
154.097
127.484
111.885
144.787
156.159
161.848
134.262
116.414
162.94
180.738
159.105
130.637
112.361
124.834
180.982
134.505
127.316
120.448
152.031
126.261
131.705
142.829
147.544
139.582
150.014
113.387
122.139
141.397
147.068
111.998
111.254
167.978
130.177
130.736
137.577
125.105
138.099
141.381
157.127
152.743
138.404
145.635
113.947
131.291
142.147
108.551
118.101
158.126
157.256
126.286
113.347
141.276
132.143
111.915
124.364
154.668
129.757
137.357
111.081
134.075
96.649
137.487
108.065
139.814
109.688
127.881
155.295
134.613
127.138
125.945
128.711
117.121
160.058
115.518
114.279
127.49
128.754
155.548
146.239
181.29
123.477
103.173
117.148
135.052
123.337
135.894
139.432
124.508
107.813
130.027
107.263
138.045
186.03
204.856
97.3224
125.203
134.665
109.374
129.269
130.592
144.063
107.29
119.903
142.37
103.19
139.67
140.849
142.882
106.49
103.418
172.104
96.5702
126.767
105.864
134.905
99.3246
126.381
110.528
159.624
139.54
140.386
124.135
128.03
119.224
126.776
141.343
151.68
106.46
165.413
122.231
133.487
143.083
143.545
145.172
118.679
106.42
136.261
117.78
132.925
140.063
116.827
157.666
139.267
133.504
153.131
131.685
156.292
130.794
145.818
117.54
133.816
126.844
153.384
138.055
148.425
145.066
138.803
132.502
135.162
136.614
108.294
119.902
113.19
133.687
152.806
132.344
120.98
161.003
124.121
119.761
137.654
156.316
123.308
133.899
138.334
135.471
123.89
124.393
121.057
147.493
152.323
149.97
136.583
120.834
131.242
142.758
110.917
130.785
119.553
119.266
124.235
162.529
157.081
126.016
132.171
104.761
100.674
130.976
122.514
122.217
170.811
113.351
138.105
140.992
133.213
142.438
122.825
136.474
157.907
125.802
134.504
111.284
133.977
119.819
125.003
130.655
144.282
213.413
134.925
147.183
142.89
133.732
144.555
134.473
120.269
144.833
117.523
128.653
123.66
144.835
151.54
175.469
145.403
123.147
123.76
159.175
147.261
127.709
114.98
110.833
129.831
148.672
178.453
136.519
146.468
107.425
127.457
113.329
125.368
119.389
129.544
120.891
141.017
142.455
115.577
120.249
141.208
167.677
126.599
124.393
140.281
109.772
157.64
146.605
140.39
112.517
161.488
126.905
123.582
112.168
141.721
144.824
136.507
144.651
119.407
182.08
123.262
123.848
111.059
125.893
141.458
135.206
155.552
139.087
152.581
128.259
124.417
140.458
135.615
162.263
125.453
133.142
133.792
141.863
93.3082
140.617
105.925
129.068
134.146
142.181
139.777
152.232
126.493
123.99
147.643
112.045
137.584
112.547
105.222
115.574
132.785
140.18
158.571
155.163
118.994
135.296
147.786
140.154
140.71
158.076
135.4
125.345
115.458
125.418
163.522
126.804
112.203
154.227
123.534
141.679
132.669
151.723
124.655
128.079
149.625
115.425
132.632
120.755
153.598
160.308
142.628
138.018
118.913
120.959
114.827
143.731
136.448
127.599
111.108
122.924
136.3
149.856
140.083
125.023
125.053
150.945
156.826
137.25
98.3611
161.821
160.893
151.77
145.365
170.516
129.37
119.873
123.61
127.679
122.664
157.977
119.881
115.354
117.407
121.273
129.007
129.324
122.218
136.399
137.669
118.59
127.088
103.337
134.969
141.94
113.357
127.862
135.412
139.101
154.205
104.835
114.545
121.113
146.89
109.94
138.176
137.029
135.281
138.747
144.007
144.918
138.165
142.086
138.177
150.85
173.753
139.413
139.221
119.887
103.662
144.529
144.861
171.832
148.556
118.635
136.66
100.028
121.631
153.062
136.498
129.711
153.617
127.481
118.325
113.901
104.299
158.794
122.958
102.126
133.417
119.098
111.708
181.702
118.451
153.381
135.275
161.122
142.179
135.229
162.291
101.821
160.22
139.678
156.396
114.904
97.402
135.91
161.555
152.027
115.98
143.247
140.527
118.248
93.281
129.331
121.155
92.7672
103.497
123.053
131.735
143.598
168.69
137.561
113.762
124.712
137.443
163.138
162.789
157.089
121.312
145.595
156.666
127.703
118.886
141.83
152.023
162.897
141.649
116.895
104.653
113.199
119.726
143.803
143.762
139.101
135.491
146.498
113.942
110.726
111.866
125.898
118.884
122.871
141.543
169.394
142.577
127.738
106.897
111.925
139.308
120.472
115.49
131.666
133.23
168.926
115.294
126.185
172.082
104.884
149.432
111.325
108.625
156.035
151.083
150.996
91.3797
156.925
133.573
141.803
139.203
148.149
171.254
139.256
121.839
135.538
123.832
125.781
131.28
135.097
140.771
145.276
113.325
135.804
145.774
127.464
121.371
128.936
151.763
152.473
136.228
148.277
121.317
137.121
133.049
101.953
124.772
122.42
156.539
144.763
141.99
127.228
141.601
137.787
149.551
132.377
130.787
122.947
140.928
97.011
129.15
142.475
105.999
161.956
135.614
157.859
171.713
126.86
118.835
179.984
124.129
136.238
121.089
137.903
127.075
146.393
155.579
167.282
130.079
151.101
128.928
151.035
115.443
128.332
119.374
110.884
132.177
149.113
147.777
131.062
128.833
110.966
157.313
141.778
133.878
157.518
160.244
172.9
115.372
143.518
143.85
153.35
94.5187
149.962
136.083
134.066
127.483
114.969
120.121
127.441
122.165
155.286
152.91
138.767
159.16
128.173
127.125
120.757
144.11
117.559
130.535
143.116
159.172
157.84
143.536
125.11
172.849
158.901
123.277
146.683
157.955
117.312
137.053
102.395
146.644
175.517
130.436
137.872
134.448
126.207
159.133
147.605
134.983
135.797
131.894
145.456
139.295
166.83
133.578
111.846
135.281
125.565
169.455
128.673
143.511
111.804
139.524
110.183
158.107
140.026
120.458
111.713
129.009
139.564
151.996
130.968
142.491
141.371
124.209
111.342
104.955
101.768
118.633
134.408
138.937
132.707
97.3001
121.922
155.034
121.14
138.078
114.236
109.929
145.276
137.746
135.542
154.71
123.702
154.769
122.618
136.387
139.881
127.966
117.406
94.7622
146.214
138.604
122.691
137.482
94.1167
118.009
112.154
130.688
131.529
149.738
129.648
140.538
142.796
106.449
121.899
122.361
111.225
119.055
112.933
106.85
134.976
138.202
135.321
127.221
133.706
139.125
110.533
106.554
131.616
120.509
95.7725
157.351
112.063
121.312
113.329
143.551
128.193
121.921
112.899
131.477
136.48
127.625
147.125
112.997
116.485
159.609
133.525
146.428
128.68
134.38
179.819
129.102
117.272
146.405
127.953
135.504
112.363
140.931
123.441
119.503
138.961
155.72
126.62
108.234
120.772
86.3314
134.539
125.562
132.273
119.013
147.438
126.806
130.126
137.568
129.495
139.182
108.036
140.861
115.183
132.248
191.515
116.052
151.142
114.336
114.432
142.533
132.997
122.672
141.981
133.877
120.33
185.334
110.567
135.154
146.632
115.833
130.65
129.078
151.158
166.784
162.676
170.9
142.734
160.189
164.501
136.137
155.242
147.286
108.372
123.853
170.318
139.767
110.784
139.589
139.79
138.185
131.405
136.611
120.913
96.3788
113.206
128.828
138.98
100.198
140.232
156.144
134.141
124.405
136.556
131.222
133.66
182.016
112.036
151.063
138.519
135.698
116.372
124.376
131.973
133.078
143.896
104.244
144.784
158.413
136.863
149.38
128.116
116.664
107.253
127.551
154.576
117.532
117.734
112.462
151.185
158.816
131.114
138.836
143.716
159.524
108.245
144.481
117.728
135.103
145.92
149.55
106.389
125.089
113.76
138.365
111.795
121.675
108.94
127.791
150.73
125.34
148.883
174.984
94.0921
168.041
118.52
127.918
170.555
136.614
120.111
151.48
177.18
95.7689
143.75
131.515
137.997
161.535
126.785
181.575
118.843
130.274
128.38
155.986
122.558
124.95
144.284
129.99
111.944
99.7828
125.13
132.708
121.012
128.816
111.589
123.921
133.578
140.861
128.097
146.529
155.23
116.005
100.649
108.561
143.415
122.944
127.728
113.233
138.662
119.198
114.61
132.418
165.438
116.473
162.119
173.678
153.606
118.058
131.665
152.865
125.825
134.252
108.747
168.507
134.116
113.434
116.61
128.522
149.786
129.035
133.473
101.357
159.077
108.62
146.368
133.573
113.146
168.128
133.227
160.161
151.82
149.05
130.594
137.535
131.48
125.536
118.669
109.332
135.648
127.108
115.95
127.526
138.079
150.888
154.291
135.455
120.918
145.511
121.064
109.663
109.914
167.13
132.919
175.241
121.719
109.619
110.306
145.047
129.214
126.052
129.363
124.54
104.67
124.577
125.025
133.119
141.513
135.134
127.988
124.564
136.388
160.416
168.782
119.8
125.55
148.903
142.575
85.7386
117.346
151.824
114.31
118.016
143.489
140.445
161.355
151.5
117.153
148.491
165.581
149.195
145.184
111.356
126.94
137.862
128.905
116.427
132.515
118.16
155.341
157.144
151.025
119.207
112.339
128.402
118.054
136.265
131.961
119.388
170.386
156.518
116.424
107.394
125.59
137.748
123.484
112.581
122.474
151.25
145.645
140.857
184.174
155.215
136.15
140.503
131.2
118.627
131.146
131.109
143.609
118.443
121.951
147.135
125.323
140.658
141.686
119.184
111.883
157.292
97.8055
142.043
128.516
120.906
114.511
116.141
117.66
129.311
114.848
137.391
144.743
135.679
108.26
124.508
126.556
145.356
132.278
113.485
140.906
99.45
134.346
155.3
160.97
143.202
101.614
158.357
115.237
134.03
134.284
122.824
99.3343
142.164
104.925
133.295
121.223
148.653
112.298
139.384
133.516
144.038
118.683
126.888
111.977
126.427
132.288
114.204
124.951
139.361
87.6858
166.531
126.037
156.233
134.585
89.7613
115.953
123.178
148.143
134.369
131.753
129.771
125.063
113.053
148.287
150.778
159.166
160.604
157.178
137.748
137.775
142.798
147.093
118.172
143.01
115.639
154.477
129.372
133.718
114.002
153.053
132.891
134.18
164.696
100.973
143.623
118.221
140.678
159.531
129.486
129.396
167.436
145.998
136.765
154.335
116.567
124.607
127.905
153.18
134.017
140.628
118.167
133.78
114.329
154.491
120.443
139.26
140.688
113.585
138.553
146.031
146.826
140.035
134.427
126.555
138.271
124.795
121.632
137.755
154.806
119.135
145.087
128.913
151.12
106.418
167.249
110.165
126.858
161.931
128.545
106.954
129.271
149.373
137.678
114.616
135.698
112.412
150.914
167.296
118.234
126.466
101.934
133.302
127.237
119.66
130.348
144.789
143.841
139.586
153.489
113.791
122.892
135.59
143.258
154.283
109.005
107.453
137.778
125.904
124.375
128.864
120.04
144.895
138.423
156.724
137.058
152.443
120.551
116.668
117.533
139.852
135.017
101.76
127.351
156.119
127.626
108.814
172.095
122.349
144.525
152.256
156.837
116.237
126.679
128.418
133.137
140.372
115.725
117.725
135.869
113.172
100.206
151.954
106.752
139.615
139.005
91.3718
130.576
125.543
121.431
126.893
141.509
146.685
127.671
126.938
112.183
102.612
114.054
170.694
148.569
139.222
136.677
138.262
150.544
145.57
118.044
110.629
140.048
170.267
117.071
128.913
109.574
139.628
142.074
130.355
129.54
145.37
132.692
126.962
120.651
132.614
164.39
143.333
133.159
118.583
152.711
107.132
122.737
154.353
161.589
125.261
127.363
161.493
142.85
154.821
129.229
134.314
139.24
165.452
140.904
151.814
137.535
108.037
157.673
164.316
145.061
112.07
177.154
124.451
142.939
125.567
128.778
108.989
118.78
132.807
146.008
138.812
133.533
134.199
124.078
105.46
157.218
172.891
130.738
105.762
118.635
124.551
128.388
129.207
138.337
177.588
140.737
112.392
98.4512
151.514
151.995
122.74
144.968
119.031
135.441
130.473
107.426
133.868
127.261
146.441
161.041
137.274
125.702
125.572
155.585
132.687
148.788
120.446
122.716
109.454
131.424
139.386
121.519
162.267
154.586
187.08
127.662
100.811
145.413
134.093
139.996
124.196
154.757
120.636
137.376
149.031
126.107
132.224
133.223
131.875
138.219
129.033
137.208
123.536
124.47
124.929
129.028
135.85
124.519
122.976
124.289
117.71
128.467
103.725
115.059
121.238
102.326
120.916
165.19
118.796
125.89
163.208
150.287
125.391
123.232
138.904
176.696
132.532
123.122
163.898
135.029
146.476
123.333
135.95
157.371
129.553
135.064
140.995
143.3
104.574
158.195
114.589
124.491
142.022
108.974
133.95
104.934
126.078
161.976
122.182
109.879
146.686
156.724
108.099
193.989
134.953
140.245
147.708
111.083
132.873
143.922
115.341
146.015
141.856
113.367
124.017
125.198
135.746
153.759
118.902
149.738
130.12
127.51
136.963
130.11
126.905
139.277
169.629
158.129
133.932
103.048
132.239
146.698
113.602
117.144
120.977
93.0843
104.199
151.029
119.927
147.029
134.086
124.096
122.702
113.249
133.489
151.569
119.029
107.745
132.653
131.316
155.27
129.617
121.751
129.767
129.867
113.97
145.474
144.798
135.129
141.451
126.898
124.594
150.861
120.515
149.632
131.662
137.172
134.01
126.655
157.621
103.69
168.877
174.729
132.347
141.274
156.312
123.936
141.009
118.384
138.233
107.66
171.558
120.044
131.232
123.567
129.067
157.868
131.761
131.648
107.539
180.344
143.849
83.5812
141.192
152.32
114.427
149.381
137.707
137.493
123.267
139.895
141.746
99.8427
118.168
144.796
156.891
130.205
110.351
120.729
136.328
160.251
152.028
133.774
139.342
143.454
129.942
135.139
123.056
124.061
141.367
167.742
162.176
126.95
157.481
124.687
106.772
144.608
129.562
136.041
145.282
151.708
137.012
119.296
129.751
146.807
135.888
140.394
144.413
137.389
142.351
112.004
152.125
164.555
114.706
155.524
144.272
132.752
150.265
152.625
162.687
101.348
142.399
123.337
126.05
195.856
135.357
146.194
116.617
115.502
112.13
133.217
163.352
131.595
135.655
125.793
129.175
148.077
149.98
119.798
145.946
140.474
140.367
118.506
149.213
129.29
138.693
139.465
151.394
136.606
152.397
150.225
144.843
148.439
173.159
105.034
137.553
126.209
136.883
142.317
141.783
145.938
126.353
136.532
106.311
104.543
143.517
93.996
167.338
141.612
134.938
141.411
145.051
166.195
139.508
134.96
155.359
119.095
148.905
117.507
126.325
115.841
108.986
119.381
142.251
100.69
136.643
123.506
139.023
120.27
129.287
132.326
136.547
103.779
154.617
146.647
148.335
130.346
127.123
154.569
108.847
133.092
138.007
145.279
144.613
116.313
118.38
140.983
131.138
161.893
130.507
98.764
166.422
134.418
130.735
83.7152
123.961
130.931
123.327
133.803
175.28
144.476
143.05
148.553
115.938
137.415
145.458
127.464
149.9
146.778
113.442
138.304
137.069
142.067
126.007
142.13
119.309
117.291
106.56
135.949
124.795
108.192
175.093
110.626
166.578
114.467
151.305
150.787
123.479
149.856
133.966
134.447
152.242
144.847
95.2096
162.903
154.553
138.242
175.133
119.318
145.76
147.669
127.806
106.092
107.905
109.238
139.865
148.38
143.78
128.839
160.393
166.373
136.322
109.375
122.88
146.342
148.833
133.136
161.521
148.751
130.8
145.602
153.075
143.862
128.888
129.353
130.166
142.484
144.654
114.54
108.413
161.138
140.284
115.63
119.391
105.314
149.223
151.846
116.535
117.283
146.659
105.746
138.214
105.829
148.368
153.958
111.303
113.641
137.726
149.842
159.623
103.754
132.324
130.081
159.259
136.555
128.04
140.295
124.949
109.625
132.175
109.008
121.934
126.734
136.446
134.832
145.48
124.525
164.986
124.802
107.458
130.435
145.923
156.198
145.483
122.06
143.455
129.71
133.27
153.665
148.021
80.7504
116.006
110.996
107.359
120.809
110.404
131.317
126.375
115.524
150.938
111.371
133.899
123.862
114.107
138.771
151.895
152.245
136.018
143.215
122.399
138.407
121.067
158.854
128.833
141.731
121.606
131.457
110.798
127.786
122.718
151.591
141.918
142.269
160.515
165.506
130.403
128.136
124.135
128.183
117.089
126.589
157.174
113.823
116.643
145.577
112.464
116.692
98.0439
156.33
121.689
148.767
127.312
136.132
131.132
134.496
139.471
116.164
162.822
155.288
147.454
141.848
131.219
127.811
151.823
120.401
138.764
142.695
156.599
119.851
143.49
146.614
147.465
139.963
115.099
137.364
144.4
107.266
109.161
96.8476
124.216
141.228
140.04
122.456
120.309
162.661
120.617
126.982
110.881
138.594
165.675
136.324
125.963
107.545
127.903
139.52
159.598
107.661
132.875
113.48
176.384
123.079
135.881
115.393
148.834
147.598
169.083
109.868
121.059
124.938
133.462
158.679
132.205
108.517
127.273
155.107
133.28
149.772
132.645
106.681
143.27
110.25
162.785
153.184
120.658
142.449
123.138
128.606
142.697
131.805
152.665
147.955
140.709
156.175
128.07
128.329
149.513
101.765
149.417
129.453
124.282
152.145
112.303
148.766
122.654
146.916
94.1565
137.406
132.663
137.321
121.797
143.311
129.649
126.283
99.6914
123.664
123.709
123.972
111.13
133.688
120.4
136.681
88.7139
106.02
126.979
114.527
127.437
145.65
108.433
154.609
164.977
121.233
154.107
115.067
151.196
122.211
159.281
144.324
104.382
136.252
121.532
125.304
134.228
102.101
150.079
130.686
129.157
135.841
114.373
136.469
104.161
136.697
122.351
160.563
107.618
143.544
131.816
121.198
151.681
124.763
127.787
106.828
118.673
125.842
111.924
108.622
180.473
157.548
142.042
119.647
136.444
121.512
139.736
142.656
104.532
162.879
150.668
119.431
149.459
143.947
171.998
165.362
131.531
143.921
134.203
141.385
121.203
147.531
104.671
122.723
164.626
156.092
106.923
166.687
150.928
178.765
142.182
140.972
132.888
120.538
151.98
139.34
119.034
137.396
143.255
148.965
144.971
116.155
126.945
112.439
150.684
89.9526
117.659
117.337
132.618
133.705
127.347
143.703
156.153
166.553
129.459
109.099
135.207
127.693
118.198
140.011
156.196
117.946
91.3294
132.972
175.26
116.4
172.309
147.396
119.066
147.125
146.441
146.859
119.505
147.135
120.785
122.273
144.575
125.386
123.85
122.47
108.825
130.286
114.33
153.929
150.201
137.773
115.927
124.907
142.954
124.704
127.024
120.156
117.231
140.789
109.168
137.762
162.412
172.27
113.867
137.491
138.268
164.031
119.248
137.615
140.653
161.041
133.242
114.661
140.097
125.447
141.142
147.732
130.069
141.174
103.476
132.175
137.833
139.651
149.606
153.166
120.533
106.052
132.545
93.8101
180.277
114.932
140.512
131.364
122.266
139.742
149.011
100.029
143.347
135.011
149.748
132.961
130.96
119.857
158.109
171.93
130.968
140.996
132.032
173.961
125.259
140.9
124.367
157.757
144.327
125.398
132.566
164.864
131.558
130.408
157.36
117.503
157.156
155.687
129.436
109.802
118.389
124.99
120.423
132.791
130.897
131.754
114.887
131.193
179.328
161.557
119.574
106.275
134.186
122.673
112.058
148.058
126.919
121.549
132.927
160.56
132.653
143.686
149.243
133.211
156.405
138.899
116.347
130.232
145.182
135.13
115.263
135.384
127.023
112.28
130.507
107.896
149.626
103.55
125.529
109.599
128.31
122.574
113.225
121.997
121.839
161.157
129.157
134.753
130.53
127.037
133.107
154.33
110.232
139.454
131.342
93.7836
126.897
98.5077
119.649
133.046
138.553
114.111
143.841
135.308
136.58
138.916
85.987
99.1182
147.004
165.835
147.86
160.708
128.208
159.361
112.909
147.66
148.221
117.785
133.773
125.026
141.025
125.744
131.577
154.364
181.01
115.814
133.654
133.419
145.298
167.237
125.897
155.386
126.975
135.458
135.863
137.392
126.117
125.853
107.145
101.487
131.759
149.035
141.383
105.346
135.326
128.655
154.671
119.913
112.638
171.272
152.941
76.4844
133.708
132.852
133.093
112.043
121.457
168.04
135.952
114.924
109.186
121.933
115.715
130.353
160.905
168.65
117.436
140.432
140.772
120.54
138.994
131.776
125.068
128.326
148.606
116.563
126.188
130.912
108.947
99.8261
144.642
155.087
158.531
106.787
101.776
133.86
109.693
149.128
168.98
147.869
121.233
122.142
116.983
163.19
139.491
124.143
121.911
130.078
123.827
98.672
126.253
125.543
130.554
111.912
122.542
151.202
132.891
160.844
158.368
139.364
125.218
116.563
138.431
137.755
139.615
157.61
171.403
144.687
142.605
138.375
120.667
176.001
113.766
140.359
122.746
107.088
161.925
95.4556
116.569
129.37
116.793
150.358
143.497
110.55
131.261
104.742
135.286
93.0051
138.478
143.766
112.869
114.59
97.4176
152.434
159.103
166.953
109.944
130.775
123.08
163.084
152.21
135.078
182.042
130.64
136.085
116.63
107.15
145.985
127.729
143.529
102.803
144.711
130.154
134.576
145.744
129.052
107.067
114.436
128.015
128.939
139.251
120.402
174.035
125.154
107.44
138.73
151.619
168.674
129.668
115.426
137.438
113.99
135.665
155.504
103.692
124.655
160.128
112.346
115.322
126.745
136.237
161.443
147.608
96.648
135.21
114.187
121.296
107.405
158.135
133.918
141.997
115.914
128.699
138.071
125.133
147.777
118.637
129.473
138.707
119.392
136.32
84.133
133.402
144.835
130.802
127.066
115.235
194.979
129.524
124.122
159.299
131.911
124.033
154.274
144.483
129.752
142.811
134.22
120.239
172.547
145.154
123.256
114.8
114.817
138.562
126.324
133.637
143.371
183.075
130.127
125.333
170.185
150.79
154.227
155.516
151.909
111.285
119.55
174.914
122.133
128.849
148.282
160.97
117.061
153.995
152.487
186.374
114.171
118.016
176.636
105.016
140.336
179.079
110.905
112.62
153.764
109.143
135.127
119.668
134.09
154.376
162.839
143.314
119.353
105.094
143.463
128.822
116.169
131.637
126.837
131.552
118.229
138.464
104.17
161.582
177.038
112.611
136.429
110.277
147.972
139.983
147.876
154.003
115.445
109.258
139.385
120.588
102.408
119.171
121.381
141.019
140.448
141.81
140.585
120.878
176.313
136.447
118.529
131.573
133.777
130.713
174.07
150.012
140.864
117.178
145.834
168.547
128.209
144.479
171.649
170.954
110.827
153.765
130.686
141.691
149.433
152.502
101.253
123.253
121.002
136.446
100.01
158.136
118.141
100.149
112.96
108.268
115.996
113.242
139.286
125.649
121.803
124.61
170.662
124.672
144.465
140.518
105.491
149.019
138.957
122.215
129.7
129.314
139.238
125.543
161.32
128.51
123.391
132.948
139.607
125.39
126.267
157.094
146.609
139.594
141.669
151.741
161.4
143.547
139.483
148.653
121.585
131.002
136.985
116.873
152.113
125.967
134.733
117.999
163.377
125.802
153.228
139.281
132.146
87.3086
138.235
128.783
136.359
126.014
125.406
157.452
149.917
136.741
96.9368
109.956
145.083
117.695
151.703
159.699
111.709
158.895
122.523
96.072
132.772
135.403
134.734
146.971
156.05
136.526
125.275
159.441
144.537
124.378
150.39
145.866
130.405
130.471
162.484
178.602
118.819
129.711
148.88
132.098
144.271
139.987
122.863
131.994
96.8724
132.754
124.447
156.068
141.99
112.89
155.911
148.052
151.062
169.087
121.536
158.261
160.761
136.969
123.672
150.049
96.624
132.148
131.363
130.083
99.0841
123.078
138.601
123.221
132.804
112.875
118.472
181.39
143.126
155.527
156.433
133.833
123.198
164.202
141.961
130.68
145.463
147.113
151.583
124.923
163.587
141.17
140.541
106.604
125.904
115.635
125.254
117.383
116.277
110.019
127.198
158.826
166.443
120.624
146.251
122.536
100.819
152.979
122.019
124.468
161.549
121.477
119.373
115.865
134.132
120.745
141.403
164.914
138.652
176.886
118.015
120.21
84.8912
156.96
142.7
164.266
150.311
124.542
127.14
137.768
123.055
130.374
120.49
122.835
146.268
128.01
133.98
106.143
109.978
142.423
119.657
141.154
114.557
146.993
123.551
125.656
132.377
149.759
107.467
114.053
127.945
140.033
158.461
151.163
127.773
125.215
122.091
167.765
158.583
127.516
124.671
177.897
130.293
152.38
144.352
127.868
109.014
165.03
115.688
97.3161
136.407
152.059
150.308
141.099
115.3
137.079
105.89
149.648
133.329
130.131
128.563
159.63
138.829
126.848
100.609
