77.4351
124.873
89.6181
82.4483
100.792
97.1861
67.5
84.778
97.7626
84.6659
76.9672
107.997
76.2704
109.56
111.955
100.73
75.5314
92.2372
89.4867
71.2213
91.3983
94.0861
98.2589
85.9854
100.989
117.925
116.182
84.2476
124.619
92.0483
92.0777
84.3449
107.08
102.714
85.1666
99.1539
111.25
117.903
84.7184
93.4063
105.061
87.426
127.996
108.256
88.1959
99.6261
108.346
87.5501
112.703
106.688
93.1335
71.332
90.2518
112.306
95.715
100.298
98.6835
106.68
88.5817
74.6502
95.4193
91.3238
103.878
72.2732
111.544
129.185
126.218
124.41
115.929
112.053
104.943
101.887
95.2772
79.3168
87.4085
105.005
86.9097
129.918
95.2184
106.331
66.6433
85.5004
88.5686
101.634
86.3558
80.9608
81.1749
112.881
103.867
88.5504
124.044
103.949
82.9982
123.783
96.2987
83.1945
111.89
99.3351
113.133
82.3199
80.3366
115.077
74.2851
84.1538
79.9883
95.7226
101.548
84.2681
115.871
101.523
91.0742
118.627
95.834
95.7531
101.986
105.099
89.3255
90.0037
89.5826
102.089
86.1445
92.2965
112.461
118.738
102.425
126.376
93.6118
92.7328
121.545
103.074
87.1828
71.6063
116.042
99.0828
111.854
106.055
91.2477
92.948
102.079
72.0622
89.0214
106.537
94.6771
105.023
84.1964
107.585
101.541
100.876
101.513
105.195
112.63
101.323
91.9321
92.9354
107.475
96.4071
129.834
123.882
80.4179
101.395
114.232
96.8972
108.894
103.728
103.449
79.0234
85.6532
95.7951
85.1255
88.9069
105.16
94.0657
103.193
87.1467
81.4862
105.812
89.9139
106.789
78.0186
111.517
98.3102
102.447
109.315
150.193
101.948
74.6382
99.3954
82.9648
90.3025
87.225
80.8741
81.5854
97.9653
127.269
106.071
109.322
112.688
92.2345
101.555
75.1995
106.404
95.0923
123.292
96.8383
90.713
137.984
105.203
85.1078
110.174
109.146
91.077
109.496
101.198
111.154
107.093
83.722
108.763
101.243
108.218
92.1056
98.0513
89.9381
96.1444
100.874
86.6436
85.3918
104.577
90.6452
93.124
96.6393
87.5732
132.274
86.9828
114.482
108.131
110.225
98.4174
107.417
76.754
79.5249
103.688
71.6689
104.435
120.225
115.477
134.622
108.303
87.7501
78.9375
115.299
125.301
81.343
117.981
116.399
97.4965
102.322
86.235
81.6033
80.2381
87.6524
110.541
100.873
81.5579
97.816
108.071
95.3253
65.4457
109.325
136.986
83.7833
82.7396
107.461
91.7671
115.548
99.8623
100.618
84.2824
92.4276
100.564
104.748
100.619
101.701
83.3349
115.857
83.9139
111.501
107.839
70.2439
105.96
108.874
90.5255
102.769
107.1
77.3473
108.597
86.5237
94.0399
81.1533
85.0383
103.986
102.299
109.418
74.7065
88.6739
90.2717
104.361
77.635
112.215
97.78
98.3028
83.7313
111.621
97.2244
98.4874
109.453
100.926
73.2016
77.5215
93.1185
94.9328
100.528
91.4992
105.211
102.42
84.0215
98.1878
83.3321
97.3353
99.3982
80.9237
87.0637
108.61
89.9149
108.331
100.272
102.86
98.3724
99.6588
78.929
98.8744
95
100.001
117.113
97.101
74.4554
91.2915
106.671
88.3635
102.717
93.9705
91.3076
108.442
97.4959
58.2052
110.826
79.3739
90.841
100.27
80.2821
80.8284
89.8917
109.836
105.974
90.2209
113.188
97.1942
105.817
109.198
97.7084
101.146
99.347
75.54
100.658
87.4968
82.9139
123.917
100.285
79.846
89.1318
89.2114
93.3687
97.3149
81.5452
106.005
124.466
95.0478
80.7046
106.355
105.62
78.5342
105.998
108.843
133.463
116.419
110.635
93.7143
98.3388
101.559
109.036
90.4947
114.425
106.618
92.5936
83.9148
101.472
82.2726
125.504
98.8531
102.556
100.571
86.4774
89.9189
110.34
87.0103
101.531
91.3981
91.2259
104.384
91.2994
102.088
107.178
100.654
101.983
88.1195
100.015
116.276
86.0436
101.816
85.821
93.4412
78.7025
103.89
135.208
75.854
89.4226
124.009
93.2111
83.7059
121.601
102.661
107.127
75.6929
107.198
86.6524
95.8597
90.0936
104.902
98.7435
101.94
119.42
104.276
132.512
118.853
86.1551
95.9444
103.539
96.0172
99.0802
87.3231
82.7622
77.2167
92.9906
108.456
105.282
105.01
81.557
98.0918
97.4374
92.4917
94.3028
121.479
115.494
155.003
108.496
89.5548
118.526
91.8012
72.104
105.838
85.2536
104.156
87.2558
128.8
94.9058
106.006
92.9279
89.7864
100.832
96.3994
89.4375
94.4104
84.0261
98.9354
118.771
96.5734
124.375
99.6209
89.4555
101.701
112.929
107.94
91.2508
94.3395
109.269
114.381
103.37
99.2186
92.364
99.8583
71.3182
125.97
87.7987
97.8738
121.429
101.522
95.5646
114.032
100.033
109.364
86.5844
104.603
101.232
88.8383
111.349
87.681
104.107
77.4107
104.83
98.1272
118.394
107.307
112.715
110.559
82.6438
92.8016
114.669
92.2219
101.981
95.9829
106.442
79.1759
92.72
95.9245
99.5058
89.4022
97.6729
95.183
86.5782
106.218
95.505
104.603
102.416
103.844
85.1617
104.817
112.328
82.0577
97.3484
104.853
104.963
107.178
67.794
101.041
92.4995
92.9939
97.5923
105.745
92.2076
110.565
91.9264
94.5693
139.393
103.018
107.935
77.0824
91.2195
110.611
106.713
85.7804
93.4798
100.348
87.7764
108.685
98.6657
86.4447
134.347
111.078
125.34
111.753
90.3975
69.4956
98.4309
84.2775
97.5284
100.723
93.0999
101.872
75.8459
96.103
125.987
87.1519
112.747
99.1659
94.7085
130.184
102.066
104.208
91.6691
108.854
131.278
79.2726
92.5854
111.596
98.648
102.925
99.3365
85.6896
103.886
94.5666
101.19
88.6158
110.72
78.3626
96.1213
82.2033
96.9569
114.34
93.0077
100.647
84.3733
86.1574
109.072
76.2713
92.5724
115.96
95.6034
103.196
81.9857
95.7055
87.2279
115.374
110.935
93.8801
115.25
124.113
124.2
71.966
101.105
88.6138
94.0062
91.342
90.1122
97.8169
103.208
107.919
105.675
122.892
92.7249
92.1727
88.7295
95.0314
125.959
78.5496
70.8526
77.5188
96.9232
98.5847
104.888
102.392
89.8124
90.7907
94.9651
120.735
100.639
131.802
86.8601
106.469
98.3641
119.071
92.3425
110.29
121.592
139.075
109.857
87.4314
83.3631
78.9136
100.82
99.2063
66.1476
112.738
110.37
100.956
85.4704
97.8228
102.609
83.1771
117.175
92.7973
111.776
93.6305
95.7873
99.9294
79.0081
111.297
88.4221
104.33
82.3042
87.9366
92.1355
102.987
78.0623
80.5339
106.572
128.87
86.5883
96.1164
95.9768
132.489
106.568
81.8355
86.4446
110.759
87.4789
120.442
74.7257
94.7559
112.033
77.2358
88.3898
128.043
93.7397
86.2298
95.5204
110.907
77.3827
96.5701
98.2811
92.1953
83.8943
103.646
111.341
78.2101
108.007
73.1057
110.856
98.7508
102.338
104.645
86.269
95.129
78.6021
99.3223
108.762
100.878
128.21
78.7528
86.5976
117.693
95.9165
71.8723
90.3329
93.003
99.2631
114.346
84.7662
86.226
126.491
92.2138
101.417
89.5898
83.8058
85.7959
93.3797
124.233
79.5885
113.287
95.0485
104.394
91.8052
68.987
125.752
106.99
111.109
104.135
109.161
106.322
96.9623
114.138
116.286
96.0149
99.3268
95.9015
115.21
76.6837
84.7444
94.5404
89.4357
84.461
102.78
93.8835
109.439
85.533
119.632
99.1141
94.1193
111.673
99.5826
106.559
72.8566
89.9289
117.93
85.7841
110.523
90.992
86.262
106.655
108.477
87.5793
76.5858
88.0614
92.3966
113.259
102.109
72.2791
98.0453
92.8089
84.0664
91.5233
96.0583
101.07
87.5002
98.3895
84.4707
90.1705
112.075
112.113
115.401
87.1102
97.2382
72.1846
83.9163
89.056
89.5114
114.11
109.988
114.305
105.89
103.435
81.9963
106.851
112.478
91.6093
89.0517
101.227
115.137
99.1744
109.187
97.3618
89.5213
115.218
117.865
96.2172
110.126
113.985
96.3294
123.492
101.557
111.437
109.217
94.4516
102.138
112.434
69.3817
93.6384
89.4007
87.9956
98.0237
109.035
90.8704
100.054
122.526
89.031
117.112
99.1306
95.6057
116.946
98.1544
102.394
96.5885
94.2746
89.5786
92.7353
86.8802
119.978
93.1975
123.981
102.08
93.426
80.8635
67.2977
101.968
102.045
78.349
97.0916
115.283
87.11
111.636
90.7336
92.8076
101.985
75.7615
73.4825
95.0939
95.2954
100.94
98.3908
100.738
111.776
110.29
106.947
88.0399
106.961
91.2005
91.5125
108.426
116.374
127.254
113.886
95.6955
84.0096
88.8291
103.04
107.855
102.485
117.588
84.5969
102.322
92.0965
91.1074
98.9051
94.3926
105.037
67.7771
121.33
78.0547
79.8475
71.5291
89.3793
88.6408
114.507
91.8751
71.4119
104.575
101.824
98.5017
71.1458
126.315
107.593
88.3366
92.1099
108.381
76.856
88.0521
118.766
101.092
87.5001
97.2214
112.926
100.072
103.144
87.0115
102.34
90.5225
128.448
102.889
100.724
112.649
119.874
89.6169
126.094
87.8216
71.5926
91.5891
80.8428
74.2584
93.1285
116.375
110.235
118.77
77.6485
100.97
107.907
86.1028
97.9026
123.132
94.4017
87.5508
107.544
99.6651
102.394
79.5551
123.418
101.232
108.559
96.6105
100.79
99.4952
109.099
131.716
66.1588
117.348
126.566
84.2787
107.85
82.7178
97.2523
90.4041
75.3541
105.873
95.652
115.432
92.1371
100.2
116.051
84.3086
90.3323
89.631
95.1082
84.4465
84.837
103.339
90.6784
118.856
98.8182
100.353
102.036
92.861
108.62
129.185
92.1112
107.405
92.149
107.015
87.8032
97.7746
91.0491
83.0951
108.124
86.7012
103.845
103.005
119.488
96.5569
110.385
114.309
98.3211
91.6057
123.397
80.6098
96.1005
125.305
82.7616
95.2822
99.2721
109.974
102.658
102.509
76.1736
113.492
90.0931
102.141
105.605
110.413
72.1801
88.7734
90.5368
86.9612
107.667
85.4988
109.537
124.999
105.757
92.8343
97.4081
89.0459
82.712
98.1152
120.581
84.3051
77.0076
109.036
113.028
119.799
89.0125
103.034
93.4089
108.515
118.946
107.958
104.12
86.6139
125.184
89.1343
122.798
79.2611
89.5453
97.4441
95.5073
97.3934
83.685
83.8259
110.33
90.9599
97.5529
94.9188
82.4833
59.2951
106.608
88.6427
83.6066
81.7486
100.675
109.537
114.377
105.248
79.8189
95.6373
88.3893
76.968
99.5758
102.186
105.177
88.3674
112.637
97.7651
103.567
99.5546
114.449
83.436
78.2996
90.6711
96.4096
94.1249
121.3
96.66
105.15
108.909
93.2998
94.5684
105.865
96.6547
107.593
92.1396
92.9158
98.7451
85.7758
84.5736
90.0432
79.5998
113.008
77.0833
114.765
110.718
112.311
103.118
112.567
92.1876
73.0456
96.3231
109.105
91.1187
91.6125
81.4951
92.7776
93.1982
106.661
93.0931
81.9131
105.161
124.977
108.548
92.3927
77.7409
98.6497
90.3448
120.494
99.8916
106.653
94.8245
116.593
98.4679
117.072
78.1676
89.9708
98.5855
121.085
107.988
80.3925
84.0738
89.6666
105.977
93.7038
97.1872
108.781
85.136
83.9607
115.555
96.1615
118.38
91.3558
86.3234
106.353
112.878
90.9783
96.074
94.6775
73.8427
109.475
105.374
90.0821
92.5555
103.864
89.9408
87.9947
81.8862
94.2052
113.999
99.1503
80.6874
109.492
108.093
90.3106
114.978
99.011
117.65
97.9689
88.2895
102.299
101.098
81.7142
81.3736
102.427
106.582
100.091
112.926
79.5053
85.2922
100.927
88.3737
94.4255
105.096
112.23
99.3273
110.253
109.765
81.2656
102.145
89.3202
103.487
111.028
105.813
125.554
83.874
107.661
93.2783
91.9663
112.071
105.322
116.144
86.6968
83.301
98.2814
99.0906
70.3604
82.1395
75.8823
113.703
79.4689
100.788
102.596
84.8539
69.1865
90.6355
99.0816
109.531
90.2373
78.981
102.694
90.9056
88.1469
92.6558
101.072
104.814
118.911
82.5187
98.036
110.808
101.469
77.3282
102.4
109.393
127.104
94.9282
91.8375
117.222
113.888
78.8662
93.0745
101.246
118.908
100.36
101.686
81.8051
107.293
111.461
89.4
106.303
100.129
94.5489
87.8989
103.637
101.723
98.3951
100.614
81.1044
98.6547
88.5254
74.4415
81.1184
97.6386
131.538
120.319
108.781
100.146
68.2213
81.7323
115.969
100.704
99.2485
108.377
87.8576
116.369
92.6468
114.363
104.304
95.516
85.3212
89.4563
99.5014
78.9832
95.7274
109.108
79.5246
87.7848
96.9935
89.6772
121.705
106.571
101.256
79.4751
79.9494
89.4016
94.5661
95.3429
89.8479
96.5867
86.4146
108.474
104.772
85.9406
76.0765
116.127
135.068
89.0004
81.6939
103.31
71.7236
105.401
96.7554
95.4412
96.7823
87.2892
86.7725
89.2483
108.565
92.9954
111.587
112.635
108.771
119.214
94.9065
97.285
117.592
114.018
100.966
98.6084
101.811
80.317
120.437
107.67
115.267
104.326
94.7044
101.146
126.448
111.292
87.0303
87.2245
100.616
100.044
117.651
94.8504
107.798
92.1642
92.4394
112.29
97.6109
96.3831
106.428
104.255
76.047
88.3535
94.0472
85.9362
104.984
105.159
97.4053
89.5829
93.0422
128.134
89.194
110.806
98.8688
102.898
102.339
80.9939
70.1853
136.391
91.9989
89.4872
117.889
103.776
99.1005
106.106
112.573
108.15
103.328
111.18
108.187
112.342
100.406
118.307
91.0604
84.9686
104.896
94.7936
120.203
99.1518
121.808
90.7783
84.9435
116.522
101.66
120.839
108.403
111.75
126.063
104.918
112.475
95.8922
71.6757
106.082
97.6226
115.912
85.4189
74.2974
110.615
83.2658
68.5265
97.6762
85.2939
70.8902
99.0453
87.5582
99.215
100.996
92.0196
90.9036
101.615
90.1882
106.436
89.9581
82.2265
99.7501
88.2027
122.332
70.3748
128.593
110.85
123.566
91.2244
120.469
112.19
82.0234
95.858
120.02
90.8909
115.976
114.667
72.1379
118.266
92.3578
98.1318
98.1253
97.8918
95.5935
78.9652
99.5624
95.3114
105.099
100.334
113.84
85.787
106.199
92.6532
75.8629
108.765
84.9582
110.253
83.5725
100.54
100.167
96.2495
78.7236
118.869
110.38
79.91
93.2709
75.8339
91.7637
115.555
74.7187
102.548
82.5889
110.091
116.325
100.905
87.5671
96.5618
93.181
77.5694
111.017
100.448
86.7467
134.203
123.985
96.4864
90.5717
93.1963
101.999
95.1468
99.854
75.7306
97.4878
85.8523
79.1461
81.9088
118.643
86.9377
97.3855
123.489
82.0681
99.2378
124.154
81.5179
84.6451
96.6965
82.5131
118.942
109.893
89.7133
135.453
99.8666
100.361
99.8085
94.6246
83.0627
88.9499
84.9158
92.2135
97.4666
81.1951
81.5937
102.184
110.737
119.337
99.3864
113.381
107.598
92.4193
105.442
85.6998
108.156
115.995
98.2263
102.359
86.4065
108.078
102.498
95.0759
72.819
82.4086
92.5755
72.6413
82.8947
80.5335
90.7152
82.7244
81.6325
120.402
88.915
104.71
84.6933
114.889
101.712
80.6722
94.7105
124.173
118.261
120.82
101.611
107.948
108.114
114.374
108.474
92.7315
95.532
96.501
108.899
94.3638
88.9138
80.9203
91.0232
80.3321
88.7147
86.3011
83.8207
107.365
83.4922
94.7349
105.227
82.0739
88.4986
74.159
87.2396
86.7892
93.5417
84.0796
101.487
114.49
100.681
92.3313
104.065
77.7679
111.858
117.079
102.555
98.877
100.576
79.5628
86.5714
103.042
89.8798
84.7307
78.8669
77.2133
111.119
127.264
99.6866
81.4842
103.648
118.125
110.865
110.71
72.6896
102.034
94.7643
78.6499
76.4075
91.3229
97.2617
121.002
97.564
112.091
106.677
109.814
91.5234
90.2641
71.357
87.4076
100.544
101.232
87.8717
83.1781
103.381
130.517
91.8409
98.6864
92.5415
108.408
95.89
81.0032
119.184
121.167
104.007
113.009
84.1118
95.6456
97.5827
95.1879
94.7745
84.8348
74.3456
107.373
83.1754
92.2538
104.845
94.0392
110.847
88.1145
88.3145
94.2933
104.128
106.615
108.045
114.517
125.557
87.5176
91.8314
88.3745
97.9569
99.2939
112.934
116.212
105.593
123.998
109.201
107.132
104.361
92.4367
119.989
79.0766
88.6447
94.4415
110.949
95.7663
95.92
94.9657
91.1574
108.986
102.392
92.4208
102.06
77.0683
113.373
87.9364
113.053
104.066
100.365
92.8525
90.8037
86.4015
104.25
87.85
76.3331
100.951
111.446
91.1661
97.4694
114.434
133.042
85.1289
98.5106
93.9897
117.569
98.8951
87.6015
92.7534
87.5811
102.475
96.6071
106.582
110.847
97.6471
91.2185
93.3785
96.4686
100.735
89.4682
85.6705
91.0214
112.113
94.4924
136.372
103.05
86.0826
90.8274
100.725
107.08
104.788
83.9121
103.916
95.4476
110.849
101.869
64.6897
93.165
127.672
120.565
114.569
108.766
111.198
97.5062
88.3322
89.2581
77.6043
105.612
112.304
114.122
95.783
111.324
87.0738
84.0463
90.6511
96.0512
95.2411
116.404
95.8018
86.1235
111.57
111.609
89.425
97.2751
82.7679
99.2
107.957
87.0413
104.001
114.238
109.856
117.294
86.0219
103.115
116.126
84.9309
114.412
109.815
102.11
81.5454
90.1409
90.9367
108.481
100.501
107.056
89.1896
94.4876
97.9381
83.9979
131.559
94.9859
92.7218
101.533
96.5238
91.919
83.8279
97.3213
106.4
93.8257
106.471
102.342
119.724
102.486
114.731
93.6041
108.425
94.8238
100.759
119.559
105.013
110.256
94.3806
96.9116
104.601
91.3521
94.426
107.13
71.0138
97.0561
98.7985
79.2129
101.749
101.57
97.4653
101.606
116.184
108.773
77.2051
110.582
85.5203
92.4832
91.8764
113.715
105.645
101.643
111.212
67.4514
99.2473
94.7921
103.91
87.8726
88.3374
83.8016
93.1898
93.4554
90.2001
93.3344
101.351
95.441
92.0438
102.014
96.5029
86.1275
79.5029
128.654
108.276
82.6504
105.585
87.7591
89.8603
96.7408
98.1875
97.6079
110.653
102.692
110.679
74.2389
100.263
85.1947
85.1299
95.6465
96.2132
128.248
66.0412
103.209
95.7954
77.7574
100.448
83.8779
106.444
131.378
74.2105
78.8317
98.9681
131.063
109.13
101.436
115.229
88.4122
123.594
116.138
94.8875
89.522
94.2734
146.618
99.9028
66.5767
84.2688
90.9998
80.286
108.21
122.581
108.179
83.5469
72.2961
104.186
108.795
100.312
95.939
101.692
91.4599
127.659
103.411
96.8811
109.342
98.6323
81.4681
99.2463
109.256
124.321
72.9238
92.3551
100.104
116.345
98.9482
94.8775
100.82
103.414
90.5886
128.283
106.668
113.671
109.802
93.5175
85.5289
116.009
89.782
104.341
83.6901
124.094
89.8374
80.5912
103.366
70.6878
91.2576
100.746
84.3672
111.289
107.979
132.696
84.6052
93.6894
108.23
81.7012
102.375
82.6666
90.9542
87.3657
73.0881
81.5593
90.6045
93.5761
96.4879
80.0621
95.4026
100.519
90.7008
81.6779
90.5928
118.453
85.5521
101.833
124.557
78.6947
85.4589
105.984
106.34
74.403
93.6538
96.0842
97.2277
102.85
90.7641
87.7993
85.0847
100.504
107.918
115.761
89.0535
105.99
123.24
99.1044
114.732
109.958
92.2044
81.5271
99.8691
118.158
113.683
111.685
114.878
89.5294
88.0478
81.5227
86.0537
84.0368
128.596
99.4268
107.355
103.247
94.1443
97.2238
79.2628
72.3752
79.7326
136.76
114.897
89.6875
69.6795
89.5664
98.9611
114.462
97.167
82.1961
83.7812
92.9949
104.316
94.1938
129.847
75.4314
70.8811
102.538
94.8383
101.466
116.456
80.1178
116.412
95.6104
79.4653
110.43
106.176
111.418
109.575
86.3318
94.6852
92.0939
83.6096
92.4125
92.1738
97.7086
114.851
76.9864
98.3514
115.51
105.558
95.5674
84.7214
82.9276
96.7567
84.8487
105.655
111.094
69.4848
102.707
109.417
89.4503
106.067
93.814
98.3524
136.615
88.5078
127.694
108.27
91.3451
112.108
103.076
114.777
94.9959
98.1923
94.1043
91.9534
83.1064
65.9471
100.688
108.179
99.2849
90.3706
105.151
108.269
95.6749
99.0898
96.1375
83.5496
90.681
84.1003
99.703
128.453
94.6403
97.3009
111.469
107.652
83.8164
88.0518
93.6122
80.6676
111.776
106.358
102.357
110.763
98.4563
107.407
83.4564
142.212
85.0175
102.568
96.4892
82.5864
120.795
102.494
88.0013
89.1311
82.6986
88.2113
84.2721
101.68
101.44
109.976
91.561
110.122
76.7691
91.1546
90.4586
94.586
95.3918
77.417
105.245
101.567
88.5459
93.8506
102.065
84.5959
84.2396
92.0436
108.731
95.5449
97.3051
93.9622
100.791
95.9752
107.246
83.3844
119.3
98.5232
130.549
89.7367
84.8112
92.0629
119.217
101.856
81.0319
99.7064
85.126
104.017
92.9545
97.3361
105.743
86.4968
93.6031
82.926
81.3803
119.178
111.559
97.6445
88.5486
109.608
79.4507
101.857
74.1657
119.463
77.4116
110.109
95.8075
112.876
90.5122
80.8663
110.735
88.005
93.0234
103.181
109.673
77.3271
98.916
91.1859
97.8619
94.4972
88.4482
70.4025
81.0607
95.057
98.1503
120.2
90.3796
119.079
106.865
109.846
98.6952
106.821
75.0624
81.1304
79.5445
84.0657
90.0013
113.743
90.7023
91.2764
117.45
98.1541
118.404
97.0213
108.825
138.598
85.8782
117.899
95.6214
98.4596
92.0282
90.5833
88.6871
97.8896
81.1952
98.7738
92.0255
91.482
116.547
88.1502
96.9244
95.3797
88.9462
91.1444
98.0549
90.6006
106.239
106.443
105.137
97.5738
88.0324
86.6562
102.756
81.2394
113.322
110.484
101.768
98.2785
143.364
113.469
106.001
79.8881
81.749
93.745
97.479
113.506
99.0257
78.7144
104.94
105.602
112.001
97.3408
67.0855
100.283
84.2932
86.1314
95.2675
92.9573
128.779
109.338
114.593
103.309
92.882
95.4307
79.5888
91.4196
84.8237
85.9228
111.098
101.358
71.2397
80.4544
100.995
110.213
113.84
99.8563
83.2011
108.666
103.903
75.5568
90.6263
70.757
108.251
76.1974
115.392
88.6767
109.602
84.9478
90.4013
95.9823
90.0115
96.1828
116.925
103.804
137.159
98.6765
86.9819
103.731
93.1408
109.804
134.237
101.791
119.822
106.316
86.0145
109.651
108.305
94.2723
72.5166
99.5598
97.7726
87.5737
99.4424
123.506
118.124
82.2795
113.42
85.9218
103.963
106.501
85.0035
117.523
94.9533
97.1024
108.412
130.011
84.6833
117.991
106.031
94.009
70.0029
94.682
96.9391
102.551
130.871
81.4875
123.836
111.785
100.047
96.0593
90.0124
99.8147
87.3542
78.5953
143.934
101.605
104.455
106.178
98.8525
98.8914
101.13
93.2035
93.0285
114.044
84.6365
103.089
105.557
125.471
83.9502
86.6046
96.1057
89.899
92.1156
81.4068
121.974
97.3646
84.1507
91.2633
83.9241
97.8732
111.941
87.9145
71.1542
116.039
93.6991
91.2179
119.771
110.892
98.0857
108.661
84.9444
114.672
88.6717
106.069
137.838
97.1382
92.7287
135.039
124.285
122.02
80.8023
86.5829
105.249
94.9399
70.2169
84.3885
100.392
106.077
104.827
89.3121
95.5169
87.1797
100.751
116.897
83.2409
77.5773
102.538
94.1946
81.6864
99.7441
134.194
107.237
112.153
109.159
99.8338
103.646
108.592
122.614
95.4244
110.314
87.8307
101.857
88.8079
78.975
104.638
95.4723
111.391
100.728
109.356
91.8155
121.157
86.7639
74.0098
119.781
95.2005
94.4337
96.9213
108.523
80.5719
95.4675
92.77
85.7044
100.113
91.5667
85.5244
123.629
77.9146
108.647
72.696
88.4171
83.0365
76.9585
86.8526
94.9713
97.7295
114.437
79.0317
100.04
93.3564
114.735
108.464
111.486
93.2317
102.883
121.767
90.0213
105.219
62.0854
106.805
95.7644
86.3773
98.5615
127.449
115.307
88.8193
83.4464
81.7811
120.908
100.311
129.637
103.17
92.5114
87.9334
99.0491
106.586
117.071
116.17
103.345
97.7851
125.231
105.313
89.0241
99.198
112.472
108.481
98.8388
119.031
101.612
98.5482
118.627
78.8663
89.2059
115.427
75.7194
105.49
93.6085
90.2915
101.394
84.9538
111.452
70.972
88.8761
137.295
88.549
73.9092
106.931
87.6138
100.374
113.414
110.791
90.7728
101.424
105.367
69.553
83.8759
91.64
78.778
108.736
83.8537
89.6804
101.107
78.836
75.6848
103.783
100.275
107.428
91.7237
72.2273
107.145
94.3354
107.982
81.9969
94.3602
114.764
101.796
124.776
102.909
94.3971
96.7461
92.8621
76.6645
94.2116
89.9184
87.9499
101.254
86.8668
98.3893
121.761
102.693
89.0817
114.595
111.913
86.433
87.7103
82.8005
102.897
107.725
102.389
96.6491
107.65
75.0868
87.7465
75.8123
88.0264
97.0835
93.5535
95.8187
99.6786
109.783
88.0962
106.045
88.085
96.1794
93.1485
96.1871
87.9473
116.014
84.6468
101.452
104.519
112.713
80.2091
119.963
91.8478
90.072
131.594
109.166
99.4387
111.12
118.335
89.3865
75.5279
76.4896
98.6649
91.7987
83.3996
126.019
125.111
88.9047
90.7962
116.254
102.641
118.149
111.636
104.22
105.26
78.0017
89.9029
100.657
142.1
110.801
115.184
119.213
65.2032
128.09
84.5951
113.92
97.1813
109.473
107.13
77.9686
87.3197
115.579
102.798
110.925
92.7583
99.0512
78.0766
85.789
110.989
113.35
106.114
83.0571
112.899
108.532
69.324
98.7008
115.696
97.5949
93.8516
107.04
79.5109
110.607
87.6096
109.404
96.1218
89.5889
94.092
99.4457
94.7143
107.69
95.7892
110.309
91.3428
103.22
107.018
106.767
115.393
116.332
100.007
89.9756
76.4216
82.992
82.6758
111.838
67.0329
70.2937
95.0422
90.5324
103.89
108.731
112.765
92.1091
82.7117
99.1065
107.593
96.3967
97.8218
102.667
112.872
105.788
113.481
73.2739
113.267
74.6153
105.925
90.4001
108.881
122.205
106.668
120.439
94.4262
120.975
67.4723
114.681
90.7419
97.3975
82.5133
80.4423
83.3146
102.045
78.6789
97.2676
105.615
91.3396
110.716
76.2403
86.5537
109.308
115.988
102.062
85.2077
79.8962
114.065
99.0639
88.7829
95.7379
96.2115
116.937
100.009
105.976
81.2312
95.201
68.5946
99.224
96.9652
106.635
95.8563
83.7172
83.5874
80.4221
91.4468
128.629
96.9424
82.7209
103.376
75.5777
106.412
95.083
100.04
95.6671
119.07
70.3611
125.323
131.015
99.3658
90.8993
98.9379
107.603
125.665
99.3786
109.182
87.1618
102.06
75.6508
80.4941
73.1268
82.9258
98.9748
109.135
77.6848
103.153
107.251
106.439
77.3049
93.9663
88.8246
113.893
98.075
107.605
103.143
89.5536
94.3111
103.351
86.957
108.792
89.0801
76.6423
99.7812
83.5824
95.4279
82.945
107.424
103.173
87.3586
127.939
83.7651
102.942
100.157
112.894
115.329
69.8146
147.136
65.3131
103.984
87.1642
96.2661
91.7403
111.782
119.899
97.7417
91.4726
91.6362
104.773
83.1954
73.3561
100.506
111.538
93.6711
118.51
96.669
89.5434
99.5641
107.307
77.9966
100.747
115.579
92.4973
75.1275
145.753
146.301
103.303
111.394
125.554
99.8069
96.2811
91.5161
89.3192
86.3399
98.5284
88.5934
92.8682
109.725
74.3246
91.9416
108.704
89.36
108.164
92.5172
109.428
79.7252
103.365
121.11
114.759
114.126
99.7807
94.599
99.6539
103.087
88.7496
95.5436
111.409
87.6745
88.4203
68.7431
108.055
100.933
101.574
94.5719
99.9744
85.8986
104.951
131.245
112.805
81.0822
133.764
107.337
89.7615
103.559
79.0814
69.6694
88.5865
90.7642
115.518
94.0077
117.657
80.4339
82.2288
106.943
104.272
75.7765
87.9167
105.275
99.931
79.3539
85.454
86.6084
70.1113
91.4751
107.906
95.6923
110.477
87.7272
111.092
106.615
86.3379
94.6875
103.253
90.4137
87.8575
100.097
90.4974
89.5371
108.226
89.4207
112.254
103.549
92.3461
124.294
99.6203
97.4033
117.603
90.3679
104.338
106.556
101.929
86.0998
99.1357
119.406
88.8735
81.5473
108.791
86.6023
81.2421
91.773
99.0352
122.527
97.5518
91.8444
89.897
65.5348
102.887
100.692
90.6829
124.076
107.171
99.3346
87.6963
113.096
98.9031
97.0085
100.051
119.828
82.0686
102.019
129.307
91.3969
107.969
100.114
108.577
80.2969
106.716
102.938
112.834
116.876
63.5667
95.4823
97.829
86.1938
95.7881
114.613
85.3618
125.299
75.5287
90.9958
99.8546
127.267
91.1936
76.8657
120.731
94.9776
104.533
93.9857
95.8001
100.863
116.313
107.774
99.948
123.594
93.324
74.4125
85.1309
115.619
104.065
114.636
100.139
77.2938
93.0201
137.626
90.2087
89.8475
94.2606
114.326
124.733
85.6242
114.179
126.639
118.368
99.5656
96.0344
96.6844
98.2601
102.011
79.3714
90.7418
109.432
92.893
110.516
91.7998
101.422
110.128
88.2984
106.466
87.7542
89.986
95.7623
122.616
85.5917
104.75
90.3768
113.299
93.205
75.5691
91.292
103.779
100.056
85.6566
117.699
113.092
101.033
103.911
104.384
87.0974
76.7026
103.134
116.167
90.7933
96.0668
107.956
81.9293
96.7542
82.0005
111.331
93.3952
109.522
101.424
99.8777
96.8562
104.887
96.6606
92.59
76.2262
85.2915
115.776
106.658
95.3215
94.9977
83.7919
117.177
90.4872
110.259
109.98
96.5801
87.8018
120.639
118.98
83.3537
90.7073
118.354
95.4932
128.93
96.7655
112.363
112.254
105.846
96.1086
87.951
106.93
87.9042
91.8649
83.6263
89.2004
117.481
120.509
84.0158
89.7146
104.923
123.413
82.7989
93.7352
115.982
94.3966
85.9296
92.476
131.158
82.8418
83.5186
96.4593
86.368
79.1614
91.9267
89.6587
98.1769
69.0725
104.677
77.1351
116.853
103.736
113.038
104.955
92.8162
95.5898
95.3447
102.408
70.567
99.9364
92.1917
87.5153
91.7168
73.2514
80.3596
110.554
114.675
102.991
103.437
76.061
110.166
73.9826
112.297
87.3376
93.3475
122.076
97.6225
103.512
93.1102
122.703
96.0471
96.3291
89.4129
126.49
77.209
103.446
80.4632
93.5185
87.3595
77.7018
107.956
82.329
94.5626
93.8259
117.75
108.459
98.0339
95.4975
100.483
86.4655
112.355
120.287
64.5872
120.632
94.3611
151.445
106.779
83.0722
81.4955
106.423
92.9313
101.337
82.8823
102.657
86.3831
106.198
92.1217
93.9135
94.6001
80.251
86.4122
103.399
92.4259
75.7586
106.281
101.199
103.69
89.6649
109.999
114.315
86.708
107.581
104.948
100.144
64.6687
74.5104
107.522
67.2626
95.0454
98.1773
118.525
92.837
83.106
98.9289
103.998
102.53
101.512
120.562
100.147
85.5384
90.319
99.5555
103.744
106.171
99.4975
85.8788
91.9827
74.5858
97.775
103.388
84.237
99.285
110.397
121.747
89.7105
105.731
90.4482
103.327
92.0491
125.322
94.9076
88.3915
95.6861
100.78
76.9971
96.6726
91.1066
109.53
85.9199
88.9539
103.83
91.1027
104.156
101.455
94.6012
140.731
76.1775
89.4944
99.5124
101.845
120.322
99.1586
95.1593
99.7908
89.8095
112.287
111.803
116.333
114.224
88.4597
104.167
99.8677
83.3299
82.9505
100.983
101.687
96.8046
89.2826
96.1872
91.0674
125.262
71.9268
85.2367
103.304
98.5708
101.068
108.625
109.402
123.106
132.218
104.82
80.5356
97.3177
80.4817
95.0408
84.7262
102.168
92.9888
99.9715
118.302
106.689
106.427
86.9122
88.1976
106.959
105.929
101.85
78.6255
103.873
79.4993
88.9751
90.1016
94.8323
61.4006
89.4361
109.394
105.109
91.0567
94.1773
107.612
88.5709
82.6451
96.0561
82.2461
94.4234
107.563
94.7643
108.089
81.5904
115.273
84.2378
91.6369
97.82
93.3029
88.5446
85.9092
118.105
85.8215
78.8014
79.7752
102.407
120.136
61.1384
92.9038
109.16
108.306
105.278
102.303
88.8741
91.2439
85.4622
107.692
80.3936
109.44
76.7146
62.6285
99.9657
83.4772
103.227
108.769
80.2654
95.0614
109.593
87.9599
117.969
124.228
76.3578
96.6822
117.559
120.757
113.641
101.356
89.7431
80.3894
100.256
102.113
116.601
110.311
92.3958
107.07
127.461
99.5382
106.052
83.2698
107.146
114.28
100.31
128.731
91.9158
96.0592
122.712
92.5997
92.1471
94.5804
76.1893
77.0584
102.161
93.9471
94.2293
88.6906
101.444
118.637
86.7447
117.499
109.829
93.6824
86.8566
91.5938
105.101
95.8891
130.07
79.4616
114.087
109.316
85.2037
89.8768
80.9707
105.107
92.1671
72.3232
76.1875
81.3589
133.086
89.9066
95.6949
113.918
112.78
117.509
107.401
97.5988
105.842
101.842
107.398
99.5832
125.779
86.3089
115.336
91.643
87.7958
95.1023
93.3581
103.856
134.325
113.596
112.41
105.638
100.619
70.0727
99.9399
97.2961
83.5585
90.547
114.404
102.963
119.322
112.863
87.2189
124.091
111.789
107.541
81.935
92.5937
109.048
84.6991
89.0735
100.807
77.7511
64.4496
120.627
86.026
108.461
93.6631
125.788
74.7416
127.796
88.7699
94.1466
92.1885
87.7401
97.3929
107.94
124.472
84.4527
106.272
111.185
120.623
97.0335
94.3496
92.8718
73.8587
85.4083
91.1617
91.9296
78.4898
99.407
91.5496
78.637
96.8485
85.6766
101.619
74.7622
92.9632
92.5861
74.1987
97.8868
130.35
94.6613
119.102
85.8575
94.8345
103.137
93.6826
96.5951
103.431
87.0041
76.4504
95.6745
92.8488
132.081
109.422
108.821
110.084
88.1044
105.531
104.582
92.6814
94.61
118.36
78.7261
83.288
133.55
98.141
81.1414
93.9171
114.645
101.751
127.079
91.6112
115.308
116.34
102.562
68.16
83.2736
89.4476
98.6334
92.3145
120.877
96.5909
114.487
118.365
110.403
89.8793
90.7126
90.2499
104.188
109.66
109.939
106.449
88.7037
89.9652
84.3549
105.495
81.4216
105.121
81.7814
92.3529
100.296
96.7373
80.9648
92.9019
86.6068
90.3153
116.737
110.906
79.0497
90.2353
118.952
91.1493
85.6673
99.9914
92.9615
94.9836
94.9963
90.8885
86.8174
104.764
82.6556
82.875
116.413
98.2089
108.709
117.856
87.3132
83.8606
88.7564
100.719
96.1603
101.598
106.072
113.278
103.314
103.405
103.571
91.4093
80.5765
98.2179
97.4543
94.5946
90.9871
83.6687
104.62
90.3784
98.705
91.4293
104.561
93.7987
91.341
113.821
106.788
95.875
99.1779
117.482
108.389
66.7117
104.472
78.9174
88.0519
83.0193
84.6672
109.075
121.068
104.533
98.0624
82.5
93.3274
89.4758
81.2983
121.684
110.846
84.4856
97.1513
116.444
81.0468
100.678
96.9768
110.035
88.5663
111.143
113.315
105.096
101.528
77.3161
114.796
104.807
82.2981
115.604
96.4296
92.1043
92.1445
102.892
99.1479
112.557
98.0645
94.5222
94.7182
110.151
76.0613
106.827
89.0307
94.8236
80.6912
96.5389
108.282
118.659
73.1094
102.092
91.6023
98.3693
97.4335
99.8775
101.931
71.9269
90.2748
99.2733
68.1217
97.039
114.678
98.9142
124.062
95.3195
84.6278
86.6193
94.675
90.6235
89.5182
94.4382
82.7015
125.123
81.4098
100.983
107.538
90.1911
76.2196
102.322
111.655
95.2798
73.8919
102.544
115.117
100.704
74.0234
100.921
122.765
83.0346
82.1514
82.7515
114.798
117.959
112.096
130.296
90.5908
118.249
112.055
70.5578
85.5025
77.7142
90.8527
67.2991
95.1718
104.398
90.3001
91.2202
102.174
113.598
81.0574
105.261
93.8745
113.186
97.3487
138.106
91.0134
89.9753
104.273
88.3589
97.6086
96.6546
115.111
102.561
67.261
89.5101
96.3904
88.7001
85.6867
69.1923
105.934
101.641
98.2252
104.735
83.5141
78.7712
93.5304
93.266
128.871
99.7206
105.253
98.4686
88.8416
99.2072
84.5836
92.4276
95.9968
101.366
85.2213
99.1074
110.723
92.4234
98.5168
113.931
97.5321
110.192
84.9915
63.3742
74.3661
114.318
101.557
120.465
86.0374
98.1633
80.1222
93.547
84.6241
106.784
154.537
83.2821
96.9402
98.5256
86.1029
99.7305
91.018
88.099
98.5877
126.931
87.3835
82.8485
96.7627
121.834
93.4511
120.621
99.9511
113.909
99.2277
124.499
110.716
103.845
99.0726
75.0667
94.2021
96.27
117.129
99.9686
108.353
90.6534
85.8318
107.678
100.341
119.64
99.4852
87.7941
90.2647
90.8228
82.8027
89.4187
120.854
106.597
131.931
101.478
110.36
116.087
83.389
77.8542
103.94
111.93
91.6744
90.697
82.5075
85.8351
105.094
106.672
100.626
78.5723
84.2935
97.44
117.386
84.4741
96.512
69.224
103.788
108.368
96.5959
104.366
88.8018
127.353
110.518
91.7805
94.7865
101.763
81.8652
85.0678
79.7326
130.446
86.3322
91.6572
96.1827
90.0018
83.0864
102.967
81.4569
107.679
106.056
95.729
98.8745
87.823
77.9351
130.796
89.3534
108.823
83.0694
88.0808
85.8742
107.379
104.226
96.0307
90.2417
84.2909
95.2935
101.251
85.6086
95.686
95.7286
84.3431
84.0991
127.494
86.8278
97.8497
94.7886
110.599
103.417
83.704
89.0876
105.329
124.077
100.072
112.75
105.664
90.1734
110.899
103.772
67.7449
60.4865
104.088
113.933
90.6251
94.7876
97.0884
97.4066
130.95
125.296
80.272
105.78
85.9117
117.976
90.3255
87.9888
100.072
95.1934
101.369
101.934
95.8398
104.778
96.1729
78.6575
109.766
114.037
82.9392
128.179
115.677
109.585
76.647
98.9801
115.989
107.596
87.5616
76.7173
93.5032
114.583
83.3715
102.926
81.2839
103.469
83.5613
78.9872
103.817
95.6936
85.6213
125.26
119.902
98.816
97.1781
90.5687
107.587
109.233
115.71
111.537
113.657
76.1537
102.508
106.14
98.5476
79.49
96.6377
77.2627
94.6831
80.5592
97.2177
88.4212
84.5437
108.14
88.6653
99.9299
110.814
77.5235
118.838
97.1751
87.1433
87.35
101.362
79.3147
82.4606
99.6155
117.274
146.119
93.9026
87.8056
135.877
87.2807
128.894
112.11
103.3
107.213
82.7278
106.328
91.1679
90.0767
110.568
88.5707
86.4739
118.903
93.238
90.0047
116.984
102.039
106.916
90.6348
100.166
85.3657
106.355
85.2484
100.093
109.645
84.191
85.909
94.4626
92.7125
111.64
109.816
105.791
94.9287
84.2416
135.333
133.039
87.6824
119.944
98.8907
90.987
125.552
93.2179
94.2437
95.8638
103.337
92.1967
107.715
112.222
82.2692
78.7146
102.939
84.3397
90.4103
98.7697
102.204
115.485
96.7859
109.803
75.2367
108.723
122.249
94.7615
86.0351
115.881
86.6857
121.944
85.283
94.398
111.239
110.813
94.8091
103.075
93.6244
91.6309
125.446
111.728
99.2643
98.4222
94.2755
101.955
95.1327
102.043
101.027
91.4533
95.1204
105.026
101.749
114.63
83.0466
88.9278
78.2689
93.7746
81.0021
82.7314
90.437
114.188
127.722
126.454
80.8174
95.2693
106.627
108.736
90.4908
85.0065
120.104
86.2741
127.278
84.0353
92.3522
120.895
76.1479
118.675
82.1997
102.78
92.6516
94.0608
93.8059
85.5852
72.2229
95.5714
96.1819
95.4067
91.8966
107.652
91.2724
101.805
95.9948
101.144
89.5476
75.0296
94.16
120.61
99.3306
77.6106
104.59
97.431
99.7982
117.077
112.063
80.1651
130.868
111.567
89.3568
112.854
91.8935
102.729
96.6872
94.1421
78.359
95.9578
80.187
88.9638
105.505
85.5837
101.007
111.226
97.4872
94.2458
127.261
86.3426
94.6272
131.493
119.009
94.1961
122.777
93.7899
119.48
103.071
97.222
108.338
76.6391
98.5347
110.863
109.143
121.044
124.998
102.449
76.6771
95.0511
92.6264
107.925
108.802
98.415
97.7297
122.48
109.202
106.674
84.9521
86.2144
93.0104
114.403
108.72
98.2894
103.221
88.6546
75.9873
81.7286
90.395
104.699
91.4723
112.006
88.142
102.386
123.073
86.505
105.073
90.7962
128.046
100.71
107.023
81.6025
91.2249
117.167
80.244
87.4079
107.714
90.0599
100.053
109.774
104.024
94.9344
96.4374
104.894
100.612
88.0224
119.011
97.7658
127.51
125.223
94.6552
95.3373
93.1924
95.9955
72.1477
73.2137
90.1184
99.4438
106.406
91.129
120.152
99.0398
98.3592
97.9133
83.4378
99.517
92.9067
92.2616
84.0568
81.9645
95.657
91.0387
112.273
111.628
87.4986
87.8948
110.549
91.6811
92.7575
80.9578
96.4076
109.955
110.03
105.123
97.3416
88.8018
76.5723
125.511
106.053
136.504
120.247
75.3553
103.587
90.6654
103.838
78.1152
137.544
96.3971
89.4979
88.5734
74.8324
93.4838
102.953
119.698
79.8418
101.29
100.57
109.078
82.4911
102.403
74.6632
99.9513
83.5553
103.172
82.6568
89.1982
105.218
86.9911
100.823
106.838
83.9557
89.6037
103.049
108.442
80.7041
107.563
97.8539
82.261
93.0885
101.211
103.152
98.3165
83.4447
94.5961
108.049
119.935
104.649
101.906
100.532
68.5608
115.622
89.4447
94.8501
108.686
71.3469
111.754
103.845
132.523
106.35
73.9833
107.667
91.9799
106.832
98.0998
124.338
92.0823
86.309
93.9746
85.1893
86.5349
86.2945
86.2838
101.409
124.962
96.8607
89.815
111.613
118.819
123.165
83.0816
77.1198
103.444
99.5122
98.7383
91.8884
84.7543
100.804
127.07
113.817
97.171
129.26
97.0512
101.63
101.841
77.7035
97.6151
93.9303
85.7162
108.942
75.1442
75.8879
96.7828
105.632
90.6
103.855
114.7
107.016
101.053
122.032
113.851
87.2275
124.945
90.7844
81.5821
102.857
81.1206
102.7
101.286
91.2188
91.0905
121.28
120.939
83.1326
122.428
94.397
88.1368
128.408
109.056
115.713
106.351
94.9105
107.471
118.516
96.1931
83.2414
94.145
90.6208
115.201
95.444
66.6442
110.755
105.23
98.8873
116.116
129.21
107.447
122.786
88.3561
87.7723
91.1541
102.807
91.3534
102.466
102.76
106.391
116.581
102.268
113.563
82.3267
91.8115
93.1945
101.18
123.246
91.9696
115.786
73.9023
83.6676
134.322
111.841
78.8904
80.8876
92.331
105.073
88.6235
113.824
103.116
80.8814
87.2395
91.3082
95.4033
115.861
79.0894
76.6637
94.2796
90.4732
116.377
73.8134
97.6533
91.0051
85.0622
94.6197
72.7651
118.924
67.5146
99.3658
101.238
86.3295
113.351
103.708
95.5626
98.9055
136.821
92.7996
99.7869
93.6495
90.8853
112.13
90.6812
117.743
87.2748
87.8414
86.3367
101.171
106.684
83.8939
97.3346
124.145
96.6769
103.628
92.5396
91.4073
99.9202
110.555
87.2342
78.6159
85.4788
106.076
89.038
96.7274
96.5752
135.314
74.4513
95.4014
100.348
101.855
102.619
121.371
107.177
100.166
92.6871
91.6216
82.8628
97.084
69.1472
107.874
74.9049
99.8192
88.6965
88.3239
107.509
119.183
104.503
107.579
114.987
124.605
98.5008
101.22
89.7836
97.63
78.0415
96.9234
102.805
109.045
92.2002
102.737
74.0276
112.956
85.3009
108.659
94.3708
91.559
83.595
86.7543
78.2221
103.306
104.533
75.9169
103.351
79.0144
124.897
91.0202
84.1563
87.9781
97.627
105.386
105.765
80.3085
87.9813
88.6378
128.009
129
101.434
100.589
87.8211
102.154
88.4058
78.9115
116.122
96.5893
90.3387
94.383
104.392
83.2413
101.482
94.3284
98.6534
85.4733
93.0777
73.5625
120.049
102.539
85.6943
107.764
125.044
70.388
80.372
83.9745
114.789
114.802
123.248
99.8996
99.6578
109.399
96.0018
118.595
108.895
113.792
73.8038
94.8733
78.3088
103.148
64.0155
91.435
72.3785
85.1369
79.1032
107.513
76.8026
111.015
149.774
89.1531
111.126
86.8451
99.3563
87.4481
105.27
91.3655
90.518
82.1201
82.42
83.7944
88.0171
102.092
69.3209
91.9799
114.584
105.299
107.35
79.9039
114.441
78.6282
99.8956
101.452
105.121
103.173
108.935
115.659
94.104
91.2839
102.575
107.416
91.1854
84.5857
81.2909
101.134
87.817
121.717
83.9514
103.204
96.1824
100.555
91.5177
92.9658
65.6613
93.1363
95.2448
108.551
92.9917
96.0817
103.356
88.3698
87.0741
105.132
108.566
84.1989
106.738
99.174
96.7106
87.299
110.845
82.4387
94.2875
101.748
115.534
100.358
101.687
96.1393
117.158
82.4952
121.245
94.1709
84.54
85.2143
91.4884
99.4486
73.6943
132.78
94.9531
131.218
74.0541
99.561
85.828
92.8189
89.0377
110.93
88.0015
121.064
74.6741
93.6775
105.1
90.1551
114.847
87.4233
119.977
100.8
87.7287
143.346
118.01
105.633
91.5723
105.955
92.3286
90.459
93.3435
104.43
111.055
92.4896
104.041
106.846
124.244
107.237
100.436
90.2638
95.2119
98.2666
82.3425
104.976
90.7692
106.991
99.3258
101.008
74.6106
104.942
113.548
102.661
113.931
100.606
109.109
76.3547
96.349
79.0085
92.172
80.7451
113.904
107.038
79.4352
130.662
100.986
88.2858
104.572
103.492
67.4409
100.039
103.21
92.417
88.4752
98.3887
94.2697
138.277
95.0848
95.2746
104.212
111.736
142.154
94.0178
90.5107
135.847
104.602
80.084
113.256
109.46
102.061
120.657
111.734
97.3562
108.68
87.4176
88.2412
100.779
86.6591
93.3264
69.1538
95.1192
89.9337
114.886
106.046
67.8981
119.462
90.5856
103.376
96.1427
88.6902
97.872
86.2338
109.262
115.097
109.881
88.9508
86.3076
78.3025
107.176
97.1146
93.2103
86.6898
97.4258
90.8485
85.33
90.8075
101.48
87.8518
96.3465
104.883
101.022
88.8951
95.98
75.633
113.785
87.4618
106.687
81.2918
107.16
96.5612
102.582
96.9987
72.7368
87.7125
105.042
93.7609
95.9904
92.3148
109.727
86.3971
98.2198
75.2141
98.2738
79.4269
92.6749
110.362
100.675
111.955
106.265
76.7201
98.2365
96.0231
89.526
82.5798
120.891
84.431
111.747
96.8139
108.129
96.1804
107.866
85.5986
84.1312
95.1898
93.7886
102.443
98.7645
107.18
95.1211
96.8501
75.6588
112.827
110.601
134.136
93.5828
118.913
105.037
80.9151
74.7387
98.7891
114.022
95.1953
101.222
121.737
85.3893
104.481
119.097
90.8836
79.5887
78.276
128.345
114.089
112.773
110.36
94.1211
93.2302
105.635
78.8561
122.634
105.569
87.6211
103.738
108.271
116.181
76.3951
101.81
95.0451
90.2272
109.19
125.692
83.1696
113.951
76.7123
107.975
91.127
94.371
87.0263
89.3787
109.29
115.495
83.8201
111.252
119.357
91.8688
99.9772
125.323
83.3449
84.7496
140.164
94.8733
107.026
86.7875
96.634
87.7815
95.3609
92.2836
75.9182
79.7908
100.387
90.2287
98.3433
105.006
82.9065
91.2275
88.4917
125.63
103.388
108.403
81.9963
81.875
104.517
111.567
102.779
61.8611
103.539
73.7758
98.3423
97.8962
96.2364
98.3015
106.208
79.1075
79.4919
81.1524
116.517
109.218
109.679
99.3655
91.2838
99.2659
96.9024
85.3802
102.743
95.1187
81.6347
93.4219
105.615
92.6145
90.3922
91.4132
89.5366
82.5901
92.3518
98.5509
105.123
83.839
102.082
98.3562
77.0882
94.201
114.275
89.1849
95.4524
86.6551
97.9868
102.059
93.9745
113.419
134.638
68.9177
97.0033
123.691
98.5661
99.627
81.2816
96.3819
112.495
116.597
97.5033
134.553
97.6404
99.7314
126.65
92.5926
114.457
93.4051
78.018
119.302
91.5644
92.8823
137.425
101.879
92.8315
107.538
79.6211
92.6613
99.316
106.821
105.288
87.0369
91.6562
93.2012
100.305
81.2135
104.856
98.3946
110.971
98.7306
100.055
102.311
72.5971
86.691
86.5215
107.194
117.195
107.312
96.7246
85.8635
83.5892
89.8679
88.3453
95.7509
101.677
107.103
121.973
89.2091
102.551
104.586
109.655
104.424
94.3946
89.1215
88.2336
89.3908
101.272
104.275
103.564
90.8727
89.9808
101.98
81.7035
96.6049
88.365
104.928
101.66
97.5843
95.2587
121.125
77.4855
79.8874
117.014
93.0174
95.4782
106.977
112.536
82.5478
101.123
103.229
87.8119
75.3984
104.953
120.526
102.914
98.8754
100.857
66.625
78.3039
124.548
111.317
116.457
115.928
113.265
90.1668
131.861
126.816
133.028
88.5675
104.688
117.784
89.9173
119.814
106.193
82.0412
92.6671
108.961
91.7671
116.818
95.2977
127.063
91.8516
103.243
87.9555
91.6251
94.8695
93.122
103.604
88.8768
97.0991
99.5664
107.512
89.8147
90.4113
115.273
105.845
99.1843
90.3441
93.2857
95.6065
96.3997
117.269
95.9688
83.5909
92.3817
99.5985
88.1829
82.9769
100.642
105.279
103.687
95.8113
108.177
122.861
100.893
94.2333
103.301
102.702
98.848
110.874
125.171
109.985
96.8737
105.054
101.073
114.093
91.2173
122.578
121.347
75.7371
107.078
83.2097
85.0696
91.5113
106.535
91.6336
100.488
110.919
90.5455
95.3848
112.095
77.5424
86.053
90.2648
97.2334
113.406
81.6107
104.82
115.99
70.3396
138.403
96.5144
94.2778
109.218
84.3686
125.157
97.6326
100.786
100.879
94.0406
94.9215
80.0853
121.35
91.6663
94.3335
88.543
133.816
120.978
86.9261
107.017
84.6893
95.4129
91.4203
96.2073
95.3847
90.7324
100.066
92.5236
115.274
113.62
115.214
102.627
87.0431
104.964
90.4828
94.9497
93.0126
115.466
80.987
97.63
102.842
92.4479
93.7081
65.2648
98.7312
108.209
84.7947
106.019
97.0695
107.629
88.3781
104.342
100.699
101.452
117.852
98.1743
86.8296
84.3731
109.374
101.352
128.584
126.401
106.42
101.251
85.2896
80.5312
93.5911
95.8868
95.081
88.0614
120.731
93.0117
79.8098
91.4334
117.542
98.7833
94.6683
79.1482
112.579
96.8075
100.273
89.7511
104.467
73.8595
94.8589
93.9391
100.008
87.0577
78.7201
92.7792
106.024
100.895
95.5121
91.2432
107.503
109.481
113.439
108.298
116.066
95.0102
97.2579
97.088
92.7326
92.7975
88.1849
74.0571
112.428
118.59
95.4938
98.1792
98.0971
92.1889
134.867
99.1542
117.343
83.2662
94.9337
114.658
92.8224
100.82
96.2783
87.4219
102.668
83.8263
121.224
92.9511
128.769
96.3749
87.5819
105.249
116.154
134.152
95.3317
95.4105
90.3367
117.406
93.4725
95.2665
142.622
109.113
89.1377
108.884
110.377
122.35
93.3071
92.9242
99.7761
94.5266
100.732
101.422
87.6257
87.1062
84.1389
106.122
114.83
90.1172
83.4998
109.916
101.717
96.668
109.886
82.2597
86.6008
65.7628
67.7454
84.4427
98.3297
112.136
78.1518
88.5613
79.7422
87.1232
95.5844
76.1388
91.8392
93.2078
72.5639
85.5411
116.869
114.193
82.8632
78.554
94.0664
125.149
102.624
108.86
95.6951
91.6539
133.437
108.951
108.554
79.2431
86.4133
92.241
105.698
92.9164
95.8642
105.076
119.96
97.8601
75.7848
104.308
95.5794
108.408
104.604
100.547
86.9555
74.5395
101.283
101.471
79.6511
114.495
87.8042
88.0973
100.88
98.6868
95.6732
98.619
97.4204
89.0956
117.235
96.1575
89.8044
92.1302
117.258
91.9204
96.3186
114.577
107.824
88.992
85.7271
93.3202
82.1465
75.1356
88.1671
97.1674
125.463
93.3053
104.513
99.1155
90.4244
86.7372
75.8216
101.7
84.6347
115.024
98.9331
96.0654
90.3383
84.1264
90.1326
95.5407
105.15
87.5106
89.1212
87.6915
88.2908
99.6889
89.9913
92.4558
84.7165
119.587
98.8587
101.534
105.675
87.3056
95.7226
80.5332
105.495
87.6876
92.9496
80.2517
106.947
94.925
126.247
83.1849
133.313
107.377
110.902
82.338
83.9135
100.278
113.164
84.2935
103.234
88.8705
117.238
98.755
126.813
82.2879
98.7283
92.6844
77.6238
93.1415
121.063
119.816
126.377
74.0133
81.0216
103.989
114.71
76.94
94.6911
107.648
90.5486
83.7188
72.5041
90.3485
81.3098
105.694
118.293
129.789
95.9202
90.1666
94.0126
89.4171
97.9718
106.452
83.145
93.537
79.6592
101.782
109.076
90.1444
132.084
103.588
87.2435
98.9634
109.96
103.145
100.022
80.6684
114.857
83.7868
85.3625
87.2748
97.8352
128.691
81.7926
99.6817
105.523
102.032
81.2722
104.312
117.378
106.035
98.7404
83.1541
117.086
94.9051
86.3144
105.381
94.0243
109.668
95.7541
87.1977
105.583
116.26
104.091
120.698
81.9208
104.091
135.925
96.8134
116.518
87.5427
88.5834
116.982
87.082
101.049
105.493
97.0245
121.972
92.5776
85.5294
96.7247
98.6962
90.682
91.4869
89.7595
134.394
88.9053
102.064
87.5032
83.9851
98.9417
79.2792
82.8176
116.303
99.8949
104.15
108.619
104.068
78.761
112.406
101.308
106.871
85.6052
86.6521
97.8992
72.1948
118.224
103.103
71.8804
88.3077
101.523
85.9877
99.2236
74.033
111.607
123.947
79.39
82.1526
102.18
106.067
100.718
85.744
110.473
106.671
92.9703
86.2694
93.5058
101.234
106.995
75.3487
102.193
107.686
97.2523
96.2619
98.8795
100.358
101.443
89.7729
97.4147
86.3422
106.408
95.6785
85.2045
92.5218
78.6867
93.9321
102.779
101.783
110.652
120.724
101.73
108.046
107.794
80.3359
89.7941
77.6458
103.271
107.859
119.224
85.6009
119.596
74.3718
106.036
92.1064
115.438
90.5272
99.7749
86.9294
81.0196
99.1607
123.692
91.8495
105.635
116.147
95.0743
83.7217
75.958
89.3084
110.268
112.987
97.4114
117.453
121.043
78.1607
99.3671
102.52
104.991
103.625
82.4517
93.353
89.558
118.946
117.468
108.282
93.1872
79.6296
75.0827
111.837
105.576
104.29
106.328
96.3966
86.2372
90.5435
87.3172
75.9846
82.4185
96.8447
94.7705
103.394
93.1069
116.681
95.5207
76.7972
84.9457
98.7346
76.9159
108.886
110.141
89.184
83.8652
88.6223
77.6275
102.682
79.9124
93.87
102.372
93.6204
97.6355
106.107
102.771
80.2399
99.492
92.0596
88.7904
91.2242
101.691
118.646
83.8776
92.6989
102.67
98.1753
112.875
102.661
72.0471
88.1655
107.425
97.2085
100.718
116.125
104.551
86.8491
103.052
71.145
78.1873
116.585
99.7934
118.759
98.2702
108.686
85.2642
123.616
102.012
93.7533
102.906
99.2336
76.4351
104.296
117.488
71.2638
92.3575
121.222
85.6806
96.1007
112.759
121.144
70.7025
116.302
96.8883
87.526
87.7041
89.0339
110.448
90.0012
120.748
117.645
78.7074
78.4183
83.7884
73.5212
103.307
93.5451
81.5443
109.642
97.1345
103.666
114.292
90.2684
80.2098
105.597
92.4639
110.335
116.879
107.585
127.418
88.0727
76.5472
100.636
101.688
95.6692
98.9523
85.9467
105.446
107.704
119.071
99.8188
114.979
108.84
108.423
120.981
109.838
108.812
106.076
137.604
129.537
102.32
117.605
96.3095
107.93
82.9505
95.7275
99.5612
96.8353
93.3262
116.635
98.5173
79.7543
90.8976
89.616
66.7464
94.8753
109.027
106.444
116.291
123.998
102.817
108.914
107.682
141.886
117.854
112.319
84.0538
87.8504
103.707
101.611
96.4987
115.695
80.3692
97.1448
107.976
84.88
91.6277
100.398
83.7197
92.9518
99.0831
79.9327
83.7502
73.9971
94.7132
104.605
110.537
104.125
103.4
73.5384
90.2283
109.147
88.8156
81.6097
84.8997
101.133
91.0586
98.6643
84.9727
97.3147
83.2295
92.7413
93.0975
96.1271
92.0665
86.6533
104.167
84.4416
91.9086
96.0882
101.925
112.045
119.3
83.9173
132.453
116.384
98.9206
82.4488
95.0297
91.2227
107.78
87.5722
77.6721
93.4788
62.5306
86.0231
99.507
135.164
105.229
94.2228
109.542
61.0934
111.71
96.7754
104.168
86.7923
98.1892
101.972
81.6019
78.6267
78.189
94.1073
80.9503
113.386
101.258
102.939
68.8812
129.018
101.22
117.257
97.3595
94.2315
77.8428
87.1883
104.634
87.6137
107.795
117.331
124.671
118.555
91.0447
103.058
90.8209
110.301
111.263
95.0205
113.267
89.2541
96.2507
88.7097
103.09
91.4804
65.7531
93.9792
101.924
84.0528
95.8585
101.02
100.322
109.752
85.2643
97.2256
102.577
71.1705
106.341
89.8344
94.1942
88.5054
90.6012
94.9485
103.017
82.8209
85.5575
87.5497
93.1976
103.511
104.227
87.6405
103.03
101.18
111.081
95.2048
87.8681
106.246
115.497
93.4069
78.9909
102.521
117.136
102.05
90.7052
90.2295
96.0047
75.1133
80.2128
95.6717
126.059
121.548
84.613
99.4961
97.0285
99.345
71.1535
105.409
113.305
86.7307
107.507
98.0869
122.501
99.3571
69.972
95.0097
85.4084
121.63
109.687
118.345
104.753
92.9132
111.161
82.1071
65.9297
89.2301
93.2813
86.7763
97.4089
87.7522
87.2612
110.867
109.915
88.9923
118.48
96.69
109.996
82.5133
101.038
102.886
87.3071
72.3469
104.88
111.29
71.7073
94.779
101.477
113.031
110.799
88.0485
93.911
101.409
102.515
90.3175
117.929
103.988
92.7892
87.3591
82.0306
101.79
79.9656
115.268
80.672
90.8873
126.4
87.9575
88.3642
134.587
108.572
87.3797
119.327
84.9489
135.588
88.4476
132.56
91.1788
95.6012
110.638
110.226
107.978
85.0136
109.074
77.3801
108.62
113.63
78.3881
87.6286
126.748
101.72
100.762
82.6055
108.166
97.4581
91.2647
98.6348
121.05
103.256
90.3452
111.908
90.3066
96.4888
89.0639
92.8506
107.892
82.5846
97.0185
73.0801
103.981
94.4575
119.694
105.608
104.287
73.2734
77.3145
86.7837
112.838
96.9505
103.614
74.556
79.405
130.424
112.938
86.4572
101.728
105.031
100.113
99.2467
90.9741
111.239
106.655
80.4431
104.081
93.325
97.4562
90.572
123.496
127.307
115.238
121.011
89.0744
123.009
113.773
99.7474
84.7274
85.0049
76.1471
108.414
85.9064
90.3785
125.519
67.4064
96.5109
91.8192
91.2579
90.6228
127.201
100.397
107.907
98.9057
84.7089
122.847
94.0124
104.903
108.151
122.45
76.2794
93.8384
86.6225
79.5996
105.67
82.9522
110.561
103.658
78.565
86.0128
99.5675
100.342
101.823
92.5506
75.5754
80.4925
84.2007
90.4172
106.407
138.674
109
98.8632
82.9271
116.33
101.009
113.631
85.6997
96.2993
97.5833
85.5293
96.6079
93.1849
92.4068
84.8126
107.726
98.0204
109.638
117.063
99.3681
92.0352
123.572
93.3326
113.157
101.187
100.927
97.8727
90.6725
102.386
83.0401
108.039
110.162
95.249
104.415
112.747
88.027
81.1193
94.4765
102.761
82.0885
106.584
95.8745
93.0161
98.8707
105.854
108.564
91.2886
106.699
93.0631
102.31
107.804
96.4912
106.713
102.373
101.728
100.424
85.5112
116.164
114.628
83.8908
75.0627
113.581
97.2995
107.417
109.129
107.269
85.6902
112.575
86.5986
95.574
105.381
84.9142
91.2058
94.981
80.6666
124.344
87.6892
93.0382
80.2374
72.1099
91.8172
91.0278
91.2409
94.4148
107.348
107.93
102.175
80.0984
87.3471
89.1803
84.0653
98.4527
80.4044
72.5243
77.8751
123.055
109.226
87.235
93.5517
103.059
94.4163
130.264
110.084
122.741
78.374
105.088
106.632
93.8556
76.034
82.0139
100.319
94.4477
91.8405
89.9781
119.867
86.055
91.6533
84.9814
87.6748
71.7914
123.829
119.046
96.6279
98.4183
78.8746
116.527
127.206
101.21
86.4822
89.9718
107.763
88.3289
106.012
82.6919
85.6763
120.933
76.5782
93.5833
91.5054
111.812
94.5571
104.48
90.2706
100.645
93.3637
81.4352
112.05
112.382
102.125
112.657
133.244
100.501
99.9782
104.624
95.9424
103.679
100.617
113.822
99.263
80.1549
101.59
101.27
85.6327
115.136
97.6677
100.571
92.6635
99.097
99.5118
96.2708
92.5579
116.367
101.26
105.572
84.1084
106.332
100.794
84.8197
96.1764
76.3632
91.796
105.205
106.9
96.2419
84.59
84.0865
90.4864
102.206
132.237
97.5799
90.4993
101.93
87.4404
112.053
84.0722
104.848
102.53
100.127
90.3798
91.1018
117.354
94.0595
78.5135
92.4127
133.787
116.775
88.2976
96.7977
122.058
118.395
85.1747
84.0931
101.575
88.9588
96.3678
102.289
102.031
98.4908
101.82
79.9948
107.315
94.9133
76.01
90.8479
73.7645
101.466
94.5753
83.6491
104.152
97.6219
79.4149
81.2285
107.19
104.846
77.6307
75.0446
86.7231
85.1212
127.484
96.1526
74.4489
105.557
107.396
85.8694
112.186
81.0161
65.01
131.184
95.5202
88.6202
102.582
108.401
99.3584
96.2308
101.206
91.3936
105.019
113.495
108.117
97.062
82.0406
102.542
64.6106
86.7067
103.325
76.5553
85.6244
95.1626
98.082
96.9491
83.4851
77.5761
121.902
84.5239
75.7426
102.371
88.543
96.2505
54.6176
81.9867
79.6961
89.0194
83.6656
109.497
87.7453
108.414
83.3589
111.985
90.531
90.0957
94.6947
94.7246
106.579
105.674
100.801
80.1641
89.7559
88.8503
80.9613
78.6989
80.3683
99.6888
89.3608
111.912
97.896
115.487
106.346
98.5613
132.029
99.3415
90.802
73.8674
92.0417
94.1258
97.9448
89.8593
130.469
93.4142
79.0892
112.963
103.782
80.2026
84.5075
92.5354
93.4878
99.6102
117.849
86.0228
86.8602
87.1199
81.6252
89.8206
105.497
87.9606
82.4804
85.0413
97.9052
82.6003
80.5192
95.4882
79.1759
87.756
102.334
91.3759
91.7081
91.7168
128.599
89.4662
83.1641
94.0186
94.2242
102.847
103.708
103.82
99.7159
92.3808
90.8367
141.414
89.0748
71.055
94.3167
91.4467
98.1413
110.514
105.194
89.4241
96.8331
100.052
110.746
90.8963
98.7186
71.0005
96.8214
94.242
91.1859
127.202
84.8438
84.0599
95.2774
116.073
85.6934
102.531
94.4298
88.0045
122.746
96.3023
126.718
96.0378
88.487
114.956
85.7901
101.031
88.0528
115.56
97.1416
124.804
83.0598
88.0614
96.1823
113.069
106.767
95.4172
129.411
100.127
81.2035
84.6401
93.2552
108.506
78.8831
107.605
96.2
83.4776
102.421
90.6024
107.118
94.4333
107.997
124.789
108.392
80.3902
92.3536
113.883
77.1303
84.6353
99.2987
103.069
88.2959
80.6993
113.278
99.5981
91.178
100.997
96.6893
81.8245
118.629
115.144
111.171
109.021
117.851
79.5944
102.785
102.467
90.0446
111.383
90.4685
105.351
114.375
113.157
98.2892
98.9602
88.7431
93.8317
107.932
87.9104
113.364
78.2092
120.679
105.646
102.489
115.945
100.283
104.639
86.7827
99.4882
92.0563
110.106
79.5386
80.7677
107.185
125.869
109.316
86.557
103.564
101.785
106.736
85.7903
117.457
83.8032
112.56
86.4295
97.567
120.086
101.875
88.5213
104.277
107.335
104.583
89.7545
107.635
92.2392
95.2189
91.1342
85.2286
119.348
99.4783
95.3516
80.7335
90.9582
93.1294
100.34
109.496
90.5092
95.5414
81.2986
107.616
85.6977
140.24
92.2359
118.757
103.794
88.6894
100.452
101.478
88.55
113.373
125.156
99.5441
99.8276
111.153
85.6361
105.484
92.554
97.8198
88.6187
104.292
96.4364
89.7107
99.8231
90.7562
85.2619
77.3516
84.6271
85.9564
62.8838
132.596
89.4084
86.545
97.8529
110.198
79.2768
92.844
112.308
106.556
106.716
132.195
103.315
77.3459
96.1201
95.4917
85.1045
90.9822
119.363
90.3585
110.721
82.7359
76.9891
98.2741
70.929
74.4252
103.544
83.7684
99.2569
107.421
117.188
102.928
91.6828
119.34
110.384
106.818
96.9845
117.282
111.505
96.2963
88.6043
112.806
87.3132
95.4171
94.511
85.1571
78.4863
121.238
91.7228
87.3383
107.375
128.885
94.8514
86.25
109.465
96.7448
117.17
80.9988
106.601
76.5445
79.957
89.4033
103.11
99.0082
91.6922
109.021
133.663
99.1867
101.435
101.251
114.731
119.058
88.9037
105.016
77.1587
91.4407
85.2087
97.1898
109.797
92.9242
88.9568
112.745
110.27
95.9799
81.0465
139.69
85.0603
73.0394
117.641
102.718
98.7705
89.6608
80.9038
104.573
105.52
101.233
96.368
92.0808
97.5908
101.095
111.482
82.7015
102.556
101.211
84.0343
126.866
84.9675
101.971
75.899
96.5127
93.7841
89.7407
102.402
106.152
100.6
107.724
100.87
109.568
92.9671
92.5983
98.2992
130.5
92.5847
82.7564
105.881
79.9238
105.123
99.999
96.4393
109.006
107.349
106.221
81.2928
111.339
109.465
108.677
92.0901
95.1912
129.605
104.265
97.2324
98.4725
111.044
88.9152
121.445
92.8211
105.934
112.079
95.6609
126.811
88.1872
96.07
113.652
100.051
114.932
71.9716
90.7553
104.302
105.263
86.2866
92.5424
104.631
104.646
113.248
111.06
95.5198
101.787
92.3017
93.0091
85.3941
98.0131
113.017
105.251
103.915
96.0763
101.586
87.5699
91.2069
71.1619
100.468
122.187
83.023
85.1463
98.5258
70.0669
105.76
113.623
90.3932
85.7052
123.212
98.7741
85.0092
91.3082
107.868
110.944
94.0748
97.1073
107.061
94.143
93.1728
88.9138
92.2213
103.926
95.0688
91.5034
108.705
90.312
119.797
108.982
101.973
111.432
73.181
81.7993
90.2927
82.7946
110.016
114.048
83.3459
103.533
90.9254
123.675
64.1334
95.2397
94.973
76.1167
99.6721
66.6123
105.432
89.9621
92.2266
107.358
89.8437
120.306
104.789
94.6571
114.44
98.5907
117.155
88.0489
100.395
82.2426
99.4983
96.0703
117.794
96.4553
80.7476
93.5942
96.1028
94.5593
96.7797
84.2505
67.7073
80.9513
87.9824
78.0498
102.987
102.46
83.8724
83.9644
92.4244
109.147
77.4677
109.731
64.7588
74.6954
115.624
94.6636
89.1109
91.1726
81.0616
102.365
107.639
107.149
126.244
97.8387
96.5981
96.3336
86.325
97.6935
105.087
83.311
94.0671
104.778
89.0471
105.414
108.302
92.626
77.1775
96.1157
91.4778
81.7504
111.752
60.6955
106.228
77.3993
85.0838
109.193
98.3349
106.551
83.4589
108.698
111.129
97.6339
82.1485
98.0392
90.4739
81.228
82.671
100.086
89.3282
108.033
97.317
111.622
77.9597
117.541
93.0232
96.5121
129.165
115.461
81.4249
114.28
104.69
105.592
101.366
93.7302
95.437
93.2812
111.513
88.6563
93.0244
111.488
127.684
96.6343
109.641
89.5535
81.669
103.626
106.302
86.6808
93.5354
108.943
114.671
95.2921
79.8159
77.7887
104.267
89.1532
107.856
85.6209
99.6713
77.9834
121.613
105.38
131.104
76.1313
104.137
103.932
112.229
100.842
126.174
109.623
97.0621
74.4237
75.7926
89.12
96.4586
110.634
83.6267
110.927
116.804
96.7937
123.602
109.179
79.5694
104.444
95.2783
99.1621
95.0958
114.659
93.9596
95.1101
100.394
93.9361
107.589
93.0527
73.3933
90.7311
80.4189
100.383
87.3912
86.2657
94.7064
89.4099
107.339
99.1932
92.973
114.581
87.2842
91.7059
102.037
114.325
111.337
100.618
71.679
94.393
107.771
89.5744
114.028
89.1109
106.031
92.2611
75.1415
127.421
101.945
86.7622
115.793
101.715
110.031
106.366
121.715
101.478
95.1098
68.5762
101.525
132.532
99.4196
91.5959
87.4463
81.5143
109.881
95.5694
86.5826
94.1921
104.867
105.337
117.795
79.1882
78.8394
129.799
87.0656
101.853
96.0847
86.5252
78.8389
109.111
95.7881
96.1834
90.9308
107.661
87.6433
101.022
109.152
94.7962
84.5017
101.581
97.3474
121.672
98.2968
111.238
95.5911
91.8557
73.4303
89.1812
118.9
102.601
103.76
103.521
114.855
106.787
111.196
95.7487
84.873
86.4093
100.785
96.8642
73.0979
81.7656
76.8436
98.2825
112.769
89.9809
111.668
100.673
99.8786
91.6424
106.328
127.418
80.1934
73.0891
91.4897
120.244
110.929
109.247
81.297
102.987
108.385
90.7171
69.7899
87.2912
110.167
103.885
70.6389
80.6097
95.1913
96.5913
102.281
95.3329
92.5951
85.5817
79.391
88.3892
83.006
69.4553
113.163
93.3266
74.1449
87.8239
129.277
106.534
100.494
101.802
91.1745
77.2675
114.86
100.419
106.881
103.915
89.1908
79.8951
102.835
109.019
95.3071
88.7258
106.448
71.2221
105.696
137.943
99.2524
83.9862
92.016
91.2529
128.076
91.6073
95.146
94.4333
107.786
94.1172
72.69
85.4608
85.6371
105.739
92.2785
93.9711
102.543
113.803
91.0319
131.574
115.114
128.687
93.1489
101.266
101.103
118.74
89.7363
80.1829
88.7153
112.651
97.0009
100.838
90.914
103.692
120.81
82.5487
93.4001
113.346
102.192
118.951
134.659
102.743
103.682
97.1598
105.471
97.9625
92.2078
83.5846
103.21
119.286
108.008
93.6262
101.97
92.2459
90.3897
99.3907
92.6757
121.195
85.8676
97.6928
98.9379
96.6954
121.251
110.626
96.202
120.007
83.8829
88.43
80.6654
78.2395
102.274
122.001
98.6218
115.567
96.6521
117.089
105.579
122.979
85.2195
75.6822
89.6988
91.7491
98.382
117.85
86.49
95.4254
106.96
83.6414
90.9493
96.9167
106.984
92.4051
88.4612
100.355
95.8936
83.0648
114.156
86.1885
105.075
144.901
92.3745
123.943
102.341
108.026
79.8477
128.01
82.4959
116.392
91.0254
98.7534
76.5426
93.8574
94.2175
102.258
120.895
95.6009
67.0053
91.0595
114.76
81.9117
104.788
101.434
96.5192
88.5743
116.234
115.459
74.6875
90.218
104.651
118.15
93.1412
92.399
98.5597
75.9054
100.912
106.296
70.9325
107.803
120.45
103.442
84.4493
117.504
83.2414
120.417
95.7419
102.192
93.1491
82.8365
94.8972
91.8923
116.796
87.9306
127.121
97.7892
83.6004
109.021
110.373
109.503
96.624
76.5754
102.811
88.3987
93.4469
112.232
87.0655
72.4612
79.0839
80.1795
83.7739
110.982
100.195
101.309
130.989
100.463
99.086
84.8463
105.317
94.9806
86.7545
105.067
94.7273
106.35
82.6841
105.522
122.001
92.2281
83.9387
128.633
104.377
117.809
114.326
106.812
105.618
110.207
101.613
118.692
100.984
88.3522
103.718
100.748
97.5799
103.002
94.8352
90.9391
111.058
91.8346
74.4691
88.9462
95.5811
103.065
103.34
105.382
83.6431
104.912
89.3688
68.9877
91.8179
85.4306
113.276
98.6322
110.451
87.0985
90.2945
104.597
122.639
99.6742
75.3422
89.7279
91.6623
148.252
102.467
79.7314
99.585
98.8029
105.519
108.355
91.4282
99.0138
87.8042
112.478
72.8918
82.4387
96.8507
104.939
89.5085
71.3046
99.4188
98.9382
96.8979
108.906
104.385
126.664
107.001
93.5518
98.5455
111.424
99.832
106.867
108.97
103.581
75.4233
133.052
113.015
97.4994
108.691
86.0551
83.5179
105.136
85.6192
92.444
94.3275
88.4352
85.2679
76.9997
94.6713
90.7283
93.1524
92.9565
100.407
109.215
88.5072
87.0831
89.168
91.3448
90.2226
113.047
100.206
106.661
90.0231
116.459
94.0145
116.207
83.5327
93.6036
80.788
98.578
81.2391
91.6072
98.2144
100.978
74.3947
84.3628
113.163
102.259
103.814
119.214
93.4335
98.2721
80.3477
92.3521
73.3093
75.0036
95.8528
116.968
76.4695
97.6803
109.32
79.5958
107.357
91.245
73.0859
99.7091
115.124
92.1015
98.0573
91.5499
89.7174
111.043
67.9714
103.187
83.4815
109.628
96.1838
111.094
92.3037
118.301
94.0437
112.371
85.1315
94.8227
97.7654
90.2141
101.409
77.9204
111.493
107.439
98.0639
127.001
89.4957
89.2603
146.704
98.7804
91.7336
94.9417
95.6816
91.5248
109.888
75.645
105.017
100.312
85.4758
86.8136
75.8765
100.515
96.3599
81.8407
89.8837
106.935
111.684
95.2977
79.0811
88.779
91.946
104.93
71.4408
111.434
107.939
88.8488
96.7061
64.9021
131.141
73.6527
107.562
87.8951
81.616
101.696
135.222
108.7
99.7391
97.3489
95.8745
95.8421
99.7596
86.1335
98.925
86.2771
114.655
91.9051
108.633
95.7611
103.82
93.8997
97.0037
101.807
88.5147
117.609
99.6583
79.1251
81.8634
95.2144
99.1654
107.797
93.325
88.0472
98.475
77.5822
109.549
91.2505
78.4348
72.4549
117.745
95.9099
78.3524
98.2358
88.3454
90.9606
89.6083
96.4966
97.5127
130.928
95.6259
88.7313
70.4609
104.963
93.611
93.4333
112.653
86.0149
82.1071
112.2
99.7729
83.3275
94.4327
97.1154
95.0778
105.707
121.138
116.289
106.056
94.4663
102.136
97.777
85.9643
90.1813
117.848
80.2153
110.484
87.4297
83.0521
130.039
84.7877
108.916
82.4616
72.1972
74.8614
91.2623
115.006
92.8795
88.2872
96.3643
97.0987
118.797
79.8552
122.605
95.7016
88.2966
81.426
93.8232
109.889
76.6986
90.6447
95.0286
90.4049
91.3458
100.249
90.3056
84.0655
117.624
73.1649
128.333
85.0142
134.747
72.1362
104.779
108.678
92.6251
100.76
108.408
97.1902
85.5937
103.835
99.6626
86.1016
127.749
112.848
117.708
70.3894
106.264
110.053
92.8953
93.22
116.163
83.6755
93.2229
127.878
123.339
92.7656
129.941
101.574
103.346
85.722
134.995
79.1873
100.429
74.7518
112.247
99.5606
115.995
93.5695
102.691
100.861
103.094
72.9978
106.464
97.2934
102.388
89.4064
83.4534
99.8662
95.3036
106.043
86.0267
126.07
89.1043
109.188
92.916
95.3666
86.2769
118.084
89.8339
87.1638
121.744
92.5081
94.0182
100.096
112.044
97.2752
113.308
106.304
91.1476
90.1932
81.8252
95.7553
97.7493
93.9136
106.317
98.4254
115.595
84.3841
123.135
93.7181
72.2203
82.9925
96.1825
97.6024
95.5748
99.8733
130.918
118.341
108.957
91.3927
89.1718
68.0305
106.254
94.3221
64.2306
107.077
103.861
91.4988
87.6877
95.8389
77.0829
117.08
89.7418
107.346
115.779
109.099
112.696
104.824
99.6801
117.873
110.987
125.316
100.205
113.006
114.529
111.266
104.309
97.4804
99.9389
101.022
113.325
115.194
86.5217
94.9965
104.744
91.5977
102.943
78.3459
121.529
113.824
73.1719
92.7277
92.9622
124.251
88.0952
99.1947
129.874
107.124
106.663
103.785
96.8624
82.6737
95.2356
118.617
74.7105
123.572
93.6517
110.641
79.796
65.1709
107.054
86.0786
98.016
88.5719
115.036
106.775
93.2551
133.299
115.298
91.5753
73.1181
115.173
112.189
90.81
112.885
90.0643
82.3475
73.5212
107.201
86.7114
83.2103
79.1708
106.925
68.26
103.866
105.588
75.9209
105.23
81.1851
110.96
65.9867
98.4333
104.841
116.671
86.3633
112.091
71.8926
105.212
114.555
103.857
92.7321
72.368
100.281
78.4949
107.313
92.4857
92.4215
103.454
75.9839
96.8575
103.665
95.0334
125.695
107.859
83.5688
111.589
107.421
106.232
113.134
89.4529
94.9915
103.833
92.4266
96.6194
119.814
71.4188
106.401
90.1127
71.5522
108.239
91.0247
98.2
93.5029
99.7964
101.771
85.6085
99.013
90.1978
87.922
119.806
109.407
98.8355
108.02
88.3018
80.9897
72.9929
107.554
102.04
96.9296
98.3138
108.181
92.6043
85.5736
103.96
94.1943
106.644
120.525
97.0295
82.7855
116.996
105.273
79.9451
120.089
95.5376
119.866
85.9132
72.1983
100.324
85.071
90.9996
109.315
85.8524
94.839
91.8425
120.309
114.152
87.7618
91.9245
85.1778
84.0013
114.408
85.0556
100.465
89.0513
98.4779
92.1835
103.331
89.0188
130.056
79.6001
84.8494
80.114
104.258
92.77
88.1781
104.521
103.815
106.104
113.639
102.957
102.245
113.264
83.8767
125.456
78.9664
110.506
91.8414
112.469
94.4287
117.19
90.9529
108.697
120.464
95.8739
92.7825
106.797
114.041
101.593
85.6627
113.705
108.882
100.521
141.032
82.5194
93.5578
78.2859
102.019
108.054
112.549
80.3553
86.3165
113.804
108.372
105.679
78.9458
94.6813
94.8301
122.129
88.8911
104.033
116.182
78.629
101.178
91.0797
90.3301
93.5376
97.6095
91.8307
102.479
75.3914
104.99
100.175
99.8806
82.8394
66.9372
93.6441
110.679
81.9012
93.2571
107.039
151.104
117.363
120.383
105.817
96.8339
96.804
83.0904
88.6407
110.323
105.826
86.4776
73.748
76.2299
110.053
115.695
105.263
105.363
90.869
98.348
83.7208
106.065
89.9376
109.959
80.3274
86.908
88.51
82.1186
86.4957
106.79
134.212
103.642
96.9006
118.564
101.507
105.474
104.464
99.8831
78.9781
95.109
111.752
114.232
89.0907
105.205
89.3909
111.624
101.573
103.1
114.127
93.0646
99.8645
100.645
97.1935
100.881
86.5013
112.482
91.4753
95.863
79.342
129.176
77.2526
93.7607
99.0476
91.4568
102.856
87.9791
113.035
100.056
100.068
75.8091
77.6251
85.8676
95.6294
87.7535
112.747
100.228
88.5004
130.918
96.1667
92.1603
91.6502
105.418
113.782
97.0309
96.3209
114.237
141.953
99.4991
104.407
113.663
81.6427
112.087
103.237
82.0496
95.9353
101.261
86.7735
94.742
108.26
97.0806
101.791
87.4048
92.2391
86.3699
109.383
100.797
73.4379
103.917
90.4294
79.8478
75.3849
103.452
105.175
84.4227
69.4695
84.909
91.1619
100.029
93.591
113.152
81.4339
73.2695
79.6043
97.4675
82.3345
103.023
94.913
123.155
108.444
101.378
90.8779
78.0822
120.048
87.2446
91.4325
75.5628
113.738
120.719
77.1647
75.3165
104.302
99.3111
93.0357
90.9141
109.953
87.7357
114.512
100.983
123.229
102.731
120.393
78.5623
85.633
97.9098
103.122
129.181
77.62
89.0453
83.0158
93.4047
135.001
119.156
108.064
98.7942
117.118
90.9604
128.469
105.796
95.834
112.547
104.383
97.0464
83.1676
143.778
94.1114
90.2621
106.22
132.217
111.375
105.424
92.6523
71.4025
104.137
109.294
107.12
96.5997
102.169
79.3053
93.3577
104.802
95.1603
96.0381
61.0241
104.19
105.939
92.6788
104.634
73.7113
102.225
96.2491
94.792
94.0071
130.538
103.179
81.5335
116.365
87.0618
111.556
105.83
105.718
109.718
112.532
126.063
84.0886
73.3246
106.667
96.8622
105.142
87.3655
88.9735
106.414
109.697
106.145
114.042
108.732
105.827
109.711
100.965
95.2244
95.6397
90.4799
114.222
112.243
105.658
87.1039
95.5437
87.2308
82.9212
93.162
87.116
84.756
94.6143
75.3126
88.4388
97.6606
83.8343
101.907
77.7962
92.6994
105.81
78.8369
93.401
109.766
101.784
87.7378
118.258
104.28
92.8013
85.3468
90.4391
82.1362
96.968
93.1981
92.3546
91.2477
77.8107
111.73
78.2944
95.4294
72.9854
97.3521
98.0711
97.528
101.454
88.286
91.5415
94.7567
108.354
115.113
68.684
72.7776
92.5819
105.835
104.335
91.8572
91.5378
102.514
75.6445
99.1184
104.137
82.7453
86.6915
106.701
94.5098
112.178
107.029
128.198
88.3717
86.7955
84.1735
100.271
99.7708
90.4269
101.986
79.383
76.8612
100.055
121.266
111.17
79.9109
93.9113
95.7139
100.729
100.949
87.1153
82.2431
122.318
108.62
109.212
92.8849
71.6985
84.9385
98.2698
121.758
86.3072
100.681
97.5211
90.9561
90.5873
110.826
108.769
100.002
109.643
109.02
114.544
95.9126
85.7549
119.271
79.3396
95.1815
103.812
90.6948
96.9853
106.086
114.76
107.41
94.3241
96.9228
89.6047
109.704
94.3488
108.561
112.057
97.8111
86.5818
100.244
94.3609
106.885
111.851
84.1734
107.687
130.291
118.148
129.067
129.716
114.985
98.4614
87.2686
92.5302
78.1079
120.827
94.5259
101.183
117.845
76.1384
88.0151
106.882
99.8368
80.3117
108.096
95.8017
83.6286
110.781
89.2867
90.2497
106.171
84.9023
92.1412
80.9919
114.397
97.4832
88.6271
89.8907
78.8625
83.4119
78.3445
109.433
112.906
93.5412
109.954
97.6772
116.248
90.2721
93.8172
94.121
112.639
87.3248
93.6913
84.0793
102.548
83.806
83.291
129.015
109.627
89.7465
103.83
98.4824
102.004
110.42
80.0585
87.394
95.3566
109.187
113.501
97.5103
85.0754
90.8343
93.3235
96.4672
91.6122
94.9338
102.856
72.2368
91.7282
119.729
76.1522
94.3578
106.617
99.9931
94.4343
107.015
81.3278
116.685
82.5973
102.189
88.0666
77.3577
112.151
88.5149
103.645
108.918
78.2922
130.606
95.5009
108.505
78.4755
95.8012
109.202
120.956
95.1615
77.7918
95.6344
83.4042
78.4489
109.114
99.1152
112.402
93.5912
118.175
100.333
81.3777
106.573
105.682
99.4694
110.785
114.362
114.835
83.8092
103.654
116.487
85.2176
86.894
93.1003
132.962
102.291
102.409
110.433
77.6164
121.288
93.0137
90.3933
109.083
75.594
107.369
105.964
80.8285
97.0837
106.508
118.304
91.953
97.8945
92.1173
106.404
96.2178
108.242
94.4622
93.5772
115.887
112.643
100.993
97.9921
105.602
93.4433
89.5011
91.2968
103.843
80.9675
94.2054
88.1821
87.5364
97.377
89.69
100.554
101.374
73.8386
70.8836
107.312
104.472
93.7813
94.9192
107.673
88.8902
90.7221
79.2368
105.443
84.3688
103.86
73.9847
103.483
78.7097
92.6493
84.9825
90.8383
88.9
92.6215
103.894
103.772
112.279
83.547
82.5032
78.5393
94.1482
118.639
107.747
85.1983
106.887
125.541
98.9188
106.556
95.7639
130.061
90.7093
88.3025
99.0556
115.837
90.0694
106.973
84.1059
96.3806
97.4455
102.56
96.2086
111.941
118.089
77.4173
101.853
94.9367
101.502
120.668
70.827
83.7207
93.8884
104.03
102.724
84.8509
115.205
85.6168
98.8016
92.8901
104.089
92.4802
92.1333
103.51
120.68
94.5589
94.2226
85.7846
82.8255
77.5657
85.678
75.5426
104.824
82.7178
104.32
134.679
111.419
90.8923
113.225
97.9277
72.7442
91.0194
91.2209
96.7474
100.438
112.996
73.1765
84.6566
95.6748
90.9411
102.104
118.229
98.2255
91.3053
108.824
88.8384
100.112
90.6128
138.251
106.059
116.165
101.793
112.027
78.7178
97.6953
84.4087
103.009
90.8198
96.2374
104.808
125.672
80.5756
104.272
120.067
96.3809
88.5141
111.891
85.9034
107.429
101.067
107.586
92.5687
103.265
113.191
83.773
77.9723
91.4889
135.652
82.1751
90.9757
75.8693
101.668
79.9837
109.951
84.1993
82.0533
88.6977
89.7858
87.0309
90.9708
109.731
115.934
103.471
83.472
96.1428
92.3111
88.2326
89.2462
90.1689
100.266
113.733
88.5022
106.189
97.7461
112.771
91.5468
91.8839
83.1382
109.343
86.316
78.5625
120.27
96.2403
77.447
96.0704
79.5364
81.0922
75.9684
95.8256
91.8478
98.0435
105.287
92.8654
85.3796
74.61
118.257
99.9254
74.4308
83.6276
121.821
88.09
125.514
91.2531
95.9821
105.374
100.633
89.23
103.526
129.268
125.341
81.8403
117.756
144.455
92.735
86.1329
87.178
78.015
94.502
82.6802
102.821
93.6456
122.718
85.1593
85.1611
101.854
110.288
120.414
66.2656
111.076
91.7288
95.4083
69.3205
87.8502
108.281
114.778
108.995
106.764
97.942
87.8098
97.8583
117.622
91.0748
92.2575
77.6173
130.246
96.0752
85.563
79.8797
89.857
101.682
110.215
86.681
104.565
92.8616
103.163
99.2239
88.8385
94.9341
79.3789
98.4588
72.8083
93.1526
92.7781
95.0136
82.6267
112.399
102.194
86.9232
106.886
118.991
90.4329
113.288
107.957
107.425
113.048
123.815
113.966
102.401
92.5721
113.588
115.092
82.6965
118.329
106.893
85.217
82.4058
103.157
95.4468
110.106
97.4363
85.3906
77.4044
93.6082
85.0711
110.988
90.8882
95.5107
82.4474
84.5535
108.04
88.7548
86.3487
107.424
70.68
90.6243
80.6603
84.0411
103.901
101.948
93.0568
87.9886
68.9572
102.531
98.0581
79.4464
81.4553
81.6274
72.1321
94.381
81.671
105.516
75.0481
98.0694
111.965
103.986
69.108
71.1862
124.07
105.009
100.889
89.3575
89.1707
104.893
77.2187
101.594
101.272
116.257
86.8354
97.9755
110.654
95.756
119.464
100.865
81.5178
102.814
102.691
102.885
102.241
79.039
81.4468
96.6094
98.2951
91.8423
127.249
127.385
91.1274
98.3018
119.46
103.944
113.195
94.1709
85.0404
85.7286
84.2536
105.921
102.859
93.9724
119.753
70.1278
81.6564
102.48
78.1774
104.068
108.748
78.9212
72.7919
109.033
89.6542
90.3388
115.144
115.669
86.0818
88.473
86.9972
102.537
107.592
93.8611
94.0299
138.106
92.854
106.087
87.6065
88.8983
90.1996
112.028
97.5352
90.8913
115.372
89.6837
89.3242
119.36
120.878
98.4051
92.0354
81.0871
87.7043
90.5134
76.936
109.727
93.7434
94.394
92.14
103.579
76.4776
116.723
94.5739
91.831
92.2563
89.6655
101.993
109.595
80.5725
98.881
100.568
69.2687
61.8453
93.4021
108.193
105.906
101.384
85.4837
85.0588
103.534
78.5766
89.3839
115.237
90.8311
97.3758
121.592
96.6655
88.0936
93.9591
104.06
86.1128
92.1709
106.457
70.4922
121.091
106.352
113.772
102.102
95.1737
89.7511
100.124
97.8599
73.7773
83.953
91.7558
86.4983
133.355
65.7212
85.1381
115.288
92.0704
125.657
84.67
79.6985
95.6085
117.547
98.0811
85.941
94.3836
81.2988
113.602
96.2871
113.946
86.8236
120.261
113.253
91.9492
88.4722
105.132
127.164
115.143
96.2336
89.0031
105.081
87.7166
103.565
103.381
126.802
84.561
102.722
106.074
65.1877
119.222
115.745
93.6018
92.5721
78.3529
106.706
97.9381
120.974
102.652
83.2269
82.6366
115.947
93.6445
90.0716
99.8756
112.376
86.5272
109.733
96.6366
99.8271
101.132
89.4408
103.373
97.929
107.331
81.7577
84.9256
115.833
89.2762
99.8701
88.9485
104.098
113.612
96.3117
117.341
90.1408
104.135
92.5467
117.358
87.8683
78.0008
93.3821
116.253
78.2547
75.3806
92.6496
80.5558
84.5213
68.8448
93.7113
87.1479
80.2351
95.8166
91.7792
80.2096
108.765
106.726
106.756
84.0278
86.7335
93.8171
100.222
151.273
104.342
100.707
106.444
86.7752
97.215
97.4411
112.205
75.1549
99.3975
93.5657
117.725
100.866
90.314
72.8279
97.9998
100.142
100.594
83.3141
87.5074
90.5782
90.6798
74.5293
87.8168
120.851
83.5759
106.943
96.9563
122.73
83.7657
119.069
96.0631
102.925
114.273
87.8737
98.5491
110.924
91.598
102.507
69.2453
97.947
79.1774
88.0504
118.765
116.831
98.4474
89.0357
87.5523
74.0665
101.974
90.0026
94.7562
75.2767
86.1686
90.2464
103.551
90.7957
118.533
89.2117
67.5261
97.4299
96.1085
104.487
115.159
116.299
114.127
101.308
107.066
87.4054
106.035
101.24
118.798
76.0972
101.795
95.606
90.6514
95.4663
114.396
86.6647
83.982
104.268
101.1
113.957
90.9178
103.993
113.028
97.2117
102.858
119.887
129.051
91.5129
119.385
88.037
78.5509
97.9617
63.5275
80.8617
75.6377
84.693
106.39
113.855
100.573
89.2747
107.623
71.0606
91.4145
79.7227
93.4828
89.744
110.434
100.306
92.9049
81.5149
96.1922
76.5856
87.9172
97.0737
92.7053
82.901
99.5567
97.3904
96.2105
77.7755
72.4998
90.1118
108.805
109.412
79.3924
78.768
113.514
75.3164
72.7183
120.898
89.9613
109.525
83.293
120.641
95.0721
91.5898
73.4636
101.607
119.789
93.2256
92.3363
99.8973
98.5978
84.2815
109.796
114.991
104.974
77.6164
87.5322
89.0507
103.322
86.538
100.379
102.752
84.6358
98.6465
122.923
124.372
97.1152
72.8311
99.9308
116.757
84.4647
78.0171
94.3662
87.9158
104.721
100.626
66.0266
105.362
99.3829
72.7785
101.852
100.791
82.9969
122.046
98.6458
116.859
117.355
106.263
77.8101
93.6692
131.424
134.82
95.0527
96.6046
99.5357
82.3745
86.5913
100.122
97.1886
89.8989
80.6627
126.068
88.4408
87.4802
105.837
111.119
106.262
114.704
102.248
96.0035
92.3895
122.918
99.2827
86.5879
88.1858
119.028
115.076
107.773
102.283
101.53
99.7354
124.528
97.3324
115.137
98.5381
112.276
94.9375
97.7955
92.6751
103.305
92.8178
100.538
113.478
80.4589
86.6477
128.039
104.662
107.519
92.6044
79.9935
100.729
103.812
99.1424
91.8302
69.7478
96.4051
112.566
69.6922
101.925
107.612
92.776
93.3265
108.094
91.4092
109.657
75.885
66.8199
97.7402
114.094
91.2907
99.7005
95.4247
106.509
122.237
107.331
93.6993
93.9678
88.3183
112.983
94.9002
90.1779
88.7904
64.728
98.6057
106.924
103.43
91.1091
91.1339
132.621
94.1729
134.848
105.936
97.2824
72.0976
59.6826
106.19
104.638
77.7826
81.713
72.9356
86.1427
116.877
98.0877
88.576
99.1856
104.405
118.705
88.3916
105.381
104.239
81.4951
106.244
97.8517
97.2775
90.2976
133.734
70.1962
92.8353
72.8836
107.649
91.7577
86.9538
88.6079
88.1342
82.9832
98.0774
96.7438
89.5041
86.4403
119.852
78.2956
107.986
96.0499
69.6418
83.4816
79.2627
94.7313
97.2942
78.1991
68.1217
93.7861
97.8336
92.2982
100.197
111.234
79.0734
108.722
88.9029
80.7332
95.9936
59.5997
90.0004
71.475
88.2506
96.4565
112.346
116.552
100.369
81.6336
110.836
128.334
93.7076
98.9576
104.333
116.145
115.746
73.38
103.373
97.1883
90.1939
98.7847
85.4435
103.914
85.2724
98.9068
99.517
93.1733
100.684
118.229
123.663
71.172
96.6974
96.9241
90.9012
88.3506
91.4265
83.0703
94.1952
116.838
115.678
101.777
96.0261
89.9823
112.539
111.023
80.0671
89.3838
101.191
96.8789
79.3548
105.211
97.8209
110.914
88.8305
94.5698
112.065
89.2554
101.978
98.3245
96.929
76.9209
89.8432
94.9835
114.737
88.0869
126.271
96.013
127.23
94.5425
97.8114
88.1802
99.3449
83.6473
128.659
115.702
83.7949
99.3667
92.2281
95.3908
108.755
79.038
95.9014
96.8178
84.9887
101.497
89.3812
84.75
102.057
119.503
89.9287
77.4704
116.009
94.57
109.574
102.819
79.4556
95.3653
126.867
99.9867
84.4431
96.1148
109.607
102.421
91.962
128.095
65.7116
105.553
90.5003
95.7979
84.7038
112.388
136.491
101.866
69.8444
107.042
103.377
97.121
89.5121
82.1351
101.766
95.0283
98.6349
76.3493
87.9553
119.508
106.637
97.9512
118.773
119.184
94.7223
96.8801
118.51
108.718
92.7328
111.712
110.43
83.5275
85.2727
97.4912
99.6744
89.461
105.872
113.268
77.6486
109.303
93.1674
110.36
69.2632
94.0944
103.1
78.1282
76.93
105.474
86.2898
109.385
99.8256
82.0041
105.366
108.382
109.869
81.7929
98.1312
105.565
108.126
93.7182
104.665
79.3024
76.9122
89.8912
102.823
94.2678
94.9095
97.8348
116.724
81.862
98.3167
102.638
124.445
82.627
77.7901
119.017
88.5508
118.266
90.6573
85.608
76.6447
135.571
92.2207
99.8972
100.351
84.6824
87.0459
107.608
109.084
80.5247
91.9294
106.723
86.5475
82.3061
101.423
73.7855
125.537
103.379
102.254
121.192
87.9006
114.215
80.2503
82.3918
120.108
110.381
87.3981
94.4752
85.6292
85.0922
112.103
87.5107
100.897
90.5303
111.068
92.0056
75.27
101.378
101.085
81.6879
88.4995
102.643
95.6316
101.329
101.739
104.387
121.381
94.1645
86.4562
96.8801
86.7117
79.2354
110.36
91.0423
140.736
102.512
88.1679
98.0002
106.103
104.041
102.085
115.395
94.0695
87.5748
88.8411
109.004
107.742
82.0106
97.1014
110.012
76.5876
77.4955
92.9147
95.2946
94.8901
111.325
106.571
93.1588
96.2738
114.587
85.2907
83.3294
117.946
87.9463
105.313
83.4811
90.302
107.083
83.4735
98.8105
107.633
87.3524
73.4948
92.731
86.7674
91.846
90.7432
124.072
95.5443
128.222
80.0166
103.429
111.956
81.2593
117.956
92.0949
99.8966
99.5044
89.304
93.4902
121.819
76.8845
97.9243
89.0419
78.6779
88.1741
93.7484
85.4049
78.4339
87.852
92.0499
79.1689
104.973
87.7755
87.8188
81.2449
88.3966
102.676
78.6476
96.692
130.874
118.594
109.407
91.2316
98.1444
93.5264
84.7846
105.467
108.484
99.5742
125.159
87.5494
102.833
89.3207
105.842
91.3121
90.9454
92.8387
113.794
112.004
94.7907
93.2199
111.086
99.8744
85.0226
102.761
85.9381
98.9735
116.698
93.9513
100.409
81.256
103.237
93.4301
103.851
100.656
118.239
93.8569
116.575
106.153
88.0919
101.163
85.4434
91.3703
86.5686
100.21
116.81
72.6109
80.3286
124.607
100.805
82.5255
105.194
117.27
107.724
81.0726
100.153
115.315
95.5081
99.2553
99.1425
81.0253
95.7919
82.3762
91.0183
113.047
101.439
115.092
130.395
90.3338
89.0757
100.021
119.295
123.199
131.735
110.406
98.4739
70.7953
93.8853
107.071
99.9076
78.0047
104.361
84.7683
120.328
130.975
80.5892
69.9271
92.3173
79.9051
101.201
118.355
104.937
106.394
115.493
91.5437
94.403
78.4272
101.227
81.6609
91.1965
103.461
81.8692
124.266
93.8728
112.404
122.217
88.4994
82.0745
83.6172
87.5914
94.1434
98.218
72.3776
115.163
102.398
127.864
106.339
81.4009
108.725
