1861.94
1860.29
1987.03
1781.91
1869.97
1835.51
1993.53
1765.69
1884.29
1884.42
1762.14
1804.75
1921.37
1870.76
1878.22
2115.45
1875.8
1761.3
1862.87
1815.97
1870.33
1829.04
1833.09
1926.4
1881.47
1874.55
1907.94
1982.57
1904.08
1876.39
1808.47
1809.77
1688.97
1843.68
1769.39
1990.3
1825.53
1998.85
1859.15
1884.71
1984.78
1885.55
1789.4
1921.46
1863.3
1904.38
1804.95
1766.06
1902.98
1972.71
1801.77
1821.61
1800.7
1852.49
1985.92
1895.46
1911.4
1800.31
1911.73
1793.15
1780.19
1827.05
1818
2016.13
1697.76
1861.47
1895.68
1843.15
1898.08
1855.68
1912.16
1901.46
1936.38
1851.37
1925.02
1919
1920.02
1894.65
1943.27
1677.65
2062.04
2135.66
1880.85
1932.95
1854.67
1713.18
1937.19
1836.9
1915.59
1770.29
1870.73
1810.38
1815.12
1925.1
1994.92
1803.64
2043.56
2062.23
1890.46
1799.74
1835.88
2031.9
1827.95
1890.41
2016.47
1940.95
1772.21
1971.9
1798.94
1903.19
2013.04
1891.13
1743.06
1789.62
1916.02
1921.84
1914.09
1915.1
1894.02
1914.39
1845.87
1823.85
1702.05
1739.27
1994.34
1967.99
1732.44
1751.44
1721.77
1951.53
1840.02
1789.33
1851.7
1930.52
1920.55
1956.39
1957.71
1873.08
1907.42
1878.11
1724.8
1971.68
1802.83
1875.16
1900.05
1858.65
1920.78
1801.24
1881.23
1774.06
1778.28
1763.38
1914.24
1887.92
1866.1
1857.62
1718.14
1585.2
1845.39
1897.73
1925.78
1820.11
1886.12
1822.07
2011.47
1985.16
1904.89
1768.73
1948.34
1862.87
1883.71
1926.55
1710.99
1998.26
1877.4
1887.59
1925.59
1842.44
1697.47
1983.76
1814.09
1860.68
1872.04
1955.84
1907.07
1892.89
2102.53
1784.69
1895.64
1921.42
1832.59
1837.98
1734.59
1849.3
1963.28
1954.35
1746.09
1855.86
1888.72
1954.97
2075.66
1908.2
1832.02
1736.24
1793.99
1744.09
1874.76
1959.28
1736.8
1969.99
1875.14
1762.15
1846.78
1852.93
1895.87
1897.93
1818.99
1905.23
1826.66
1666.8
1929.8
1872.08
2021.85
1910.37
2015.67
1732.02
1965.51
1811.77
1952.09
1897.47
1783.65
1769.82
1946.01
1721.88
1820.43
1906.7
1785.72
1756.32
1817.15
1725.57
1732.17
1986.65
1769.3
1815.3
2029.02
1872.54
1913.81
1769.7
1857.47
1888.47
1906.82
1775.68
1631.45
1815.86
1943.41
1891
1856.16
1938.57
1861.54
1936.77
1881.07
1832.62
1898.37
1888.51
1772.59
1748.61
1893.95
1765.18
1867.32
1704.93
1909.18
1773.71
1897.18
1866.04
1871.99
1776.5
1786.69
1999.35
1937.13
1758.37
1787.06
1719.99
1945.27
1888.01
1961.62
1876.28
1868.87
1987.83
1956.3
1801.9
2008.78
1850.52
1845.38
1902.83
1843.39
1973.95
1799.22
1870.22
1930.97
1730.29
1824.56
1899.3
1879.95
1796.96
1875.85
1967.92
1887.31
1987.81
1856.05
1856.26
1808.68
1830.22
1783.31
1966.44
1871.16
2066.17
1870.07
1851.98
1790.44
1831.19
1800.53
1858.42
1737.17
1952.2
1752.29
1994.5
1857.23
1774.11
1995.78
1822.53
1886.37
1860.13
1848.37
1787.53
1969.58
2029.05
1847.57
1852.94
1802.09
1717.81
1730.52
1727.8
1797.37
1727.81
1756.62
1839.13
1858.07
1975.47
1806.62
2065.45
1939.81
1804.71
1931.6
1907.35
1893.59
1772.7
1918.35
1911.33
1878.81
1804.04
1843.92
1711.66
1788.05
1847.63
1804.08
1894.26
1666.44
1907.51
1927.6
1830.74
1938.75
1821.22
2000.1
1901.6
1766.89
1756.37
1819.93
1816.13
1885.04
1998.13
1936.87
1816.13
1806.83
2050.65
1775.36
1786.65
1801.58
1805.61
2068.96
1927.64
1840.44
1992.65
1852.32
1922.05
1857.73
1822.82
1913.89
1797.78
1890.54
1810.97
1742.6
1816.95
1950.55
2003.19
1716.35
1867.5
1958.08
1938.83
1913.05
1836.12
1892.47
1900.2
1758.83
1973.94
1836.45
1811.38
1915.62
1825.66
1817.14
1832.16
2016.71
1972.45
1892.29
1939.75
1873.06
1913.95
1836.08
1800.53
1914.96
1852.51
1837.08
1940.06
1800.92
1798.4
1940.53
1843.9
1681.88
1901.42
1917.24
1964.79
1840.82
1913.86
2046.43
1747.46
1783.94
2009.61
1725.33
1838.51
1717.8
1887.65
1801.31
1631.4
1777.28
1893.88
1824.09
1788.33
1753.41
1888.41
1817.32
1916.74
1822.66
1870.3
1775.05
2058.03
1999.89
2001.7
1975.26
1846.55
1849.15
1782.34
1904.18
1868.78
1749.38
1773.68
1890.11
1892.76
1840.06
2019.63
1862.41
1756.03
1797.21
1768.19
1975.2
1956.84
1936.83
1831.06
1879.05
1912.21
1929.78
1718.68
2057.34
1866.99
1863.4
1769.05
1985.02
1881.32
1848.88
1939.54
2004.02
2042.72
1813.35
1707.37
1830.81
1826.67
1727.27
1922.39
1925.25
1843.98
1703.01
1925.95
1891.98
1830.94
1929.18
1908.34
2072.11
1779.07
1701.17
1859.33
1911
1958.77
1923.98
1789.37
1882.59
1895.82
1825.5
1877.16
1949.36
1904.69
1668.22
1913.92
1863.12
1852.67
1965.13
1976.42
1931.59
1943.97
1889.27
1818.48
1884.71
1795.16
1868.61
1904.07
1874.7
1823.66
1761.75
1758.07
1998.22
1651.16
1939.4
1907.67
1798.04
1740.79
1909.39
1821.69
1886.52
1994.51
1765.53
1760.3
1832
1922.77
1852.16
1977.8
1868.81
1842.82
2014.39
1970.13
1916.23
1857.18
1842.14
1665.02
1779.01
1754.5
1816.7
1863.01
2041.71
1820.95
1692.98
1803.68
1929.3
1818.44
2042.38
1897
1688.82
1971.04
2019.58
1814.42
1990.66
1832.35
2002.36
1725.33
1708.59
1732.81
1757.12
1650.08
1784.23
1913.6
1862.83
1907.53
1923.58
1915.93
1678.24
1913.89
1838.82
1995.32
2010.57
2023.71
1884.58
1788.79
2017.02
1735.55
1862.46
1821.05
1946.64
2071.8
1776.31
1881.31
1757.46
1789.83
1880.39
1871.41
1794.7
1950.15
1884.7
1953.03
1909.12
1915.4
1909.27
1865.49
1981.82
1801.37
1976.21
1739.89
1875.39
1878.52
1960.43
1926.93
1909.66
1799.74
1803.16
1892.41
1899.04
2000.53
1931.71
1910.3
1888.56
1889.03
1723.8
1895.89
1846.28
1864.42
1719.5
1762.28
1729.33
1910.07
1819.08
1857.39
1915.59
1989.45
1752.86
1906.79
1732.69
1761.04
1982.64
1834.89
1790.34
1723.43
1890.14
1929.09
1795.81
1946.03
1838.13
2022.97
1678.26
1854.7
1905.22
1821.73
1732.31
1904.04
1876
1772.04
1925.28
1923.87
1787.94
1829.77
1791.67
1746.97
1962.42
1815.33
1716.83
1838.84
1943.58
2074.08
1814.56
1731.36
1906.41
1960.59
1952.62
1756.67
1862.84
1864.99
2009.31
2007.61
1871.23
1876.42
1999.08
1893.94
1850.58
1913.05
1789.4
1851.27
1809.06
1713.52
1746.74
2001.05
1827.36
1805.97
1811.08
1891.27
1943.09
1940.05
1822.79
1844.27
1900.55
1804.43
1864.44
1813.2
1971.84
1888.56
2108.03
1897.75
1973.96
2006.32
1703.88
1926.38
2061.02
1726.82
1805.95
1903.31
1847.41
1834.57
1799.91
1935.7
1870.98
1774.5
1916.9
1789.16
1773.76
1798.75
1982.09
1752.42
1926.82
1745.78
1934.75
1872.24
1899.94
1949.77
1927.97
1866.41
1878.33
1782.15
1744.77
1879.26
1962.13
1860.1
1866.67
1936.61
1893.18
1920.11
1819.71
1999.29
1913.5
1944.72
1996.98
2020.64
2042.93
1986.07
1742.61
1896.94
1676.49
1680.71
1765.36
1952.44
1866.57
1748.16
1877.15
1989.4
1874.27
1800.17
2209.84
1861.48
1875.41
1899.3
1879.87
2000.5
1973.17
1904.21
1883.12
1706.03
1839.22
1828.96
1669.75
1757.13
1769.36
1877.27
2017.33
1830.51
1878.43
1862.97
1723.45
1848.08
1698.18
1960.11
1998.38
1916.12
1843.23
1708.54
1675.72
1940.77
1862
1762.48
2026.4
1915.31
1751.25
1974.21
1833.56
1895.5
1996.94
1936.06
1994.5
1897.68
1805.52
1841.6
2013.96
1877.71
1883.48
1880.59
1868.27
1969.24
1821.58
1794.84
1714.78
1751.58
1941.02
1975.44
1771.47
1894.95
1907.18
1969.02
2030.07
1918.24
1965.44
1874.45
1970.01
1847.44
1804.62
1932.25
1863.99
1770.63
1941.51
1932.67
1890.11
1919.47
1870.52
1895.75
1881.23
1878.3
1929.51
1963.72
1890.83
1876.99
1858.06
1839.36
1872.95
1818.96
2021.49
1846.55
1965.9
2058.81
1884.64
1665.59
1909.74
1810.74
1851.02
1779.69
1935.86
1962.23
1977.64
1824.71
1842.45
1846.08
1925.9
1775.75
1854.85
1898.68
1799.37
1832.68
1829.34
1754.83
1976.25
1870.6
1884.35
1982.64
1668.8
1885.73
1690.29
1947.45
1820.48
1892.71
1944.45
1786.09
1719.79
1840.19
1795.31
1745.2
2073.83
1739.32
1955.22
1917.09
1807.68
1985.99
1930.72
1801.8
1981.39
1814.9
1941.35
1998.51
1830.96
1831.02
1861.59
2038.13
1748.3
1925.66
1867.27
1900.8
1987.33
1865.38
1581.98
1897.37
1896.77
1934.4
1725.37
1826.87
1819.7
1825.36
1959.5
1974.25
1723.88
1905.8
1833.81
1630.57
1896.77
1705.2
1745.42
1685.32
1903.54
2047.45
1872.36
1898.66
1920.48
1905.69
1836.59
1753.57
1823.34
2036.71
1886.74
1829.02
1985.33
1735.3
1989.33
1781.73
1833.88
1893.41
1919.58
1831.21
1673.51
1812.92
1965.07
1808.32
1860.41
1742.87
1834.8
1863.18
2019.73
1891.87
1798.34
2009.18
1958.18
1850.49
1873.26
1989.25
1809.11
1813.36
1717.81
1827.68
1909.67
1921.74
1957.74
1914.78
1901.61
1920.03
1916.27
2037.37
1769.19
1822.4
1945.18
2071.26
1852.97
1753.18
1854.94
1955.87
1877.69
1866.04
1873.09
2001.87
1930.44
2000.65
1780.53
1991.11
1737.16
1933.16
1889
1932.67
1998.99
1792.42
1880.42
1852.27
1900.18
1653.55
1612.16
1771.6
2012.29
1836.77
1768.94
1816.71
1834.5
1883.45
1901.79
1893.9
1642.64
1896.65
1902.37
1893.62
1949.04
1838.67
1969.42
1827.04
1959.3
2001.98
1984.73
1860.12
1972.56
1830.98
1926.53
1814.33
1832.07
1935.75
1794.24
1792.6
1826.45
1826.06
1759.25
1935.97
1878.38
1751.64
1905.3
1825.4
1914.84
1793.04
1798.02
1960.52
1807.98
1717.33
1930.43
1902.37
1882.19
1878.39
1963.16
1906.22
2014.83
1866.27
1861.64
1703.72
1703.06
1761.07
1788.16
2022.48
2002.67
1959.27
2112.48
1916.25
1790.15
1717.35
1945.33
1791.69
1863.15
1965.95
1806.62
1722.97
2001.47
1930.89
1959.61
1923.67
1801.29
1837.46
2007.98
1820.72
1636.14
1750.47
1797.96
1898.46
1851.08
1884.65
2004.72
1851.61
1852.8
1763.37
1993.36
1886.51
1922.12
1879.41
1695.59
1900.17
1899.69
1743.43
1813.98
1899.04
2070.07
1837.22
1853.9
1777.68
1882.68
1933.21
1814.83
1947.34
1711.02
1789.78
1642.26
1913.95
1939.03
1987.06
1925.11
1862.16
1936.11
1858.86
1870.14
1982.62
1938.88
1883.95
1877.67
1856.82
1800.02
1822.8
1938.1
1900.41
1876.64
1767.43
1803.06
1799.01
1837.12
1938.94
1785.13
1723.7
1949.96
1857.34
1922.04
1802.74
1815.94
1835.9
1973.26
1968.26
1867.5
1806.62
1749.43
1936.32
1816.82
1938.21
1897.39
1822.06
1857.87
1746.73
1809.61
1787.95
1864.56
1783.31
1831.56
1792.82
1793.24
1732.29
1793.04
1775.95
1710.11
1895.64
1796.82
1810.3
1925
1794.11
1708.7
1910.85
1823.17
1779.18
1951.6
1710.88
1864.17
1875.18
1856.23
1949.13
1824.58
1991.15
1933.27
1735.94
1999
1859.53
1875.4
1917.48
1751.73
1964.21
1871.82
1807.69
1833.14
1884.82
1851.22
1857.51
1832.33
1952.19
1729.26
1964.54
1757.06
1879.58
1996.94
1985.93
1948.57
1781.97
1963.99
1797.28
1804.6
1973.11
1882.61
1805.3
1780.26
1839.15
1782.52
2002.8
1794.97
1940.04
1996.99
1862.12
1827.25
2180.89
1962.32
1881.13
1862.9
1778.45
1877.37
1840.85
1951.74
1942.29
1716.86
1801.71
1850.5
1794.38
1837.46
1698.83
1857.74
1960.21
1934.89
1904.02
1797.65
1780.34
1775.07
1926.63
1795.38
1845.36
1771.97
1906.12
1933.59
1879.35
1868.98
1708.72
1748.84
1924.44
1755.34
1837.51
1813.11
1820.77
1892.67
1818.98
1904.66
1838.35
1936.85
1979.15
2003.97
1890.98
1810.36
1800.34
1796.12
1841.76
1859.67
1823.66
1878.87
1691.24
2019.99
1962.32
2009.83
1750.47
1894.21
1958.25
1806.67
1749.11
1775.93
1749.37
1938.26
1807.03
1965.75
1779.52
1907.88
1708.22
1794.52
1911.43
1998.39
1871.71
1875.27
1695.08
1862.5
1976.4
1998.34
1870.87
2001.44
1892.23
1609.21
1867.78
2042.23
1918.28
1752.47
1735.75
1681.56
2087.31
1867.55
1901.01
1936.75
1752.84
1756.83
1817.59
1842.43
1857.02
1837.78
1865.21
1816.03
1909.77
1782.78
1939.79
1699.75
1813.96
1682.17
1893.54
1900.02
1981.24
1789.64
1862.35
1899.95
1777.51
1852.11
1948.46
1914.3
1773.55
1916.02
1945.25
1856.65
1848.77
1796.22
1892.2
1867.92
1874.31
1950.16
2011.85
1887.5
1874.54
1848.83
1702.33
1834.62
2068.87
1730.04
1835.34
1836.23
1911.6
1900.2
1800.7
1902.05
1854.77
1769.76
1790.41
1889.44
2081.61
2008.67
1955.83
1850.25
1945.36
1824.79
1906.39
1780.14
1851.06
1682.81
1776.05
1972.1
2082.09
1897.57
1932.33
1722.13
2170.01
1605.39
1912.71
1942.79
1876.3
1792.97
1742.54
1862.24
1976.39
1850.12
1948.68
1879.48
1962.03
1856.54
1831.13
1702.34
1849.85
1800.24
1825.4
1990.15
1737.24
1962.58
1843.88
1978.93
1898.14
1756.56
1974.41
1750.79
1841.74
1831.44
1845.43
1894.92
1922.59
1892.35
1972.23
1989.08
2014.78
1751.25
1846.61
1881.7
1922.33
1934.76
1894
1957.02
1831.21
1892.01
1718.73
2111.72
1950.7
1759.89
2097.66
1863.15
1760.35
2073.82
1904.95
1731.5
1773.49
1909.49
1842.76
1807.31
1814.66
1813.56
2004.01
1714.2
2023.05
1944.8
1732.64
1806.18
1899.56
1832.74
1824.84
1762.24
1908.23
1916.12
1770.01
1923.11
1988.93
1930.38
1800.04
1855.33
1963.81
1876.79
1618.12
1845.1
1734.15
1894.88
1779.37
1884
2033.91
1903.43
1744.26
1868.12
1780.12
1798.2
1991.74
1736.93
1897.23
1978.06
1934.63
1833.1
2042.35
1808.21
1779.64
1893.95
1750.89
1956.66
1810.28
1978.88
1853.56
1949.52
1881.42
1895.4
1703.66
1791.08
1771.14
1704.86
1824.38
1761.48
1871.31
1880.87
1849.98
1878.47
1782
2009.62
1851.43
1975.04
1769.81
1792.02
1881.15
1936.67
2085.25
1809.95
1807.8
1835.45
1666.03
1808
2036.32
1922.18
1934.76
1654.17
1938.3
1819.86
1840.55
1909.99
1828.41
1957.18
1970.79
1867.55
1825.89
2003.78
1792.01
1871.87
1808.34
1933.79
1691
1954.45
1908.03
1764.98
1868.49
1836.65
1959.6
1855.09
1881.61
1864.5
1863.51
2016.17
1882.46
1832.38
1865.03
1811.66
1906.06
1875
1882.35
1874.98
1941.11
1773.43
1892.13
1805.67
1936.22
1712.22
1904.3
1839.14
1787.37
1793.18
1956.71
1820.76
1826.15
1769.17
1969.31
1776.32
1917.87
1986.01
1819.01
1892.41
2001.53
1954.96
1705.59
1658.67
1714.84
1869.42
1790.26
1848.81
2088.91
1794.9
1815.73
1936.78
1851.72
1850.18
1751.32
2021.68
1801.35
1913.81
1919.79
1896.15
1958.4
1751.52
1839.54
1967.67
1853.31
1777.88
1843.75
1946.26
1867.99
1763.76
1878.36
1795.68
2002.03
1965.78
1880.36
1957.31
1920.65
1830.7
1841.2
1939.77
1816.86
1776.38
1922
1942
1902.75
1855.21
1845.49
1849.98
2005.32
1896.27
1860.39
1773.47
1752.91
1801.87
1845.28
1992
2069.38
1855.78
1827.56
1910.23
1826.9
1828.86
1673.33
1859.73
1915.44
1834.48
1780.39
1865.72
1943.04
1787.77
1854.47
1896.06
1867.87
1854.68
1779.85
1972.02
1848.32
1930.05
1793.28
1806.19
1713.53
1781.54
1724.5
1818.08
1933.68
1866.18
1801.51
1961.13
1933.47
1888.26
1955.15
1984.21
1761.74
1899.16
1890.58
1831.05
1751.4
1888.56
1955.84
1848.62
1899.63
1828.32
1946.24
1759.45
1804.88
1823.4
2036.11
1989.56
1911.69
1823.13
1914.05
1868.03
1889.29
1740.98
1813.53
1855.69
1743.6
1916.35
1718.27
1844.38
1719.26
1955.33
1904.95
1743.74
1820.44
1957.96
1928.07
1698.95
1963.85
1982.64
1775.87
1957.39
1764.99
1755.47
1936.03
1935.38
1925.91
1884.75
1968.43
1774.04
1748.88
1900.37
1857.97
1901.71
1865.18
1987.85
1845.1
2010.48
1766.72
1887.26
1794.92
1828.28
1692.07
1760.6
2006.39
1874.87
1861.98
1884.45
1836.53
1825.03
1958.6
1916.97
1702.75
1887.88
1913.88
1953.69
1832.08
1926.69
1815.61
1939.05
1753.81
1871.11
1910.61
1922.75
1817.23
1895.71
1941.66
1979.67
1881.31
1902.2
1871.15
1775.99
1823.01
1723.36
1985.2
1733.83
1919.11
1777.13
1863.41
1953.42
1753.7
1870.64
1822.27
1900.91
2016.29
1853.95
1782.01
1835.18
1756.7
2021.72
1879.52
1732.99
1827.28
1830.81
1912.92
1866.1
1863.28
1676.45
1773.32
1931.17
1827.15
1755.43
1753.87
1911.28
1881.26
2022.09
1847.47
2026.07
1914.45
1827.01
1760.78
1924.33
1896.96
1808.5
1973.96
1738.76
1826.89
1874.99
1998.31
1867.5
1940.73
2054.68
1926.16
1887.16
1851.61
1853.1
1801.46
1768.31
2057.86
1716.41
1653.67
1942.86
1987.7
1846.49
1993.79
1864.35
1862.02
1855.18
1915.07
1869.35
1872.47
1803.35
2089.33
1910.82
1793.84
1901.13
2027.94
1769
1864.11
1872.29
1834.31
1790.72
1801.93
1864.28
1891.21
1923.83
1902.05
1730.69
1860.86
1899.16
1887.11
1969.58
1906.64
1867.73
1701.39
1815.66
1793.04
1780.45
1646.7
1930.18
1827.79
1939.63
1766.66
1851.99
1788.96
1873.16
1807.82
1776.48
1808.68
1902.01
1805.67
1823.09
1983.41
1975.32
1922.57
1870.11
1843.17
1904.24
1865.25
1812.22
1967.73
1781.6
1885
1726.52
1840.68
1780.32
1825.64
1776.08
1891.39
1860.26
1731.47
1888.24
1809.01
2028.27
1971.49
1804.96
1946.65
1837.63
1926.02
1852.21
1890.06
1879.68
1891.75
1942.55
1895.92
1953.96
1855.87
1759.41
2056.76
1895.78
1751.4
1804.29
1871.06
1960.38
1864.58
1972.74
1777.81
1808.52
1840.71
1977.22
1949.05
1857.21
2029.33
1786.8
1858.53
1736.95
2010
1770.97
1948.43
1881.24
1860.93
2015.55
1893.79
1802.83
1928.86
2015.49
1808.27
1906.78
1889.11
1935.51
1822.66
1821.89
1754.33
2057.24
1854.94
1747.13
1859.9
1834.07
1887.9
1894.4
1817.35
1803.81
1795.99
1806.17
2021.9
1809.49
1895.98
1951.96
1914.48
1950.91
1789.59
1880
1969.05
1985.18
1772.64
1902.72
1827.87
1826.88
1840.86
1841.3
1953
1748.24
2144.37
1901.45
1785.72
1937.15
1983.31
1890.85
1870.12
1758.83
1827.44
1775.39
1819.55
1810.76
1829.02
1834.56
1688.36
1877.48
1916.53
1756.06
1800.99
1874.59
1958.95
1993.75
1866.53
1872.1
1860.78
1953.89
1952.7
1884.18
1703.46
1873.76
1940.53
1829.06
2017.95
1971.61
1814.65
1851.96
1783.27
1832.47
1763.62
1856.16
1706.6
1824.79
1885.25
1701.47
1638.64
2004.68
1872.67
1786.09
1706.78
1830.46
1907.32
1823.79
2014.24
1774.3
1744.6
1896.73
1808.97
1851.46
1887.41
1770.18
1918.29
1872.12
1843.02
1883.48
1974.56
1781.44
1954.01
1868.6
1784.34
1863.56
1781.94
1914.98
1860.9
1883.46
1840.5
1754.08
1907.02
1852.35
1750.72
1897.76
1867.23
2010.38
1835.8
1946.05
1831.88
1853.11
2012.47
1871.31
1927.41
1850.51
1835.26
1962.35
1839.92
1768.34
1936
1892.2
1738.6
1758.79
1884.83
1860.39
1744.12
1879.44
1765.87
1915.28
1860.45
1928
1891.12
1705.43
2007.07
1927.94
1866.55
1722.84
1830.69
1936.94
1858.03
1835.19
2018.99
1828.15
1916.36
2017.27
1843.36
2018.29
1861.24
1849.41
1862.02
1792.8
1808.82
1830.53
1983.86
1806.5
1807.52
1723.91
2059.87
1700.48
1869.77
2027.41
1903.43
1767.03
2019.16
1810.87
1962.27
1949.16
1743.5
1914.71
1828.9
1763.04
1778.44
1816.4
1793.61
1735.06
1765.3
1937.46
1834.68
2056.39
1904.79
2006.7
1906.65
1671.5
1898.86
2053.53
1928.87
1706.64
1886.87
1826.38
1910.19
1937.76
1790.04
1781.87
1829.36
1903.88
1944.48
1820.07
1931.83
1910.57
1958.3
2072.58
1999.04
1796.77
1808.89
1842.52
1871.88
1852.73
1983
1985.22
1801.68
1770.87
1938.02
1811.26
1851.22
1774.89
1869.84
1896.84
1908.38
1670.8
1913.79
1858.85
1693.86
1987.03
1928.46
1755.05
2028.77
1834.28
1734.16
1860.32
1939.99
1815.95
1793.47
1865.6
1725.71
1843.72
1936.58
1914.73
2000.12
1848.54
1865.13
1866.62
1826.56
1708.62
1963.69
1920.87
1798.58
1801.64
1851.83
1832.75
1801.63
2021.81
1986.97
1886.5
1825.64
1830.66
1741.26
1676.15
1912.91
1755.32
1917.71
1842.41
1786.97
1949.07
1972.9
1785.33
1856.84
1934.73
1917
1951.74
1730.18
1861.14
1858.49
1785.39
1917.81
1803.73
1781.21
1715.92
1928.24
2018.41
1932.47
1913.61
1952.65
1795.27
1769.54
1850.43
1921.01
1923.14
1764.97
1987.17
1986.36
2012.55
1743.28
1841.89
2028.08
1775.25
1936.3
1948.78
1776.15
1817.39
1876.99
1908.6
2044.91
1726.51
1945.92
1908.62
1721.07
1903.04
1815.26
1962.45
1785.73
1696.87
1933.02
1878.98
1914.55
1641.73
1816.32
1864.19
1940.25
1880.41
1861.93
1926.62
1902.67
1867.38
1903.56
1821.61
1852.89
1866.71
1831.65
1938.78
1805.15
1801.5
1965.71
1825.36
1840.68
1826.27
1905.37
1918.77
1845.42
2028.03
1951.62
1867.86
1878.39
1902.69
1807.67
1652.19
2031.44
1862.54
1927.9
1853.98
1915.78
1970.91
1843.66
1810.42
1916.35
1856.98
1823.32
1907.09
1879
1811.78
1930.29
1784.77
1820.78
1919.1
1899.11
1829.05
1641.26
1880.58
1667.11
1919.38
1895.4
1918.22
1900.19
1779.66
1865.59
1832.49
1968.64
2060.46
1925.04
1801.22
1780.16
1885.05
1946.33
1837.26
1932.07
1905.32
2072
1820.3
1981.19
2084.47
1828.48
1953.06
1682.29
1952.06
1888.88
1835.8
1864.37
2041.48
1854.6
1804.37
1831.6
1752.26
1804.46
1803.14
1686.81
1920.47
1772.78
1924.62
1883.02
1906.52
1856.54
1786.71
1911.54
1832.52
1743.41
1928.94
1925.49
1891.45
1941.23
1864.12
1897.92
1929.8
1772.51
1808.82
1825.14
1844.53
1924.21
1825.22
1955.92
1908.52
1867.16
1805.75
1924.03
1886.56
1950.36
2005.71
2049.38
1894.05
1878.54
1882.8
1729.56
1980.09
1826.99
1733.24
1850.3
1695.47
1929.36
2013.57
1965.39
2009.58
1842.92
1904.49
1985.56
1716.26
1758.57
1988.52
1769.45
1982.3
1799.36
1840.33
1897.06
1857.95
1841.57
1882.06
1941.12
2005.74
1795.87
1854.67
2010.22
1893.54
1728.2
1849.95
1674.41
1911.98
2001.77
2124.78
1906.98
1846.27
1736.21
1948.78
1801.78
1841.47
1813.13
1990.66
1732.49
1812.28
1995.58
1831.87
1902.66
1817.87
1847.37
1956.49
1903.26
1827.01
1989.54
1891.16
1908.92
1706.08
1827.79
1795.98
1812.38
2139.26
1754.45
1986.34
1887.66
1800.47
1859.31
1944.84
2012.08
1799.68
1857.31
1893.71
1784.32
1846.3
1768.04
1851.49
1873.41
1896.21
1814.53
1734.29
1813.48
1919.21
1745.7
1796.35
1953.3
1880.79
1811.37
1777.56
1752.21
1988.44
1990
1946.24
1948.09
1917.85
1694.16
2024.4
1866.75
1794.35
1886.16
1925.74
1927.31
1654.87
2019.36
1711.73
1830.42
1877.63
1720.43
1708
1861.85
1927.63
1949.56
2060.34
1971.1
1973.03
1767.94
1969.93
1898.3
1740.35
1911.69
1840.53
1859.86
1695.69
1848.23
1882.68
1844.77
1766.67
1837.66
1808.04
1779.45
1831.15
2153.16
1871.62
1754.3
1860.01
1863.11
1939.06
1993.49
1861.76
1802.1
1793.07
1904.92
1819.87
1948.37
1876.91
1927.55
1921.87
1876.14
1777.38
1946.27
2046.18
1869.72
1964.31
1890.02
1764.85
1831.25
1868.68
1938.8
1826.69
1874.71
1754.58
1960.22
1893.6
1989.65
1791.33
1783.67
2118.53
1995.1
1882.77
1949.12
1906.4
1782.15
1896.21
1876.54
1767.55
1916.96
1878.54
1962.95
1855.34
1796.43
1780.93
1968.54
1800.41
1895.9
1896.27
1828.49
1806.92
1923.33
1864.9
1662.81
1819.76
1917.71
1980.37
2032.42
1766.28
1792.77
1837.35
1861.03
1923.96
1927.67
1856
1837.4
1837.79
1885.67
1903.43
1837.87
1931.25
1812.1
1858.19
1868.34
1732.41
1843.9
1757.06
1913.54
1814.52
1738.11
1970.17
1829.25
1858.12
1819.61
1857.38
1737.16
1863.17
1791.63
1986.48
1883.2
1759.53
1832.62
1957.46
1761.83
1990
1780.1
1874.5
1831.11
1750.31
1885.88
1784.26
1961.27
1786.3
1967.48
1877.23
1874.01
1839.13
1895.14
1905.03
1932.62
1847.02
1895.75
1724.45
1835.73
1855.72
1856.98
1779.04
1776.74
1983.12
1872.03
1902.39
1848.27
1900.83
2040.15
1797.16
2031
1802.5
1904.88
1765.27
1748.48
1867.68
1842.33
1877.17
1815.01
1840.33
1890.31
1795.86
1896.81
1743.06
2092.85
1905.6
1863.22
2008.72
1920.52
1927.07
1959.06
1881.78
1978.25
1805.08
1780.97
1733.06
1906.75
1790.9
1909.6
1758.48
1726.91
1778.46
1885.18
1888.95
1716.69
1809.95
1923.67
2002.72
2004.71
1917.67
1900.67
1818.34
1922.83
1966.37
1955.87
1816.57
1938.68
1864.91
1823.73
1909.11
1844.72
1913.31
1852.07
1782.76
1668.44
1864.64
1902.41
1867.88
1882
1805.02
1754.41
1739.5
1813.47
2008.37
1866.55
1783.48
1834.06
1885.51
1951.68
2054.03
1904.83
1708.74
1791.88
1923.28
1789.33
1827.76
1832.58
1769.77
1802.35
1913.99
1820.02
1855.01
1813.84
1948.53
1785.39
1962.12
1850.33
1722.17
1808.05
1755.97
2001.98
1775.05
1796.76
1867.58
1779.98
1879.96
1940.46
1846.85
1891.81
1851.51
1706.36
1710.93
1843.24
1785.87
1680.49
1675.36
1865.97
1795.18
1812.35
1897.49
1917.28
2005.09
1779.44
1774.37
1955.03
1882.77
1748.78
1910.21
1917.86
1746.77
1797.27
1695.09
1867.83
1893.6
1809.64
1756.49
1842.49
1887.74
2103.08
1829.35
1901.43
1835.98
1845.09
1713.57
1834.8
1889.83
1964.76
1779.63
1825.85
1875.49
1934.75
1870.26
1796.36
2015.43
1837.04
1869.13
1877.55
1939.91
1895.2
1754.08
1886.24
1844.22
1879.23
1971.86
1732.57
1841.09
2059.04
1945.75
1867.61
1875.48
1737.56
1754.7
1740.81
1895.37
2067.58
1860.27
1909.69
1800.31
1772.01
1854.84
1861.56
2002.97
1817.22
1819.76
1865.34
1830.93
1911.82
1927.31
1898.26
1934.35
1770.85
1805.46
1749.96
2023.28
1844.98
1876.4
1882.26
1815.46
1754.92
1920.86
1942.41
1736.8
1828.76
1912.95
1953.42
1734.62
1918.14
1630.95
1832.25
1980.15
1889.61
1914.47
1826.35
1802.29
1844.38
2039.51
1841.97
1669.74
1899.11
1872.86
1942.08
1974.74
1966.38
1676.31
1783.13
1766.28
1900.58
1804.9
1753.73
1804.57
1872.87
1723.69
1991.15
1813.57
1996.6
1881.58
1864.42
1866.99
1923.73
1939.34
1840.17
1744.37
1931.35
1941.35
1849.45
1823.22
1899.48
1992.2
1857.83
1803.13
1794.88
1871.19
1951.7
1836.05
1886.33
1912.15
1893.45
1920.74
1927.01
1843.56
1647.85
1721.86
1897.61
1669.75
1895.58
1872.13
1819.54
1742.95
1839.5
1700.41
1764.27
1865.08
1835.32
1760.63
1982.6
1709.55
1997.76
1928.45
1732.08
1743.96
2048.55
1758.97
1840.58
1975.68
1721.7
1940.03
1786.57
1864.58
1687.22
1832.27
1928
1940.18
1784.47
1880.21
1842.86
1777.74
1858.4
1873.27
1757.95
1796.83
1934.63
1637.36
1756.91
1843.62
1902.14
1811.93
1753.59
1938.16
1742.32
1889.12
1835.77
1900.98
1862.39
1874.92
1885.01
1841.1
1837.83
1741.35
1939.62
1929.07
1982.38
2037.28
1901.57
1781.21
1775.02
1995.71
1895.69
1773.1
1983.02
1821.61
1735.97
1811.18
1686.74
1931.78
1647.73
1856.61
2107.51
1929.03
1890.87
1829.45
1955.01
1833.32
1890.08
1994.68
1887.13
1995.8
1810.72
1927.61
1950.65
1805.15
1843.96
1738.42
1945.04
1866.9
1850.24
1730.09
1962.7
1841
1746.68
1853.53
1909.63
1905.39
1834.9
1836.59
1856.57
1803.67
1938.06
1972
2052.91
1752.03
1807.26
1918.29
1778.01
1798.03
1926.51
1773.18
1674.03
2018.73
1878.36
1790.66
1849.07
1987.95
2003.04
1904.46
1830.29
1942.33
1949.42
1874.24
1836.6
1790.64
1837.68
1915.61
1889.39
1808.4
1742.74
1882.68
1789.35
1747.36
2013.97
1804.34
1958.49
1981.01
1799.34
1713.33
2033.37
1893.95
1998.64
1846.54
1681.87
1868.02
1824.44
2002.2
1768.51
1810.16
1869.08
1906.54
1701.96
1866.79
1784.23
1834.64
1987.08
1873.11
1796.79
1972.17
1792.56
1865.11
1818.99
1647.97
1827.13
1776.38
1892.64
1722.73
1845.79
1814.42
1705.47
1882.69
1993.55
1963.96
1851.44
1923.91
2006.39
1646.4
1797.09
1821.52
1783.12
1877.42
2041.61
1919.39
1987.78
1800.07
1900.24
1878.17
1935.01
1744.88
1965.37
2018.68
1873.12
1928.12
1892.39
1765.21
1932.46
1843.75
1859.51
1881.46
1751.3
2058.19
1893.34
1728.28
1870.26
1753.59
1991.35
1733.77
1821.78
1854.23
1955.01
1692.46
1850.51
1823.57
1837.82
1829.22
1868.94
1870.22
1879.62
1877.36
1866.47
1722.55
1787.62
1873.69
1742.68
1679.28
1865.95
2041.32
1796.24
1900.21
1935.06
1793.43
1766.45
1965.36
2151.56
1815.88
1876.95
1932.31
1862.45
1966.79
2023.87
1788.77
1854.72
1816.6
1832.74
1939.9
1758.19
1788.13
1937.51
2002.9
1771.11
1911.86
1771.54
1793.04
1863.38
1940.19
1919.82
1838.59
1981.84
1757.29
1973.32
1974.18
1997.05
1818.91
1845.09
1759.31
1958.66
1911.03
1863.02
1958.31
1824.53
1847.85
1845.21
1858.34
2018.99
1828.01
1992.86
1995.22
2004.35
1735.99
1942.6
1741.86
1861.36
1907.06
1778.95
1870.37
1947.78
1747.44
1905.33
1917.98
1885.79
1910.21
1997.78
1790.82
1836.66
1901.84
1835.23
1830.08
1883.99
1871.71
1839.5
1866.51
1827.94
2017.39
1973.96
1800.33
1801.29
1957.66
1956.81
1881.69
1725.47
1562.7
1907.19
1824.72
1849.12
2032.2
2007.85
1857.57
1940.3
1984.3
1711.37
1837.16
1812.97
1921.6
1761
1904.31
1808.34
1847.17
1903.63
1722.2
1831.76
1929.12
1899.79
1892.27
1957.65
1738.87
1922.79
1926.78
1913.66
1879.97
1924.06
1845.93
1686.7
1736.58
1976.29
1828.93
2006.56
2019.47
1960.04
1985.23
1837.59
1880.57
1960.15
1700.22
1766.44
1766.28
1896.07
1895.12
1847.55
1868.46
1848.27
1810.38
1993.68
1963.13
1785.21
1848.13
1956.98
1751.35
1982.8
1852.3
1854.09
1653.55
1854.29
1829.48
1929.44
1897.07
1849.64
1989.81
1828.34
1768.94
1783.47
2044.09
1970.28
2045.1
1790.44
1802.74
1907.13
1820.11
1861.27
1884.42
1893.75
1782.85
1907.93
1809.33
1929.28
1792.26
1908.06
1864.9
1837.33
1942.77
1921.49
1898.91
1908.24
1893.03
1779.55
1763.08
1851.12
1812.32
1792.86
1932.99
1866.02
1933.08
1782.7
1924.49
1838.7
1948.93
1858.44
1841.21
1812.55
1848.49
1929.53
1785.94
1929.23
1839.23
2006.22
2045.56
1953.93
2004.02
1827.57
1905.8
1826.23
1856.74
1876.78
1827.84
1956.05
1950.17
1771.01
1702.64
1777.18
1913.26
1813.28
1935.15
1879.2
1784.12
1982.1
1926.58
1791.43
1739.76
1814.86
1876.31
1861.05
1926.57
1809.63
2005.6
1747.29
1820.01
1763.92
1755
1872.67
1897.59
1911.74
1907.36
1727.84
1962.61
1925.48
1863
1768.4
1871.24
1830.52
1891.52
1961.68
1941.01
2013
1773.78
1879.32
2080.47
1807.2
1997.92
1788.76
1829.22
1826.06
1803.49
1831.4
1687.56
1918.69
1968.23
1840.14
1923.48
1869.33
1899.28
1835.12
1812.79
2007.9
2031.83
1946.49
1840.02
1861.47
1738.72
1802.15
1822.23
1971.22
1890.88
1941.59
1917.51
2004.19
1904.18
1805.49
1986.43
1816.35
1805.92
1885.48
1688.15
1766.99
1824.42
1987.43
1991.78
1765.57
1949.51
1814.89
1822.16
1820.48
1939.77
1865.49
1682.55
1889.91
1947
1947.45
1990.3
2024.81
1836.89
1821.63
1780.1
1929.33
1879.47
1812.9
1894.35
1863.56
1839.06
1795.83
1831.47
1885.73
1758.89
1758.86
1805.05
1812.31
1841.38
1855.01
1830.7
1747.88
1930.27
1844.46
1968.16
1821.65
1819.04
1906.42
1901.77
1846.06
1888.06
1811.61
1882.41
1872.41
1717.58
1962.8
1852.46
1929.51
1921.28
1895.66
1788.11
1868.1
1775.94
1877.65
1896.59
1720.97
1858.94
1807.06
2090.82
1732.72
1968.15
1888.68
1888.43
1889.17
1826.92
1844.82
1977.85
1863.45
1979.47
1808.59
1748.31
1989.87
1818.07
1891.1
1872.11
1916.88
1744.32
1898.52
1843.78
1859.26
1828.02
1805.87
1862.67
1866.3
1905.35
1929.8
1808.2
1711.46
1768.64
1935.03
1859.57
1963.56
1877.83
1894.54
1882.48
1824.13
1801.56
1836.87
1878.8
1781
1941.21
1867.94
2001.44
1804.7
1829.86
1807.67
1918.24
1888.41
1814.05
1906.12
1917.44
1993.56
1971.23
1808.05
1788.68
1958.24
1853.42
1736.19
1641.2
1790.04
1866.73
1817.34
1798.56
1886.46
1761.34
1819.3
1715.22
1832.37
1935.51
1836.7
2010.58
1711.45
1798.47
1932.86
1852.88
1952.93
1757.08
1794.46
1854.92
1905.97
1811.1
1802.35
1772.98
1972.41
1942.25
1796.92
1916.29
1786.15
1769.76
1973.1
1918.29
1878.71
2126.36
1811.37
1938.96
1778.76
1827.56
1706.28
1898.32
1894.87
1885.05
1799.97
1844.99
2002.74
1990.89
1698.84
1971.28
1912.34
1815.31
1800.51
1855.3
1997.77
1851.03
1983.8
1857.46
1831.98
1835.67
1885.99
1868.02
1786.61
1784.55
1975.55
1946.77
1829.42
1797.87
1770.02
1991.42
1886.52
1838
1825.47
1816.51
2101.31
1710.84
1840.24
1734.59
1951.97
1843.12
1792.01
1800.81
1890.79
1661.34
1924.93
1858.67
1909.42
1966.23
1916.8
2090.22
1811.98
1753.61
1899.23
1808.44
1716.48
1852.88
1945.09
2001.63
1786.85
1873.26
1846.34
1791.21
1956.58
1831.33
1986.85
1919.15
1957.52
1725.59
1852.43
1816.67
1918.81
1863.64
1950.66
1777.98
1913.96
1951.7
1912.12
1814.63
1853.31
1913.81
1950.56
1929.82
1872
1890.21
1727.64
1842.12
2000.65
1752.24
1840.35
1818.75
1945.57
1781.05
1840.07
1876.58
1988.34
1863.93
1875.5
1774.29
1995.97
1847.43
1780.75
1833.66
1860.99
1963.52
1894.83
1961.86
1943.06
1866.8
1816.32
1899.79
2211.11
1961.39
1782
1677.76
1759.01
2017.04
1944.45
1845.66
1847.41
1837
1969.64
1988.56
1886.84
1822.13
1778.48
1958.57
1842.48
1940.33
1897.2
1943.44
1812.63
1992.46
1914.74
2042.67
1892.93
1974.31
1841.64
1838.95
1877.94
1965.52
1893.46
1809.62
1836.24
1868.94
1828.14
1786.03
1847.19
1844.5
1799.71
1756.38
1866.24
1834.78
1908.09
1954.77
1794.85
1836.66
1873.28
1991.56
1896.27
1906.08
1797.23
1893.32
1841.8
1740.12
1917.34
1929.4
2033.7
1875.91
1704.45
1920.42
1850.91
1981.63
1982.29
2051.36
1829.67
1849.4
1972.24
1632.9
1743.15
1856.88
1867.99
1988.83
1923.96
1924.26
1885.24
1964.89
1920.37
1759.73
1879.49
1997.98
1881.17
1883.71
1758.1
1825.81
1824.96
1816.55
1799.13
1816.41
1792.74
1798.84
1925.13
1782.51
1809.29
1756.11
2101.02
1672.27
1984.33
1998.88
1853.98
1721.14
1787.66
1858.39
1928.52
1779.73
1972.55
1927.15
1701.53
1974.13
1961.87
1789.27
1820.46
1884.53
1793.06
1989.93
1864.54
1820.63
1888.81
1907.97
1896.9
1851.03
1945.07
1863.66
1785.48
1743.33
1883.05
1923.79
1860.22
1818.61
2182.6
1908.79
1892.08
1882.81
1940.14
1906.4
1814.96
1967.89
1765.13
1820.97
1871.78
2051.8
1902.98
1751.84
1932.37
1823.13
1865.13
1836.31
2011
1773.09
1778.04
1948.25
2036.15
1752.07
1914.82
1840.02
1854.97
1898.94
1814.61
1852.07
1891.76
1896.5
1930.91
1834.49
1853.86
1767.6
1749.77
1827.98
1969.4
1896.22
1819.43
1835.33
1760.16
1844.21
1916.64
1834.26
1991.7
1803.18
1950.46
1872.48
1945.49
2090.24
2064.73
1806.85
1874.66
1804.95
1947.84
1832.8
1811.73
1802.57
1835.72
1776.64
1777.58
1936.67
1827.02
1913.13
1961.08
1897.29
1859.62
1939.43
1961.01
2064.48
1864.23
1871.82
1747.78
1886.48
1798.33
1942.66
1957.96
1907.37
1775.06
1969.26
1966.86
1995.91
1792.55
1955.45
1870.72
1784.15
1957.65
1933.95
1675.28
1798.67
1911.25
1828.02
2047.52
1914.68
1848.56
1984.93
1869.6
1748.41
1911.98
1861.61
1838.41
2030.54
1871.86
1826.5
1833.06
1949.88
1866.6
1848.29
1959.31
1909.34
1813.75
1848.79
1768.3
1670.93
1870.04
1870.34
1829.8
1872.47
2004.57
1857.47
1922.93
1923.96
1795.05
1973.75
1781.26
1918.81
1760.47
1749.65
1889.08
1866.26
1897.59
1897.27
1923.32
1906.83
1878.37
1936.32
1734.18
1919.3
1919.07
1926.38
1797.23
1884.95
1910.81
2010.56
1804.74
1833.38
1806.74
2023.99
1927.89
1796.3
1832.52
1809.99
1953.12
1833.76
1836.53
1973.63
1897.92
1818.64
1950.48
1954.03
1980.14
1946.38
1809.01
1952.76
1943.55
1827.14
1778.15
1847.18
1879.38
1871.1
1897.83
1753.74
1866.49
1935.84
2088
1803.6
1943.38
1692.42
1805.74
2033.06
1896.7
1792.65
1811.5
1967.95
2053.37
1936.19
1986.26
1890.97
1788.61
1903.91
1747.73
1916.4
1800.95
2044.34
1873.66
1904.24
1888.53
1978.35
1781.12
1858.4
1764.74
1786.86
1731.61
1823.89
1984.78
1844.29
1745.11
1970.48
1717.66
1945.87
1890.23
1880.45
1836.52
1755.16
1769.52
1997.51
1846.44
1875.77
1842.96
1964.91
1827.2
1855.79
1740.33
1916.69
1705.28
1910.39
1993.28
1886.3
1707.86
1853.69
1875.45
1671.71
1933.14
1944.11
1943.83
1829.14
1843.39
1909.26
2049.3
1871.19
1750.52
1831.01
1816.64
1738.17
1892.99
1822.86
1864.35
1942.61
1848.23
1849.29
1857.52
1896.29
2028.84
1862.97
1821.32
1960.99
1930.67
1881.72
1848.2
1991.45
1765.2
1636.45
1838.23
1767.62
1790.36
1937.95
1847.41
1874.06
1993.59
1883.07
1816.74
2059.56
1913.79
1948.32
1915.88
1820.28
1854.95
1910.84
1751.35
2033.73
2014.7
2035.24
1809.91
1951.41
1802.4
1919.71
1912.61
1773.79
1798.21
1876.73
1752.91
1819.5
1917.89
1958.59
2017.36
1907.61
1910.17
1924.73
1904.99
1768.92
1840.33
1919.42
1740.58
1842.59
1819.25
2015.2
1935.47
1877.32
1931.71
1820.57
1800.47
1954.22
1889.01
1981.52
2045.35
1823.13
1702.24
1782.48
1948.17
1782.1
1931.18
1691.2
1892.43
1797.95
1870.38
1897.11
1813.53
1843.01
1942.74
1859.71
1852.04
1702.38
1810.51
1833.2
1918.4
1829.91
1870.52
1784.6
1668.19
1944.47
1916.55
1834.16
1855.07
1745.76
2009.31
1840.61
1884.27
1764.81
1921.12
1759.97
2113.62
1799.56
1796.59
1907.42
1856.73
1811.17
1912.62
1865.37
1803.54
2033.21
1844.67
1873.59
1880.58
1851.22
1825.87
1718.93
1917.96
1822.13
1927.1
1797.23
1869.92
1979.69
2076.73
1881.71
2018.66
1935.33
2006.7
1926.38
2067.61
1923.39
1955.72
2009.69
1975.32
1987.2
1885.54
1861.85
1808.26
1962.38
1926.79
1957.54
1889.78
1971.74
1815.1
1837.18
1815.97
1865.22
1886.38
1715.64
1999.57
1911.81
1726.64
1889.59
1776.27
1876.71
1800.96
1879.87
1831.2
1764.39
1958.85
1767.07
1953.1
1887.16
1913.3
1879.65
1734.92
1783.94
1812.97
1870.85
1864.02
1752.79
1831.57
1955.54
1788.67
1919
1765.36
1911.31
1881.89
1878.48
1793.62
1782.16
1775.26
1840.05
1767.31
1739.89
2007.41
1847.05
1987.28
1920.17
2019.71
2030.58
1755.81
1835.92
1979.01
1932.33
1858.57
2006.47
1914.01
1750.2
1994
1801.93
1922.77
1963.51
1767.78
2023.88
1648.59
1876.87
1867.5
1954.65
1820.26
1999.21
1898.21
1910.95
1812.62
1827.83
1780.38
1766.47
1677.11
1926.3
1957.39
1994.26
1853.1
1850.56
2036.99
1935.27
1959.4
1856.77
1924.84
1842.69
1867.85
1765.9
1748.07
1800.69
2047.39
1894.91
1700.46
1712.82
1792
2002.83
1972.98
1791.12
1920.93
1755.6
2045.73
2017.41
1865.64
1932.25
1961.58
1950.1
1785.22
1926.36
1924.73
1762.46
1933.02
1825
1694.97
1923.95
1885.27
1719.95
1844.56
1920.09
1994.25
1902.7
1957.36
1896.93
1896.39
2088.29
1833.35
1938.07
1724.85
1847.09
1843.79
1857.45
1933.37
1696.92
1863.47
1723.31
1821.32
1868.92
1912.84
2045.71
1863.21
1855.67
2001.18
1973.95
2000.04
2002.64
1871.47
1827.8
1743.78
1789.16
1885.39
1884.59
1895.42
1800.55
1949.89
1910.06
1900.76
1916.84
1955.04
1923.68
1989.61
2038.24
1830.9
1853.06
1779.23
2024.18
1780.84
2044.41
1733.42
1849.8
1968.98
1761.12
1847.06
1721.89
1863.66
2011.08
1777.43
1888.31
1867.22
1900.98
1988.06
1755.28
1931.29
1907.48
1970.93
1913.78
1863.08
1941.31
2098.9
1949.43
1946.76
1909.9
1982.28
1756.28
1964.94
1948.12
1620.84
1861.78
1859.75
1985.64
1784.97
1909.11
1858.51
1808.94
1870.57
1785.51
1985.59
1858.42
1689.98
1831.93
1941.4
1894.18
1806
1850.16
1709.66
2035.12
1763.98
1769.59
1892.56
1874.03
1815.27
1884.7
1840.96
1857.51
1892.31
1879.4
1912.35
1724.75
1822.36
1806.67
1882.53
1885.42
2079.79
1823.9
1935.41
1857.36
1916.38
1979.02
1861.85
1755.1
1806.35
1797.25
1852.16
1875.26
1791.88
1891.77
1837.59
1857.33
2025.26
1960.6
1942.18
1886.5
1964.28
1845.63
1979.12
1981.16
1788.54
1907.54
1955.04
1897.74
1833.21
1827.15
2005.9
2030.91
1789.47
1658.82
1647.48
1892.99
1806.89
1797.09
1996.68
1882.13
1810.31
1749.63
1699.59
1851.27
1828.56
1892.76
1910.87
2036.7
1793.42
2106.17
1942.48
1940.92
1903.44
1790.06
1841.47
1886.99
1859.73
1828.51
1846.56
1872.64
1916.85
1896.4
1771.35
1868.46
1798.93
1901.61
2008.01
1826.78
1924.25
1904.69
1878.16
1966.26
1812.69
1838.81
1889.27
1849.07
2001.33
2003.17
1895.23
1809.5
1858.59
1776.54
1971.21
1887.85
1860.77
1722.16
1760.31
2012.23
1988.1
1742.5
1848.58
1844.55
1696.52
1758.06
1947.25
1799.69
1838.88
1774.18
1919.07
1854.77
1754.61
1922.35
1959.81
1877.51
1727.56
1900.01
1890.51
1746.62
1790.58
1782.43
1845.42
1771.44
1816.11
1944.72
1790.71
1920.3
1849.18
1950.08
1756.83
1812.32
1882.86
2013.11
1823.9
1824.89
1787.79
1613.23
1920.29
1851.92
1842.44
1840.8
1912.46
1723.53
1950.76
1801.37
1787.59
1941.79
1835.89
1820.08
1724.43
1838.92
1873.74
1877.22
1914.48
1835.37
1860.42
1823.26
1835.01
1893.13
1884.85
1752.42
1884.65
1760.35
1870.72
1728.91
1716.55
1829.84
1777.09
1768.39
1756.33
1791.98
1533.35
1780.91
1951.46
1862.23
1775.7
1808.67
1745.4
1781.15
1820.09
1888.07
1855.77
2151.41
1921.05
1695.11
1913.73
1724.52
1878.53
1914.62
1832.52
1854.99
1792.88
1888.87
1852.22
1745.91
1833.49
1769.88
1804.47
1768.33
1924.66
1784.69
1852.47
1740.06
1656.28
1863.76
1844.92
1996.59
1866.8
1968.95
1913.95
1888.92
1959.94
1776.37
1777.52
1913.5
1859.58
1791.17
2003.05
1787.96
1991.27
1926.75
1883.16
1898.16
1802.14
1801.98
1882.73
1891.67
1788.57
1954.84
1894.34
1765.33
1963.65
1846.1
1797.93
1883.99
1950.33
1715.2
1878.36
1949.47
1784.41
1856.23
1991.71
1851.56
1829.05
1868.65
1877.29
1930.32
1792
2058.65
2012.85
1953.79
1842.59
1766.22
1861.66
1822.69
2024.75
1893.68
1834.88
1733
1917.9
1968.96
1879.82
1901.17
1963.18
1809.94
1871.13
1961.65
1669.66
1979.92
1943.22
1927.68
1709.54
2014.62
1925.35
1767.26
1928.12
1814.55
1935.32
1869.6
1791.32
1737.91
1849.1
1793.41
1854.4
1653.25
1818.34
1966.69
1664.64
1921.36
1868.38
1779.01
1736.34
1877.28
1757.32
1837.08
1811.83
1792.43
1863.56
1811.57
1906.79
1863.66
1948.75
1883.71
1867.35
1929.83
1903.65
1865.97
1672.49
1642.1
1920.5
1856.17
1891.61
1816.18
1870.62
1825.09
1933.12
1881.66
1729.73
1813.1
1721.07
1823
1945.04
1890.73
1730.31
1804.42
1780.16
1779.33
1761.31
1919.96
1799.08
2094.72
1839.71
1917.88
2009.85
1898.93
1948.1
1800.59
1803.13
1841.31
1964.42
2010.44
1738.29
1925.38
1838.7
1965.48
1984.2
1799.66
1832.01
1719.64
1838.91
2018.82
1855.09
1903.05
1707.64
1796.28
1821
1809.65
1838.99
1907.02
1838.78
1914.82
1899.89
1818.27
1881.51
1894.7
1739.29
1867.06
1956.25
1754.76
2041.25
1726.05
1949.88
1649.78
1823.05
1995.02
1806.41
1849.6
1749.45
1894.75
1794.33
1761.21
1905.68
1822.69
1862.28
1843.01
1954.22
1910.63
2046.56
1867.22
1903.33
1885.64
1952.37
1936.52
1823.27
1811.71
1903.24
1851.82
1877.36
1783.63
2046.34
1805.08
1806.35
1886.49
1977.8
1941.52
1890.62
1942.22
1939.17
1958.02
2127.02
1866.39
1918.72
1938.39
1901.87
1836.35
1888.03
1888.64
1681.67
1825
1726.01
1825.79
1834.16
1953.4
1768.6
1801.61
1960.74
1816.48
1906.98
1713.79
1777.08
1871.38
1962.51
1804.48
1914.49
1888.51
1949.41
1908.92
1935.22
1909.6
1808.64
2017.98
1893.17
1939.66
1940.55
1770.29
1720.88
1971.52
1971.7
1969.22
1838.22
1849.08
1879.08
1741.95
1882.72
1926.15
1989.56
1825.63
1948.59
1860.83
1836.77
2033.01
1908
1973.17
1770.26
1824.72
1760.4
1791.83
1932.71
1819.2
1911.97
1817.22
1799.13
1862.01
1844.7
1802.97
1783.54
2135.81
1948.99
2039.23
1847.08
1842.6
1814.82
1759.2
1903.67
1834.74
1837.68
1943.51
1970.75
1920.28
1920.64
1822.71
1707.75
1974.49
1842.3
1773.69
1878.02
1802.86
1871.22
1846.95
1873.29
1787.72
1922.88
1727.2
1981.31
1888.78
1855.13
1787.22
1911.2
2009.15
1805.63
1793.41
1733.9
1831.79
1832.25
1811.51
1890.32
2026.35
1805.74
1845.19
1804.88
1807.48
2046.24
1854.59
1868.21
1914.38
1904.65
1807.2
1768.05
1991.46
1881.02
2035.12
1946.86
1668.6
1801.54
1890.33
1892.05
1829.53
1893.36
1868.99
1841.33
1977.05
1867.43
1863.34
1877.15
1766.97
1773.72
2041.83
1863.07
1862.04
1937.81
1971.11
1851.76
1894.11
1811.67
1863.73
1890.76
1752.6
1914.54
1938.23
1879.27
1782.47
1920.43
1936.43
1832.23
1916.7
1818.68
1813.56
1940.09
1928.08
1802.93
2099.77
1914.9
1836.11
1901.47
1899.89
1956.14
1824.05
1925.34
1798.39
1745.35
1843.8
1935.48
1927.74
1806.14
1844.52
1914.49
1983.59
1792.2
2013.95
1873.79
1842.52
1813.71
1807.43
1630.03
1920.49
1923.84
2025.82
1982.79
1778.38
1977.61
1788.02
1871.13
2022.45
1973.09
1822.67
1797.73
1724.36
1744.86
1808.88
1844.44
1924.48
1781.72
1924.99
1995.74
1937.59
1892.62
1857.16
1892.91
1813.67
1874.29
1840.16
1730.09
1843.84
2006.7
1828.69
1835.77
1958.59
1748.75
1955.16
1934.3
1749.35
1710.71
2079.66
1990.1
1719.41
1777.22
1882.3
1683.16
1882.26
1864.32
1824.85
1719.64
1771.29
1787.81
1957.26
2012.5
1956.07
1742.83
1854.98
1921.06
1813.28
1911.01
1814.05
1848.36
1787.08
1799.3
1773.64
1892.18
1744.85
1916.22
1823.65
1827.54
1937.41
1737.08
2063.62
2001.89
1939.08
1867.35
1836.36
1825.79
1860.76
1916.28
1834.79
1805.06
1778.18
1791.41
2068.24
1759.14
1896.66
1938.18
2017.77
1815.19
2019.6
1871.91
1917.59
2028.69
1811.46
1824.82
1919.57
1936.47
1906.52
1682
1897.35
1826.19
1730.33
1900.23
1821.93
1867.98
1882.5
1957.19
1834.04
1868.6
1823.44
1899.03
1691.98
1780.46
1847.28
1720.4
1707.71
1906.61
1730.8
1883.9
1948.41
1961.09
1850.69
1838.96
1986.1
1881.33
1682.5
1926.36
1878.47
1958.52
1985.02
1864.27
1893.14
1724.27
1965.54
1881.63
1782.95
1841.19
1875.96
1962.39
1833.83
1778.86
1862.22
1799.45
1843.76
1941.26
1788.58
1863.88
1787.55
1856.83
1874.82
1871.95
2081.65
1928.98
1818.81
2008.79
1813.67
1865.68
1972.93
1913.83
1810.7
2058.06
1869.29
1906.1
1982.63
1877.76
1977.71
1901.77
1978.16
1917.42
1781.36
1788.04
1841.34
1922.71
1848.34
1898.44
1879.09
2026.15
1853.69
1765.63
1810.29
1836.22
1950.94
1803.41
1888.35
1876.02
1886.95
1730.07
1799.72
1807.08
1838.6
1890.56
2026.24
1901.21
1988.29
1840.97
1829.01
1889.45
1753.49
1841.45
1747.56
1775.11
1852.87
1844.51
1917.65
1781.57
2001.37
1858.41
1901.75
1900.03
1904.28
1802.23
1847.25
1959.78
1907.6
1815.18
1966.58
1723.42
1569.88
1791.58
2029.3
1813.38
1838.29
1919.94
1828.43
1914.86
1738.82
2049.53
1978.66
1793.13
1725.73
1865.46
1771.37
1987.47
1759.84
1887.34
1652.78
1867.75
1819.29
1770.53
1872.71
1868.26
1909.87
1848.11
1824.1
1979.36
1842.25
2040.36
1790.43
1873.93
2021.86
1840.17
1959.19
2065.64
1779.23
1944.08
1815.69
1896.38
1934.87
1846.74
2069.5
1729.9
1723.48
1750.79
1864.49
1787.39
1914.44
1925.29
1753.32
1764.37
1761.11
1879.12
1775.01
1861.41
1862.93
1848.36
1663.01
2011.86
1844.68
2001.71
1807.7
1790.28
1858.74
1836.74
1952.41
1846.5
1950.64
1732.76
1740.13
1792.87
1850.83
1856.99
1820.74
1846.1
1664.19
2060.55
1856.8
1886.37
1897.83
1943.68
1750.55
1806.11
1976.33
1838.78
1706.8
1787.29
1827.55
1996.81
1775.02
1673.34
1902.67
1915.53
1989.55
1828.64
1890.9
1731.08
1984.85
2062.39
1777.5
1691.13
1896.01
1792.6
1921.24
1998.18
1782.61
1898.67
1713.65
1799.19
1750.78
1921.47
1855.94
2059.19
1892.84
1893.21
1988.61
1929.33
1668.47
1967.79
1927.09
1770.58
1900.31
1701.1
1968.83
1846.89
1967.99
1952.33
1871.94
1831.12
1889.35
1862.59
1722.47
1736.61
1776
1758.03
1765.01
2009.18
1803.84
1811.75
1727.51
1906.26
1873.97
1808.98
1805.67
1872.76
1921.09
1708.98
2061.89
1878.12
1895.72
1864.68
1778.3
1877.94
1891.01
1785.26
1983.91
1912.14
1776.5
1857.72
1903.39
1907.88
1776.93
1813.6
1852.71
2003.38
2000.88
1996.79
1794.44
2018.82
1728.84
1880.08
2033.73
1922.46
1884.39
1761.74
1882.37
1950.52
1801.15
1863.5
1904.5
1914.98
1682.02
1857.81
1933.52
1683.91
1811.44
1974.05
1759.51
1845.6
1936.85
1852.69
2019.61
1931.78
1898.06
1824.68
1751.11
1861.22
1832.71
1834.28
1855.94
1869.89
1907.06
1747.98
1903.16
1813.36
1913.44
1699.45
1896.27
1829.39
1829.76
1969.65
1807.26
1927.63
1679.61
1739.55
1881.15
1797.45
1922.47
1707.7
1804.66
2005.33
1769.88
1937.42
1762.24
1837.16
1972.17
1808.9
1801.88
1636.51
1766.7
1854.72
1939.04
1868.99
1743.05
1853.04
1998.83
1766.21
1817.51
1879.84
1731.3
1757.03
1749.29
1725.61
1996.69
1821.4
1944.01
1950.84
1822.72
1829.95
1885.74
1959.07
2047.33
1861.99
1781.42
1761.5
1843.03
1943.89
1859.39
1700.35
1926.36
1781.13
1957.58
1995.12
1882.38
1864.43
1802
1846.2
2040.88
1788.53
1819.83
1863.34
1904.47
1945.4
1997.7
1734.67
1859.59
1982.78
1940
1765.27
1746.13
1844.37
1781.24
1936.79
1902.69
1840.08
1765.15
1818.82
1860.9
1911.42
1865.74
1899.35
1822.9
1773.66
1843.09
1855.32
1856.8
1863.1
1774.67
1964.33
1896.52
1983.04
2027.31
1816.69
1907.56
1998.5
1925.92
1731.64
1890.94
2046.99
1984.25
1761.16
1924.65
1981.11
1827.17
1935.56
1911.78
1889.81
1897.18
1968.98
2112.01
1833.81
1894.14
1849.59
1842.83
1730.95
1791.49
1876.44
1874.27
1999.13
1712.5
1832.39
1853.15
1836.35
1919.57
1882.35
1887.17
1910.01
1952.98
1692.52
1822.81
1996.39
1898.11
1957.15
1901.6
1912.65
1914.7
1898.84
1868.07
1862.03
1927.43
1756.71
1794.52
1722.17
1792.2
1770.21
1880.22
1914.57
1813.08
1834.12
1989.73
1746.94
1955.43
1815.94
1887.1
1856.05
1824.18
1941.38
1729.84
1893.52
1858.26
1768.38
1650.26
1901.53
1943.88
2102.84
1905.8
1873.84
1818.33
1884.21
1908.55
1966.27
1875.42
1822.7
2013.41
1924.79
1923.74
1798.75
1795.3
1857.21
1839.28
1895.08
1961.11
1839.5
1890.07
1976.37
1861.16
1713.04
1772.78
1878.59
1742.45
1898.12
2001.58
1830.91
1853.75
1928.33
1580
1933.64
1879.68
1707.55
1750.94
1939.5
1810.23
1731.04
1921.06
1922.39
1778.18
2055.34
1847.51
1894.78
1972.29
1788.94
1790.39
1921.12
1696.9
1963.68
1977.84
1759.81
1827.96
1938.31
1987.55
1940.8
1793.53
1835.78
2035.18
1815.78
2024.52
1948.43
1759.62
1895.76
2005
1866.33
1890.42
1745.94
1901.83
1785.94
1960.19
1855.49
1661.61
1882.32
1887.82
2069.4
2009.51
1825.93
1801.02
2063.72
1738.18
1816.98
1708.52
1754.43
1908.23
1933.88
1854.59
1864.59
1921.09
1813
1899.2
2011.63
1989.44
1890.29
1851.27
2037.04
1796.18
1903.35
1761.04
1749.49
1805.94
1931.06
1910.77
1912.67
1757.54
1891.79
1853.7
1975.88
1894.79
1822.93
1917.44
1862.2
1954.81
1700.44
1793.23
1774.42
1788.04
1938.93
1773.53
1893.73
1841.47
2027.2
1865.95
1937.02
1849.6
1986.15
1944.01
1864.37
1816.52
1920.81
1817
1896.4
1847.31
1860.02
1894.14
1956.47
1777.51
1863.21
1931.94
1896.76
1916.1
1820.25
1874.57
1885.46
2017.39
1721.6
1978.12
1774.84
1945.86
1806.64
1913.6
1917.8
1798.05
1710.29
1935.65
1768.99
1796.47
1894.61
1831.18
2021.17
1944.63
1743.88
1855.01
1852.01
1846.18
1797.89
1852
1758.99
1795.43
1831.97
1798.4
1830.98
1866.28
1857.89
1849.57
1882.31
1693.34
1849.01
1987.55
1986.85
1752.75
2042.63
1911.36
1841.03
1855.22
1800.11
1696.5
1889.43
1838.45
1806.65
1905.1
2008.81
1818.45
1801.84
1840.04
1738.89
1895.3
1931.29
1762.32
1995.64
1842.52
1732.78
1852.6
1759.06
1819.35
1772.69
1755.74
1875.3
1798.58
1782
1881.22
1868.93
1803.09
1991.43
1825.48
2005.21
1934.82
1908.62
1863.37
1940.43
1921.78
1856.87
1962.1
1873.45
1961.98
1860.98
1777.36
1990.31
1730.44
1913.63
1807.42
1719.43
1829.72
1758.18
1916.33
1827.97
1834.18
1980.88
1795.15
1708.98
2034.37
1848.71
1941.28
1831.05
2032.61
1985.49
1946.55
1987.67
1964.71
2093.48
1942.62
1824.29
1972.09
1969
1824.08
1747.95
1922.67
1783.07
1897.19
1710.74
1858.47
1773.15
1864.81
1690.87
2035.3
1878.03
1988
1897.84
1682.96
1996.16
1872.42
1768.67
1881.87
1950.84
1728.51
1913.33
1867.44
1912.7
1819.64
1809.42
1780.52
1813.55
1938.89
1712.41
1868.77
1841.11
1957.33
1770.09
1858.34
1988.47
1780.9
1845.12
1922
1805.91
1951.61
1998.76
1748.84
2047.73
1948.01
1853.2
1935.23
1966.12
1801.64
1857.23
1872.23
1885.94
1957.57
1797.82
1902.12
1828.71
1854.06
1834.2
1795.4
2096.86
1868.44
1954.24
1896.51
1881.67
1752.67
1916.85
1767.47
1793.58
2106.3
1949.83
1657.26
1952.81
1671.69
1956.4
1830.02
1764.11
1851.26
1900.68
1957.55
1931.82
2003.47
1952.23
1940.14
1822.1
1829.13
1815.82
1721.65
1831.29
1936.17
1983.8
1844.7
1849.13
1908.38
1960.8
1919.12
1798.74
1748.21
1835.1
1993.06
2067.86
1940.8
1753.26
1780.59
1786.56
2013.75
1923.07
1953.73
1962.57
1938.94
1767.79
1741.16
1823.66
1924.06
2009.46
2009.64
2027.6
2038.61
1747.6
1825.11
1884.33
2006.55
1866.55
1899.15
1899.32
2061.04
1924.35
1848.19
1822.78
1925.02
1838.06
1952.12
1807.45
1777.62
1915.42
1754.7
1910.55
1926.49
1790.58
1821.77
1800.37
1901.67
1842.38
1982.1
1890.15
1816.91
1857.31
1864.86
1733.33
1945.35
1914.42
1880.71
1861.88
1825.37
1929.8
2008.32
1898.84
1888.14
2041.77
1839.4
1577.1
1807.87
1837
1920.03
1791.8
1893.36
1835.97
1818.99
1935.39
1846.48
1840.39
1925.59
1918.95
2001.73
1783.81
1715.07
1818.63
1916.92
1793.52
1829.66
1837.28
1934.88
1907.27
1910.15
1736.62
1894.08
2021.62
1879.42
1880.13
1944.84
1908.21
1863.15
1705.34
1981.5
1974.8
1821.49
1881.01
1722.61
1806.85
1949.18
1740.92
1950.42
1747.55
1736.53
1836.96
1939.33
1966.55
1805.9
1830.8
1916.94
1946.64
1897.15
1843.69
1983.17
1807.96
1880.75
1932.62
1918.09
1740.04
1917.48
2059.68
1843.06
1924.65
1892.82
1754.5
1771.17
1787.73
1772.1
2074.18
1733.25
1789.11
1866.38
1925.73
1789.19
1865.2
1821.19
1887.29
1917.84
1868.2
1742.1
1934.48
1891.65
1833.86
1834.56
1769.4
1901.09
1870.76
1925.41
1915.21
1987.46
2001.25
1850.99
1832.37
1839.86
1726.99
1850.88
1765.02
1982.62
1875.88
1802.89
1774.49
1879.9
1936.45
1938.84
1841.44
1813.22
1853.24
1833.08
1739.06
2024.82
1895.57
1849.77
1749.76
2013.13
1745.15
1827.83
1724.54
1907.89
1893.02
1859.27
1736.09
2009.11
1894.99
1909.7
1756.32
1655.66
1873.43
1922.46
1957.15
1876.33
1908.85
1696.85
1893.1
1829.27
2005.83
1883.7
1793.37
1842.26
1906.42
1951.36
1823.24
2016.2
1909.59
1987.19
1797.96
1625.88
1768.15
1787.72
1959.42
1797.5
1882.84
1835.41
2002.51
2034.78
1944.9
1766.65
1833.33
1930.57
1833.99
1792.46
1827.42
1832.52
1981.02
1788.45
1683.36
1721.56
1836
1936
1708.61
1771.95
1897.32
1775.88
1876.46
1988.54
1827.44
1869.26
1832.96
1868.87
1817.87
1878.58
1812.36
1918.24
1788.38
1759.54
2111.41
1935.1
1844.09
1891.67
1800.49
1867.61
1805.27
1888.66
1874.61
1900.46
2023.89
1971.81
1926.4
1814.51
1981.52
1859.67
1961.32
1790.74
1926.42
1769.61
1938.45
1867.94
1825.64
1820.41
1797.88
1921.74
1807.45
1677.86
1915.62
1744.16
1742.9
1666
1932.86
1874.68
1842.39
1730.78
2017.88
1912.42
1850.71
1882.68
1850.02
1764.43
1755.64
1919.11
1795
1946.58
2037.62
1832.4
1838.07
1708.69
1851.44
1910.79
1948.9
1940.55
1930.77
1884.65
1824.54
2169.71
1870.54
1831.69
1811.99
1764.94
1768.44
1860.93
1758.15
1777.84
1788.46
1807.47
2025.47
1930.95
1680.33
1947.95
1859.58
1773.71
1827.09
1897.87
1911.8
1854.05
1989.55
1844.56
1810.17
1983.5
1934.73
1841.15
1942.14
1967.86
1756.76
1814.72
1915.04
1938.01
1848.04
1715.26
1955.56
1823.66
1772.93
1775.29
1906.12
1823.32
1785.26
1983.17
1882.92
1793.43
1788.7
1834.64
1851.21
1871.38
1989.21
1826.4
1787.33
1847.96
1908.67
1962.51
1899.28
1798.64
2037.11
1788.46
1972.45
1891.43
1901.65
1864.26
1799.43
1709.53
1915.67
1734.43
1666.73
1834.48
1925.56
1939.75
1820.43
1900.99
1991.22
1988.16
1946.07
1872.22
1819.15
1867.74
1925.06
1794.58
1851.3
1790.65
1902.51
1654.82
1723.08
1927.6
1804.82
2146.3
1857.62
2024.22
1901.89
1752.25
1935.71
1779.16
1857.71
2011.03
1810.13
1876.97
1949.46
1815.89
1801.25
1959.49
1751.16
1808.5
1949.6
1940.36
1725.46
1872.1
1744.42
1738.12
2030.8
1805.22
1902.67
2027.77
1890.8
1845.13
1967.46
1748.91
1752.31
1827.18
1969.08
1939.26
1874.76
1914.21
1859.6
1906.97
1826.95
1779.45
1816.8
1841.13
2051.26
1947.39
1940.32
1902.31
2000.24
1879.35
1869.85
1901.29
1897.62
1824.84
1912.57
1980.46
1795.05
1909.82
2008.05
1956
1896.64
1892.24
1905.22
1790.14
1774.21
1837.23
1890.69
1997.37
1819.83
1757.26
1816.51
1867.34
1874.26
1877.56
1908.48
2043.88
1775.75
1854.99
1924.56
1856.73
1807.66
1894.04
1774.95
1962.44
1849.6
1932.31
1973.38
1881.79
1923.16
1831.25
1828.62
1991.47
1835.6
1867.23
1881.55
1817.34
1780.84
1886.78
1885.69
1823.81
1877.42
2007.76
1869.05
1811.01
1823.03
1857.02
1870.96
1819.2
1895.57
2047.69
1831.58
1784.12
1980.39
2053.51
1883.77
1783.72
1898.31
1896.33
1826.56
1872.72
1851.44
1991.15
1931.83
1962.99
1934.79
1641.71
1885.79
2042.75
2019.85
1907.07
1942.33
1932.2
1814.36
1895.77
1764.32
1887.98
1891.9
1886.75
1710.84
1917.84
1832.12
1944.08
1955.23
1863.03
1801.94
1845.83
1929.02
1848.16
1883.95
1864.69
1955.06
1813.92
1925.82
1871.1
1963.9
1872.05
1793.26
1875.56
1817.98
1878.7
1818.4
1839.32
1821.53
1947.22
1958.13
1963.85
1868.18
1876.24
1680.27
1899.8
1816.8
2008.52
1837.37
1717.38
1878.08
1816.87
1739.13
1722.67
1894.8
1979.65
2021.66
2053.85
1821.31
1973.95
1915.11
1839.98
1860.63
1929.03
1966.54
1872.2
1864.24
2002.17
1946.74
1716.08
1721.4
1875.67
1896.32
1843.33
1902.9
1939.39
1992.83
1861.42
1798.02
1937.61
1783.52
1838.11
1912.57
1975.75
1713.47
1892.84
1786.45
1897.42
1879.84
1893.99
1804.13
1763.57
1931.54
1844.32
1921.48
1878.78
1813.56
1842.95
1924.72
1808.8
1934.34
2019.2
1753.05
1876.27
1732.67
1900.05
1988.91
2021.33
1901.04
1796.91
1896.06
2010.13
1841.39
2090.95
1690.5
2019.11
1898.95
1844.47
1829.58
1804.04
1838.34
1937.57
1808.91
1965.54
1819.89
1825.18
1736.93
1742.83
1949.6
1970.77
1960.99
1986.72
1922.11
1792.22
1661.12
1948.97
1780.06
1853.23
1914.52
1863.87
1898.06
1947.12
1899.96
1983.89
1889.85
1667.2
1931.22
1889.88
1834.03
1892.8
1697.74
1804.98
1758.74
2039.18
1819
1902.07
2012.46
1878.43
1836.77
1987.95
1838.44
1954.18
1912.09
1945.04
1853.78
1805.75
1746.34
1795.29
1896.93
1766.24
1858.2
1924.23
1932.03
1783.34
1847.3
1802.6
1783.94
1971.99
1970.21
1698.18
1777.26
1695.01
1848.16
1798.52
1832.65
1814.49
1766.72
1863.16
1874.17
1749.95
1976.03
1915.1
1796.45
1916.2
2060.92
1671.37
1881.61
1842.16
1732.62
2089.97
1819.74
1849.57
1826.33
1708.85
1977.26
1901.15
1767.8
1948.43
1788
1907.95
1951.06
1774.58
1931.32
1714.87
1704.12
2081.8
1941.1
1961.58
1917.25
1778.09
1862.45
1907.77
1929.12
1900.38
1801.68
1769.95
1994.58
1872.59
1841.48
1817.63
1917.16
1813.13
1803.14
2000.57
1890.48
1720.17
1987.96
1895.44
1942.96
1844.71
1990.89
1828.2
1971.09
1889.01
2003.12
1870.86
1744.65
1842.5
2009.26
1825.6
2143.67
1964.37
1968.7
1882.71
1825.28
1670.16
1988.19
1916.45
1784.71
1784.07
1784.56
1805.92
2063.55
1838.5
1781.67
1739.3
1757.11
1880.4
1653.5
1897.93
1870.33
1726.65
1925.26
2021.37
1717.27
1983.33
1790.55
1908.96
1913.89
1817.5
1860.43
1822.69
1748.94
1792.43
1753.28
1953.01
1960.78
1868.5
1762.95
1930.77
1827.37
1959.46
1974.02
1922.19
1847.14
1990.42
1720
1736.49
1735.24
1744.73
1816.18
1915.62
1673.74
1858.6
1846.52
1694.98
1836.95
1866.14
1923.63
1906.16
1942.62
1876.33
2022.08
1864.79
1847.73
1882.2
1900.44
1860.93
1699.06
1827.42
1853.16
1815.85
1858.52
1860.44
1868.55
1795.97
1902.23
1930.76
1883.71
1976.07
1795.5
1867.75
1831.41
1798.64
1896.14
1904.92
1929.55
2022.84
1935.26
1670.34
1799.52
2034.29
1796.11
1741.95
1867.91
1937.88
1906.5
1857.62
1928.73
1943.08
1558.33
1857.63
1863.27
1932.75
1833.53
1716.05
1884.98
1937.17
1921.94
1833.47
1953.25
1868.86
1921.03
1762.69
1958.08
1912.76
1758.9
1891.97
1812.98
1925.68
1893.26
2016.86
2007.49
1716.41
1833.51
1884.8
1913.78
1904.7
1978.29
1940.54
1834.07
2018.13
1935.8
1846.91
1919.33
1871.31
1919.94
1846.77
1811.37
1902.45
1806.42
1798.13
1801.93
1858
1886.31
1801.11
1756.22
1954.16
1837.59
1774.66
1757.84
1910.36
1811.58
1677.59
1882.21
1902.12
1882.9
1879.52
1756.98
1737.98
1828.76
1901.47
2009.08
1949.85
1768.3
1879.27
1937.78
1855.42
1992.26
1926.06
1796.12
1833.31
1779.99
1750.73
1771.73
1789.28
1909.37
1802.09
1874.53
1828.32
1731.11
1838.69
1828.96
1610.03
1795.66
1843.16
1933.48
1868.24
1896.25
1997.53
1846.77
1901.03
1801.34
1838.15
1760.85
1705.69
1818.22
1945.07
1804.03
1955.4
1733.93
1897.83
1830.92
1802.69
1980.85
2011.05
1882.18
1913.96
1909.22
1916.38
1962.51
1819.73
1831.1
1763.46
1959.6
1941.3
1816.61
1921.3
1840
1886.9
1707.99
2031.53
1872.25
1884.89
1752.04
1836.69
1953.08
1872.03
1842.49
1929.36
1871.62
1890.51
2010.04
1899.02
1984.2
1758.54
1850.31
1800.27
1954.19
2091.85
1867.34
1815.53
1959.7
1910.71
1811.78
1964.53
2021.8
1879.74
1951.27
1760.75
1906.36
2007.13
1999.71
1786.57
1986.49
1895.82
1906.6
1872.4
1810.73
1864.1
1756.23
1669.55
1950.5
1889.49
1873.3
1798.09
1930.1
1855.42
1917.93
1757.02
1918.18
1766.9
2009.05
1643.68
1850.2
1917.56
1758.23
1924.04
1867.09
1751.14
1796.84
1716.3
1879.19
2066.22
1722.69
1739.66
1827.08
1849.17
1988.23
1831.08
1751.48
1953.04
1772.06
1959.87
1894.13
1836.33
1877.14
1847.26
1967.68
1847.16
1964.33
1649.39
1851.49
1910.19
1902.05
1680.22
1825.25
1894.42
1824.55
2008.79
1955.61
1957.35
1884.43
1918.41
1972.39
1841.89
1832.4
1868.57
1805.9
1696.39
1719.88
1790.06
1932.13
1985.63
1679.53
1934.36
1772.05
1841.52
1939.24
1864.81
1981.17
1974.49
1981.85
1866.93
1792.05
1922.92
1956.9
1839.46
1852.1
1957.69
2014
1929.93
1806.53
1899.22
1805.53
1681.35
1896.17
1942.46
1883.43
1733.21
1797.59
1872.16
1766.17
1940.34
1892.48
1906.66
1933.77
1915.86
2008.47
2022.07
1812.08
1757.05
1717.3
1870.63
1881.99
1946.24
1960.81
1818.48
1969.96
1986.71
1871.74
1782.34
1897.21
1720.75
1805.45
1937.58
1794.66
1754.23
1855.15
1869.95
1813.84
1891.57
1870.95
1863.29
1948.04
1974.56
1993.76
1861.83
1947.99
1829.16
1967.07
1873.51
1990.73
1808.63
1827.92
1682.49
1868.33
1949.94
1913.84
1825.54
1801.76
1929.39
1843.87
1903.05
1839.47
1900.95
1882.5
1861.1
1971.48
1895
1795.34
1792.43
1767.23
2053.5
1836.83
1881.43
1887.9
1909.09
1894.52
1904.64
1846.78
1939.62
1863.46
1873.69
1941.82
1833.01
1862.76
1893
1955.9
1992
1855.62
1865.17
1873.18
1739.84
2060.19
2132.64
1907.87
1907.9
1856.54
1708.93
2019.83
1811.98
1753.84
1802.22
1828.32
1920.82
1723.98
1923.51
1802.51
1827.97
2025.18
1982.33
1893.96
1936.91
1985.13
1871.9
2022.39
1779.43
2004.72
1808.39
1857.42
1955.87
1937.74
1768.23
1652.98
1829.91
1707.95
1939.41
1906.89
1915.5
1843.69
1854.05
1832.24
1863.18
1869.61
1996.47
1851.44
1842.38
1901.33
1850.52
1885.3
1963.29
1880.1
1895.54
1871.31
1880.54
1936.71
1938.94
1863.92
1832.44
1830.76
2022.95
1961.77
1861.27
1932.96
1867.5
1888.13
1797.69
2061.85
1805.95
1817.4
1815.03
1894.32
1956.04
1828.56
1865.87
1778.74
2011.72
1949.34
1991.67
1950.82
1851.36
1801.81
1980.22
1713.92
1861.13
1696.12
1805.38
1878.36
1861.82
1887.37
1771.24
1937.85
1766.67
1828.09
1854.13
1808.2
1815.56
1740.04
1877.09
1872.66
1886.85
2074.02
2018.5
1916.48
1829.54
1767.8
1764.3
1896.5
1911.48
1777.44
1719.23
1861.66
1779.04
1848.99
1699.13
1715.13
1839.77
1866.08
1886.23
1910.04
1810.11
1855.31
1864.97
1865.05
1988.82
1850.59
1929.09
1858.73
1862.82
1821.06
1810.59
1768.33
1806.37
1845.57
1804.66
2007.69
1717.97
1863.15
1890.15
1963.74
1945.81
1908.56
1798.65
1829.72
1906.15
1829.11
1673.72
1964.73
1846.53
1761.43
1813.19
2044.75
1799.91
1933.87
1987.58
1780.86
1911.79
1956.64
2056.39
1875.77
1829.86
1908.63
1951.42
1883.47
1876.73
1930.42
1925.48
1938.89
1923.1
1895.7
1772.88
1726.91
1986.89
1892.26
1843.97
1773.47
1965.65
1915.55
1945.57
1724.79
1968.62
2012.49
1859.73
1986.56
1995.75
1915.38
1821
1760.71
1854.62
1868.21
1816.35
1851.88
1839.19
1789.06
1857.78
1970.99
1922.89
1744.46
1811.7
1854.36
1726.49
1886.35
1909.78
2014.81
1839.79
1843.84
2065.59
1887.02
1835.37
2011.71
1846.27
1873
1899.64
1826.49
1902.47
1673.39
1776.7
1980.43
1824.63
1905.21
1864.5
1994.02
2026.36
1822.99
1885.01
1597.63
1882.61
1816.74
2045.88
1904.77
1903.69
1805.77
1780.32
1747.13
1814.16
1834.06
1901.23
1853.24
1803.44
1861.25
1814.16
1875.33
1937.25
1756.58
1848.62
1902.53
1896.27
1860.11
1973.68
1985.78
2003.03
1786.96
1833.31
1867.19
1843.61
1773.27
1793.39
1733.84
2015.47
1877.12
1729.28
1929.93
1919.23
1831.43
1991.96
1890.9
1755.83
1795.15
1749.79
1786.14
1771.07
1753.12
1990.58
1976.69
1954.17
1945.34
1936.82
1751.05
1861.4
1899.77
1725.42
1922.05
1707.31
1929.27
1845.24
1810.93
1813.53
1999.27
1809.46
1890.15
1926.84
1732.19
1655.05
1869.75
1790.31
1996.15
1887.68
1938.66
1733.32
1969.62
1921.52
1867.95
1925.66
1822.61
1950.28
1910.61
1778.83
1677.46
1779.62
1957.29
1959.28
1813.98
1882.2
1898.02
1781.67
1929.47
1856.94
1825.28
1933.32
1865.34
1913.18
1896.09
1911.88
1719.24
1946.94
1806.08
2002.62
1989.67
1945.36
1855.59
1940.1
1930.78
1801.88
1777.02
1879.1
1877.8
1935.68
1862.36
1787.84
1754.25
1794.59
1895.18
1912.76
1753.34
1834.76
1879.03
1887.26
1965.59
1831.65
1880.65
1886.65
1933.66
1793.89
1923.88
1727.73
1816.24
2002.79
1805.94
1865.56
1854.56
1727.08
1744.76
1841.48
2040.91
1786.88
1943.23
1775.75
1807.71
1959.35
1918.34
2043.48
1867.13
1889.59
1812.83
2020.41
1899.74
1745.09
1926.05
1820.37
1806.57
1966.97
1743.03
1962.75
1938.03
2040.93
1772.41
1855.72
1862.36
1785.38
1910.36
1952.99
1982.95
1795.27
1955.22
1818.44
1829.23
1983.95
1783.75
1882.85
1763.32
1763.68
1933.72
1852.16
2039.1
1811.02
1672.07
1775.23
1949.07
1858.63
1987.15
1821.43
1662.17
1801.72
1735.63
1847.35
1834.89
1806.84
1889.07
1836.85
1873.42
1881.3
1755.38
1813.96
1873.92
1924.6
1902.98
2134.13
2041.38
1957.94
1665.16
1786.31
1915.14
1981.19
1911.7
1804.45
1867.47
1796.66
2000.43
1921.28
1965.29
1898.37
1861.41
1821.5
1811.83
2003.5
1916.05
1930.43
1715.23
1801.05
1999.14
1857.47
1917.76
1870.35
1820.94
1854.79
1909.72
2021.41
2021.84
1801.86
1711.16
1827.51
1888.84
1942.25
1796.44
1969.61
1791.2
1852.94
1923.19
1884.89
1696.67
1894.72
1871.54
2019.14
1977.95
1697.56
2093.33
1851.6
1827.87
1830.37
2078.32
1967.45
1860.4
1876.76
2052.78
1721.47
1793.47
1704.54
1859.26
1856.5
1813.43
1837.44
1953.21
1849.69
1844.47
1904.27
1678.16
1877.67
1969.95
1872.69
1929.72
1898.13
1794.36
1731.75
1804.43
1913.08
1850.53
1868.5
1792.17
1788.9
1967.68
1952.89
1887.52
1821.64
1751.3
1827.55
1724.36
1853.68
1837.95
1706.18
1815.93
1758.21
1819.85
1935.04
2001.2
1896.2
2012.67
1871.82
1746.55
1919.86
1897.65
1749.32
1818.74
2000.8
1995.41
1742.08
1683.45
1909.82
1992.88
1749.69
1779.36
1814.05
1813.53
1746.18
1980.7
1989.75
1832.95
1762.05
1781.67
1759.51
1776.43
1874.23
1776.93
1914.49
2017.51
2008.05
1905.56
1904.36
1902.86
1847.91
1843.69
1846.68
1875.3
1891.66
1923.4
1676.22
1825.73
1896.65
1898.79
1873.43
1824.81
1938.49
1700.93
1927.07
1849.44
1762.09
1924.04
1860.43
1825.6
1876.03
1693.25
1915.22
1824.93
1922.46
1931.24
1986.37
1940.16
1848.42
1954.27
1801.05
1944.1
1916.75
1872.85
1745.07
1774.4
1842.89
1752.49
1800.49
1879.87
1715.11
1875.7
1848.13
1827.15
1798.61
2054.97
1990.38
1819.1
1919.56
1936.74
1970.19
1954.98
1688.19
1951.34
1660.03
1958.33
1972.27
1823.7
1767.38
1872.49
1806.59
1809.23
1911.63
1963.74
1809.4
1955.02
1847.65
1814.83
1971.54
1814.15
1864.14
1801.18
1697.1
1958.2
1872.39
1723.76
1743.82
1857.37
1888.3
1825.07
1856.94
1913.77
1959.77
1951.95
1710.23
2009.04
1856.94
2001.38
1950.34
1927.1
1759.21
1778.3
1856.89
1916.74
2007.9
1955.3
1873.57
1895.62
1991.48
1917.46
1940.83
1837.38
1910.11
1962.84
1935.22
1845.96
1786.89
2001.83
1955.81
1849.16
1952.31
1838.33
1936.05
1885.39
1936.92
1713.75
2004.32
1838.39
1917.27
1928.87
1977.65
1808.9
1988.63
1754.88
1740.58
1933.96
1824.65
1868.84
1872.5
2008.79
1750.83
1759.56
1852.08
1876.52
1889.54
1783.1
1875.95
2097.52
1852.96
1771.51
1824.43
2029.25
1725.11
1880.27
1865.11
2027.93
1973.39
1869.32
1906.26
1910.86
1804.76
1884.49
1944.83
1730.98
1967.63
1959.38
1810.35
1883.37
1980.64
1806.56
1913.18
1827.97
1885.96
1965.1
1864.53
1753.58
1858.48
2026.39
1798.57
1938.41
1782.47
1942.61
1895.58
1981.62
1858.04
1954.02
1885.72
2069.87
1776.33
1819.29
1956.86
1801.24
1725.87
1927
1780.12
1965.06
1760.75
1830.41
1616.15
2003.12
1965.14
1945.47
1775.34
1767.71
1855.68
1886
1958.59
1748.68
1805.73
1973.11
1878.09
1883.89
1986.78
1884.87
1989.34
1880.3
2042.72
1769.24
1824.56
1806.45
1803.76
1894.88
1835.54
1988.96
1794.88
1912.92
1837.94
1837.77
1821.45
1825.06
1955.28
1659.4
1728.72
1858.84
1944.03
1842.02
1903.09
1823.42
1922.19
1663.05
1917.23
2096.46
1848.49
2056.91
1799.39
1946.95
1846.59
1880.31
1924.34
1907.26
1870.53
1766.05
1867.32
1812.32
1831.65
1804.32
1982.21
1826.93
1787.55
1865.36
1837.36
1829.1
1860.51
1920.34
1907.23
1966.46
1831.22
1865.69
1891.69
1808.23
1828.44
1788.41
1985.15
1822.16
1891.42
1805.79
1888.29
1803.68
1828.54
1853.73
1883.76
1919.05
1794.8
1788.46
1676.15
1836.63
1927.97
1960.79
1694.36
1911.05
1834.2
2058.71
1960.91
1859.02
1868.73
1899.59
1800.54
1810.93
1846.57
1878.95
1864.42
1738.65
1780.92
1789.97
1738.62
1663.02
1804.41
1866.52
1779.84
1856.06
1864.04
1947.23
1942.07
1859.81
2018.54
1769.11
1802.29
1865.4
1865.25
1959.48
1850.68
1853.68
1738.87
1920.98
1881.79
1802.64
1993.1
1858.22
1919.69
1947.04
1883.83
1868.29
1936.75
1840.5
1700.64
1966.34
1762.93
1850.47
1811.49
1932.15
1993.39
1846.54
2011.07
1786.32
1913.59
1915.01
1969.65
1879.88
1751.79
1830.74
1786.96
1950.33
2044.17
1735.61
1971.44
1781.28
1823.22
1930.32
1819.48
1974.46
1894.47
2063.73
1963.35
1718.1
1938.41
1826.64
1912.35
1965.12
1982.66
1869.67
1783.64
1850.72
1876.22
2048.13
1870.61
1855.77
2002.26
2068.46
1866.08
1876.7
1912.33
1917.85
1830.04
1905.34
1956.46
1766.3
1963.83
1890.25
1788.76
1923.99
1802.41
1855.83
1819.93
1885.61
1864.42
1788.68
1815.44
1835.71
2001.44
1697.4
1955.66
1918
1891.82
1859.08
1905.27
1962.4
1809.44
1804.89
1875.8
1855.63
2015.01
1882.79
1872.38
2045.78
1851.22
1970.73
1812.49
1909.97
1816.68
1845.5
1887.51
1756.44
1865.42
1843.63
1886.23
1719.36
1842.03
1927.59
1834.18
1726
1907.83
1956.38
1879.83
1902.85
1847.42
1808.07
1814.76
1949.45
1901.77
1855.95
1850.45
2021.3
1932.6
1834.44
1959.59
1901.26
1808.14
1852
1997.74
1856.13
1751.95
1923.77
1881.08
1832.21
1930.72
1774.65
1899.3
1731.36
1836.82
1833.15
1889.33
1935.85
1924.25
1793.13
1982.71
1831.22
1676.48
1922.75
2051.96
1971.57
1809.1
1809.23
1818.06
1912.26
1843.19
1886.38
1883.76
1774.05
1899.18
1907.73
1899.01
1834.88
1735.06
1777
1931.48
1965.95
1780.52
1692.13
1946.17
1807.91
1903.79
1696.14
1872.24
1847.8
1884.22
1979.46
1901.48
1895.65
1766.03
1830.25
1867.73
1946.16
1746.42
1926.46
1795.82
1952.83
1939.81
1867.59
1823.31
1955.6
1824.14
1847.68
1873.7
1831.47
1797.72
1768.91
1918.36
1890.2
1880.57
1757.71
1933.65
1991.89
1934.45
1949.55
1874.47
1808.84
1861.04
1799.1
1822.21
1957.83
1801.96
1982.53
1861.21
2027.5
1888.67
1910.84
1939.59
1872.11
1900.55
1969.21
1898.81
1855.86
1890.44
1921.93
1932.35
1737.63
2005.65
1980.78
1827.03
1921.06
1752
2032.43
1885.74
1824.46
1720.46
1699.95
1815.42
1871.78
1902.7
1795.7
1979.35
1922.33
1799.9
1943.48
1755.4
2087.45
1836.77
1967.15
1973.26
1782.88
1713.34
2028.37
1925.28
1947.22
1759.58
1790.64
1918.21
1912.36
1927.83
1911.03
1850.51
1738.92
1979.43
1718.07
2061.57
1824.36
1789
1783.45
1949.47
1895.46
1786.75
1794.25
1844.49
1982.97
1842.8
1917.89
1713.54
1886.98
1834.68
1956.93
1707.37
1882.75
1843.36
1911.39
1931.89
1843.71
1860.22
1845.16
1952.31
1799.34
1717.64
1993.69
1950.73
1937.34
1844.71
1965.19
1831.03
1803.68
1944.98
1884.34
1793.31
1893.26
1894.08
1852.21
1812.7
1918.79
1759.66
1887.5
1832.95
1760
1809.81
1841.6
1800.31
1984.7
1795.8
1958.5
1966.49
1953.63
1832.63
1805.85
1791.96
1898.67
1654.88
1884.29
1839.17
1849.34
2025.32
1865.32
1975.13
1964.64
1842.9
1753.95
2076.14
1879.21
1797.52
1813.2
1935.93
1938.19
1765.07
1796.43
1767.4
1800.4
1921.38
1913.58
1782.78
1840.19
1800.52
1835.59
1730.83
1792.66
1827.25
1938.71
1834.91
1847.88
1976.14
1863.54
1877.54
1879.47
1809.93
2115.84
1902.42
1889.4
1919.23
1976.57
1825.43
2015.03
1828.24
1667.59
1933.98
1978.43
2075.17
1926.44
1831.24
1770.55
1836.61
1816.81
1977.45
1896.55
1805.67
1965.61
1926.87
1918.93
1825.87
1925.41
1896.15
1805.97
1785.03
1896.09
1857.41
1943.61
1923.72
1798.12
1752.64
1938.74
1926.8
1962.35
1913.08
1937.56
1826.71
1958.84
1973.82
1885.14
1860.34
1884.06
1827.77
1868.9
1768.27
1978.08
1919.73
1804.89
1909.47
1855.5
1717.75
1829.81
1740.08
1917.12
1792.95
1815.19
1784.61
1749.52
1923.17
1877.41
1760.87
1890.22
1924.76
1905.74
1832.96
1936.3
1862.31
1905.43
1853.75
1897.51
1950.35
1807.87
1839.47
1835.11
1975.67
1822.98
1878.03
1908.97
1831.48
1786.28
1803.47
1854.95
2011.87
2015.38
2008.19
1858.67
1835.37
1819.32
1739.65
1862.97
1964.45
1853.54
1878.78
1934.74
1656.5
1801.76
1654.75
1711.22
1851.11
1967.64
1762.43
1793.25
1814.53
1909.51
1843.82
1863.54
1918.81
1982.45
1970.56
1973.18
1874.32
1898.32
1979.65
1766.67
1897.44
1828.35
1912.88
1739.69
1903.55
1889.97
1763.82
1922.34
1792.41
1763.36
1898.78
1889.47
1755.68
1825.88
1695.23
1925.62
1871.71
1858.85
1797.91
1813.87
1947.08
1825.41
2027.85
1858.02
1841.16
1759.65
1957.3
1850.35
2033.89
1873.54
1944.51
2002.77
1882.6
1901.34
1903.66
1822.09
1947.74
1963.51
1910.36
1774.4
1868.76
1744.01
1983.87
1850.07
1917.59
1888.35
1815.88
1918.94
1758.48
1765.3
1836.87
1786.36
1842.35
1880.41
1843.49
1830.01
1872.18
1696.31
1850.67
1771.57
1998.61
1814.6
1994.72
1873.62
1780.36
1745.99
1980.03
1751.41
1800.27
1932.24
1748.92
2031.19
1836.64
1885.1
1956.88
1749.14
1841.88
1760.2
1783.66
1736.67
1823.83
1860.42
1952.85
1915.09
1804.24
1915.26
1982.65
1842.95
1821.97
1892.42
1979.71
1787.29
1960.27
1709.86
1947.37
1754.83
1825.51
1848.06
1838.73
1984.92
1896.46
1807.13
1922.15
1656.33
1855.42
1759.38
1785.18
1823.41
2123.09
1848.11
1918.95
1837.27
1951.58
1901.56
1868.31
1725.45
1879.32
1954.5
1993.08
1901.25
1971.26
2013.18
2086.28
1782.14
1883.14
1989.96
1911.48
1934.59
1821.3
1940.92
1971.98
1765.82
1901.3
1836.93
1690.15
1878.66
1717.32
1961.55
2050.98
1771.01
1819.09
1857.88
1821.19
1702.31
1780.62
2044.71
1689.12
1758.87
2031.15
1948.64
1818.25
1789.65
1803.86
1833.92
1718.23
1898.84
2002.86
1743.88
1835.86
1891.69
1887.03
1851.04
1888.51
1876.04
1939.06
1751.9
1904.06
1674.7
1859.86
1762.89
1909.38
1905.08
1750.98
1909.91
1845.98
1816.5
1904.84
1741.52
1765.31
2100.84
1848.45
1895.72
1757.59
1999.66
1811.41
1885.96
1907.49
1892.38
1867.23
1892.21
1765.2
1960.04
1930.65
1813.46
1786.93
2003.58
1766.86
1796.53
1837.87
1827.99
1916.27
1907.71
1908.4
1952.04
1740.98
1695.63
1870.45
1893.02
2044.5
1828.82
1570.39
1945.95
1774.5
1903.92
2079.93
1837.76
1678.94
1834.07
1882.2
1922.19
1872.14
1828.77
1919.22
1943.82
1746.43
1883.93
1806.59
1869.21
2011.16
1786.17
1912.72
1846.79
1947.12
1975.64
1962.77
1687.37
1791.98
1903.71
1668.21
2030.95
1856.28
1957.2
1923.61
1783.21
1850.05
1921.14
1910.43
1816.8
1875.64
1836.47
1831.85
1773.71
1870.57
1985.22
1947.45
1911.23
1863.35
1762.87
1962.58
1692.6
1826.4
1930.67
1935.04
1883.22
1909
1907.06
1852.11
2066.52
1860.28
1969.82
1820.06
1905.81
1858.39
1898.29
1757.97
1761.5
1818.52
1812.28
1861.56
2085.49
1812.18
1738.55
1959.32
1894.25
1868.72
1782.91
1788.52
1877.23
1772.47
1751.11
1897.33
1778.81
2020.29
1811.2
1972.52
1963.61
1786.25
1946.79
1935.29
1779.24
1763.79
1894.42
1763.29
1798.39
1904
1835.28
1867.57
1876.8
1986.03
1849.53
1881.49
1991.53
1879.72
1999.91
1928.45
1915.62
2062.58
1800.56
2002.81
1906.77
1928.97
1875.9
1624.1
1764.36
1820.19
2029.29
1858.95
1890.56
1816.73
1982.75
2048.39
1919.15
1834.17
1892.64
1913.31
1823.7
1837.14
1926.83
1870.86
1887.33
1750.22
1802.77
1910.39
1796.62
1730.46
1882.46
1821.93
2056.07
1842.46
1996.95
1895.6
2074.36
1849.92
1797.06
1887.82
1841.24
1995.49
1845.14
1941.95
1809.98
1832.83
1933.4
1777.56
1837.99
1712.98
1998.1
1838.47
1891.4
2149.09
1966.37
1978.02
1920.79
1914.81
1780.51
1758.42
2106.6
1871.32
2072.74
1845.37
2032.3
1914.76
1856.83
1787.05
1753.69
1865.05
1811.64
1696.13
1823.63
1960.92
1840.62
1967.88
2077.3
1826.24
1717.39
1877.36
1747.97
1794.91
1851.77
1808.55
1828
1979.48
1850.56
1755.91
1996.36
1937.58
1900.23
1802.28
1958.84
1857.33
1920.55
1834.99
1833.26
1810.37
1880.15
1892.87
1790.9
1810.73
1795.07
1598.16
1842.2
1949.12
1926.77
1870.51
1805.83
1849.98
1934.35
1881.29
1944.82
1824.66
1877.26
1926.15
1976.39
1943.13
1947.8
1810.24
1737.7
1815.54
1857.53
1993.11
1801.9
1770.69
1929.39
1842.01
1991.23
1820.93
2030.41
1826.97
1870.8
1960.58
1791.2
1970.93
1839.14
1920.94
1756.76
1946.07
1848.28
1920.87
1718.76
1861.62
1940.2
1901.03
1985.31
1822.76
1848.22
1634.51
1792.24
1806.76
1877.33
1958.32
1863.26
1783.7
1948.82
1927.93
1921.7
1827.48
1858.56
1945.59
1858.3
1749.23
1791.13
1766.46
1971.82
1736.24
1738.06
1929.21
1851.43
1861.27
1792
1956.47
1842.68
1809.76
1693.65
1890.45
1923.03
1890.09
1755.24
1812.37
1973.26
1922.01
1963.18
1920.3
1938.91
1896.08
1939.43
1801.23
1989.07
1694.31
2000.4
1901.7
1920.13
1998.17
1913.69
1832.66
1869.1
1863.02
1950.69
1832.47
1816.53
1917.98
1868.73
1768.25
1841.11
1931.54
1822.55
1806.22
1932.99
2032.27
1854.97
1932.51
1836.19
1806.66
1950.67
1905.1
1878.9
1816.01
1930.24
1779.76
1839.87
1834.05
1867.35
1815.95
1791.91
1975.12
2010.95
1767.2
1705.7
1797.93
1870.09
1684.24
1827.92
1940.6
1801.45
1852.01
1958
1781.92
1861.26
1849.19
1698.39
1972.67
1900.67
2018.02
1659.48
2113.87
1753.8
1900.64
1769.32
1739.9
1776.38
1920.62
1827.54
1796.95
1904.83
1816.75
1953.52
1860.1
1717.74
1972.04
1868.47
1976.13
1798.31
1870.25
2000.35
1984.21
1904.45
1811.68
1865.32
1889.18
1921.64
1910.65
1986.93
1813.45
1906.18
1778.14
1872.83
2025.41
1861.35
2023.88
1845.32
1745.5
1870.09
1890.05
1932.96
1835.87
1911.22
1915.89
1895.48
1817.13
1783.73
1808.29
1815.91
1807.44
1717.16
1817.03
1973.4
1879.74
1875.53
1829.02
1878.18
1700.42
1790.66
1887.46
1785.69
1853.46
1902.16
1924.33
1854.77
1896
1688.34
1898.36
1772.62
1823.88
2082.03
1885.83
1839.82
2031.17
1804.87
1960.79
1826.36
1783.93
1953.56
1908.57
1846.86
1880.88
1785.17
1915.48
1914.16
2004.51
1880.79
1729.36
1768.1
1740.69
1765.22
1923.76
2004.81
1804.79
1863.82
1770
1893.79
2100.75
1906.95
1916.54
1707.48
1894.83
1887.52
1861.29
1775.47
1881.85
1831.93
1896.92
1853.95
1894.3
1703.68
1766.67
1835.13
1725.98
1913.57
1841.43
1777.8
1798.38
1667.06
1827.7
1773.64
1831.71
1779.05
1803.4
1826.32
1986.8
1798.18
1771.62
1821.91
2005.61
1781.01
1902.12
1777.76
1815.52
1887.38
1824.16
1890.2
1957.76
1990.29
1901.67
1775.54
1892.05
1913
1639.97
1860.63
1849.13
1907.94
1962.2
1918.37
1843.91
1928.86
1878.25
1919.08
2026.7
1837.63
1904.5
1868.09
1806.47
1792.61
1795.09
1893.14
1920.46
1795.84
1870.07
1904.37
1856.51
1762.39
1808.63
1818.76
1874.34
1972.23
1779.18
1922.77
1761.13
1766.73
1812.36
1825.13
1910.8
1816.78
1887.7
1977.3
1896.45
1726.02
1923.57
1911.02
1826.35
1907.38
1842.02
1936.42
1837.48
1832.13
1807
1784.7
1916.44
2068.45
1915.57
1903.98
1778.3
1805.35
1912.97
1823.11
1879.96
1711.09
1847.51
1994.22
2132.95
1919.45
1906.33
1922.05
1798.43
1877.51
1763.6
1951.83
1844.22
1910.22
1839.74
1899.81
1775.02
1994.64
1863.7
1948.97
1822.41
1754.96
1737.5
1982.1
1901.03
2033.3
1857.75
1748.94
2038.53
2069.72
1880.08
1794.05
1752.69
2000.94
1827.68
2015.59
1753.74
1780.71
1925.65
1769.77
1940.19
1975.09
1871.76
1774.82
1860.47
1816.02
1808.38
1778.59
1753.11
1768.39
1991.53
1700.94
1893.46
1888.4
1852.84
1667.58
1939.98
1809.73
1760.26
1913.09
1848.46
1895.45
1832.15
1927.18
1824.22
1861.23
1857.47
1823.3
2003.98
1745.61
1946.53
1830.54
1916.78
1992.36
1769.16
1945.85
1868.3
1936.16
1865.06
1814.93
1729.79
1855.42
1821.91
1892.73
1757.55
1868.93
1877.84
1873.61
1980.74
1883.28
1811.73
1883.81
1857.89
1870.33
1972.55
1730.83
1772.28
1916.1
1996.2
1896.27
1668.63
1968.62
1967.08
1750.92
2041.29
1797.12
1858.64
1900.55
1741.36
1805.78
1823.77
2049.45
1768.37
1804.33
1990.2
1897.27
1901.73
1812.1
1912.17
1748.27
1840.62
1882.07
1824.53
1814.11
1805
1860.06
1866.2
1895.52
1831.2
1906.63
1790.27
1785.67
1836.01
1969.49
1940.58
1874.49
2012.79
2080.06
2089.79
1724.58
1838.61
1835.74
1831.84
1623.51
1742.45
1960.37
1995.23
1819.92
1768.83
1857.61
1890.23
2039.03
1795.54
1849.4
1763.54
1903.64
1933.67
1966.91
1960.12
1793.56
2005.09
1802.07
2075.46
1964.13
1892.86
2075.81
1752.3
1820.6
1803.98
1920.57
1947.25
1979.57
1916.56
1778.73
1833.63
1620.51
1940.3
1847.47
1897.47
1813.64
1829.91
1873.44
1882.39
1806.24
1937.41
1731.51
1789.39
1781.93
1760.27
1833.25
1973.5
1836.4
1845.46
1828.87
1858.4
1877.01
1887
1737.25
1973.65
1835.67
1875.34
1880.58
1994.68
1915.74
1735.29
1776.68
1815.33
1873.27
1899.73
1693.98
1855.18
1846.5
1873.22
1739.7
1855.84
1967.92
1852.84
1716.9
1894.13
1916.71
1752.83
1957.63
1979.9
2036.32
1830.06
1911.38
1912.23
1898.31
1791.14
1781.36
1874.9
1892.88
1756.91
1786
1897.27
1933.21
1996.71
1718.63
1774.67
1826.4
1902.1
1727.5
1767.68
1874.57
1913.44
1901.15
1995.12
1956.54
1817.98
1880.28
1895.25
2019.12
1876.46
1803.78
1890.62
1747.99
1853.75
1879.01
1910.13
2000.79
1835.62
1812.21
1848.34
1916.4
2020.54
1896.2
1807.83
1981.05
1831.3
1837.32
1818.79
1851.86
1860.68
1913.83
1931.09
1801.2
1704.37
1980.99
1960.71
1881.87
1941.44
1960.78
1954.38
1846.44
1722.78
1964.87
1768.37
1863.15
1902.96
2064.53
1926.24
1814.9
2028.18
1771.88
1913.3
1714.78
1878.44
1997.32
1764.4
2030.13
1831.46
2007.88
1993.59
1942.67
1861.73
1887.66
1901.64
1945.47
1802.2
1880.96
1886.63
1871.12
1960.82
1761.92
1712.9
1890.9
2084.65
1757.87
1775.01
1907.23
2031.26
1904.8
1803.62
1610.94
1954.15
1866.43
1892.9
1852.81
1759.55
1865.42
1725.35
1850.37
1835.12
1853.63
1734.95
1690.47
1874.13
1792.9
1882.93
1668.44
1736.24
1896.38
1866.03
1928.12
1866.05
1715.47
1916.77
1801.8
2009.17
2029.77
1693.96
1797.42
1776.07
1936.16
1957.1
1779.2
1895.77
1868.53
1974.53
2042.01
1837.72
1879.95
1849.6
1807.37
1816.35
1738.94
1721.96
1867.92
1765.05
1944.84
1824.27
1818.48
1830.3
1942.7
1985.74
1872.36
1835.25
1701.3
1893.22
1899.22
1851.52
1797.49
2061.23
1965.35
1882.59
1689.53
1908.35
1544.37
1887.8
1932.31
1784.04
1715.21
1847.63
1967.03
2033.83
1973.27
1928.19
1887.97
1883.86
1926.92
1830.26
1792.24
1823.31
1790.45
1739.33
1720.23
1794.2
1721.01
1774.98
1826.2
1894.16
1767.85
1925.72
1942.17
1985.38
1804.09
1875.97
1927.8
2030.21
1826.91
1820.26
1803.84
1865.12
1887.39
1874.22
1942.75
1818.99
1872.32
1870.7
1998.63
1886.01
1884.02
1928.84
1847.57
1661.98
1987.36
1949.11
1957.26
1999.12
1907.81
1868.57
1904.75
2100.14
1736.45
1980.09
1896.51
1758.61
1847.52
1694.14
1944.4
1846.35
1961.31
1921.41
1960.88
1922.68
1857.74
1716.39
2055.21
1766.81
2007.63
1790
1954.37
1954.02
1930.6
1786.51
1772.37
1846.66
1813.46
1810.6
1821.63
1918.47
1760.5
1866.08
1816.02
1687.14
1970.24
1827.48
1825.18
1809.75
1872.88
1857.81
1971.25
1826.04
1848.02
1764.08
2034.07
1841.02
1936.58
1996
1959.08
1932.21
1792.7
1811.63
1879.04
1771.83
1861.76
1878.65
1874.29
1888.86
1806.43
1972.06
1714.47
1836.89
1751.54
1613.15
1703.84
1941.49
1889.71
1933.83
1849.04
1920.68
1805.19
1778.48
2024.66
1875.21
1797.21
1907.39
1802.54
1838.44
1828.01
1975.63
1995.99
1899.99
1778.18
1831.61
1830.09
1821.26
1878.73
1923.36
1841.06
1759.66
1861.34
1919.96
1786.84
1837.5
1869.77
1824.48
1862.19
1891.65
1804.15
1796.87
1826.78
1847.52
1899.84
1803.09
1897.98
1890.23
1903.24
2008.89
2030.76
1888.07
1792.45
1755.75
1774.48
1876.17
1832.49
1923.9
1805.33
1854.7
1936.41
1954.28
1907.85
1850.07
1969.64
1794.1
1852.02
1742.26
1821.26
2116.56
1608.09
2018.4
1950.65
2006.74
1880.91
1992.12
1869.94
2033.19
1810.55
1942.1
1879.67
1763.39
1934.94
1858.43
1909.39
1790.12
1889.71
1839.31
1637.62
1840.63
1772.11
1774.72
1812.46
1684.76
1655.79
1777.05
1958.96
1896.78
1928.53
1959.72
1952.59
1704.05
1969.08
1991.59
1858.1
1800.51
1866.95
1986.5
1753.6
1853.67
1845.97
1826.04
1769.57
1928.97
1778.01
1912.65
1822.67
1939.55
1864.77
1878.23
1938.7
1908.67
1806.78
1979.4
1716.28
1871.96
1884.15
1833.83
1854.37
1699.3
1962.82
1860.38
1963.23
1917.17
1773.68
1781.18
1762.97
1899.28
1947.58
1723.34
1889.01
1860.9
1795.65
1774.72
1776.99
1910.6
1946.54
1970.13
1847.15
1861.34
1816.87
1642.75
1855.21
1889.59
1614.37
1735.19
1939.48
1838.35
1783.85
1912.89
1961.43
1870.36
1822.19
1787.4
1849.86
1775.86
1777.3
1710.83
1765.74
1899.93
1893.34
1855.29
1804.19
1924.57
1865.15
1933.67
1926.54
1960.39
1801.79
1993.53
2022.49
1993.43
1897.29
1905.74
1834.96
1844.04
1954.2
1740.88
1758.02
1897.36
1951.66
2014.28
1856.93
1916.22
2177.89
1874.45
1726.94
2062.57
1793.2
1999.5
1603.24
1845.91
1859.53
1868.67
1824.34
1922.51
1957.89
1956.07
1890.24
2031.94
1688.92
1882.86
1821.98
2043.19
1923.55
1832.71
1951.23
