222.034
249.425
184.49
230.453
241.105
219.465
274.502
311.3
284.847
202.54
227.707
261.208
266.337
233.77
251.225
186.355
266.303
194.728
234.57
241.601
196.613
227.141
204.195
297.5
262.775
243.171
239.15
238.694
223.249
231.381
189.122
216.495
211.191
233.096
248.306
225.365
255.034
232.281
232.91
248.301
250.687
227.837
236.862
267.793
286.843
252.654
205.799
260.507
251.109
247.274
218.923
219.813
212.547
232.563
211.713
234.735
207.642
226.867
213.381
311.348
208.734
240.734
220.888
278.406
242.35
234.85
263.052
204.374
280.475
238.596
179.441
229.213
206.602
230.162
193.767
195.034
268.732
227.916
196.814
191.162
249.3
288.705
277.145
250.231
262.304
230.064
238.898
237.978
286.634
266.154
286.651
210.663
266.31
278.73
255.578
303.42
238.739
230.4
220.605
310.199
217.089
185.843
221.774
179.041
256.336
251.829
236.28
214.349
226.623
262.153
237.828
243.092
230.308
212.796
168.788
223.755
205.588
211.003
221.098
242.074
241.186
264.336
251.704
221.821
255.533
268.11
218.758
249.184
259.812
211.09
279.82
248.716
169.329
272.142
202.906
217.28
234.1
236.955
214.861
272.362
218.115
198.66
234.458
242.033
232.281
226.332
233.752
206.143
204.401
245.96
198.328
231.798
225.395
239.462
242.029
265.948
190.403
243.953
200.529
282.229
221.549
230.694
254.355
229.041
239.567
236.641
251.543
273.716
213.016
277.396
227.414
274.717
218.193
253.226
250.554
191.546
221.629
212.575
262.414
260.245
243.914
277.763
216.261
274.906
331.197
223.218
271.387
221.299
232.138
221.943
235.7
209.669
228.86
218.601
237.938
232.503
217.373
194.997
302.842
182.168
226.678
206.231
218.584
218.421
240.056
254.951
287.291
259.586
278.855
353.585
249.563
235.291
228.158
239.685
241.783
274.223
193.401
280.377
261.554
230.259
243.981
235.638
299.515
258.402
230.577
186.406
226.059
251.172
272.874
217.411
234.088
228.606
254.166
249.932
234.517
234.009
242.262
242.923
220.017
249.642
215.462
212.537
223.439
236.484
256.443
219.729
275.186
244.44
181.246
262.146
270.797
243.764
223.466
283.254
241.891
223.198
228.69
258.137
228.654
285.558
280.426
237.983
290.531
226.244
215.431
227.343
237.199
220.607
266.345
293.107
216.11
257.956
266.029
250.235
236.903
275.514
264.168
210.809
217.623
240.446
220.109
309.465
185.905
255.239
212.023
251.479
183.15
228.488
232.722
226.173
231.966
242.246
245.212
262.136
224.501
241.776
241.314
218.395
224.501
209.638
270.762
209.58
268.62
209.199
247.495
215.103
199.767
201.125
254.293
239.797
250.013
226.535
240.852
309.448
249.769
258.131
265.564
242.083
235.995
253.407
227.027
241.964
244.978
281.592
269.115
207.942
186.276
206.745
252.911
241.7
274.769
237.648
213.146
257.716
221.388
240.656
231.047
242.787
235.757
229.257
235.429
193.65
168.327
210.985
259.51
257.702
244.321
213.174
265.225
225.751
216.386
211.488
226.575
183.797
222.497
275.324
226.884
198.837
250.506
175.065
233.402
225.713
207.668
174.532
178.214
232.453
244.233
209.029
272.611
259.749
214.424
199.046
295.767
209.458
240.736
227.166
219.617
233.336
190.958
230.268
209.772
228.254
244.97
233.642
213.625
255.944
229.12
240.009
227.065
251.786
218.352
211.511
242.543
304.688
178.865
245.571
222.162
223.75
239.256
286.344
230.678
198.367
232.927
267.674
249.821
259.721
251.435
220.952
304.728
270.428
221.007
244.872
181.439
232.829
184.393
194.934
274.627
271.156
267.755
296.86
245.198
238.498
232.135
252.749
260.295
254.538
237.064
283.031
248.852
237.625
279.037
308.811
196.376
245.923
279.427
256.787
222.554
227.802
260.418
246.488
212.08
214.216
231.505
221.335
201.678
202.874
244.851
230.001
205.394
196.013
209.871
198.375
215.198
215.084
210.675
213.052
209.66
202.584
187.283
196.859
245.233
241.466
208.21
249.02
219.663
248.803
257.28
218.563
261.951
213.333
251.183
207.583
249.419
236.404
220.531
228.797
203.918
244.002
248.588
254.005
262.06
214.419
235.667
216.328
206.164
233.385
250.819
223.768
219.994
258.442
182.416
234.266
288.597
230.909
200.707
214.034
262.658
216.224
203.156
202.185
230.773
208.321
272.383
247.766
240.094
285.636
231.66
262.279
235.24
197.244
245.225
242.812
254.54
225.92
220.198
222.297
232.661
243.136
211.75
256.467
200.462
281.585
213.709
215.11
221.706
202.125
206.878
287.213
240.5
191.243
220.563
255.872
214.457
214.984
218.633
246.937
236.429
246.546
239.365
243.439
234.298
253.189
207.434
241.63
225.314
286.482
185.74
261.077
275.494
262.103
252.878
241.124
294.202
246.142
259.311
207.245
282.173
243.927
195.866
273.662
264.615
246.339
223.984
262.839
274.351
260.129
193.861
177.952
245.192
267.883
196.298
232.592
205.653
206.169
279.142
256.806
216.302
217.311
232.058
237.466
240.865
216.101
226.069
267.561
227.815
226.079
218.406
281.195
189.894
214.102
234.147
229.617
229.29
216.138
191.897
217.174
250.84
237.678
228.871
218.996
253.14
269.708
299.864
211.165
244.826
255.605
239.776
229.053
246.356
245.678
224.7
302.409
287.734
268.483
237.171
202.4
202.497
224.752
199.376
229.759
237.705
230.136
252.873
220.698
228.665
230.241
220.933
224.522
218.599
266.714
254.923
292.613
205.174
275.954
227.708
305.127
221.579
215.52
199.642
247.116
262.537
203.619
284.494
256.27
177.588
240.099
211.55
200.66
239.183
204.353
241.207
281.749
206.475
265.365
237.651
249.491
265.381
245.267
246.135
220.304
261.644
234.874
262.637
213.996
278.109
234.636
237.791
192.411
186.429
217.094
197.928
229.577
273.543
245.309
249.094
204.558
233.678
240.489
275.416
286.727
265.564
259.55
254.171
235.436
238.709
212.619
231.593
237.226
197.787
280.982
226.384
225.334
217.306
225.978
251.316
231.529
240.6
198.158
211.278
254.091
201.139
249.463
206.963
233.878
266.343
217.588
189.353
189.618
198.792
221.432
265.355
238.42
193.768
263.424
242.862
183.959
265.391
224.069
207.71
217.429
228.324
203.739
246.251
228.109
221.515
223.893
217.278
287.307
245.717
225.282
253.865
241.498
230.272
186.548
247.582
280.27
224.449
254.024
215.501
259.477
299.498
200.875
237.27
229.033
250.001
207.65
240.206
256.141
223.12
237.646
270.676
333.543
210.621
251.126
255.231
270.329
196.64
257.236
309.116
239.41
281.199
203.231
223.467
257.147
286.489
258.028
228.588
217.56
262.019
250.497
241.797
239.336
239.627
245.237
221.209
229.393
245.799
206.997
216.935
199.403
253.574
202.762
292.883
245.044
220.347
248.198
194.796
237.451
227.264
242.523
272.991
200.135
222.129
243.114
179.396
209.944
249.42
234.648
283.066
273.984
257.749
231.353
214.256
231.225
260.902
262.045
206.728
272.569
248.001
242.162
229.396
195.022
220.468
281.562
253.363
218.656
279.964
212.238
211.661
221.022
213.655
283.778
219.418
220.862
217.013
231.594
231.859
202.638
229.077
279.993
284.163
260.344
215.687
229.154
238.61
245.491
215.091
276.288
239.958
245.702
212.851
265.374
230.312
234.818
229.324
248.321
254.581
274.375
191.326
218.24
286.12
269.358
254.865
238.634
241.146
183.138
210.418
229.876
219.286
176.127
300.65
209.987
219.798
237.436
187.767
206.14
225.084
234.61
229.442
230.161
197.551
250.52
293.46
199.1
241.58
244.8
265.146
277.447
278.239
207.084
228.823
250.226
275.906
229.161
209.136
198.136
276.869
288.222
261.071
236.389
230.222
244.231
238.421
236.676
235.477
206.712
274.479
255.998
261.419
240.697
267.3
237.488
182.937
195.553
240.899
267.082
210.273
234.429
215.594
217.26
219.445
202.616
231.443
239.334
262.862
221.889
248.846
255.616
254.708
215.578
204.704
284.897
242.248
207.595
251.565
301.945
259.886
271.216
184.316
230.941
205.005
277.064
230.585
230.061
194.294
208.931
251.46
237.578
264.699
227.19
247.313
290.53
233.864
251.587
238.997
239.131
284.91
223.081
227.323
264.407
272.96
234.577
193.754
266.896
206.66
244.92
220.505
211.914
185.889
214.95
199.416
194.475
180.001
265.641
258.136
194.718
283.581
184.616
313.582
212.096
235.879
248.659
253.846
237.905
269.189
218.014
223.669
234.455
265.358
264.533
257.885
232.305
208.226
247.385
221.331
262.016
256.113
229.708
268.929
206.56
214.844
252.594
270.225
291.175
255.382
240.188
241.06
241.288
169.516
255.183
220.911
256.949
228.478
280.26
227.696
198.453
217.497
230.092
263.408
237.212
216.156
254.921
227.805
266.713
243.77
201.617
223.383
226.896
304.682
242.267
243.101
219.803
276.316
218.001
254.631
261.521
244.287
250.416
241.68
234.402
243.479
264.107
269.263
209.547
250.352
222.431
193.134
246.336
231.652
270.121
247.371
203.655
195.087
254.356
236.235
251.592
252.35
261.878
252.365
241.014
224.358
212.557
234.765
247.098
213.464
263.597
223.568
262.16
212.545
229.297
250.761
240.97
242.544
246.994
290.786
249.286
238.439
213.871
228.685
216.987
275.227
229.456
222.144
267.571
266.029
222.212
261.045
208.855
222.693
234.4
205.812
191.689
214.988
241.703
174.377
212.584
230.367
251.232
209.158
247.739
243.009
211.593
219.875
281.255
232.633
209.273
261.94
220.026
269.98
265.161
207.212
245.035
236.524
224.339
252.969
253.492
268.143
234.252
227.128
200.834
230.174
211.516
249.217
284.336
253.625
209.089
211.453
237.699
241.062
270.367
206.904
270.156
265.584
275.117
219.091
267.405
242.511
216.235
185.99
219.472
214.28
240.162
261.248
222.657
204.134
255.922
228.365
225.389
216.155
227.995
230.017
233.489
205.628
234.027
255.818
240.978
230.73
249.828
238.421
238.128
254.227
215.355
228.102
220.393
241.727
215.9
253.297
217.085
213.567
253.171
211.535
262.113
244.797
298.619
245.637
256.546
261.551
210.905
275.71
223.491
231.311
258.561
219.463
228.179
258.91
227.432
207.042
239.135
194.912
277.29
210.395
231.358
231.061
221.215
201.012
210.899
243.399
227.545
221.356
238.054
262.503
272.736
252.161
245.114
240.376
295.151
230.169
228.974
221.804
263.128
230.385
224.595
213.085
228.321
230.111
202.566
233.284
185.341
240.974
243.733
227.603
244.017
248.207
266.397
257.666
257.193
258.924
250.401
277.805
231.635
249.368
210.573
253.385
225.01
266.922
244.947
244.201
282.21
234.49
249.882
212.862
252.678
246.507
216.218
232.164
278.058
262.063
253.272
243.104
202.016
266.601
275.519
215.372
233.722
217.395
254.314
221.261
223.202
185.917
227.59
260.605
251.48
223.756
225.342
213.56
214.435
208.465
215.461
210.125
291.477
272.545
210.25
258.27
285.933
281.166
242.485
290.877
211.516
267.767
285.366
195.76
285.015
248.218
171.421
226.798
231.644
266.222
234.824
245.445
217.03
235.29
220.13
200.642
232.459
256.28
213.557
232.49
221.765
231.271
216.401
257.455
217.005
278.183
270.835
262.039
202.117
272.466
248.968
256.597
231.628
288.54
207.462
252.035
296.312
262.597
212.848
239.894
256.335
232.239
210.875
242.849
191.401
236.337
253.089
260.688
240.57
254.977
224.515
256.245
237.71
220.85
234.59
224.882
267.467
206.718
268.75
245.671
251.667
201.553
217.596
260.29
231.412
190.329
218.859
206.22
188.045
201.718
248.676
197.972
213.918
183.446
256.118
234.147
260.948
221.384
248.934
244.845
252.186
267.233
291.621
242.237
229.663
236.348
216.217
221.698
237.609
225.949
256.176
238.194
260.701
274.811
228.94
232.503
235.795
264.588
217.421
194.543
241.361
217.523
292.213
259.435
223.014
265.383
210.679
212.167
206.317
244.787
192.729
236.818
185.23
192.094
219.273
212.35
229.505
224.387
203.847
251.6
226.463
197.476
238.467
224.505
244.114
259.353
232.858
279.133
251.194
172.292
223.837
235.046
225.421
247.255
208.99
281.111
244.788
229.872
228.021
245.231
219.085
238.442
188.648
258.068
261.706
215.467
229.683
194.367
205.871
216.139
255.292
242.826
251.541
188.347
236.959
237.636
214.673
227.153
198.661
267.871
225.703
229.739
221.499
222.043
219.419
251.865
257.739
219.206
232.535
233.329
226.798
224.817
234.654
257.308
224.855
210.991
261.894
250.284
241.942
208.426
231.913
223.617
240.995
222.276
221.067
190.896
196.317
237.629
230.409
221.927
329.452
240.316
238.859
242.854
247.541
307.27
249.678
294.648
221.151
221.473
260.368
235.994
229.545
223.036
264.207
214.704
240.304
277.437
185.913
257.345
277.533
220.583
268.56
198.726
250.875
286.834
279.835
262.908
220.961
242.02
265.198
226.321
192.043
231.145
264.942
202.495
226.037
258.359
259.317
197.026
281.419
234.395
204.754
234.163
229.618
228.23
256.823
285.597
295.892
183.676
216.646
203.656
217.246
274.827
271.105
211.335
219.501
153.629
269.012
206.095
257.994
256.195
223.019
242.303
200.19
215.286
257.775
229.851
214.498
206.539
232.315
273.378
206.247
298.524
232.398
244.338
300.167
258.567
230.835
199.178
209.627
232.05
285.843
237.242
220.909
251.136
244.336
220.529
284.769
277.241
213.56
213.638
237.277
257.215
198.373
265.416
229.344
198.562
196.873
233.416
222.393
258.596
212.39
197.496
255.412
198.576
220.174
236.714
231.676
190.317
227.21
204.134
232.484
255.047
220.501
247.782
210.474
191.798
244.826
218.103
236.175
255.903
255.841
250.001
251.566
260.928
274.412
288.255
221.238
181.796
236.099
252.136
222.267
262.714
205.5
195.528
231.892
234.856
243.47
228.693
240.62
247.564
273.078
214.819
227.671
261.814
266.931
255.739
264.92
255.645
285.374
275.174
221.681
234.914
256.621
243.491
189.732
237.807
245.566
220.122
226.037
287.57
217.212
212.75
243.172
268.934
262.203
192.578
287.899
279.369
269.933
218.547
272.139
216.087
252.033
233.161
230.707
213.924
200.678
254.547
338.198
277.107
174.707
274.988
266.282
205.981
235.421
327.131
229.706
248.186
233.829
216.268
185.49
223.294
222.447
288.55
256.505
173.973
231.176
253.903
187.932
244.574
261.985
239.242
227.453
248.478
231.348
265.842
180.69
176.331
210.682
214.149
251.234
250.191
291.785
206.575
221.208
253.873
282.048
229.942
234.932
214.136
197.075
210.281
207.664
250.039
202.82
254.887
225.924
270.542
243.523
240.359
226.062
233.572
234.781
253.722
286.152
223.016
186.57
254.346
238.033
205.613
250.214
245.016
208.621
285.232
238.899
207.515
236.61
226.179
215.276
266.654
213.914
223.551
171.178
293.891
236.295
239.854
250.991
241.254
227.855
182.957
233.37
236.01
263.533
242.53
206.917
242.564
284.599
223.6
308.365
204.444
284.44
210.051
309.277
205.586
229.546
225.978
240.098
217.795
248.139
280.582
270.242
302.166
249.919
217.829
198.135
202.248
213.433
243.589
274.195
226.472
197.496
215.733
257.222
197.446
214.477
199.85
206.851
228.361
188.499
248.015
222.716
229.809
246.418
269.806
193.255
228.351
210.527
173.934
264.084
204.362
192.51
221.92
240.546
270.643
232.337
205.236
230.472
199.492
260.243
261.511
233.532
228.209
234.59
261.101
224.59
270.325
220.105
201.694
226.698
270.175
233.32
240.562
234.669
295.943
275.687
205.484
253.391
236.214
252.328
239.887
261.505
229.525
265.089
267.465
253.64
239.809
204.042
260.05
246.635
245.668
228.646
267.507
206.935
267.305
249.88
239.05
270.181
210.917
203.834
247.188
213.164
202.014
187.492
202.262
240.079
234.616
179.31
195.382
251.084
265.648
229.733
233.184
210.035
215.51
306.472
210.331
189.177
211.244
252.378
221.58
292.751
268.622
211.314
234.584
270.469
241.359
215.707
233.595
222.795
259.234
279.651
299.765
196.302
217.482
223.772
231.274
228.159
255.828
208.94
248.9
242.067
228.16
255.275
227.597
209.002
196.352
252.397
206.188
270.929
221.055
212.97
248.835
251.515
193.6
233.327
211.121
246.339
200.383
246.145
247.52
243.783
209.07
218.187
201.513
248.824
203.019
216.606
246.961
208.401
189.341
221.567
259.543
191.436
241.52
203.271
224.701
220.575
223.707
201.827
296.606
191.255
271.594
229.871
256.71
225.448
241.131
248.605
249.853
238.067
231.759
263.772
259.249
201.998
205.781
245.185
250.123
258.852
242.74
273.747
240.74
272.43
254.824
262.121
231.085
276.536
256.735
209.494
217.721
222.375
255.636
201.302
239.073
318.547
243.1
258.143
189.603
209.848
203.307
224.863
201.035
238.942
214.203
237.965
180.588
238.123
239.03
289.335
250.559
251.056
226.065
235.007
240.617
234.433
269.782
267.757
231.338
237.922
234.361
238.465
222.257
217.489
226.734
225.753
296.553
231.542
242.628
303.241
238.221
217.081
259.535
270.832
239.573
235.525
187.649
198.178
208.421
217.451
258.33
213.931
270.412
205.734
228.24
274.073
243.348
254.923
243.617
277.305
203.991
227.731
209.341
289.242
283.043
234.273
228.359
269.389
227.194
266.768
199.166
235.594
257.084
272.939
238.292
243.385
270.498
250.252
196.4
213.895
198.955
251.942
247.208
232.453
267.064
242.374
224.574
236.104
237.389
199.581
252.868
269.399
254.468
240.718
230.967
189.188
260.796
275.471
211.323
249.23
256.677
244.872
264.197
280.507
262.465
259.21
231.153
240.337
223.856
222.372
216.712
209.15
207.892
183.208
249.613
177.715
215.756
232.396
199.931
192.482
229.576
268.873
288.761
285.081
250.413
199.442
252.217
208.878
236.44
221.124
251.491
218.498
212.626
221.561
192.197
290.536
287.352
321.936
272.831
247.689
195.041
243.245
213.9
280.28
235.954
227.955
264.521
246.287
248.81
231.296
267.109
306.863
209.076
169.948
268.784
211.467
209.705
201.023
260.732
202.422
241.085
245.164
177.812
221.447
194.158
234.036
219.809
235.455
229.353
251.797
255.587
216.593
210.796
209.651
195.999
249.955
248.029
255.426
231.199
245.796
214.062
249.694
269.323
215.561
241.688
271.419
237.665
257.783
291.828
260.29
249.365
249.119
216.133
252.148
231.648
280.793
225.235
259.847
234.593
219.284
230.554
211.431
226.535
176.884
189.084
258.132
237.351
204.423
236.286
228.674
245.266
248.808
203.128
265.208
249.642
238.423
245.452
235.398
244.242
260.11
226.933
254.984
226.82
242.92
233.438
278.434
274.061
257.474
254.716
231.039
245.097
203.909
257.272
238.108
254.883
249.811
225.302
219.063
232.311
256.368
293.636
213.715
226.074
224.038
187.818
206.753
279.557
216.652
236.82
250.033
222.025
249.77
256.596
234.248
246.487
211.439
188.582
227.738
239.171
296.162
214.783
254.13
236.454
278.202
251.509
245.097
171.75
263.596
205.684
238.459
201.899
282.306
259.557
187.509
198.598
191.522
220.087
250.687
255.171
231.517
249.34
220.486
243.911
219.219
294.066
228.164
250.914
204.78
191.123
216.309
243.75
240.825
232.909
222.026
241.808
311.134
197.864
230.442
250.756
219.52
237.137
218.563
219.714
226.258
237.918
246.65
209.344
230.977
221.057
246.789
240.179
247.568
224.467
252.388
253.217
213.976
208.492
248.518
268.075
224.221
209.684
334.407
268.873
231.026
257.008
186.645
212.324
203.346
231.914
213.7
238.039
233.754
197.922
243.257
233.061
227.183
272.73
244.352
261.748
280.312
211.014
269.627
216.424
208.906
218.982
221.014
214.105
268.833
216.062
272.817
267.519
280.999
285.506
233.732
228.695
244.641
224.568
284.211
211.985
199.951
224.072
223.613
191.575
244.065
213.35
237.053
250.112
218.186
226.321
214.868
235.458
228.761
258.924
186.356
258.761
220.502
261.255
229.424
205.179
258.661
201.669
234.257
218.462
199.251
227.177
210.03
241.756
252.387
241.039
223.276
269.163
241.232
242.005
241.765
217.457
220.404
207.252
211.035
225.551
257.525
249.023
242.212
216.085
224.678
263.487
260.209
268.578
254.588
190.635
246.143
259.509
202.426
250.862
208.199
233.671
209.904
235.31
259.553
222.41
245.104
246.934
200.662
269.36
230.984
255.172
222.737
235.023
204.477
255.231
220.691
221.72
189.243
284.486
216.188
232.362
249.55
245.138
259.519
275.286
245.466
218.092
220.519
246.647
254.068
222.597
239.89
245.571
263.023
239.638
252.149
298.958
202.99
314.462
255.112
209.163
262.824
245.023
228.393
218.667
225.499
269.104
178.321
236.882
249.222
209.384
181.575
253.593
221.088
220.532
227.467
181.822
292.023
233.326
205.715
243.131
169.927
258.474
244.268
209.039
234.413
247.313
284.81
210.253
216.903
228.993
229.332
241.187
283.983
255.751
254.88
248.509
228.927
223.196
217.153
219.44
235.97
204.4
267.274
250.635
218.856
253.536
254.564
218.052
227.699
239.724
239.29
234.865
272.067
241.472
225.685
261.762
236.155
236.291
187.931
214.378
279.648
221.832
248.649
248.862
257.96
189.083
206.928
255.437
214.557
261.929
232.481
266.193
184.542
252.316
222.734
179.183
227.526
234.815
226.842
286.571
285.487
187.297
205.026
201.001
262.251
234.79
290.529
207.384
180.348
223.46
173.514
212.937
268.677
278.64
237.34
226.969
239.769
281.802
225.247
247.432
302.357
256.741
250.612
215.996
237.485
237.363
190.283
215.837
211.939
219.203
267.276
237.65
213.827
232.288
213.344
254.724
227.69
232.422
199.38
231.807
220.276
261.34
248.177
268.581
203.925
194.387
214.351
248.91
255.703
213.821
260.962
220.048
270.441
248.377
279.672
226.559
293.844
230.013
217.198
255.176
218.965
258.647
227.007
212.689
204.936
224.229
217.01
238.249
183.951
270.517
254.069
278.398
205.423
231.853
252.957
294.535
236.399
221.129
226.414
280.985
274.981
233.912
258.779
246.355
226.078
212.718
246.984
198.678
249.067
278.558
310.323
235.769
200.611
229.399
264.361
278.617
247.827
213.554
248.889
288.227
218.822
228.358
209.585
221.243
217.766
264.12
286.281
179.507
253.515
262.926
185.375
222.098
222.779
257.331
239.038
268.048
247.762
261.986
209.716
279.676
189.624
218.025
285.064
180.084
209.946
270.62
244.185
195.639
240.879
215.879
236.811
296.065
238.733
257.465
259.07
238.272
200.205
243.274
235.668
191.304
267.382
241.044
258.788
257.874
263.912
222.721
218.175
196.733
249.365
198.925
278.008
251.689
222.398
214.455
220.277
217.434
214.566
199.751
201.998
239.053
253.14
261.819
200.709
257.579
263.925
238.004
288.815
188.825
280.533
251.003
283.001
237.495
204.502
203.27
220.479
226.428
217.481
214.919
224.816
181.545
222.488
211.971
235.256
255.302
237.346
236.169
237.68
191.178
226.21
241.068
211.834
237.575
243.264
232.007
226.486
214.028
244.282
282.622
179.26
251.906
229.071
262.035
248.074
199.639
210.323
214.701
260.611
238.406
233.758
214.754
188.324
274.115
266.424
267.5
245.715
281.608
247.757
215.335
205.127
250.759
226.495
217.62
211.731
232.263
223.627
246.465
335.319
220.644
225.285
249.261
275.426
220.618
230.984
261.21
215.503
217.047
260.946
213.657
250.719
247.358
243.68
294.053
203.879
272.693
224.985
232.662
248.505
176.204
230.147
240.681
222.721
220.37
240.077
210.563
216.933
247.276
257.731
217.372
245.938
234.736
283.513
276.396
255.599
224.503
250.544
232.754
284.105
234.172
259.984
238.653
217.199
218.162
200.105
222.871
257.602
294.021
256.423
256.297
274.623
252.8
247.798
233.118
236.617
243.607
214.563
191.63
252.118
221.616
193.363
220.5
269.404
229.563
209.273
240.699
242.315
228.683
232.941
231.706
221.567
179.156
209.325
224.733
217.659
220.309
279.564
242.805
214.075
276.83
268.656
260.622
229.318
240.814
239.173
248.876
247.659
255.66
239.713
203.084
205.096
268.165
227.538
261.436
295.493
304.595
211.554
213.466
244.493
215.189
243.186
268.907
243.405
259.036
228.355
240.479
253.054
281.792
204.309
221.265
214.594
222.593
213.542
253.057
218.183
207.448
245.487
222.211
260.987
247.441
281.263
238.789
237.915
221.854
224.724
265.978
252.243
336.504
226.317
264.414
224.203
210.122
211.15
217.873
223.14
197.242
218.856
206.822
237.698
233.006
276.666
309.978
258.121
194.326
278.084
243.096
281.398
261.821
254.61
203.798
226.95
242.926
284.552
214.51
245.583
229.765
190.631
220.735
235.901
218.376
226.045
266.199
257.056
284.53
236.811
192.498
222.551
223.574
223.317
190.31
227.476
245.307
237.05
228.315
216.434
261.304
232.481
263.453
268.06
217.604
219.011
224.697
266.298
223.676
267.367
217.029
233.705
233.856
255.71
224.961
237.035
243.96
232.13
249.771
250.627
210.479
239.067
255.36
263.573
238.947
243.302
245.258
235.753
225.544
281.898
234.679
230.978
232.458
206.794
236.448
233.771
251.739
241.381
199.101
259.817
232.179
246.24
183.478
282.982
198.809
247.933
295.597
232.543
196.281
205.324
254.979
203.253
253.406
211.934
236.008
220.856
215.614
242.834
262.311
210.65
168.222
217.502
209.86
194.778
246.32
255.121
229.88
250.24
228.531
224.981
222.787
230.947
252.51
229.711
222.411
284.789
251.856
256.485
241.776
232.211
286.589
209.701
267.039
223.376
259.318
273.851
221.874
264.147
212.089
221.564
224.753
208.094
218.106
241.013
258.223
222.711
276.58
241.84
255.173
246.055
236.165
256.526
278.078
258.627
246.978
201.023
247.405
244.119
210.485
188.308
259.556
234.51
241.356
277.343
207.286
220.09
273.81
270.287
224.386
185.039
196.071
233.939
208.317
289.401
238.455
252.342
222.636
213.682
219.204
289.899
210.148
261.056
234.939
188.529
256.978
288.186
232.867
240.41
226.371
211.049
260.741
262.084
231.176
218.626
233.609
219.354
238.919
245.403
240.491
280.848
257.511
230.455
219.559
261.737
198.343
249.266
193.948
265.59
240.697
226.203
239.777
255.32
220.222
236.952
193.562
226.86
278.448
195.152
197.078
223.952
223.482
270.969
284.097
228.053
214.667
207.992
222.537
252.723
238.222
275.851
225.454
202.222
242.48
232.423
241.232
300.35
268.325
216.675
246.187
247.248
275.112
236.449
246.471
252.532
221.487
258.339
224.297
246.494
203.482
287.687
259.86
226.552
202.947
229.066
205.193
281.843
249.881
273.409
241.485
202.892
280.217
220.989
212.456
237.468
291.15
229.295
289.341
264.199
206.833
256.241
227.304
214.603
201.955
216.396
214.228
231.393
245.704
263.997
262.156
244.639
220.831
276.52
183.316
247.716
224.477
205.212
318.972
279.859
176.464
256.226
274.345
169.1
205.349
225.562
208.195
306.858
222.33
232.224
226.243
249.588
201.342
301.142
239.222
227.418
210.204
231.348
235.235
241.531
227.048
278.374
250.521
228.974
260.461
295.07
236.401
182.226
211.5
197.436
213.599
188.256
220.815
220.661
220.066
215.18
214.765
234.461
252.624
208.326
234.85
237.5
257.442
256.091
207.672
214.343
294.254
231.693
244.63
230.059
218.633
298.28
243.046
276.16
235.753
192.782
245.242
251.044
233.75
195.666
186.064
250.771
208.615
279.658
243.293
267.683
233.86
272.997
219.376
259.406
214.076
220.074
267.976
247.546
211.984
272.567
183.778
247.089
250.339
226.645
210.488
215.111
283.145
190.941
261.213
247.495
223.674
221.746
212.046
242.744
231.647
242.724
228.486
238.368
219.18
244.007
264.248
229.98
274.173
181.836
176.916
251.105
248.835
292.346
261.832
254.82
263.42
281.695
240.807
234.308
256.585
239.128
218.889
220.519
199.434
214.9
267.196
236.426
233.442
255.797
251.881
275.231
266.101
227.707
242.562
202.99
229.832
215.604
257.076
257.293
198.396
197.61
214.07
313.408
196.453
239.311
250.471
211.915
225.331
219.254
258.9
221.879
208.561
250.399
291.501
225.14
222.594
215.347
224.691
228.656
204.901
225.382
248.447
264.18
228.804
299.77
213.079
219.116
216.097
223.246
244.162
247.359
237.293
220.238
229.697
267.503
200.443
234.79
248.655
265.298
192.029
193.182
197.988
267.138
240.865
222.882
233.293
225.246
261.312
235.92
199.952
242.241
176.707
236.048
232.888
239.13
202.615
211.415
226.144
223.149
197.819
253.75
221.536
184.179
240.23
201.018
225.561
200.895
218.678
235.473
197.325
238.177
243.797
288.267
299.763
228.397
260.946
231.828
194.214
212.394
232.279
231.971
227.788
220.696
277.551
271.416
166.769
210.115
259.057
257.596
220.905
243.655
170.903
265.882
227.613
259.261
231.083
270.901
278.597
226.164
181.465
286.504
209.365
206.013
193.408
188.011
192.137
271.386
225.432
214.612
265.708
247.336
243.802
233.672
249.154
272.302
249.863
203.052
232.801
237.318
221.124
240.061
216.382
207.308
238.199
245.771
217.602
197.756
212.815
257.082
271.627
215.139
207.373
219.508
238.361
234.683
230.837
251.761
208.062
275.354
154.989
222.117
246.283
230.185
229.857
225.681
211.479
255.981
217.9
236.395
212.665
280.745
277.561
215.87
292.046
299.298
239.095
210.224
220.936
217.019
248.06
235.387
311.338
251.149
222.237
202.848
275.114
276.143
251.749
279.231
212.299
237.118
207.515
221.039
300.818
248.383
191.632
276.962
200.296
189.941
247.511
230.182
206.373
301.288
236.224
230.311
224.147
244.215
261.192
256.937
244.168
235.561
180.826
213.959
246.397
222.727
317.429
229.501
239.831
250.426
271.938
176.743
197.206
221.433
269.056
197.611
263.312
264.081
218.207
266.288
269.028
245.977
216.267
204.17
246.424
218.188
229.496
264.182
238.923
226.143
265.014
257.759
150.08
190.629
208.293
228.811
246.479
230.404
250.026
213.387
247.432
209.408
205.357
224.157
217.882
257.107
224.221
211.648
247.579
227.494
165.327
214.751
254.737
230.793
223.358
271.28
239.576
256.625
203.278
212.85
205.271
227.389
264.486
234.566
209.51
265.163
272.861
223.865
231.384
266.956
270.933
201.937
192.685
182.934
225.305
187.398
225.49
233.505
226.734
229.144
219.298
237.797
228.618
251.097
191.264
227.471
234.469
257.346
238.692
211.238
200.9
214.138
283.678
247.78
204.797
220.361
254.123
265.648
177.062
226.529
291.05
229.832
231.01
237.761
232.085
234.25
237.594
247.544
240.178
198.359
193.913
223.24
236.972
236
248.903
220.204
238.985
238.865
274.249
250.313
250.309
230.463
248.497
241.231
281.108
267.474
221.167
225.281
245.986
195.914
251.853
277.667
243.509
247.259
217.153
234.302
224.421
257.795
221.002
230.362
240.802
250.091
261.77
271.027
214.894
233.779
225.16
279.663
236.105
257.377
220.556
197.623
213.381
288.936
215.903
226.652
189.322
219.969
226.34
228.408
245.322
173.427
206.193
219.346
221.804
243.953
213.302
243.604
214.834
246.076
172.385
262.698
223.101
225.162
236.527
304.825
182.326
263.527
239.484
233.136
237.161
272.207
235.272
255.362
212.182
234.003
253.494
237.239
214.239
249.686
211.512
233.625
204.434
269.757
229.869
244.15
226.072
224.332
239.625
244.233
254.077
267.881
239.548
249.121
246.843
255.221
230.504
233.941
262.64
219.75
282.059
244.81
254.694
221.283
230.707
235.642
229.264
209.518
305.21
172.252
165.508
236.041
215.289
260.729
245.689
251.732
228.218
227.385
184.468
199.302
245.204
242.509
190.559
214.356
261.976
272.447
218.599
225.996
197.162
210.386
220.747
220.727
207.076
292.793
239.863
264.313
242.682
276.942
239.538
241.928
260.656
271.976
275.975
212.846
192.978
221.227
237.484
231.95
236.549
293.149
239.224
258.385
251.44
268.695
220.413
230.464
206.551
263.941
230.902
206.635
210.769
200.35
260.86
264.786
211.685
255.441
272.143
253.27
282.287
203.206
221.758
264.324
237.052
241.298
268.005
196.713
266.616
244.15
242.493
215.251
218.747
244.548
266.969
240.316
236.304
249.044
215.283
229.543
216.506
236.051
219.724
268.891
213.915
243.053
233.874
195.099
226.464
225.356
282.092
276.798
256.074
218.148
301.545
224.592
244.915
228.362
241.609
225.366
236.303
256.636
236.786
198.045
193.05
259.355
260.899
246.571
186.889
237.15
206.688
186.094
218.691
236.428
235.055
282.137
241.14
261.746
238.413
255.033
251.402
292.95
233.003
204.142
217.533
199.269
190.33
228.188
238.119
239.239
222.147
247.545
227.303
228.488
242.538
248.152
234.029
249.933
246.716
216.068
261.556
270.668
229.918
265.382
233.629
214.678
284.01
284.406
274.065
304.434
216.918
240.649
243.105
272.16
226.415
210.268
285.105
262.669
220.787
220.333
292.532
254.033
275.706
258.179
217.054
181.2
220.617
241.65
242.795
187.219
242.026
213.746
254.321
271.34
277.616
200.417
262.478
256.404
237.959
235.225
208.956
223.711
243.748
245.87
243.64
215.97
247.936
210.008
223.864
273.411
245.769
226.3
243.117
252.566
221.418
260.899
244.025
229.335
248.594
223.576
241.136
219.842
279.416
241.447
256.203
198.162
227.282
257.838
213.348
206.198
228.502
234.081
254.461
257.578
241.961
247.218
229.599
267.243
227.215
239.77
286.841
207.119
261.677
271.797
190.596
253.54
246.521
251.593
279.86
252.464
240.83
202.99
206.69
224.097
194.449
263.458
255.442
248.597
213.607
229.328
241.591
245.233
262.78
235.888
226.96
206.765
211.883
298.066
204.594
239.599
305.581
240.41
218.359
279.944
255.567
230.658
235.071
235.329
226.848
265.826
267.986
289.386
203.788
215.275
267.321
223.288
216.63
277.326
267.075
212.861
262.419
274.715
208.758
279.579
194.71
291.655
192.476
273.04
255.247
203.618
250.349
229.049
237.642
270.143
249.38
288.998
229.311
235.155
210.722
237.882
231.657
244.193
214.91
204.569
244.878
253.864
257.948
251.952
183.165
225.288
198.381
247.168
245.091
189.699
204.874
209.214
287.903
207.135
269.59
266.701
200.869
242.805
271.782
253.215
232.762
213.314
296.217
191.366
256.849
221.981
203.52
262.04
228.088
216.468
260.641
210.755
266.792
223.288
235.215
300.584
225.12
254.226
240.615
236.647
217.425
277.299
232.56
208.527
241.716
251.018
240.859
262.027
231.642
242.73
269.643
251.507
203.053
225.498
226.289
245.774
215.428
228.345
243.844
250.73
212.991
221.911
257.316
203.102
271.126
266.331
276.932
224.962
244.765
252.675
224.992
242.972
200.339
223.778
274.283
245.388
248.792
303.88
195.459
231.119
189.945
199.78
218.612
266.143
235.265
203.891
207.635
272.827
251.315
241.564
195.958
274.957
258.836
255.509
276.137
238.396
226.149
238.734
229.605
256.231
261.754
265.727
222.555
210.545
210.137
186.714
181.715
237.181
302.741
230.947
236.455
254.844
257.644
274.769
217.741
260.595
251.986
245.927
238.192
263.383
224.187
206.73
228.126
258.425
212.18
259.369
264.389
273.506
291.237
241.646
238.075
237.389
244.563
217.374
220.407
251.153
261.894
216.582
253.072
210.15
219.728
246.085
257.925
224.93
225.261
305.638
245.331
183.111
236.036
220.604
272.701
303.857
248.107
228.846
219.73
297.287
220.1
210.867
234.213
248.913
241.49
216.723
240.638
197.278
212.956
269.914
302.654
267.881
220.889
278.199
232.924
241.177
194.651
212.012
211.166
222.235
236.154
219.814
194.321
230.287
201.436
224.048
226.878
237.641
201.474
233.778
239.101
250.049
250.436
274.95
223.195
207.041
236.917
261.645
225.18
240.625
243.696
258.661
272.615
204.119
183.258
301.298
219.712
202.691
266.11
237.669
242.98
234.243
210.286
225.434
263.113
243.112
239.937
217.279
206.681
213.521
191.26
216.807
236.22
159.114
221.435
249.215
205.265
277.01
223.419
196.761
245.644
265.138
257.477
277.157
218.966
261.24
221.406
185.546
304.187
242.296
249.867
199.164
253.351
261.165
256.877
266.635
249.887
223.122
256.724
195.392
257.405
237.909
225.084
185.012
264.796
208.817
206.885
245.919
186.959
227.277
232.801
206.621
245.64
250.721
282.608
282.734
296.108
266.175
244.331
207.671
242.136
290.42
219.914
240.684
209.248
222.712
254.159
237.848
246.623
198.777
258.824
250.902
254.247
314.099
226.727
237.414
216.719
275.036
248.457
273.988
222.259
253.548
252.04
198.97
204.617
243.475
258.104
219.925
199.398
239.079
257.024
232.469
247.972
225.721
227.621
196.615
219.501
228.49
241.656
222.402
242.747
262.943
265.792
303.898
216.707
215.443
243.053
256.682
241.134
206.518
248.581
239.207
194.244
228.816
224.286
283.967
241.862
242.427
205.885
235.837
225.02
204.977
280.358
212.395
227.904
222.011
198.114
243.55
232.909
287.572
218.523
226.752
176.564
213.954
306.641
238.074
213.767
240.364
282.916
185.95
238.356
224.946
219.976
171.716
223.913
267.672
232.47
218.509
253.895
193.884
221.228
227.455
261.676
262.733
206.061
284.005
191.195
249.575
238.97
229.007
253.216
224.989
186.568
180.563
239.029
213.983
213.522
197.613
220.375
210.905
242.413
200.575
300.506
225.226
202.829
250.337
231.919
281.407
226.151
296.968
252.624
242.81
225.314
227.61
245.662
247.857
218.115
248.29
251.837
251.122
277.478
259.885
271.138
198.292
258.105
191.076
257.047
262.669
230.967
209.907
238.159
231.954
277.229
265.784
272.531
217.512
260.399
182.007
280.681
224.062
227.912
249.671
219.772
250.483
245.822
258.818
274.931
181.446
215.8
265.104
231.234
200.533
275.493
220.781
202.972
233.75
211.146
234.369
226.584
277.468
256.095
255.7
219.961
269.664
211.971
200.742
252.301
167.765
220.274
254.373
291.788
193.889
212.086
251.869
233.665
248.843
232.857
229.288
270.498
270.168
244.413
252.869
247.059
266.811
252.277
221.471
249.143
243.753
278.477
217.584
251.28
217.756
218.081
257.473
255.079
189.85
247.547
260.492
242.525
168.996
241.351
280.759
234.475
235.83
225.822
236.075
295.383
279.361
233.087
196.442
272.742
256.686
274.869
239.555
222.744
230.531
193.653
253.853
249.505
186.056
252.249
209.698
202.206
222.348
251.965
239.672
279.506
194.905
262.041
248.825
266.699
218.088
250.567
202.901
206.684
283.484
271.548
242.749
271.438
238.076
200.204
203.775
170.393
236.3
204.27
272.399
235.602
246.833
268.243
250.627
195.269
227.146
261.473
202.921
251.039
244.025
258.36
277.224
279.935
209.069
207.706
265.309
193.778
191.752
208.736
214.711
203.333
224.696
209.862
286.017
245.66
257.299
226.373
247.284
231.599
266.958
258.874
257.432
224.271
243.195
245.913
167.339
228.562
252.573
201.31
231.99
238.462
248.924
196.386
255.404
236.274
212.398
241.431
307.34
248.531
227.036
264.237
236.126
237.431
249.932
231.048
266.641
238.861
259.821
247.46
270.608
248.991
218.307
278.163
178.335
269.127
208.289
240.198
252.737
240.275
211.262
240.486
261.925
256.622
246.486
264.582
247.52
233.689
195.379
265.476
190.98
248.71
191.135
254.674
192.165
241.304
218.536
220.254
235.551
253.561
277.214
207.95
328.462
220.152
238.769
219.627
197.303
242.353
236.95
254.671
241.575
211.052
246.023
250.753
178.344
227.295
267.493
190.478
236.722
225.831
219.525
226.998
265.672
207.046
196.997
278.557
241.474
220.256
273.329
228.447
194.715
259.119
203.366
249.47
231.281
212.945
256.913
245.434
201.547
262.871
191.75
212.205
223.453
203.905
218.313
271.255
203.898
243.803
212.16
205.846
215.707
231.199
210.383
235.298
262.386
230.042
210.24
217.025
244.83
208.829
262.284
228.59
227.264
231.256
237.724
248.045
227.63
225.087
242.967
257.269
215.838
269.908
235.6
255.877
275.893
294.421
217.175
229.649
283.51
246.278
218.044
273.499
229.521
238.566
229.789
223.131
263.376
277.791
294.721
225.687
261.119
225.257
228.904
253.091
230.398
245.729
262.917
235.224
247.047
225.337
259.731
182.2
268.048
254.326
244.632
201.763
263.13
239.61
222.47
189.438
204.415
263.816
247.601
236.334
232.69
253.881
196.769
254.397
238.483
265.705
238.95
228.163
268.27
261.984
275.152
323.557
271.367
239.095
249.612
270.19
244.392
232.231
248.44
239.233
237.2
246.491
250.658
202.705
235.478
193.227
233.087
189.837
240.289
259.794
252.076
232.636
246.459
235.846
211.821
331.364
243.704
244.228
238.06
189.543
244.094
225.46
237.664
214.332
242.201
216.313
266.156
243.219
215.351
231.394
230.101
180.718
241.158
272.323
217.277
238.805
260.497
242.627
234.387
291.644
230.949
246.322
258.533
249.453
244.383
213.927
268.413
213.703
235.121
220.202
201.391
249.752
219.671
254.124
238.096
268.13
213.501
221.038
234.816
162.3
247.233
236.999
223.808
232.828
201.361
214.557
267.507
271.037
199.813
232.75
179.203
199.679
252.96
268.541
245.836
224.135
214.055
242.25
203.079
221.854
206.553
202.601
244.845
174.604
161.374
280.2
261.806
254.631
217.919
198.469
243.368
270.796
247.643
192.643
229.385
229.342
239.559
183.787
195.991
325.249
260.494
239.086
216.48
247.461
274.149
255.921
281.317
269.97
291.481
267.854
231.043
210.513
195.145
274.688
241.353
305.564
250.11
272.687
270.484
286.245
269.604
236.527
239.791
247.247
218.417
267.21
249.749
229.711
231.37
295.24
247.635
213.938
200.545
252.9
237.644
290.547
258.479
173.871
207.372
234.327
244.597
266.009
261.243
206.948
218.204
268.266
234.428
175.184
273.603
228.744
215.392
233.877
183.038
251.1
251.877
218.449
216.792
238.352
212.359
254.618
246.125
206.085
246.428
232.696
205.432
226.027
206.754
242.446
234.596
233.243
260.738
251.239
292.604
275.899
256.874
224.134
294.203
257.534
314.368
197.348
265.682
246.786
258.917
182.381
314.547
234.742
197.882
193.444
235.237
256.591
227.732
210.414
241.47
267.189
205.161
223.091
198.519
222.822
247.041
263.869
206.976
247.234
272.485
252.241
268.998
270.091
249.164
233.673
225.916
256.289
242.189
204.302
231.717
202.856
248.491
250.941
200.314
259.288
247.259
292.445
208.649
231.645
225.477
212.883
204.777
234.334
184.816
233.452
259.512
261.712
205.226
294.816
217.993
309.54
261.426
258.047
301.594
165.043
245.881
244.284
251.729
238.312
243.613
208.505
248.136
247.062
248.645
293.936
213.185
234.504
233.102
251.332
275.327
246.985
196.076
230.77
237.444
244.611
213.141
237.49
212.414
228.729
211.838
207.093
216.527
224.592
259.711
200.683
197.631
276.466
248.438
265.402
246.799
212.241
286.21
226.896
224.03
210.834
286.18
236.745
219.071
190.887
218.913
241.451
215.259
242.004
244.668
229.837
249.203
201.511
195.258
238.133
247.534
216.436
227.651
262.972
171.628
225.522
237.726
207.107
228.704
234.249
269.528
234.915
211.102
213.442
231.347
204.149
226.614
228.324
235.681
248.862
240.853
236.801
247.88
243.578
245.381
234.822
243.247
199.526
235.622
209.062
235.423
208.46
243.454
276.497
251.084
196.193
265.447
205.25
248.409
271.787
202.638
254.024
232.636
244.109
230.49
255.129
196.6
216.658
232.697
254.729
235.037
228.954
214.072
244.838
200.38
268.649
238.342
250.019
234.838
227.725
221.078
279.439
229.916
238.789
213.1
224.975
221.333
241.404
235.723
272.37
209.309
216.088
183.103
287.085
262.742
219.923
250.78
210.148
230.374
273.839
238.705
248.6
194.127
222.861
206.241
199.737
192.786
262.354
214.711
242.512
237.227
302.475
203.298
250.474
197.821
323.533
280.133
258.008
246.49
296.407
236.108
288.723
269.347
247.504
224.883
226.013
257.825
260.715
222.271
232.512
192.825
226.619
292.291
245.528
229.519
290.345
224.577
246.947
221.178
244.951
283.887
215.344
290.403
180.919
215.418
232.529
225.754
215.01
230.48
236.714
233.616
288.44
206.23
243.397
239.04
216.841
288.608
214.962
235.746
233.87
234.032
233.424
269.691
193.67
196.618
253.097
166.651
230.356
256.098
266.586
218.786
233.067
257.356
211.845
166.896
240.86
182.075
220.151
258.837
224.506
247.549
210.286
276.043
197.144
300.242
208.716
220.074
232.708
229.352
225.291
199.503
246.1
266.632
198.737
287.992
243.085
283.647
227.689
254.049
223.855
215.33
227.283
239.007
181.058
271.197
170.019
213.842
243.02
203.918
296.976
278.799
273.235
243.277
244.674
273.845
239.625
193.658
248.013
227.749
231.137
230.485
190.154
211.716
230.394
248.419
189.554
238.213
269.989
258.964
234.796
164.196
272.668
253.205
205.358
227.88
245.643
261.062
210.187
253.045
280.963
218.064
285.456
266.91
271.738
213.1
185.575
264.836
193.647
295.783
239.073
228.835
277.922
264.954
281.9
272.427
204.222
246.593
269.354
230.701
210.799
188.731
186.658
236.935
222.321
298.977
266.504
242.858
237.998
317.045
240.066
239.754
280.215
243.511
234.94
224.015
265.875
261.075
219.079
219.221
314.211
223.675
264.978
230.938
215.729
207.443
162.673
250.312
167.072
201.342
267.489
246.325
232.711
231.438
289.018
232.007
243.597
182.58
207.235
213.328
235.655
193.433
254.578
215.36
325.825
257.309
241.532
224.334
217.728
229.873
284.581
223.263
300.878
250.888
235.091
197.219
201.027
235.667
239.383
246.051
218.261
261.223
282.554
257.905
220.515
267.267
259.696
238.441
199.756
245.378
294.203
215.909
258.996
247.319
216.044
253.836
223.093
261.075
244.168
214.62
240.169
198.204
264.754
257.326
293.252
229.277
234.805
254.554
236.919
253.973
250.486
216.091
210.479
240.861
278.639
243.308
210.476
240.089
250.566
203.562
226.376
256.217
228.721
258.049
235.014
250.707
236.791
233.278
204.091
230.341
204.321
213.787
239.982
210.25
267.008
259.26
209.819
219.273
246.949
247.053
265.006
182.907
254.319
225.808
220.29
183.298
199.663
226.529
246.451
190.691
236.577
193.644
256.368
242.502
196.772
275.741
229.289
246.855
246.093
222.739
240.211
272.822
257.886
226.723
226.092
189.789
253.987
206.661
258.502
224.135
223.639
274.055
197.592
213
297.227
259.418
242.248
225.685
215.317
252.796
201.164
237.69
231.326
253.818
188.316
266.802
275.214
205.954
227.574
206.863
203.073
233.035
270.872
240.372
300.681
264.48
254.158
290.885
231.429
257.124
199.546
196.229
237.761
240.953
228.406
210.31
275.069
251.277
247.86
250.14
259.144
221.018
254.871
235.398
208.344
249.868
186.984
251.539
227.606
276.862
271.976
227.35
206.368
226.321
224.229
254.796
226.64
235.565
234.156
224.482
252.029
211.013
208.334
245.9
226.909
239.522
200.849
239.197
280.828
194.878
252.311
182.019
250.641
246.744
279.726
260.234
211.591
274.946
221.557
227.681
232.288
247.651
189.835
266.929
222.032
257.6
235.898
203.867
238.763
301.969
267.609
263.19
199.961
244.379
249.129
274.236
266.559
308.122
227.052
212.667
275.799
223.735
230.608
233.166
252.351
250.323
236.44
256.985
208.011
209.194
254.742
229.121
319.639
217.045
247.12
242.109
292.111
217.563
260.286
205.354
238.415
217.255
216.027
217.176
246.499
217.856
243.454
235.757
248.003
243.396
204.186
230.636
162.973
250.33
241.408
212.521
290.582
260.955
225.215
225.332
223.369
175.507
209.659
271.33
210.78
203.011
260.929
188.562
202.857
205.798
244.153
254.511
199.415
260.766
227.176
243.483
219.175
272.908
191.703
208.691
231.02
281.669
209.517
258.831
250.876
254.262
238.889
271.658
234.955
274.908
216.57
191.04
225.184
282.624
258.26
234.183
218.08
255.834
250.092
238.225
167.343
254.482
221.492
273.79
236.235
216.56
260.728
222.461
237.311
201.143
213.623
240.309
203.217
233.808
213.04
293.857
191.271
216.764
229.494
262.666
228.435
264.065
200.88
246.544
317.188
227.79
196.853
250.612
194.976
275.049
253.144
227.195
266.994
219.531
234.609
223.292
204.017
198.491
280.708
250.486
238.985
288.561
239.535
218.454
246.543
189.532
201.363
236.324
192.201
232.275
168.165
231.079
254.156
237.014
242.587
231.738
252.172
299.633
222.101
195.584
227.895
256.848
241.679
192.022
293.126
178.441
281.238
202.05
224.025
224.51
230.912
213.089
236.148
248.707
199.589
200.299
201.766
211.632
304.844
245.789
241.159
205.533
251.062
249.585
219.174
237.181
290.195
255.586
283.469
230.3
222.355
261.365
193.722
218.259
274.871
227.944
259.073
209.92
207.48
208.445
267.457
260.883
231.571
233.154
262.178
272.833
300.541
261.505
249.8
238.144
255.966
217.413
227.538
242.703
285.476
237.4
260.318
243.988
248.377
218.056
239.365
247.534
229.725
247.579
251.138
210.903
216.2
252.207
252.147
196.935
267.2
261.506
267.02
260.923
277.592
284.725
239.006
224.154
171.434
214.233
252.703
224.48
259.717
204.476
245.387
232.221
239.712
292.179
235.568
254.688
272.89
267.689
212.92
217.503
224.533
256.738
254.148
223.299
259.764
224.558
220.592
325.516
254.696
268.671
222.663
245.509
229.282
258.07
207.513
206.883
240.969
234.7
247.77
268.401
228.499
208.565
210.72
282.661
231.315
258.549
190.721
253.861
235.588
247.278
247.388
220.445
221.971
265.907
216.439
285.107
201.875
210.145
259.137
250.686
216.028
223.768
212.799
254.895
215.523
239.458
262.951
222.893
227.935
230.729
249.16
193.003
250.393
222.09
217.986
212.694
210.27
251.726
192.052
223.991
218.759
264.199
237.662
272.755
242.686
204.034
288.015
218.429
231.014
243.926
220.177
272.657
216.025
170.396
197.787
290.514
198.636
260.935
200.675
240.481
189.381
228.889
217.129
214.686
281.828
243.748
214.06
236.185
296.75
196.621
189.511
205.636
231.598
216.658
249.547
232.887
235.373
235.582
236.642
216.445
252.933
288.131
240.492
219.289
225.938
231.116
214.408
198.842
224.015
264.551
274.524
218.057
203.499
235.01
255.261
227.435
216.683
237.688
229.514
219.442
248.444
193.991
228.47
229.216
249.049
220.69
228.966
230.055
211.825
264.218
203.317
265.102
242.069
245
282.126
227.416
244.624
217.468
284.547
297.281
241.093
216.146
261.004
262.371
239.419
224.988
238.751
205.566
228.707
234.492
216.049
237.804
218.199
244.636
229.425
205.946
253.213
266.16
222.288
235.795
237.698
240.499
171.078
223.156
255.677
240.682
225.836
277.447
228.512
212.099
246.242
257.111
224.379
228.492
251.778
254.532
215.544
225.656
245.419
213.022
284.419
255.901
272.756
192.164
232.962
239.738
252.42
291.532
265.976
218.191
221.366
233.054
232.408
257.403
226.926
229.104
275.101
254.513
219.385
244.226
240.287
205.211
272.316
249.642
324.461
261.047
285.27
231.375
248.187
222.367
228.022
233.171
259.29
193.685
162.894
179.1
215.104
238.799
256.467
215.523
241.245
219.295
337.636
211.338
200.62
256.344
218.646
242.03
278.518
188.806
214.973
227.243
243.756
246.942
185.374
232.18
211.303
272.87
247.828
249.755
218.805
245.091
251.01
257.138
235.607
217.53
207.212
244.078
251.816
264.842
247.83
192.642
259.926
275.559
193.964
209.654
217.884
262.851
248.161
249.224
225.655
194.26
241.684
223.897
263.506
226.097
210.731
271.052
255.056
250.442
239.646
264.207
231.879
262.184
229.213
204.783
249.056
229.434
193.083
222.49
233.626
249.125
204.478
214.313
254.303
220.023
225.293
203.025
220.29
264.459
216.884
214.77
229.228
195.971
187.71
188.952
214.286
219.063
263.169
295.246
215.703
194.108
248.532
250.414
211.845
272.227
243.834
237.526
230.293
272.966
274.576
239.751
271.622
255.257
248.58
247.13
281.571
253.819
248.994
217.959
215.732
245.224
205.374
204.752
256.468
223.334
269.911
249.556
224.752
236.807
225.047
214.579
219.232
250.899
288.251
254.544
228.95
250.346
218.127
239.69
262.619
273.316
187.332
256.367
272.979
242.314
267.654
217.564
224.051
213.829
153.415
249.822
223.645
269.002
264.276
186.375
240.151
212.688
218.624
185.45
234.581
310.177
317.373
270.36
191.634
210.582
259.917
240.103
225.434
230.224
212.747
204.665
264.108
246.135
163.863
210.335
261.175
257.219
242.459
251.701
233.063
163.031
246.95
234.992
219.489
226.676
231.394
285.284
239.258
272.167
241.247
205.319
264.099
277.118
203.547
235.567
243.557
235.274
254.634
234.225
236.651
235.379
214.31
214.441
254.186
261.956
198.038
188.695
264.146
256.827
213.557
197.674
253.169
252.315
216.857
248.904
230.857
248.126
221.768
256.483
216.671
266.952
258.128
261.153
205.292
238.624
191.982
250.743
256.047
203.253
239.367
245.78
220.355
267.425
253.082
227.333
223.981
288.791
229.955
191.371
239.137
253.614
239.152
213.851
201.011
250.074
203.613
226.214
219.346
263.26
278.732
212.068
189.441
266.833
255.232
195.424
219.812
186.581
281.205
204.747
240.003
239.32
210.657
290.62
270.579
204.166
210.805
196.553
209.442
252.072
240.381
239.838
275.333
222.348
244.194
245.331
210.724
256.726
236.896
234.066
201.77
281.559
265.587
218.348
257.85
278.59
181.385
247.675
239.772
234.295
229.6
214.335
215.243
205.025
224.186
261.46
157.676
241.551
244.426
237.307
192.075
257.536
232.049
263.01
188.027
225.489
200.575
281.747
270.87
224.758
254.109
230.002
198.434
207.164
251.447
221.426
210.141
250.37
229.08
238.19
213.169
228.273
241.783
207.143
185.095
282.697
247.024
246.126
227.853
220.055
194.87
220.894
199.008
216.567
259.509
226.689
225.086
247.026
225.053
244.799
226.25
209.953
206.896
216.837
250.232
221.893
249.005
210.236
229.851
204.85
226.064
205.454
194.625
196.649
216.63
215.106
234.133
244.085
239.024
232.437
259.06
207.386
210.76
269.556
258.581
227.072
192.496
255.516
226.82
243.965
251.544
210.981
221.894
277.089
248.001
252.931
243.466
246.735
222.901
211.904
230.766
195.295
245.811
211.86
276.809
240.349
238.209
237.854
191.876
276.497
209.123
269.657
222.529
227.602
181.17
216.406
221.655
222.926
221.012
201.142
199.445
228.742
239.21
288.148
220.205
237.093
210.98
190.855
221.289
208.332
208.299
244.204
261.928
258.253
230.765
246.607
245.178
216.12
199.734
267.116
230.875
244.045
236.733
197.758
252.199
246.139
231.984
238.089
258.225
220.307
251.046
237.192
260.588
242.122
210.617
249.782
248.519
248.257
236.91
248.659
185.378
198.257
198.523
226.691
219.782
232.314
213.826
231.25
257.112
218.735
242.145
243.166
220.997
217.927
269.174
258.221
259.539
256.174
175.802
225.896
222.274
269.11
222.433
218.83
214.225
259.348
238.159
203.159
235.496
198.891
217.613
237.544
294.378
266.924
253.288
240.703
261.572
265.595
261.917
254.172
201.546
239.116
213.738
233.216
250.409
258.424
298.989
232.857
284.282
259.586
195.743
226.044
261.493
214.534
199.557
216.01
258.279
234.985
236.399
212.117
210.764
238.285
245.232
249.185
282.209
176.259
218.73
232.813
252.326
253.546
203.454
245.001
184.965
181.062
253.613
209.191
215.669
263.78
226.908
263.901
221.242
230.743
219.417
272.374
228.333
226.39
254.837
175.99
191.603
284.67
269.58
276.106
298.064
196.196
207.952
204.589
216.904
260.021
254.908
227.562
216.247
251.079
233.395
214.406
229.332
211.725
194.702
212.594
258.94
260.742
259.751
206.031
222.742
227.726
273.672
185.946
226.823
191.914
235.713
268.094
217.544
227.273
228.228
203.733
204.767
240.504
236.203
189.083
223.352
230.528
249.035
222.355
194.653
256.335
212.497
220.842
238.215
185.558
192.881
213.15
258.848
211.186
219.921
274.419
189.748
269.156
161.795
209.153
218.023
241.563
232.48
204.761
309.059
224.185
232.298
221.17
227.766
226.917
242.865
242.394
228.559
212.376
252.336
216.528
230.54
294.654
307.96
202.553
196.601
223.03
236.043
259.469
221.873
238.262
228.784
248.475
218.528
220.746
241.177
244.735
227.052
243.915
246.48
247.12
250.443
225.349
228.823
266.3
180.908
247.744
240.332
243.273
281.195
262.745
277.882
252.445
250.119
213.719
298.738
254.507
238.408
248.097
235
227.658
220.89
233.795
194.832
281.751
247.378
263.36
214.7
200.678
222.121
237.541
293.574
246.419
266.681
273.347
252.637
198.269
246.166
203.266
231.33
226.039
253.604
243.621
199.355
292.938
220.709
232.52
223.436
212.457
260.199
282.727
259.188
215.187
241.772
240.274
200.917
239.106
195.349
240.579
239.219
208.686
211.697
220.526
241.853
218.307
213.502
277.149
234.938
262.033
250.926
208.881
248.548
258.964
222.786
301.479
230.072
206.471
281.615
229.05
251.803
261.44
239.038
241.403
309.27
206.358
213.229
241.93
233.76
246.091
276.968
220.728
246.491
278.465
244.824
236.35
200.763
183.41
254.799
302.423
244.592
230.653
251.866
260.562
195.157
201.898
254.313
271.025
221.92
192.608
201.557
229.869
258.325
206.08
225.019
255.55
216.634
238.949
292.766
323.989
209.567
245.51
229.524
260.276
237.399
225.772
256.45
230.158
236.698
249.792
243.133
240.768
263.621
201.379
283.64
203.249
235.225
202.384
294.916
268.249
230.032
226.606
253.997
245.16
227.975
239.553
245.721
226.516
239.053
246.914
267.101
210.142
200.956
259.477
256.202
220.918
189.213
228.864
219.645
223.993
215.384
244.436
199.063
226.795
230.454
260.039
219.559
244.009
217.551
267.423
260.885
211.28
250.933
255.57
236.97
210.427
224.046
188.477
239.501
203.834
222.172
280.989
192.763
209.831
304.01
232.542
247.599
233.262
201.353
207.571
240.214
233.631
229.031
232.849
272.885
221.452
194.432
192.134
246.034
196.096
287.122
224.493
249.095
271.811
227.342
236.19
212.889
220.28
247.211
259.425
263.258
239.658
263.535
263.595
198.524
248.649
281.28
210.951
213.49
229.859
220.839
293.427
248.026
210.018
237.818
262.421
238.466
227.387
226.846
280.259
179.676
195.585
251.205
256.557
222.749
185.813
243.036
228.994
243.986
248.923
237.709
237.289
241.309
187.011
260.968
244.866
233.05
233.222
273.249
251.29
229.635
264.084
244.659
252.442
269.275
252.747
229.725
211.603
265.392
271.146
233.209
224.632
193.545
230.701
251.09
222.086
258.11
205.937
237.884
212.664
261.826
241.961
246.319
225.812
254.264
297.965
196.115
230.207
212.197
234.521
238.391
225.958
259.132
232.28
218.039
256.476
200.498
231.502
250.042
266.803
214.505
194.188
214.297
227.032
263.824
235.598
238.03
224.419
259.032
199.552
214.676
249.685
211.747
192.347
246.81
289.506
228.335
181.672
224.595
243.238
235.084
229.342
257.57
241.71
267.854
174.796
233.077
235.086
273.458
205.634
235.134
239.356
243.984
263.671
225.423
259.993
232.007
283.072
194.482
233.348
279.522
247.686
226.507
254.603
265.1
241.069
223.873
243.446
228.232
248.431
291.873
254.524
265.618
243.582
190.85
286.617
264.249
243.535
247.527
225.9
231.178
251.007
275.759
271.916
224.259
202.759
204.435
233.347
281.239
256.151
216.408
275.613
194.099
180.674
286.237
194.007
252.21
200.769
205.004
248.971
251.68
240.206
266.412
259.746
242.94
263.261
199.167
241.475
222.213
207.067
254.901
219.858
271.223
237.769
235.874
233.255
200.997
222.133
211.328
204.244
204.683
207.783
226.378
241.656
238.834
223.652
218.322
195.665
285.56
237.921
247.109
218.668
214.645
203.546
230.142
197.928
225.023
202.695
214.994
219.025
261.54
228.374
231.516
295.783
256.658
275.697
252.018
168.307
228.977
214.81
238.461
258.919
236.063
269.881
194.876
276.831
236.131
217.549
208.478
249.133
235.379
215.927
294.491
212.633
267.111
211.316
251.15
259.966
246.512
212.201
228.168
221.53
212.707
193.571
247.976
264.891
267.361
220.315
220.866
200.044
252.155
277.709
224.252
286.702
231.505
219.632
253.305
269.369
295.251
221.185
211.064
219.248
259.104
283.615
254.785
256.533
215.411
248.209
247.279
225.431
220.285
255.365
239.429
230.476
249.654
199.192
213.485
286.971
281.911
314.75
272.889
217.291
176.156
219.181
266.255
255.548
235.747
256.039
173.756
255.828
258.091
250.409
305.053
220.747
266.732
194.336
224.541
257.821
217.621
209.733
242.117
233.054
221.165
247.057
276.762
206.314
211.169
251.854
267.967
227.54
209.941
249.461
209.266
285.37
281.368
249.804
233.332
225.754
237.566
273.178
233.893
228.273
249.419
251.28
161.293
248.88
263.058
246.891
228.338
234.602
218.721
230.333
170.159
250.816
241.426
256.047
205.107
282.351
265.875
226.724
252.127
218.614
198.062
189.269
235.327
254.257
250.043
204.834
257.131
252.446
193.696
175.714
194.94
249.595
190.979
291.338
274.877
174.318
229.423
209.714
279.577
254.662
218.347
242.99
239.025
204.824
254.39
251.82
214.36
246.554
238.4
234.354
251.706
233.214
261.908
269.839
196.359
309.539
241.374
298.71
228.827
222.219
251.798
275.324
213.408
288.856
337.306
204.836
248.015
302.301
268.834
229.937
267.509
235.385
244.301
236.453
255.838
170.205
218.71
237.141
313.269
230.367
209.964
239.411
228.177
187.935
223.205
195.912
238.065
299.698
302.411
209.424
266.803
211.821
236.559
208.218
241.004
205.859
239.341
225.745
163.562
236.281
214.594
215.603
248.048
276.904
256.541
192.601
272.331
243.4
207.85
230.936
259.75
257.846
239.949
268.22
251.953
244.94
251.44
158.202
263.56
200.471
203.953
191.574
227.699
218.524
221.96
213.111
279.664
228.137
217.792
216.036
245.677
185.128
276.599
252.582
225.528
189.515
171.862
187.223
287.914
223.224
231.325
201.091
295.569
235.435
301.27
204.626
271.992
257.069
250.227
260.361
214.019
256.794
210.697
262.56
271.952
294.309
228.137
230.016
218.418
278.551
262.363
225.348
248.92
230.549
259.243
211.687
252.36
272.667
232.432
242.075
247.553
275.136
179.69
201.841
276.421
216.41
225.549
251.961
188.028
250.477
251.278
219.954
257.661
213.57
229.934
255.137
225.496
203.965
251.64
237.812
196.745
256.324
197.888
239.954
248.927
216.198
221.699
249.172
276.54
233.81
272.543
232.032
212.959
248.771
201.312
223.849
245.342
242.312
239.035
237.043
243.006
240.548
241.513
184.773
282.653
231.815
272.234
225.414
218.075
256.63
286.483
232.379
201.176
257.596
220.032
193.021
201.832
237.44
210.212
278.329
266.318
181.194
246.505
271.422
288.802
238.567
235.137
257.945
264.202
247.181
273.003
211.89
253.381
190.741
207.219
186.44
214.395
222.471
271.439
215.879
238.633
329.519
214.911
248.688
252.119
255.225
218.908
223.749
210.794
212.154
180.932
283.211
277.504
266.644
265.851
238.695
184.447
234.853
225.964
274.644
183.165
282.042
215.255
244.978
213.573
268.297
223.427
268.049
245.918
230.87
234.938
254.375
231.923
268.729
202.759
265.885
241.161
218.459
273.073
243.24
264.47
225.58
230.026
178.892
228.328
216.88
268.965
233.363
223.548
223.106
229.878
247.696
221.463
275.718
274.63
237.517
205.35
191.96
288.171
261.536
278.685
217.298
247.76
276.791
282.882
257.95
229.8
260.894
240.762
262.215
257.751
226.656
224.438
253.23
234.109
235.378
228.961
252.606
212.463
223.38
239.784
240.133
279.196
190.437
247.614
234.483
238.308
256.276
269.711
288.491
252.935
204.196
269.574
245.397
209.533
205.124
217.373
287.863
222.83
245.425
232.576
237.272
250.426
171.487
252.557
217.262
236.897
281.146
282.756
260.495
255.52
246.993
231.59
207.754
275.424
256.572
264.414
223.993
248.137
196.909
253.507
264.106
229.579
224.239
209.591
272.887
236.677
301.714
287.678
224.791
270.095
265.357
192.81
253.583
212.244
194.85
257.077
217.951
234.662
242.231
219.132
186.619
243.462
239.433
194.001
242.669
323.586
233.399
267.068
238.063
205.209
232.954
236.237
255.249
208.884
178.828
269.431
286.184
188.161
257.737
218.599
253.095
240.481
196.818
185.292
244.882
203.637
221.704
200.943
186.143
245.727
213.762
210.488
224.348
194.083
257.287
259.501
232.946
237.646
237.187
221.308
274.161
235.274
257.931
246.132
281.939
226.435
187.783
222.867
185.336
193.639
186.305
252.227
218.563
240.179
213.837
239.343
224.58
270.767
206.113
260.67
266.284
252.093
221.318
269.242
264.83
248.94
231.108
235.768
240.412
266.122
249.853
215.724
221.812
246.832
229.688
234.711
217.702
238.457
239.149
235.142
239.164
175.522
265.834
227.264
242.4
224.288
263.792
167.502
214.848
233.056
231.156
264.581
250.678
233.004
208.486
226.717
235.392
251.394
249.124
200.756
282.529
251.323
193.167
261.3
235.008
216.57
223.94
212.917
280.36
245.525
171.972
240.593
215.941
219.894
218.223
242.087
209.096
226.68
258.296
256.242
262.469
252.778
226.06
252.736
180.626
205.425
186.824
239.709
222.381
252.637
210.252
262.551
231.89
291.946
275.941
246.296
209.194
235.611
204.332
293.049
214.557
238.21
236.29
242.245
252.594
265.01
220.43
202.484
242.026
268.134
250.792
259.586
213.484
257.282
291.321
219.522
248.892
235.5
252.182
289.72
221.142
193.585
253.311
273.282
241.292
221.575
235.783
234.651
249.782
215.862
269.136
236.781
230.564
282.775
250.821
210.547
260.424
253.19
240.594
237.648
232.057
231.827
238.478
237.259
228.276
225.814
225.237
199.782
236.396
269.659
247.827
252.288
260.287
248.065
254.893
214.642
241.052
166.698
247.346
257.45
217.989
201.743
257.084
219.242
250.47
270.599
196.402
258.501
191.164
193.041
221.665
234.422
235.803
217.179
268.09
213.505
295.534
263.392
237.663
227.721
247.84
273.636
252.95
206.909
264.331
208.707
252.083
266.069
200.866
236.218
222.889
284.186
248.668
210.346
251.072
208.222
225.224
228.914
275.41
208.336
211.854
256.34
249.026
249.945
291.98
223.825
277.635
226.22
230.315
234.575
241.281
274.516
230.517
252.602
227.901
216.055
210
231.144
239.14
222.808
252.256
216.44
208.021
260.877
244.156
234.333
215.241
196.994
277.665
195.519
294.554
276.024
268.006
238.725
215.642
299.785
244.801
237.46
242.053
233.99
186.718
253.205
244.954
271.141
238.744
271.267
205.639
229.855
223.124
259.528
198.639
240.208
206.077
225.74
226.292
227.823
232.51
256.955
257.63
230.082
217.609
285.004
294.411
259.16
262.854
279.47
231.639
242.557
223.265
291.248
180.949
236.754
212.617
261.079
175.151
198.699
197.492
224.985
238.269
208.056
182.808
218.664
260.611
264.882
255.762
228.707
243.056
228.112
193.05
218.413
248.475
238.013
238.229
187.516
233.621
233.747
230.393
205.515
248.895
212.256
227.916
221.606
224.252
230.188
220.714
232.453
269.775
207.943
228.891
244.406
248.008
260.77
205.242
211.378
205.424
259.129
236.475
234.769
240.095
211.76
215.417
181.789
285.529
232.189
231.064
246.182
249.522
212.27
239.822
273.883
192.851
210.147
271.857
233.515
175.615
223.615
235.298
253.862
185.452
203.151
260.094
218.345
244.646
242.97
268.848
248.36
274.239
219.154
255.08
238.345
188.527
225.377
209.555
253.136
221.219
245.477
217.915
198.195
198.17
219.489
261.858
271.403
248.431
216.62
228.508
223.799
293.487
225.351
213.211
215.355
250.231
264.791
262.47
279.117
233.845
188.604
208.41
258.604
249.24
211.348
256.163
251.286
238.337
216.109
243.867
249.458
269.58
293.097
267.826
273.803
228.748
251.961
255.061
260.232
230.52
283.499
240.6
286.837
259.359
223.859
196.251
263.1
243.339
269.765
250.779
226.384
205.768
206.115
215.373
268.572
228.947
205.901
237.662
253.123
212.325
296.754
209.642
268.306
223.806
268.56
242.345
187.519
185.21
242.577
259.371
216.688
243.622
246.135
263.167
257.446
216.199
210.264
249.143
233.449
272.704
263.047
258.615
221.844
238.12
215.942
243.21
209.904
192.17
247.812
263.995
215.498
228.236
235.711
209.052
293.451
263.451
233.503
274.502
240.185
236.248
220.763
219.606
238.1
213.078
223.044
228.906
231.004
257.629
237.865
202.295
248.294
209.08
214.954
194.186
217.18
285.706
260.852
274.952
194.382
228.446
228.556
267.761
236.801
215.579
244.83
222.588
230.795
224.068
251.155
230.978
251.217
260.552
234.602
269.302
198.844
258.51
219.869
255.63
296.302
200.877
222.947
232.868
178.333
223.543
226.777
228.828
230.371
252.401
234.265
245.817
236.701
258.502
245.854
304.291
233.961
202.377
230.28
213.706
186.056
272.536
210.437
264.461
222.801
280.299
200.279
281.872
199.814
202.964
244.435
221.828
244.103
202.767
282.218
239.398
228.614
200.959
279.554
222.698
273.401
220.766
251.912
229.019
275.172
258.889
219.006
254.722
226.556
250.864
198.711
242.938
243.47
259.183
249.384
198.743
247.299
258.679
248.782
220.281
244.37
239.366
208.584
270.628
308.364
315.682
241.1
300.246
238.764
270.25
263.626
235.826
229.481
265.687
200.352
238.914
209.686
255.904
219.282
249.835
232.489
234.101
276.079
242.159
239.986
263.695
278.372
260.704
216.2
200.539
273.039
215.16
257.333
283.445
238.577
241.858
228.358
286.698
218.442
227.036
239.49
282.015
238.71
227.363
229.56
222.228
226.831
270.01
209.1
231.525
264.81
247.696
273.429
290.16
221.119
255.361
251.404
272.314
234.066
257.668
231.489
243.131
239.143
221.118
257.231
202.921
163.666
301.43
238.047
194.001
280.366
242.955
234.006
246.744
246.324
193.825
218.021
231.695
202.298
265.485
221.112
218.087
314.896
296.942
226.914
294.317
269.62
234.128
239.63
280.559
237.737
224.975
241.74
259.293
225.679
301.169
204.03
216.221
235.834
228.279
227.822
268.294
215.119
188.915
276.701
218.989
197.81
239.796
261.343
215.095
258.558
221.4
189.239
234.095
212.631
230.944
246.456
253.635
255.397
213.732
236.154
267.534
298.793
251.011
274.253
271.078
232.289
217.504
176.463
242.433
217.575
196.594
249.091
203.365
247.473
263.379
294.925
264.414
274.908
225.315
256.506
224.304
222.344
207.372
292.746
245.882
273.137
251.078
199.624
272.105
277.297
199.132
269.224
235.079
216.708
287.497
229.393
224.321
230.904
199.889
184.38
194.957
251.668
233.52
204.198
246.313
218.714
234.258
270.605
229.209
206.476
203.868
262.985
215.024
229.487
209.983
288.899
216.948
215.994
288.524
260.779
235.582
246.222
213.157
256.741
195.206
228.879
230.487
259.28
252.628
288.625
218.795
259.383
199.126
221.096
228.21
229.886
194.002
214.858
206.412
259.172
246.46
267.134
268.97
232.507
238.827
217.281
222.791
210.64
230.479
232.432
188.106
250.247
200.235
242.539
205.166
236.603
263.254
237.813
222.52
214.417
277.043
230.813
216.325
246.843
206.615
279.5
259.766
239.866
247.768
214.48
216.117
246.259
196.588
255.361
240
212.816
201.341
243.895
251.421
224.274
277.752
226.305
222.635
246.589
225.672
273.165
271.575
204.198
213.65
214.628
201.665
227.583
265.267
247.377
226.796
243.192
199.964
242.458
237.997
212.782
285.908
204.844
269.916
222.721
176.837
278.869
207.89
277.461
231.396
199.887
265.685
241.48
213.262
264.432
229.433
271.742
237.593
252.658
209.598
197.921
249.534
253.994
240.857
232.936
246.376
274.063
227.161
220.999
263.844
212.011
224.118
236.348
233.657
253.099
264.523
226.476
204.933
241.226
232.541
221.632
214.535
229.74
252.898
220.112
242.797
277.912
235.648
236.643
227.314
162.754
229.41
280.678
288.275
253.074
222.905
309.665
217.295
230.072
190.99
267.586
253.957
277.158
241.834
241.871
186.848
278.385
224.797
240.533
232.823
224.947
268.004
194.407
224.839
170.765
251.198
219.613
248.67
253.864
229.843
209.649
231.001
233.814
254.246
207.592
266.823
222.746
216.16
219.008
164.686
233.606
236.785
238.786
226.417
266.332
211.871
217.757
229.928
255.793
201.179
233.519
213.669
250.724
243.354
230.167
212.49
223.064
268.876
239.402
286.778
220.357
218.751
250.034
244.558
205.236
280.208
260.727
282.307
204.557
232.005
218.97
221.455
270.985
296.858
244.836
220.573
264.612
207.184
233.765
226.129
239.162
299.119
204.965
240.738
231.256
246.518
240.408
236.089
230.747
262.237
237.07
273.633
250.289
216.873
204.202
176.856
218.497
225.403
260.405
232.225
228.029
246.628
235.057
255.212
316.758
219.442
232.161
181.259
307.568
212.648
177.421
192.241
272.284
228.238
207.383
222.951
261.2
237.593
200.503
232.889
248.833
260.934
244.331
206.282
219.855
241.817
254.548
253.555
239.45
272.625
218.578
253.912
235.647
300.851
217.779
260.851
253.361
227.701
249.249
279.299
202.779
256.095
238.469
230.107
239.777
186.08
255.072
250.475
191.356
272.224
255.635
222.793
229.052
209.495
262.908
185.423
265.695
305.173
242.18
232.833
274.311
232.272
268.279
261.249
221.389
198.347
215.357
227.113
225.798
258.623
228.721
215.949
236.677
185.981
251.231
277.901
202.361
233.754
288.69
233.719
239.967
202.057
213.824
223.304
263.752
242.514
254.638
260.74
219.155
262.96
225.484
237.01
208.029
233.228
188.654
244.679
265.182
225.613
317.839
242.779
260.858
220.445
264.307
230.465
212.7
220.234
254.476
237.037
233.34
263.537
264.082
221.375
212.235
248.416
192.268
223.877
202.567
237.395
183.087
241.796
227.559
215.848
198.152
262.449
201.201
240.819
262.91
277.458
217.161
217.379
229.576
259.765
268.372
213.011
221.49
210.579
240.207
242.38
213.121
224.088
192.726
229.137
247.825
227.037
259.705
189.435
203.65
309.855
190.35
217.539
194.179
283.776
264.622
236.866
209.325
288.986
224.853
222.611
224.574
275.337
215.487
255.832
229.908
276.009
190.038
292.496
235.435
210.796
227.297
200.082
201.644
213.712
214.79
261.788
240.805
231.323
212.704
217.202
214.602
236.052
248.461
235.298
261.667
286.35
217.433
263.93
260.935
231.169
244.451
260.141
226.633
196.844
210.545
207.96
292.817
265.397
242.286
210.35
212.591
197.412
284.802
254.851
203.211
207.271
250.413
220.948
226.41
240.609
294.638
276.777
251.034
251.237
208.442
232.156
301.76
279.154
248.784
288.945
278.99
220.143
226.955
189.036
232.965
263.701
239.87
247.402
265.312
285.618
265.663
209.193
239.314
212.792
264.894
263.817
209.592
173.417
234.093
210.177
229.058
244.644
237.438
219.907
244.765
216.485
261.815
270.723
215.208
238.773
219.611
218.225
202.315
201.133
254.891
253.757
270.298
215.389
247.317
254.678
211.693
242.697
269.831
257.614
214.727
210.886
213.22
196.717
231.302
227.699
244.305
243.426
210.775
214.105
256.253
269.705
220.015
217.502
233.637
214.049
244.035
196.964
265.871
277.691
238.2
238.932
250.161
242.754
231.22
252.854
295.248
282.326
262.126
217.93
255.517
299.238
234.819
221.896
178.731
256.167
215.187
230.22
240.631
220.325
231.738
213.503
254.767
265.25
197.797
226.697
186.915
249.316
211.03
254.25
216.75
226.556
252.088
277.906
245.67
270.312
175.276
214.03
265.349
237.117
237.409
203.219
215.86
199.69
224.332
205.299
246.588
218.312
238.599
238.239
244.78
207.206
233.869
255.506
252.5
180.11
236.661
256.837
234.843
237.269
255.113
215.768
278.138
227.254
223.13
240.842
258.218
257.411
208.985
220.524
253.125
222.22
275.749
235.14
210.914
222.72
207.439
227.195
253.742
238.869
269.382
231.62
191.893
189.64
208.273
200.771
211.664
231.799
307.2
313.742
199.906
220.098
233.167
239.67
234.23
232.136
234.586
245.858
238.498
259.064
208.469
248
243.683
180.122
278.489
205.807
248.521
177.343
229.073
226.841
230.631
207.986
238.283
181.468
243.095
223.467
240.214
319.794
213.483
264.231
255.812
209.732
236.124
234.027
271.471
225.9
226.533
255.246
191.095
233.204
286.232
227.442
218.119
192.684
197.696
260.577
174.803
199.442
223.002
217.189
211.234
240.875
282.723
232.07
240.605
239.64
238.502
231.232
296.715
233.586
233.377
220.224
220.702
225.412
231.053
263.046
270.316
227.542
238.459
202.065
190.302
280.033
260.94
237.094
279.24
203.446
232.897
238.466
277.447
227.837
209.603
255.93
260.396
222.999
263.277
196.823
186.792
248.446
217.97
267.128
235.359
273.913
252.777
202.754
250.036
230.33
214.196
208.952
226.318
272.952
249.322
208.778
270.954
253.298
209.739
236.152
222.545
204.624
294.097
242.851
224.066
199.437
252.599
224.584
261.554
216.383
233.039
193.542
202.824
189.181
233.033
234.036
249.961
240.167
216.67
253.815
232.376
246.164
218.8
277.247
206.594
231.189
219.574
228.41
285.453
269.056
278.584
298.089
190.212
238.317
191.15
242.17
293.273
250.76
238.998
246.686
295.461
313.311
224.642
233.727
226.212
241.119
267.472
208.834
223.432
219.556
229.108
259.771
206.111
195.749
245.367
266.166
257.796
267.192
242.892
229.811
199.967
223.973
242.358
233.209
232.297
254.587
218.649
271.184
219.162
273.35
231.673
240.785
265.667
197.846
205.623
240.521
277.327
254.771
201.953
179.548
235.153
287.324
301.052
181.522
239.724
185.996
227.15
220.442
286.362
228.184
237.692
242.735
248.16
240.453
201.01
234.119
254.439
245.609
189.529
232.638
187.416
192.358
177.157
229.772
199.669
222.696
241.262
269.098
239.399
220.349
242.265
217.703
218.972
225.709
220.55
196.258
225.293
247.103
263.851
275.404
254.369
186.976
184.277
207.122
238.89
254.488
252.506
194.085
243.649
253.501
266.473
241.658
245.019
211.604
221.005
256.851
218.722
197.823
218.694
235.882
247.981
198.04
217.316
249.19
200.674
240.347
184.191
177.86
243.317
266.254
293.114
188.623
264.804
270.385
242.453
249.566
232.623
213.664
237.212
204.031
282.613
268.587
215.805
206.531
219.323
254.039
227.354
237.935
248.401
251.519
212.622
231.526
223.033
214.972
254.824
228.05
235.367
212.504
207.293
215.855
247.588
249.152
200.4
253.35
269.694
263.568
281.608
289.084
197.783
198.534
251.386
245.869
292.957
253.935
214.085
253.887
231.84
199.527
240.512
250.54
225.132
236.301
208.001
292.278
267.022
260.986
193.548
221.162
219.174
215.026
252.331
253.037
250.813
207.362
229.469
204.628
253.946
255.435
276.671
217.081
243.78
224.715
202.47
244.382
218.577
289.463
256.316
207.502
263.859
189.09
284.833
298.504
278.606
257.381
268.156
232.21
204.565
222.411
214.279
225.105
238.854
198.704
216.284
231.308
241.15
278.545
222.321
206.843
235.335
227.172
228.065
237.388
238.516
259.16
235.06
281.536
246.298
248.506
212.467
243.153
260.769
180.515
188.639
247.373
226.188
195.519
244.798
261.972
204.577
197.054
239.621
250.092
246.593
239.48
217.205
228.81
212.277
229.381
174.379
223.201
251.726
250.34
250.5
255.483
251.632
277.884
240.198
201.369
294.864
215.848
234.354
251.836
209.184
249.076
228.005
206.932
240.245
245.214
219.224
252.822
224.185
235.546
216.037
232.384
233.446
209.235
254.096
240.639
253.452
246.327
246.877
250.711
224.422
274.146
228.278
220.744
250.478
286.623
235.374
206.921
264.475
223.305
196.288
212.602
221.105
280.534
229.943
199.585
234.516
239.785
279.057
244.806
235.658
195.788
231.095
218.622
203.584
240.517
287.747
217.816
286.989
198.285
202.318
244.033
239.487
224.988
254.572
261.954
240.079
273.484
201.682
192.761
258.817
242.709
259.349
251.413
255.88
283.682
226.137
216.817
211.7
241.743
216.141
245.841
243.949
241.691
237.057
243.633
241.334
194.599
272.494
250.69
228.246
202.966
233.234
231.341
238.534
294.236
278.342
256.535
232.417
189.225
255.215
295.528
231.531
251.228
248.057
217.153
234.47
272.509
262.329
200.143
189.589
273.719
217.738
253.988
212.16
264.589
190.224
252.397
285.002
192.325
232.666
260.284
211.332
252.174
243.027
267.86
245.517
215.28
231.983
219.073
260.077
279.258
257.591
226.17
206.222
230.627
241.276
214.811
259.48
271.451
269.988
216.849
237.766
199.58
239.251
255.9
198.675
219.036
234.914
247.166
270.905
232.846
252.485
197.586
235.949
208.548
228.671
248.153
189.573
226.238
216.775
258.432
224.119
242.643
200.068
230.242
213.351
221.492
196.676
221.987
190.103
239.739
245.758
197.869
267.695
214.625
225.619
254.523
286.538
198.788
215.859
235.375
223.217
244.77
237.478
223.875
280.599
238.298
249.741
230.521
230.309
228.737
215.377
247.45
190.607
317.046
270.236
208.771
193.861
245.154
226.591
227.203
232.095
237.371
214.883
277.069
263.536
249.555
266.981
226.215
203.112
238.113
256.59
234.293
239.979
240.017
239.276
243.305
248.579
263.916
251.75
237.392
229.997
231.246
176.663
224.896
278.027
306.193
231.583
269.714
190.507
230.725
264.03
241.817
298.75
204.317
299.286
227.839
211.282
199.783
237.228
249.438
214.434
242.647
230.311
305.289
258.362
262.155
193.562
169.231
244.84
222.42
242.701
207.867
243.874
204.043
198.451
233.578
247.737
219.916
210.734
241.002
273.026
248.802
156.653
249.664
288.434
208.209
213.227
255.29
206.555
259.524
255.545
236.826
275.828
243.806
225.822
203.813
190.247
206.09
261.52
218.236
298.44
252.406
201.615
284.363
228.055
213.981
294.558
241.927
206.98
258.1
183.47
274.763
232.056
248.582
240.606
236.299
189.989
254.277
298.938
273.503
173.846
247.165
209.166
281.369
233.526
256.263
257.48
292.925
244.356
204.583
264.048
231.496
291.798
241.011
211.144
235.01
243.281
172.362
229.534
208.022
204.971
218.225
238.086
185.511
231.893
271.935
209.083
265.001
265.844
249.442
259.06
238.07
238.594
225.969
278.247
251.836
229.615
224.009
207.459
220.724
224.573
204.304
217.758
234.703
238.109
293.707
246.378
254.95
231.884
248.268
258.093
218.329
259.64
192.852
228.456
226.251
221.918
274.666
202.085
313.289
312.505
206.171
217.952
182.529
215.393
164.055
201.154
217.446
226.562
226.887
239.251
227.089
215.337
253.303
254.219
227.171
224.422
238.927
193.56
241.959
229.771
192.831
233.297
177.389
242.464
245.957
210.905
228.294
237.601
260.131
239.856
227.046
261.208
225.878
204.737
232.409
232.119
245.86
217.787
220.808
213.198
247.015
234.318
207.069
242.999
228.572
291.787
220.448
213.105
264.882
222.52
219.899
231.68
240.131
193.965
274.633
194.862
207.689
181.949
245.386
233.871
262.02
284.507
205.109
194.788
201.23
271.17
213.26
232.999
237.129
212.846
247.579
234.668
207.642
247.732
301.751
250.754
260.305
234.855
187.285
241.051
217.327
279.709
277.583
252.251
278.55
190.478
233.214
218.108
205.714
204.483
231.422
231.344
222.997
219.389
262.223
218.691
260.455
274.479
272.11
273.678
268.997
216.63
217.946
209.088
210.249
205.141
198.212
222.246
268.203
271.886
219.56
312.546
212.689
224.132
265.653
250.425
231.877
259.372
233.009
219.205
229.017
218.757
218.565
212.87
257.265
247.897
275.94
220.029
226.487
244.269
230.84
222.823
260.32
243.873
277.709
289.941
218.59
209.781
249.28
278.527
258.421
202.983
184.905
269.406
278.322
250.315
227.159
256.329
257.726
237.714
218.106
294.137
253.11
228.81
244.724
247.536
249.891
212.343
249.589
207.088
244.455
234.973
227.463
230.426
227.806
209.813
266.928
229.98
242.517
272.758
261.194
233.508
216.902
199.057
214.166
273.347
270.163
232.109
227.484
217.09
196.502
287.162
214.532
247.501
260.005
246.176
273.697
187.605
237.974
241.34
236.676
209.592
220.341
236.28
261.35
242.682
203.601
236.464
295.014
230.938
282.671
230.705
258.238
227.376
227.031
296.18
228.317
286.044
224.015
241.231
268.076
245.816
261.881
243.793
217.059
223.119
262.105
241.772
256.839
208.49
212.986
311.379
249.457
189.531
270.336
224.851
233.304
256.474
242.851
217.894
248.708
202.532
258.02
220.321
199.327
227.272
229.393
218.789
252.745
224.679
265.952
214.061
241.754
213.835
271.028
252.054
274.235
241.8
285.117
215.015
211.076
212.202
250.451
246.777
226.109
240.702
244.944
288.934
200.505
238.003
212.522
252.455
253.853
260.046
253.454
231.564
235.56
229.723
303.895
241.342
189.282
227.256
235.486
248.013
215.957
255.211
200.11
206.747
188.023
251.694
232.69
213.003
206.915
220.226
210.786
285.295
215.829
260.959
258.262
266.893
208.47
273.547
267.843
197.594
241.101
213.52
209.678
209.646
215.47
194.181
286.341
283.404
273.033
241.553
227.969
289.744
227.199
252.648
226.863
248.977
209.974
269.634
200.325
234.866
255.281
250.576
272.703
222.39
242.014
245.058
270.803
260.618
239.487
213.982
251.416
238.32
268.471
271.844
238.986
221.924
218.243
242.939
240.953
329.968
276.474
265.388
290.261
232.94
233.66
226.897
280.644
225.25
198.452
168.399
226.598
231.86
267.197
227.867
221.076
232.597
221.203
247.938
181.745
246.625
261.17
244.588
238.872
222.126
233.475
210.754
226.152
183.89
226.387
237.149
261.005
249.228
222.696
282.27
264.377
230.432
246.271
186.737
255.127
203.364
204.435
206.075
241.778
243.764
278.627
242.53
227.14
204.683
319.407
235.918
265.85
220.449
280.141
242.447
189.433
219.484
276.229
212.41
236.17
202.171
232.202
273.164
251.59
319.599
259.399
218.066
272.454
258.519
205.974
224.89
269.558
222.89
243.067
230.11
234.262
217.961
199.681
233.251
259.488
219.309
248.687
245
224.015
207.226
234.064
215.032
292.353
222.706
205.37
277.224
203.282
217.546
251.924
227.656
220.392
213.22
248.923
232.551
209.819
261.824
213.882
226.094
264.86
208.461
194.226
266.595
288.284
226.062
206.461
240.535
228.171
