377.236
414.525
356.41
397.586
442.344
352.404
354.727
352.13
436.686
419.76
395.779
382.904
314.381
391.747
391.255
468.406
329.508
390.101
363.26
378.602
401.052
414.212
409.586
384.387
305.508
423.809
468.053
357.81
360.863
356.843
409.508
391.793
416.737
428.839
420.446
422.815
363.838
386.449
418.923
398.327
361.905
398.742
392.461
417.679
323.437
391.849
454.714
407.912
329.73
447.742
378.343
399.277
312.586
425.199
418.825
390.182
396.82
423.973
429.184
437.634
360.087
344.469
340.666
425.807
442.215
355.674
389.235
346.525
382.5
347.6
398.658
409.392
361.673
424.802
404.004
391.412
285.147
397.181
416.713
421.79
372.955
443.206
391.867
372.741
356.457
400.247
338.167
301.225
449.548
360.905
452.793
297.102
442.15
424.163
422.387
409.937
388.111
437.528
450.794
387.258
393.48
343.731
401.13
327.514
385.237
411.513
313.084
396.594
407.696
392.602
365.744
442.058
337.293
424.29
357.197
360.868
366.891
402.654
411.32
395.371
429.776
355.477
362.204
410.166
380.115
379.704
362.148
387.28
388.975
367.331
374.432
398.803
368.505
339.471
389.914
351.989
348.11
413.223
377.25
366.033
359.084
394.248
413.8
409.871
363.435
385.85
365.669
373.044
353.677
358.54
383.415
361.075
367.201
380.097
382.948
354.979
318.449
366.74
439.521
325.811
373.601
451.575
421.608
413.729
429.465
376.649
370.825
328.062
340.114
476.077
359.128
401.908
359.73
374.418
359.923
348.195
365.02
356.736
352.923
314.73
407.95
460.184
440.949
425.085
464.749
447.885
406.702
375.566
389.829
446.358
419.968
368.629
394.866
387.419
381.788
401.264
363.75
355.511
469.131
354.626
456.459
413.687
439.037
417.365
387.567
414.609
382.977
393.595
395.275
410.887
377.041
395.505
360.072
349.272
409.454
436.143
332.562
330.046
357.884
344.324
386.23
414.073
387.569
334.267
418.311
421.789
435.616
334.935
339.957
432.722
358.157
385.2
433.276
420.675
387.179
342.149
380.055
424.894
328.591
327.668
362.503
379.299
425.264
379.838
364.702
485.763
379.308
409.944
347.454
387.638
386.201
324.336
346.672
319.3
363.125
403.543
368.439
422.864
388.415
369.971
439.574
421.225
399.607
336.702
410.265
314.635
366.737
324.358
387.545
414.485
391.216
330.273
373.244
387.806
419.358
378.474
385.728
377.401
348.602
371.436
414.733
369.096
322.977
403.548
372.687
397.303
378.649
326.35
380.033
374.804
429.663
409.31
425.016
422.673
399.326
361.848
386.657
458.8
413.688
390.63
349.298
411.993
369.935
414.907
457.416
393.535
287.806
363.929
396.333
420.736
350.122
356.07
340.107
376.642
371.603
451.662
416.14
418.12
350.141
368.503
372.858
351.033
364.084
430.382
323.965
324.543
433.228
345.649
439.974
361.283
363.971
430.565
352.113
408.301
465.204
337.698
385.938
402.705
372.611
379.507
370.531
392.066
414.513
288.264
345.3
402.245
332.665
361.865
347.255
394.75
410.228
385.233
341.072
367.136
404.478
366.625
391.582
475.32
394.747
360.391
394.851
426.793
446.702
349.112
339.739
351.977
418.663
339.901
339.126
403.888
340.806
343.348
328.991
366.577
378.523
355.827
342.705
433.766
392.655
413.535
467.058
368.906
383.381
327.964
340.118
384.273
359.898
373.331
355.628
352.298
380.35
355.195
380.683
331.683
379.429
378.322
349.378
395.193
460.488
401.115
417.621
387.453
349.204
375.833
440.527
318.479
394.795
407.193
437.306
407.095
402.325
410.632
338.863
312.772
403.886
444.893
381.843
342.641
380.04
393.66
407.578
386.41
401.297
379.271
424.643
404.638
327.643
336.84
377.147
323.8
431.907
322.594
436.311
442.243
328.313
331.39
336.416
421.524
424.08
431.79
342.16
384.11
385.716
419.002
382.506
373.905
383.657
353.731
331.339
433.021
437.244
397.783
422.259
354.312
339.1
272.015
339.557
336.169
348.807
348.936
370.482
299.756
310.922
429.747
407.955
383.025
329.105
360.214
435.14
306.585
376.612
440.716
347.365
401.439
419.002
352.013
441.39
371.212
399.632
430.971
383.63
362.234
362.906
388.451
384.706
445.364
328.374
339.376
381.587
319.204
345.944
373.237
385.158
438.395
356.707
386.458
445.817
382.295
394.63
366.931
443.468
343.378
437.649
444.443
427.122
385.202
390.215
375.626
354.87
323.961
392.72
315.632
368.019
378.982
371.781
394.486
435.987
332.043
387.299
357.601
296.607
406.053
386.152
390.805
363.538
386.017
407.469
389.154
396.417
335.167
387.232
390.381
401.667
384.84
370.257
413.228
335.588
378.149
376.655
416.29
392.642
392.319
425.546
397.105
337.008
383.221
419.614
382.974
427.318
411.754
403.541
350.439
394.142
303.173
393.25
378.784
363.994
384.004
361.526
455.834
407.126
316.711
439.408
398.681
371.35
323.729
404.179
359.321
405.367
394.143
418.162
412.75
312.286
341.749
420.168
325.993
353.101
397.259
387.766
388.664
328.452
385.542
303.352
424.384
369.325
429.901
336.819
374.102
349.284
360.985
391.946
392.738
373.299
387.08
372.217
324.197
329.594
367.778
377.718
395.059
404.826
353.054
411.161
392.788
403.715
368.215
428.618
379.866
394.936
403.637
422.287
339.111
409.254
389.731
451.888
406.15
389.35
381.715
357.483
410.403
395.026
398.457
332.779
368.151
380.155
491.487
397.153
412.392
434.125
356.992
414.717
422.704
391.096
367.887
326.726
379.169
353.646
390.922
324.963
438.054
407.736
386.839
389.468
419.201
425.763
359.951
371.043
381.294
340.715
367.313
363.25
361.849
337.133
362.329
429.045
406.512
355.078
426.445
358.136
359.311
359.888
337.724
315.34
443.639
373.389
404.906
379.117
384.38
363.418
398.963
425.061
376.819
324.918
354.914
334.401
388.409
355.424
371.437
336.934
423.169
376.342
418.184
343.043
406.42
433.589
388.283
413.163
391.141
402.374
362.755
369.063
366.03
376.837
352.636
409.304
407.752
383.195
392.79
364.822
378.936
375.234
382.905
356.235
344.107
344.916
425.228
432.048
370.573
417.12
343.462
382.244
363.958
339.435
383.757
411.684
426.12
327.837
437.43
448.24
332.912
335.788
420.709
391.661
338.533
376.01
384.819
368.203
376.509
362.543
393.736
388.536
340.771
363.799
377.79
382.326
453.526
447.954
344.231
311.375
345.191
371.855
401.595
321.982
398.855
375.626
371.925
431.815
418.629
362.94
413.654
394.847
366.51
384.915
407.874
407.932
342.548
338.997
378.725
320.793
385.491
364.831
369.966
377.14
381.118
394.621
338.926
368.229
353.058
374.83
422.335
493.383
470.638
409.768
435.761
361.115
389.793
417.615
372.214
373.493
332.275
366.588
357.036
400.696
320.208
385.017
391.692
410.114
347.681
372.402
346.061
400.319
355.583
386.868
337.173
363.222
448.748
436.265
352.259
367.279
408.005
338.785
376.453
363.54
484.031
430.273
371.222
382.409
383.364
329.038
352.196
382.054
381.933
351.235
343.298
451.138
382.99
325.265
434.466
438.37
467.482
440.242
357.013
421.795
352.202
382.222
391.422
333.87
330.624
389.194
394.07
339.082
366.438
408.376
406.555
397.755
382.033
413.366
358.117
357.277
395.253
391.017
406.896
368.839
337.781
413.472
385.134
434.181
368.789
388.435
451.625
415.847
447.149
428.731
394.717
486.803
406.589
392.894
377.058
345.85
424.715
381.815
456.952
371.214
351.565
354.055
349.049
330.498
355.249
366.429
388.804
419.875
456.907
440.052
373.095
346.824
429.151
367.155
302.712
365.36
347.089
457.181
412.902
328.971
360.374
347.773
361.851
372.851
404.657
363.06
390.041
362.647
398.47
370.113
431.565
322.746
394.712
376.832
338.116
350.471
413.263
312.46
397.638
365.871
378.836
399.179
375.421
385.625
419.566
358.063
354.373
384.176
350.474
394.253
444.458
398.877
347.662
356.454
382.87
418.221
357.856
373.236
331.367
362.335
450.879
398.408
420.395
378.143
354.152
376.002
384.253
362.091
287.195
488.722
384.377
387.929
325.152
441.033
417.234
363.032
331.536
367.948
460.142
363.168
313.249
424.081
386.092
391.331
389.684
373.162
421.405
336.986
328.577
333.145
379.286
476.151
339.273
423.084
397.385
355.121
379.458
408.3
374.158
370.056
382.288
339.737
379.801
423.41
346.386
481.916
332.695
366.595
411.946
353.802
337.688
394.794
321.342
324.253
397.403
392.481
399.391
399.627
403.958
401.333
412.77
434.321
376.067
393.263
381.405
346.19
398.524
462.922
429.85
389.292
410.285
343.884
428.262
391.925
336.239
416.192
402.389
401.093
424.492
388.04
328.252
454.132
353.498
348.793
415.052
429.734
330.431
396.202
364.709
402.157
305.904
388.293
394.199
396.81
400.943
372.106
353.825
372.463
389.534
377.619
367.16
374.689
442.833
376.568
378.643
316.095
289.451
345.403
399.776
369.233
419.087
328.482
340.364
442.206
370.72
395.417
406.738
415.702
319.659
311.506
394.699
381.624
358.773
469.826
441.99
376.501
306.772
371.915
347.505
396.445
338.19
344.887
326.978
386.26
440.571
328.819
364.179
383.238
383.145
369.369
380.364
360.608
371.613
328.853
407.834
346.284
359.822
396.022
400.939
419.082
399.011
386.799
379.587
374.111
347.222
377.876
374.554
376.43
381.197
380.396
379.988
340.748
424.085
346.923
381.758
517.245
379.261
352.013
388.588
355.675
386.562
361.005
455.318
393.943
380.103
386.769
350.535
413.715
460.603
309.079
386.457
370.136
412.162
367.226
373.015
399.351
385.61
357.311
317.631
352.117
356.732
333.615
453.001
363.986
411.925
416.179
322.323
329.031
423.689
391.121
415.837
412.302
288.119
371.129
340.263
391.251
370.542
392.07
393.897
398.956
401.446
323.376
370.09
383.929
460.563
375.977
386.628
385.549
434.005
411.404
396.913
455.281
346.076
382.584
376.552
413.737
395.552
367.246
346.033
464.919
417.705
370.69
356.1
420.104
428.447
370.94
426.61
460.916
413.046
357.012
370.805
350.457
428.487
386.118
327.258
388.562
382.785
478.428
395.237
386.237
358.409
382.412
371.651
299.668
376.462
368.13
395.466
320.763
301.064
386.605
335.154
497.955
377.61
376.565
390.466
417.488
380.263
378.215
402.332
320.161
381.88
394.45
440.437
426.774
389.018
396.488
338.96
386.167
407.88
332.989
372.176
432.977
391.112
353.157
439.852
438.314
412.244
366.57
373.129
427.936
480.338
420.847
388.062
393.207
451.377
358.549
353.368
333.99
334.534
408.492
388.084
391.381
366.578
345.854
404.964
325.893
387.931
391.058
387.697
387.365
350.149
415.429
389.899
422.861
405.449
352.131
379.922
536.373
413.079
392.245
310.587
402.513
475.975
354.18
391.455
396.818
381.788
328.509
322.691
369.93
369.358
429.663
388.076
371.546
357.153
330.41
374.243
393.057
350.319
323.33
404.015
384.253
409.029
412.241
413.396
462.465
310.161
396.328
425.004
400.768
332.762
407.686
423.407
357.106
369.266
324.664
402.485
376.34
372.647
351.254
375.763
380.101
369.126
343.991
405.182
435.372
409.963
345.178
324.723
358.414
362.849
364.43
354.291
348.224
401.886
406.719
339.696
355.701
368.01
349.428
430.389
388.444
306.682
370.857
367.032
355.389
421.877
331.162
410.5
378.597
355.589
441.721
386.502
338.727
400.866
445.253
351.329
407.429
350.273
360.914
380.287
377.74
394.241
443.294
384.07
383.377
409.745
384.733
414.586
410.384
392.755
416.878
396.126
352.675
401.675
323.124
358.459
409.149
346.758
375.864
375.736
320.383
336.7
419.737
426.024
324.762
421.686
325.94
429.43
402.849
340.263
359.342
335.236
309.707
385.606
412.219
455.21
337.782
363.475
374.734
391.122
437.031
382.258
394.024
351.765
351.451
368.55
397.566
346.725
369.459
426.492
395.623
396.48
391.106
412.188
387.775
390.654
407.375
327.844
373.446
440.518
346.12
419.672
338.087
293.246
385.211
381.864
442.264
390.573
384.12
378.764
363.052
364.42
330.573
418.86
335.031
407.551
403.898
308.544
384.375
402.466
368.994
324.203
435.586
368.921
422.288
433.944
369.624
380.396
366.81
404.836
427.527
357.3
355.38
385.549
422.253
388.461
342.81
366.289
353.884
368.261
437.112
359.684
366.969
375.994
311.666
429.712
368.559
381.518
414.451
424.409
431.138
335.299
316.134
396.987
333.951
375.812
407.477
372.325
361.273
319.613
373.482
458.058
339.809
325.971
318.411
411.631
332.532
368.708
397.385
308.858
334.546
479.892
399.23
405.635
367.685
381.167
400.154
419.04
375.428
392.545
434.905
355.469
422.216
432.583
458.379
432.076
396.348
402.342
419.089
368.258
392.536
337.541
361.759
368.203
363.487
367.857
439.62
444.711
353.802
368.718
380.201
315.058
399.848
409.746
377.539
411.596
331.789
432.047
357.145
392.327
296.152
393.021
386.163
396.438
356.918
373.013
352.399
373.189
341.947
375.559
375.318
440.295
416.991
441.33
370.948
416.725
394.463
381.571
410.89
330.841
384.11
343.882
476.969
349.881
326.212
315.901
346.058
371.717
383.249
385.088
396.17
437.332
337.037
312.006
334.206
315.285
340.684
395.372
338.546
385.698
369.363
345.661
408.985
407.875
470.764
289.006
386.842
334.521
408.253
385.378
448.665
391.11
396.602
383.705
333.714
371.449
361.022
407.114
405.668
439.136
452.105
392.226
346.587
368.349
418.832
398.001
368.422
367.868
354.442
334.373
412.472
390.949
395.661
427.519
378.163
308.864
353.984
404.257
328.214
438.109
433.718
358.079
358.522
441.004
325.214
381.333
343.066
341.158
444.18
299.801
459.108
372.192
399.941
383.52
372.619
372.539
360.611
417.219
341.505
395.666
399.035
331.132
396.204
479.362
459.351
374.972
395.716
318.705
388.103
401.338
454.578
395.808
382.229
308.948
417.607
359.215
388.098
334.027
305.685
385.324
452.127
432.074
414.361
326.79
396.948
326.977
393.954
439.226
401.409
395.823
398.391
387.692
394.093
383.174
379.101
310.853
397.663
385.307
400.663
341.102
340.816
448.646
437.409
395.689
407.122
399.252
341.593
393.762
404.993
373.243
376.745
337.865
383.387
403.688
437.654
381.506
334.331
397.42
345.967
425.927
452.038
391.931
363.919
433.849
378.539
357.436
397.729
401.07
447.297
363.167
441.008
368.674
377.336
440.56
344.837
388.646
472.066
373.16
434.548
344.416
365.04
366.564
349.679
385.631
343.381
368.667
385.946
393.202
356.296
385.92
385.864
386.755
447.625
377.53
338.761
453.513
385.845
401.307
392.616
361.082
333.425
330.328
374.971
359.256
430.988
389.467
408.938
359.82
373.462
292.33
327.887
377.926
394.256
350.713
447.625
350.383
380.137
384.698
346.955
369.695
468.089
383.527
377.581
337.315
431.042
364.579
435.378
342.366
307.923
397.771
426.289
413.499
369.78
392.855
351.617
337.075
344.534
411.93
426.123
436.038
363.085
354.029
357.924
412.91
410.366
419.066
391.978
385.843
369.296
341.811
358.849
361.977
408.304
348.125
392.452
394.783
437.605
307.362
392.929
435.432
399.411
341.526
392.636
362.118
387.699
448.561
308.797
424.346
374.864
308.87
352.234
405.534
380.646
405.468
424.347
338.575
376.136
395.375
460.911
384.47
381.356
380.105
377.754
312.396
344.785
353.778
400.183
362.333
338.973
399.895
315.548
400.235
376.522
330.293
364.971
386.383
363.821
439.357
370.225
401.92
387.094
364.412
390.999
436.833
425.757
369.641
401.932
396.967
406.958
406.759
416.339
406.037
409.752
343.966
342.75
373.637
324.82
314.795
403.792
451.513
353.48
370.866
386.87
368.681
372.375
378.543
366.102
377.758
372.681
380.963
379.623
439.158
390.659
430.241
390.941
332.778
378.64
348.851
418.996
382.096
356.245
402.126
445.538
371.293
401.286
319.812
336.768
445.105
350.756
399.357
429.033
394.736
428.663
345.999
470.034
390.507
443.781
420.476
354.496
398.058
408.555
408.303
368.969
366.999
360.304
369.025
446.386
357.462
391.926
400.659
345.269
377.729
357.571
376.477
413.17
408.3
421.985
418.746
402.181
357.621
393.12
444.481
415.665
363.418
419.728
347.128
367.863
347.053
342.973
378.571
404.291
349.09
362.714
375.82
331.87
409.47
403.953
395.918
418.559
377.707
377.688
322.085
354.103
385.616
403.574
405.437
408.05
408.479
369.154
418.638
336.015
408.216
351.244
359.913
410.781
375.759
363.683
370.068
388.427
375.644
379.529
386.199
377.083
370.694
389.072
364.202
383.638
378.593
399.254
357.316
415.681
405.851
410.555
440.826
411.495
385.481
412.108
388.776
323.103
405.282
454.383
360.289
387.214
436.463
367.784
362.806
394.586
443.28
399.168
318.881
421.138
440.302
330.775
328.412
320.607
359.823
374.934
356.625
392.461
448.979
431.529
341.688
352.249
354.911
355.019
426.356
397.585
438.16
400.925
354.904
378.429
357.467
256.629
308.177
423.926
339.78
297.281
367.855
413.296
403.519
382.622
358.126
304.789
327.236
346.408
364.183
389.669
350.407
354.543
411.329
312.922
396.671
423.165
409.417
403.634
374.739
411.307
358.882
384.765
414.044
362.685
350.083
383.9
397.922
358.283
370.862
426.159
423.04
377.917
333.423
316.388
393.024
345.113
399.439
399.222
438.501
364.099
373.286
421.565
389.423
305.424
375.353
409.516
391.556
353.857
469.712
395.486
384.665
444.411
429.247
416.772
341.93
366.844
331.382
476.842
373.881
409.303
360.545
367.747
403.724
341.014
400.199
395.863
377.402
277.283
364.713
410.14
359.973
381.324
397.245
417.908
439.042
365.23
374.38
363.759
371.898
401.894
418.52
391.43
426.667
386.46
384.429
390.888
393.443
337.132
371.85
438.709
399.343
374.728
432.443
386.549
420.605
381.345
385.798
332.855
380.929
399.085
363.27
347.478
356.906
312.239
422.131
413.333
416.319
355.175
441.334
328.295
399.678
363.161
363.526
370.439
359.027
426.385
368.099
380.6
428.304
315.907
353.408
380.408
382.09
438.399
417.473
316.426
367.749
394.901
380.849
349.146
391.25
384.043
398.41
394.243
315.868
432.333
387.022
399.242
359.125
359.009
331.323
470.734
437.85
353.626
399.082
384.581
415.099
407.789
387.65
399.945
422.526
418.03
385.577
418.459
362.02
327.651
420.94
367.115
353.094
400.507
404.071
375.784
346.127
335.747
386.72
447.793
468.429
392.369
380.818
340.492
381.384
409.379
378.309
391.089
408.206
461.992
433.444
389.815
355.004
370.786
362.761
383.894
386.017
395.402
408.528
370.314
429.473
411.767
447.509
412.837
434.768
363.762
354.457
372.828
346.608
454.081
429.612
387.004
350.743
370.534
398.027
342.304
391.014
431.401
335.046
362.765
383.771
421.929
346.103
350.968
345.587
361.959
387.234
404.168
362.509
355.027
385.131
442.748
341.044
354.194
373.694
339.149
394.368
455.411
367.139
450.148
367.289
328.277
380.05
439.618
344.684
377.629
417.791
391.453
378.76
337.958
359.937
364.231
339.158
383.321
344.074
368.906
346.971
373.353
373.303
388.948
431.827
367.542
380.475
349.176
348.238
486.613
343.395
419.057
360.435
421.49
407.294
418.543
447.807
439.824
373.563
383.644
368.064
377.507
426.699
367.052
375.719
403.063
375.214
353.552
436.615
360.132
445.058
411.807
422.014
328.779
350.778
417.29
409.213
312.537
377.339
330.539
421.338
359.264
384.55
387.107
373.802
333.319
354.616
353.112
448.344
335.446
424.826
430.767
364.483
427.967
429.083
420.002
338.162
385.172
429.332
354.848
367.947
401.034
389.889
338.783
354.762
390.222
349.618
364.039
392.581
361.493
357.653
364.295
365.233
414.683
454.499
401.297
358.691
381.461
364.211
376.031
305.62
337.252
426.532
358.025
376.384
381.985
441.913
366.288
342.25
338.396
362.015
343.714
409.948
351.513
307.606
408.61
409.173
319.911
391.026
418.231
380.152
399.368
390.017
407.17
412.219
422.833
409.411
358.405
471.463
350.726
354.502
393.529
437.698
341.838
405.142
411.61
378.622
396.905
403.718
311.463
338.945
357.46
421.199
411.759
391.739
339.68
374.447
398.022
410.238
371.033
406.194
379.316
374.598
367.363
414.492
434.492
352.922
404.108
401.205
420.441
325.184
354.21
404.005
392.143
340.279
375.435
379.229
451.605
351.591
397.511
371.288
426.531
357.516
435.292
398.479
383.341
418.564
380.167
374.783
384.16
412.5
390.125
324.835
394.596
444.419
357.5
371.902
392.104
287.744
346.388
357.074
373.855
391.948
370.239
358.487
362.634
368.958
359.104
363.217
371.078
347.524
384.024
331.97
294.7
430.695
425.201
329.933
303.04
387.301
387.943
445.992
377.667
402.747
392.618
401.344
363.936
345.495
387.548
383.947
365.411
387.898
377.716
361.944
346.29
315.632
419.193
399.466
372.784
347.265
339.057
428.413
424.427
355.396
397.21
438.195
348.002
397.872
327.505
334.715
350.49
380.682
424.018
413.283
426.35
380.776
391.296
435.921
370.258
352.046
306.573
345.648
410.202
341.46
401.455
351.636
383.772
485.181
374.496
402.555
317.804
330.136
395.29
351.76
404.14
365.204
356.516
425.724
365.846
413.809
416.919
393.063
391.091
400.936
282.126
362.099
405.985
441.252
391.116
394.367
406.44
420.811
439.081
310.829
378.287
347.824
410.181
407.14
405.073
362.482
477.961
352.672
388.853
348.181
400.282
392.057
368.127
389.696
392.651
396.919
346.108
388.562
353.261
373.454
375.354
371.71
441.059
354.547
469.778
327.1
364.726
377.876
432.94
425.2
357.126
404.777
374.304
351.3
402.518
338.716
320.206
352.163
355.716
417.797
430.107
369.764
331.973
361.436
376.45
351.378
374.468
333.856
345.468
426.706
436.223
458.597
379.687
395.696
388.253
401.744
375.854
313.88
349.551
395.605
383.11
353.592
432.789
401.714
429.841
312.316
410.957
416.416
398.252
375.854
387.767
399.048
364.247
339.968
400.096
409.675
390.332
337.205
386.323
389.087
392.529
376.597
380.722
356.84
373.64
345.789
447.786
353.179
391.755
409.492
407.702
353.738
406.422
439.153
348.631
343.838
361.131
397.305
373.73
380.875
432.479
368.188
359.659
387.876
385.204
352.556
357.39
318.406
340.409
367.983
338.218
361.407
411.119
418.538
379.172
329.157
430.405
378.16
427.462
398.614
398.336
382.817
379.516
402.115
331.25
408.703
346.332
392.26
391.249
390.858
433.173
374.904
382.454
351.784
380.354
464.196
404.7
338.454
343.257
377.193
334.758
371.978
374.478
413.117
346.95
361.907
327.899
390.678
380.466
421.825
326.296
422.522
334.266
426.829
380.446
398.504
395.331
446.601
317.872
377.769
317.603
356.276
411.611
402.157
354.766
329.353
389.386
405.408
449.544
389.445
359.844
320.753
401.533
439.934
394.544
384.887
390.152
413.305
313.918
363.564
384.556
426.702
376.063
352.095
443.596
388.218
409.86
341.401
362.518
385.761
428.945
408.082
397.233
301.756
448.628
374.854
397.08
373.977
398.319
358.66
358.961
428.968
330.013
383.954
419.843
370.055
401.125
351.967
411.252
449.811
378.045
339.507
374.369
329.083
359.372
431.333
375.937
341.959
315.034
356.309
347.656
383.037
367.375
353.378
348.654
352.682
353.967
431.778
456.141
404.461
340.922
367.175
344.429
371.989
405.247
366.345
384.02
359.229
409.959
451.784
447.549
438.544
394.976
431.996
392.629
419.808
378.814
390.575
402.335
325.294
302.053
395.581
336.196
403.034
376.057
411.61
341.828
364.763
319.858
360.69
376.663
361.166
368.184
370.788
446.22
433.612
430.543
339.005
343.53
348.309
333.348
424.37
407.41
388.664
357.484
367.653
387.612
365.324
382.574
456.086
350.319
391.189
434.713
354.195
405.383
381.367
402.177
385.737
433.706
353.196
368.873
375.673
396.596
329.632
341.336
387.422
379.919
408.606
344.268
385.942
317.026
372.429
406.236
382.45
405.528
349.254
380.725
330.859
344.689
412.383
387.35
369.147
350.824
469.633
357.003
373.763
373.019
326.844
428.944
326.556
309.182
310.324
322.2
369.016
385.125
430.108
372.189
395.748
360.075
388.659
351.437
402.077
335.44
393.784
359.394
369.728
345.598
358.934
452.852
389.437
436.12
399.802
370.584
352.708
381.228
380.639
370.205
450.079
417.76
433.692
325.457
378.424
322.903
383.593
347.43
315.824
346.899
349.601
435.543
391.409
422.579
343.031
332.241
362.687
349.939
368.526
382.765
493.462
438.38
397.147
392.098
412.472
423.591
363.474
330.77
386.186
364.54
440.474
307.976
366.66
383.601
389.982
341.801
320.601
385.78
411.531
345.876
450.996
418.484
350.573
372.36
354.949
406.233
384.778
423.596
408.498
447.557
372.656
352.981
372.027
351.555
412.322
416.192
388.41
387.75
365.084
400.183
397.059
394.01
360.341
390.166
416.234
402.724
411.154
433.093
432.497
463.667
411.97
423.965
415.144
414.608
385.798
399.66
449.023
416.535
303.826
351.668
329.61
350.141
343.173
431.925
367.478
411.746
316.546
426.344
342.311
331.11
377.782
379.454
402.349
314.558
291.999
456.894
376.523
431.343
389.36
420.707
437.257
339.02
448.301
414.415
335.579
414.45
338.639
342.907
360.566
346.131
440.979
387.217
473.005
363.83
395.336
398.796
388.488
352.027
399.977
382.736
356.399
343.221
407.677
354.585
357.284
443.351
382.543
354.862
385.191
298.495
318.607
363.905
432.879
407.822
326.845
433.586
334.98
373.197
338.277
369.251
390.354
377.694
428.206
317.557
394.181
426.583
395.318
368.295
331.807
345.91
440.021
396.295
332.766
336.384
385.535
378.387
342.739
395.672
426.374
415.984
457.035
413.955
360.326
435.153
442.816
413.022
443.38
330.399
417.433
423.182
382.669
361.98
431.779
363.898
326.885
365.766
450.336
340.237
409.634
442.928
374.484
353.98
416.081
409.437
349.399
344.354
366.786
404.168
381.994
390.497
378.118
355.38
323.345
382.24
379.611
371.782
321.669
379.976
362.631
437.502
317.115
391.282
407.991
357.6
474.37
450.541
368.178
360.839
370.18
301.634
297.365
350.064
353.158
428.876
400.299
323.74
342.614
362.392
352.652
378.701
317.482
368.41
369.426
393.612
347.16
411.965
389.069
275.124
367.991
361.476
298.694
397.443
468.814
421.999
305.023
384.705
422.531
402.521
388.927
410.691
410.187
385.273
378.218
357.063
400.139
326.753
371.629
393.617
316.873
351.683
332.088
395.306
424.641
366.994
436
378.706
352.852
358.598
378.985
364.362
470.381
358.835
378.346
406.634
426.3
368.292
406.821
436.666
456.564
343.278
298.945
330.41
336.264
366.183
412.872
366.25
373.641
330.538
373.981
330.576
351.368
405.089
361.319
418.015
392.124
347.31
434.596
320.75
395.338
476.297
419.981
382.33
408.08
340.212
379.824
395.706
313.222
331.564
391.741
337.756
371.714
402.423
392.723
388.961
358.284
370.384
369.147
416.215
353.831
385.585
299.012
366.321
353.139
434.392
368.834
383.441
368.981
392.427
404.968
349.777
357.359
392.697
403.388
372.66
399.587
375.514
360.669
303.284
386.2
364.067
395.753
385.132
388.88
367.091
376.899
351.759
369.871
311.685
400.281
381.101
322.862
405.754
342.179
374.116
386.884
421.613
344.98
402.302
290.178
376.143
401.524
341.371
360.755
369.766
419.102
371.922
366.911
326.314
392.843
351.244
471.032
352.309
368.001
433.731
379.572
366.047
426.328
376.264
376.61
377.879
426.585
332.01
357.013
393.057
409.896
392.892
348.903
408.501
403.362
329.27
417.385
483.738
437.62
352.989
432.653
380.706
385.379
375.118
369.078
358.439
434.423
297.285
388.538
368.1
344.761
417.834
320.593
443.82
349.782
356.687
392.245
315.681
423.077
330.697
363.239
383.211
352.619
337.235
411.284
402.334
416.991
416.896
402.792
334.659
399.578
362.948
353.623
311.371
371.896
389.712
420.727
398.963
377.07
416.497
424.156
331.324
369.637
408.167
401.722
397.715
332.049
434.918
368.203
335.218
324.351
390.299
371.391
328.785
372.633
396.011
373.739
389.586
368.496
403.309
411.612
460.313
337.365
344.244
396.55
395.964
371.575
359.908
347.766
356.043
387.213
394.983
294.8
405.287
390.163
408.441
401.304
400.803
373.451
467.749
359.275
363.301
385.207
387.586
378.453
363.998
435.991
386.204
355.34
333.424
342.517
377.226
364.223
394.237
369.499
368.809
382.844
450.671
383.498
371.805
306.035
313.33
423.78
365.683
331.897
345.844
375.334
389.625
393.342
352.367
400.045
392.84
473.924
353.137
369.435
348.014
361.38
414.008
332.741
371.64
407.242
332.3
418.424
392.539
337.413
409.775
360.538
331.26
381.105
372.914
364.543
389.484
415.552
389.264
392.484
369.875
433.058
411.897
344.358
420.584
376.268
340.461
383.528
346.578
408.579
368.745
363.655
350.84
362.503
313.199
450.913
309.652
356.1
332.293
354.95
410.614
367.653
361.035
419.293
364.025
414.445
422.627
375.986
339.17
382.898
351.438
445.826
362.92
378.179
385.071
313.424
415.644
349.189
354.674
334.264
376.349
326.206
416.924
393.175
386.521
366.661
379.525
332.741
355.018
353.985
404.698
356.949
437.318
317.015
359.601
369.186
392.304
382.745
371.813
379.306
334.416
382.536
383.331
332.735
437.161
381.182
343.783
367.476
347.266
366.397
403.48
310.175
353.492
359.864
335.631
370.266
338.306
435.658
344.766
351.909
423.082
392.843
413.235
358.302
378.925
458.657
365.629
401.235
359.631
380.817
405.224
350.762
365.748
321.234
390.906
380.739
391.548
413.725
400.592
433.662
378.484
369.8
386.891
407.573
417.77
345.296
353.408
342.96
341.05
363.37
413.934
321.13
389.361
434.663
406.469
397.254
377.186
406.076
425.933
449.565
375
332.715
448.963
326.544
411.171
456.655
407.128
333.358
338.484
384.365
318.857
358.581
431.856
357.288
404.89
375.554
450.715
404.434
330.897
411.441
336.762
394.501
376.724
396.722
447.437
513.979
390.889
411.266
451.274
384.093
400.868
418.75
332.805
357.033
390
370.745
340.696
406.029
434.507
405.105
308.242
358.392
398.929
363.323
378.062
373.781
400.247
321.379
397.522
378.766
389.077
361.659
471.897
401.661
403.802
423.265
348.85
384.178
299.696
451.829
376.187
396.379
403.566
338.432
385.675
396.306
377.034
450.882
344.795
370.951
386.959
377.222
360.23
451.029
388.579
423.942
346.548
390.968
377.858
311.603
390.161
321.271
426.525
410.378
403.83
385.234
421.257
367.302
372.831
381.724
455.123
398.293
436.594
365.362
381.398
417.548
392.674
338.066
361.65
389.333
343.745
388.557
449.42
333.459
331.792
424.47
402.703
441.694
343.24
382.861
399.673
329.993
352.348
414.112
393.511
329.096
357.35
323.145
377.29
374.34
337.784
346.362
325.984
395.581
407.186
338.915
426.207
371.961
346.876
421.692
396.223
347.486
419.082
397.201
396.404
407.474
379.562
392.193
409.388
304.261
423.347
359.437
333.93
317.729
341.443
315.801
394.34
396.967
399.747
382.412
373.23
414.897
353.014
363.445
365.13
424.301
417.92
372.386
358.277
368.475
373.984
367.455
387.5
407.653
403.261
361.637
399.806
355.986
319.302
417.659
426.341
355.681
366.441
446.03
424.124
383.841
333.288
442.183
398.65
399.326
443.278
359.047
379.023
417.945
425.581
396.715
386.615
323.608
346.713
384.324
321.905
383.746
328.153
420.271
371.702
409.561
365
385.224
386
368.035
461.95
389.115
332.547
403.456
375.996
392.917
398.606
349.168
394.494
335.374
415.46
350.855
456.428
388.383
368.483
363.369
370.209
384.964
336.057
407.476
425.953
359.235
434.964
353.344
370.918
409.016
396.274
388.223
399.448
359.295
355.366
403.397
365.761
367.187
356.922
428.395
386.133
357.329
350.361
371.254
335.024
427.071
436.683
391.078
385.95
399.724
340.767
406.515
369.843
372.518
412.349
385.306
375.299
344.201
389.706
389.371
374.519
397.228
311.511
393.472
343.029
426.485
385.119
385.867
307.786
407.495
329.495
319.936
427.117
416.293
350.367
344.86
372.322
397.868
352.949
454.39
356.706
400.359
404.248
395.378
420.405
357.232
466.387
357.544
348.803
421.673
372.208
384.928
440.132
295.338
349.177
408.098
401.178
366.454
429.807
296.568
476.497
416.839
338.214
384.393
362.293
426.538
352.106
413.96
347.781
392.064
375.146
410.291
384.287
395.448
375.125
371.762
372.04
367.586
378.409
385.763
370.534
391.842
378.768
352.113
396.2
454.472
372.691
464.751
394.432
359.398
344.394
478.094
371.37
419.748
446.898
350.646
307.128
427.443
412.432
380.986
344.733
389.527
396.291
383.306
339.538
444.675
318.935
358.951
394.896
441.021
378
319.131
375.784
389.206
410.071
357.882
401.763
354.598
355.245
382.323
386.563
347.764
431.252
366.404
375.778
358.11
436.878
402.311
391.399
451.081
351.792
346.941
334.988
359.24
334.14
355.682
399.091
356.998
399.202
393.831
387.821
321.312
489.614
378.151
388.475
361.793
330.303
414.266
342.561
372.267
344.119
419.931
362.146
359.067
349.671
358.66
406.042
407.671
337.467
407.108
390.216
397.988
322.498
380.341
374.741
393.631
405.915
382.467
454.817
377.592
376.991
405.48
416.174
408.843
384.472
458.768
341.235
414.307
346.458
348.364
349.266
388.066
340.515
383.553
331.507
398.117
368.281
399.732
448.317
357.11
369.572
353.474
391.436
432.945
392.11
340.305
361.859
383.128
407.131
414.581
366.678
463.761
357.314
419.778
389.819
397.249
355.507
403.075
381.2
387.162
351.375
420.98
344.449
445.395
335.323
489.312
359.099
375.114
364.31
351.435
402.948
311.74
315.552
446.085
316.166
411.295
390.867
331.156
305.37
414.015
378.301
395.214
323.792
347.96
327.281
370.889
361.024
406.01
340.528
328.055
436.359
369.2
418.386
398.921
388.452
437.642
417.74
417.427
405.953
388.173
372.808
355.411
376.103
355.716
426.384
401.007
335.314
336.828
342.266
434.944
395.13
312.43
584.215
341.306
390.414
339.567
403.942
372.718
393.557
383.366
339.393
363.476
351.099
425.499
358.004
390.646
335.96
321.517
374.677
402.034
420.243
376.485
406.172
428.514
407.401
396.98
326.408
420.923
389.4
407.188
333.998
375.633
383.532
451.829
398.776
422.054
427.857
391.05
342.678
307.994
447.684
333.371
331.172
386.762
385.181
348.456
454.271
399.126
355.726
414.278
293.313
414.42
348.787
361.599
313.031
367.306
332.151
360.321
417.165
393.291
377.527
424.168
368.65
393.426
360.447
426.757
344.462
359.705
367.345
323.777
424.317
375.626
349.915
363.733
398.064
426.436
384.849
432.133
350.268
385.465
440.59
334.925
350.515
381.356
413.394
332.377
345.937
379.722
439.729
324.054
392.809
411.298
357.4
346.251
342.103
400.984
390.811
334.552
461.971
415.25
417.815
389.478
411.681
434.041
384.728
367.315
392.58
389.368
376.282
386.604
341.372
425.487
345.584
386.899
409.927
381.466
377.003
334.416
380.492
440.225
367.84
448.156
378.115
379.37
391.481
392.068
355.089
395.076
352.415
395.246
311.252
388.461
362.695
393.024
323.663
359.018
360.767
309.164
332.402
383.18
323.045
304.97
361.684
369.529
401.276
420.92
356.471
402.82
322.866
380.37
366.528
375.389
355.75
404.914
310.226
382.116
405.455
383.214
329.475
414.631
368.376
399.812
407.859
409.393
343.143
390.243
346.659
383.532
486.871
388.962
420.304
383.232
333.404
365.771
351.171
371.801
421.967
332.478
356.512
353.64
455.896
362.537
394.888
327.221
386.989
386.104
338.643
344.227
385.943
336.647
402.564
437.348
383.234
360.996
416.752
327.869
376.025
373.418
407.578
370.79
393.188
354.026
344.851
347.857
492.351
402.319
301.086
374.944
404.92
339.248
441.459
323.314
376.643
331.147
413.949
366.299
352.145
443.704
397.222
379.726
401.431
465.683
423.063
376.336
403.308
386.359
377.73
405.791
359.208
420.476
404.992
398.479
379.387
365.057
339.296
383.943
456.264
369.744
362.033
384.452
404.412
346.076
471.575
396.644
381.392
350.465
428.677
366.412
353.61
406.933
334.242
378.039
440.325
388.067
362.672
407.33
416.631
365.419
392.648
502.956
327.424
403.747
390.432
330.147
495.847
385.871
411.133
438.15
369.519
404.978
462.225
400.655
354.906
386.143
366.218
357.246
416.251
388.31
365.61
374.08
359.369
450.244
336.25
348.962
334.369
442.171
408.243
414.318
410.777
362.715
399.898
395.709
369.491
318.069
427.722
297.656
387.866
439.413
434.978
311.556
386.966
401.429
381.458
321.809
324.481
456.339
421.022
425.775
364.526
428.11
458.82
346.049
334.958
377.509
393.093
325.69
349.144
333.748
381.39
418.177
321.794
447.043
370.966
355.207
384.381
346.907
369.376
375.004
390.896
423.621
362.842
277.275
360.892
395.377
348.354
403.517
361.066
366.702
431.731
432.491
397.616
357.155
439.402
375.356
352.287
338.075
358.805
364.939
384.129
337.192
441.967
369.428
352.479
397.628
387.919
388.958
401.639
414.642
331.832
370.968
374.989
344.059
387.543
416.954
339.932
355.386
447.96
431.505
339.736
438.722
363.897
431.881
393.959
412.856
429.974
383.004
381.96
439.832
384.854
323.784
379.2
384.251
434.022
397.62
375.291
429.974
399.867
372.714
404.379
346.609
403.181
402.809
326.919
403.908
306.749
356.641
386.694
394.123
336.334
374.377
458.84
356.97
393.781
373.563
372.171
415.88
425.878
358.575
310.083
320.36
385.72
418.744
379.237
389.824
381.258
440.444
380.144
337.281
410.482
423.429
395.608
357.691
315.633
366.227
353.697
468.39
378.93
378.023
339.521
376.449
389.248
411.665
412.941
386.19
353.273
372.032
347.443
321.087
330.258
341.383
346.972
281.659
353.29
378.342
362.613
372.185
393.078
351.763
360.8
456.484
339.274
379.746
390.046
353.2
371.581
390.872
389.252
429.436
412.078
324.703
389.968
338.422
402.934
318.662
390.436
405.171
375.517
326.526
415.587
409.669
397.346
411.726
383.631
416.788
396.485
335.127
439.735
373.923
396.265
368.488
421.791
382.168
409.729
366.158
388.991
366.402
334.395
415.992
312.825
423.917
387.443
361.111
367.305
425.051
337.361
368.754
344.563
359.514
409.48
418.691
421.753
371.524
403.043
376.034
343.7
338.209
319.32
421.947
369.538
372.833
364.914
332.006
468.385
392.117
372.179
415.256
355.408
383.148
325.334
341.157
365.944
395.704
384.75
469.426
439.297
428.315
367.857
378.774
422.506
357.285
396.902
360.189
366.583
412.548
436.161
359.056
403.179
390.987
333.535
334.602
381.579
420.976
404.934
406.265
439.173
323.862
357.916
488.508
368.91
398.031
412.631
348.099
423.657
423.05
340.481
381.88
397.095
382.072
439.983
364.086
367.693
480.024
490.668
418.085
403.811
342.415
448.223
421.635
401.316
492.121
353.531
407.982
328.05
339.225
308.073
386.434
365.289
420.698
363.045
360.919
400.542
370.882
378.515
384.85
404.467
480.3
402.28
456.46
401.733
407.054
446.911
395.489
358.113
385.595
327.354
351.044
362.058
351.015
463.595
361.17
340.745
394.199
414.649
408.941
327.472
416.223
375.332
361.201
431.653
408.73
411.674
376.774
330.733
407.864
435.638
397.636
349.91
461.033
406.795
372.735
384.507
356.166
410.493
281.965
352.216
343.101
394.568
425.483
359.129
387.716
319.223
386.132
332.781
359.095
377.843
349.837
308.145
390.431
407.264
354.141
345.023
312.935
386.805
430.813
351.817
377.582
399.08
366.384
312.333
382.441
349.64
412.214
402.885
395.431
364.406
382.125
384.942
427.564
297.779
354.77
358.3
397.651
372.796
426.282
445.211
340.407
378.029
324.38
445.821
359.515
390.384
330.095
437.413
406.035
337.06
381.031
382.375
369.654
340.614
360.746
395.069
346.997
390.017
394.212
349.579
351.084
358.44
389.267
354.835
382.12
296.333
392.648
355.533
395.667
420.509
383.495
374.668
392.949
332.903
365.379
403.387
369.05
386.855
416.015
383.058
383.258
439.173
398.275
318.263
382.27
376.675
395.024
403.936
340.198
307.187
415.705
343.145
403.015
344.87
458.491
423.996
375.167
386.486
438.123
355.125
382
395.578
379.676
384.286
409.027
408.115
317.318
366.155
369.991
407.944
447.234
412.519
370.928
462.231
408.7
398.068
350.601
340.975
364.871
409.773
427.063
374.702
376.004
432.762
420.946
383.81
362.809
365.449
335.382
377.002
341.636
410.524
335.253
372.24
412.185
379.835
420.386
374.267
378.9
375.896
396.587
384.073
312.767
385.217
368.045
334.635
388.374
385.453
359.509
420.537
374.085
415.858
350.434
347.798
420.705
388.002
371.428
417.445
323.375
358.926
374.074
319.402
422.772
351.188
329.324
368.441
431.177
428.16
351.81
349.939
339.185
389.315
437.386
373.101
257.178
403.216
360.346
400.385
409.367
382.904
427.522
356.369
392.998
382.095
329.816
403.203
357.894
402.865
363.704
339.923
382.467
410.378
344.104
381.386
380.703
363.092
353.556
524.539
318.967
370.248
333.138
389.814
363.371
421.001
392.626
351.828
399.868
387.825
327.234
368.018
395.253
368.825
419.185
414.197
364.639
370.212
382.434
362.316
367.655
277.919
366.735
392.734
372.083
352.731
352.325
388.333
394.715
369.674
349.348
338.745
330.228
426.001
388.938
439.257
313.564
402.889
386.508
441.099
419.294
319.521
421.881
393.739
398.314
405.653
362.774
376.926
397.862
339.669
448.195
357.212
448.631
345.692
359.484
402.998
383.449
383.535
336.25
319.937
446.927
369.137
409.919
449.359
335.554
331.613
335.207
349.36
358.251
375.204
405.603
350.111
369.336
399.082
364.535
382.335
331.099
454.923
409.159
382.427
333.528
474.226
356.526
322.968
326.668
397.206
343.408
406.165
367.103
358.89
351.063
370.528
389.554
401.125
368.624
442.336
344.39
368.338
437.561
391.986
351.044
381.607
422.348
418.649
436.93
387.577
426.767
407.622
362.704
360.235
367.119
342.98
358.472
350.471
373.536
435.166
355.287
359.787
343.681
346.867
323.235
388.971
391.402
350.665
303.048
397.373
343.714
455.188
355.807
351.128
407.904
469.379
349.895
371.593
415.38
404.838
372.079
336.106
397.481
360.673
390.217
362.268
344.921
365.913
487.806
390.275
428.899
364.908
404.681
392.099
373.505
415.48
344.077
393.355
348.536
388.175
413.258
378.792
374.733
334.213
319.425
383.037
369.863
453.707
324.472
347.454
419.745
448.79
387.513
384.475
366.79
342.769
337.407
406.351
407.338
371.135
363.41
365.818
323.506
405.502
376.528
406.984
392.007
437.042
392.874
394.624
360.541
404.32
421.467
325.61
416.274
367.176
403.283
412.032
379.904
396.616
402.981
375.507
358.736
409.773
332.843
416.505
416.901
397.53
373.112
389.129
304.824
392.71
366.95
377.363
373.774
401.484
328.37
437.484
421.982
364.518
353.279
311.274
333.355
355.696
375.311
414.611
363.512
422.494
323.458
351.2
292.957
355.007
365.054
336.683
427.939
402.149
360.9
362.971
398.677
390.525
374.2
344.663
401.254
338.051
348.064
354.82
430.153
373.113
374.667
342.412
303.582
400.736
350.653
354.352
390.408
355.033
378.961
383.409
455.604
346.178
390.156
335.31
469.962
340.837
407.544
311.124
328.008
379.597
290.787
446.317
325.123
397.657
351.365
363.462
356.826
326.908
398.114
407.113
438.577
397.67
375.71
426.117
357.976
399.474
371.345
437.084
407.845
372.04
380.298
370.126
420.558
381.877
393.944
411.258
428.595
414.238
406.312
384.988
365.937
399.965
343.843
331.03
328.352
328.948
374.564
392.64
374.835
399.933
427.829
380.6
390.65
404.048
369.757
402.742
397.197
364.027
402.53
404.415
440.864
364.727
401.092
397.167
361.218
391.037
392.654
351.042
443.06
382.545
347.402
432.003
384.604
432.368
382.021
368.856
322.106
389.154
300.669
319.233
361.654
431.217
390.132
351.774
386.991
388.765
400.445
365.186
405.338
361.841
414.533
408.443
375.567
407.957
465.298
341.871
397.031
402.005
364.025
355.162
389.563
422.922
415.589
387.78
448.351
320.525
430.639
417.987
443.556
361.31
370.68
389.585
382.899
369.865
432.219
340.583
356.482
360.246
392.852
510.889
458.051
440.204
357.824
357.984
399.444
479.554
356.636
365.386
402.342
361.403
396.089
393.305
419.967
403.408
347.716
454.078
373.894
396.561
445.047
368.359
427.388
410.741
366.925
466.453
518.063
366.773
353.041
365.369
364.438
481.831
373.185
394.003
371.325
371.597
335.426
363.342
363.162
408.753
314.72
332.503
364.595
425.747
357.867
364.555
391.082
372.062
351.829
383.536
347.906
325.754
490.78
347.986
457.965
317.08
347.792
288.033
376.479
321.096
327.757
436.615
409.116
412.951
323.638
410.709
410.563
360.338
403.186
315.639
390.439
412.411
403.705
361.512
389.743
394.889
418.612
383.43
358.247
342.259
418.428
387.871
341.16
392.28
294.69
475.586
352.27
391.482
449.816
394.031
435.063
383.887
463.466
371.896
323.984
370.845
376.905
376.47
473.582
382.552
376.028
370.164
389.697
394.206
404.112
443.809
360.268
403.254
366.509
340.114
312.685
375.611
391.959
399.832
385.388
404.415
376.203
373.403
418.385
381.04
401.952
342.486
413.877
396.907
376.442
409.834
422.349
347.668
339.931
358.02
337.24
354.397
390.323
377.189
336.308
362.767
422.343
337.815
403.019
445.339
410.873
399.547
364.252
335.203
411.088
400.665
461.819
371.496
293.664
364.169
376.8
389.601
367.65
386.933
402.393
415.874
394.922
355.215
386.738
382.535
378.047
426.77
373.224
383.806
361.586
395.862
392.05
384.562
368.77
355.496
422.29
354.228
351.939
399.987
439.356
379.359
323.593
380.753
368.105
395.244
369.693
364.837
326.658
393.32
439.036
381.996
402.763
332.711
313.004
379.139
421.231
361.412
383.378
363.759
427.678
371.196
457.36
407.3
379.787
407.752
374.74
364.838
346.827
402.647
410.074
381.624
366.098
446.203
386.634
334.002
416.378
309.544
322.331
362.209
409.38
339.629
333.627
363.355
417.799
335.174
440.81
400.883
439.544
384.206
449.72
412.707
360.772
409.494
411.213
370.71
427.213
380.216
365.82
368.825
464.93
362.512
338.657
352.48
492.932
318.849
378.869
418.197
379.358
391.591
404.987
365.901
444.815
387.981
403.631
350.92
342.251
391.494
376.736
344.889
393.398
393.491
416.925
376.808
296.599
382.726
409.12
384.528
383.278
379.003
453.038
343.626
362.07
422.337
350.274
449.679
432.272
386.619
341.971
328.69
400.704
315.072
395.975
406.877
435.491
443.049
409.761
434.872
333.114
386.994
371.851
431.443
380.43
329.729
457.272
453.171
330.545
386.619
447.374
394.459
340.62
361.141
421.002
403.524
354.591
447.989
455.964
372.34
352.217
400.126
389.465
401.346
370.59
400.199
423.109
417.004
444.165
390.023
450.402
306.66
345.474
435.028
482.678
442.701
379.169
437.962
384.12
415.159
365.328
387.155
370.495
388.622
349.111
426.094
357.293
380.544
424.386
397.677
395.648
406.146
382.968
434.783
346.073
350.2
391.257
406.761
388.581
356.015
361.742
413.955
410.155
374.882
395.71
343.927
395.137
355.307
364.158
369.501
391.029
342.717
355.952
343.012
351.511
367.659
411.299
423.875
398.74
374.257
437.533
396.915
283.749
394.283
376.762
371.8
360.181
391.332
455.068
418.677
371.769
385.843
471.007
444.983
519.946
381.951
361.068
352.242
407.137
364.73
412.55
391.762
422.314
372.468
376.791
358.216
415.761
354.775
380.742
338.357
419.671
398.786
380.254
395.372
365.901
406.151
412.472
399.197
329.133
325.753
403.491
371.526
340.952
384.689
337.729
374.829
329.499
377.158
493.423
387.4
441.873
375.885
387.1
338.519
400.176
425.291
453.031
393.494
465.251
409.763
388.156
381.993
384.776
406.48
355.202
364.142
402.021
334.759
380.567
384.108
338.662
472.782
319.431
376.03
358.396
380.997
390.841
428.573
355.953
352.996
360.063
337.855
442.737
368.796
404.298
380.988
438.176
330.438
385.176
430.052
382.486
357.445
411.832
379.997
361.035
383.927
358.989
429.006
506.72
389.961
379.899
426.825
377.301
369.548
393.648
366.405
336.454
323.051
390.937
406.829
347.912
405.309
371.519
396.544
373.976
335.149
384.173
339.324
367.172
378.693
309.353
390.045
381.53
329.033
374.809
386.228
407.13
376.202
378.768
358.163
350.732
429.346
475.25
441.345
335.518
405.698
392.806
383.997
355.959
389.789
402.632
350.548
422.432
335.718
411.311
397.327
444.18
470.204
302.119
343.949
350.636
351.979
375.222
329.68
395.308
342.64
423.393
379.105
392.548
317.98
440.62
342.685
351.901
402.06
401.691
384.433
367.604
346.852
406.553
402.415
357.422
376.463
364.141
411.08
353.02
393.964
398.143
460.379
432.301
372.226
382.245
387.533
374.002
357.975
385.331
363.493
334.033
311.913
364.918
381.423
310.717
340.506
335.979
370.047
356.952
396.776
385.921
388.044
419.914
362.865
372.192
388.962
412.284
347.085
377.787
359.38
312.315
421.921
377.238
391.199
385.32
318.38
385.677
344.065
480.079
407.554
393.697
345.292
333.77
371.453
369.135
447.299
350.431
443.685
374.15
366.608
398.752
408.029
383.777
349.962
363.29
370.686
377.469
280.296
365.578
354.336
391.746
357.612
393.125
382.116
417.087
322.799
375.48
312.809
348.584
373.227
379.487
356.486
391.194
397.619
422.317
370.903
406.724
510.708
410.08
344.778
453.234
438.822
381.546
346.005
393.921
440.945
476.8
418.138
377.002
427.784
373.132
388.957
377.743
366.835
367.753
422.584
389.338
360.674
358.357
360.564
421.688
359.193
409.018
394.145
393.258
325.282
419.607
360.406
421.415
388.261
325.841
301.441
309.831
398.597
380.992
406.802
392.217
398.132
351.196
360.77
308.355
409.75
404.625
394.329
364.852
388.709
373.211
414.666
406.511
387.118
340.647
386.419
400.304
362.995
334.309
375.511
394.49
349.776
284.122
314.86
430.894
391.432
397.655
393.42
340.104
403.721
292.092
422.191
390.69
360.635
362.275
373.175
401.902
335.051
353.814
383.241
374.483
400.896
334.203
393.309
326.565
345.065
437.024
339.994
326.792
358.151
392.053
324.607
338.43
372.778
367.554
368.586
375.915
421.134
359.134
339.516
372.938
413.766
330.965
319.245
388.223
474.158
336.692
432.838
420.778
354.063
403.022
338.8
327.073
396.179
385.421
344.5
366.637
360.105
411.587
391.121
334.93
396.15
379.491
377.055
409.752
391.082
394.82
372.361
401.023
402.522
430.907
353.605
359.111
346.802
345.68
388.329
425.786
354.099
397.169
318.244
417.317
408.324
360.244
325.263
378.609
373.715
394.686
415.242
339.253
335.834
273.881
349.835
357.439
434.462
323.814
384.209
372.908
327.416
342.948
446.096
348.928
438.396
367.868
380.751
383.134
369.379
312.055
399.959
409.147
411.666
324.97
370.605
297.305
358.245
433.591
391.759
436.258
426.494
355.834
354.011
372.209
375.702
371.42
317.779
394.831
380.075
326.672
440.994
446.26
375.48
386.532
293.813
412.134
390.112
372.63
355.447
350.144
390.655
402.042
369.017
350.884
351.598
404.02
428.542
413.904
395.264
381.312
365.832
414.559
430.713
399.32
377.961
320.835
410.593
361.856
364.514
360.289
384.902
410.342
358.531
371.972
416.122
338.018
338.026
383.82
378.752
352.555
412.231
319.78
333.257
339.91
348.674
402.851
315.692
317.053
346.978
357.752
351.572
385.876
433.455
393.988
348.182
388.976
439.452
402.277
350.299
453.253
438.765
386.148
337.381
378.215
393.442
367.959
310.023
409.786
391.833
323.28
373.452
353.661
350.173
398.775
290.719
418.243
397.851
383.352
384.384
383.898
418.22
359.3
351.624
356.393
339.973
402.294
333.943
353.85
356.428
339.917
416.548
423.192
410.941
453.043
475.405
415.748
367.005
384.1
395.568
349.72
394.133
397.072
359.915
379.46
341.282
346.219
410.793
359.779
346.769
391.734
409.035
314.656
301.025
425.02
380.413
476.172
382.398
421.582
408.918
329.002
405.72
374.965
412.038
388.439
355.094
411.478
330.528
363.839
351.813
336.149
435.676
394.246
360.64
343.544
444.459
341.61
363.909
374.505
368.097
387.115
309.017
354.542
392.123
425.785
399.984
310.114
312.519
357.563
380.282
396.318
403.857
408.278
419.017
342.135
382.58
325.306
379.114
443.423
411.008
343.685
414.684
418.429
369.21
391.956
440.479
424.611
413.936
427.612
421.9
397.722
428.577
393.661
416.591
430.355
378.852
311.423
306.625
359.257
373.209
317.085
430.239
389.279
397.402
362.795
388.219
326.619
365.899
383.056
444.66
422.154
378.976
386.701
381.495
419.82
365.029
378.893
331.754
388.913
402.842
399.11
415.11
299.244
383.84
379.85
385.706
410.102
400.561
414.609
386.03
356.304
385.653
394.201
363.34
349.832
360.958
366.696
421.461
412.046
326.599
341.3
396.244
353.843
410.208
342.012
399.002
403.974
323.675
379.879
415.32
401.748
390.914
447.011
377.099
422.086
330.589
392.89
404.228
425.234
317.165
391.921
396.438
367.232
365.961
387.426
342.892
399.182
417.141
356.128
422.502
360.737
352.537
407.821
359.567
359.833
355.459
375.428
404.609
395.643
388.081
380.021
413.859
374.252
393.754
389.015
356.147
415.273
337.624
399.643
351.765
387.594
389.952
413.34
448.586
405.363
383.479
296.828
429.403
419.201
316.886
387.359
396.866
365.036
347.865
341.075
449.372
345.587
381.535
305.12
365.826
344.349
349.879
356.344
451.992
317.696
335.682
434.434
441.869
408.905
398.571
338.658
406.06
361.525
391.196
429.056
356.027
360.3
406.108
321.727
305.589
388.861
368.398
357.668
351.237
399.876
348.457
400.674
430.169
389.698
435.686
434.339
343.679
409.808
365.388
401.579
415.235
366.434
370.916
363.645
327.878
408.423
352.031
421.591
387.65
362.183
396.053
381.729
417.526
382.346
380.416
353.921
404.936
358.453
375.908
446.235
387.101
432.61
333.62
388.905
376.429
443.983
397.245
328.865
496.026
440.298
381.132
411.96
370.315
347.438
384.819
456.222
441.028
342.945
357.525
381.978
414.113
432.471
357.158
404.35
348.586
404.626
345.116
395.143
393.593
356.368
393.188
412.365
369.739
396.614
349.441
337.82
387.694
347.293
411.367
407.939
374.385
407.39
438.223
368.777
311.964
333.389
388.195
446.027
393.901
383.171
387.393
355.918
327.007
290.431
371.112
337.219
373.753
416.463
331.347
342.693
410.752
354.715
393.972
342.898
405.177
405.568
386.82
411.666
414.258
379.66
393.678
343.425
377.443
398.727
399.11
333.035
371.509
384.701
352.482
400.586
369.174
331.639
400.358
449.267
393.738
371.096
477.913
355.344
418.855
337.157
390.657
347.24
432.517
432.664
399.705
353.292
339.805
317.048
371.921
362.133
422.273
332.602
409.446
348.702
370.556
394.788
385.406
378.528
335.588
375.727
408.842
431.581
333.078
397.239
378.895
410.155
361.888
367.562
441.67
426.06
405.812
389.315
386.014
378.615
360.514
371.647
322.47
313.025
422.25
330.492
385.349
310.849
363.343
379.719
400.92
339.214
422.263
391.1
343.213
351.783
440.977
376.926
409.421
312.486
343.654
351.544
428.618
370.997
375.642
343.68
423.891
360.456
375.841
366.767
346.948
331.735
333.147
464.143
370.984
349.598
351
411.209
392.134
346.162
414.411
424.345
425.4
416.813
375.905
377.927
406.967
345.08
385.145
413.994
436.324
411.789
402.533
360.735
351.884
409.127
294.045
390.62
387.204
378.322
380.038
340.366
445.007
414.592
381.219
385.126
366.463
344.178
437.565
349.968
359.36
431.191
407.891
394.024
329.662
365.229
428.565
394.563
373.99
351.563
341.592
331.097
378.836
405.943
312.555
343.978
401.113
374.842
395.57
375.597
368.438
343.342
340.322
382.974
413.553
363.973
313.968
415.963
405.146
391.254
386.966
353.701
438.99
356.179
319.161
424.424
359.674
354.943
369.251
398.054
389.99
382.15
416.566
396.804
407.1
339.171
413.706
393.083
436.061
384.519
401.716
299.865
389.273
401.37
398.704
390.358
350.823
400.238
414.795
407.828
295.119
431.118
347.272
331.29
414.954
392.344
374.32
358.101
398.697
391.676
383.512
394.553
345.459
405.879
448.016
333.53
368.479
387.525
382.994
416.106
425.321
357.935
347.333
340.734
394.241
486.924
401.593
397.703
456.685
375.563
417.418
356.968
389.673
371.272
416.728
415.012
409.159
351.557
405.407
372.953
439.507
339.312
372.827
360.644
429.245
451.131
320.786
346.054
387.786
447.03
398.735
361.285
348.411
348.909
346.687
405.905
410.85
364.506
362.69
410.31
482.628
385.288
420.278
422.81
389.231
356.676
402.868
387.025
423.844
406.827
335.994
349.064
405.835
400.673
380.171
422.248
357.23
422.428
371.519
431.231
360.787
401.37
350.403
375.218
366.571
398.163
361.616
401.141
351.819
358.528
407.394
353.459
362.688
388.407
323.274
410.525
471.521
434.688
470.689
373.469
406.55
374.192
335.898
411.421
348.638
337.178
385.748
439.104
397.644
277.921
393.318
383.176
414.31
361.887
413.885
377.047
341.34
352.487
366.676
383.92
315.083
456.062
398.435
433.759
297.243
394.726
378.156
373.177
357.043
391.848
297.503
426.997
355.081
410.706
344.348
350.979
414.362
422.733
361.971
361.956
422.305
319.732
375.426
402.009
431.012
301.494
340.981
314.536
422.879
361.498
298.915
468.253
391.705
290.889
318.428
356.419
383.591
380.584
341.527
394.717
315.557
401.353
429.641
365.968
354.46
389.853
370.387
366.779
428.528
401.846
422.713
377.118
436.752
351.118
338.535
427.063
413.678
386.386
426.34
321.472
387.801
342.286
340.776
383.257
393.685
324.315
431.31
418.764
298.995
379.728
433.503
412.241
382.442
445.003
371.116
413.667
393.228
353.662
446.957
341.832
373.104
331.561
408.402
399.041
418.882
349.86
363.338
425.661
412.114
424.618
423.063
367.552
449.173
351.06
394.118
392.112
382.45
434.686
374.43
374.495
433.932
329.189
371.024
332.386
417.711
365.608
391.516
361.224
427.765
309.643
352.157
345.262
397.818
352.466
357.186
439.866
397.455
319.681
367.114
400.496
341.44
344.054
423.159
383.224
402.859
357.752
323.592
362.267
399.475
428.61
374.448
401.497
377.812
400.399
336.288
381.02
384.162
402.421
329.161
345.914
336.973
425.572
430.211
411.433
426.377
365.027
352.896
440.956
367.472
300.996
326.047
430.816
347.298
390.781
368.301
368.076
320.521
319.6
348.7
408.631
376.212
466.994
374.527
408.929
344.89
381.213
435.483
413.559
313.903
437.955
402.402
409.733
449.128
329.656
350.057
354.689
412.031
371.686
382.691
352.756
352.576
381.366
393.691
399.184
392.334
367.392
314.839
427.579
400.477
355.281
387.599
430.195
389.906
447.672
361.344
375.434
394.064
374.52
400.831
414.259
368.011
393.571
428.151
440.565
411.893
373.972
313.642
521.153
380.355
406.501
359.136
349.961
301.841
393.312
363.726
343.106
382.64
383.714
408.647
339.205
384.654
265.484
341.495
339.238
331.465
342.497
404.967
396.346
371.213
319.433
350.872
399.824
372.876
404.71
437.54
367.935
307.378
361.019
362.306
263.838
448.951
316.914
377.925
317.136
341.746
355.626
436.693
364.664
350.163
409.362
335.561
281.233
383.83
362.221
358.793
380.996
330.582
366.033
376.217
405.307
410.711
354.358
384.248
441.322
452.012
445.269
386.235
379.9
358.413
326.548
405.92
347.921
354.99
305.758
343.044
397.2
369.498
423.718
322.12
385.459
406.551
340.772
399.318
396.964
352.911
270.54
366.266
378.732
404.917
391.488
380.099
354.816
375.358
406.133
342.856
368.714
355.245
387.468
374.64
347.869
375.629
392.862
433.508
438.691
399.436
356.757
372.838
387.784
378.374
424.905
369.592
289.057
323.289
405.981
431.345
392.581
342.719
346.293
420.078
436.885
367.831
382.685
361.521
490.127
396.002
336.933
370.971
356.232
349.705
397.791
326.299
403.788
386.949
367.961
364.716
391.445
356.939
341.704
357.344
362.174
370.525
395.959
333.456
365.094
413.923
354.359
388.366
347.839
320.992
413.595
374.567
413.93
390.356
416.378
408.365
383.263
385.298
442.353
412.508
353.858
372.786
356.157
311.467
448.003
389.747
453.81
379.56
379.902
476.472
327.626
393.848
343.708
321.651
310.326
398.529
423.409
418.602
418.958
333.162
415.697
343.47
418.889
402.934
430.51
351.122
341.878
420.858
350.999
424.519
373.467
366.555
298.104
428.578
374.685
327.882
358.312
337.637
383.231
388.462
443.594
424.615
443.843
355.573
308.677
420.274
365.396
417.85
413.813
362.286
399.019
316.326
342.754
348.896
329.861
379.284
403.013
361.136
379.292
343.584
304.113
359.548
359.797
393.657
379.71
423.119
325.528
392.198
415.86
472.029
367.843
356.878
418.109
379.447
372.677
427.941
369.477
387.127
341.351
444.354
313.092
392.183
458.981
370.835
410.484
379.465
385.377
380.118
295.862
409.296
372.293
381.61
387.607
372.604
372.616
427.711
402.228
365.677
308.99
380.963
388.647
335.703
380.147
369.955
306.483
403.568
376.56
360.336
362.134
345.795
339.171
354.106
333.427
404.08
383.969
410.679
372.102
408.679
375.282
286.623
396.558
385.599
333.225
415.028
452.344
402.708
356.524
327.565
371.533
389.324
364.264
395.112
400.099
385.934
383.946
337.491
377.691
395.604
336.354
416.62
396.66
369.592
335.844
389.686
413.305
410.7
379.362
365.964
359.974
397.655
364.618
335.659
425.331
346.675
402.572
327.641
333.648
388.049
334.202
399.109
458.722
415.528
418.392
332.53
381.95
395.061
464.148
412.921
430.223
436.186
386.867
376.207
356.371
357.066
407.056
403.671
384.868
351.049
339.432
376.681
354.139
400.888
384.913
470.565
397.652
380.026
336.883
383.93
367.653
350.697
358.936
342.166
367.242
410.459
435.745
339.453
436.821
384.848
415.93
334.724
400.289
367.686
326.004
407.416
347.876
449.404
408.571
397.32
318.883
482.134
459.741
369.432
360.975
379.334
422.053
305.072
427.004
370.254
402.231
321.426
406.573
461.754
407.024
398.744
351.956
397.698
331.646
378.255
391.866
312.745
397.483
377.984
416.955
410.082
446.596
371.079
388.121
357.488
437.727
354.318
366.117
441.625
395.3
313.409
416.438
365.035
305.439
348.837
412.736
368.354
335.818
379.662
352.194
364.755
367.891
432.772
405.644
406.703
353.306
404.344
363.088
425.966
378.157
368.806
414.258
429.213
348.844
392.151
454.538
377.029
369.409
413.411
327.545
370.053
355.693
405.142
340.089
374.3
466.359
432.481
365.724
336.677
414.018
401.074
343.608
432.317
365.901
333.554
421.625
406.688
370.231
434.118
330.847
364.09
425.424
351.398
430.343
436.587
338.148
365.888
407.359
406.988
402.391
396.718
366.679
339.406
451.179
326.235
443.088
410.528
395.935
426.414
413.878
395.129
350.462
363.054
424.921
344.983
399.505
343.439
405.59
369.889
375.67
376.26
377.086
474.594
382.972
407.417
372.875
365.036
357.019
430.065
463.68
379.333
344.209
403.502
295.612
418.929
387.634
390.138
342.322
383.036
380.004
376.791
383.682
367.28
382.706
399.982
442.167
383.921
378.807
307.639
391.599
354.65
387.7
334.187
426.442
407.705
451.781
416.837
372.864
409.127
429.057
442.299
388.95
371.294
432.192
453.74
307.923
347.568
370.959
399.452
367.114
421.256
408.714
443.503
452.862
423.125
357.878
404.396
357.487
370.989
433.981
432.169
389.749
371.707
436.346
369.162
431.183
324.167
337.702
384.927
389.283
358.357
344.418
401.915
423.506
351.27
334.811
361.874
381.065
370.626
351.48
396.841
403.859
351.873
374.217
429.552
423.266
399.674
406.004
325.41
344.361
346.603
356.174
386.361
371.301
397.841
393.314
389.427
338.637
408.455
328.05
379.751
381.333
396.823
438.795
396.944
356.504
366.616
375.527
347.791
386.108
361.004
377.424
442.211
380.867
380.926
357.786
374.658
355.94
379.676
493.004
349.166
425.378
374.894
437.616
417.463
336.197
456.637
327.874
404.158
371.482
343.295
392.247
370.533
482.027
378.321
408.472
383.46
410.56
399.142
373.42
394.427
371.05
431.401
312.201
416.329
376.196
364.823
367.166
342.024
385.388
375.597
384.25
393.052
398.16
366.204
363.676
391.022
397.041
407.808
398.609
328.54
391.685
364.919
406.615
479.363
464.793
374.73
346.093
400.921
388.513
358.998
364.454
368.218
355.999
445.482
417.027
352.197
362.921
360.952
335.467
410.043
361.202
512.975
352.169
350.28
415.76
331.691
382.115
382.489
325.066
370.737
419.292
320.012
397.918
429.01
351.178
344.197
388.441
435.543
442.783
375.987
356.773
350.499
292.061
450.501
366.316
354.503
366.562
352.951
358.8
302.316
379.549
335.622
369.924
314.68
344.217
305.998
428.091
419.369
409.972
328.436
384.673
401.957
368.314
333.31
397.957
434.654
396.904
419.254
407.073
390.347
386.581
326.771
325.293
365.179
380.718
392.655
359.829
384.923
347.997
338.689
415.297
364.252
406.965
355.243
352.649
380.644
404.406
435.062
390.983
373.843
319.375
348.912
409.212
290.87
375.463
391.661
347.203
336.452
331.673
319.82
421.976
401.493
385.654
365.173
402.063
356.717
335.108
381.638
399.632
377.86
418.86
397.651
375.321
423.433
423.696
416.172
442.225
416.279
378.925
403.62
385.077
403.002
391.871
401.981
431.253
379.113
319.624
376.84
383.027
379.013
434.746
448.074
449.871
384.97
393.245
345.443
425.717
362.125
333.994
363.989
401.846
403.128
377.764
358.801
410.637
355.241
420.738
435.656
392.991
381.662
344.88
324.143
358.143
414.76
389.816
354.314
319.152
457.343
347.391
370.7
416.719
380.22
331.171
430.857
406.358
398.975
469.853
374.094
409.328
400.987
418.274
352.977
327.332
423.515
315.718
432.679
419.834
381.565
365.733
366.813
387.32
382.198
465.444
393.762
313.918
364.837
385.609
337.84
368.686
380.564
420.756
331.367
390.152
407.211
372.418
454.279
454.08
331.945
399.267
455.917
320.17
393.449
354.378
427.295
393.422
436.616
394.941
375.759
404.616
416.942
400.572
411.059
341.198
329.299
366.681
347.189
357.505
403.515
400.284
362.565
329.195
379.54
461.487
435.273
347.512
444.805
373.075
315.699
338.186
411.728
297.357
353.477
411.414
339.371
390.593
397.403
359.65
369.868
308.797
458.787
462.987
357.983
331.614
374.967
386.978
352.559
358.019
303.959
433.115
378.362
371.707
375.358
416.295
335.3
396.508
393.112
407.812
407.117
415.843
368.467
391.408
313.323
449.952
332.737
412.274
401.274
341.182
400.937
351.8
413.98
414.985
397.547
416.682
427.126
351.002
351.511
386.443
397.422
431.493
381.886
440.631
390.494
370.696
419.302
375.189
410.007
338.385
357.865
400.718
371.73
329.923
343.98
388.369
378.452
442.152
368.9
396.331
371.617
343.61
377.827
351.048
425.64
453.454
398.603
370.845
429.907
317.618
367.681
318.679
374.689
421.489
397.006
315.308
368.366
362.657
312.165
328.944
388.476
422.313
412.017
362.484
333.485
347.893
406.818
362.71
319.409
441.426
352.824
384.384
417.41
419.571
389.596
360.19
432.79
369.574
388.76
329.643
411.938
381.309
389.491
396.653
410.939
400.938
373.117
407.489
396.925
438.54
472.371
372.817
396.63
413.614
378.504
366.355
388.58
424.958
403.921
357.376
416.432
380.709
392.746
400.072
383.523
422.235
409.274
363.554
380.587
346.656
316.627
347.108
282.5
394.653
362.641
422.9
393.372
364.992
342.275
430.191
329.581
409.515
431.209
326.118
381.457
332.987
347.143
379.259
314.663
393.91
368.183
431.55
366.5
381.689
417.903
386.494
400.083
363.077
388.391
442.316
376.727
345.664
452.695
356.518
341.926
383.372
363.922
406.566
359.51
355.64
345.023
413.971
407.502
428.071
362.971
271.809
403.123
413.692
399.367
451.619
322.136
397.715
372.89
308.628
351.802
337.068
346.583
359.472
366.202
450.039
340.61
410.35
360.437
353.114
348.333
353.234
389.939
301.009
404.241
420.583
413.84
432.072
375.944
385.345
429.525
356.487
468.52
372.486
464.741
369.365
387.982
390.147
368.456
379.389
370.862
398.664
394.374
411.691
443.967
341.27
375.433
419.792
314.825
403.338
369.46
383.35
447.76
338.775
407.302
328.495
339.893
461.434
349.455
329.429
349.454
357.902
438.977
376.636
395.827
356.775
460.972
401.37
346.101
364.497
393.125
453.931
364.413
395.268
413.841
367.841
273.443
318.148
422.769
396.833
406.934
382.442
388.423
402.249
335.52
383.629
408.056
337.804
389.934
363.457
386.364
429.531
386.685
403.422
350.253
364.016
377.861
362.787
315.376
447.885
464.232
438.41
411.049
356.844
425.839
451.192
355.064
422.348
338.867
362.78
431.256
315.621
340.775
339.573
368.974
418.771
380.696
333.244
414.301
345.856
402.28
352.985
368.253
403.354
291.304
383.267
368.662
362.936
400.544
386.808
412.238
335.836
325.691
442.61
379.257
386.076
354.27
346.533
396.372
383.167
369.36
381.639
411.277
401.411
385.751
393.785
373.379
415.909
377.619
389.047
352.114
327.382
370.213
411.102
376.007
326.916
458.007
338.35
362.912
374.435
407.479
401.708
394.661
415.123
413.036
374.18
408.364
369.942
377.247
336.287
333.644
330.664
346.257
386.492
423.767
391.593
382.722
424.697
454.856
372.94
340.866
407.358
351.543
370.408
313.095
354.163
302.392
327.249
440.589
458.336
372.386
357.8
389.272
397.479
416.543
385.121
365.894
359.383
382.923
344.297
436.03
361.822
353.88
397.272
376.046
370.876
372.864
297.061
397.705
460.095
362.814
373.599
379.974
370.764
401.865
334.366
413.605
369.181
410.933
342.203
381.37
387.854
366.648
392.117
369.294
377.391
367.598
352.088
298.423
372.18
392.472
401.94
374.778
378.244
324.234
367.305
405.268
367.639
423.162
333.676
367.481
408.798
324.352
427.611
367.997
354.828
377.184
366.251
341.18
350.435
412.791
460.586
368.592
393.131
448.726
404.681
414.835
355.101
426.113
464.715
419.436
379.054
380.352
353.05
380.913
371.176
393.833
334.62
385.804
319.125
384.533
411.054
411
372.12
375.924
403.248
411.494
350.635
373.005
368.218
395.244
391.148
368.653
372.531
384.169
410.031
314.998
347.168
329.31
371.106
392.738
426.437
375.433
322.918
368.633
399.522
378.767
466.776
306.237
433.899
389.801
455.394
391.542
375.206
403.365
422.434
371.004
388.656
367.103
334.546
317.011
416.693
385.83
423.501
385.675
357.988
395.197
350.565
297.808
377.548
429.883
340.029
366.603
347.11
356.01
417.718
487.651
373.859
368.781
336.008
394.186
380.061
427.053
390.175
353.538
334.209
381.394
303.585
359.132
350.763
406.337
366.176
377.356
338.448
420.128
449.322
351.492
353.106
348.735
376.897
409.877
324.173
399.537
342.124
452.417
379.99
374.838
463.226
506.448
390.829
381.092
409.489
368.955
480.049
386.488
417.307
366.888
373.247
399.836
367.006
342.782
452.822
386.811
453.372
328.003
361.269
389.295
450.727
407.419
392.197
361.966
372.601
370.676
402.325
422.932
385.397
367.453
317.447
366.238
402.689
349.591
389.089
428.033
404.821
363.333
310.931
357.104
397.702
341.008
331.873
314.501
354.116
363.525
398.769
369.066
411.82
358.999
398.054
382.146
358.667
381.92
413.43
410.474
424.101
363.87
330.4
414.217
332.973
335.946
378.678
342.475
327.401
401.267
358.986
426.751
402.009
388.916
383.52
382.653
382.961
403.296
405.615
422.184
393.366
437.035
429.276
312.959
350.59
356.935
412.247
369.644
363.504
424.218
316.07
393.936
419.998
432.929
383.234
363.59
416.885
357.116
402.1
384.213
399.526
389.613
358.093
408.946
414.774
378.366
489.996
356.711
379.086
338.63
329.939
389.711
327.279
469.151
310.366
345.915
430.873
408.206
348.128
426.682
360.727
415.176
329.157
371.264
386.806
325.821
389.163
475.413
356.499
377.805
384.437
380.811
379.453
389.871
382.252
437.943
331.723
344.398
405.715
346.175
408.363
401.076
391.714
414.671
349.988
383.968
345.481
362.566
367.106
356.074
342.774
390.883
362.31
435.104
387.917
408.179
390.854
395.686
338.356
425.842
381.903
288.441
415.1
384.058
307.213
361.778
410.89
420.316
381.699
404.6
456.052
317.957
399.017
354.577
378.367
406.264
390.676
305.913
328.826
359.639
382.44
374.758
346.108
348.629
331.941
377.846
352.468
418.925
353.937
459.429
341.496
356.934
320.791
347.552
481.378
360.78
385.196
375.559
337.458
386.733
382.359
356.467
351.585
326.909
384.718
364.42
373.842
454.897
419.827
377.651
360.352
357.183
368.778
377.266
347.568
308.141
363.18
380.964
352.518
373.671
385.296
429.183
374.83
418.324
406.353
362.307
354.381
380.075
343.616
286.724
395.566
439.758
359.017
338.212
365.326
354.755
351.055
406.4
415.593
412.964
369.903
459.075
345.855
356.172
351.241
373.118
396.878
410.575
426.276
446.351
380.119
407.894
396.166
384.518
447.66
386.922
341.127
445.815
371.363
371.727
372.551
435.283
366.665
407.499
326.986
363.655
365.611
412.791
403.382
390.881
407.322
343.347
397.433
341.949
409.192
388.286
392.538
422.841
327.394
367.102
326.938
333.442
410.864
366.125
367.533
351.902
370.088
389.568
429.449
452.066
386.131
322.947
363.181
357.732
341.281
355.309
407.08
436.158
370.104
371.493
372.066
386.578
443.915
423.532
414.983
334.345
335.201
381.9
398.468
434.279
398.392
427.116
405.906
416.957
380.576
426.377
400.901
410.06
398.021
391.306
408.884
407.788
349.257
315.81
410.569
342.37
452.874
396.027
446.56
393.676
444.656
365.877
437.732
362.787
411.554
379.814
336.451
390.755
409.487
374.512
378.311
443.563
362.342
459.324
364.692
398.742
320.826
421.72
358.928
343.236
407.804
333.077
426.022
368.807
379.793
393.302
323.171
442.478
472.055
298.456
425.441
337.046
313.481
386.329
393.464
406.438
433.221
328.578
398.59
406.361
370.299
356.961
401.625
406.021
366.691
391.655
442.919
364.531
448.668
408.94
352.906
394.274
416.06
393.975
437.793
348.221
333.423
332.831
419.353
341.375
380.988
418.463
330.639
382.055
357.87
403.041
427.453
332.096
436.307
353.761
453.895
396.405
289.068
374.533
396.858
404.469
382.156
380.344
409.505
405.906
474.05
404.263
415.369
367.98
373.627
406.985
304.627
396.83
323.168
365.552
363.252
382.7
337.189
417.559
406.247
413.845
344.031
376.875
362.148
342.596
397.775
357.724
353.409
396.151
378.754
327.368
422.044
401.632
386.701
452.43
391.637
454.657
366.568
379.132
389.776
373.843
364.323
405.465
432.96
380
417.87
409.535
354.291
403.783
362.043
352.991
424.553
339.825
389.673
497.95
405.808
400.531
454.473
340.087
336.706
339.859
363.43
321.274
425.68
324.912
315.093
370.957
395.548
385.2
376.019
327.339
432.156
362.955
398.038
383.224
381.28
340.551
365.61
377.347
327.277
377.314
364.291
390.69
386.637
436.667
312.047
355.013
374.537
340.28
323.876
428.136
369.472
368.53
282.282
403.505
340.564
353.148
371.721
446.99
391.314
418.383
428.25
421.262
326.877
415.759
399.531
388.656
354.106
377.848
336.185
324.335
399.091
368.847
419.858
387.901
402.439
392.228
427.645
411.29
358.346
396.796
394.939
395.073
387.658
425.271
351.361
385.45
375.488
441.864
446.012
328.215
297.831
347.573
417.296
374.945
364.399
387.402
380.378
359.572
355.063
450.519
368.724
381.573
376.265
386.342
368.746
386.326
360.553
434.108
393.597
429.432
417.86
355.545
315.996
350.406
397.404
323.774
370.374
435.613
397.718
374.912
466.236
420.695
319.565
370.199
351.32
408.786
379.666
478.769
340.445
360.166
367.777
374.203
416.42
363.568
426.758
382.267
347.244
356.459
374.78
319.924
422.715
406.253
365.838
337.882
463.59
382.398
345.766
323.443
376.472
364.523
357.618
396.348
359.828
356.818
340.899
364.573
366.89
366.22
348.987
385.018
358.962
395.198
285.483
381.779
384.016
381.158
355.955
358.325
395.386
352.065
381.976
390.633
440.55
383.329
331.74
383.869
356.149
378.642
382.18
422.587
359.715
394.485
409.797
360.328
331.576
345.872
398.041
340.598
409.519
376.407
398.401
342.087
312.982
443.831
494.873
379.295
353.502
363.716
445.064
407.626
372.01
372.489
369.587
320.27
373.91
355.895
432.155
364.794
335.827
392.988
344.653
395.638
366.225
440.156
360.66
407.972
390.703
375.048
407.817
364.907
345.559
378.517
336.187
396.742
449.42
403.06
341.479
334.095
410.913
350.651
339.872
316.5
398.054
299.16
336.409
327.68
386.893
345.94
389.649
382.859
357.904
344.135
366.085
417.575
354.7
387.055
372.004
345.504
335.816
362.038
374.396
371.517
331.779
396.388
306.383
375.598
376.185
413.714
356.442
400.376
410.045
462.164
349.184
360.296
431.438
411.309
375.95
412.006
401.027
353.337
400.996
364.799
396.853
391.749
443.666
281.772
372.411
336.232
396.882
348.808
376.06
442.628
382.44
332.553
392.048
336.283
405.082
339.922
390.751
375.056
341.226
347.366
371.603
368.071
358.928
358.745
402.429
402.204
413.903
382.349
375.399
356.147
391.582
384.42
382.511
386.521
362.433
403.074
370.567
305.395
384.055
474.19
360.185
455.677
411.905
397.278
379.265
390.635
403.35
376.677
387.395
348.877
438.28
376.533
400.986
347.166
368.773
413.113
389.952
373.492
366.087
373.188
434.328
423.071
368.777
350.389
352.039
409.115
451.337
421.572
396.61
450.745
356.022
360.694
301.734
395.205
345.478
299.778
392.637
371.086
445.893
399.123
396.459
350.651
351.146
386.997
356.41
419.042
402.31
353.243
352.955
366.185
367.619
404.932
376.474
366.238
416.134
381.546
338.547
401.583
345.198
339.289
333.38
369.242
355.175
405.821
343.25
363.554
345.397
421.643
394.208
362.711
318.234
433.117
357.389
419.739
306.141
424.371
415.992
381.007
367.144
383.012
383.688
450.6
384.758
354.414
328.397
333.572
379.835
427.302
447.217
324.139
409.858
474.189
303.995
363.448
384.418
346.67
411.723
362.927
384.716
425.462
381.879
411.124
438.943
432.087
412.212
396.885
429.302
408.517
461.592
393.337
375.779
420.548
397.407
368.163
433.667
419.378
400.998
373.481
353.469
406.426
376.462
397.283
386.978
370.17
347.819
318.767
351.672
358.807
375.366
396.694
326.603
400.329
306.084
395.273
382.07
395.983
380.599
344.54
494.445
387.89
381.289
356.668
475.579
386.168
370.219
355.682
407.109
434.889
406.115
347.176
382.245
455.746
454.932
386.221
481.396
373.088
309.555
370.667
385.698
362.161
363.537
376.716
444.511
347.969
413.244
447.897
345.265
364.446
463.587
350.785
377.134
318.382
383.507
382.026
390.006
321.357
368.698
433.392
387.393
365.035
387.027
294.591
372.901
353.912
358.527
317.102
442.965
334.59
386.19
350.443
315.784
414.162
362.197
379.45
415.351
372.312
348.097
390.34
452.755
403.51
421.976
344.402
378.395
385.497
314.453
339.132
369.47
387.768
324.189
411.022
409.854
431.955
364.231
397.769
318.492
414.725
407.16
387.383
371.728
379.864
367.313
366.196
373.297
393.876
431.562
356.177
376.218
388.243
381.489
352.86
385.144
285.922
404.369
405.147
379.871
393.992
330.876
409.562
408.415
461.261
375.033
432.036
440.614
438.043
447.888
406.197
334.467
396.066
476.879
427.458
407.114
353.465
455.674
364.485
400.982
362.738
424.208
428.703
341.738
381.376
368.62
387.133
346.945
321.933
392.092
377.987
388.567
419.003
403.408
357.877
377.027
380.851
359.376
371.371
415.706
405.201
434.098
388.933
420.868
339.548
372.912
413.05
413.85
408.811
398.338
402.285
332.675
404.784
367.093
347.146
444.763
397.446
338.048
342.149
399.612
345.299
333.044
410.318
377.306
346.89
493.481
430.732
356.301
439.14
361.569
349.956
405.876
438.691
374.443
387.906
426.129
380.01
383.77
359.557
401.993
373.956
337.563
371.472
327.057
426.422
451.657
353.034
380.321
400.682
455.098
415.072
367.169
378.545
402.029
362.842
381.599
479.781
403.191
394.336
358.904
424.085
362.622
393.954
472.228
384.425
315.077
395.4
420.276
397.47
366.759
337.962
395.047
383.515
326.837
451.268
363.553
358.652
371.698
485.72
424.691
356.165
383.388
383.609
374.231
409.952
436.372
328.393
384.839
425.256
323.404
364.657
289.118
403.522
356.259
374.928
414.979
365.037
396.527
394.207
361.267
379.231
387.078
362.718
381.696
352.578
346.339
368.717
426.652
308.732
394.119
349.614
429.102
374.873
386.704
418.166
326.758
382.285
343.863
314.395
397.557
391.947
361.34
453.317
336.759
420.24
379.777
319.084
366.528
350.621
346.002
399.515
328.25
422.142
345.918
419.558
428.667
384.365
371.061
345.125
344.38
463.516
406.907
389.007
448.304
486.982
404.691
386.488
353.289
403.243
378.446
343.196
398.509
397.769
438.068
382.737
414.868
360.974
340.572
316.061
374.313
332.439
439.2
347.132
406.114
392.098
393.673
391.363
416.653
420.712
402.725
371.789
360.728
312.82
424.705
438.738
384.369
431.283
380.256
316.944
340.29
399.247
380.588
384.031
371.008
388.292
382.416
368.767
388.421
347.798
348.713
399.113
379.781
443.244
404.542
383.848
381.823
348.354
375.096
390.349
391.113
442.057
305.936
329.809
402.274
349.047
404.592
410.124
407.838
401.365
458.387
442.099
380.946
383.899
439.398
402.519
324.688
389.597
325.738
364.751
363.92
358.363
349.239
350.749
379.037
327.37
418.075
377.677
389.135
408.392
425.628
399.067
333.231
324.343
402.9
433.712
321.079
419.271
429.236
382.455
365.596
369.335
383.227
339.925
381.636
375.127
446.594
390.651
322.93
380.178
394.59
407.782
392.187
335.572
347.97
360.225
330.133
342.568
377.749
374.653
411.8
334.468
360.407
410.349
363.302
409.677
345.396
412.154
310.052
353.381
340.43
439.586
407.743
417.463
358.051
392.155
348.935
397.757
423.921
356.963
348.373
386.955
409.876
342.576
410.357
383.37
423.57
375.735
433.764
388.07
386.984
342.743
389.877
370.579
399.413
363.8
388.722
423.759
386.977
449.416
326.779
379.701
478.155
404.895
412.522
380.424
426.721
339.817
410.632
357.067
367.173
397.254
407.934
386.549
437
382.188
404.194
363.126
357.083
383.822
401.118
355.546
387.932
429.869
359.023
348.138
372.861
339.191
406.994
431.897
350.514
412.718
402.274
362.156
393.864
433.732
271.569
369.309
389.163
349.518
452.405
401.164
365.232
395.068
331.854
379.037
336.437
447.83
343.535
451.403
457.622
393.764
425.058
341.24
337.946
452.969
313.392
414.897
409.74
412.686
378.36
382.811
352.711
354.702
339.94
447.281
377.081
420.127
453.977
341.295
375.705
355.952
397.698
394.64
454.452
470.487
355.449
375.019
338.727
335.421
383.249
301.989
411.47
382.304
335.799
323.442
356.687
502.328
412.448
367.438
351.233
350.162
420.894
416.95
320.24
387.288
400.949
402.435
382.735
354.794
362.471
333.927
296.072
453.479
303.211
401.977
395.229
385.059
337.727
423.032
380.107
351.012
320.479
315.334
393.685
394.307
379.667
431.144
346.906
310.014
397.3
412.394
422.296
444.347
387.09
386.229
397.057
370.665
462.597
389.7
456.138
319.696
360.668
460.721
344.473
424.92
368.257
408.67
390.143
352.168
300.32
465.174
339.117
418.58
331.28
349.11
363.991
393.747
423.112
449.216
335.638
484.707
421.016
377.535
370.889
414.651
371.259
350.257
379.483
373.926
410.285
401.969
372.806
383.473
409.419
412.024
391.105
369.846
363.815
409.5
336.936
441.567
346.044
357.967
374.186
424.84
352.582
373.099
355.52
349.648
375.582
384.129
361.286
396.813
376.995
409.97
396.609
400.978
399.319
296.789
346.889
488.831
356.874
310.543
334.393
446.997
372.286
346.286
389.728
403.941
376.916
341.573
344.382
404.066
391.876
354.314
369.386
379.654
375.394
377.414
436.121
425.65
311.935
391.053
377.795
418.58
405.205
335.767
404.709
416.908
358.358
380.803
399.179
373.72
428.984
376.554
394.18
362.624
407.509
378.085
386.871
419.202
390.395
312.904
374.199
409.359
359.785
332.916
349.488
398.5
361.718
401.426
370.963
381.246
473.689
351.944
380.897
318.317
425.434
372.687
405.043
383.501
432.048
337.523
376.304
400.672
331
287.958
467.916
389.068
433.643
351.789
372.962
413.566
360.159
368.801
320.966
380.164
337.189
338.501
364.266
399.12
379.963
402.282
389.857
350.166
419.188
293.477
366.789
354.342
422.83
354.974
381.427
336.336
352.054
401.176
435.602
382.152
410.884
391.836
338.869
426.062
462.217
435.041
383.944
398.496
445.9
363.346
446.175
374.135
432.689
414.393
398.691
358.878
430.026
332.37
359.498
350.035
373.658
406.257
411.057
377.004
348.818
477.505
396.934
371.103
391.781
378.982
323.523
413.194
386.448
366.874
391.868
377.167
432.332
381.748
349.87
394.658
316.574
402.428
313.137
420.292
369.514
385.987
351.242
344.311
415.821
391.644
424.673
359.674
455.066
417.749
368.49
446.787
339.862
374.599
368.421
384.373
338.057
365.802
413.321
396.792
395.754
390.492
422.198
394.381
350.645
342.872
423.4
440.355
452.382
343.389
342.746
376.138
408.027
390.014
350.353
409.568
355.56
317.334
381.189
387.188
379.015
366.889
397.427
428.013
347.477
360.203
377.528
338.556
383.307
371.643
353.061
363.181
408.675
372.346
415.929
379.408
398.897
