85.1944
116.045
98.9172
113.04
130.595
101.775
100.831
89.6175
107.05
109.437
83.3769
111.3
87.3571
105.845
144.384
122.573
103.497
76.1508
100.083
83.7293
95.2208
102.74
91.733
103.048
87.101
102.134
105.362
93.1769
108.292
121.07
89.8805
108.276
104.026
123.323
94.3574
96.9401
112.933
89.3942
116.367
104.009
136.951
102.046
125.227
104.725
105.923
99.8911
102.016
110.097
100.057
135.035
119.731
111.251
108.975
117.919
107.083
86.2558
98.0658
100.02
95.0923
99.1096
111.823
140.004
110.619
86.8604
92.6963
120.625
116.226
84.0204
104.122
89.6795
72.4085
107.819
108.588
133.575
90.4633
103.182
99.8319
105.405
81.0671
100.535
103.066
122.577
132.77
113.818
98.3513
84.0168
121.998
116.88
93.9939
97.6413
121.116
116.25
112.608
93.0584
99.7059
117.815
121.338
95.1729
112.462
109.382
87.556
85.5979
108.267
94.2478
84.9433
126.493
92.3476
115.012
106.401
85.332
115.886
118.474
103.169
100.19
96.5767
110.568
120.216
99.5303
109.436
93.1776
119.932
97.2415
110.202
123.342
90.3727
100.691
119.458
95.0361
135.774
119.358
107.776
95.1926
111.919
104.362
104.823
127.92
95.3998
75.6327
111.898
121.034
107.791
107.568
97.532
89.1219
93.4726
122.287
104.321
101.791
110.973
82.4405
93.2855
100.133
135.875
89.2307
84.6098
107.383
132.095
102.072
107.312
129.733
126.114
103.782
130.868
83.3466
103.104
105.104
100.689
101.159
111.835
112.585
115.212
91.4396
103.343
86.6885
115.062
88.7396
101.086
106.308
105.044
110.854
98.1454
90.3509
124.19
124.323
117.042
100.145
102.897
100.934
90.5359
106.913
109.771
105.816
70.3128
109.701
97.5325
92.9862
109.099
108.491
105.721
138.491
103.358
72.608
113.87
86.9368
107.596
101.272
93.7625
101.382
127.082
93.7575
98.9016
114.562
128.676
98.7683
94.8208
73.4118
99.1814
101.299
92.169
90.0276
95.3049
111.144
107.701
130.448
89.7474
73.5646
83.0977
115.653
133.139
98.881
111.286
90.5048
100.402
103.833
112.423
102.081
108.528
99.9768
71.4299
114.72
94.0266
120.509
65.2451
95.6401
121.57
93.5896
130.007
110.474
90.4997
117.525
128.047
88.5111
107.075
98.845
123.08
109.555
83.8359
135.655
104.084
103.893
130.443
94.8305
102.808
87.5506
133.336
104.228
73.5558
84.5485
139.753
117.082
127.261
112.447
115.56
147.869
114.507
103.34
86.3316
115.22
113.174
82.1075
89.6702
110.307
118.273
127.432
102.831
109.161
103.317
85.7565
95.951
102.752
86.2057
96.2546
79.7535
88.8041
114.487
113.564
81.8726
114.359
110.053
109.648
119.702
113.617
114.028
85.6547
122.302
103.4
112.992
124.08
124.931
123.652
84.9994
93.9476
111.826
86.1897
133.322
111.793
92.1369
99.5701
86.7658
108.286
93.1004
97.1331
87.3674
90.867
111.219
86.2166
104.351
94.2215
95.2846
117.067
105.006
81.9455
122.258
112.368
100.597
81.8903
143.981
121.093
92.7107
99.7533
122.498
103.742
94.6422
93.1608
87.465
116.87
114.895
84.0485
109.697
101.725
109.514
95.4991
119.751
97.1223
120.954
105.155
117.629
112.728
92.2219
101.299
90.9311
98.637
104.975
89.7302
114.711
94.6806
124.028
87.6048
97.9108
87.2094
115.605
145.054
102.572
101.87
143.034
100.894
105.622
115.606
113.913
120.951
114.343
115.591
89.0711
102.539
104.979
94.5634
78.8087
75.3602
84.7621
126.562
77.7225
117.533
76.5312
102.013
109.254
104.334
95.5522
124.535
98.8265
116.502
103.431
134.666
111.038
104.915
122.804
102.596
100.829
115.023
115.256
114.075
115.2
108.189
108.473
101.263
96.346
86.6013
105.382
102.931
115.82
96.6773
85.3877
96.1131
102.966
104.883
97.6988
81.9078
112.948
122.897
74.5606
100.321
97.5423
112.812
85.5148
75.5591
120.162
101.369
98.5901
91.9201
131.227
112.487
93.8658
90.1629
100.596
96.2791
119.55
105.452
109.814
79.8063
97.833
110.024
95.6061
121.405
114.196
107.584
113.433
124.118
86.7352
117.7
112.288
89.9303
97.686
119.421
109.593
98.0152
90.2998
132.272
104.744
110.253
99.1756
88.0257
127.219
133.768
126.586
136.834
107.043
100.521
115.287
90.3913
116.793
71.6397
105.515
129.59
105.238
117.865
105.261
103.759
131.422
112.86
107.058
99.5398
82.4819
117.236
95.766
80.8717
104.142
90.312
73.2807
87.0983
88.2347
71.1899
109.03
99.1551
109.732
100.866
111.04
93.1467
123.801
123.275
103.739
86.5549
144.94
89.8753
99.2549
131.785
94.6631
101.958
79.3409
118.481
107.404
100.587
140.337
106.608
109.657
109.215
88.1655
106.112
124.196
100.66
100.342
89.7658
106.654
82.1392
92.8339
98.3647
121.203
85.4689
102.393
96.7991
105.845
124.223
104.498
85.5111
92.6137
102.799
91.9705
110.713
110.875
85.9196
109.202
92.697
113.845
95.675
87.8035
125.283
92.2474
124.729
107.826
96.0385
117.726
110.603
95.3735
101.559
127.63
114.609
83.7755
84.4669
101.705
94.092
106.677
111.326
112.712
127.732
78.5789
91.6703
67.9423
85.6595
113.714
95.9421
101.924
86.1521
99.6746
97.7712
91.1687
131.1
109.845
100.778
125.302
72.5638
96.923
124.477
112.173
96.3279
103.157
118.253
131.147
104.726
127.974
140.085
113.667
120.661
127.772
105.06
85.3191
86.169
111.47
124.419
118.269
97.4952
80.7362
128.361
91.758
92.5376
90.3684
108.229
90.0351
96.5745
118.987
109.954
114.91
111.063
93.4123
108.977
112.006
115.158
87.384
100.378
113.558
78.7233
73.2914
110.276
130.848
132.43
85.7687
116.538
117.331
121.322
123.822
105.4
108.906
91.9662
95.4948
116.403
89.2384
96.3775
87.4273
108.783
91.0222
108.112
91.3814
86.0993
118.574
110.027
108.275
108.474
92.2089
100.603
107.548
85.036
121.699
107.708
111.513
116.978
110.675
124.772
130.099
101.264
81.5127
78.9957
103.287
109.82
109.652
103.408
96.8552
99.0715
109.878
123.547
106.168
81.2174
118.846
114.882
119.346
112.896
121.78
109.468
112.653
88.7334
87.0677
107.605
131.857
87.3469
109
104.946
107.884
110.519
111.82
90.0836
84.1504
140.457
110.949
115.69
93.5758
104.158
85.3961
106.731
99.1221
101.992
111.55
91.3859
113.861
106.635
102.592
112.263
69.5681
132.699
110.913
94.418
101.921
68.703
136.074
107.85
104.131
105.451
93.2108
115.179
75.4669
122.561
103.835
119.19
123.363
100.21
116.343
117.346
94.1191
91.4548
102.742
94.9657
85.6678
96.4647
106.928
99.0143
139.776
106.69
120.778
135.748
97.6564
122.025
103.031
107.692
121.371
109.049
113.587
102.172
113.244
78.8474
97.4915
118.454
93.8209
102.155
95.4651
100.471
100.693
110.811
120.946
136.464
107.872
117.3
114.368
103.71
92.0336
121.534
91.7021
101.012
101.097
62.4748
99.9846
109.339
119.328
93.4551
94.2972
100.938
82.5678
122.016
107.273
125.738
110.514
113.039
94.7405
96.8526
94.4198
103.188
117.44
117.801
104.705
103.656
106.935
101.705
112.847
99.5042
76.7213
114.53
92.6545
118.136
107.709
110.509
121.919
149.517
98.6752
102.111
111.809
116.458
148.368
91.1174
88.22
97.7891
99.8759
87.2354
90.6848
114.69
118.668
76.9914
79.5792
111.731
123.799
88.7214
87.4399
97.0718
107.923
93.4057
98.5809
78.5472
145.065
87.7968
117.846
107.162
114.218
116.404
137.145
122.488
115.244
102.671
94.702
90.2823
116.934
116.292
123.351
128.071
119.24
106.685
101.763
92.3102
115.003
127.843
89.8256
114.019
114.146
116.576
84.5193
106.421
109.518
91.3049
102.804
124.631
132.305
101.157
95.6863
102.502
98.1752
95.8598
123.236
117.173
81.5646
113.388
121.788
112.472
102.213
105.625
97.8815
109.213
112.863
130.34
101.188
117.664
103.589
96.9173
113.004
112.453
131.438
111.925
131.105
114.468
106.557
133.018
93.9347
86.2697
89.6184
109.165
152.713
110.514
118.819
136.654
92.2911
105.26
105.621
125.619
104.077
80.9659
143.222
122.083
105.139
104.033
112.23
93.5334
116.48
108.772
91.8825
118.482
102.193
97.4442
100.157
72.4512
110.109
108.421
97.7569
90.4931
120.383
123.222
129.307
123.73
92.8857
82.3276
98.3056
126.183
105.038
133.233
91.8256
99.4448
115.094
91.1333
121.127
99.0172
120.677
115.934
100.516
92.7565
119.73
96.5218
83.2294
99.8357
105.548
126.85
108.112
96.926
101.44
125.728
85.4129
139.225
102.49
108.327
105.427
104.294
91.3264
105.094
91.3323
102.437
125.672
101.305
98.12
122.124
91.9193
97.8369
92.6928
85.7642
117.09
86.8067
108.63
111.507
83.9513
113.926
116.084
98.2297
118.583
117.816
113.241
109.262
99.0909
109.614
94.5328
115.611
123.77
125.716
75.3062
82.9811
125.846
113.371
102.913
89.677
88.8158
167.703
119.838
92.6263
105.585
94.3813
132.225
123.628
111.894
96.1188
125.502
116.225
109.826
106.806
113.688
98.1106
113.417
142.01
131.815
84.2812
95.7007
95.61
108.759
96.9785
101.433
99.7688
123.717
133.583
94.5517
108.044
94.39
116.395
93.564
86.4544
96.5143
128.02
110.312
128.43
99.6882
106.572
87.9098
107.114
105.664
99.3446
114.856
105.676
85.1569
104.488
106.576
100.171
79.0209
98.0156
113.558
100.511
132.144
106.362
109.694
97.608
125.04
93.3733
105.347
134.733
135.628
94.2712
88.3196
77.9298
120.735
83.3216
78.4831
104.849
91.565
113.326
94.1379
111.369
131.833
106.99
108.073
92.261
108.232
123.663
66.3663
84.1021
115.397
100.496
95.8893
96.8144
136.483
109.389
97.2049
114.382
98.2195
114.296
118.257
103.453
110.721
104.951
127.354
111.515
113.823
107.944
99.8414
148.011
127.042
101.499
118.937
103.47
120.968
90.0602
95.6119
125.44
88.1029
126.009
79.54
93.6522
103.529
95.8821
75.9844
97.1156
101.024
116.79
118.219
99.4284
108.638
111.456
134.031
130.598
120.317
122.356
92.369
95.6678
89.4108
111.492
77.4629
94.1676
100.216
107.875
134.061
119.494
109.912
106.394
86.3063
98.8815
81.1388
88.6378
113.194
131.97
107.946
132.459
110.327
124.903
102.429
110.49
94.9648
79.4446
110.679
136.476
122.749
123.24
109.967
104.591
105.585
120.046
127.157
109.547
112.309
103.042
81.4592
111.389
109.301
80.8555
92.0132
83.4526
122.199
92.3451
116.576
88.2445
108.352
108.758
92.7264
101.114
89.9689
113.341
83.4974
119.01
114.212
120.022
90.8112
82.8269
104.561
95.9716
121.083
122.559
106.442
113.238
92.5637
112.303
69.7615
114.27
84.8573
101.602
84.4603
114.009
106.008
87.9951
121.57
101.103
95.6357
139.176
123.465
87.7559
95.4825
115.011
106.668
123.842
90.5744
115.721
118.842
103.521
110.467
95.06
98.0887
110.936
138.847
105.114
67.4275
98.2125
101.238
88.6295
118.572
111.816
117.676
83.6174
98.9714
84.9325
101.305
110.352
106.565
107.542
91.3898
114.887
123.896
107.54
96.6141
124.086
86.8464
105.683
113.175
109.55
90.7928
119.505
113.831
124.799
125.071
129.613
81.3825
110.233
95.4701
106.567
120.316
107.189
98.3751
106.057
110.071
109.083
119.132
95.2491
145.406
81.1436
133.466
83.5495
116.023
114.111
99.3465
120.251
113.971
109.269
139.676
112.018
99.6081
115.19
102.239
102.1
101.072
120.133
122.731
120.162
89.6511
114.372
124.265
109.691
88.076
114.584
117.701
97.8304
94.776
104.123
115.833
100.344
84.9752
81.4548
95.2869
102.687
98.4702
110.406
86.1821
104.682
90.0209
91.6242
96.003
125.758
105.231
134.111
88.949
99.5936
83.8507
75.3834
99.1818
97.1446
98.778
110.707
99.464
93.1446
104.286
116.075
121.515
124.443
95.606
92.2807
118.617
96.6511
129.892
131.255
98.6896
93.2932
102.703
111.554
92.0467
113.919
121.462
102.187
99.7946
114.771
104.569
112.009
111.369
107.587
148.307
95.7843
107.176
106.923
109.401
88.6887
84.1834
105.572
89.1566
111.717
105.582
86.25
92.5498
105.67
106.997
95.7282
137.57
115.859
90.2152
128.291
97.3736
102.312
99.6963
114.899
97.1077
83.7084
130.109
74.0005
91.4332
101.661
121.413
101.814
92.7556
91.8331
108.034
105.643
133.093
90.0853
88.2035
108.535
79.4093
97.001
89.0311
117.202
145.753
107.611
78.3771
101.07
106.721
85.9411
94.9063
102.819
106.179
88.304
101.421
106.616
137.345
102.66
136.512
108.487
116.245
116.647
96.6308
98.9633
110.097
116.288
80.5869
109.059
79.4331
93.1954
92.1561
88.9901
102.89
98.6015
124.643
99.0145
116.571
110.599
95.1356
118.736
118.968
82.7227
106.656
100.237
108.286
105.318
130.072
100.245
120.07
90.2796
118.97
75.1727
98.9051
107.723
100.816
96.548
123.608
133.306
87.6843
115.37
133.557
89.8732
106.858
104.476
124.048
109.045
134.716
100.097
99.4622
111.11
112.766
108.138
106.843
98.1404
113.547
95.8278
83.8769
104.998
91.4732
121.537
121.837
106.481
97.7935
138.516
119.784
85.5526
85.1287
96.5928
125.375
95.7841
88.9029
107.369
97.4481
113.591
140.476
107.318
98.4518
127.971
110.989
124.456
116.85
108.484
134.789
112.161
86.3267
107.725
85.1383
89.514
70.3417
90.483
118.023
118.41
76.9754
92.8739
105.758
94.2135
120.73
121.285
130.389
91.0735
128.505
132.747
99.5729
109.062
95.3152
145.891
108.826
97.6299
103.327
104.154
111.327
91.5153
75.6734
102.193
81.7972
89.646
98.1034
97.0044
118.016
96.2562
110.856
91.2012
106.569
118.738
103.304
98.5509
110.561
97.5669
123.83
100.533
94.1736
79.4894
116.231
106.84
122.212
106.182
107.909
99.6905
142.385
111.691
97.5198
123.185
105.245
108.151
96.5872
93.2924
89.4731
108.13
111.837
91.424
107.162
100.365
108.319
110.109
97.1586
123.545
95.2228
85.8576
85.4186
103.498
117.184
93.1766
106.126
74.3963
95.4701
118.564
113.223
89.35
117.983
118.719
108.613
105.254
119.265
82.1419
99.665
112.457
79.2421
108.579
91.0536
149.563
138.68
93.8056
111.74
115.862
113.297
91.7864
95.4532
106.808
82.2339
102.508
109.561
101.955
97.8211
114.114
92.0625
84.0789
95.5877
103.219
95.0554
126.116
86.2995
98.0127
133.686
104.894
119.016
110.581
99.4497
89.9811
109.746
127.716
105.652
104.034
80.6062
98.7977
118.575
121.805
89.6225
103.398
81.445
128.304
99.7301
119.615
100.688
77.0069
103.706
138.468
101.68
102.889
109.574
101.347
89.8191
114.24
121.007
109.708
108.517
78.288
106.573
89.2867
101.352
90.8089
108.778
83.9539
123.523
92.4697
103.895
74.4972
127.295
120.109
123.918
82.487
113.796
106.808
94.0141
107.4
106.609
111.787
136.564
122.781
108.981
82.403
102.105
95.615
104.725
97.6919
134.283
123.371
112.336
98.4077
101.992
84.7043
119.188
86.4758
77.6088
102.096
100.163
82.8148
87.8796
97.7982
105.148
111.999
103.344
89.4066
104.017
81.6967
127.786
95.8139
100.388
104.923
112.679
92.4359
118.496
95.1798
85.9945
76.6893
105.27
105.911
87.5947
86.4037
107.299
93.4841
113.678
145.716
102.944
106.048
118.403
103.452
141.553
112.37
116.421
82.5992
110.175
92.9127
117.364
100.741
111.543
99.7859
96.8713
95.3878
113.375
92.6655
117.597
91.6394
128.468
96.4783
96.8011
92.539
96.0269
107.839
76.3637
117.396
120.436
111.277
105.337
111.043
93.1631
105.27
109.543
86.719
124.912
122.985
98.613
120.611
99.2553
109.556
134.453
90.6931
88.5716
103.823
108.96
128.81
115.05
96.6359
111.699
92.318
106.144
92.4305
116.135
126.774
118.26
118.042
103.161
124.565
95.0984
131.642
108.526
90.468
95.1498
95.5646
121.582
69.1619
82.0604
116.787
108.978
79.2
105.798
93.6781
114.749
133.146
158.977
87.2024
99.6505
113.099
108.307
101.223
97.954
122.329
103.719
108.508
95.1693
100.982
110.826
104.884
106.394
99.2489
92.8171
94.067
108.079
114.971
93.1599
90.4396
112.106
117.172
88.12
113.561
110.329
89.3979
96.545
87.5427
114.333
116.637
113.936
108.713
89.5913
106.145
98.4936
102.096
89.0702
111.037
104.271
87.3222
95.6268
82.1158
116.14
107.574
96.3987
126.698
132.581
100.36
80.6719
124.133
106.341
124.932
105.762
92.6542
98.4683
103.772
119.264
111.004
93.2163
102.294
104.116
102.231
98.5516
108.765
117.412
98.1882
122.043
102.621
127.286
92.4223
88.7124
107.896
109.759
96.3596
101.978
94.7294
120.796
100.028
111.217
89.818
113.014
86.9417
127.571
103.26
116.334
106.313
94.9216
106.008
112.803
90.3754
88.1478
112.943
144.749
100.148
100.138
86.4984
103.013
105.049
97.1146
106.465
125.295
105.887
110.155
97.1092
116.107
99.2932
88.3514
127.032
85.2519
111.802
102.114
118.739
81.4842
105.972
88.4352
106.501
101.547
72.6282
106.109
89.1308
104.773
145.375
119.23
128.899
122.439
112.337
120.307
89.8166
103.484
108.04
92.3807
117.068
112.009
89.6052
91.8196
109.928
96.792
123.83
88.5561
87.5079
117.952
96.4802
91.449
103.667
97.0926
92.4244
98.8094
101.73
105.628
110.063
93.788
97.2697
105.349
78.6244
106.277
99.4392
106.27
108.786
107.9
115.99
95.7119
118.601
133.501
96.1025
93.2748
94.0598
101.291
94.9692
87.5283
114.165
75.431
103.424
89.2689
109.005
98.9229
115.536
100.259
99.6698
90.0233
91.374
109.712
140.713
102.67
110.141
125.339
110.045
112.242
90.9899
117.966
95.7281
109.72
115.407
105.595
98.8814
132.075
92.3591
117.464
102.093
84.8029
83.5591
123.872
101.839
123.195
97.9508
84.5882
100.854
108.889
88.4064
114.87
94.9474
94.7465
133.498
91.687
130.096
102.698
118.661
121.957
96.4012
97.268
98.7539
101.687
111.68
83.5869
104.903
91.4953
119.55
113.353
108.881
145.2
118.893
91.1826
110.999
121.166
105.283
87.78
93.7489
85.9522
98.6642
96.0213
102.037
93.1665
91.2098
82.5694
98.8726
110.622
107.057
113.75
87.0769
129.626
126.173
115.59
114.648
107.72
116.096
111.57
115.533
105.22
84.0197
87.867
126.115
107.094
126.03
85.0203
109.691
99.6084
98.3145
121.395
152.629
92.9309
111.402
120.215
119.06
92.1977
114.84
94.6635
104.176
84.4765
103.664
75.8555
116.728
108.446
115.358
65.2174
106.196
90.1108
128.668
91.1666
103.359
79.6755
74.1266
113.069
98.3391
108.525
114.779
91.2692
106.535
110.494
118.147
85.2453
116.81
115.3
91.8835
97.9314
116.265
109.31
97.2533
76.045
104.352
102.328
120.403
80.0722
90.6477
83.2343
132.147
78.4176
97.4188
99.1318
82.9148
106.148
75.6092
96.9308
112.772
106.918
89.318
94.1385
97.448
95.4992
101.635
105.689
82.5614
116.576
107.03
114.632
105.538
110.691
126.433
121.487
125.362
97.4381
103.912
111.432
88.4604
83.6331
124.789
116.008
85.0618
102.087
104.097
86.6282
125.528
99.3811
104.262
96.9517
118.952
110.298
126.439
117.779
113.533
82.8027
105.23
114.944
113.66
132.092
123.867
106.458
96.0763
101.946
104.065
135.115
81.6281
72.5662
86.3439
109.708
119.71
95.3133
91.5528
125.62
143.503
77.5563
123.663
125.265
93.3914
103.309
99.0608
103.473
108.507
97.5658
84.3816
120.798
93.4232
103.059
116.139
100.679
101.062
98.6608
100.046
119.744
99.1709
112.989
122.273
120.906
113.235
92.3834
104.375
115.643
132.86
91.6377
133.184
109.629
94.1734
127.301
112.712
124.319
117.148
90.5942
91.1874
155.751
87.252
103.337
94.6332
94.8585
123.973
90.7415
96.4778
86.4443
92.0975
111.506
105.865
114.148
105.358
110.984
128.58
89.7399
103.519
92.9906
114.832
125.214
88.3472
91.4655
101.372
102.131
102.367
112.513
90.3594
98.356
95.0011
93.7674
87.6385
92.0877
86.1141
107.973
121.937
119.385
116.582
106.477
105.896
99.6507
126.251
89.748
139.324
118.896
104.893
107.055
113.899
94.5058
111.684
82.9747
104.663
126.211
106.375
98.4711
94.4023
100.499
95.9731
96.2349
93.0875
114.407
100.811
96.683
91.4841
127.662
116.455
79.777
108.641
111.765
140.107
120.438
85.3394
113.471
104.08
104.425
111.65
91.5586
120.254
92.1837
90.3781
102.913
86.7256
117.351
129.912
110.316
111.473
117.356
123.307
96.1743
80.3828
120.746
87.2134
98.3607
96.5354
103.106
119.146
120.233
116.128
109.76
112.525
106.184
103.965
122.099
105.979
101.755
112.093
80.8782
118.963
98.5243
109.541
120.896
113.517
113.906
92.6906
86.9614
121.932
113.544
95.6644
95.6935
103.938
93.7353
94.857
99.7412
116.061
104.385
84.5742
89.2177
105.083
120.141
95.2811
97.1901
106.594
114.261
97.0634
143.294
112.555
118.711
75.5481
104.547
94.6031
85.88
105.956
102.242
92.1535
95.1242
108.202
96.9226
130.597
89.5977
101.699
98.2768
105.983
81.8915
106.168
104.562
114.834
99.1138
70.4377
98.7195
105.8
99.2183
129.242
106.089
85.2846
92.6611
78.8021
103.649
95.4246
115.878
93.4829
108.505
118.469
107.916
90.3541
111.855
98.4917
102.247
90.5433
85.14
73.5673
99.4221
104.915
105.739
98.7954
95.2678
108.734
137.633
96.4663
103.432
111.5
99.0966
116.48
101.175
83.7744
95.2558
103.443
105.648
91.295
121.32
114.319
134.78
116.296
111.657
81.2335
125.832
99.822
108.574
113.252
102.558
105.492
113.534
99.8716
95.1541
113.852
124.236
123.241
93.4402
118.029
92.548
104.089
105.537
82.9889
118.411
91.0689
89.4737
82.723
87.6408
134.647
98.857
89.8709
101.878
104.893
126.067
108.993
113.85
132.795
103.186
106.81
113.791
104.811
115.63
87.6413
104.164
83.8995
102.506
92.8117
99.4571
81.1947
94.3622
132.96
104.007
110.543
121.641
144.916
84.4501
101.785
120.977
89.8577
104.746
126.436
111.578
98.1352
119.539
104.105
98.6362
102.351
110.96
110.283
99.9867
118.794
121.403
86.0094
118.61
81.4546
112.934
76.1342
95.0513
89.9996
98.5902
124.295
101.995
120.022
107.366
119.478
129.013
105.64
108.908
122.781
120.281
96.9494
112.083
103.306
86.3449
119.039
83.6046
97.8597
103.819
119.291
118.126
119.568
111.73
102.666
96.3902
104.919
117.458
123.356
89.2139
97.3677
89.5608
127.866
95.7674
105.912
113.101
105.608
85.0736
104.969
103.022
96.7646
89.0103
79.1824
80.0544
95.6953
134.537
87.7338
96.3011
104.582
108.362
104.534
99.0339
116.189
113.226
96.1899
103.556
99.7377
85.9579
116.456
88.6279
90.6252
95.3166
104.383
108.627
104.942
108.248
111.08
97.3337
162.579
88.7309
102.514
128.815
106.304
76.974
86.8441
157.896
135.296
100.724
116.288
96.8417
88.2465
91.667
108.937
98.4259
84.6774
102.095
114.29
107.219
88.0185
92.9022
115.563
101.546
124.478
91.8605
103.652
79.1292
97.713
104.637
97.1933
91.9561
103.212
77.5247
112.09
115.54
98.1825
125.738
130.948
96.5565
124.368
100.118
131.491
115.524
100.658
103.087
102.75
108.813
98.9419
107.12
95.958
94.2921
103.604
113.791
120.213
86.9212
113.695
102.272
109.855
103.625
91.879
100.089
90.2358
84.412
109.506
95.5112
113.193
107.673
97.0726
89.9762
97.9273
121.651
105.758
82.6989
112.17
95.035
90.4932
83.4109
98.0653
100.622
90.834
129.879
118.228
109.964
116.025
103.19
116.096
100.104
139.387
116.512
86.5744
81.6484
94.0197
120.677
99.2681
113.666
100.11
104.569
88.3719
94.8758
106.298
91.6664
111.265
129.415
105.573
98.1733
112.949
87.6331
76.0957
110.13
92.3952
67.3642
96.1312
119.52
92.2527
83.957
103.115
92.7152
87.2977
106.166
92.0673
100.465
106.236
111.724
81.8221
80.1576
121.239
131.075
78.2462
69.8628
85.1167
99.0844
105.69
132.945
91.0966
95.8622
115.994
102.253
116.746
116.071
108.276
99.4967
137.851
112.768
117.379
133.838
113.284
96.1685
100.761
116.005
98.2894
109.063
122.221
96.2705
98.0211
107.271
108.59
128.817
115.945
121.77
127.272
105.651
101.513
92.5665
111.535
112.632
102.211
108.855
95.8978
138.365
95.0507
102.804
97.5379
109.809
113.965
106.437
89.6699
105.438
91.672
123.895
133.919
107.082
101.127
96.1725
114.527
91.307
103.012
91.5972
113.919
84.3352
134.249
115.708
104.67
106.237
89.6268
106.581
96.565
98.8939
102.649
132.581
73.318
107.965
103.99
97.8051
82.0932
103.144
103.129
89.603
106.397
110.804
114.952
97.6667
106.909
100.719
99.9522
100.369
99.94
84.3255
120.612
122.185
136.927
95.189
103.17
120.68
83.9476
119.41
92.7515
117.748
100.176
91.9258
123.484
126.972
118.676
90.1362
110.236
120.354
111.833
104.041
105.085
103.961
132.94
108.512
115.134
105.671
135.2
107.476
115.497
78.5713
151.161
102.971
95.1334
95.3643
114.157
102.244
100.263
105.429
108.183
97.3512
122.012
115.14
119.05
129.285
96.1088
118.949
107.034
92.4597
137.509
106.461
136.718
114.143
94.6676
125.77
114.702
109.574
108.471
130.242
101.342
124.314
106.836
112.703
124.496
122.461
90.8444
94.7184
113.054
109.742
96.942
105.688
105.612
106.337
100.227
106.591
137.49
107.871
137.091
96.5067
98.0776
90.4108
100.519
111.585
108.133
117.57
113.779
102.367
132.686
98.6431
93.3887
96.2406
115.705
103.796
116.82
102.174
105.673
110.218
126.983
95.4501
104.083
114.728
105.77
125.736
97.1131
124.13
114.175
132.155
85.3595
104.216
97.6857
111.691
107.54
89.5809
93.8995
94.254
87.6339
117.582
122.001
100.406
137.673
88.9322
119.744
138.613
107.964
103.201
99.3498
92.6336
96.7493
122.536
121.219
132.124
99.2475
128.375
91.7001
95.8736
134.843
104.743
116.074
72.5972
81.6818
121.584
120.563
81.7317
98.2718
94.0196
102.581
78.9918
113.154
62.2128
83.2889
99.2926
107.733
112.184
100.29
114.287
88.2091
122.232
118.778
82.2903
80.3432
97.1002
93.1083
81.1745
104.584
109.617
129.089
122.641
107.806
135.668
101.599
134.173
91.3381
97.2083
105.849
80.5713
112.158
73.0737
94.2651
114.148
104.698
101.95
99.4671
135.771
96.236
98.4666
104.148
118.7
96.6567
88.4386
90.3525
121.064
113.604
128.436
98.1543
110.37
79.18
97.0741
93.7656
113.615
107.045
117.291
120.641
102.619
105.75
102.599
97.6839
91.8612
119.738
106.185
95.2354
80.4831
88.1895
119.066
90.6913
99.6192
90.1184
99.5505
91.5824
81.1254
104.264
73.1117
121.842
108.462
116.214
66.9119
102.316
98.4776
108.911
82.7852
133.091
77.7948
101.608
79.5147
147.694
126.621
119.661
108.32
88.9683
128.329
92.2405
97.2527
109.028
98.6864
77.9347
105.231
116.482
113.352
95.9803
91.2355
96.8889
89.0873
150.353
109.302
109.471
124.007
144.101
117.76
110.699
97.6722
92.0207
118.947
114.563
118.139
87.3876
103.12
117.631
111.007
91.6421
103.043
95.2417
99.7144
113.656
113.68
84.8772
100.869
90.4676
112.688
123.47
115.18
110.497
109.913
94.0798
91.2248
126.323
143.373
91.4893
82.6348
104.276
127.513
101.63
113.707
114.003
130.517
122.777
93.5904
108.993
101.122
118.081
100.782
112.158
155.741
98.3722
111.49
94.9467
94.6857
103.484
127.347
117.459
94.7911
101.168
110.509
84.6422
106.2
137.41
103.759
110.735
79.206
90.887
121.805
96.0492
108.329
99.2446
103.747
99.3338
97.7297
104.661
118.301
121.066
88.8055
105.233
109.842
88.5844
93.6263
111.053
124.89
105.228
101.578
102.376
82.9435
142.51
101.443
135.108
103.749
87.391
82.418
101.963
109.497
91.0556
87.6439
153.96
151.007
140.29
102.587
125.449
100.485
125.681
86.3121
110.202
88.9194
87.2005
81.7258
108.305
129.984
110.419
122.453
97.412
116.775
108.586
95.8949
107.701
99.4183
121.982
84.4808
94.9705
102.394
75.4834
131.846
104.881
105.539
100.996
117.465
138.955
80.0953
97.2847
99.8254
95.0977
88.5957
115.089
123.595
111.53
99.5591
106.053
105.412
91.1725
108.361
113.545
108.683
102.621
82.7687
95.4502
142.28
91.0601
107.954
120.605
98.5868
116.255
123.269
85.9822
80.1738
99.3581
106.423
100.09
108.421
104.667
106.983
90.9526
111.282
81.0176
105.057
94.0031
79.7321
105.255
92.0878
97.3155
107.76
95.4389
121.65
118.533
77.3285
92.0979
74.4585
104.509
106.746
93.1688
108.766
108.855
133.474
100.592
108.098
103.47
96.4759
94.7564
105.194
110.793
108.977
105.553
78.3599
100.896
81.2979
153.947
122.071
112.294
115.533
79.1058
108.186
107.561
112.047
104.163
86.0956
90.8764
114.101
112.433
119.713
125.082
119.104
108.412
90.9496
112.453
107.765
102.59
91.3649
101.445
123.495
89.3474
93.6339
82.2316
92.1797
112.451
127.781
108.635
104.252
98.7299
106.501
91.8724
147.684
126.449
81.6839
106.264
101.208
90.6974
96.923
91.6438
112.304
113.385
107.494
115.62
138.228
98.8138
103.243
97.4285
100.3
107.798
104.792
107.996
113.274
91.6105
103.815
92.4928
88.5529
113.605
131.329
111.003
98.2697
92.6098
118.896
86.8517
122.762
97.1357
99.677
100.563
114.823
132.291
111.95
101.609
92.8112
107.085
115.522
126.515
101.816
90.2475
131.303
99.9829
87.6344
100.791
94.8406
108.3
126.708
120.415
82.5903
89.906
96.1269
123.377
88.7875
105.471
94.6276
101.498
106.887
97.2003
90.9301
98.6975
109.732
91.9548
121.965
115.906
111.281
115.683
94.2679
92.3386
129.692
97.2339
89.6231
127.741
97.6041
95.3903
111.688
92.1165
110.477
95.692
137.565
128.723
101.971
91.684
94.0816
124.487
129.775
98.2715
108.38
114.23
89.3349
95.6112
105.508
85.2012
114.278
110.399
110.644
89.0664
97.8222
118.729
97.2304
97.7331
72.1683
111.174
142.947
116.193
136.595
113.442
113.753
79.1985
105.408
108.712
101.606
91.4276
107.266
131.821
131.244
102.299
112.229
102.752
132.906
115.581
111.306
114.556
96.3667
101.794
139.409
123.211
124.905
89.0242
115.923
116.125
114.035
110.312
91.3503
131.59
110.139
98.953
125.701
112.54
88.4139
100.803
100.849
99.1886
82.1785
93.4463
98.9584
90.9246
106.248
121.416
81.964
115.783
101.396
106.434
100.931
94.5474
92.7883
82.1445
81.8267
94.9882
97.6711
120.084
119.682
95.58
87.0661
104.243
122.769
123.63
106.546
131.529
91.7809
83.5649
122.62
107.4
69.2585
112.479
104.927
76.1676
124.687
117.339
117.353
92.3809
97.4068
100.782
94.2245
121.379
106.021
122.159
96.4469
116.713
112.369
85.5944
114.263
100.494
73.9953
114.755
125.702
97.1434
92.2976
105.813
119.141
109.301
92.9875
83.7355
93.5861
98.2636
126.004
125.029
101.048
115.976
149.766
112.312
93.0614
107.198
105.525
94.0045
108.117
82.8659
94.9027
98.8854
103.63
120.264
91.7656
107.309
100.502
91.6935
111.249
108.243
104.663
127.845
102.921
97.6746
95.7968
95.0653
117.155
100.641
90.6339
99.2057
119.37
97.668
95.3589
117.727
76.9526
119.613
103.072
89.6342
126.923
96.0099
88.9019
115.246
102.102
93.4591
110.353
92.7324
96.4372
114.83
96.2153
74.1134
87.7462
114.837
108.29
92.7898
90.2961
80.2081
99.6039
96.7495
109.943
106.85
97.7957
96.5045
111.034
107.936
114.058
128.278
101.843
107.381
92.9051
117.306
102.854
95.0981
123.75
66.7553
126.184
90.4224
104.542
100.788
83.1633
69.3317
118.378
96.6254
111.837
100.768
109.376
102.832
95.2158
111.844
105.621
91.5842
120.033
102.004
100.049
80.1961
125.434
129.201
106.136
111.452
132.549
115.451
92.0418
130.043
125.381
108.656
102.986
118.924
84.0226
90.4611
114.713
119.75
99.9841
94.9909
91.417
97.0714
86.1862
102.529
117.217
81.2848
103.081
107.932
107.479
101.86
100.131
108.471
118.876
99.0274
122.424
113.515
111.517
96.6062
91.3161
124.585
125.325
87.3881
88.3576
126.926
94.2261
87.0104
107.201
118.429
86.0043
97.3259
104.162
86.3404
97.1146
93.9881
144.45
89.0612
103.225
110.468
95.6118
96.4518
105.918
83.5425
121.015
107.685
98.877
103.048
101.813
122.188
149.645
93.188
121.168
99.9467
129.614
70.984
146.01
111.484
108.91
122.667
104.78
114.089
98.3747
99.2227
95.5301
99.9637
99.2349
117.754
72.5802
122.979
106.972
99.2325
106.632
99.5829
95.0443
97.6822
75.917
110.918
146.125
93.1837
100.825
128.118
121.355
106.095
126.835
109.845
109.756
119.209
87.9969
132.501
104.324
107.178
113.943
119.484
96.4475
96.1104
91.5306
123.619
114.37
96.8129
122.224
134.345
89.1126
108.166
97.9962
111.339
119.051
111.394
111.642
78.8721
123.299
95.6093
93.0932
96.066
143.881
87.3628
98.5695
120.979
119.995
106.578
99.7814
102.328
127.041
129.346
127.987
90.049
99.9502
108.337
82.2114
86.4799
104.406
107.101
105.418
109.253
104.603
133.959
88.6037
121.928
83.7045
112.958
105.694
80.6025
81.665
108.104
97.7313
85.7153
109.609
93.4088
110.805
112.537
119.55
99.4843
114.493
129.416
101.616
138.52
79.2068
132.927
87.7643
74.967
91.647
127.734
105.682
90.3285
110.779
92.4257
113.756
97.8454
108.301
103.175
144.709
85.8878
76.6371
107.953
81.25
90.7987
108.916
92.9447
105.542
112.981
81.8293
86.1991
109.43
115.743
108.805
88.1137
93.958
101.144
129.845
116.62
90.3191
109.389
107.718
108.124
139.093
95.5787
93.2543
99.831
125.896
90.5207
102.335
92.9999
113.254
67.1702
112.391
100.574
77.5034
80.4619
117.671
121.61
92.4472
92.9925
100.384
91.5387
100.242
73.0725
106.969
83.0308
124.417
79.6919
89.7422
102.207
91.0767
94.1888
91.9393
101.938
106.371
117.329
110.067
109.45
122.64
129.271
96.4875
118.564
125.213
114.302
106.419
121.171
96.6518
106.395
99.4138
91.9915
118.403
78.7325
101.213
91.8928
120.228
91.0046
120.248
111
114.652
116.502
107.209
103.036
123.764
107.316
92.1573
115.955
92.4569
106.832
78.0563
127.128
78.5299
99.1688
125.228
120.598
99.1389
112.373
111.508
99.4158
120.503
97.105
117.536
101.573
135.875
134.673
92.0384
74.6387
121.423
96.1356
125.435
131.834
92.0088
118.67
79.319
80.1547
94.4724
126.504
96.3169
102.567
111.619
103.927
95.3053
85.5721
125.849
94.0402
110.53
89.9454
94.029
113.354
105.789
70.2928
76.3658
115.6
119.161
109.553
88.9548
120.455
108.374
110.045
104.179
106.019
107.339
92.677
121.641
110.505
110.518
113.047
113.621
98.9098
100.069
119.639
111.588
109.649
102.983
126.127
87.7168
120.521
131.592
101.654
126.405
107.321
137.158
103.556
108.787
87.7831
104.251
109.707
131.659
99.7773
110.844
114.689
107.788
88.3329
99.0691
86.1446
110.608
93.8872
99.1054
91.3861
109.231
111.408
117.483
101.831
119.52
125.329
123.146
87.1877
114.686
116.884
91.9032
121.6
126.926
92.395
110.367
94.1328
110.151
96.088
151.821
87.7414
116.944
141.431
109.731
104.562
95.6849
114.413
125.81
142.542
120.146
96.7624
95.6952
104.705
99.4959
90.5694
101.722
88.5406
98.4243
92.9902
111.865
82.2813
131.445
140.722
105.504
143.424
108.413
100.71
82.1012
102.05
102.065
102.044
90.0837
131.326
96.6219
109.69
96.7216
91.8609
92.7404
130.615
107.915
114.364
104.736
90.9697
123.518
104.816
98.8966
100.909
100.482
100.675
81.8737
111.151
96.5542
96.1874
97.0694
100.503
113.693
77.6672
113.711
91.0226
101.109
123.134
80.1675
113.753
79.5937
128.044
112.329
86.3243
110.835
133.916
108.482
82.0086
96.3002
114.644
112.251
115.916
118.907
107.416
125.231
97.2775
84.186
115.039
113.839
91.4702
96.2164
100.001
114.669
95.1288
107.655
115.092
99.9306
76.8428
142.599
126.661
118.11
85.5105
116.425
96.6674
103.024
91.7971
119.265
95.1102
101.651
110.256
113.266
109.737
104.992
105.672
104.772
106.463
101.412
128.927
103.283
121.839
129.628
119.43
126.296
108.388
99.9174
88.3974
121.517
133.214
125.831
139.212
94.7886
82.6943
130.512
107.137
106.127
115.789
106.684
118.48
99.6353
95.2592
122.146
123.605
78.3845
82.8497
105.785
130.585
100.831
93.4742
111.647
97.4951
131.19
108.987
107.944
88.791
122.545
83.1201
115.907
100.1
102.207
89.5751
110.848
73.9635
117.059
109.135
112.81
125.656
89.3291
136.234
120.933
119.475
109.429
84.3827
106.982
83.9245
116.876
124.822
111.225
110.827
117.405
101.594
87.2895
84.1767
110.114
108.587
87.5995
110.682
116.818
91.1948
119.811
100.108
109.722
130.309
104.772
90.0597
78.5605
112.165
99.6165
124.239
85.7976
99.9063
91.1916
88.8632
112.444
113.171
105.946
117.29
121.454
68.47
116.283
98.2396
94.001
96.1197
102.495
119.695
104.14
105.709
129.649
92.0495
112.342
96.3634
99.0197
111.247
100.945
101.136
118.517
99.8183
115.313
91.9467
118.514
112.34
89.3164
93.069
106.193
92.2622
84.7369
132.117
100.611
108.404
94.7431
129.403
110.064
106.85
102.363
118.485
126.489
103.427
106.494
108.656
96.6645
89.3585
105.835
120.896
119.408
127.725
96.5894
99.3621
98.8725
98.1067
107.818
125.511
107.07
126.922
109.895
113.241
96.9347
88.278
142.136
102.86
120.301
95.4263
105.473
90.1908
101.329
85.603
101.62
109.435
78.3869
103.415
93.7885
106.885
118.3
135.488
86.2029
116.966
98.387
111.495
104.671
105.099
92.4036
98.7014
146.557
143.789
126.661
125.875
114.353
111.733
132.075
121.606
141.72
108.36
126.91
86.4521
108.262
101.22
90.2437
101.525
90.4569
86.5202
106.415
88.441
120.336
103.625
118.819
89.8855
99.466
122.609
81.5465
106.132
108.841
117.386
99.9211
93.5943
97.4534
116.122
107.767
115.74
97.9329
97.3232
114.922
127.443
84.8939
105.249
104.647
108.959
100.504
106.862
114.419
107.007
127.318
116.607
94.8901
139.484
112.515
70.3968
121.315
81.6704
109.735
110.538
117.869
112.932
91.5548
87.5181
129.958
114.622
81.0997
81.4689
133.219
130.727
128.429
100.33
112.027
106.125
103.029
105.35
78.9928
105.776
137.621
106.871
104.774
80.7731
108.621
75.4504
95.3155
99.3231
78.4436
108.16
114.849
92.5314
155.663
102.025
124.069
101.494
85.5215
114.957
81.0039
137.329
97.4127
110.452
115.37
122.469
101.434
95.9529
103.232
91.6479
110.119
91.7403
101.397
102.598
129.906
100.862
79.6816
95.9289
98.0698
114.355
130.024
111.537
87.3765
97.7343
84.9048
117.796
83.8204
112.45
109.66
86.549
79.0411
106.426
110.745
107.415
90.1253
68.8098
93.0065
103.96
92.3109
109.32
85.8338
110.455
120.555
108.721
85.891
103.853
97.3127
95.251
101.751
109.375
98.6259
115.194
108.368
108.285
118.91
103.12
113.737
100.329
121.779
82.7691
75.1754
105.533
105.374
119.634
116.624
83.3151
106.625
116.511
90.5475
103.821
117.956
97.5815
133.269
108.905
89.8936
99.629
116.239
87.0033
112.026
100.133
96.7674
112.926
102.42
105.848
120.003
116.008
89.2385
80.2766
105.274
113.533
111.182
84.0901
108.287
103.274
102.669
103.871
97.3482
116.888
134.736
102.6
117.776
84.9414
100.098
110.575
92.5296
109.51
71.5734
104.491
108.69
105.151
130.865
99.9653
106.563
105.517
92.7038
77.009
104.422
80.6022
82.9989
84.4867
116.025
90.0047
90.7164
121.286
110.329
126.576
103.964
104.666
98.8939
97.0061
109.287
117.944
99.4984
99.1495
111.123
90.8516
99.0801
95.7307
72.3487
104.072
89.9268
115.152
113.676
130.229
102.347
111.406
75.2589
123.334
78.1602
118.606
110.496
99.1562
118.586
99.0731
87.9815
119.282
99.3535
88.773
93.3203
104.886
76.0863
106.843
117.982
92.8352
89.721
114.108
117.169
109.397
102.374
108.547
121.625
106.034
80.1726
100.329
128.245
109.432
130.848
82.3055
108.52
95.0774
109.445
97.9073
82.9292
106.021
110.393
125.755
101.928
94.8917
101.951
110.515
101.353
104.015
89.2227
112.878
81.0604
111.777
78.8666
99.1358
99.9212
118.843
94.4393
99.9084
123.811
95.079
90.1282
89.2292
114.147
104.34
119.372
98.735
86.34
111.517
98.2809
103.768
114.581
105.894
108.706
107.99
111.665
100.598
162.504
87.9323
117.231
121.841
78.1424
95.9727
107.108
96.6367
81.0945
88.4415
88.9518
108.794
109.855
104.565
118.531
119.535
92.3163
107.938
105.255
112.82
123.051
76.7268
99.7782
95.5668
88.3453
79.9656
132.377
85.1036
74.9996
110.943
77.3566
93.2605
60.1674
89.8147
93.3351
75.8352
89.987
139.91
106.724
97.4362
100.365
116.541
113.871
103.98
105.877
112.176
104.829
122.386
89.966
87.6208
105.446
112.317
115.564
100.585
119.837
87.5584
134.33
137.248
94.1206
90.2596
88.9243
123.177
99.0664
96.1324
83.2918
88.2665
132.393
89.4495
106.788
103.34
116.133
116.947
110.992
116.337
101.794
115
105.238
108.216
81.1242
116.23
94.8108
83.9473
117.141
94.658
101.884
123.043
119.031
92.2082
112.899
91.4761
108.835
122.373
116.843
139.771
92.3593
130.081
108.683
118.76
94.7441
99.7281
102.097
94.3104
98.9826
98.1482
106.396
88.4125
106.613
104.953
102.057
119.744
83.9309
78.8572
92.1593
111.295
140.161
99.0601
109.399
119.048
105.976
97.7619
116.296
110.124
83.1592
95.9261
110.519
136.31
115.484
100.41
112.711
110.291
81.0686
102.282
86.2423
94.3947
93.513
108.473
103.709
95.4219
94.7933
83.123
94.0696
102.849
111.571
104.996
133.017
106.613
106.007
121.172
122.337
98.3838
103.854
133.198
110.955
110.206
109.94
108.693
124.274
112.614
93.6789
96.2231
95.1162
113.578
100.638
106.265
90.7389
109.908
91.0127
82.0376
93.1198
96.5932
92.2228
91.0597
135.211
101.162
98.1032
90.8979
125.473
106.444
86.0125
150.186
94.6308
91.27
101.481
106.599
85.902
82.7218
105.188
103.711
106.443
96.0552
111.778
96.5008
125.884
112.314
115.345
116.972
135.419
112.834
111.227
133.603
115.701
78.8968
92.2161
98.0612
84.6415
118.96
72.4199
93.5808
104.907
87.9294
115.773
84.5838
98.7519
87.3782
103.266
110.341
130.143
109.981
104.694
119.617
95.5891
92.7767
117.379
106.663
107.428
92.1231
94.5151
72.0397
106.662
125.012
99.832
96.7518
80.6274
98.2633
92.974
86.8956
121.492
104.654
111.553
76.5196
90.2625
92.3358
82.9625
101.292
117.329
98.7197
103.842
103.894
86.3317
117.962
102.682
107.293
120.252
107.876
114.434
105.352
85.2162
99.0607
104.585
114.739
101.761
119.919
111.615
130.86
111.628
126.42
116.479
122.742
130.617
84.4958
103.676
89.2413
108.83
112.667
92.4361
109.27
126.363
83.9205
119.175
99.8753
99.5614
121.34
105.198
87.925
91.2358
88.6254
137.087
81.945
114.057
136.301
119.926
103.718
87.0848
80.4711
111.457
102.979
94.1832
111.407
110.047
63.7132
92.9397
111.956
89.5572
113.107
87.375
123.51
93.5367
123.189
103.131
120.26
115.071
108.738
109.103
103.669
91.9753
131.305
111.531
128.343
91.161
110.154
115.326
113.657
116.436
74.7647
113.514
124.29
111.425
95.7641
109.832
108.443
113.419
106.522
88.5165
111.769
114.545
100.667
90.3241
131.634
106.815
116.609
131.593
103.346
95.9944
111.968
122.766
102.976
86.8241
119.802
110.227
90.9383
130.76
97.6011
82.678
120.266
130.919
103.803
114.629
102.477
114.733
93.5489
108.671
117.832
99.8326
109.928
111.835
134.713
95.6625
99.2613
90.3315
90.6001
75.0343
106.472
122.619
96.1032
92.6416
120.51
99.4227
100.841
94.5292
112.871
83.8478
110.567
106.438
132.351
106.634
118.213
107.245
108.099
99.8009
106.645
110.774
100.56
116.219
115.698
102.927
111.552
96.9504
119.692
100.789
88.4017
104.212
104.531
94.3536
119.728
90.7695
117.052
110.358
115.135
66.5646
124.989
76.5929
117.058
111.656
115.08
90.5026
96.7881
77.934
108.86
92.6094
110.182
108.246
135.809
87.3398
94.0623
94.5134
120.02
123.495
136.851
93.8718
92.2126
93.946
109.123
99.0329
95.0884
111.418
80.4488
100.622
107.279
111.225
110.156
106.633
110.088
85.7027
110.631
94.829
141.806
92.0042
92.164
85.8775
130.569
90.5016
82.7989
90.1532
95.6711
88.1177
120.919
95.2754
147.544
110.586
113.934
93.7559
112.03
125.063
99.4737
90.6327
92.5651
94.9537
92.721
105.043
100.865
90.7154
131.888
115.206
112.886
125.831
99.5744
116.476
98.5584
84.4237
119.021
124.496
102.932
93.6425
111.421
90.9636
72.3606
90.3891
86.0073
92.0776
97.3317
112.122
128.735
127.164
110.802
121.114
104.765
119.444
122.922
113.576
101.256
121.264
119.918
86.7725
127.503
94.3215
85.8316
109.711
103.488
129.584
101.258
80.9188
101.186
95.2467
113.903
85.8275
117.682
120.874
119.867
78.4109
115.24
111.951
100.556
103.163
117.709
102.044
87.7003
113.111
97.791
95.6407
106.172
76.1261
91.0919
112.689
104.637
87.175
89.2977
62.4055
110.468
79.3742
105.219
90.9339
131.387
104.978
94.4055
99.1562
107.114
101.529
111.425
91.8705
92.1218
113.577
107.375
99.1893
95.2348
82.2562
121.056
81.5782
130.525
102.819
115.292
117.764
128.911
129.484
113.832
115.647
104.787
85.5309
90.4206
119.173
84.7428
95.6266
71.3605
114.346
75.1256
110.344
95.3941
108.552
98.1222
119.472
106.24
102.035
121.63
97.4696
122.68
118.618
87.7948
99.3027
94.582
95.3095
91.738
94.1343
97.9536
84.0314
114.069
142.881
100.333
106.712
117.369
131.849
113.953
98.705
95.4706
109.683
128.209
101.411
116.55
112.715
135.891
103.83
97.6504
105.782
120.691
95.4071
94.1073
117.819
110.252
102.308
110.74
88.8513
93.6504
129.114
116.746
98.3823
106.413
124.312
110.313
103.882
114.282
75.304
113.691
96.6353
88.485
86.3989
100.929
84.9371
117.122
116.952
104.315
108.109
78.6693
81.4811
94.6121
99.4594
117.519
115.314
93.4175
115.907
131.521
116.008
124.648
109.705
75.6759
119.446
113.369
103.883
110.065
103.352
81.6814
117.021
93.9863
100.367
131.357
133.395
130.874
93.4489
91.0942
95.8269
102.92
92.5513
90.6734
98.8862
114.289
127.85
106.046
116.351
126.217
89.5736
118.836
103.412
102.063
92.6485
116.073
120
118.298
94.5422
103.359
79.4825
83.2196
68.3556
115.064
111.029
114.416
93.9893
96.2552
103.589
135.326
110.968
102.204
62.7261
97.8198
105.835
139.727
103.875
109.706
113.949
107.299
83.1803
145.418
90.5908
131.254
85.3571
92.71
117.144
84.9351
115.139
86.2564
116.722
113.2
106.806
135.83
106.496
111.011
108.151
119.747
92.0286
78.1636
88.7754
131.433
111.011
107.883
120.256
112.615
99.5556
84.5667
90.3142
116.591
81.202
103.145
95.3456
100.981
111.525
81.3015
125.255
101.798
104.618
104.852
128.92
99.1696
126.765
136.601
126.688
117.364
128.207
124.803
104.538
89.9419
107.468
98.0679
134.693
75.427
122.493
104.053
130.246
124.038
122.761
99.7703
94.3576
103.51
112.075
91.1644
98.0951
100.011
110.829
94.4826
107.288
104.939
84.229
80.3021
113.351
134.589
111.64
101.768
106.321
78.6174
74.5238
100.374
106.395
107.948
115.944
98.3202
94.8341
85.8846
93.5316
118.334
99.6313
130.646
96.1987
90.0295
93.3642
128.23
94.3766
106.784
117.732
118.481
90.3097
100.591
105.184
80.3591
110.083
67.2092
76.9359
80.795
97.3565
100.177
95.6164
101.833
117.296
139.71
92.6051
109.104
112.989
117.577
120.357
98.3081
120.212
98.2768
96.599
85.7934
79.4283
115.036
120.835
116.286
83.0082
89.9157
110.999
133.309
97.2647
108.106
112.09
94.8184
132.247
112.865
105.993
136.453
98.1195
71.3111
103.126
118.19
105.699
92.5765
123.642
106.294
102.843
113.329
116.757
102.665
86.6442
100.525
111.55
106.542
96.236
102.447
91.2261
123.594
143.039
125.928
102.726
110.166
82.1613
80.2365
92.09
118.329
135.41
110.802
92.533
113.845
101.607
132.554
113.559
134.337
112.979
108.279
126.045
130.846
92.4716
100.071
121.658
78.702
78.6628
100.135
111.669
87.7563
97.9278
108.954
91.5276
116.573
87.8798
103.395
94.6894
77.7409
136.543
76.8855
147.799
97.9008
133.202
112.134
97.3373
109.062
107.984
98.17
112.485
96.8493
128.481
101.429
87.2721
103.361
117.801
86.3773
95.695
115.923
97.9276
167.243
111.722
106.116
111.867
132.103
133.062
90.7888
108.75
114.207
115.409
90.8607
92.5888
101.005
107.671
120.683
96.9854
83.4646
114.247
86.5772
135.84
97.529
99.5781
135.167
136.808
99.4224
100.429
93.3833
90.6648
106.087
110.665
94.2396
98.15
82.602
110.067
104.319
100.323
97.6217
104.388
158.522
128.069
98.4786
109.585
89.5258
107.368
115.347
97.1621
99.2289
108.626
112.996
111.503
93.5689
68.7877
100.796
106.067
119.166
88.5416
86.9134
104.342
95.0857
125.122
107.258
116.891
86.7434
144.553
86.7652
89.0192
89.6129
112.049
114.946
108.085
105.046
73.3048
75.7896
113.125
130.631
109.61
107.737
87.4672
101.371
88.9603
118.301
120.662
92.8714
100.595
98.6675
106.46
112.383
108.465
106.438
104.746
105.191
117.549
84.2254
100.673
128.188
110.055
107.65
124.919
96.517
121.37
93.4125
64.9056
77.9857
133.074
114.141
99.0722
96.2121
115.694
123.219
101.976
96.0232
108.592
96.4655
104.702
97.5811
88.1041
129.694
79.4106
137.436
114.278
88.9453
110.423
130.399
115.821
111.85
100.767
82.9997
108.587
107.29
81.1105
115.056
75.1491
95.2998
96.5853
100.814
98.6052
106.988
116.259
105.969
104.72
120.777
88.9479
87.8855
134.949
93.544
102.601
66.6784
101.702
99.2658
120.699
88.091
111.895
101.751
99.2017
102.2
105.521
88.7483
89.8734
110.338
83.3448
101.11
73.0447
112.713
129.054
118.551
102.83
97.9967
97.2235
117.946
126.221
123.29
110.358
92.5208
115.323
122.081
115.388
126.118
139.143
117.369
96.0689
109.901
139.587
106.158
116.332
102.218
110.596
99.9484
117.102
82.3342
123.329
80.2277
108.87
92.2145
88.4464
102.58
81.0133
113.53
109.002
114.712
114.049
92.3066
85.0863
123.938
115.787
98.8326
94.9902
96.1507
82.1337
119.514
90.2591
107.07
104.841
129.161
96.1294
118.146
127.073
108.677
94.2294
129.313
95.6589
92.8066
102.63
90.6647
99.8894
88.3252
112.261
134.278
89.1143
84.2162
127.529
79.5379
104.308
95.011
133.763
113.57
102.991
120.11
103.139
94.9618
111.414
113.591
112.946
111.472
107.083
91.4015
110.386
100.143
120.295
89.2353
117.843
81.2394
94.1315
132.186
105.214
113.119
94.3743
97.6072
84.7116
98.4329
113.777
114.352
85.3161
107.062
78.237
110.541
105.755
113.249
120.147
126.145
80.0014
108.364
103.458
99.0677
83.4078
110.649
100.343
90.9544
106.71
90.3896
84.0092
88.824
95.3219
91.0788
105.292
103.716
115.641
100.629
111.121
128.554
133.278
78.2227
104.089
106.463
115.727
106.291
92.9829
80.2487
103.985
79.7967
94.9084
104.313
104.012
110.14
88.4202
102.285
85.0701
87.3162
120.645
98.7476
92.9642
110.395
98.6063
110.054
109.15
108.894
136.814
132.069
106.41
115.077
118.76
138.121
108.297
96.6922
112.35
97.6357
115.156
95.3018
105.257
107.276
103.641
96.0176
108.306
88.2613
108.932
85.037
91.3523
112.617
87.2835
99.5227
87.2355
115.098
78.222
83.7114
122.137
110.355
113.26
117.135
85.2008
90.8679
84.4468
90.9452
85.0221
77.9285
106.833
105.95
103.639
108.896
108.726
80.9012
133.862
108.894
106.451
96.1609
89.2958
145.491
89.4594
102.874
104.169
123.032
114.383
143.893
85.5107
126.223
109.017
90.6115
101.593
93.2314
123.264
88.3386
110.433
93.4692
94.8523
108.082
113.399
107.305
108.534
96.9974
116.62
102.992
85.3547
102.318
83.0241
91.3132
106.161
112.856
96.2818
119.769
133.211
103.15
124.549
67.1948
104.031
91.9777
86.5523
104.583
109.966
110.31
116.915
100.946
89.4752
102.809
99.5242
113.296
103.551
126.678
86.5198
97.8564
99.6628
111.693
126.804
118.586
106.428
119.15
101.3
99.3042
129.762
129.782
96.6856
97.774
108.238
98.8909
116.406
121.288
110.228
122.173
113.106
111.373
120.711
111.352
123.958
100.701
111.904
112.541
79.952
79.0389
109.201
100.765
100.191
75.9955
101.924
110.873
96.1988
110.133
90.7126
138.475
97.7177
131.283
121.333
124.275
91.5476
87.8719
124.561
102.992
108.522
142.404
90.5416
108.152
108.71
100.072
85.3683
127.499
99.6302
86.6198
122.659
123.362
142.091
100.424
102.335
78.1029
100.404
115.719
108.624
109.268
102.537
97.7624
99.9631
95.2773
101.906
107.963
91.8312
100.482
97.2705
107.103
105.115
105.937
119.612
103.698
100.151
93.1355
69.8282
91.6273
117.463
102.679
99.9721
103.135
141.392
86.9735
115.162
118.111
111.865
95.1805
137.232
100.39
93.6286
126.845
126.004
88.82
100.29
132.763
123.151
70.8102
80.8944
106.194
104.356
105.166
113.22
105.978
136.908
98.7221
101.348
84.0244
105.06
96.1081
106.335
122.702
83.2411
109.21
77.9389
123.749
82.5296
115.593
122.331
91.3927
96.6219
115.853
99.7368
122.388
96.4002
101.199
114.624
121.215
64.8818
97.0403
101.769
147.257
85.7201
113.674
104.382
108.972
102.516
86.9711
101.877
93.1014
125.893
103.247
90.8748
97.2669
100.437
99.1968
104.455
125.073
119.362
94.2733
90.9918
115.494
102.461
117.636
102.82
118.745
98.3206
84.8106
103.911
106.042
96.4107
126.845
84.3118
109.577
102.368
112.153
117.622
93.6059
124.446
81.6375
106.078
81.5001
115.826
101.779
142.818
106.703
119.129
107.635
128.012
91.3025
105.107
78.405
115.015
82.6377
109.7
81.2288
99.5232
92.5032
126.702
107.983
107.783
101.356
96.8816
117.223
106.084
99.6426
97.1222
101.601
116.675
78.4922
124.679
118.819
78.312
96.9582
85.5988
112.55
101.614
94.1771
122.368
106.087
113.775
113.19
96.5743
96.8954
100.793
84.9883
121.501
104.989
94.5217
97.7048
107.975
113.785
127.165
97.149
103.577
107.87
90.2101
94.6704
116.176
87.5605
119.775
123.069
79.2266
125.683
108.378
85.475
85.7382
121.211
115.905
101.67
90.8576
99.3913
97.7884
102.793
112.944
96.0912
112.806
149.333
101.898
69.0136
124.092
96.8326
146.997
123.77
98.5966
71.4533
104.794
114.796
163.51
121.977
86.5624
89.0271
105.434
132.48
87.1016
91.3746
87.2811
104.408
115.101
89.6342
101.152
110.817
80.0982
82.3975
122.998
114.812
117.789
111.056
111.891
96.0232
95.5813
102.365
69.2923
94.7278
102.686
104.21
70.3916
104.099
96.0582
78.2717
124.218
95.26
88.7142
88.759
119.366
103.15
103.666
94.485
126.01
92.2016
100.93
98.3609
107.949
110.867
97.3959
95.8952
94.4238
85.866
106.761
99.0723
95.2689
86.2492
92.1177
75.2745
115.753
88.0084
87.6068
104.653
107.541
103.384
102.297
93.6345
98.7363
113.637
114.556
85.2856
111.396
92.918
109.847
113.333
125.603
110.826
97.3118
87.2424
107.019
104.218
75.0153
122.495
104.031
103.676
101.583
114.346
103.763
111.223
83.566
100.805
86.3195
116.52
98.2601
70.603
113.929
89.9824
129.425
101.932
140.993
115.935
111.758
90.8751
91.7451
119.902
99.2675
121.147
93.8965
91.2629
123.224
100.061
123.188
111.238
98.5432
129.82
103.689
104.777
100.824
99.9868
100.181
111.229
114.09
130.734
100.221
96.16
95.8643
108.974
90.8503
99.7034
116.021
93.3356
110.44
95.4928
121.426
127.93
76.4599
105.579
105.868
94.6218
110.982
142.651
86.5444
117.214
107.807
102.369
110.081
114.552
139.377
92.0477
90.3533
103.333
100.741
81.395
105.429
99.6814
98.6937
112.934
104.85
96.272
77.5771
116.847
92.5505
101.572
93.4162
97.7166
107.648
89.4361
93.4003
100.679
110.47
105.556
105.388
101.119
108.183
96.2287
97.2556
123.609
99.4422
118.944
113.93
79.7062
131.161
90.902
78.7555
100.535
79.9101
109.463
142.896
99.7614
106.306
122.583
137.217
88.4641
107.529
85.3257
121.684
97.0469
95.3386
136.094
117.564
91.1083
134.421
93.5747
113.155
100.297
128.831
88.427
93.0533
101.368
83.7856
105.807
98.1812
126.656
109.617
113.599
108.187
93.8959
96.8749
94.7162
76.45
114.615
98.2432
87.7421
88.8159
122.134
80.3687
122.514
105.65
108.482
98.1709
108.941
108.645
107.666
131.049
98.4405
128.492
92.4021
127.928
103.938
101.556
108.439
119.808
109.757
105.628
88.5014
102.845
100.091
143.514
98.7015
114.407
94.2581
84.0302
99.8134
111.426
144.14
117.852
90.5557
112.215
99.0821
95.4641
113.326
95.8939
110.39
107.384
113.85
131.182
101.6
108.407
112.67
108.624
97.1766
104.098
95.4583
113.905
121.634
99.7971
90.8732
86.7604
93.1976
100.365
82.7534
93.9194
109.908
81.8644
103.003
114.36
97.55
96.6114
78.1294
103.856
131.563
121.758
113.137
70.9593
90.2478
85.6994
102.892
154.767
125.171
113.763
87.1416
97.9317
100.213
120.11
83.7715
120.46
136.409
108.989
103.647
83.1432
76.5168
117.413
116.244
91.7502
100.054
107.079
113.674
94.2074
110.014
98.4527
80.6911
101.663
137.235
68.5892
107.949
113.555
96.0076
102.705
105.291
119.871
95.4356
99.0045
81.2964
111.195
103.153
132.236
93.7165
93.771
116.195
95.3356
121.082
94.0367
95.0571
86.845
90.3425
121.437
92.6299
103.131
95.5443
101.558
87.7733
106.367
91.1817
114.371
79.2415
95.1212
120.02
95.664
76.3948
98.6224
97.4528
101.001
108.609
113.98
86.1831
94.2775
110.003
122.912
127.941
122.351
106.375
112.584
101.563
105.66
107.228
115.593
99.3118
132.488
110.494
105.371
109.214
113.85
113.396
90.0676
125.359
106.58
103.66
94.8221
100.462
140.867
115.024
150.362
100.419
92.9456
100.964
97.5462
117.807
85.6999
93.2785
96.5981
115.675
118.4
101.12
108.242
104.037
97.4572
127.543
84.5423
94.3451
105.153
86.5971
109.817
108.653
95.8208
102.711
92.888
107.856
112.194
99.5679
120.275
121.646
104.327
105.129
98.8458
124.077
114.466
100.409
71.8825
114.406
105.03
110.735
107.471
84.6718
89.4202
113.098
99.3047
87.8802
92.8549
140.228
86.9103
95.3894
118.255
98.7554
112.541
113.058
102.721
140.794
107.296
104.405
107.838
107.739
84.745
119.021
94.7751
111.924
96.7273
116.146
141.973
101.346
83.829
106.192
102.995
99.5281
87.4657
101.655
116.9
101.338
118.82
94.7733
123.512
100.44
104.938
108.03
89.6243
113.626
87.204
133.787
113.223
122.781
86.3321
110.575
100.383
106.751
86.8047
89.9757
117.666
128.876
95.5498
117.354
81.3319
95.6447
132.415
101.457
95.8278
110.071
103.801
122.199
117.162
117.961
92.3086
92.8097
101.014
111.379
97.1632
102.756
130.508
71.7282
111.37
121.509
112.186
78.5127
111.057
81.8089
97.0139
118.209
127.167
115.624
111.906
110.504
91.9675
111.669
125.933
105.483
80.5746
90.9323
97.7944
111.959
93.7028
103.764
126.996
107.753
108.422
94.2694
94.5986
119.085
109.273
93.2757
108.546
102.742
96.5731
115.069
99.2332
95.9294
122.971
98.5001
88.9902
100.671
107.82
76.3727
89.7687
104.807
91.3076
142.275
106.628
98.6824
107.805
109.145
91.3222
109.258
113.307
87.9092
100.885
88.0834
98.2685
98.823
99.8211
107.32
117.139
119.899
112.483
101.363
119.258
97.3446
86.6713
88.5596
96.9933
117.313
85.3506
97.4461
130.72
128.016
109.047
108.223
105.076
115.713
113.397
96.5897
104.421
107.381
107.782
96.878
108.375
121.357
119.069
125.37
98.1607
89.1113
113.197
124.54
137.039
95.6482
102.455
97.6018
77.6946
91.5488
85.2622
126.781
107.084
69.0221
108.135
94.6417
110.285
118.937
112.574
98.218
121.227
82.8246
124.888
103.892
109.354
102.333
112.81
116.066
89.3891
112.432
93.9959
116.43
137.603
105.279
108.792
119.887
104.577
120.47
123.833
117.263
100.335
81.999
126.475
90.3794
121.235
89.5499
92.6645
111.093
101.026
110.256
95.5373
106.328
115.196
111.923
121.025
121.41
111.786
84.9327
87.6427
97.0171
98.2173
79.9595
116.088
84.7114
122.504
96.8335
100.447
135.873
143.038
121.697
94.8329
92.7026
88.1565
110.615
102.149
117.402
116.805
101.741
100.375
95.1822
103.827
128.862
99.5093
96.801
96.3728
91.4264
103.523
134.006
134.815
102.57
138.394
104.376
124.93
100.088
97.9564
112.662
125.056
151.179
102.176
106.311
109.714
80.5265
99.7134
90.9501
116.599
111.883
95.8975
79.9973
91.9371
84.5231
129.877
95.0525
83.66
93.132
88.8275
114.207
68.5724
113.342
100.996
103.684
109.968
104.364
85.3901
103.601
112.67
85.5481
101.801
104.749
94.4504
139.647
113.64
111.871
84.0175
129.437
104.599
85.6248
109.233
87.7984
131.047
86.9557
127.715
89.5728
124.77
97.0762
92.3162
134.129
86.9346
126.865
105.821
130.921
87.8675
96.2697
112.371
103.486
110.787
135.852
110.468
90.1853
112.881
111.02
131.234
140.01
113.902
103.287
126.739
85.502
118.825
85.8283
95.9316
101.819
99.4882
103.312
95.5227
99.0719
110.339
119.825
96.0445
96.5478
101.499
109.185
117.588
120.442
108.486
113.156
105.055
114.793
116.472
114.513
117.863
94.881
129.137
132.452
83.1996
132.041
99.6659
97.9608
89.8248
117.855
110.617
82.8828
83.1819
116.108
109.188
99.1652
132.423
98.5549
112.256
101.742
127.77
109.766
91.6888
83.2647
113.681
93.9363
101.423
99.6059
94.4415
106.764
98.5
113.225
103.567
97.193
101.129
112.075
106.46
115.933
111.379
106.65
91.8774
118.04
84.1613
108.029
111.026
113.766
118.083
80.5813
68.8645
120.594
132.328
98.9206
111.152
106.046
114.119
91.9455
104.548
87.791
84.8971
82.5652
90.0157
114.606
135.986
97.0625
97.8565
87.237
97.5603
92.7965
119.034
123.334
95.3757
108.593
118.274
116.595
115.362
114.686
114.579
101.485
92.5963
99.9738
80.2156
76.0935
86.5673
101.676
126.804
89.337
113.92
101.905
88.7706
81.9125
86.0945
130.605
96.7577
103.772
143.076
88.826
80.8252
121.902
90.9921
114.173
99.3961
89.0724
86.1573
86.1644
129.563
105.202
104.731
88.0966
80.5751
94.0593
93.6736
111.221
105.2
119.068
114.086
123.998
108.632
98.435
125.977
116.558
93.9736
94.9942
85.8537
74.3667
115.254
104.538
115.037
109.859
82.8688
110.083
114.911
98.4104
120.677
83.7571
95.9928
120.299
96.3559
116.645
106.805
116.646
124.19
106.042
107.869
82.5421
113.788
119.988
98.2536
92.5021
95.4509
110.485
93.0415
105.545
108.012
132.699
107.868
126.915
104.939
101.407
98.5314
121.934
100.404
76.5621
116.17
119.383
101.051
85.4064
114.634
98.1402
97.8743
114.308
94.3124
138.405
95.8525
137.355
116.75
106.969
95.9351
101.83
102.037
117.493
121.55
98.6121
120.363
87.2849
104.549
94.7781
110.654
106.786
105.111
95.154
88.7747
113.801
118.309
118.239
111.193
134.97
99.961
90.8883
102.917
82.799
103.194
101.81
100.793
81.057
95.5596
96.7942
90.0448
75.8035
115.485
105.29
98.9032
91.8224
120.126
83.2521
99.1086
126.013
110.022
129.45
116.962
129.324
119.289
127.977
104.893
104.251
103.962
82.2935
135.046
86.5637
93.8542
83.6304
79.6796
110.535
124.043
119.434
97.6215
97.9599
91.4738
131.119
100.037
100.118
84.7413
109.078
89.7758
69.3973
107.43
97.6312
72.2145
114.869
83.8404
92.8624
135.021
99.1305
95.2355
129.763
102.791
114.47
83.4993
100.183
146.712
113.345
121.219
122.868
107.878
108.811
106.139
115.347
104.344
100.472
79.4955
92.632
113.754
106.321
127.408
130.094
92.7457
120.752
129.307
89.6951
92.9104
97.7436
105.64
120.108
98.5129
90.3589
128.353
101.128
93.7422
97.955
113.967
84.0583
111.726
99.5158
94.1809
100.854
94.8492
126.221
92.7582
105.896
94.2952
100.338
117.123
114.525
83.079
90.3585
123.25
84.8836
123.378
112.324
95.2731
128.588
102.258
110.798
91.9466
106.435
100.394
127.437
108.027
103.935
106.452
99.5934
108.62
117.389
84.1962
111.562
110.484
127.642
91.1764
91.8589
108.286
86.1775
96.5425
95.369
99.4223
119.062
121.94
98.3378
114.578
93.3309
129.571
97.9339
102.663
128.516
118.156
135.421
78.4203
95.118
132.71
87.3834
101.855
129.249
106.405
107.273
133.145
121.785
95.7381
99.0498
101.682
98.6027
96.5652
116.154
93.8164
96.8978
91.8914
107.387
106.848
104.491
146.8
109.655
110.005
98.0535
87.654
114.003
100.262
98.2277
106.115
107.876
108.186
134.253
119.369
112.565
125.19
105.922
116.098
80.6189
118.509
91.8543
77.7025
113.968
132.161
92.4583
105.921
117.93
116.36
94.4623
117.074
113.884
131.223
97.8201
97.6969
96.6599
96.7472
78.6805
115.131
100.903
89.9242
95.4096
71.6746
87.437
98.52
97.6005
94.7739
119.406
130.95
133.573
122.138
107.348
118.927
105.972
94.7775
84.4531
104.873
86.3758
88.7197
107.557
92.117
80.5437
82.2622
95.7491
93.145
83.885
148.647
122.545
102.19
98.3024
122.601
123.116
108.247
104.435
85.5571
127.507
118.403
153.925
103.905
76.2159
106.872
108.596
108.431
79.6492
93.9181
108.409
120.74
85.45
118.13
119.389
87.3329
93.8302
112.311
122.323
113.12
120.779
109.356
97.2548
83.8767
90.8829
93.3559
133.794
100.297
120.137
106.838
154.322
111.719
90.1727
121.588
84.5295
123.657
100.58
103.806
112.141
88.8067
80.1183
96.2575
126.014
114.885
85.3219
124.867
101.874
101.05
85.4522
137.508
130.474
92.8677
88.1197
108.75
118.214
106.834
105.23
106.822
110.23
91.1276
82.7511
126.593
91.2142
100.818
95.7541
109.134
102.852
95.5008
91.6423
96.8039
137.061
114.751
85.1522
122.817
109.512
128.304
89.588
113.245
99.8168
118.886
108.01
114.4
89.5368
122.253
101.242
93.1971
104.903
85.5334
102.795
90.7904
106.779
99.3754
100.867
117.459
106.246
109.382
74.243
122.198
111.331
83.065
93.4907
122.031
104.694
113.935
91.8793
85.3377
106.654
94.9958
75.1166
109.893
96.0126
118.986
94.6838
106.461
114.117
126.296
94.6387
92.95
110.604
142.796
108.378
117.799
88.5648
78.8425
96.7256
81.5026
97.6907
100.448
116.535
90.9137
84.9069
98.0169
102.529
105.163
109.012
127.203
81.8226
77.2291
112.319
108.801
68.629
122.444
100.844
144.628
101.07
101.282
112.03
103.277
111.767
98.0426
92.7228
86.664
110.374
116.527
103.228
99.6196
98.5482
95.2565
96.769
134.029
115.204
120.098
100.567
90.9268
103.958
107.187
105.929
107.09
91.3773
137.101
92.445
86.7801
109.069
128.778
92.0042
106.684
97.0152
113.765
117.175
93.4028
84.0484
93.3093
118.968
80.6848
102.971
82.7009
116.019
125.995
87.9887
104.663
111.253
93.4892
112.105
95.9257
122.599
118.907
103.628
137.07
118.58
84.596
107.659
113.734
124.912
94.3605
86.341
96.5906
74.5193
98.4944
112.105
131.217
109.402
131.422
121.001
89.9424
84.0092
91.8594
102.966
93.2906
85.2514
100.217
107.271
91.9283
84.0539
112.115
89.118
116.288
83.0192
95.8783
94.9591
99.5126
81.1975
104.83
101.18
89.9371
94.984
140.997
102.739
120.278
96.7763
85.4056
108.068
68.3414
109.063
114.485
127.274
72.4314
93.0956
101.753
109.668
97.5763
97.4879
112.722
95.3102
109.947
71.5443
99.4799
111.28
117.334
111.688
98.3349
101.565
94.8934
87.0487
108.471
82.117
140.208
84.998
87.504
111.096
121.084
107.165
123.818
102.034
128.954
109.609
98.6365
98.1994
86.1663
133.97
117.87
122.34
128.329
114.803
104.527
119.034
83.5164
114.863
74.4496
115.56
96.5042
98.9671
107.151
106.378
106.984
85.6558
99.982
114.494
128.987
107.839
99.5866
98.2808
100.336
113.8
87.666
100.987
117.131
136.753
89.5742
106.358
74.5922
117.372
98.985
85.0011
125.442
82.7269
109.739
88.9879
113.174
94.1521
144.251
96.8402
85.2457
141.869
97.9717
91.6175
97.0719
99.7321
119.938
84.5127
102.235
116.419
119.251
71.2584
124.452
111.764
84.0828
105.289
109.142
100.531
98.1378
104.997
117.445
112.165
86.1663
90.2915
99.6344
100.637
136.534
89.1723
140.435
91.5631
86.4023
97.2913
114.1
130.789
101.998
105.526
104.828
109.307
103.39
112.339
115.865
94.9539
90.6453
102.775
107.602
108.554
111.315
145.457
117.523
92.4563
112.39
111.75
130.481
76.9597
105.494
55.985
103.791
100.156
102.945
110.181
104.124
122.276
95.7715
100.194
87.6147
88.2574
74.4135
102.874
97.7207
118.588
116.618
95.0681
125.063
95.1504
107.5
108.275
83.2069
119.303
102.246
114.354
124.891
128.098
111.05
93.2727
78.0042
114.181
117.801
109.073
101.587
79.4741
96.7698
84.6751
115.068
103.095
106.193
116.284
95.0698
97.4378
108.132
104.017
89.2095
102.75
104.5
101.693
90.0666
107.862
116.744
116.77
108.984
103.125
93.5254
106.146
91.2503
103.069
115.788
109.455
131.35
120.299
112.524
81.9372
100.018
105.779
102.834
120.563
106.264
103.303
99.2375
117.422
112.792
83.2574
103.965
91.2194
101.607
94.6406
108.839
93.4613
114.829
103.223
92.6354
100.097
101.711
91.1947
118.588
94.7815
114.772
89.2748
117.236
85.1684
100.746
102.182
104.878
131.119
95.1234
116.331
75.3843
118.318
98.2491
114.475
96.9879
101.29
111.944
109.506
125.931
89.4325
97.517
92.4485
98.0919
109.971
68.2292
142.011
121.894
136.159
99.4553
127.697
135.509
93.4466
93.9126
103.415
82.6941
118.839
89.6705
96.1391
103.256
102.672
128.265
113.278
93.0471
127.152
118.598
92.1795
94.016
115.295
135.916
127.195
101.053
114.779
88.3257
94.1861
109.919
121.33
123.083
101.252
128.456
108.875
99.0125
86.4865
130.281
87.4523
105.621
81.2338
104.001
115.669
97.6273
104.74
110.427
109.839
114.174
103.263
98.2344
105.207
102.343
81.6734
100.239
100.786
108.183
90.7594
140.458
108.939
90.5767
82.6728
92.7954
94.7028
104.381
94.1038
114.175
112.09
117.422
111.599
126.148
90.4508
118.531
109.757
105.988
133.66
128.774
138.205
112.646
106.533
98.1289
100.476
132.833
116.305
134.562
113.784
102.427
108.895
79.0453
110.607
116.99
109.995
89.4315
108.857
101.068
99.0636
94.3634
88.1906
123.046
97.7251
113.137
114.971
119.35
106.975
107.127
106.387
129.099
116.046
96.9057
98.4195
83.472
115.631
108.82
114.049
140.605
99.5842
113.965
99.3956
96.5931
121.884
112.813
96.7142
102.357
134.035
92.9315
101.687
124.432
106.681
116.841
95.7392
131.669
96.89
114.776
85.7363
102.85
140.603
92.8121
106.386
104.728
103.103
132.6
90.4746
91.5064
95.9578
100.392
112.232
97.2251
119.074
119.434
90.3176
82.2059
123.285
115.795
99.2779
137.512
69.2121
92.871
129.66
93.0004
122.635
103.74
104.398
89.6608
125.489
94.8548
115.833
137.035
110.886
88.2287
98.0758
94.0223
101.405
108.163
101.908
101.613
90.1142
88.0409
100.39
111.939
108.055
101.06
107.093
111.042
94.9277
97.9137
112.026
104.005
116.545
107.798
109.35
110.763
136.739
90.9511
113.035
127.581
101.399
103.606
109.128
102.211
147.266
132.113
137.345
106.311
113.541
102.936
98.0017
117.768
134.616
90.3311
120.373
132.704
104.034
88.4775
92.9642
131.67
110.199
109.802
103.02
98.2069
76.4936
101.31
93.9338
96.4172
110.735
111.494
110.277
115.469
85.8525
117.234
109.035
107.471
102.322
105.069
108.251
116.6
86.4063
93.4534
110.115
122.7
108.762
106.833
94.9066
124.254
89.4479
96.4114
98.6208
115.774
95.4673
111.475
91.5284
136.218
110.992
102.652
111.388
101.288
116.739
115.484
93.1145
91.3019
101.986
107.327
95.533
98.1755
104.808
96.976
91.4991
105.375
112.302
110.745
119.427
127.28
97.8259
110
114.991
88.2769
110.068
109.388
95.9793
116.376
104.766
102.759
108.653
90.9343
92.1883
139.308
105.24
82.9839
89.5217
119.753
142.683
114.316
122.3
129.878
102.144
101.245
95.5325
129.027
101.028
111.571
88.3341
90.5246
105.086
101.01
121.702
117.586
98.4147
135.824
106.564
89.6593
121.599
74.0964
86.1314
123.077
106.715
111.515
97.821
111.833
104.314
111.51
94.9775
113.21
94.7198
110.795
107.429
106.459
117.827
113.283
111.367
100.063
101.941
93.4257
106.907
91.588
104.901
81.4702
139.964
133.143
106.81
113.87
112.566
120.539
89.2932
89.3696
94.2366
97.0976
96.7464
111.738
129.1
111.004
115.182
116.441
99.5622
82.8021
113.696
105.945
98.0492
125.252
139.471
93.0981
98.9461
110.258
103.523
124.355
104.243
102.317
87.901
106.627
100.546
103.557
96.7233
125.109
118.118
96.7254
123.582
93.2658
116.015
108.559
140.021
95.6747
90.8764
110.918
128.653
112.212
118.198
108.068
95.51
107.301
115.624
101.514
104.484
93.2198
118.303
93.7737
119.149
104.794
108.173
98.4248
116.846
84.4235
125.161
112.302
99.0035
119.191
99.1397
94.316
99.6345
126.197
106.009
110.061
111.273
102.212
102.204
126.21
97.0274
115.671
99.3478
73.3784
121.704
85.985
78.343
99.6742
113.45
86.2581
77.7839
83.2715
110.333
98.5419
91.3818
99.85
104.385
95.4521
92.1154
129.589
99.5136
94.7762
104.046
103.993
88.0493
114.255
120.723
99.5633
101.929
116.895
136.516
126.5
95.3465
82.394
99.1089
109.372
125.331
95.0791
104.247
101.871
124.785
102.043
77.2279
88.2715
111.382
106.793
100.01
119.868
88.0691
111.451
82.4623
97.0704
109.454
95.2091
100.1
99.979
96.2039
130.244
86.5454
100.474
112.591
121.223
98.8619
103.652
88.372
111.946
100.76
104.264
111.152
112.775
130.643
97.9781
114.991
111.318
101.36
97.5819
122.678
90.6651
102.048
121.349
129.408
84.8713
76.408
133.324
132.046
106.197
97.8001
93.7016
88.7124
104.078
141.645
110.369
108.763
124.803
71.558
114.23
103.262
109.669
105.374
84.5003
116.291
111.633
121.374
101.646
90.3992
117.125
113.124
98.9573
98.3783
132.084
68.3598
104.197
120.01
97.7024
117.667
120.948
107.834
90.5459
86.2481
94.1298
107.185
100.932
104.286
71.9857
112.156
76.4185
100.737
95.8659
101.964
126.9
97.5343
120.792
115.35
92.3644
92.1431
92.6498
149.745
97.1453
118.231
87.7519
91.4379
105.332
116.319
90.1986
120.087
118.635
123.723
109.016
110.15
114.557
114.681
109.438
74.6434
100.043
110.844
103.372
96.2293
122.172
118.577
104.541
104.549
84.4135
97.0126
130.109
91.8492
108.612
104.529
94.3725
113.688
117.087
92.2643
110.342
112.131
89.6238
93.5347
89.0861
108.667
81.124
112.885
103.394
140.198
89.2075
115.864
74.6791
87.0194
101.406
102.898
117.013
72.6803
129.655
101.179
82.683
91.1801
113.219
108.882
111.086
105.62
97.8878
107.873
75.2381
97.9337
102.237
134.568
115.868
79.0407
88.0931
109.215
111.287
122.691
96.3246
104.366
106.069
101.589
100.011
110.901
104.062
123.048
93.1882
108.93
107.912
91.2173
87.4895
99.3939
120.21
80.8683
101.462
96.4529
80.2526
123.322
116.879
90.032
111.194
111.241
99.5795
100.821
138.28
106.12
125.774
122.376
124.883
106.026
111.473
99.2187
117.555
102.137
102.364
109.975
98.1406
113.897
110.081
101.199
112.361
87.4541
107.228
108.277
86.144
115.124
106.275
89.3321
95.0527
91.6617
121.06
106.411
103.545
95.182
80.8182
88.8172
99.2942
140.72
113.457
119.574
115.59
100.575
121.722
98.4083
115.845
104.566
112.401
104.433
108.966
91.28
106.46
95.8016
112.433
97.8229
111.185
86.8629
69.59
116.728
106.943
84.2542
100.628
105.592
132.811
77.0331
98.4028
88.5345
123.179
105.311
124.315
67.4724
86.386
93.8239
112.498
129.74
121.88
100.442
116.97
117.064
106.22
116.637
108.05
81.7134
85.3808
79.2405
107.732
96.2454
108.344
89.1921
131.719
133.836
86.8263
88.8321
106.593
117.872
85.9507
113.356
107.587
101.546
133.237
116.421
81.2919
97.2425
85.2334
90.3193
111.749
86.7788
107.91
107.687
125.295
88.6446
110.186
92.1594
105.946
118.833
100.032
84.5531
123.337
107.294
101.239
81.5997
121.606
90.6719
101.404
93.6218
81.7835
89.479
91.471
104.079
92.9413
103.788
92.5353
101.151
118.611
117.791
114.631
116.771
97.6299
106.329
111.655
88.2317
108.62
118.735
108.031
112.632
112.308
109.207
82.3518
96.8632
104.831
72.1332
105.809
98.5615
99.7134
89.6886
80.3312
103.344
97.4452
100.778
92.6883
93.6805
99.216
97.4296
98.9072
135.521
87.946
102.166
115.045
111.023
102.732
121.303
100.255
104.598
82.4533
145.626
103.536
84.4965
97.1905
85.7986
114.03
118.087
97.3753
102.547
94.6904
100.645
102.587
129.601
139.843
124.218
106.15
123.942
96.9848
138.9
91.049
104.212
92.9447
111.454
80.5267
110.37
120.146
133.175
67.8748
86.4589
95.4415
108.504
90.5952
101.436
78.8402
111.448
82.7642
109.14
136.292
102.796
111.795
101.276
90.4657
112.439
94.4647
137.395
106.721
78.968
108.247
88.0149
127.481
113.23
115.242
152.753
74.098
138.325
102.926
95.9587
85.4122
98.5463
98.088
112.344
98.6329
88.6065
99.9369
95.816
123.1
139.543
108.812
98.5241
107.303
108.249
80.4179
88.8251
124.014
89.6222
99.8749
124.887
126.849
99.9238
103.615
119.244
112.736
70.7393
92.3823
82.8119
107.122
106.138
120.749
115.503
75.1673
112.716
146.001
123.106
109.394
103.217
74.2436
109.789
98.1206
113.338
105.53
69.536
97.6432
98.358
146.386
124.154
88.8559
118.922
108.454
111.534
109.32
112.605
80.3244
126.626
107.327
76.6115
117.628
109.482
116.131
85.6251
83.282
98.0184
96.8089
91.4492
114.184
116.457
115.467
72.2867
108.768
99.4167
119.812
121.201
98.0933
89.2785
134.196
101.967
94.7783
112.194
89.2191
84.092
86.4288
124.065
134.82
110.43
91.0813
125.732
100.469
140.83
92.5847
109.331
104.36
112.356
68.8332
97.6982
97.5518
91.7286
114.372
126.81
119.963
105.85
99.9798
114.207
85.2594
138.359
96.0658
110.822
101.226
100.007
91.3181
93.8333
119.621
94.4769
103.803
119.021
104.164
81.6351
113.889
87.8392
93.2736
99.7722
90.4767
134.548
108.493
103.512
95.2243
91.438
90.5955
97.7948
71.9361
89.8027
88.797
126.122
103.36
85.3219
98.6404
111.019
107.19
109.938
89.7699
79.3952
94.8236
123.952
116.475
115.511
95.0283
115.172
98.2019
111.149
117.925
114.445
124.727
97.9109
130.279
116.238
124.299
102.722
117.303
106.824
104.257
112.662
98.9853
145.48
110.29
119.101
94.4679
93.1797
99.0456
87.4255
118.141
112.226
107.066
104.654
94.3707
105.505
109.462
84.6158
108.542
113.569
117.185
90.8287
92.3049
112.919
106.116
101.409
108.938
119.935
117.23
122.671
117.252
120.287
87.4632
117.202
112.308
105.21
75.9211
77.062
111.25
80.929
109.262
106.652
96.2923
112.596
126.154
126.967
92.6018
123.519
96.3743
110.314
119.342
99.357
96.6024
90.996
90.3976
110.329
120.324
107.455
113.335
109.139
85.0225
112.652
95.8554
106.903
90.0799
92.5344
99.3759
101.976
106.581
107.035
101.604
99.025
111.053
89.2519
116.632
132.799
96.5013
101.174
106.693
119.101
112.66
104.415
101.664
111.635
105.557
81.0998
102.114
120.005
94.4085
103.111
91.9738
87.6428
100.769
80.1315
98.0398
114.452
98.7916
91.2603
102.257
90.8004
130.25
99.4191
111.437
109.792
123.751
93.9063
95.4073
97.839
110.638
118.243
111.973
97.692
93.885
106.097
102.296
100.158
104.572
97.2007
106.375
118.131
82.0415
115.638
129.75
121.035
108.165
84.0248
91.1316
101.505
89.5803
89.9313
111.961
93.877
72.8872
98.0354
125.999
120.729
91.6827
107.966
92.6945
106.346
98.4511
128.409
127.478
101.031
125.268
91.6425
100.138
86.5851
97.6012
112.505
122.34
107.83
126.855
93.6362
102.331
123.435
110.207
99.9495
129.24
121.181
127.344
130.737
120.068
91.4551
88.3154
91.9638
103.547
100.089
115.297
103.245
86.1928
127.181
124.821
115.279
112.934
133.591
102.213
122.854
96.3681
99.6384
99.9924
129.181
126.623
106.074
111.11
148.931
86.3234
146.228
94.7498
103.895
95.3472
106.43
108.43
98.0788
81.7705
128.356
111.704
112.036
110.204
90.3378
97.4364
104.282
90.8938
108.983
104.325
100.665
103.246
109.599
80.0091
98.9577
111.169
95.1975
99.8589
109.708
94.3526
120.003
107.408
106.109
121.572
115.265
103.251
86.4734
90.5121
90.5823
117.31
115.823
113.818
115.526
93.1297
88.8709
117.683
100.972
119.812
95.9284
102.253
110.708
105.584
96.5456
110.884
126.692
128.246
112.566
108.697
99.9455
115.683
115.452
89.0118
103.053
115.416
112.7
105.451
94.9841
100.287
105.113
125.567
100.583
115.955
87.174
100.392
107.992
94.2545
85.7756
101.993
127.735
106.389
98.0391
120.836
110.831
88.309
82.9194
98.9364
102.816
72.6881
100.843
127.852
94.024
113.055
150.511
103.502
96.4508
162.138
71.965
106.616
97.2459
78.8784
99.3172
103.85
106.458
124.965
102.903
142.469
123.49
89.8843
114.068
105.538
85.8083
98.2394
113.954
116.716
104.985
93.1779
85.9957
125.058
103.559
106.254
115.472
113.653
95.4673
86.8067
100.381
107.429
87.2645
95.4443
101.177
106.772
78.0068
86.9644
116.014
101.283
120.845
90.5996
135.413
99.9238
91.0789
81.2787
135.268
118.419
87.8301
130.99
91.3143
122.712
97.2902
117.111
105.873
114.062
97.7292
107.17
121.081
113.338
116.7
83.5502
83.6182
95.8904
107.61
99.5686
124.437
114.536
126.087
92.1505
93.6984
116.121
114.357
105.968
118.753
105.834
107.501
116.765
95.5507
97.0646
115.061
92.6996
114.413
105.453
101.502
102.131
121.483
85.8856
124.894
130.387
108.179
106.276
109.803
99.3249
130.408
105.232
112.004
105.47
97.7173
89.4104
101.393
104.777
85.8527
87.7102
93.8936
100.215
113.169
102.392
101.941
117.723
116.977
94.7448
117.182
91.215
96.1151
101.305
115.907
110.302
128.609
121.79
99.8607
101.137
130.809
115.568
94.8721
81.1379
76.1035
88.5266
96.3701
84.6091
120.261
120.21
72.6182
94.4849
109.654
89.4275
113.174
103.365
90.2991
104.862
91.38
124.982
99.977
99.7967
100.542
66.4761
106.318
112.723
95.5877
119.711
97.7528
111.658
85.0603
95.3787
105.719
103.924
126.088
87.7619
106.865
92.2323
101.996
88.3108
84.0806
99.8379
120.958
100.779
121.402
132.477
121.989
114.717
95.8058
87.4598
101.238
127.184
110.521
116.273
82.9505
93.3992
126.189
86.2068
129.214
98.2765
87.6059
120.286
113.125
97.4265
133.772
99.9915
123.422
98.412
102.834
72.4223
81.7711
124.188
89.5374
99.5395
114.542
127.322
104.652
126.553
107.961
99.6844
105.613
123.719
129.483
95.987
113.045
116.695
97.731
95.8253
94.7237
93.6106
114.838
89.0017
104.941
120.671
118.86
103.246
99.8807
89.1653
77.8611
144.638
95.7396
96.7635
86.6228
123.622
62.7071
88.0974
111.041
107.016
80.8394
107.615
140.297
95.3255
111.921
84.2872
93.3478
114.328
110.405
93.8546
86.4873
117.508
117.209
112.304
92.5283
126.119
110.865
100.588
102.843
97.7013
107.367
108.759
96.9576
101.861
114.154
94.8768
124.032
106.103
121.756
101.318
107.841
126.394
106.225
97.0179
71.6257
108.549
94.6439
92.1581
110.651
93.1616
96.3508
98.7509
121.588
119.903
127.615
126.39
119.565
85.5329
112.925
99.4104
100.97
126.141
84.2497
110.987
110.868
107.063
91.084
104.295
115.634
75.4004
114.832
100.456
102.022
111.153
87.7243
96.8093
95.9389
109.274
98.152
124.899
88.4942
121.452
96.0834
104.811
115.596
105.561
92.651
120.263
100.478
77.654
103.366
89.0932
92.6066
101.39
97.2251
90.2505
106.549
85.6139
103.137
111.158
123.059
95.833
99.1039
88.8462
104.238
95.1429
96.7977
108.351
96.34
113.13
118.542
121.554
97.5312
126.062
109.573
93.9161
119.194
100.539
85.0669
133.951
117.274
100.245
123.425
102.168
105.392
83.6852
143.429
103.607
117.141
118.486
105.522
92.5524
100.134
112.589
121.539
122.586
132.98
90.9506
86.5407
114.426
117.467
105.126
98.4128
95.9213
106.236
107.741
122.678
105.213
120.309
70.1327
131.277
101.658
105.826
96.75
99.0987
115.938
115.8
123.95
107.359
115.479
97.2919
104.08
103.698
122.532
129.166
92.8054
102.875
97.9487
117.177
91.1395
121.393
104.243
86.4811
119.949
97.2944
104.334
94.504
107.036
93.4642
116.043
92.5402
97.5631
80.685
115.776
90.8339
97.0799
84.0963
110.387
98.9945
117.277
113.866
120.309
102.848
94.3449
122.875
105.302
93.8222
100.794
105.363
88.206
100.699
94.0068
123.748
124.099
109.059
81.2389
94.3253
96.6705
103.185
110.399
100.559
94.1316
77.2568
97.2933
114.264
95.9068
111.038
134.335
93.9503
89.17
84.7091
113.648
141.126
83.7416
88.258
101.789
109.322
112.143
88.5566
90.8927
105.472
111.594
109.707
92.267
86.0383
86.1577
98.3226
119.768
97.5857
89.1125
121.455
81.6492
119.314
82.4658
99.7667
91.4691
106.534
87.43
104.133
115.545
84.077
109.652
97.8283
113.202
113.618
96.3872
93.3351
87.6907
83.4043
98.3566
102.849
117.604
101.835
123.398
103.677
88.693
95.4147
92.1735
105.315
121.726
93.0906
96.5461
75.1469
113.943
95.5246
111.121
100.382
101.182
100.624
123.318
93.6571
106.788
79.6317
104.618
91.2279
103.527
96.5732
87.7111
73.836
108.064
82.9336
103.749
107.18
131.005
90.909
93.7593
94.9351
143.297
103.158
110.242
103.77
95.5997
127.479
147.106
91.0381
103.377
112.388
103.11
100.716
95.6238
104.47
114.342
97.8794
113.567
84.6014
105.314
83.0401
130.266
90.8691
117.87
91.0806
125.945
110.267
92.7289
104.555
88.2162
122.074
86.4942
108.236
107.051
116.142
104.07
105.054
118.697
96.269
108.722
100.701
99.4613
95.5163
109.205
105.924
100.468
101.607
111.038
106.255
93.5629
117.507
125.644
91.4966
108.789
107.068
96.9579
102.241
95.0774
126.563
94.2915
98.4737
111.463
86.6206
99.3819
108.845
77.5995
121.22
123.897
105.154
107.499
123.857
112.325
112.571
97.0404
111.84
131.083
90.4279
111.36
101.477
87.1852
90.4584
110.247
97.9392
89.6081
129.319
130.395
146.837
124.963
109.42
88.611
136.309
92.7099
88.2213
104.774
105.775
104.532
107.819
108.326
88.606
90.8046
132.935
89.779
99.5264
102.977
125.028
106.668
93.9556
100.629
98.6368
108.446
92.0804
91.0013
104.919
81.4015
93.6226
110.248
98.2929
86.7721
89.4075
91.9846
105.783
117.508
89.9957
102.052
78.8051
131.912
96.5353
104.777
122.348
106.947
99.7879
99.9655
114.74
115.629
93.115
117.989
119.204
96.82
123.425
103.748
95.175
96.5862
97.7397
108.344
123.676
122.271
98.8032
104.021
88.0473
112.797
118.794
115.585
122.054
112.287
104.502
97.8769
91.2929
105.551
114.654
115.699
135.546
103.283
88.5157
75.816
102.294
97.3316
112.208
119.653
107.199
120.071
93.2646
96.9323
108.458
103.743
134.127
105.663
117.03
115.951
99.9693
118.728
101.842
95.8336
96.8623
136.274
83.794
123.028
116.542
100.644
92.0952
109.252
139.13
93.4314
96.3915
114.42
66.8692
100.04
84.5613
137.182
114.481
113.487
101.121
94.7364
97.6075
99.9474
121.796
111.574
110.386
101.323
109.501
114.738
99.792
96.0944
88.3939
95.5862
89.8711
104.387
63.9002
110.723
72.4817
114.356
123.245
126.339
116.013
118.447
103.977
104.854
102.967
106.372
95.2807
114.622
107.647
89.937
116.765
115.198
117.622
112.186
102.274
119.59
104.042
114.918
125.281
93.7257
96.1285
118.32
122.385
128.461
113.011
114.071
97.771
89.7619
105.088
125.142
96.9592
88.4649
95.3238
82.5317
100.522
107.892
95.9209
122.626
93.9738
107.303
112.518
114.125
99.8541
92.3031
102.369
112.522
97.0824
104.92
104.983
98.9696
98.6895
79.4523
70.5289
105.582
100.795
90.1825
100.69
126.293
104.073
125.592
124.767
129.449
94.8236
84.7052
101.302
136.549
86.944
124.416
103.99
110.05
127.024
98.3496
84.8481
100.831
73.2787
100.543
95.0071
110.457
112.954
127.576
95.2062
104.136
86.4031
135.04
139.14
86.0295
99.76
111.016
111.35
119.314
92.8738
89.5117
104.64
100.766
104.957
111.587
105.547
92.8071
110.163
101.089
121.698
115.014
93.6079
95.4064
99.3456
97.7188
132.113
