657.351
668.639
683.733
650.764
690.337
604.346
653.297
625.017
627.738
672.94
633.339
760.171
628.661
685.941
639.031
659.735
547.887
641.901
610.232
663.197
664.714
595.901
689.363
726.205
620.198
704.178
669.3
700.731
665.101
656.173
617.59
633.025
591.909
644.162
697.105
678.207
699.46
681.156
671.74
718.254
703.005
623.592
669.019
682.885
721.024
660.623
630.137
608.905
825.679
627.392
695.134
683.996
550.674
712.408
779.787
577.092
655.524
584.504
586.965
741.609
727.5
756.307
628.053
790.758
621.159
680.509
645.685
684
611.846
602.423
655.435
645.897
775.738
720.392
613.133
714.337
643.338
713.523
633.147
679.978
572.905
606.11
708.296
639.593
728.283
622.93
683.413
770.868
554.208
708.122
616.665
651.371
639.092
647.476
657.851
618.052
636.68
672.457
764.315
713.097
637.166
607.676
704.029
639.882
597.147
681.656
632.801
748.967
605.318
617.597
613.833
597.501
631.96
682.846
678.469
695.324
687.363
674.652
565.145
721.791
709.062
662.924
663.589
674.077
684.919
682.886
625.211
612.198
635.771
650.45
723.217
605.145
612.293
554.287
646.367
656.224
672.385
639.519
720.794
709.547
644.48
638.444
677.493
621.483
678.766
636.387
581.216
561.803
660.4
662.573
548.35
590.372
664.515
669.711
674.573
692.339
667.111
583.759
561.827
580.454
565.193
653.57
653.41
636.911
682.544
693.616
650.556
675.757
651.641
720.674
492.804
619.592
681.304
639.791
685.775
645.355
609.182
632.874
757.684
582.928
558.922
712.832
603.772
679.375
625.241
674.073
613.124
613.341
700.085
694.786
706.806
586.441
683.739
667.304
625.821
717.907
737.129
645.05
679.079
684.078
649.705
733.488
710.611
601.246
625.874
697.221
661.591
679.265
657.032
702.979
673.535
641.576
635.218
610.061
593.388
618.492
518.251
624.192
581.124
603.526
638.909
717.435
698.475
659.446
650.901
606.82
580.344
593.428
675.528
746
610.509
694.623
640.146
670.885
633.187
732.617
720.163
702.069
723.544
668.993
689.557
648.259
694.716
697.872
731.248
670.583
689.267
641.885
552.359
636.292
739.914
559.451
640.2
680.389
607.529
671.664
686.884
578.856
694.519
652.281
581.027
675.102
711.124
662.02
644.449
703.8
650.231
713.849
644.834
731.781
646.852
657.513
665.317
654.748
736.4
678.904
755.603
718.777
744.006
605.455
693.361
592.617
676.088
645.238
653.712
696.467
618.739
700.725
702.367
657.61
605.068
659.68
680.71
598.787
622.637
684.718
629.867
728.678
647.531
540.462
658.849
608.027
705.435
735.106
658.317
579.265
547.026
699.404
648.567
655.474
666.064
738.445
613.236
703.999
627.535
668.797
643.382
672.925
698.239
685.219
653.483
643.762
652.174
691.651
673.898
680.237
731.721
708.396
650.928
633.698
642.533
689.584
650.885
737.143
707.474
623.247
690.151
594.149
721.423
641.965
682.985
668.327
638.245
620.194
693.401
692.837
609.728
726.886
748.332
733.798
661.445
660.473
665.828
568.022
709.597
626.655
631.661
747.964
717.336
623.056
602.336
580.704
627.941
696.045
643.141
638.32
669.047
625.7
676.865
723.698
545.019
631.381
709.793
654.144
590.139
597.031
637.032
695.482
617.32
543.325
619.984
757.685
578.937
570.159
696.804
672.493
653.272
633.715
657.996
777.48
697.338
622.012
720.157
732.507
602.398
748.692
546.626
670.882
675.432
596.768
600.402
628.9
753.145
684.153
691.186
687.378
660.668
764.025
705.821
656.707
645.897
618.996
647.901
681.083
685.781
649.473
706.81
537.921
701.489
726.29
618.458
634.122
629.781
631.93
731.102
759.694
632.372
642.049
661.972
672.935
670.198
654.067
688.57
614.432
666.031
706.453
634.651
714.669
579.366
714.713
598.463
592.879
586.257
617.766
606.645
640.483
672.647
606.323
639.718
672.754
699.716
610.583
637.151
640.715
558.259
585.363
687.464
565.076
647.335
576.984
808.015
600.82
761.358
640.523
694.357
583.283
687.648
641.738
670.888
692.69
700.072
644.559
687.326
699.249
692.115
740.008
677.076
706.634
701.722
550.275
598.913
615.715
592.871
626.026
712.17
632.108
641.885
674.653
651.194
729.277
637.588
655.687
660.788
570.049
692.822
736.862
666.947
605.555
651.756
616.378
626.941
668.038
710.351
639.168
609.365
697.241
674.878
635.156
730.234
621.736
622.404
668.716
621.449
633.484
647.291
615.689
676.179
568.605
683.823
727.852
790.564
637.426
596.023
610.243
613.236
774.035
605.416
780.126
665.325
668.171
601.561
642.492
697.512
626.375
692.774
762.702
520.567
690.372
705.805
731.325
621.792
708.449
663.161
673.046
763.49
675.925
653.743
616.45
690.748
665.786
563.117
624.739
718.789
665.542
656.988
722.105
636.748
624.099
589.951
637.923
594.832
638.657
585.815
675.891
682.175
691.588
720.138
638.178
679.757
674.828
686.344
642.078
627.671
675.166
630.443
725.468
794.706
700.585
734.843
703.747
561.916
573.508
638.929
633.205
633.687
656.897
640.855
610.21
636.955
768.756
621.553
738.769
637.023
682.411
723.501
655.909
540.04
707.177
749.197
650.539
699.371
617.13
691.411
672.388
626.968
666.365
642.327
690.028
639.387
665.306
643.843
659.652
677.518
750.428
643.335
706.779
705.729
671.955
729.552
641.484
787.438
696.587
582.915
646.792
694.061
670.71
657.762
579.785
670.173
721.357
741.292
590.853
642.816
664.74
619.157
604.614
590.811
588.302
677.767
674.417
742.119
721.724
691.592
733.183
662.698
566.393
644.938
639.679
641.902
620.513
678.191
616.88
683.665
590.403
671.08
638.158
672.983
658.321
564.102
724.575
772.374
677.646
691.967
590.855
602.834
659.781
600.709
729.752
649.154
582.724
710.786
584.631
787.244
560.334
591.028
602.337
633.611
668.856
602.148
677.692
738.97
578.832
739.891
614.668
627.648
706.19
559.857
664.644
548.793
715.401
600.244
720.375
683.387
793.204
682.995
686.092
586.018
611.691
642.251
563.045
697.045
643.687
673.274
637.009
632.335
643.034
716.592
705.767
677.088
741.388
721.363
576.096
625.477
651.795
658.535
608.81
649.174
622.737
737.366
575.385
630.736
663.071
672.823
642.612
624.858
651.275
707.314
665.886
646.149
569.185
661.149
597.508
696.773
612.669
651.528
681.894
684.515
536.888
641.668
607.588
605.447
608.468
572.637
677.118
593.115
707.635
639.789
600.477
679.739
737.459
638.036
677.931
595.248
568.287
675.184
683.809
725.32
653.35
649.665
692.727
658.743
646.937
718.036
648.592
696.363
657.13
730.386
646.627
629.008
598.32
714.112
681.272
664.484
679.569
632.265
705.515
617.404
598.684
577.021
636.498
656.954
666.672
732.116
601.241
673.24
575.998
627.987
591.727
545.731
782.94
673.643
632.961
586.246
577.906
597.633
668.08
586.591
591.23
558.282
723.815
668.889
604.076
661.225
683.448
646.243
657.383
687.793
710.6
683.44
722.886
560.215
664.913
729.019
680.859
665.266
618.532
611.947
702.838
713.394
813.54
616.251
623.182
633.075
675.939
681.979
672.757
644.811
601.468
702.672
597.866
640.883
632.051
553.478
747.62
682.305
634.229
660.484
708.027
701.546
555.234
666.634
679.029
639.936
646.186
590.068
612.096
638.556
619.06
667.94
729.652
642.434
631.643
616.393
783.363
684.682
705.258
718.165
703.227
639.972
744.585
669.227
682.736
617.61
656.024
726.709
588.549
636.342
711.802
649.949
715.901
644.635
606.97
612.229
606.612
676.039
636.871
690.507
614.294
598.086
604.026
637.013
634.485
600.458
708.192
679.877
612.713
675.602
667.202
585.411
655.419
606.483
735.128
619.469
795.822
578.131
589.295
636.703
611.479
530.125
745.158
709.597
661.58
634.464
704.446
645.066
574.905
609.734
661.783
616.461
574.097
683.893
671.682
641.967
651.847
734.213
671.721
608.963
635.12
686.964
715.138
615.492
601.857
608.917
669.407
662.203
674.096
632.681
605.335
644.204
662.035
689.036
605.991
645.417
595.36
628.498
696.503
739.38
589.058
595.967
721.938
703.159
607.89
657.16
616.021
641.981
688.611
612.5
673.272
662.459
629.98
652.318
635.673
652.414
683.594
662.761
540.048
693.096
630.888
611.469
723.441
755.157
568.678
602.869
659.431
690.517
742.35
648.852
614.644
600.734
659.128
524.362
576.151
619.128
599.845
624.089
655.327
675.559
661.64
650.748
507.09
665.75
640.746
704.722
687.213
646.26
687.745
684.185
680.975
570.378
646.446
626.486
662.161
660.762
640.064
654.778
606.521
664.306
608.411
602.58
666.559
678.382
617.173
728.603
658.492
717.765
710.304
651.367
688.69
707.569
615.846
722.422
604.539
634.185
724.276
721.735
772.367
580.721
734.077
649.716
783.029
663.623
591.512
680.946
674.686
669.753
637.497
643.474
586.529
633.146
677.788
642.104
617.682
711.034
628.872
712.081
688.775
638.425
590.25
521.106
628.103
630.658
532.806
562.991
682.558
695.1
618.792
692.278
698.516
622.426
690.359
621.394
667.998
622.688
684.362
683.578
708.942
749.515
759.55
690.691
623.871
766.658
685.066
727.692
794.111
714.214
619.313
570.256
668.529
698.733
616.684
657.773
672.148
657.093
676.781
639.415
607.238
663.395
670.352
702.028
641.046
552.474
617.169
675.402
556.482
575.958
691.551
769.006
619.68
654.028
667.496
591.08
744.474
626.193
681.429
645.342
671.711
707.261
590.069
649.882
647.022
622.53
565.957
676.415
642.947
651.444
686.469
676.095
662.323
633.294
632.845
724.93
695.363
660.553
725.989
604.507
657.807
662.751
639.372
662.121
721.682
657.012
684.544
685.454
591.942
669.262
583.968
641.715
624.937
719.84
665.579
665.662
652.507
577.56
645.727
669.323
702.382
624.087
563.277
666.569
667.676
648.038
772.021
604.817
659.973
574.292
687.14
555.718
729.564
621.439
723.005
598.697
666.587
594.318
662.534
748.4
575.477
665.884
640.574
606.592
778.159
667.007
625.289
708.952
696.146
632.272
732.648
627.327
637.246
641.242
700.634
718.418
633.332
647.751
691.86
680.296
656.174
584.788
590.973
652.139
614.983
630.475
653.857
613.056
611.463
662.951
595.33
606.487
697.313
651.287
630.429
681.628
646.446
643.78
620.265
632.468
662.053
647.498
689.521
586.462
723.515
612.983
592.236
693.245
658.777
641.834
662.581
567.875
576.52
594.505
624.559
613.93
665.651
734.834
625.926
679.058
663.53
599.867
631.621
656.193
705.52
651.899
662.911
606.933
632.894
667.818
576.663
616.875
652.142
684.404
556.04
729.229
719.203
597.405
659.158
634.541
614.079
590.912
624.413
606.091
678.027
630.777
645.103
618.953
658.96
556.461
643.221
660.427
697.694
648.393
676.552
666.62
567.188
660.476
605
733.691
713.389
666.95
624.047
647.401
694.821
698.959
633.45
720.13
687.155
586.458
623.047
707.213
700.782
621.775
703.876
721.072
629.778
632.21
717.079
588.462
673.314
705.477
710.13
696.315
675.215
755.366
659.731
612.723
729.897
655.234
665.931
597.84
644.286
667.586
680.349
714.738
640.428
627.549
739.413
684.691
666.291
506.55
582.81
700.836
654.464
650.747
630.027
733.144
652.379
671.575
581.386
581.864
691.281
631.318
650.611
666.784
715.613
642.854
655.945
682.558
666.726
648.705
621.752
714.492
659.034
688.812
625.797
666.271
636.883
673.626
660.501
681.623
604.939
746.896
654.248
668.77
689.306
647.946
687.32
647.801
708.364
643.672
566.244
653.543
631.949
617.038
668.356
673.274
581.368
643.719
697.31
744.115
631.596
708.862
655.134
696.286
752.122
628.149
611.041
655.909
613.877
646.478
606.909
563.907
739.663
688.356
641.401
608.396
683.896
659.634
741.67
663.325
685.79
641.773
714.585
677.316
628.665
598.064
603.388
621.973
530.721
601.25
696.19
752.889
552.769
707.551
590.977
652.384
604.409
665.347
608.071
704.057
588.102
600.603
683.299
686.637
659.416
648.275
625.418
705.206
597.034
687.048
713.68
646.237
631.074
652.725
620.388
617.761
645.698
694.165
570.486
637.637
694.99
603.022
668.371
661.491
676.458
650.881
665.216
634.503
724.03
648.894
742.579
727.545
609.28
676.204
628.251
654.067
654.064
657.121
657.914
703.264
646.503
701.273
643.891
653.817
620.567
662.27
664.203
645.84
603.79
633.475
587.091
635.531
658.003
634.186
645.125
738.537
607.51
712.95
696.243
661.433
728.501
651.911
761.153
525.139
576.894
668.716
549.742
688.852
586.802
739.731
614.916
777.151
694.129
640.034
693.224
597
585.16
687.125
548.54
554.211
625.437
679.382
583.817
621.993
796.85
697.969
664.647
617.172
641.793
698.417
682.533
645.802
576.883
554.874
642.378
658.469
659.33
695.395
670.888
669.968
548.988
702.35
632.497
635.901
831.389
738.075
685.604
645.674
708.125
731.082
723.67
618.058
585.856
692.912
644.228
680.587
714.415
648.535
601.539
722.819
627.558
695.448
768.021
714.574
614.268
708.913
665.382
671.446
687.232
659.045
744.516
624.017
631.283
727.658
627.645
670.816
628.856
580.063
677.224
623.025
646.918
688.383
638.217
602.349
614.279
699.552
748.924
601.559
601.205
543.123
736.4
664.872
697.235
571.874
709.834
569.626
664.867
725.621
677.678
575.666
671.974
640.972
616.646
711.598
648.845
712.112
679.788
724.274
665.413
682.876
590.395
649.083
623.965
597.626
619.55
632.785
672.128
672.307
576.459
624.284
640.911
675.232
633.722
579.055
631.457
740.71
688.53
656.59
633.476
744.291
664.353
601.213
640.837
656.6
683.834
545.989
653.337
662.142
702.574
695.407
707.921
631.068
702.018
815.521
644.504
640.054
592.727
675.122
707.505
583.405
636.564
628.345
682.895
677.238
665.331
639.843
633.621
671.798
579.505
713.53
637.142
687.959
666.135
644.311
634.959
653.133
647.711
632.226
703.083
705.325
633.195
726.187
700.336
569.003
689.716
726.061
639.358
698.674
673.995
623.757
658.368
738.906
603.207
648.968
690.197
605.409
564.9
573.575
824.605
700.972
730.288
621.026
596.909
540.362
617.844
744.494
593.621
662.709
657.433
613.63
676.609
671.378
646.557
706.368
588.119
575.251
654.439
688.254
620.14
684.109
602.365
633.586
678.984
644.591
669.921
600.297
691.377
571.463
742.329
675.074
663.123
713.753
640.008
615.883
692.217
569.315
680.184
687.156
713.822
596.847
677.866
704.774
668.088
701.722
624.034
676.343
585.248
744.308
593.595
574.893
641.133
633.369
677.085
654.943
588.85
560.272
598.817
668.289
611.266
614.186
602.73
603.166
582.375
619.18
685.388
629.861
612.559
661.939
668.783
765.696
644.088
709.471
635.324
585.654
670.996
613.427
625.289
697.938
677.266
665.951
542.06
606.282
587.712
633.348
685.884
614.641
713.525
663.745
712.076
661.994
629.907
633.367
612.21
603.417
690.539
729.056
722.161
656.187
756.889
713.351
685.306
669.716
617.167
597.259
653.185
548.2
569.33
677.588
622.692
638.773
612.34
607.578
751.86
575.052
757.878
758.501
607.205
668.745
598.029
681.55
559.297
757.719
621.229
655.164
631.436
642.173
701.081
796.712
576.977
748.448
624.78
619.869
622.183
655.614
684.709
702.84
700.963
750.301
643.214
620.49
693.004
686.943
671.199
621.796
634.506
692.965
687.337
698.003
576.442
640.305
602.738
674.071
636.39
676.927
701.195
673.101
713.504
645.37
667.917
674.762
685.854
598.235
689.352
669.801
712.848
625.7
734.779
638.683
770.944
532.339
785.574
611.253
698.296
602.983
552.083
624.928
586.87
689.031
576.408
636.839
618.152
643.1
680.171
634.709
625.743
653.646
608.158
705.019
641.874
702.149
696.839
650.197
693.957
649.308
649.475
613.167
638.65
742.913
662.116
628.492
661.984
780.73
706.8
665.117
608.368
664.122
679.796
607.415
728.663
763.178
656.203
694.497
666.192
674.051
662.633
631.969
662.117
720.272
585.085
548.056
672.408
675.002
685.508
560.899
659.254
615.978
592.499
625.352
709.803
574.113
666.798
672.09
696.678
659.105
616.93
653.487
634.974
655.798
635.65
638.369
662.243
643.513
744.89
704.815
670.574
674.002
696.975
594.811
735.23
545.612
638.24
585.302
670.429
630.416
747.278
629.046
700.553
700.303
632.952
717.124
648.832
643.576
643.501
713.786
710.762
644.865
662.027
712.204
711.21
597.283
696.091
710.905
687.116
590.59
591.296
715.857
718.985
640.574
621.281
662.435
699.735
607.045
849.875
675.883
599.851
665.594
634.802
709.895
691.716
672.239
588.459
641.363
646.145
707.61
673.933
559.574
625.969
744.1
620.059
650.758
735.313
591.158
596.477
741.254
600.122
599.227
660.468
606.854
630.837
701.125
640.591
597.075
629.364
700.782
653.944
634.942
531.416
604.72
691.581
691.001
700.429
641.316
651.976
684.663
684.117
724.985
702.908
589.349
627.835
634.866
663.403
725.508
637.474
643.787
671.446
740.34
611.646
679.848
654.893
662.383
537.938
621.552
672.446
550.572
675.987
642.701
670.289
668.202
599.544
749.515
645.401
610.945
635.874
627.303
684.505
590.391
599.219
736.458
656.589
598.535
635.008
686.709
694.173
596.846
689.598
657.685
559.168
621.32
586.307
780.602
687.803
706.611
663.957
649.296
651.623
571.188
682.421
709.925
653.304
645.591
599.826
578.497
712.14
661.76
646.724
690.509
691.34
635.674
615.943
615.383
658.088
702.301
685.012
579.09
677.712
715.361
716.513
668.664
706.757
666.219
600.758
732.34
659.418
665.578
606.38
653.837
704.569
661.278
556.32
653.186
647.731
575.141
774.817
640.062
619.009
628.607
658.285
697.331
644.18
704.416
613.42
638.221
705.921
618.765
638.374
635.528
678.141
606.856
765.046
686.861
624.17
728.51
584.291
630.638
663.458
664.645
644.451
661.779
627.574
680.822
698.662
662.969
680.221
662.912
575.805
618.416
672.926
628.025
628.699
634.698
720.12
734.718
533.256
679.528
678.644
675.408
596.6
572.639
606.454
645.075
643.991
700.157
619.8
739.156
710.903
640.71
755.145
676.649
709.803
726.276
610.168
629.465
670.577
666.733
718.867
643.405
628.309
634.475
687.774
707.017
637.403
635.022
588.649
566.58
562.184
579.257
656.393
645.574
585.56
688.455
624.059
631.999
656.247
652.469
636.119
675.16
702.901
661.322
608.259
647.582
694.145
698.72
662.655
689.678
625.941
623.552
705.796
625.9
609.77
688.956
658.643
549.851
694.484
596.178
676.05
680.339
703.76
718.443
613.926
472.533
527.074
780.903
670.245
647.911
693.081
645.996
676.881
683.204
629.036
599.645
671.742
658.744
652.121
635.186
676.933
686.251
672.841
622.376
747.554
747.661
606.136
660.946
614.843
635.729
581.449
664.212
682.877
721.621
613.514
667.7
649.409
669.505
643.381
723
618.409
633.137
732.255
643.549
771.502
641.19
610.255
632.197
673.775
718.491
665.848
649.168
645.089
735.789
604.856
608.824
669.499
614.004
700.125
676.451
700.425
668.604
663.479
603.474
630.84
743.238
519.391
632.8
650.314
646.242
658.063
663.635
623.74
638.67
727.881
620.775
634.663
618.632
586.786
593.608
659.324
643.078
686.193
681.989
594.765
619.374
605.179
641.517
694.913
624.825
584.783
706.785
609.25
693.666
592.375
656.095
657.47
683.72
655.908
676.578
673.898
645.624
684.283
638.528
597.351
794.446
678.179
641.706
656.079
713.444
712.385
892.513
705.113
607.916
674.09
657.785
736.938
603.731
686.695
636.091
734.784
654.637
589.436
736.92
677.527
606.182
711.283
628.428
777.646
710.504
728.97
666.476
672.219
583.616
566.639
691.059
674.572
643.144
665.281
673.628
646.273
673.289
617.241
759.62
677.314
656.529
639.836
654.847
682.319
623.13
712.048
612.537
693.245
599.592
657.885
598.626
591.931
719.633
629.488
593.675
609.749
651.717
613.967
754.884
621.628
647.827
694.603
671.154
646.007
602.628
601.798
656.817
730.727
657.244
624.785
687.057
758.463
663.95
580.434
716.755
652.536
601.739
642.875
673.618
676.451
618.406
679.828
616.746
615.887
738.371
605.539
723.167
609.741
687.315
704.892
696.703
766.231
636.45
604.873
550.46
686.704
672.596
682.043
681.599
635.736
647.852
662.136
591.083
742.048
576.606
764.274
665.624
596.5
782.533
699.478
591.712
651.155
701.291
589.302
616.08
654.612
660.335
653.534
667.067
621.449
654.675
614.759
745.854
647.861
662.918
627.649
705.283
648.974
771.606
690.211
610.152
600.174
601.237
677.302
620.415
481.462
603.535
665.085
711.011
552.708
707.077
755.668
601.246
648.575
664.321
606.395
720.339
700.871
614.463
679.686
674.153
661.805
649.961
646.304
733.188
601.242
707.395
790.47
712.485
644.353
747.027
680.99
619.728
651.638
627.488
699.731
663.459
694.86
657.849
704.109
683.074
683.61
651.783
643.806
654.417
655.069
624.732
665.708
682.153
734.29
555.358
566.386
691.37
626.936
596.802
760.992
610.058
594.147
722.776
716.11
643.873
587.277
648.198
680.178
615.204
598.343
593.62
621.581
682.628
675.41
565.802
677.057
699.119
637.48
702.826
738.801
710.649
613.591
705.139
623.885
642.935
587.216
636.363
673.084
614.383
720.549
596.915
612.109
641.106
671.52
680.264
595.149
620.911
751.402
649.441
659.842
667.616
681.475
634.064
772.057
586.033
720.063
660.989
574.273
599.325
611.515
629.812
762.763
703.279
648.85
640.691
695.978
658.441
673.1
719.949
636.497
683.391
716.172
747.373
664.065
809.12
652.637
638.205
617.634
631.202
722.179
635.549
694.245
640.208
641.931
623.044
637.559
587.067
564.411
640.712
695.185
696.979
684.133
754.798
668.482
665.113
612.99
658.359
559.619
651.807
676.392
673.577
679.206
718.984
593.449
712.641
681.425
745.059
632.517
646.704
623.585
826.385
637.539
627.166
681.425
661.286
638.015
651.215
762.951
631.289
659.31
682.322
690.973
794.833
688.238
660.774
700.842
706.169
676.711
710.76
753.071
619.099
658.449
732.357
747.365
627.001
711.686
635.545
624.046
650.646
674.213
720.625
617.029
666.36
714.022
716
678.495
606.652
658.242
724.612
640.984
705.201
619.452
648.51
622.16
671.458
811.147
723.162
708.729
674.857
734.7
690.284
575.074
685.68
637.826
750.012
688.859
746.915
688.728
545.58
605.967
667.563
700.182
684.413
620.699
656.374
770.139
641.735
676.293
656.761
644.107
727.825
741.294
690.575
550.449
636.113
572.096
736.464
731.91
653.341
699.071
693.044
693.753
636.505
680.91
585.538
659.547
650.06
703.923
555.905
606.844
639.939
652.216
674.086
655.711
619.477
708.388
696.422
589.307
553.01
658.46
671.138
633.667
664.611
651.16
619.172
687.326
659.978
647.492
614.986
618.358
733.655
745.833
708.451
668.477
714.959
581.714
637.46
699.256
618.685
721.381
705.867
739.123
634.609
652.024
717.398
644.04
768.532
650.331
670.809
648.726
663.354
720.802
631.152
673.297
617.848
575.679
695.515
667.964
652.766
651.991
599.121
668.008
636.723
629.043
587.191
712.718
586.744
579.156
727.357
601.846
646.782
732.524
655.685
593.754
678.207
670.205
668.401
581.609
609.23
642.889
749.658
634.658
725.894
697.194
614.166
691.118
727.071
650.11
603.138
625.706
678.499
694.983
674.799
710.416
653.328
671.24
718.188
669.077
582.79
658.664
620.385
634.591
533.149
512.824
649.28
709.483
575.18
636.864
623.709
633.513
615.731
616.275
667.947
658.931
760.366
669.433
741.106
738.502
670.986
622.167
565.864
764.174
636.865
594.453
684.535
694.97
673.792
669.786
678.605
757.515
661.834
685.249
628.978
700.253
571.212
745.432
602.831
682.985
661.733
704.561
626.748
632.321
668.828
673.65
621.083
641.556
673.611
658.139
669.292
647.298
693.938
683.01
579.228
643.288
644.993
616.516
661.195
620.649
756.974
658.882
686.466
633.239
635.68
741.758
627.433
731.917
702.691
693.771
642.372
508.579
712.05
651.338
727.543
594.884
653.823
569.018
688.661
670.035
590.049
675.146
585.475
618.785
665.185
665.336
676.503
690.989
644.911
604.805
737.926
665.086
724.181
646.344
748.976
609.622
649.964
575.782
690.785
654.717
747.914
743.645
583.71
648.701
620.426
537.484
597.413
652.042
731.889
649.304
525.958
666.935
610.953
655.047
611.927
659.382
614.029
671.769
672.198
510.388
589.305
683.743
733.093
639.213
690.231
706.717
717.879
703.314
735.71
746.428
581.165
709.801
548.419
666.796
744.091
731.36
663.642
664.672
677.956
686.223
670.943
626.004
604.743
605.497
685.668
712.958
642.889
704.112
601.519
692.054
631.176
697.964
683.099
634.801
642.467
679.432
705.921
562.664
690.747
624.779
581.463
749.882
566.774
624.963
716.129
749.316
675.079
726.858
667.052
689.623
658.752
658.489
653.187
605.727
703.299
631.078
608.811
584.999
661.86
672.875
700.312
615.922
589.757
673.459
660.22
592.408
690.807
599.456
728.235
672.615
647.052
638.796
655.858
618.884
617.144
642.22
669.483
614.604
692.346
694.403
617.025
606.208
669.243
681.539
670.808
560.051
745.778
647.977
626.281
619.645
622.881
658.573
684.374
539.154
636.587
648.123
616.73
699.986
684.623
645.492
636.455
711.923
747.842
603.24
672.104
723.563
695.36
657.915
596.649
715.868
627.06
701.463
606.676
709.438
662.104
682.484
765.467
662.612
627.487
723.78
661.772
726.402
657.102
627.653
665.046
716.65
616.016
696.43
692.063
683.852
676.39
679.229
695.865
616.306
670.599
660.273
667.478
650.765
619.66
682.183
620.559
698.903
678.709
591.266
602.48
647.478
700.222
649.209
635.754
671.393
704.704
672.526
664.224
662.257
604.884
654.905
603.537
616.301
582.2
760.894
667.674
756.726
648.679
685.339
629.44
615.504
661.771
670.944
654.263
730.291
675.877
703.155
639.094
674.231
545.709
681.525
659.4
636.724
611.412
596.461
724.348
692.622
723.727
570.195
658.036
622.839
759.025
693.039
670.169
600.054
576.579
570.914
609.69
655.615
602.508
737.231
627.204
632.124
679.188
741.819
604.569
685.854
647.133
620.835
671.38
751.029
652.877
744.998
603.369
682.1
576.47
655.406
622.224
729.214
578.313
653.971
604.598
616.193
688.344
678.796
622.279
785.915
630.913
655.848
654.158
659.209
638.156
640.555
660.713
589.943
623.159
697.066
695.434
691.439
677.959
637.88
666.916
674.557
762.159
632.735
634.031
690.46
697.497
621.365
718.912
545.752
600.216
550.303
659.198
646.362
646.369
667.085
697.932
616.229
634.024
678.784
704.334
636.83
691.587
636.314
651.449
542.973
603.989
640.688
693.464
612.252
607.995
697.191
696.76
724.261
706.249
660.375
714.055
730.038
697.589
724.886
695.715
613.057
629.409
656.412
729
636.006
734.118
746.655
661.446
644.13
708.377
637.062
691.143
659.922
641.223
526.613
685.476
657.642
783.283
588.06
553.079
667.589
717.971
571.171
721.43
658.551
635.775
657.395
691.371
710.393
565.956
728.691
580.105
709.623
640.841
706.385
686.034
669.495
751.756
598.602
696.348
714.376
583.424
626.461
615.813
672.29
731.746
664.015
656.957
623.854
716.781
647.268
681.649
631.223
629.34
705.742
680.709
612.744
746.575
618.775
636.956
631.36
746.495
630.176
578.243
678.038
648.195
710.073
703.641
648.671
685.229
695.475
730.204
737.172
633.081
663.632
686.804
576.735
755.091
566.437
719.827
701.09
650.476
710.049
665.545
682.141
766.682
722.174
768.544
636.691
608.881
631.786
607.369
668.035
671.676
699.489
641.865
775.137
625.263
560.124
749.749
659.348
584.734
632.199
579.715
694.929
614.392
656.848
786.526
562.284
623.176
545.965
599.117
705.643
669.526
688.784
699.4
764.068
743.74
625.377
685.53
642.711
711.745
723.44
581.651
648.562
684.246
664.77
708.606
744.103
622.372
690.754
628.136
569.569
672.071
643.589
546.355
667.295
693.18
629.222
751.968
575.647
652.486
565.212
575.496
636.562
577.952
604.817
707.224
612.59
590.804
672.692
595.286
615.359
671.626
663.56
653.466
640.239
672.795
586.74
699.161
750.709
663.09
504.885
676.798
616.298
728.352
673.942
583.837
635.405
684.317
589.56
616.211
581.362
676.136
642.894
637.968
619.055
634.295
588.395
591.557
628.459
561.536
685.226
709.146
641.783
619.345
677.953
662.156
611.717
661.055
776.538
692.516
623.632
670.916
633.123
635.813
717.223
769.574
631.926
631.959
746.195
650.132
619.57
677.645
652.751
650.512
728.813
710.108
638.701
588.299
631.168
533.065
638.1
761.829
659.222
653.841
629.761
663.118
616.49
644.733
664.051
744.323
674.817
595.638
723.36
638.198
653.508
722.037
708.956
629.15
659.876
560.197
639.318
693.825
624.012
650.653
695.318
656.702
632.254
660.488
635.228
653.715
563.321
737.658
622.409
570.631
653.769
715.037
712.799
663.657
714.785
666.894
686.327
536.794
658.624
655.697
596.438
648.585
651.406
619.158
669.194
587.696
699.024
680.411
626.859
698.179
637.67
756.258
625.12
644.827
734.553
668.286
659.136
702.652
622.728
679.418
608.475
660.971
718.906
625.321
681.633
752.526
661.777
696.611
603.367
660.681
579.913
700.254
668.847
594.478
665.734
713.647
655.349
703.401
578.936
684.776
668.88
636.713
592.232
668.436
708.652
712.493
663.692
707.266
669.153
661.799
592.396
656.141
681.925
652.944
633.273
580.108
646.959
707.672
637.831
712.16
611.84
667.792
660.978
622.352
764.525
676.738
634.125
640.909
685.136
622.133
600.468
636.25
648.38
658.485
727.214
702.61
647.856
723.187
665.675
553.993
653.191
701.502
577.801
631.746
690.147
615.391
629.115
617.463
636.038
652.22
651.588
718.34
620.419
656.498
694.649
684.304
615.942
707.63
682.643
684.47
724.771
679.707
620.05
725.455
622.647
606.71
603.998
664.61
631.987
666.556
705.366
676.058
707.634
654.999
682.628
618.771
682.52
671.788
711.809
588.654
609.558
676.662
651.089
749.248
763.48
597.414
623.657
639.523
668.524
693.413
680.992
716.348
630.6
641.906
619.699
610.912
632.951
834.814
660.901
647.694
743.161
560.29
714.554
710.75
650.946
650.011
683.551
653.36
761.334
549.168
711.289
642.254
670.573
757.964
696.189
604.384
663.213
670.984
666.633
717.819
628.529
715.536
681.876
609.455
642.67
719.817
700.943
674.823
590.382
710.839
639.807
597.122
662.296
658.665
605.802
622.199
562.679
730.638
616.605
719.31
657.69
720.011
659.478
707.151
655.104
619.946
681.75
640.743
592.49
750.374
697.744
630.417
615.928
792.953
619.129
644.347
617.876
605.924
659.999
772.21
656.678
631.819
634.831
643.454
557.064
622.642
692.355
560.915
670.199
680.5
608.616
647.182
634.615
835.873
693.567
579.854
680.066
653.251
670.695
662.423
716.26
731.831
614.493
754.773
564.48
677.934
530.975
689.151
668.738
587.607
683.253
648.4
693.752
718.181
628.29
684.658
662.336
682.21
659.839
619.54
622.562
670.261
746.251
658.217
692.601
729.47
608.266
664.494
495.783
650.058
661.542
767.282
637.766
570.772
841.528
660.141
588.612
683.542
673.367
679.123
628.187
585.526
637.636
610.769
635.761
656.259
655.238
681.733
687.465
617.691
715.589
714.25
538.647
683.407
657.783
524.82
634.057
652.708
716.828
719.406
679.439
659.884
710.293
632.997
602.287
696.344
718.023
648.385
733.973
732.241
577.223
698.152
712.475
622.571
550.007
623.827
634.692
751.019
790.45
607.647
681.122
639.436
661.793
706.857
698.425
615.089
662.875
700.408
615.759
718.303
676.734
677.512
703.213
646.509
581.344
660.556
694.711
625.079
612.33
679.273
724.189
694.44
731.357
617.308
565.738
667.092
666.489
557.311
608.58
723.249
800.884
613.666
633.735
672.623
683.225
740.061
649.407
608.024
685.563
687.284
642.445
731.919
665.081
720.724
711.993
630.367
666.916
738.384
621.818
665.757
696.749
638.697
597.573
575.285
685.663
693.239
649.484
611.605
692.966
679.241
764.367
632.423
744.462
712.107
629.574
676.081
693.501
596.814
711.813
611.759
705.046
588.035
689.589
649.576
591.191
736.716
664.153
598.423
686.745
643.224
600.248
626.869
649.337
597.305
668.052
606.582
715.385
769.97
651.194
722.295
595.462
740.724
749.446
686.877
614.255
692.537
615.849
631.199
659.428
658.472
668.681
711.617
639.499
518.505
615.014
693.7
683.442
658.133
621.85
626.14
739.231
641.579
670.986
688.876
693.826
716.533
637.462
656.405
778.597
555.229
651.265
625.265
587.74
679.028
728.95
615.113
684.658
645.816
698.966
650.452
689.367
751.287
638.621
657.905
661.541
638.996
662.319
655.357
621.885
605.582
634.793
704.651
708.978
652.578
702.674
661.686
709.46
795.45
662.599
613.876
673.432
696.208
633.227
703.903
685.453
636.891
642.86
572.104
660.911
686.12
641.414
691.371
694.717
654.389
631.785
634.659
634.282
621.843
726.547
588.679
685.488
633.382
595.525
655.176
675.821
674.88
726.774
731.819
532.52
670.559
590.846
670.875
692.928
644.129
747.757
582.95
647.951
638.043
530.565
651.214
618.617
703.293
769.02
645.679
672.324
728.593
726.662
649.309
613.04
666.72
618.982
640.745
639.548
648.348
650.489
611.645
605.255
710.728
556.37
737.809
716.696
708.298
628.167
569.257
647.71
753.207
815.141
774.537
611.806
672.924
575.358
673.254
596.677
590.747
656.67
702.255
722.363
639.603
687.299
675.374
634.646
682.819
692.785
583.446
642.674
599.457
632.51
726.151
634.093
665.131
725.063
706.373
704.294
588.273
601.532
617.521
684.242
603.964
677.918
724.856
665.565
678.289
648.125
646.88
604.286
631.606
611.701
562.191
694.851
716.973
743.267
626.87
629.652
675.274
749.975
565.412
736.031
738.577
691.684
685.293
679.518
673.912
736.276
619.88
697.716
649.982
608.924
574.347
759.651
735.076
741.953
683.467
599.079
711.753
620.548
699.546
641.105
713.221
692.958
661.175
643.345
626.298
735.052
523.052
637.994
631.953
675.099
573.059
663.966
631.176
758.272
731.072
656.466
635.261
612.091
612.409
678.167
732.726
670.806
729.866
732.426
719.547
618.188
664.095
664.602
579.784
682.608
538.573
636.17
696.31
687.367
549.242
699.562
739.98
634.114
635.892
603.274
647.664
591.91
694.135
632.985
718.602
623.777
603.975
684.901
678.393
671.816
703.01
598.435
579.272
631.254
670.166
585.498
685.252
797.373
622.394
685.225
636.09
647.419
650.645
707.192
642.753
720.725
653.855
640.686
680.657
731.248
750.439
721.265
608.452
666.442
664.408
617.845
593.422
654.116
654.698
632.832
704.394
712.944
704.104
654.065
745.985
667.507
665.493
705.448
638.802
647.68
664.577
708.472
771.156
734.28
646.077
627.889
631.374
735.158
572.258
661.086
627.809
610.66
572.489
658.559
712.789
609.623
672.765
638.7
557.68
670.071
633.692
641.947
734.787
658.357
539.026
669.99
686.196
676.291
685.042
701.469
583.79
615.334
695.581
727.15
747.283
610.777
597.275
631.676
617.221
665.301
704.393
564.252
721.53
643.671
656.919
624.842
658.238
665.405
617.113
642.896
696.212
674.128
730.148
612.47
683.951
652.142
594.966
638.231
634.807
671.043
685.855
647.375
630.885
685.283
584.137
739.415
672.213
658.147
638.817
654.916
682.465
697.216
642.42
676.918
601.208
610.276
596.426
581.12
690.263
744.611
617.607
682.732
672.265
655.913
623.04
732.961
654.197
629.515
721.971
550.004
695.283
720.682
760.521
725.149
677.822
630.407
643.783
628.574
636.647
637.813
697.649
660.157
623.616
713.681
649.02
705.438
648.69
667.415
640.839
714.205
621.848
655.118
744.414
691.775
592.541
705.37
744.039
622.121
599.469
625.119
633.709
575.175
627.598
736.06
627.626
740.405
684.306
634.314
630.243
624.01
691.795
668.185
620.624
604.4
604.475
699.649
603.129
702.941
587.795
684.231
591.474
675.141
674.717
710.565
663.722
568.621
630.409
679.71
803.256
610.798
665.518
746.545
680.019
597.923
710.85
613.831
608.449
643.973
716.324
627.007
724.718
600.948
709.453
756.828
705.652
724.393
561.403
678.371
618.002
652.15
604.213
590.472
748.737
638.796
594.608
641.727
737.608
654.449
649.726
712.398
609.709
679.861
685.623
686.964
607.765
711.022
685.993
635.048
660.961
624.508
677.45
570.234
638.016
655.639
665.259
636.338
690.296
655.905
529.68
633.645
633.107
616.017
644.772
661.391
623.777
691.248
635.666
644.712
669.514
677.276
671.204
567.038
624.332
644.814
678.369
670.635
714.429
661.197
621.809
640.289
659.786
632.216
597.906
729.241
605.355
643.182
583.323
718.628
601.09
621.289
753.549
667.053
666.454
612.089
665.248
637.409
651.729
699.503
663.448
727.198
651.12
652.694
725.499
666.538
679.786
741.966
779.49
709.168
649.017
636.904
627.752
667.502
672.666
607.8
526.447
585.529
844.221
660.552
599.327
713.133
644.788
622.35
624.923
614.435
696.07
613.233
661.684
607.234
649.55
617.263
698.216
669.275
591.841
679.051
720.582
653.567
701.452
659.125
696.381
671.301
624.007
542.576
571.245
727.915
510.174
581.306
647.764
721.125
626.909
663.354
712.454
578.976
571.769
663.625
653.344
646.005
639.807
613.355
606.776
693.546
718.093
703.553
529.844
648.949
578.161
698.999
591.921
719.508
611.028
635.145
627.292
625.467
628.664
636.73
622.921
698.278
740.452
679.267
689.182
698.251
635.902
589.276
553.451
727.825
684.374
665.541
673.829
630.962
653.333
633.695
680.907
663.598
636.836
650.151
740.543
627.095
590.342
674.696
699.258
715.097
736.116
725.45
693.968
650.564
688.555
625.897
562.7
647.655
660.797
634.316
655.027
579.966
651.039
604.83
615.272
627.913
666.367
723.102
650.559
591.406
654.946
658.551
723.573
693.916
679.824
627.705
676.401
577.76
694.937
698.555
753.539
728.965
658.953
647.914
715.754
664.7
634.109
572.786
576.171
591.48
677.055
598.061
624.193
599.119
540.2
689.904
694.996
636.996
574.589
794.213
633.995
656.662
594.862
666.83
635.44
643.817
625.448
577.924
659.216
641.942
647.764
629.968
652.572
666.163
531.658
631.873
596.169
723.699
688.844
662.614
633.822
741.621
724.688
702.225
621.68
676.493
638.899
589.419
731.299
575.307
713.006
723.142
687.632
635.596
769.439
587.76
628.335
712.987
671.619
658.056
657.837
631.26
680.202
662.154
628.735
752.417
576.539
667.867
638.965
664.879
621.935
621.009
527.736
653.673
702.14
702.525
641.185
599.813
680.235
699.711
721.463
607
549.582
684.837
621.126
594.302
630.984
713.07
654.477
639.162
653.197
589.354
642.794
690.488
650.654
611.125
607.338
628.041
668.913
598.072
645.674
609.949
665.564
727.618
639.265
698.765
633.554
654.505
661.464
718.052
627.814
649.35
627.535
661.297
606.424
629.981
727.173
691.009
620.061
666.992
726.315
573.648
576.807
773.131
648.559
653.392
579.016
621.773
621.299
578.41
637.166
638.851
627.648
663.205
545.245
660.054
736.034
597.926
681.303
642.672
625.981
632.701
646.69
651.897
685.043
729.961
653.767
680.082
610.842
713.29
599.646
584.695
602.3
717.8
626.27
628.824
664.161
690.752
697.127
670.843
593.634
750.899
756.838
629.311
714.947
707.307
736.301
672.688
631.577
653.908
668.413
617.923
708.945
639.826
592.424
581.293
626.285
638.637
648.595
599.536
681.926
594.723
678.187
652.244
600.677
663.702
620.069
638.691
673.115
665.807
673.773
675.381
659.16
667.097
545.668
684.206
612.769
603.619
685.788
682.344
666.437
557.472
643.555
693.571
632.261
624.467
669.567
622.975
659.211
660
561.454
669.061
684.803
700.696
741.076
698.051
642.915
675.506
626.568
697.884
575.282
609.048
562.419
664.961
625.431
670.274
562.059
532.879
660.669
624.799
626.051
671.09
588.288
700.284
668.501
647.608
661.622
613.117
703.163
596.346
626.787
719.542
656.942
660.205
568.432
619.957
674.145
629.365
690.907
612.317
625.962
658.275
613.465
648.317
664.981
659.638
675.101
635.345
680.814
698.786
651.029
664.451
596.17
649.225
597.987
607.95
645.788
718.132
649.368
676.482
781.932
615.882
728.093
599.907
606.014
695.523
697.83
678.136
657.315
623.305
776.64
604.412
679.941
594.471
667.98
820.072
718.093
624.142
636.434
636.38
597.389
751.454
725.43
732.076
603.881
619.901
811.368
658.846
612.165
640.901
596.804
647.362
703.561
710.138
589.683
736.689
649.354
669.057
686.319
650.018
705.198
683.95
704.324
728.051
698.754
651.625
592.06
723.996
689.242
594.521
707.322
755.644
679.876
594.634
502.813
659.354
641.565
638.815
659.847
662.36
592.126
594.377
698.951
648.159
593.805
694.966
550.615
624.142
649.475
632.213
598.558
812.715
669.516
659.166
667.034
686.62
578.09
678.765
692.623
642.705
659.966
620.503
660.014
676.19
601.178
667.984
681.916
641.211
534.527
621.632
631.925
748.396
657.26
691.501
594.731
540.738
687.09
684.208
648.732
757.612
692.654
669.295
680.713
738.023
633.513
662.176
656.219
569.078
594.435
678.437
691.964
701.224
635.275
581.709
772.053
644.743
638.563
518.651
584.495
618.442
642.388
692.959
653.204
638.989
704.284
601.361
660.68
661.552
652.533
661.151
696.533
708.199
568.52
722.568
606.615
585.833
572.149
611.362
634.28
708.569
542.405
683.672
637.7
746.722
700.337
710.444
790.289
528.694
644.372
620.678
659.42
691.652
840.217
783.078
710.052
699.185
781.01
598.784
577.843
663.5
649.4
703.999
621.151
656.009
706.817
684.758
722.884
653.945
571.406
674.57
598.951
667.262
624.706
671.812
664.216
700.394
626.444
692.461
609.521
641.054
657.898
672.419
693.532
498.358
766.808
677.495
686.411
788.534
678.721
624.781
689.138
648.165
654.071
559.543
583.862
592.416
619.41
660.132
651.877
723.652
635.304
660.418
682.576
671.831
709.612
623.109
645.641
576.384
598.054
722.623
730.522
713.378
688.507
701.299
684.095
679.953
655.806
592.148
600.513
633.694
737.522
655.435
692.267
615.593
684.017
600.376
661.096
525.74
601.299
760.426
676.668
680.931
706.526
722.953
715.123
707.759
674.497
644.093
683.182
614.82
651.681
665.984
566.66
610.834
672.066
689.149
665.433
608.397
656.719
567.691
645.021
650.395
612.845
692.164
693.89
753.712
750.606
719.413
624.931
615.558
666.443
669.407
615.583
603.632
704.667
663.43
711.911
528.484
662.053
652.35
616.466
704.351
658.516
644.776
622.363
674.073
725.36
631.644
724.856
680.692
608.88
687.539
664.555
600.984
587.767
649.338
620.492
650.169
592.684
675.039
613.616
775.327
639.694
657.784
666.415
725.54
659.88
644.463
639.461
598.893
563.797
617.211
694.5
574.453
661.297
692.817
753.803
556.306
712.673
727.287
670.05
711.499
754.136
702.731
665.459
674.287
557.287
639.699
562.52
754.764
639.963
562.903
675.38
711.361
649.617
654.153
636.845
714.786
697.69
670.786
749.555
637.874
701.383
554.898
626.5
596.665
638.38
724.041
687.313
674.98
597.17
654.063
717.101
560.284
587.296
619.873
615.816
761.125
674.852
626.956
735.046
644.929
606.588
607.98
626.016
682.034
574.844
617.868
713.539
631.972
637.592
714.208
652.827
690.478
653.694
764.807
670.098
710.39
657.106
627.576
676.77
617.694
638.774
665.184
538.972
639.027
649.773
785.9
770.914
676.766
634.825
682.58
644.703
614.921
649.313
691.096
525.71
646.573
576.521
721.796
615.89
625.117
742.54
722.058
642.925
747.14
681.723
637.798
634.979
659.401
702.872
573.202
634.268
602.787
721.292
559.805
623.45
716.772
549.515
679.617
726.517
678.915
656.479
742.155
734.59
735.015
702.159
692.321
637.469
725.781
676.61
695.292
658.608
729.967
685.547
648.084
639.285
763.59
695.124
636.098
727.247
633.563
684.168
632.885
564.712
684.466
760.649
776.483
601.283
677.34
689.905
690.566
690.537
682.863
727.183
718.232
647.212
604.667
757.414
655.059
687.99
673.93
708.013
653.045
640.479
656.497
620.256
686.717
684.769
587.149
661.886
665.096
627.725
633.848
574.666
555.455
619.833
603.218
620.778
596.024
691.043
577.25
624.798
635.06
616.353
721.783
597.844
632.389
630.621
664.673
620.835
584.736
631.109
660.798
676.89
676.261
659.036
674.144
654.374
636.832
678.413
761.967
715.262
644.596
683.691
614.304
616.671
649.974
654.805
585.819
632.016
587.239
583.666
660.735
629.203
621.475
645.957
559.835
648.861
659.978
672.747
563.674
589.064
616.425
661.52
720.831
565.007
612.407
762.41
710.019
676.956
737.303
641.044
738.979
710.643
591.884
788.26
633.736
650.414
685.591
652.029
664.203
614.476
744.465
657.971
691.029
703.753
599.518
716.184
700.274
620.239
711.065
685.652
593.427
682.088
635.547
641.186
561.806
694.834
719.381
542.938
630.47
701.449
627.811
636.916
700.23
568.572
652.532
664.418
598.931
669.588
665.413
689.545
637.381
621.782
611.226
578.528
659.426
706.666
655.502
594.224
652.262
606.865
621.787
628.68
599.692
620.215
688.36
583.206
623.864
672.092
650.759
643.423
619.607
630.089
608.485
648.733
590.464
675.127
692.464
693.927
651.19
621.558
615.92
590.71
604.481
653.522
644.658
551.691
650.202
659.924
670.442
586.225
592.538
703.684
485.334
738.914
703.722
633.827
700.616
694.806
597.972
619.793
692.014
581.374
671.215
648.212
680.935
655.568
627.659
695.371
610.933
661.278
591.372
624.479
610.151
617.273
608.757
640.962
642.44
581.55
686.968
568.553
679.957
695.675
618.137
608.839
697.9
596.017
676.017
591.432
561.01
653.276
699.893
714.497
635.073
651.21
700.529
646.499
690.721
639.064
681.117
659.578
681.488
594.542
594.895
618.284
662.911
626.284
685.209
633.828
626.336
590.375
648.611
733.796
674.049
592.102
632.325
572.793
721.325
648.997
581.75
648.618
725.02
658.663
607.21
671.819
726.639
648.305
681.138
605.744
674.476
553.211
754.963
670.454
631.855
668.696
638.5
540.447
706.169
673.125
699.919
653.211
639.996
681.553
590.298
701.675
644.744
625.671
647.854
644.57
631.666
688.359
581.759
653.782
599.932
676.981
654.052
660.413
684.849
726.324
677.96
713.39
721.382
612.656
763.053
685.889
595.978
641.37
636.472
634.667
630.886
752.513
665.365
583.129
656.146
633.858
666.849
706.076
681.058
676.026
577.043
641.391
652.257
690.318
652.766
708.743
676.386
722.923
671.289
685.881
633.094
750.103
648.502
672.529
610.747
684.843
611.094
538.306
676.721
632.405
607.455
583.089
691.142
697.937
682.048
648.196
755.826
700.393
634.372
624.62
636.926
690.802
625.815
624.676
700.698
594.728
648.046
661.708
670.157
699.522
709.442
584.875
706.342
702.934
614.914
787.936
626.75
666.318
667.494
598.672
666.959
717.364
599.212
673.739
804.292
615.646
659.981
654.444
699.357
660.496
588.861
676.118
638.075
697.591
664.303
727.221
603.971
679.101
638.105
751.188
584.075
610.024
705.891
628.132
669.095
730.054
686.374
630.709
715.6
587.024
675.638
681.604
636.665
550.607
608.955
594.616
632.75
657.118
665.439
771.136
684.331
691.85
603.811
657.636
610.058
549.832
648.877
701.314
583.953
638.881
749.856
666.038
620.104
648.035
677.342
680.054
613.144
670.808
746.597
637.432
624.93
643.025
687.93
678.861
651.63
636.064
590.141
638.498
626.061
622.561
542.411
625.181
604.633
621.799
643.852
667.427
684.2
636.579
670.517
701.879
744.051
656.805
687.101
618.762
630.453
715.602
641.575
566.209
749.762
641.576
716.018
654.765
692.258
680.115
639.43
666.304
671.712
670.616
628.721
696.858
615.82
620.697
653.72
712.316
582.013
579.429
713.707
624.384
681.903
647.686
731.578
660.23
622.681
656.227
669.96
630.818
596.603
628.874
617.898
598.257
679.456
702.797
623.286
628.135
722.185
646.806
697.13
607.784
678.037
629.032
667.272
723.108
672.707
668.302
588.016
732.525
636.717
572.162
688.186
599.68
644.525
607.336
638.297
674.804
712.572
700.304
652.197
601.366
684.446
758.862
623.58
596.073
614.812
744.041
613.035
674.497
674.563
720.857
641.684
711.199
782.098
606.884
640.962
739.174
647.411
615.799
710.194
692.406
653.074
643.446
657.735
579.923
612.31
656.31
642.184
644.927
695.239
707.375
742.508
681.459
683.662
649.463
592.084
647.724
710.66
613.685
688.999
667.607
704.9
635.793
622.704
706.668
651.937
619.214
616.077
723.717
549.938
804.552
629.259
681.449
635.868
608.33
617.341
587.473
657.368
578.376
562.382
751.434
654.961
733.097
708.034
641.493
666.281
574.997
666.708
647.581
652.998
701.374
522.56
577.17
649.062
600.304
670.852
747.147
689.175
717.034
738.497
704.872
613.1
551.027
739.042
596.906
627.833
650.964
597.317
633.96
706.554
660.146
714.636
716.207
657.67
724.953
683.284
686.559
670.903
703.699
600.817
797.526
616.039
711.332
696.874
607.467
609.742
581.71
593.809
634.106
682.479
676.842
624.708
685.087
636.739
748.183
565.533
756.005
636.908
658.27
623.405
581.742
684.894
633.6
556.627
708.826
604.446
639.743
656.85
657.283
637.042
595.447
692.981
685.02
691.398
660.511
626.806
719.593
640.97
552.175
666.739
616.04
733.529
581.715
710.424
790.676
602.842
694.033
723.218
718.268
695.166
681.568
623.51
702.718
670.578
641.666
672.456
603.383
665.115
639.055
662.622
650.569
629.861
715.226
620.752
648.751
665.003
559.818
652.78
693.955
711.725
671.411
615.636
690.933
623.166
669.586
687.442
693.379
623.13
565.474
627.986
737.543
636.714
698.835
698.647
626.496
706.363
736.956
642.361
655.653
700.261
721.76
653.456
637.483
582.398
727.35
637.329
734.354
641.682
733.103
672.796
657.525
654.9
715.906
548.741
617.364
674.174
612.906
617.38
671.226
644.161
672.774
615.665
663.196
701.77
629.949
680.127
602.612
631.776
610.221
639.339
601.923
624.123
650.802
694.055
553.202
647.86
658.761
709.184
637.191
657.652
641.827
604.761
649.415
757.623
651.846
597.66
609.105
709.886
682.017
699.892
682.103
667.515
762.597
592.609
717.879
616.14
638.509
634.579
621.651
678.474
697.387
588.358
681.455
690.814
673.346
653.934
719.015
667.925
678.259
633.032
655.173
755.832
600.215
579.884
698.226
740.803
669.582
678.094
712.358
592.087
633.936
723.452
694.605
638.822
677.857
636.373
707.381
635.257
597.037
594.703
737.29
658.585
593.778
624.031
697.796
580.7
678.141
587.012
597.721
643.074
534.63
693.254
605.52
678.548
510.551
660.914
701.654
692.925
731.936
659.11
601.255
568.06
690.205
713.026
717.924
668.488
633.686
705.335
681.967
621.107
642.431
750.46
655.112
742.712
665.35
733.339
748.306
666.154
672.603
684.711
739.703
532.254
738.818
624.275
717.642
659.796
582.851
622.235
593.81
709.4
657.737
705.647
635.464
661.919
657.123
626.402
661.245
643.708
705.79
723.432
670.985
686.615
711.249
635.995
615.642
604.764
637.43
664.844
673.276
686.37
662.04
642.717
546.049
673.638
745.412
598.265
657.955
636.253
719.738
604.886
724.444
639.708
607.918
685.558
677.268
681.033
668.737
628.138
652.427
634.049
656.816
633.412
645.587
648.248
621.28
739.936
707.19
672.032
686.443
644.72
748.058
673.584
669.347
732.689
694.091
625.222
607.183
700.039
616.609
640.419
711.585
721.936
664.961
619.341
635.024
629.321
697.336
666.093
761.36
628.126
660.522
762.882
638.94
718.787
686.786
684.877
660.946
578.603
683.23
727.42
648.705
620.103
618.982
645.611
726.069
711.522
712.129
663
663.966
600.745
666.007
630.392
684.236
693.855
698.762
677.224
714.74
659.149
668.043
685.303
727.578
719.248
669.149
689.83
750.198
720.383
594.032
667.259
730.798
626.306
666.004
588.876
612.442
652.02
612.032
600.369
573.442
647.692
649.665
636.732
612.568
675.427
721.44
618.399
670.089
697.008
700.242
610.934
730.529
723.034
593.051
722.649
614.927
604.987
599.167
527.038
786.684
675.659
662.877
607.902
627.171
670.51
646.758
653.004
617.227
704.29
569.745
627.007
635.357
648.827
678.724
641.603
650.368
629.96
646.659
756.423
685.305
657.914
677.408
645.049
720.91
671.287
636.575
696.67
647.654
726.69
626.883
630.507
644.712
577.593
724.943
701.386
640.181
635.916
688.868
734.139
743.69
721.668
598.575
658.974
757.562
635.394
647.055
594.808
685.943
657.918
603.752
724.582
685.226
698.776
655.828
669.728
630.419
627.648
576.574
658.346
660.927
586.628
699.843
576.52
628.114
652.433
652.058
592.039
667.408
583.617
642.818
631.814
625.436
685.45
654.982
726.953
674.679
677.219
604.947
593.092
667.271
556.078
659.092
619.772
699.618
628.584
698.816
659.504
546.083
608.297
698.189
664.169
751.465
648.538
742.289
637.15
633.554
642.63
651.057
692.003
558.213
688.392
685.373
685.496
608.915
654.703
660.224
619.179
654.512
666.767
735.921
761.401
655.74
712.653
556.541
726.073
689.892
661.334
603.599
680.815
601.766
699.745
698.48
750.309
703.7
707.828
647.743
641.552
628.837
635.797
576.376
698.09
653.536
630.319
646.784
736.338
727.2
622.079
627.173
625.503
711.106
603.985
535.365
693.038
697.529
633.801
674.886
597.156
618.824
688.143
601.527
666.482
767.668
575.462
639.56
641.001
639.008
650.359
694.994
568.288
687.677
711.285
767.023
639.285
611.374
652.495
646.808
675.608
681.697
668.102
622.915
659.724
757.128
655.963
667.667
579.683
603.843
740.053
669.686
702.132
673.852
703.322
753.886
594.564
644.229
650.91
549.585
576.251
669.373
621.202
586.066
694.536
660.494
673.703
695.183
661.405
672.553
711.056
677.594
728.289
561.34
686.498
743.53
735.897
689.704
627.92
712.051
754.231
672.2
621.44
755.218
700.336
735.363
696.322
637.126
734.131
634.966
704.039
714.608
735.175
645.684
699.798
679.603
700.431
656.477
663.528
631.38
707.836
660.546
540.746
663.36
658.274
573.993
680.183
672.883
639.488
716.662
712.543
639.541
616.35
639.616
635.316
674.567
736.965
632.151
630.956
700.804
645.683
637.736
605.428
622.008
692.288
644.701
628.397
654.404
652.485
622.551
766.975
691.165
642.132
599.866
726.308
706.898
715.266
659.56
766.477
660.534
695.522
618.96
716.92
612.193
574.451
627.414
577.489
662.629
715.868
704.475
716.372
599.911
675.613
643.202
645.734
682.661
690.214
676.544
663.201
545.72
628.494
586.955
656.471
762.524
617.41
656.044
649.299
702.617
601.06
779.622
652.024
697.224
756.598
610.619
723.89
616.929
636.105
646.268
718.074
604.535
659.183
686.183
611.218
618.833
523.493
669.763
724.696
636.407
658.609
604.019
604.479
595.624
669.485
632.96
623.914
701.992
588.306
626.08
644.621
612.142
642.349
671.913
689.346
600.409
673.781
640.667
735.769
665.798
665.013
735.094
676.896
588.03
621.582
597.7
575.253
628.911
753.333
721.864
695.339
567.621
616.423
593.842
676.232
738.127
610.939
723.084
611.775
595.525
662.886
607.554
665.78
617.954
671.056
588.837
591.605
688.597
671.225
626.296
593.344
664.181
772.218
626.745
714.185
690.17
664.373
702.851
700.588
628.47
716.025
640.411
621.722
618.879
840.962
652.502
657.245
708.511
660.285
691.101
698.129
717.875
770.377
678.233
716.367
531.416
698.755
599.301
705.717
615.163
583.331
582.182
774.223
613.438
669.843
671.716
582.058
688.937
644.158
691.436
658.512
584.667
643.139
691.123
592.905
681.257
616.401
601.132
691.832
578.943
498.573
698.732
621.962
705.342
647.695
644.213
668.555
662.645
636.473
704.263
668.508
753.803
628.332
724.016
584.827
752.642
641.412
648.483
592.403
639.39
670.703
714.608
573.957
633.539
675.693
688.86
610.445
625.707
669.982
681.252
576.534
664.716
627.856
669.638
574.785
591.084
669.483
606.632
695.733
581.296
550.955
702.829
694.835
657.429
588.57
676.749
736.182
607.496
608.891
684.271
705.175
686.275
682.395
626.735
653.167
699.505
602.282
712.445
661.367
615.187
587.755
668.049
626.758
729.809
674.292
678.969
709.814
631.111
636.79
735.078
671.923
670.108
661.186
710.449
676.022
640.245
586.552
614.943
660.475
623.595
592.854
653.318
707.951
710.766
704.172
626.391
590.553
596.741
709.704
724.62
604.494
752.817
641.88
788.625
639.527
674.606
641.232
626.416
716.338
633.806
789.95
615.042
695.867
607.746
674.518
681.161
657.523
657.826
531.791
668.161
705.387
682.515
658.803
678.187
614.749
622.667
676.389
705.19
653.369
647.559
639.258
712.704
665.496
715.212
678.411
650.538
644.845
722.378
662.983
610.082
682.215
693.685
633.791
725.09
705.274
659.686
624.851
641.138
803.908
685.711
544.104
609.944
672.538
707.923
588.517
701.872
620.413
556.795
664.991
707.525
625.882
745.95
635.155
656.423
615.416
634.039
661.54
652.841
711.424
576.397
613.315
663.909
635.716
708.871
708.375
698.627
656.948
594.476
703.643
722.886
695.277
594.868
656.155
612.3
599.285
565.648
581.788
626.625
580.396
675.431
636.324
523.524
625.307
630.353
614.866
639.821
621.826
658.084
717.805
542.146
710.71
610.055
676.625
650.842
677.645
670.303
688.159
651.782
636.475
668.709
583.605
751.063
630.423
678.52
625.136
669.277
729.301
671.962
647.055
660.421
689.201
747.268
610.687
675.265
610.129
689.627
602.467
709.516
654.384
740.402
728.63
788.224
649.865
695.088
610.144
622.161
647.881
637.127
631.693
633.792
604.121
648.776
646.161
683.403
679.234
729.416
700.134
703.244
628.247
649.921
683.579
625.786
631.514
635.061
636.678
653.215
656.418
692.622
664.753
627.166
696.323
632.198
612.7
679.743
627.708
703.884
590.102
636.981
698.509
747.383
689.97
566.758
595.292
641.564
625.826
662.51
644.956
587.779
622.414
700.601
629.551
592.508
654.014
591.42
650.36
720.18
592.397
678.078
681.574
590.897
652.35
675.159
721.404
639.478
691.684
787.869
584.097
669.415
676.949
582.282
661.47
719.246
598.272
635.211
649.125
609.294
638.052
621.464
630.141
627.601
627.767
669.684
680.588
668.239
672.4
634.783
674.298
663.018
693.533
625.699
728.342
652.557
682.805
641.545
662.179
733.519
624.051
580.697
697.814
760.465
584.473
740.978
661.442
660.292
593.078
622.397
690.432
597.106
723.774
566.731
750.74
657.745
641.243
702.637
682.958
714.556
611.339
693.732
652.705
689.73
679.305
697.577
636.166
635.385
614.255
606.748
612.228
657.148
593.205
661.185
669.172
647.059
658.188
625.674
675.466
591.792
694.062
644.356
678.485
704.419
575.232
675.379
655.121
679.456
694.515
623.248
687.45
666.554
692.335
759.743
666.044
735.262
610.503
627.439
619.017
577.818
628.049
591.197
707.09
609.066
612.297
656.292
632.828
655.819
702.297
583.691
683.173
740.249
686.65
732.007
716.872
686.49
687.078
665.672
665.366
717.716
648.811
605.323
688.655
688.103
644.083
688.383
718.439
534.142
629.553
633.573
617.855
672.89
637.964
688.462
685.639
686.555
667.63
658.382
751.89
592.858
653.823
584.591
656.471
727.196
662.473
660.961
663.345
716.017
725.605
750.76
654.624
650.548
691.234
693.809
678.475
678.819
659.664
576.128
668.603
688.422
631.722
622.328
718.15
712.537
643.797
621.415
698.134
655.292
644.309
730.724
695.517
687.926
644.121
714.939
809.674
621.671
587.735
606.824
761.233
697.55
682.238
717.363
611.271
667.328
679.937
615.388
744.346
685.721
623.187
655.786
647.076
667.639
589.267
600.277
594.622
642.9
686.848
630.657
712.366
582.963
604.862
637.941
687.111
646.16
683.258
576.6
661.707
596.301
712.971
580.025
604.532
574.644
706.227
658.068
598.409
707.959
606.02
776.013
674.787
642.106
706.994
699.08
604.965
618.457
599.751
683.259
683.897
556.977
682.013
624.897
645.505
657.43
690.914
699.942
692.372
752.999
666.217
691.859
650.722
667.409
634.47
661.383
620.429
596.01
652.574
755.098
657.366
606.365
657.882
703.348
719.83
578.229
641.246
616.041
701.383
605.233
653.852
600.494
635.662
640.795
637.637
607.538
658.775
558.764
649.665
670.022
591.62
674.308
677.817
680.732
573.281
653.755
722.21
554.747
727.39
615.197
731.539
694.947
553.563
710.065
623.695
641.638
580.408
612.975
606.973
692.794
632.851
653.774
591.21
618.27
608.182
701.337
655.839
734.571
638.618
675.542
642.45
690.774
636.271
681.184
630.708
676.96
700.596
645.773
720.134
570.891
715.733
669.788
761.613
625.18
706.51
649.392
619.953
680.711
682.836
550.887
643.387
646.342
574.738
572.944
689.136
697.242
780.523
692.687
575.273
631.827
634.492
696.714
649.106
597.532
595.995
586.67
675.183
622.428
636.245
596.506
687.41
752.414
623.305
685.048
680.312
564.384
640.728
632.605
732.866
714.157
633.414
665.957
599.973
653.813
612.036
684.803
723.798
640.918
712.741
669.422
734.329
650.052
697.428
742.582
615.155
679.531
643.938
667.735
666.207
749.822
652.796
637.895
650.058
635.442
652.927
717.571
567.826
643.434
681.317
681.973
680.393
608.798
589.159
731.566
772.819
717.768
600.994
667.406
693.87
643.523
600.649
719.093
680.925
694.788
690.866
710.874
610.967
576.12
681.661
721.494
631.082
741.287
730.398
711.354
764.011
655.901
682.093
599.221
636.182
633.346
624.849
619.224
721.539
613.768
595.112
572.645
651.981
615.409
662.455
634.819
645.493
633.786
630.977
637.839
645.348
668.173
655.915
652.028
713.633
683.858
604.055
688.838
573.676
616.495
583.075
652.288
668.987
627.15
689.195
664.484
682.124
592.425
684.394
635.071
666.289
661.427
684.005
660.808
734.726
672.572
618.63
617.33
673.87
649.297
642.471
685.931
580.078
634.939
669.986
733.804
690.53
681.912
719.871
685.593
623.486
785.155
549.079
636.786
697.192
711.644
635.83
561.014
701.089
705.978
637.997
626.678
725.699
761.918
671.926
705.326
699.646
638.208
658.128
609.344
666.887
729.017
732.285
605.643
646.219
678.661
602.996
648.752
626.148
730.539
671.529
593.225
673.058
683.989
742.005
717.226
662.909
646.205
686.467
688.368
657.826
627.744
613.837
683.378
614.734
689.175
665.305
612.628
702.403
641.135
637.229
585.213
604.406
586.819
565.866
612.285
749.832
626.911
723.715
659.584
620.997
642.353
690.442
726.777
647.441
707.261
695.835
644.96
663.102
755.834
681.256
638.597
686.262
704.289
648.24
553.979
621.304
700.761
632.806
683.093
664.743
666.202
767.261
653.418
649.91
621.024
575.65
680.335
636.258
650.04
633.823
759.077
686.9
732.011
623.359
666.206
689.287
656.822
663.836
654.182
779.238
584.561
592.515
644.913
688.349
704.351
718.989
697.668
653.622
699.164
727.587
636.445
626.84
564.323
651.468
652.723
536.013
670.041
622.947
662.699
731.405
610.726
621.741
520.783
642.57
612.769
660.143
661.524
679.201
638.57
658.435
679.023
625.722
689.738
661.085
674.823
647.941
601.201
657.426
724.289
707.812
653.702
674.674
666.834
691.169
710.766
681.42
630.844
583.24
660.983
683.695
568.492
686.266
615.863
781.51
722.971
711.756
728.668
692.53
617.107
622.726
670.433
589.923
656.068
722.926
623.982
669.259
692.98
653.336
667.783
747.524
611.285
624.95
669.827
571.756
656.566
630.946
572.661
633.811
734.122
582.139
691.254
649.71
684.092
760.179
638.406
696.362
642.756
773.891
650.364
671.479
630.177
706.846
585.479
644.194
719.225
509.059
605.69
606.166
677.146
646.321
623.942
694.248
762.42
582.25
690.278
680.456
547.593
584.046
783.044
660.764
672.058
746.412
588.548
715.653
735.182
643.14
631.271
791.166
696.935
655.287
613.125
712.08
697.833
673.823
552.617
603.898
713.953
658.016
624.037
552.57
670.904
568.021
654.035
701.367
628.175
663.615
628.979
628.017
608.794
656.421
644.424
628.219
673.251
642.196
671.184
716.88
706.13
708.203
701.539
638.636
698.677
677.091
694.052
681.121
653.789
659.065
649.839
665.608
696.209
695.923
715.816
662.992
700.852
707.197
711.314
656.237
699.624
624.018
572.792
667.536
708.322
587.985
635.586
570.922
539.193
631.472
654.361
720.742
739.884
686.984
639.025
666.331
767.843
644.206
694.068
667.47
689.944
631.753
594.011
657.486
662.581
693.498
628.325
585.835
733.83
715.076
740.676
665.263
645.959
594.889
652.612
725.551
599.228
692.923
672.732
793.784
672.433
630.959
646.861
622.998
792.198
700.996
604.466
656.771
561.784
650.316
672.955
561.587
642.225
714.834
733.589
737.898
651.464
627.114
593.166
621.125
660.739
582.165
752.663
723.717
655.414
660.663
764.863
601.711
662.675
579.193
644.219
681.693
671.438
714.295
626.193
672.68
686.802
643.474
695.335
562.597
667.483
683.659
636.389
608.864
638.483
662.694
565.42
621.742
627.771
660.646
684.705
601.966
588.608
650.495
659.74
565.364
652.782
689.522
735.832
537.371
657.654
660.504
566.84
638.413
670.287
631.476
614.232
637.616
635.381
688.547
694.994
700.686
713.896
710.545
633.648
635.919
615.472
612.474
694.02
632.781
676.911
636.713
681.164
717.572
637.622
646.575
759.262
659.513
681.797
696.216
671.365
620.909
749.813
651.206
668.925
682.121
685.456
679.694
690.312
632.708
693.359
579.821
644.519
731.558
699.292
655.894
618.818
647.727
627.899
653.335
705.226
726.425
577.696
628.734
610.669
607.429
665.662
612.061
596.029
672.718
680
700.47
752.107
611.245
628.966
571.49
633.226
658.666
565.224
639.835
756.798
713.998
564.731
617.952
655.913
631.405
723.49
710.206
720.442
655.342
601.2
625.267
610.285
673.943
721.067
740.143
655.378
733.701
589.571
649.248
629.692
708.765
657.217
631.096
699.631
587.266
696.954
602.284
727.993
613.929
685.589
629.394
642.384
673.969
659.905
634.33
697.061
676.428
707.943
741.224
625.762
616.058
602.928
652.523
596.592
638.278
694.219
636.893
638.659
642.864
688.312
670.943
646.45
660.286
531.668
705.011
703.582
710.42
692.472
626.141
726.025
603.414
647.212
729.891
634.563
650.28
618.638
576.39
600.994
702.813
613.835
616.4
658.956
682.334
735.26
650.635
556.882
589.58
692.057
686.427
651.135
705.281
725.341
727.208
695.735
602.429
627.545
756.866
657.852
694.224
673.249
700.996
657.582
721.386
755.155
619.631
617.324
637.816
639.744
583.976
627.502
626.002
661.303
640.828
683.673
678.356
666.917
595.92
697.249
744.924
615.773
678.379
655.157
634.444
642.123
657.732
635.196
669.237
756.428
641.859
724.035
697.527
639.179
647.005
699.641
627.222
714.55
680.509
612.227
683.05
651.618
620.138
673.17
631.471
663.95
642.221
646.709
696.23
659.509
620.118
657.928
602.15
701.601
727.683
624.932
676.745
632.124
630.837
699.728
655.417
723.572
687.303
602.901
662.677
637.38
651.808
655.936
697.817
643.059
690.167
606.512
626.195
610.535
546.067
692.656
649.038
751.193
611.821
636.704
691.516
711.916
651.352
715.272
609.291
663.868
627.53
662.69
759.485
718.857
649.263
638.894
616.46
592.624
781.643
722.844
787.595
690.264
650.403
610.487
654.574
675.412
570.113
571.806
701.115
627.778
624.809
650.118
643.228
609.171
594.4
715.312
630.56
619.858
706.89
660.26
724.962
668.9
746.042
631.346
654.969
606.73
685.938
702.118
601.691
657.863
604.244
760.866
679.768
621.73
588.48
582.761
617.749
651.952
652.724
558.221
810.25
707.21
580.625
609.902
561.809
688.241
713.76
740.392
697.947
628.952
660.429
630.961
627.411
584.282
611.072
668.521
718.542
555.775
738.502
593.308
644.545
671.316
648.691
643.331
690.961
627.075
630.595
711.13
626.42
642.269
743.729
659.287
674.505
737.264
614.535
673.792
669.809
583.693
644.3
620.657
682.593
669.564
663.836
614.7
595.189
574.045
640.627
571.562
613.625
712.235
706.511
678.266
698.835
630.416
547.117
608.356
652.323
588.226
558.87
708.713
685.739
669.697
616.307
654.884
658.206
712.427
703.158
625.644
752.27
686.455
714.581
699.203
635.139
667.592
621.646
580.414
645.226
552.47
595.079
679.736
614.388
773.389
709.842
662.403
669.059
641.179
652.071
747.543
639.646
672.772
656.009
602.045
668.877
692.066
628.149
702.662
737.178
645.08
674.75
683.576
664.487
713.137
624.203
637.403
592.545
686.881
690.028
618.162
604.113
702.666
716.128
587.182
608.691
761.558
703.396
706.417
609.694
656.942
646.387
695.924
625.248
689.094
624.657
712.489
659.623
713.099
670.351
688.419
659.698
652.31
615.414
641.458
637.744
715.261
702.887
649.001
656.777
636.098
598.307
709.907
638.651
544.522
719.849
602.125
641.911
642.327
712.455
641.292
688.382
663.147
689.79
671.941
684.001
698.956
700.347
742.3
627.228
630.8
636.756
665.909
662.646
631.193
669.647
639.796
673.666
670.158
586.159
673.957
699.857
650.717
700.046
675.85
655.922
690.416
546.085
677.848
732.688
607.674
602.755
697.302
745.778
596.135
684.761
702.786
760.549
701.951
627.443
590.689
583.721
645.509
603.26
554.571
632.597
590.57
759.477
533.814
618.044
661.279
578.443
772.077
632.44
629.987
659.445
613.689
600.938
709.289
613.958
738.749
740.824
621.794
612.55
664.735
604.441
718.882
662.153
684.63
705.212
658.199
624.064
708.576
731.575
616.736
663.494
591.61
682.274
710.861
629.811
669.082
665.878
627.108
689.002
584.957
644.996
826.335
643.689
656.47
673.436
676.158
610.148
691.594
605.3
657.91
676.557
651.812
642.668
636.5
649.295
670.185
607.954
601.175
614.986
619.119
611.718
580.971
683.736
711.86
651.442
629.038
596.501
630.284
729.64
582.93
604.53
617.856
640.807
584.7
670.867
680.359
687.943
646.217
717.817
725.685
656.455
623.912
660.376
557.624
646.438
577.693
626.194
665.959
548.753
695.571
645.468
714.617
642.742
697.519
660.042
605.734
685.86
596.234
610.615
702.245
582.859
632.875
647.556
678.622
696.932
713.673
603.888
684.042
661.52
608.887
634.628
659.453
617.773
599.187
708.629
639.923
669.359
599.233
549.007
706.101
613.68
697.66
684.859
609.147
699.284
589.078
681.958
720.991
709.306
657.038
716.131
726.312
595.766
631.999
623.486
570.463
667.947
578.942
640.844
603.409
599.991
621.366
605.908
651.821
671.733
620.741
635.584
641.09
728.398
656.011
630.461
651.555
661.786
683.987
540.886
624.477
654.339
677.129
689.193
645.759
656.076
681.933
671.066
584.612
606.142
663.854
723.785
686.94
757.617
718.401
789.011
680.684
629.087
658.05
646.393
609.387
636.145
623.242
692.207
567.523
717.593
775.333
622.263
593.445
658.621
686.042
627.544
653.208
663.488
705.65
744.319
670.547
608.058
511.11
657.609
651.886
560.176
572.56
647.796
693.097
612.065
556.711
694.167
624.286
597.533
679.662
675.924
661.574
660.866
664.634
688.591
578.801
597.795
674.44
673.905
717.657
587.9
549.867
614.109
673.468
659.416
804.578
620.939
596.675
613.856
598.257
582.81
633.766
660.347
626.795
720.27
666.789
698.983
652.597
568.049
734.737
584.27
627.686
555.164
720.965
618.113
750.924
607.484
617.552
758.804
543.517
591.226
650.418
657.156
639.881
723.943
605.444
685.034
645.653
700.725
651.807
607.724
717.05
794.229
703.628
728.527
707.108
641.898
573.901
606.98
573.297
588.322
737.682
587.028
657.816
677.402
696.858
670.027
642.034
636.11
611.611
690.124
568.36
648.136
598.07
619.925
615.427
628.022
727.492
663.627
656.843
762.362
645.484
642.164
768.75
736.504
652.954
635.129
636.941
739.999
613.754
689.045
663.957
693.34
653.361
719.572
577.656
643.864
691.567
593.732
594.589
602.021
604.422
574.125
599.266
601.695
618.122
599.664
640.274
677.352
620.659
645.85
690.135
663.059
685.532
583.441
577.599
580.64
663.361
555.934
687.337
676.762
623.81
613.074
673.448
622.347
658.54
677.891
689.355
761.42
684.227
645.991
664.153
661.43
631.827
748.927
613.858
634.027
632.882
663.262
625.792
678.041
569.549
760.417
511.013
635.679
637.908
692.861
588.045
645.096
579.781
575.824
694.385
562.306
621.248
620.814
678.844
705.029
566.887
702.284
645.619
777.842
736.402
705.813
700.45
677.477
627.088
592.077
576.772
661.733
595.549
688.978
621.677
614.693
633.816
706.934
675.671
580.751
720.264
691.263
598.301
651.991
651.642
565.616
626.042
728.373
628.389
737.342
632.023
669.325
634.218
652.227
660.663
671.459
638.52
625.145
612.679
684.688
651.914
622.514
638.62
723.394
659.774
742.863
750.22
666.232
700.931
725.085
785.423
600.896
632.876
709.255
634.138
575.803
675.893
670.812
704.732
628.305
665.875
661.806
690.596
674.598
624.474
684.748
710.132
654.403
693.184
668.938
716.326
594.512
763.734
695.075
658.02
637.701
742.191
677.074
646.64
688.468
548.449
721.618
611.616
664.418
702.165
680.928
611.994
613.385
674.456
650.047
598.342
667.037
712.467
661.979
735.542
589.576
707.898
656.037
619.161
609.375
725.709
658.451
590.049
626.512
694.782
647.86
585.177
583.322
605.442
695.318
709.087
675.289
728.782
585.012
617.972
575.011
695.059
616.479
683.623
707.619
722.647
641.351
553.11
609.429
739.138
715.236
648.361
697.136
648.512
652.778
628.36
655.064
641.86
666.898
688.771
590.033
744.444
597.48
713.913
606.541
721.333
675.09
726.218
705.826
712.559
620.793
773.74
638.334
629.994
659.443
504.327
646.522
630.241
739.097
663.387
684.393
624.908
593.11
580.332
692.503
577.412
616.581
682.507
723.49
651.416
593.363
694.4
741.346
623.618
690.918
693.856
585.519
689.792
638.146
652.086
661.487
677.935
634.424
746.596
675.868
607.623
602.219
679.645
686.484
642.008
689.782
655.233
526.667
686.82
618.174
659.401
672.543
637.386
638.157
602.33
602.424
666.669
590.007
645.552
587.777
721.603
667.285
714.519
666.095
742.019
585.928
676.66
609.025
607.868
621.262
697.751
650.632
737.384
663.716
727.871
615.017
585.282
711.898
662.062
630.041
682.195
650.484
683.508
715.164
599.973
654.097
621.331
652.701
619.142
625.094
570.19
608.729
640.654
617.91
683.423
618.722
628.593
577.518
587.813
685.964
627.733
622.642
694.07
704.936
600.996
661.954
646.877
591.41
655.696
628.495
606.714
741.092
741.273
683.878
641.897
593.634
652.31
614.899
689.35
695.244
730.369
699.061
676.273
586.702
645.489
668.613
578.089
666.371
660.337
627.86
614.836
687.86
626.185
607.417
643.982
706.103
667.69
718.744
659.289
615.193
546.012
607.249
687.92
642.953
687.937
623.959
668.227
556.314
611.245
728.345
634.387
610.55
658.594
750.219
635.668
718.731
619.545
642.571
637.232
593.621
650.966
609.28
600.155
619.25
675.64
725.231
678.373
722.388
657.413
678.655
718.701
632.014
550.023
607.174
635.015
667.714
673.426
673.58
639.861
663.137
599.014
687.334
629.732
738.645
696.339
656.752
616.168
639.925
764.917
708.416
696.8
642.298
753.241
663.53
672.469
698.641
697.485
643.964
595.364
599.303
603.101
696.596
643.583
684.386
601.745
595.476
714.827
655.23
649.859
733.634
672.355
749.454
632.009
680.891
667.446
793.272
584.498
609.617
640.597
593.36
711.83
674.428
646.453
642.205
690.015
727.891
642.262
762.965
583.075
593.708
657.628
678.491
725.248
645.995
638.414
603.335
566.808
629.673
655.604
678.413
624.356
695.418
649.674
691.565
608.108
663.745
666.152
766.579
698.933
751.907
608.245
631.68
619.948
657.018
696.347
719.814
613.612
641.79
623.282
616.924
681.349
716.366
723.506
641.423
667.231
696.071
679.293
717.435
689.484
703.93
650.769
601.813
727.312
639.517
707.667
711.882
633.979
606.133
663.868
669.384
653.119
626.743
668.615
634.668
575.208
589.973
613.668
682.416
646.709
747.129
654.467
734.22
596.432
605.496
636.979
745.151
627.786
662.323
698.109
583.769
705.756
696.166
639.214
685.503
618.848
621.084
659.926
703.298
673.386
636.267
638.369
644.553
692.205
674.123
678.338
707.225
590.881
628.878
569.254
617.503
727.635
584.331
689.789
655.141
700.484
729.979
720.294
611.258
649.347
537.777
662.198
653.178
590.062
669.606
588.025
639.574
702.604
593.325
577.182
648.342
611.453
580.753
571.446
559.691
616.75
616.792
635.978
658.634
755.747
697.984
586.063
624.568
655.545
639.198
721.666
754.004
768.939
602.063
704.426
646.719
657.788
721.398
563.636
682.301
609.259
669.269
732.296
667.263
677.163
655.34
696.406
685.894
700.766
716.232
505.553
582.331
714.393
647.666
632.188
589.254
726.406
692.076
621.874
664.615
674.705
520.486
662.55
613.991
562.965
718.467
634.58
686.032
633.848
662.069
618.632
702.694
654.901
650.188
709.081
671.652
695.005
628.497
758.253
725.666
706.178
560.08
623.281
682.805
726.673
645.803
691.676
655.028
673.585
658.899
611.755
587.855
694.733
654.252
706.633
545.365
616.638
667.565
658.408
693.381
647.363
644.614
655.445
728.847
675.008
569.374
701.69
604.871
627.931
598.433
706.601
689.648
746.239
684.968
665.107
683.519
680.539
735.662
618.611
622.868
573.528
596.932
600.179
699.714
664.138
620.056
752.861
705.397
636.587
719.947
678.901
615.749
729.65
676.332
682.166
664.019
587.003
590.873
563.319
713.776
665.258
696.783
659.107
604.629
656.86
626.421
621.541
717.945
672.688
639.395
707.504
618.432
644.618
633.776
679.474
586.536
636.657
702.665
675.303
633.201
656.798
658.848
656.461
620.939
623.91
771.616
691.676
650.71
694.778
527.597
626.244
682.489
615.354
706.313
635.395
602.474
649.513
671.875
618.97
611.488
630.42
607.03
713.747
638.993
723.956
677.417
614.722
819.667
696.37
673.512
594.108
635.234
720.385
641.644
608.896
673.979
691.662
754.323
641.045
573.675
582.361
652.698
594.175
616.395
585.337
637.182
625.043
701.57
664.247
693.413
736.678
640.13
664.839
652.126
611.448
612.922
743.837
651.239
750.669
677.94
702.854
622.829
786.547
598.542
574.415
640.629
666.652
656.685
663.388
601.262
629.592
599.442
666.157
594.299
634.334
635.873
601.031
627.36
604.582
651.018
535.129
764.901
616.98
717.108
580.132
707.535
621.289
718.995
595.319
713.402
683.861
675.577
668.098
639.033
655.447
672.174
616.513
582.86
689.545
638.916
592.432
642.475
691.24
592.304
714.218
654.42
758.449
666.394
661.948
686.412
640.778
748.931
595.755
668.432
631.202
735.012
661.264
715.296
663.217
709.481
682.444
633.879
653.807
650.689
651.761
698.717
694.484
655.853
692.28
614.1
745.488
622.524
642.714
694.418
633.053
634.93
644.752
580.594
675.995
803.193
672.357
616.671
558.345
681.702
637.277
660.197
584.968
673.005
666.558
650.288
656.079
620.985
679.087
586.886
714.862
711.582
634.132
623.765
653.504
623.759
631.436
620.114
717.222
588.008
655.131
748.063
666.128
627.028
606.624
649.305
689.451
708.228
755.312
622.172
699.917
623.123
656.649
630.833
697.839
729.256
634.945
640.344
644.497
604.925
600.74
692.771
702.436
738.712
617.179
601.459
659.568
576.379
621.669
684.555
728.629
523.406
648.596
622.665
639.04
623.105
697.678
627.733
668.499
684.511
684.315
593.476
695.139
639.497
636.141
680.827
779.107
709.499
665.441
731.641
610.558
581.059
764.39
634.755
687.552
609.021
690.855
624.863
574.025
692.708
706.635
685.126
613.881
644.514
604.637
671.662
672.284
648.835
682.253
662.541
667.741
714.235
656.022
687.627
680.152
687.977
565.079
664.971
636.917
673.182
621.067
690.204
686.519
724.952
599.967
681.638
704.623
638.618
703.215
593.241
661.626
608.225
745.544
705.86
625.823
595.187
606.729
606.702
740.555
635.983
708.932
765.662
590.189
696.055
640.191
678.658
649.256
623.135
622.231
690.836
692.051
669.982
629.269
643.342
621.588
745.617
727.758
699.554
623.98
693.03
644.136
649.332
626.534
760.171
709.849
653.46
686.27
554.126
724.326
738.928
715.907
638.642
694.389
678.466
724.956
681.336
663.315
699.531
549.248
630.372
702.325
606.583
610.641
672.895
788.582
695.948
668.337
688.137
611.07
658.262
618.243
708.488
705.993
591.021
738.65
640.393
661.458
569.93
599.579
561.165
646.122
637.682
729.188
719.235
687.408
556.063
562.018
700.22
704.711
541.858
666.913
645.785
677.805
689.45
793.655
571.649
645.907
709.15
732.923
705.259
743.511
615.903
673.264
666.028
674.381
731.626
667.315
642.027
662.594
685.068
641.415
610.398
767.863
637.727
712.477
735.591
680.672
778.657
677.848
611.627
682.435
571.505
666.005
645.594
646.04
634.887
725.834
650.123
517.746
706.606
583.206
730.064
646.417
772.51
709.241
665.043
600.343
649.697
612.85
611.641
710.155
618.987
661.007
612.273
669.348
609.365
665.673
619.404
673.855
609.263
703.735
584.755
684.605
728.642
731.939
661.514
624.842
676.758
663.266
655.258
668.074
646.619
649.008
664.339
641.421
694.175
673.387
736.358
655.556
772.456
628.004
634.534
670.076
568.048
752.598
626.452
657.991
739.984
694.59
738.201
602.086
721.517
587.158
710.103
775.305
684.367
573.559
570.326
680.029
586.52
625.348
622.362
611.543
597.376
667.052
688.413
747.969
668.469
573.416
653.996
618.391
639.224
638.637
653.371
726.442
633.072
585.205
662.641
687.174
514.45
634.787
760.398
680.923
710.193
664.949
673.303
712.148
703.84
639.362
674.563
604.832
561.907
560.463
661.308
626.996
612.079
642.265
693.029
602.371
633.718
606.212
671.933
677.327
667.26
666.849
721.693
585.142
564.049
700.124
654.091
584.061
668.675
596.2
649.638
558.863
643.895
658.124
639.502
645.561
561.456
695.764
724.574
692.32
693.855
790.835
584.306
699.143
641.647
613.524
678.362
610.277
679.212
670.894
686.894
601.187
733.601
690.746
702.643
593.36
630.296
542.436
634.897
595.204
711.8
645.257
770.802
590.337
664.069
697.895
676.332
679.339
622.27
658.096
564.45
757.141
632.275
614.78
730.816
773.002
671.767
710.268
734.939
677.617
704.182
563.85
611.627
632.911
593.824
614.108
687.421
603.987
732.259
714.582
695.081
652.934
644.371
650.242
685.812
723.097
645.96
690.063
707.625
653.239
564.837
730.875
697.929
550.607
630.542
659.115
731.512
657.598
644.082
615.382
581.131
702.676
685.972
563.568
729.959
604.031
693.316
727.497
701.039
682.663
639.391
680.657
776.488
705.83
681.994
645.745
662.817
631.531
724.422
666.028
680.164
575.419
597.961
587.605
752.352
577.173
609.957
611.479
621.22
718.578
768.853
670.857
619.052
661.898
644.603
689.459
660.007
731.626
589.082
710.606
666.225
682.696
697.943
618.144
661.752
623.217
642.942
657.123
664.226
689.539
637.724
567.459
586.872
755.235
730.558
593.78
687.263
667.975
632.343
708.735
732.024
669.862
707.743
631.603
605.209
597.049
677.364
603.262
649.18
685.606
660.155
752.238
648.662
775.838
651.879
692.319
669.578
618.644
770.705
707.704
681.976
646.182
641.691
717.568
753.101
801.641
744.844
621.933
709.984
631.789
718.376
645.548
680.188
729.812
682.641
673.467
599.166
629.684
752.553
593.769
616.827
544.821
705.818
648.211
578.484
718.858
616.371
655.698
660.83
685.618
646.73
641.718
570.129
692.847
701.518
690.632
637.197
609.523
611.192
564.043
547.749
653.087
637.965
589.284
695.052
706.187
673.903
743.278
631.012
610.936
607.313
704.766
691.708
600.025
631.631
624.678
626.28
556.603
690.437
717.741
616.065
656.059
641.379
696.783
651.555
641.638
613.371
633.591
575.018
661.804
671.739
694.123
729.487
675.513
680.241
648.764
562.488
591.699
676.996
729.328
648.081
605.718
691.495
711.114
620.754
720.584
632.414
805.354
752.977
588.736
588.221
617.53
745.653
670.456
740.687
596.211
684.224
685.552
668.669
693.483
592.531
656.695
692.083
689.894
661.632
727.862
657.603
603.89
666.005
720.908
650.156
654.775
637.614
665.573
664.995
626.206
610.013
665.706
722.666
588.512
622.953
648.81
632.54
628.529
632.194
717.442
655.568
625.992
604.473
647.526
712.245
651.602
594.446
729.395
647.995
589.088
691.536
697.483
705.386
606.881
623.553
649.276
669.397
674.862
628.043
713.701
700.149
677.636
639.814
706.686
565.397
577.567
774.832
616.453
669.43
620.556
716.036
647.572
616.023
629.422
597.203
558.511
696.374
615.539
592.018
722.18
621.999
636.138
604.856
676.227
673.34
701.081
643.736
594.195
630.071
707.542
628.987
669.472
704.359
573.982
672.146
697.155
663.939
735.447
614.448
710.834
673.309
693.282
688.966
632.483
630.65
692.99
735.835
718.264
579.793
683.63
701.487
594.691
623.726
709.341
675.725
577.961
680.777
709.503
646.912
611.078
600.879
704.476
673.712
627.661
626.975
611.248
539.257
686.949
598.632
659.423
722.925
647.558
775.295
624.355
652.775
611.607
616.622
667.077
723.177
680.329
604.834
657.22
650.442
667.838
582.943
588.827
671.44
647.289
735.844
667.407
695.285
631.623
665.189
675.229
674.919
660.101
757.613
640.917
555.33
745.869
612.446
775.258
656.47
619.383
697.088
636.925
655.249
650.352
719.219
628.502
633.633
685.5
633.627
624.715
622.439
608.961
586.642
633.271
690.378
587.689
731.531
636.041
564.117
646.679
634.668
666.554
725.855
571.333
643.665
625.459
694.184
