1421.66
1465.48
1402.72
1428.29
1427.36
1618
1529.8
1348.13
1563.06
1255.82
1478.73
1464.78
1460.13
1433.85
1599.04
1519.07
1498.58
1415.58
1420.47
1377.94
1438.95
1451.82
1405.12
1506.09
1448.08
1499.82
1337.28
1546.06
1393.28
1526.05
1537.64
1386.86
1508.57
1468.33
1544.81
1360.44
1418.31
1574.13
1416.52
1329.88
1608.81
1402.45
1448.25
1338.34
1447.39
1563.48
1463.02
1395.48
1460.49
1480.13
1623.94
1507.57
1405.54
1642.9
1368.6
1464.05
1546.72
1425.56
1461.39
1618.5
1493.82
1375.01
1541.49
1322.09
1370.78
1427.27
1622.61
1350.46
1533.44
1424.4
1336.1
1486.47
1364.95
1411.08
1426.52
1670.52
1590.47
1417.78
1235.93
1478.74
1510.14
1608.06
1452.46
1444.59
1538.16
1341.34
1460.69
1478.81
1413.08
1445.64
1483.6
1286.65
1604.23
1561.35
1439.13
1417.37
1440
1580.13
1580.84
1443.95
1464.7
1487.82
1475.74
1401.62
1459.13
1584.08
1425.01
1505.86
1431.16
1520.31
1444.78
1522.19
1362.42
1424.24
1470.69
1420.96
1382.54
1368.86
1509.41
1513.44
1389.14
1453.8
1527.25
1363.25
1469.85
1479.13
1394.87
1382.32
1374.72
1473.59
1402.04
1367.52
1504.37
1438.58
1385.28
1316.46
1414.54
1368.86
1489.83
1441.75
1519.13
1417.34
1355.46
1464.83
1428.89
1485.71
1457.31
1398.27
1366.98
1492.94
1359.88
1348.14
1487.89
1538.42
1477.52
1342.38
1390.94
1449.7
1442.35
1543.56
1412.87
1501.5
1434.9
1599.46
1446.14
1487.51
1428.59
1468.93
1423.54
1373.5
1480.83
1415.35
1421.67
1540.16
1394.59
1488.82
1598.7
1299.89
1665.63
1448.53
1429.53
1605.66
1422.6
1446
1390.08
1366.65
1481.52
1524.25
1468.83
1592.35
1404.63
1352.86
1422.32
1465.76
1467.44
1361.75
1405.84
1420.4
1449.93
1462.24
1374.97
1414.81
1358.61
1426.99
1439.71
1531.72
1499.16
1271.28
1315.39
1541.09
1528.82
1358.46
1469.07
1380.41
1567.41
1534.05
1409.05
1462.68
1473.81
1485.71
1534.86
1430.29
1381.71
1446.24
1494.8
1552.28
1572.62
1340.72
1517.6
1356.32
1345.67
1562.17
1443.17
1395.62
1376.09
1366.93
1500.3
1385.17
1453.05
1393.01
1408.4
1606.59
1464.77
1334.38
1406.13
1427.51
1438.85
1476.95
1603.23
1540.71
1364.79
1456.54
1399.72
1535.87
1377.03
1306.14
1490.99
1447.5
1507.41
1494.51
1567.85
1541.29
1376.03
1535.87
1443.76
1407.55
1494.13
1452.5
1423.73
1573.86
1454.14
1342.59
1471.89
1499.17
1412
1414.99
1399.31
1568.11
1642.28
1423.56
1513.54
1335.33
1370.85
1480.18
1366.63
1355.59
1414.81
1404.66
1333.9
1465.64
1509.04
1451.25
1356.99
1500.33
1522.25
1335.21
1546.89
1566.76
1423.98
1440.25
1378.85
1436.68
1404.41
1511.99
1418.85
1356.14
1508.28
1508.36
1476.75
1450.38
1323
1559.46
1468.13
1440.09
1517.72
1414.91
1501.55
1483.28
1324.41
1620.64
1447.45
1459.36
1527.16
1456.94
1471.01
1416.39
1509.14
1343.46
1459.67
1332.74
1420.56
1433.13
1572.03
1451.53
1455.34
1523.43
1381.39
1396.04
1426.26
1644.6
1560.19
1320.84
1555.34
1414.99
1400.52
1455.21
1332.1
1442.41
1480.25
1481.32
1534.63
1444.98
1516.64
1530.23
1533.97
1470.46
1479.25
1410.56
1482.84
1338.18
1529.67
1331.56
1509.05
1455.51
1386.02
1527.03
1607.25
1477.52
1462.72
1538.2
1488.42
1423.29
1494.43
1511.38
1410.81
1465.19
1561.25
1444.02
1499.59
1408.33
1449.49
1353.5
1558.07
1328.22
1413.8
1356.64
1401.6
1340.62
1471.74
1522.2
1470.45
1665.15
1437.86
1477.15
1378.72
1305.43
1460.79
1413.59
1380.96
1521.92
1536.34
1476.84
1396.03
1517.3
1569.15
1386.7
1529.57
1437.79
1337.54
1335.1
1471.47
1349.11
1603.66
1461.43
1523.59
1428.99
1611.18
1482.97
1392.15
1412.7
1461.19
1665.57
1508.11
1512.43
1435.24
1489.05
1508.53
1387.48
1485.49
1517.97
1421.69
1452.06
1446.62
1350.15
1400.32
1350.67
1471.74
1581.77
1476.67
1477.88
1510.9
1433.86
1396.46
1376.01
1302.81
1452.48
1376.94
1397.1
1269.01
1411
1488.57
1421.79
1387.36
1475.13
1451.57
1526.29
1423.43
1526.3
1404.82
1420.29
1422.31
1588.26
1383.56
1528.21
1562.52
1480.13
1407.12
1338.15
1497.01
1442.64
1602.43
1496.06
1579.93
1497.53
1413.37
1486.33
1438.88
1434.14
1600.04
1372.16
1457.46
1447.3
1432.98
1437.73
1580.12
1364.94
1367.05
1425.87
1477.17
1476.6
1550.49
1610.73
1470.31
1536.85
1488.94
1591.41
1342.76
1301.49
1360.97
1491.64
1301.71
1544.89
1483.12
1397.94
1335.79
1475.18
1412.51
1428.87
1393.29
1513.36
1429.64
1435.33
1469.86
1317.38
1508.8
1552
1362.18
1509.61
1566.14
1519.12
1488.88
1342.53
1398.5
1473.16
1395.36
1560.48
1404.49
1557.36
1498.98
1423.08
1402.39
1520.74
1437.41
1386.65
1408.01
1415.84
1510.29
1397.91
1615.51
1404.5
1326.85
1422.4
1466.05
1416.32
1473.58
1343.34
1407.31
1447.48
1461.74
1575.62
1420.71
1502.46
1428.52
1566.78
1453.7
1443.11
1473.97
1489.61
1532.8
1489.79
1354.7
1457.63
1394.07
1497.73
1365.65
1489.09
1543.82
1409.22
1394.39
1411.47
1524.11
1548.79
1500.98
1401.51
1352.41
1473.92
1409.01
1406.56
1350.83
1404.66
1242.19
1430.76
1546.01
1362.79
1475.55
1438.47
1607.49
1514.73
1561.61
1425.42
1589.17
1347.59
1486.02
1482.95
1549.66
1353.15
1603.93
1473.42
1592.61
1605.62
1366.59
1520.17
1528.72
1576.84
1457.67
1461.17
1321.44
1415.92
1540.19
1597.03
1366.57
1565.75
1429.38
1448.33
1634.75
1513.56
1412.37
1543.26
1293.4
1491.71
1496.71
1430.86
1444.61
1468.6
1514.61
1544.95
1432.4
1538.69
1351.71
1411.45
1345.94
1427.86
1696.12
1571.42
1460.12
1328.8
1460.85
1424.59
1399.38
1443.17
1451.82
1453.44
1573.99
1411.15
1455.14
1609.1
1388.97
1341.54
1446.93
1472.85
1492.85
1411.8
1438.37
1455.16
1412.19
1471.56
1409.87
1320.72
1495.51
1601.47
1441.97
1544.66
1451.69
1347.92
1464.93
1517.33
1496.74
1377.21
1528.77
1374.5
1345.31
1582.97
1482.53
1426.72
1419.15
1245.38
1356.63
1521.01
1588.12
1679.44
1460.05
1426.5
1474.64
1492.73
1469.74
1493.94
1366.72
1365.97
1456.46
1417.2
1305.38
1621.18
1473.37
1453.1
1529.28
1434.55
1377.49
1364.17
1487.37
1355.14
1439.03
1540.67
1539.18
1418.65
1450.92
1396.16
1452.73
1422.41
1398.56
1524.96
1400.3
1327
1333.1
1530.03
1463.48
1471.93
1474.27
1490.75
1322.26
1465.77
1590.51
1455.21
1420.07
1528.29
1422.84
1436.92
1480.16
1483.28
1445.84
1334.45
1437.22
1411.44
1328.75
1456.19
1496.83
1387.29
1323.18
1410.65
1420.58
1474.83
1493.91
1380.9
1510.43
1591.62
1396.19
1487.88
1596.97
1406.03
1527.02
1381.71
1375.29
1445.42
1408.93
1411.33
1355.77
1418.66
1389.51
1330.1
1508.2
1485.88
1420.35
1510.84
1537.35
1482.18
1382.97
1392.08
1445.93
1555.01
1301.04
1368.83
1454.81
1476.65
1537.13
1368.3
1461.15
1452.37
1320.09
1383.68
1414.62
1249.01
1539.94
1609.16
1418.75
1361.07
1375.1
1385.66
1489.56
1493.86
1390.68
1443.31
1425.2
1353.88
1446.47
1638.05
1553.05
1575.37
1458.48
1458.65
1525.8
1410.28
1359.44
1357.6
1419.63
1479.96
1563.64
1458.01
1493.36
1454.01
1502.77
1471.06
1392.93
1324.2
1465.47
1389.13
1384.89
1417.06
1379.78
1517.42
1510.61
1463.4
1306.3
1424.65
1554.36
1431.34
1442.06
1436.55
1454.1
1376.62
1739.73
1408.92
1398.28
1482.01
1462.72
1353.85
1445.49
1408.03
1521.67
1481.6
1319
1429.72
1396.37
1336.94
1379.05
1544.02
1352.83
1610.31
1388.9
1453.88
1512.49
1511.88
1337.98
1264.47
1444.19
1504.75
1290.96
1589.21
1323.96
1374.43
1472.52
1469.96
1355.06
1407.9
1386.22
1386.4
1713.01
1392.53
1577.15
1418.49
1439.05
1463.33
1446.6
1515.43
1428.93
1610.72
1378.61
1471.66
1484.96
1428.47
1460.82
1379.61
1415.36
1447.44
1431.87
1387.34
1382.34
1532.45
1444.06
1374.81
1436.63
1503.73
1410.46
1378.91
1370.95
1456.39
1376.1
1521.43
1377.96
1389.58
1469.47
1516.21
1357.28
1562.49
1433.52
1489.92
1392.38
1500.6
1537.98
1485.46
1456.38
1538.89
1361.45
1484.91
1436.67
1398.06
1633.84
1508.42
1470.14
1397.73
1558.37
1457.96
1531.63
1318.6
1551.02
1447.16
1386.28
1372.87
1405.88
1475.24
1499.91
1502.49
1349.85
1559.25
1380.39
1493.91
1473.1
1434.87
1519.54
1477.09
1393.74
1591.69
1538.68
1427.31
1416.76
1510.02
1473.81
1510.61
1381.96
1476.11
1607.9
1367.19
1512.31
1401.06
1437.25
1436.09
1473.44
1368.9
1264.29
1451.93
1456.47
1518.88
1361.34
1411.3
1377.9
1384.31
1534.41
1485.44
1513.72
1364.24
1271.03
1312.37
1365.51
1401.5
1360.4
1370.28
1343.1
1540.72
1375.27
1536.92
1489.46
1357.23
1379.84
1342.7
1598.96
1517.53
1425.82
1435.38
1516.36
1405.03
1390.78
1521.74
1556.46
1402.88
1417.2
1265.08
1457.81
1557.89
1345.54
1562.9
1563.63
1364.33
1480.78
1486.46
1530.64
1448.26
1519.15
1415.05
1522.04
1340.59
1361.73
1477.71
1590.88
1558.6
1473.51
1609.42
1427.69
1530.99
1541.99
1457.89
1448.82
1383.19
1549.51
1505.84
1556.8
1482.03
1508.22
1470.03
1439.98
1380.58
1365.45
1508.4
1404.87
1451.65
1419.71
1577.17
1465.23
1567.06
1379.35
1394.44
1484.59
1419.62
1509.17
1447.56
1443.19
1474.65
1481.19
1489.43
1523.7
1364.94
1494.08
1382.51
1481.02
1332.86
1396.27
1375.5
1411.84
1471.57
1521.63
1704.28
1513.56
1413.95
1315.28
1492.89
1436.31
1532.06
1460.63
1406.59
1335.18
1411.8
1408.53
1395.62
1428.88
1339.89
1477.78
1414.24
1485
1418.23
1474
1542.42
1359.66
1418.96
1342.74
1466.33
1538.05
1438.32
1421.02
1488.76
1563.33
1566.36
1428.95
1577.94
1488.27
1516.31
1340.89
1531.94
1418.3
1452.81
1503.9
1390.36
1401.57
1509.61
1447.59
1614.99
1321.05
1524.07
1466.25
1544.06
1433.64
1440.13
1430.51
1380.18
1454.45
1325.62
1461.95
1438.85
1621.48
1423.78
1525.74
1367.5
1501.14
1452.95
1523.19
1494.53
1362.87
1449.74
1295.73
1353.92
1375.39
1487.85
1584.51
1453.71
1327.83
1493.07
1337.15
1522.36
1449.29
1443.9
1407.88
1465.95
1377.68
1599.84
1528.8
1392.19
1593.41
1319.89
1532.15
1411.56
1466.92
1405.97
1489.21
1412.01
1573.53
1574.9
1402.68
1477.65
1471.91
1539.33
1391.83
1450.81
1468.71
1408.07
1399.51
1508.07
1362.53
1507.34
1437.36
1489.34
1247.32
1489.48
1469.54
1443.84
1415.93
1456.53
1523.3
1348.32
1421.04
1388.84
1563.36
1584.19
1507
1489.23
1470.2
1356.24
1333.79
1559.22
1474.25
1326.11
1486.63
1485.37
1333.44
1472.45
1455.08
1523.89
1299.26
1456.94
1425.39
1523.69
1502.77
1539.56
1380.82
1553.89
1489.38
1277.43
1460.54
1445.59
1373.38
1467.82
1540.19
1434
1461.99
1497.04
1489.54
1489.03
1386.95
1663.59
1392.43
1445.61
1495.11
1417.21
1481.7
1306.72
1501.38
1531.21
1405.85
1523.09
1475.53
1431.1
1455.54
1554
1428.12
1455.88
1559.62
1412.75
1508.3
1467.68
1348.02
1511.65
1390.29
1441.65
1382.83
1333.61
1538.3
1437.32
1372.37
1425.29
1400.16
1580.54
1616.21
1495.37
1318.91
1399.23
1358.61
1450.08
1435.84
1441.6
1556.08
1572.59
1465.55
1379.3
1618.45
1468.71
1551.61
1396.65
1347.17
1509.37
1551.03
1584.13
1462.83
1479.83
1617.38
1466.15
1535.56
1500.5
1543.08
1405.13
1488.84
1382.26
1370.61
1486.99
1609.32
1436.11
1386.6
1403.91
1467.56
1508.33
1451.14
1401.25
1552.69
1455.36
1382.08
1512.89
1453.55
1506.31
1427.14
1473.82
1378.09
1485.1
1417.64
1419.5
1438.3
1565.01
1574.9
1511.71
1422.59
1368.12
1374.57
1501.37
1453.66
1413.78
1460.53
1451.7
1516.13
1439.99
1611.79
1512.38
1453.49
1466.68
1373.54
1487.78
1427.25
1391.35
1520.7
1379.03
1406.55
1506.12
1477.06
1406.32
1456.22
1378.6
1563.08
1400.83
1545.55
1491.07
1456.9
1550.81
1426.84
1595.58
1545.05
1418.66
1429.05
1495.5
1351.74
1366.55
1501.98
1437.3
1535.48
1518.86
1400.1
1450.78
1378.45
1425.01
1370.84
1369.22
1341.5
1426.29
1470.38
1450.36
1458.15
1349.72
1635.82
1378.56
1448.34
1395.73
1399.95
1471.29
1337.61
1467.55
1522.94
1565.3
1551.33
1379.54
1528.99
1484.92
1339.17
1471.7
1549.05
1516.75
1380.86
1374.19
1456.41
1411.16
1440.71
1393.13
1460.52
1458.14
1544.48
1419.41
1469.38
1531.85
1458.61
1396.98
1415.62
1525.9
1389.15
1404.82
1494.5
1442.77
1559.13
1501.07
1630.61
1477.03
1327.05
1612.85
1404.05
1373.38
1410.13
1501.13
1448.1
1408.6
1401.33
1298.24
1439.24
1408.06
1518.05
1544.11
1434.48
1413.65
1514.16
1429.94
1510.96
1511.95
1381.8
1424.76
1529.07
1544.11
1427.75
1535.23
1447.29
1403.34
1439.64
1483.69
1571.39
1630.77
1378.75
1496.71
1400.25
1459.28
1417.52
1392.8
1458.07
1462.31
1502.81
1557.27
1388.01
1532.83
1471.89
1501.08
1473.62
1355.96
1318.76
1455.09
1381.37
1452.65
1570.69
1471.41
1703.18
1571.69
1413.57
1494.38
1472.7
1268.5
1300.8
1335.86
1538.25
1317.13
1387.44
1502.89
1487.88
1537.66
1459.28
1342.52
1487.26
1441.61
1597.29
1409.15
1399.9
1556.68
1443.87
1542.9
1410.81
1353.76
1525.57
1346.29
1264.07
1444.77
1463.39
1536.99
1287.69
1466.46
1404
1363.93
1379.32
1471.33
1478
1424.76
1567.57
1433.76
1576.9
1373.1
1407.04
1517.02
1315.39
1435.92
1286.16
1537.45
1549.57
1431.38
1402.12
1482.58
1353.63
1300.54
1337.01
1351.25
1504.93
1471.9
1517.97
1406.47
1479.91
1586.23
1468.57
1573.09
1383.57
1489.16
1403.56
1481.62
1521.36
1457.52
1517.9
1308.59
1479.52
1409.17
1573.98
1447.94
1433.67
1361.13
1415.05
1498.44
1449.43
1553.58
1415.02
1364
1421.53
1518.16
1457.29
1436.24
1415
1328.81
1453.43
1439.74
1475.48
1479.17
1395.85
1392.96
1496.31
1469.59
1415.82
1308.48
1377.26
1428.34
1584.23
1499.67
1343.5
1454.08
1465.64
1375.8
1508.74
1524.4
1435.79
1465.05
1279.1
1383.75
1428.59
1491.4
1507.68
1431.88
1354.46
1453.38
1389.55
1418.86
1534.55
1448.13
1403.39
1450.57
1479.64
1494.34
1527.06
1540.89
1500.76
1514.87
1443.65
1386.3
1428.84
1426.62
1363.38
1443.56
1464.11
1437.38
1496.63
1537.76
1588.74
1505.53
1454.34
1571.28
1481.36
1390.81
1428.02
1470.13
1387.52
1494.92
1410.55
1514.32
1516.37
1501.1
1456.56
1436.15
1511.92
1527.17
1374.77
1348.37
1469.87
1450.04
1520.82
1456.08
1440.02
1403.61
1445.76
1404.03
1593.7
1380.9
1521.56
1438.65
1529.42
1359.85
1458.01
1540.23
1506.67
1468.38
1548.53
1538.2
1509.56
1477.47
1526.74
1600.12
1459.98
1512.25
1500.15
1466.69
1479.74
1538.68
1326.92
1565.86
1466.15
1457.51
1644.95
1508.04
1497.49
1373.52
1478.19
1394.49
1516.51
1438.02
1373.59
1464.9
1383.91
1427.21
1361.26
1415.84
1483.42
1476.74
1556.16
1395.61
1553.79
1528.23
1367.44
1395.11
1426.38
1511.47
1406.59
1409.61
1519.49
1599.57
1526.99
1507.9
1496.04
1453.71
1393.08
1444.33
1578.29
1451.46
1432.8
1456.36
1395.95
1441.52
1353.14
1424.44
1394.39
1474.64
1531.49
1331.35
1503.19
1439.9
1481.6
1326.4
1522.97
1491.79
1506.19
1391.4
1401.37
1356.46
1467.74
1451.76
1393.39
1523.17
1431.44
1430.33
1438.29
1396.97
1379.8
1425.31
1490.2
1368.92
1451.12
1516.54
1544.53
1635.03
1645.11
1452.73
1426.76
1344.08
1485.44
1355.16
1508.02
1447.98
1461.08
1504.65
1504.07
1331.83
1545.88
1384.56
1276.9
1493.13
1292.39
1472.14
1504.3
1514.96
1387.13
1413.25
1468.32
1498.53
1283.31
1440.14
1410.95
1496.51
1560.94
1276.39
1466.69
1516.43
1449.98
1625.97
1516.62
1334.82
1503.58
1432.25
1506.3
1522.44
1542.52
1403.97
1415.17
1450.91
1327.86
1542.59
1541.89
1487.37
1433
1307.82
1542.13
1380.11
1490.79
1394.5
1350.29
1350.03
1493.07
1418.29
1434.1
1479.29
1418.9
1440.52
1474.6
1402.46
1381.18
1517.1
1489.23
1484.78
1472.7
1377.05
1449.15
1527.39
1481.32
1554.48
1472.39
1453.2
1548.56
1262.48
1384.38
1399.36
1477.23
1514.74
1524.96
1493.42
1540.85
1434.42
1434.08
1489.47
1443.82
1364.8
1449.98
1357.6
1402.53
1395.97
1421.35
1471.79
1494.54
1379.65
1514.64
1415.17
1559.55
1395.78
1495.28
1426.85
1526.22
1499.43
1576.04
1526.64
1448.11
1439.8
1665.49
1500.13
1470.28
1449.37
1412.03
1413.97
1393.05
1425.03
1426.08
1446.69
1353.34
1535.9
1477.75
1489.32
1570.16
1424.4
1551.08
1397.28
1491.59
1573.89
1482.69
1420.12
1473.26
1554.13
1400.47
1390.63
1529.11
1414.82
1399.83
1512.24
1293.59
1588.11
1495.25
1477.7
1532.46
1390.61
1462.46
1255.37
1376.97
1416.53
1465.53
1488.02
1489.43
1426.71
1606.58
1428.43
1326.27
1479.29
1480.78
1495.08
1463.75
1354.07
1458.19
1486.15
1440.74
1522.08
1532.23
1416.76
1313.84
1402.48
1464.42
1656.46
1561.26
1493.05
1458.85
1440.4
1467.9
1341.31
1404.93
1440.09
1522.13
1518.81
1477.98
1443.94
1482.78
1549.35
1528.16
1456.22
1461.55
1374.38
1562.9
1418.19
1446.84
1489.04
1388.71
1400.36
1457.55
1373.14
1324.4
1570.98
1466.62
1352.4
1477.62
1479.55
1400.22
1368.05
1450.09
1515.01
1326.91
1329.85
1459.77
1585.49
1519.59
1367.37
1465.1
1424.26
1423.32
1350.59
1418.65
1374.42
1427.84
1464.05
1486.77
1423.18
1438.97
1429.77
1562.61
1336.81
1478.74
1473.25
1433.74
1432.2
1444.76
1372.09
1465.66
1532.72
1465.22
1430.2
1448.65
1355.62
1403.25
1377.89
1493.78
1449.52
1557.9
1460.46
1361.16
1497.66
1367.89
1423.65
1560.92
1398.72
1417.71
1455.7
1398.36
1618.35
1364.06
1367.93
1416.6
1521.2
1523.8
1576.11
1443.24
1480.92
1625.54
1311.25
1526.2
1486.37
1368.66
1399.59
1456.19
1351.2
1398.55
1516.11
1449.59
1395.22
1393.55
1505.4
1444.24
1467.01
1511.89
1452.47
1571.76
1564.95
1514.23
1534.78
1549.68
1450.98
1445.82
1381.87
1557.42
1464.73
1501.96
1458.51
1505.79
1463.26
1470.15
1318.98
1453.49
1482.13
1417.04
1719.82
1510.93
1470.94
1568.11
1565.72
1302.73
1444.22
1459.35
1413.7
1535.3
1413.77
1538.02
1480.13
1282.84
1486.6
1383.02
1503.65
1528.76
1195.21
1342.58
1367.98
1482.24
1347.8
1552.14
1398.38
1523.54
1375.95
1376.42
1330.42
1405.65
1448.2
1441.26
1519.72
1478.17
1489.56
1457.92
1419.17
1413.71
1412.99
1442.72
1286.39
1582.23
1430.13
1323.28
1545.23
1315.42
1451.13
1434.68
1551.23
1479.12
1372.58
1253.31
1450.66
1451.35
1578.52
1535.15
1383.1
1337.04
1398.46
1552.2
1448.9
1460.73
1617.19
1562.56
1442.75
1507.48
1394.4
1589.58
1459.05
1476.68
1415.87
1532.33
1381.35
1551.69
1301.89
1394.15
1510.01
1535.49
1422.88
1477.62
1338.61
1423.96
1468.75
1599.61
1598.95
1336.54
1336.04
1268.4
1436.8
1370.72
1587.02
1506.87
1580.32
1527.26
1498.64
1449.86
1365.71
1341.51
1543.6
1282.89
1495.49
1342.71
1427.73
1559.01
1566.93
1466.15
1475.85
1477.5
1548.21
1591.63
1419.93
1494.52
1453.09
1375.91
1394.98
1417.68
1340.4
1500.38
1412.18
1366.35
1351.46
1444.49
1415.82
1400.7
1607.46
1459.76
1457.49
1632.57
1431.97
1487.32
1412.96
1437.39
1528.02
1422.53
1451.76
1319.46
1505.85
1410.61
1477.59
1581.97
1469.84
1483.4
1420.09
1508.89
1417.06
1381.02
1393.03
1434.22
1384.8
1411.36
1324.59
1503.8
1419.71
1394.37
1352.2
1531.31
1410.38
1257.73
1484.99
1495.53
1504.85
1337.17
1575.84
1481.19
1369.91
1387.65
1578.73
1458.15
1487.77
1516.54
1319.64
1526.46
1555.04
1497.77
1492.91
1347.4
1393.73
1359.25
1363.87
1461.13
1403.56
1449.47
1428.96
1465.08
1517.21
1309.77
1358.24
1445.4
1441.44
1292.64
1358.36
1508.14
1437.59
1442.96
1499.29
1522.2
1369.54
1438.7
1597.14
1330.11
1508.06
1459.18
1469.49
1529.5
1417.41
1501.25
1549.09
1483.34
1437.61
1585.45
1467.23
1551.32
1436.06
1448.27
1658.7
1303.41
1405.3
1423.78
1468.76
1362.96
1382.21
1347.87
1464.78
1424.98
1478.41
1383.5
1455.25
1516.62
1707.05
1541.23
1342.34
1495.02
1425.75
1519.13
1284.36
1525.02
1510.81
1421.19
1402.57
1500.96
1387.31
1374.71
1443.88
1423.05
1465.87
1380.39
1433.91
1457.33
1396.74
1499.45
1492.64
1467.53
1547.17
1448.28
1411.77
1456.27
1388.75
1474.75
1380.45
1407.75
1480.6
1413.35
1450.71
1493.94
1477.63
1445.21
1498.65
1483.52
1521.83
1474.44
1242.09
1555.06
1356.57
1533.98
1392.85
1388.91
1552.21
1491.67
1496.74
1470.11
1403.39
1566.1
1561.66
1457.61
1504.04
1401.49
1479.04
1522.41
1427.53
1416.91
1453.83
1516.85
1431.01
1346.9
1546.03
1497.24
1532.82
1505.62
1413.44
1541.24
1551.42
1457.58
1450.74
1477.86
1430.63
1312.24
1390.04
1461.79
1382.38
1582.76
1327.07
1389.82
1517.09
1364.28
1483.57
1427.04
1368.97
1603.83
1502.08
1402.14
1510.64
1524.33
1671.34
1440.33
1343.75
1360.33
1490.17
1394.39
1488.92
1513.32
1417.09
1462.84
1337.01
1421.78
1492.34
1611.63
1405.08
1334.03
1496.73
1446.79
1418.88
1452.62
1471.35
1454.21
1536.95
1456.69
1509.19
1251.86
1222.36
1507.05
1576.5
1515.54
1531.78
1332.27
1439.18
1487.79
1445.91
1500.49
1430.76
1380.09
1443.35
1455.38
1481.37
1446.95
1526.73
1262.06
1467.83
1447.69
1359.41
1432.84
1536.49
1432.7
1577.32
1488.4
1517.23
1619.22
1376.04
1500.28
1324.43
1338.9
1494.78
1434.66
1500.11
1537.77
1580.02
1388.55
1377.24
1308.64
1502.91
1421.89
1297.23
1424.21
1302.6
1418.78
1656.04
1552.16
1494.14
1396.17
1426.04
1483.39
1507.58
1437.58
1507.4
1367.21
1490.89
1496.17
1580.09
1556.54
1454.77
1384.24
1449.54
1476.92
1500.25
1362.83
1570.84
1445.32
1286.19
1321.16
1403.28
1504.45
1416.98
1485.93
1483.79
1492.16
1379.2
1401.76
1428.75
1466.68
1352.88
1516.85
1434.26
1489.45
1440.98
1431.21
1438.33
1390.86
1449.49
1309.48
1525.34
1404.88
1450.69
1490.33
1630.84
1481.72
1517.46
1402.15
1452.6
1450.33
1504.36
1508.21
1723
1446.68
1535.84
1471.85
1494.01
1354.17
1408.43
1487.6
1561.24
1420.93
1460.87
1375.56
1359.48
1436.45
1426.31
1446.76
1493.18
1310.58
1392.75
1399.33
1393.51
1470.37
1485.41
1394.8
1565.2
1474.46
1502
1545.21
1527.73
1394.16
1574.66
1397.99
1436.71
1420.33
1457.79
1476.76
1441.72
1435.19
1554.26
1451.76
1373.62
1544.09
1418.45
1371.9
1531.24
1434.55
1544.89
1492.7
1601.22
1565.58
1352.81
1424.7
1379.22
1614.47
1321.86
1467.45
1309.12
1437.98
1415.88
1347.49
1415.17
1491.69
1481.72
1457.19
1446.18
1509.55
1461.83
1428.89
1453.02
1523.46
1463.09
1389.08
1491.65
1492.66
1530.43
1328.53
1368.47
1382.35
1423.06
1427.96
1621.64
1497.07
1404.76
1471.13
1449.6
1394.15
1299.42
1562.62
1409.94
1572.06
1509.86
1419.55
1421.92
1386.92
1443.61
1468.74
1428.6
1369.3
1484.72
1500.79
1472.42
1555.34
1333.75
1569.47
1423.19
1307.11
1483.67
1447.47
1328.56
1542.92
1318.89
1378.87
1588.42
1556.73
1442.73
1632.35
1492.64
1410.8
1392.16
1469.27
1450.8
1368.61
1444.91
1516.18
1539.39
1334
1439.16
1572.68
1401.58
1405.16
1382.54
1367.33
1445.23
1461.14
1446.69
1431.15
1488.32
1419.52
1489.15
1403.85
1337.69
1433.94
1499.31
1393.56
1437.5
1594.15
1479.84
1447.75
1461.47
1410.56
1511.38
1394.98
1459.51
1325.84
1408.16
1426.74
1423.98
1439.37
1383.27
1569.12
1555.86
1361.29
1308.52
1347.35
1226.43
1368.46
1483.39
1448.39
1407.71
1435.45
1340.62
1299.78
1357.01
1456.36
1588.78
1392.85
1571.88
1407.18
1625.38
1463.22
1413.59
1361.29
1520.3
1537.21
1655.4
1448.3
1394.94
1577.94
1380.1
1599.51
1612.41
1576.73
1518.2
1481.76
1538.52
1351.11
1285.17
1577.03
1428.95
1494.33
1523.82
1473.03
1417.23
1566.92
1383.42
1392.73
1636.98
1464.65
1451.31
1510.48
1504.24
1349.21
1423.98
1461.61
1417.6
1476.91
1461.25
1415.31
1548.66
1379.63
1397.33
1475.62
1448.35
1551.67
1482.61
1484.98
1570.62
1372.92
1458.55
1288.13
1548.07
1558.24
1632.95
1515.8
1494.86
1256.78
1494.67
1482.83
1407.6
1345.22
1350.2
1539.63
1496.51
1389.91
1539.69
1408.62
1313.58
1433.28
1449.98
1458.28
1470.52
1512.11
1282.29
1549.74
1385.04
1450.32
1471.81
1456.89
1399.88
1362.89
1401.3
1444.56
1538.14
1471.74
1578.18
1460.72
1510.71
1550.88
1358.34
1409.08
1351.24
1377.63
1601.12
1492.55
1598.92
1502.54
1463.33
1430.67
1438.53
1515.96
1425.76
1319.46
1196.89
1426.57
1351.38
1441.17
1500.76
1417.69
1443.04
1448.6
1477.56
1422.79
1464.82
1428.58
1432.1
1438.73
1465.83
1482.51
1505.91
1265.49
1436.91
1361.24
1435.73
1641.65
1328.7
1667.11
1357.8
1403.53
1402.95
1390.63
1485.78
1568.42
1582.61
1370.61
1481.99
1441.15
1558.62
1486.36
1427.5
1427.08
1515.27
1593.86
1446.72
1573.15
1458.54
1432.41
1415.41
1432.58
1395.83
1517.13
1379.85
1507.59
1560.09
1438.85
1421.57
1394.77
1382.21
1480.31
1383.09
1508.83
1373.46
1488.04
1474.71
1411.78
1510.26
1571.14
1452.91
1323.22
1346.45
1447.04
1309.27
1387.72
1391.98
1433.42
1528.95
1612.25
1523.31
1398.33
1414.81
1379.34
1488.75
1381.14
1392.16
1401.67
1324.12
1521.51
1482.94
1445.07
1441.21
1443.78
1449.7
1381.65
1453.23
1563.49
1291.15
1469.99
1482.84
1502.87
1451.28
1475.38
1475.94
1420.1
1302.85
1606.91
1375.12
1524.26
1543.84
1430.99
1417.43
1369.38
1638.07
1413.48
1248.92
1386.21
1525.21
1470.93
1266.55
1524.4
1531.3
1458.62
1491.25
1394.92
1421.47
1334.72
1430.85
1576.93
1483.49
1566.25
1394.65
1498.58
1530.86
1485.13
1499.49
1474.52
1460.63
1460.05
1516.6
1506.15
1544.25
1343.55
1546.18
1479.69
1401.32
1423.25
1438.2
1398.99
1510.77
1466.54
1334.57
1382.29
1516.86
1476.91
1313.4
1531.49
1525.23
1450.84
1427.05
1549.74
1301.39
1447.44
1626.2
1453.44
1503.07
1436.28
1352.05
1518.04
1358.47
1342.73
1338.01
1447.69
1432.36
1375.6
1627.09
1470.3
1314.5
1529.05
1328.49
1448.55
1576.46
1468.24
1420.43
1383.77
1346.54
1479.14
1471.39
1457.5
1530.18
1493.04
1457.82
1331
1538.84
1353.09
1279.71
1544.26
1415.5
1461.62
1546.24
1509.13
1450.92
1496.46
1447.24
1435.57
1404.49
1442.16
1403.16
1209.31
1442.81
1563.32
1547.39
1437.03
1465.37
1476.92
1404.07
1500.89
1501.89
1506.13
1396.92
1582.29
1338.67
1481.61
1549.49
1419.95
1213.57
1485.23
1580.15
1444.02
1277.52
1525.97
1482.31
1552.97
1572.57
1531.98
1337.29
1391.88
1638.56
1618.5
1463.21
1286.77
1476.26
1548.94
1374.73
1510.41
1482.39
1489.9
1393.31
1287.6
1451.58
1393.82
1523.18
1573.34
1345.93
1427.35
1431.18
1533.03
1494.95
1523.58
1439.78
1426.81
1499.47
1456.73
1507.86
1450.18
1518.04
1341.22
1583.66
1526.69
1485.22
1436.19
1416.61
1526.77
1623.38
1387.57
1443.76
1340.38
1351.07
1589.66
1544.56
1571.44
1436.05
1478.41
1464.64
1329.32
1323.6
1493.49
1535.6
1279.05
1484.31
1338.09
1453.49
1467.07
1421.81
1479.21
1362.45
1330.48
1316.32
1394.94
1411.73
1389.84
1425.64
1548.62
1453.27
1484.09
1434.85
1470.84
1272.13
1471.36
1335.24
1454.36
1422.13
1591.21
1422.53
1392.5
1348.58
1456.67
1421.75
1307.64
1514.16
1508.72
1363.05
1575.14
1543.34
1357.87
1436.68
1474.2
1388.98
1536.06
1349.95
1477.63
1488.07
1434.5
1438.56
1531.97
1494.23
1453.57
1506.73
1329.28
1403.33
1496.11
1459.07
1544.75
1492.53
1488.21
1398.24
1498.67
1396.52
1299.83
1603.16
1394.88
1473.37
1529.6
1302
1359.67
1501.2
1529.87
1489.74
1673.21
1405.08
1455.87
1361.79
1396.47
1381.28
1566.08
1514.26
1567.55
1453.65
1606.76
1309
1426.55
1500.47
1394.74
1343.53
1466.56
1434.33
1368.32
1397.19
1419.72
1523.99
1520.3
1428.96
1458.33
1412.07
1491.57
1411.04
1390.95
1437.6
1457.7
1490.41
1454.33
1327.6
1367.66
1538.41
1595.11
1328.36
1542.7
1522.7
1475.4
1425.24
1411.65
1459.42
1337.89
1375.52
1577.89
1232.25
1400.74
1563.8
1594.48
1420.8
1497.82
1650.17
1378.85
1525.08
1458.47
1455.63
1435
1386.77
1563.78
1484.21
1380.57
1454.86
1416.23
1532.47
1376.77
1512.18
1485.73
1380.37
1314.42
1324.88
1514.44
1474.41
1589.69
1527.1
1497.57
1437.27
1526.51
1539.24
1471.85
1463.24
1529.84
1531.76
1199.76
1491.43
1434.12
1289.46
1387.61
1351.3
1524.34
1445.41
1425.64
1550
1508.76
1379.96
1446.02
1297.39
1470.3
1429.07
1366.09
1433.43
1366.58
1565.71
1418.02
1431.7
1344.98
1533.88
1535.05
1225.84
1393.87
1389.63
1485.71
1424.11
1459.38
1440.51
1532.66
1353.49
1418.33
1435.16
1557.22
1448.15
1425.05
1426.18
1543.11
1463.02
1428.26
1400.72
1361.86
1465.34
1490.87
1379.99
1566.51
1341.73
1371.05
1359.06
1325.17
1513.95
1514.01
1451.81
1480.36
1453.05
1434.71
1422.13
1430.21
1441.66
1472.66
1480.38
1588.85
1565.23
1374.5
1450.79
1476.33
1427.57
1335.63
1356.73
1423.09
1473.98
1381.25
1473.68
1443.84
1508.75
1428.59
1505.96
1571.54
1428.53
1534.74
1363.42
1459.21
1498.7
1232.62
1457.26
1520.95
1362.9
1586.36
1372.17
1344.47
1372.22
1592.68
1537.78
1498.86
1283.97
1486.75
1403.26
1493.4
1472.74
1473.51
1550.92
1297.81
1440.91
1523.94
1559.91
1489.11
1514.13
1434.91
1487.56
1416.3
1477.84
1433.96
1566.17
1511.14
1457.28
1317.82
1463.41
1449.85
1516.59
1525.82
1469.36
1397.27
1300.54
1472.25
1393.54
1395.79
1561.3
1417.8
1555.02
1440.88
1590.94
1504.69
1428.49
1362.43
1432.85
1394.32
1460.24
1507.66
1427.44
1400.8
1378
1420.12
1377.67
1453.88
1389.15
1448.87
1404.73
1365.67
1404.54
1351.12
1428.98
1505.81
1284
1536.78
1431.34
1392.58
1480.86
1485.67
1371.69
1470.46
1392.33
1490.97
1559.47
1494.93
1436.38
1475.29
1557.97
1474.37
1383.37
1479.53
1488.23
1447.89
1405.19
1548.64
1433.4
1453.13
1495.58
1445.56
1606.91
1415.89
1399.89
1346.01
1391.96
1568.57
1382.85
1471.86
1532.61
1366.27
1531.6
1429.42
1392.2
1413.14
1494.82
1494.74
1529.29
1500.53
1476.87
1394.53
1317.66
1447.89
1378.65
1421.35
1441.17
1266.01
1568.99
1372.74
1505.49
1433.31
1587.38
1351.26
1582.92
1366.65
1375.39
1447.83
1436.31
1528.79
1437.36
1429.76
1522.91
1419.81
1364.89
1317.68
1436.25
1491.77
1256.23
1431.21
1574.94
1346.02
1533.99
1584.54
1390.09
1505.41
1481.31
1445.34
1423.7
1603.99
1377.25
1382.14
1352.09
1423.07
1482.04
1475.53
1388.03
1463.71
1394.89
1468.59
1598.89
1506.14
1549.18
1477.16
1500.96
1434.16
1443.97
1528.85
1385.48
1347.74
1510.5
1404.31
1437.59
1400.62
1510.68
1533.9
1491.62
1412.59
1555
1355.67
1393.53
1496.63
1392.23
1464.84
1469.06
1371.55
1349.2
1495.75
1515.05
1420.05
1554.53
1540.58
1517.49
1413.19
1528.65
1559.29
1359.59
1432
1401.25
1562.89
1414.51
1533.49
1400.35
1458.7
1527.2
1461.02
1493.79
1413.14
1206.6
1390.03
1370.8
1507.99
1427.64
1533.65
1495.29
1474.12
1443.23
1482.46
1477.47
1408.89
1348.06
1383.28
1442.45
1525.29
1615.13
1421.21
1346.56
1533.39
1530.33
1508.2
1443.92
1346.38
1327.79
1509.09
1505.81
1445.27
1340.86
1411.76
1388.48
1448.36
1427.29
1442.39
1391.78
1502.88
1434.2
1474.59
1465.72
1633.75
1463.5
1414.74
1482.68
1324.17
1341.06
1546.37
1423.24
1379.61
1513.11
1446.96
1580.65
1476.25
1393.21
1458.16
1418.83
1432.72
1425.25
1453.39
1447.78
1442.23
1450.42
1476.61
1477.71
1474.12
1505.61
1511.6
1420.44
1415.09
1489.83
1413.47
1303.58
1409.98
1384.39
1474.67
1394.7
1408.54
1536.89
1436.85
1597.41
1443.71
1366.9
1478.25
1403.89
1395.99
1475.69
1306.44
1494.89
1517.81
1400.62
1602.65
1402.94
1439.14
1498.68
1384.41
1380.34
1456.24
1466.32
1421.53
1546.09
1437.77
1587.36
1493.64
1486.24
1500.13
1264.01
1444.83
1547.78
1482.15
1370.12
1388.42
1325.84
1483.36
1507.69
1384.34
1500.7
1633.91
1498.58
1357.71
1470.05
1496.2
1511.71
1371.86
1607.72
1413.34
1481.01
1514.45
1335.77
1380.98
1395.38
1510.6
1422.1
1459.47
1397.36
1587.16
1460.13
1477.57
1542.72
1425.01
1514.7
1488.62
1374.74
1437.56
1408.23
1457.22
1463.5
1441.17
1298.24
1334.96
1493.52
1480.61
1496.52
1375.6
1563.26
1447.95
1446.54
1474.97
1439.14
1434.61
1466.36
1400.9
1446.78
1566.64
1425.73
1441.09
1446.62
1543.21
1559.67
1565.52
1454.28
1325.87
1454.32
1417.88
1383.22
1410.84
1410.08
1464.08
1394.28
1445.22
1426.76
1439.99
1454.6
1400.26
1399.44
1435.82
1475
1476.45
1428.74
1456.13
1520.67
1372.98
1449.6
1391.35
1502.95
1301.19
1524.7
1553.03
1408.81
1453.35
1480.44
1557.41
1336.42
1616.86
1449.46
1570.64
1544.12
1416.25
1469.08
1401.2
1441.7
1500.68
1602.31
1444.5
1518.22
1422.66
1360.83
1455.81
1520.14
1382.3
1424.14
1517.78
1557.21
1448.14
1511.64
1410.75
1441.54
1475.08
1456.91
1535.53
1465.62
1445.51
1456.54
1393.3
1428.05
1389.55
1505.9
1518.21
1514.06
1375.05
1482.58
1543.68
1591.77
1468.57
1339.73
1408.47
1637.57
1554.6
1487.38
1422.31
1523.95
1392.85
1332.53
1279.18
1444.15
1485.79
1461.86
1368.13
1473.53
1528.23
1492.51
1488.71
1455.96
1370.41
1515.03
1355.79
1389.95
1390.32
1406.72
1401.27
1326.87
1406.52
1445.92
1569.39
1379.61
1421.86
1464.58
1521.92
1352.22
1425.77
1511.03
1568.84
1532.05
1323.47
1422.33
1407.88
1480.64
1416.03
1458.32
1452.18
1324.09
1466.56
1370.25
1614.39
1602.67
1371.7
1570.72
1358.26
1492.85
1436.31
1581.74
1451.01
1374.74
1472.41
1389.04
1435.33
1382.32
1513.05
1428.26
1432.05
1457.37
1512.91
1318.36
1430.93
1555.88
1426.71
1440.13
1517.55
1426.17
1579.41
1467.57
1476.44
1498.4
1495.46
1555.64
1382.85
1382.08
1444.53
1385.97
1458.05
1603.61
1376.35
1364.89
1379.59
1663.65
1485.96
1427.94
1305.3
1510.67
1442.28
1354.32
1322.32
1482.17
1392.19
1453.68
1430.1
1309.26
1460.57
1512.36
1450.76
1358.53
1448.96
1545.88
1360.56
1486.59
1517.16
1374.61
1406.47
1438.05
1455.1
1343.98
1392.57
1521.74
1426.18
1484.22
1404.68
1613.24
1542.24
1305.58
1326.99
1469.65
1499.68
1375.67
1476.09
1537.59
1405.83
1521.52
1572.68
1413.12
1250.98
1370.73
1388.61
1453.62
1479.23
1396.58
1492.01
1403.04
1503.51
1332.94
1495.39
1332.58
1536.94
1448.47
1580.76
1468.96
1578.45
1727.5
1532.58
1635.17
1607.93
1428.05
1520.5
1299.34
1525.84
1489.83
1395.86
1462.57
1569.18
1459.74
1457.63
1438.32
1485.33
1460
1428.71
1355.68
1625.67
1553.44
1537.61
1422.82
1453.6
1354.42
1445.14
1467.47
1448.62
1293.77
1479.91
1520.13
1610.93
1631.74
1316.14
1463.51
1526.95
1397.48
1517.69
1437.06
1428.24
1372.28
1525.82
1498.49
1409.17
1344.22
1445.36
1338.75
1305.98
1490.91
1518.95
1560.36
1484.88
1439.96
1517.89
1621.77
1524.99
1359.74
1319.66
1520.65
1441
1620.49
1411.22
1530.43
1406.38
1400.94
1518.99
1530.36
1470.46
1322.93
1445.28
1285.09
1486.33
1370.9
1499.3
1318.16
1544.25
1434.15
1468.04
1274.93
1558.1
1378.02
1448.63
1414.78
1560.26
1564.74
1486.34
1474.8
1471.89
1428.68
1378.81
1394.43
1313.4
1568.66
1394.01
1475.4
1472.96
1471.85
1485.3
1548.72
1472.6
1446.22
1430.05
1441.51
1504.2
1511.11
1309.04
1339.39
1492.27
1297.73
1701.25
1473.1
1426.85
1458.19
1389.01
1366.57
1509.07
1440.44
1399.23
1530.67
1319.73
1354.39
1326.61
1458.39
1435.39
1344.61
1457.96
1560.48
1403.03
1456.73
1403.78
1431.42
1532.59
1370.25
1473.65
1427.61
1346.99
1392.12
1420.47
1530.42
1375.34
1626.87
1355.27
1470.56
1444.01
1469.17
1404.07
1495.4
1366.3
1419.78
1316.34
1323.49
1310.22
1346.06
1465.6
1577.37
1483.22
1585.32
1309.25
1495.02
1441.95
1611.25
1526.55
1436.63
1348
1360.82
1450.53
1326.06
1440
1514.04
1519.46
1537.95
1475.62
1493.56
1475.64
1566.35
1408.7
1393.14
1445.3
1646.87
1403.23
1381.83
1419.14
1488.68
1464.2
1559.36
1455.95
1515.16
1532.26
1506.14
1468.46
1398.07
1342.91
1506.42
1585.15
1495.61
1451.38
1499.98
1469.6
1435.36
1472.87
1492.55
1413.12
1429.14
1336.74
1485.79
1428.05
1433.78
1438.5
1530.18
1538.74
1396.38
1481.35
1498.76
1471.72
1541.35
1395.18
1388.57
1376.99
1448.14
1386.53
1382.11
1316.7
1330.18
1462.8
1429.7
1380.59
1392.9
1457.39
1557.52
1573.19
1546.65
1351.78
1544.93
1526.65
1541.8
1401.94
1342.19
1438.72
1409.65
1477.1
1460.06
1340.79
1423.77
1364.7
1521.3
1379.18
1458.3
1399.38
1471.62
1406.07
1365.85
1573.15
1402.89
1385.2
1576.66
1425.8
1426.47
1420.98
1502.5
1505.94
1541
1459.47
1504.7
1277.35
1403.16
1554.85
1478
1422.54
1446.87
1350.24
1324.33
1398.23
1421.63
1403.85
1499.44
1325.13
1548.42
1508.19
1433.92
1362.45
1449.81
1484.09
1569.09
1530.33
1513.48
1506.37
1457.13
1450.79
1420.58
1461.28
1443.57
1500.54
1357.39
1472.96
1439.74
1562.36
1454.55
1385.28
1458.83
1365.06
1474.61
1414.79
1547.56
1466.15
1487.83
1550.22
1440.27
1492.33
1491.17
1440.04
1435.97
1341.6
1465.59
1509.96
1453.83
1576.95
1486.9
1511.44
1415.04
1387.55
1403.42
1422.16
1469.41
1428.96
1513.02
1432.26
1436.63
1434.5
1430.01
1400.62
1398.98
1419.36
1408.54
1526.86
1489.58
1445.64
1444.73
1447.14
1415.72
1538.38
1538.97
1526.04
1498.94
1443.3
1466.44
1556.3
1554.4
1424.93
1428.56
1408.57
1361.46
1347.12
1527.86
1439.19
1367.07
1417.07
1515.46
1564.15
1422.33
1495.38
1458.12
1286.38
1409.45
1308.92
1508.05
1432.79
1520.81
1395.71
1566.32
1479.6
1299.84
1444.03
1473.78
1429.23
1510
1452.94
1313.22
1447.39
1574.41
1370.86
1470.64
1636.91
1451.63
1342.21
1411.17
1493.75
1503.11
1497.12
1388.76
1408.35
1405.1
1412.24
1439.68
1393.4
1378.17
1485.53
1406.1
1521.57
1378.97
1429.88
1404.47
1471.41
1342.44
1513.99
1459.15
1417.79
1354.84
1347.45
1523.79
1556.06
1454.05
1392.33
1525.98
1465.26
1414.77
1256.63
1506.1
1392.22
1295.81
1454.3
1355.8
1404.55
1447
1508.6
1400.7
1507.59
1537.87
1495.32
1388.68
1491.38
1513.5
1493.56
1383.77
1692.36
1454.66
1482.95
1291.59
1457.06
1520.04
1476.56
1445.68
1450.34
1551.3
1283.24
1339.46
1416.87
1400.44
1566.32
1459.78
1456.32
1645.51
1520.53
1291.14
1387.92
1503.04
1409.01
1522.28
1491.18
1483.06
1301.02
1419.34
1512.9
1434.39
1457.97
1512.35
1401.53
1515.09
1405.13
1618.14
1497.6
1514.3
1417.08
1435.14
1440.5
1528.43
1373.29
1448.86
1419.51
1366.07
1421.22
1471.03
1432.83
1416.6
1364.38
1441.96
1494.86
1598.82
1603.99
1459.55
1460.38
1381.74
1551.98
1327.26
1473.27
1392.76
1483.51
1351.75
1483.61
1453.2
1368.41
1507.9
1464.71
1377.88
1421.14
1461.27
1419.4
1415.79
1528.98
1560.02
1477.51
1395.76
1490.13
1559.73
1622.18
1350.6
1530.9
1490.49
1358.57
1514.48
1376.27
1418.55
1437.72
1499.46
1422.34
1499.95
1479.07
1598.03
1414.28
1332.77
1503.09
1446.04
1490
1399.82
1510.61
1406.65
1467.7
1354.48
1446.01
1515.21
1434.59
1501.6
1340.15
1419.87
1496.7
1345.02
1349.12
1436.37
1519.69
1413.46
1355.44
1369.48
1424.9
1511.88
1363.31
1412.08
1566.71
1438.21
1437.67
1456.42
1485.95
1546.5
1351.03
1551.23
1578.97
1521.88
1524.93
1331.21
1461.93
1473.09
1502.02
1394.8
1500.1
1497.89
1471.95
1471.78
1452.28
1464.24
1404.19
1498.26
1485.71
1327.96
1360.09
1369.36
1562.04
1372.32
1460.09
1466.88
1300.73
1492.02
1510.61
1471.6
1437.07
1541.35
1492.78
1396.63
1620.26
1324.65
1637.31
1463.72
1574.19
1506.7
1337.68
1318.03
1352.27
1469.12
1416.47
1452.46
1464.78
1430.79
1457.57
1649.82
1330.81
1380.67
1631.83
1399.08
1411.41
1442.56
1531.19
1490.15
1493.2
1555.36
1430.35
1487.48
1477.43
1459.17
1458.41
1370.9
1489.72
1454.61
1541.31
1569.12
1475.51
1381.6
1544.44
1579.31
1327.95
1531.99
1556.29
1419.96
1302.74
1473.12
1427.03
1535.1
1425.63
1328.69
1382.1
1436.49
1509.29
1458.86
1439.35
1602.25
1624.51
1438.15
1443.85
1469.93
1432.03
1358.09
1450.89
1515.5
1474.77
1354.44
1434.84
1409.2
1413.65
1425.37
1575.67
1436.34
1444.29
1446.63
1469.57
1447.41
1390.16
1497.01
1427.01
1526.81
1622.9
1213.84
1346.07
1584.57
1468.24
1450.13
1370.86
1490.94
1379.92
1549.13
1404.65
1431.15
1419.87
1520.96
1442.79
1376.78
1356.55
1700.03
1466.43
1516.39
1512.38
1503.34
1338.74
1471.16
1580.68
1429.1
1503.5
1379.21
1427.11
1476.4
1337.91
1350.46
1476.53
1574.16
1461.99
1444.73
1469.02
1537.09
1528.91
1522.25
1411.27
1356.84
1499.71
1433.11
1473.63
1363.58
1464.53
1512.3
1539.77
1460.04
1410.32
1382.64
1397.12
1469.81
1409.16
1509.11
1440.02
1493.55
1434.44
1428.05
1453.5
1579.14
1462.62
1555.63
1433.38
1311.39
1568.87
1356.52
1402.74
1430.55
1478.33
1551.6
1569.64
1512.26
1570.41
1394.21
1365.99
1235.65
1475.47
1390.65
1494.72
1444.99
1352.52
1480.22
1450.75
1498.5
1385.16
1547.18
1411.71
1468.41
1380.86
1420.35
1562.45
1466.36
1518.94
1407.91
1426.61
1568.02
1383.25
1468.98
1536.44
1311.15
1410.89
1365.71
1546.37
1507.98
1433.67
1456.85
1404.35
1440.03
1636.46
1520.21
1403.99
1424.18
1566.69
1482.08
1397.1
1602.21
1438.19
1467.1
1366.54
1445.58
1408.03
1338.42
1403.89
1428.58
1483.55
1530.44
1439.5
1476.46
1407.51
1511.15
1360.15
1418.72
1442.89
1566.99
1505.33
1526
1447.64
1425.12
1497.86
1457.82
1402.28
1267.07
1544.64
1384.62
1412.21
1339.65
1597.54
1541.99
1498.64
1316.11
1609.71
1388
1430.63
1537.09
1455.99
1554.4
1578.11
1479.22
1460.78
1484.16
1460.14
1442.08
1407.43
1561.33
1488.49
1491.31
1431.03
1427.02
1503.2
1401.05
1476
1471.01
1408.29
1325.68
1435.01
1367.91
1332.53
1280.4
1529.39
1361.56
1564.42
1435.17
1490.51
1399.39
1490.15
1531.03
1475.81
1358.05
1476.88
1374.26
1480.01
1396.73
1417.77
1412.29
1505.35
1396.02
1580.73
1388.59
1511.93
1440.19
1473.75
1478.1
1268.77
1497.68
1441.45
1426.44
1571.95
1457.79
1395.03
1361.31
1351.98
1456.44
1408.85
1480.72
1357.87
1496.77
1359.36
1442.19
1433.04
1463.88
1420.4
1319.71
1421.51
1437.79
1368.24
1442.61
1667.62
1644.96
1405.17
1425.76
1441.37
1534.34
1489.02
1411.87
1470.16
1612.11
1460.34
1385.84
1398.55
1425.15
1332.91
1482.18
1311.62
1274.18
1477.51
1454.83
1554.43
1425.28
1354.15
1510.55
1480.29
1415.96
1404
1404.72
1418.11
1386.5
1465.95
1411.94
1328.07
1425.99
1360.24
1508.04
1528.53
1392.85
1415.41
1365.12
1500.14
1333.7
1503.52
1475.36
1398.2
1457.11
1622.03
1446.66
1595.28
1419.36
1341.25
1379.43
1632.79
1523.22
1512.76
1468.23
1439.53
1407.82
1437.66
1418.56
1425.77
1343.6
1565.97
1594.99
1451.02
1347.51
1477.65
1515.24
1488.19
1484.32
1343.56
1346.26
1612.33
1490.29
1433.9
1494.73
1507.12
1486.61
1427.17
1313.94
1442.93
1530.33
1366.69
1408.48
1487.55
1504.42
1545.63
1503.45
1377.67
1481.76
1363.06
1453.27
1422.88
1470.81
1300.88
1579.75
1623.68
1399.9
1522.4
1594.5
1567.32
1429.88
1493.68
1440.23
1576.81
1490.4
1447.8
1529.58
1428.33
1471.3
1411.27
1528.88
1397.21
1398.13
1365.3
1556.5
1534.47
1674.16
1639.74
1484.86
1349.7
1516.99
1355.16
1394
1549.39
1248.38
1549.59
1320.41
1585.67
1372.52
1423.21
1300.07
1448.64
1531.79
1451.31
1364.46
1595.89
1312.32
1450.29
1471.14
1468.92
1457.3
1424.57
1604.41
1478.4
1365.89
1419.95
1457.95
1438.58
1517.62
1406.32
1609.98
1534.56
1480.8
1602.6
1436.36
1404.44
1448.85
1449.45
1509.7
1433
1496.56
1395.44
1507.13
1480.43
1429.29
1444.4
1541.61
1300.98
1438.44
1441.2
1551.88
1549.6
1544.84
1366.45
1494.12
1481.54
1356.43
1411.24
1400.58
1452.22
1596.32
1444.52
1427.85
1560.34
1576.85
1475.83
1457.23
1459.39
1422.1
1426.14
1371.89
1579.88
1326.89
1412.9
1322.32
1547.9
1380.14
1273.32
1499.32
1567.02
1336.28
1377.29
1501.31
1420.83
1549.96
1413.16
1505.47
1498.71
1471.9
1307.74
1427.77
1567.04
1512.63
1393.16
1357.06
1430.87
1561.76
1510.33
1386.65
1371.84
1226.36
1636.59
1381.86
1485.37
1537.34
1351.17
1581.76
1423.15
1442.2
1401.31
1424.23
1457.91
1382.38
1379.23
1504.57
1543.95
1417.55
1571.6
1551.48
1409.46
1396.14
1374.78
1491.24
1485.84
1489.3
1440.02
1398.91
1507.62
1396.8
1622.43
1415.84
1338.82
1432.46
1466.55
1442.7
1383.94
1474.17
1482.65
1430.1
1450.34
1388.2
1409.21
1362.13
1609.46
1353.62
1448.28
1562.05
1524.3
1540.65
1523.25
1340.59
1476.91
1464.07
1282.13
1567.27
1452.35
1513.06
1507.6
1477.45
1433.16
1458
1541.29
1430.83
1426.21
1364.18
1437.78
1379.94
1477.51
1579.22
1431.03
1530.54
1570.89
1547.69
1356.88
1496.27
1407.67
1336.46
1351.21
1563.09
1449.43
1611.16
1374.65
1414.09
1541
1450.01
1392.36
1485.71
1562.69
1385.51
1482.86
1414.32
1410.73
1416.83
1382.98
1426.72
1457.81
1503
1471.12
1476.42
1547.23
1412.64
1297.31
1527.57
1429.58
1479.71
1512.5
1611.85
1483.42
1518.57
1543.44
1351.01
1432.42
1311.11
1490.14
1432.45
1531.08
1537.73
1387.52
1561.93
1369.03
1463.09
1457.27
1538.3
1420.45
1493.82
1485.23
1480.53
1391.41
1455.24
1537.5
1441.68
1323.78
1460.18
1498.45
1504.65
1260.17
1526.27
1540.98
1460.66
1375.42
1674.56
1401.85
1497.95
1458.31
1473.51
1472.92
1422.41
1379.24
1409.23
1424.23
1486.89
1441.64
1513.49
1364.92
1503.41
1600.21
1374.72
1428.69
1391.31
1480.84
1461.19
1455.99
1353.93
1571.17
1409.22
1527.29
1507.17
1471.66
1598.41
1414.03
1468.47
1278.45
1396.8
1447.51
1427.47
1429.63
1509.83
1569.5
1482.56
1520.62
1574.37
1506.58
1498.32
1491.56
1372.36
1423.97
1533.84
1443.46
1365.56
1541.39
1514.61
1481.18
1354.38
1419.33
1528.91
1495.79
1477.46
1513.57
1445.46
1501.06
1451.59
1312.63
1455.9
1370.48
1467.01
1521.81
1501.16
1535.16
1464.13
1420.97
1520.01
1372.04
1441.57
1488.33
1509.81
1345.66
1568.43
1487.57
1484.17
1409.98
1368.8
1391.19
1428.54
1380.01
1389.16
1583.03
1574.43
1421.82
1386.03
1490.83
1491.1
1473.81
1339.82
1546.6
1449.82
1351.69
1430.04
1432.75
1495.99
1524.52
1390.05
1532.47
1363.27
1410.49
1530.48
1496.17
1583.71
1454.09
1461.11
1570.35
1396.18
1428.39
1547.37
1570.2
1506.02
1396.56
1423.13
1487.84
1315.58
1586.13
1414.9
1550.92
1445.47
1526.36
1527.97
1454.26
1431.57
1419.6
1498.76
1453.07
1328.6
1648.59
1314.38
1617.8
1394.92
1200.94
1449.4
1457.85
1438.49
1486.62
1416.68
1553.91
1407.5
1531.15
1419.35
1441.87
1411.48
1515.8
1500.12
1575.35
1484.35
1406.77
1412.15
1544.86
1438.3
1317.86
1479.16
1314.37
1507.89
1443.71
1417.55
1419.5
1466.1
1429.16
1486.89
1448.77
1465.52
1363.67
1381.6
1484.65
1510.08
1444.75
1645.04
1425.43
1461.53
1490.95
1262.97
1371.91
1457.6
1229.46
1277.93
1493.63
1386.92
1500.48
1378.69
1445.78
1523.89
1566.05
1421.89
1450.67
1360.68
1402.07
1391
1494.77
1524.41
1347.41
1320.67
1423.85
1599.07
1315.49
1490.32
1348.52
1575.28
1366.34
1291.96
1396.65
1514.09
1396.88
1421.84
1442.68
1530.94
1404.04
1532.8
1535.78
1450.95
1406.42
1596.85
1442.42
1486.61
1503.31
1339.22
1451.32
1663.65
1417.57
1375.99
1425.15
1391.29
1490.66
1324.28
1439.42
1522.1
1413.55
1526.22
1452.41
1415.47
1403.35
1404.54
1372.02
1459.31
1502.71
1532.17
1558.22
1468.31
1582.31
1505.45
1367.91
1422.62
1553.98
1528.24
1459.92
1446.45
1392.88
1449.52
1308.18
1492.84
1479.04
1387.57
1570.34
1448.78
1609.26
1430.89
1554.58
1499.78
1544.17
1396.24
1422.67
1633.15
1619.76
1336.12
1552.14
1464.46
1374.42
1524.03
1473.71
1582.22
1485.51
1618.79
1624.5
1484.54
1383.35
1410.57
1534.79
1526.58
1508.94
1331.41
1479.33
1422.16
1484.81
1381.85
1530.29
1547.56
1586.62
1436.44
1340.96
1446.55
1410.56
1486.44
1382.02
1566.02
1437.59
1558.9
1597.33
1372.98
1519.04
1451.12
1435.2
1436.95
1444.04
1451
1516.35
1474
1542.22
1417.67
1508.21
1389.65
1362.63
1536.41
1534.94
1493.14
1429.95
1417.73
1426.9
1448.55
1508.06
1553.04
1455.41
1427.84
1487.14
1514.55
1326.64
1591.69
1440.71
1569.51
1267.98
1450.18
1362.96
1319.89
1524.53
1528.51
1340.05
1521.6
1398.28
1570.47
1543.78
1497.45
1558.78
1475.64
1364.15
1529.08
1401.2
1464.56
1398.22
1340.89
1406.63
1306.51
1510.32
1511.34
1515.11
1399.54
1521.54
1362.69
1398.13
1485.41
1405.21
1394.55
1564.98
1402.68
1297.63
1404.65
1498.3
1255.26
1637.6
1399.62
1491.9
1460.25
1478.48
1440.04
1487.85
1379.49
1440.57
1357.02
1443.52
1379.5
1468.51
1376.37
1560.28
1528.12
1384.83
1400.01
1460.61
1370.56
1373.13
1471.28
1528.36
1418.88
1375.1
1422.96
1480.49
1433.08
1259.81
1455.87
1321.27
1289.1
1356.94
1436.94
1465.57
1403.43
1398.9
1414.36
1394.58
1558.87
1529.18
1431.29
1580.63
1511.23
1423.36
1384.46
1346.72
1424.34
1648.3
1492.42
1612.98
1582.44
1421.96
1405.46
1391.68
1254.64
1315.98
1526.24
1403.31
1543.34
1429.26
1453.42
1515.96
1434.46
1283.5
1501.91
1505.68
1428.45
1458.09
1345.39
1291.87
1429.21
1703.57
1341.36
1351.23
1419.22
1514.64
1425.08
1476.49
1469.04
1490.96
1377.73
1325.42
1468.31
1695.46
1486.79
1472.46
1431.15
1488.05
1411.34
1534.82
1403.98
1425.73
1310.41
1382.45
1429.7
1474.1
1377.75
1385.81
1423.67
1351.54
1475.41
1470.64
1443.82
1418.69
1539.73
1384.57
1459.32
1457.57
1587.34
1337.17
1361.27
1442.78
1553.29
1434.24
1665.32
1411.11
1380.03
1465.73
1320.83
1526.52
1443.9
1564.71
1418.33
1540.14
1549.87
1437.99
1712.29
1478.14
1431.89
1579.75
1413.71
1547.27
1357.18
1419.31
1413.94
1347.93
1388.9
1556.25
1395.8
1407.32
1397.65
1383.23
1663.52
1316.39
1356.05
1433.08
1455.91
1519.47
1402.95
1429.32
1436.85
1498.65
1497.73
1457.92
1409.08
1459.88
1496.17
1390.92
1466.06
1417.45
1402.49
1410.21
1506.39
1310.19
1501.44
1448.41
1447.62
1432.11
1515.52
1496.82
1559.2
1683.89
1415.57
1473.54
1472.45
1434.83
1444.82
1557.55
1464.2
1355.56
1387.11
1426.47
1363.45
1428.95
1456.4
1485.06
1346.06
1578.12
1493.52
1453.82
1380.4
1446.67
1452.28
1547.25
1416.55
1544.18
1335.46
1333.1
1533.78
1527.99
1354.78
1454.42
1383.21
1632.99
1659.25
1534.06
1511.65
1518.36
1483.22
1432.37
1443.69
1391.29
1618.72
1424.61
1254.25
1517.03
1325.39
1484.73
1510.5
1391.01
1411.88
1444.68
1445.97
1587.6
1402.74
1421.86
1461.17
1445.71
1352.12
1536.96
1496.24
1560.34
1392.91
1350.87
1512.66
1544.27
1384.88
1393.3
1478.62
1487.59
1492.26
1531.38
1555.92
1478.44
1381.02
1487.78
1403.4
1270.95
1427.8
1569.33
1739.17
1388.45
1451.97
1508.94
1440.92
1492.41
1283.43
1509.71
1478.82
1487.11
1494.52
1489.88
1397.5
1399.72
1568.5
1286.62
1522.9
1450.15
1240.45
1399.7
1496.5
1326.21
1481.84
1503.75
1530.99
1412.93
1504.05
1575.7
1441.37
1420.47
1443.29
1351.7
1336.58
1391.16
1401.59
1435.04
1435.33
1440.68
1380.54
1533.86
1470.47
1453.72
1582.74
1415.99
1434.09
1421.99
1408.43
1613.62
1361.69
1531.6
1378.53
1374.03
1481.24
1494.7
1395.77
1390.16
1558.08
1464.15
1420.67
1557.15
1412.33
1377.92
1464.74
1470.2
1669.44
1455.83
1491.19
1489.29
1462.62
1495.49
1447.17
1429.19
1468.05
1410.44
1564.39
1247.5
1586.88
1459.23
1302.06
1444.91
1554.88
1437.86
1489.35
1353.12
1504.48
1455.1
1616.96
1434.21
1484.04
1476.04
1467.35
1346.84
1512.54
1472.72
1425.16
1390.85
1455.03
1601.32
1423.12
1550.5
1522.22
1414.71
1424.29
1583.23
1517.76
1281.94
1399.05
1517.27
1448.24
1417.08
1483.59
1366.63
1398.91
1468.21
1618.76
1701.56
1276.74
1428.07
1407.49
1394.14
1560.8
1501.93
1570.91
1442.18
1299
1456.23
1471.53
1427.05
1582.63
1336.12
1474.22
1426.49
1398.91
1366.58
1556.14
1235.57
1319.45
1397.99
1403.14
1474.19
1488.81
1479.43
1369.19
1399.28
1305.06
1652.17
1485.12
1524.57
1522.85
1507.85
1420.53
1473.52
1452.02
1468.43
1579.81
1370.42
1453.81
1492.13
1436.55
1525.02
1537.1
1440.58
1500.03
1516.18
1487.2
1597.82
1452.44
1378.33
1441.55
1544.98
1447.68
1577.87
1582.49
1351.62
1533.97
1537.28
1402.95
1424.8
1492.71
1396.04
1478.98
1474.66
1469.69
1452.12
1388.09
1557.1
1482.61
1378.49
1354.31
1473.99
1501.22
1562.44
1412.88
1473.52
1458.98
1521.78
1404.78
1365.35
1481.3
1225.04
1413.69
1497.41
1454.53
1361.38
1471.85
1584.16
1401.38
1524.89
1544.93
1494.05
1494.56
1273.88
1579.43
1199.71
1367.67
1586.68
1476.05
1488.94
1562.31
1349.68
1396.07
1469.22
1532.02
1474.94
1445.61
1559.56
1463.54
1431.54
1533.43
1479.71
1568.13
1421.7
1495.28
1436.59
1492.08
1486.31
1524.25
1560.23
1606.7
1453.47
1404.57
1483.78
1506.57
1279.61
1391.86
1555.3
1519.69
1380.32
1603.68
1386.7
1454.6
1418.99
1474.57
1370.29
1411.31
1454.12
1502.44
1367.76
1582.01
1298.25
1469.09
1351.37
1492.92
1384.58
1454.39
1456.05
1399.4
1535.31
1495.87
1400.52
1574.81
1385.71
1366.94
1470.32
1489.12
1521.05
1369.61
1371.6
1348.96
1393.98
1371.24
1378.27
1574.77
1453.61
1454.2
1381.1
1456
1228.67
1481.31
1325.78
1549
1391.3
1424.72
1380.07
1511.54
1408.28
1579.22
1465.9
1471.65
1530.2
1451.67
1421.08
1473.66
1466.1
1525.33
1252.76
1321.25
1423.92
1481.93
1516.82
1449.33
1508.23
1380.82
1329.67
1433.83
1633.62
1410.5
1567.8
1330.53
1554.12
1613.36
1511.25
1425.83
1493.62
1534.51
1462.68
1446.54
1431.12
1552.06
1407.24
1435.81
1549.22
1450.99
1421.68
1565.96
1439.81
1376.81
1381.73
1406.86
1559.37
1492.4
1336.78
1528.3
1564.1
1531.76
1338.01
1422.5
1537.02
1519.1
1516.1
1477.11
1495.85
1276.59
1409.81
1426.59
1397.18
1536.6
1608.1
1467.31
1566.95
1411.91
1445.92
1445.61
1444.01
1476.37
1480.4
1451.24
1411.89
1295.84
1458.03
1353.56
1408.07
1482.94
1525.36
1400.87
1438.04
1422.63
1501.64
1450.63
1483.37
1461.57
1433.23
1556.09
1472.67
1449.49
1556.51
1584.17
1416.69
1466.69
1381.66
1570.39
1377.59
1473.28
1612.19
1419.86
1429.6
1396.21
1448.83
1407.28
1545.91
1276.96
1416.05
1463.92
1387
1490.52
1605.91
1442.89
1266.83
1494.07
1405.41
1515.98
1497.73
1558.26
1429.82
1365.58
1488.1
1442.45
1510.53
1418.55
1554.08
1538.13
1349.22
1408.52
1504.96
1482.04
1327.58
1424.87
1517.73
1379.51
1374.91
1521.92
1376.63
1515.35
1543.28
1605.18
1281.78
1334.89
1367.99
1374.25
1334.75
1452.77
1490.31
1525.84
1446.98
1510.37
1533.18
1475.86
1375.59
1410.45
1326.19
1362.93
1376.36
1574.28
1480.8
1362.81
1438.14
1446.58
1465.98
1314.3
1370.52
1489.91
1470.49
1424.56
1433.53
1442.81
1454.66
1483.96
1454.74
1583.5
1428.72
1524.32
1521.97
1511.96
1374.06
1371.43
1522.07
1476.66
1534.45
1468.16
1423.11
1525.75
1434.1
1518.99
1494.51
1348.25
1629.36
1330.18
1389.14
1489.31
1525.49
1493.07
1502.3
1542.72
1470.66
1583.62
1475.11
1530.89
1349.64
1357.68
1406.46
1424.83
1500.97
1526.84
1315
1345.99
1513.51
1476.11
1365.91
1451.09
1595.73
1484.9
1433.73
1484
1383.15
1524.6
1457.96
1379.17
1583.18
1466.42
1285.14
1411.13
1388.93
1422.87
1498.5
1527.56
1409.92
1587.19
1392.43
1541.7
1425.34
1379.66
1592.68
1427.68
1469.98
1428.97
1425.37
1514.47
1395.77
1477.9
1557.66
1390.7
1461.7
1447.14
1385.62
1532.3
1478.86
1495.15
1404.06
1489.88
1438.04
1542.74
1374.02
1537.26
1458.55
1340.17
1478.25
1528.15
1448.05
1441.05
1540.89
1365.71
1562.14
1471.11
1469.02
1348.87
1364.7
1484.46
1430.08
1511.45
1435.45
1466.62
1360.18
1358.64
1487.59
1455.94
1412.72
1444.22
1528.92
1410.43
1408.71
1497.32
1431.03
1371.75
1441.83
1519.85
1417.25
1531.58
1472.41
1420.91
1434.21
1434.59
1505.97
1378.1
1247.18
1431
1446.41
1477.15
1463
1516.77
1455.78
1421.41
1350.94
1648.53
1490.36
1262.39
1489.23
1542.6
1455.12
1547.14
1412.12
1445.29
1467.52
1404.91
1461.41
1537.51
1456.35
1428.18
1401.75
1466.44
1607.97
1339.47
1418.83
1470.91
1509.68
1466.95
1429.71
1298.86
1395.82
1495.54
1546.34
1401.31
1500.67
1569.78
1359.67
1340.52
1581.64
1420.84
1509.85
1449.86
1473.29
1438.29
1388.54
1503.21
1459.89
1535.62
1431.87
1520.96
1417.39
1419.66
1387.72
1412.32
1388.72
1583.01
1460.17
1411.65
1528.97
1428.65
1456.1
1486.96
1461.81
1452.88
1424.89
1466.43
1472.7
1437.02
1492.48
1480.06
1402.31
1496.62
1562.31
1359.41
1387.11
1462.54
1432.63
1564.86
1383.52
1554.2
1357.73
1434.99
1393.6
1499.85
1451.06
1554.84
1486.37
1569.48
1457.95
1495.99
1461.62
1391.54
1539.35
1338.67
1584.94
1474.02
1476.46
1422.32
1377.07
1434.86
1229.86
1412.08
1437.45
1370.45
1332.89
1484.39
1436.52
1500.14
1432.19
1343.26
1407.03
1416.04
1477.68
1398.67
1506.33
1463
1479.32
1593.96
1381.87
1448.93
1456.18
1558.7
1430.22
1453.49
1546.6
1408.69
1392.05
1506.63
1614.55
1454.26
1413.75
1424.85
1490.66
1441.08
1498.42
1391.62
1515.24
1510.97
1451.23
1405.72
1522.09
1394.37
1451.73
1436.21
1555.47
1344.14
1380.54
1388.54
1495.6
1547.7
1475.24
1380.14
1631.31
1466.63
1553.29
1348.28
1376.76
1268.84
1363.04
1563.36
1573.82
1479.02
1442.84
1570.53
1452.4
1437.85
1545.96
1520
1619.98
1452.15
1448.1
1310.8
1585.46
1588.3
1413.24
1533.28
1474.21
1585.98
1423.45
1483.79
1537.77
1423.19
1416.36
1350.88
1367.8
1486.24
1428.89
1548.58
1399.53
1525.4
1689.07
1574.55
1568.97
1473.09
1385.63
1464.1
1514.34
1356.79
1340.07
1421.87
1482.03
1545.53
1449.41
1412.04
1509.61
1500.43
1406.72
1529.57
1281.61
1417.34
1455.94
1372.59
1383.78
1479.87
1535.11
1317.68
1489.45
1423.87
1541.38
1518.36
1532.84
1466.73
1425.95
1426.22
1541.99
1562.31
1450.65
1381.94
1546.79
1509.27
1424.41
1410.19
1412.81
1530.28
1625.86
1438.74
1498.02
1390.46
1526.42
1419.76
1455.29
1470.07
1507.23
1191.11
1576.88
1443.2
1467.51
1541.61
1354.74
1338.82
1398.36
1504.12
1625.66
1528.56
1490.32
1314.5
1332.17
1516.58
1364.41
1564.6
1440.29
1527.07
1372.33
1480.88
1371.16
1392.81
1480.89
1408.35
1305.77
1518.03
1342.12
1588.26
1559.21
1536.12
1510.03
1444.83
1395.58
1427
1419.18
1412.06
1351.38
1314.55
1413.62
1486.49
1401.07
1380.89
1361.46
1547.14
1528.72
1417.14
1468.74
1434.79
1289.35
1572.14
1493
1409.12
1427.17
1375.37
1364.39
1454
1404.38
1433.9
1456.63
1381.88
1490.03
1506.56
1332.81
1325.66
1423.17
1402.3
1426.43
1444.61
1535.8
1477.41
1375.42
1368.38
1436.81
1432.07
1446.15
1565.57
1393.79
1599.36
1518.97
1593.94
1514.9
1409.82
1482.4
1366.64
1451.93
1400.79
1546.06
1418.59
1410
1337.64
1399.01
1501.93
1514.86
1402.3
1527.62
1435.9
1363.72
1641.06
1409.61
1414.74
1416.47
1440.21
1377.62
1523.02
1404.9
1395.79
1552.52
1326.54
1563.56
1376.41
1552.48
1567.66
1534.8
1522.28
1512.3
1460
1395.23
1433.57
1371.95
1552.71
1483.78
1487.55
1392.24
1526.45
1406.08
1366.91
1403.53
1473.05
1396.08
1484.3
1396.74
1502.83
1507.15
1410.19
1405.4
1405.41
1417.38
1516.45
1539.41
1598.3
1549.26
1563.94
1382.21
1530.81
1403.19
1375.46
1479.69
1520.91
1502.47
1458.3
1504.56
1529.98
1422.58
1442.97
1472.98
1414.59
1530.53
1518.29
1409.87
1482.8
1642.74
1362.96
1454.35
1233.95
1373.41
1340.27
1373.15
1470.54
1452.03
1474.81
1438.42
1557.06
1448.48
1445.56
1564.38
1386.63
1519.82
1420.97
1741.75
1447.18
1473.85
1351.05
1407.21
1474.06
1305.37
1545.51
1658.61
1474.9
1366.31
1523.13
1496.68
1477.5
1422.62
1430.47
1513.01
1385.15
1413.91
1545.39
1498.53
1599.2
1387.73
1423.8
1395.07
1573.27
1352.96
1473.36
1614.64
1384.92
1463.75
1353.47
1464.16
1549.71
1568.06
1451.65
1494.62
1349.53
1562.28
1345.9
1347.43
1401.1
1439.7
1525.64
1371.89
1503.81
1433.57
1573.66
1524.58
1458.42
1387.57
1454.3
1440.86
1322.55
1516.16
1322.97
1506.97
1408.42
1426.93
1461.05
1319.78
1489.55
1418.04
1564.19
1416.03
1537.95
1583.12
1370.84
1452.89
1445.2
1443.01
1403.61
1496.42
1410.45
1504.43
1419.36
1355.59
1412.94
1558.57
1439.3
1609.76
1430.85
1431.22
1386.25
1548.44
1574.92
1505.53
1406.47
1365.41
1340.57
1510.02
1528.04
1333.32
1432.47
1488.47
1444.66
1461.75
1588.87
1516.03
1375.12
1417.51
1416
1522.29
1496.65
1538.01
1533
1508.45
1564.15
1470.32
1570.58
1437.75
1408.63
1463.69
1509.42
1495.33
1500.76
1438.31
1377.63
1442.77
1317.36
1486.36
1483.86
1480.44
1579.08
1449.15
1328.91
1446.68
1518.54
1429.45
1409.3
1462.81
1489.41
1482.9
1356.49
1494.77
1271.62
1435.78
1556.82
1343.13
1491.78
1569.72
1443.98
1422.51
1405.98
1473.8
1435.18
1264.59
1394.61
1604.35
1500.63
1465.31
1395.4
1581.53
1454.22
1559.34
1263.97
1261.43
1467.5
1586.74
1426.36
1562.31
1479.6
1450.53
1325.31
1534.69
1396.01
1372.48
1541.47
1467.3
1402.98
1371.95
1451.8
1297.09
1448.02
1632.29
1553.06
1417.83
1474.13
1680.55
1333.04
1470.31
1425.41
1454.83
1322.58
1437.75
1373.73
1351.69
1401.67
1486.32
1472.62
1370.51
1550.53
1453.92
1426.75
1514.21
1427.12
1415.6
1473.95
1514.12
1383.97
1598.15
1528.34
1624.21
1552.53
1471.07
1420.92
1510.05
1533.07
1414.82
1404.37
1401.23
1409.12
1432.75
1372.76
1513.28
1537.63
1491.96
1557.63
1444.36
1336.56
1483.55
1366.35
1479.55
1406.34
1597.71
1372.83
1433.22
1499.29
1479.07
1360.3
1508.22
1450.82
1497.85
1366.35
1577.24
1446.92
1419.82
1445.01
1474.25
1368.24
1378.23
1461.77
1468.46
1547.16
1350.73
1439.01
1556.29
1550.01
1391.86
1359.57
1445.94
1459.49
1453.01
1386.89
1547.88
1410.69
1526.6
1405.44
1474.06
1438.14
1444.84
1306.52
1370.32
1448.53
1386.18
1377.75
1524.07
1430.23
1473.31
1434.56
1477.86
1495.88
1390.74
1435.52
1429.93
1473.35
1478.75
1380.97
1505.63
1517.11
1489.65
1297.55
1237.15
1455.53
1402.66
1493.18
1334.7
1512.9
1463.42
1507.07
1468.22
1459.28
1471.18
1524.33
1530.84
1494.63
1499.69
1490.35
1380.74
1466.65
1464.9
1464.41
1457.07
1500.5
1270.89
1420.87
1494.94
1422.02
1556.28
1581.29
1476.21
1538.17
1451.54
1445.68
1298.77
1466.99
1379.81
1570.2
1583.11
1434.7
1412.79
1304.58
1489.64
1393.59
1553.25
1512.45
1610.15
1634.99
1329.58
1430.73
1445.56
1363.87
1515.81
1361.16
1454.4
1443.27
1471.98
1464.86
1577.38
1362.78
1436.53
1377.06
1474.69
1452.05
1611.09
1570.66
1435.73
1383.97
1449.95
1475.29
1540.5
1515.61
1528.45
1503.9
1314.51
1477.35
1410.49
1515.53
1402.67
1545.96
1491.78
1356.74
1494.84
1394.92
1435.75
1405.96
1380.86
1391.97
1574.7
1448.58
1381.2
1679.82
1394.62
1412.77
1547.26
1475.09
1475.79
1464.64
1431.85
1404.15
1453.34
1439.19
1451.67
1439.24
1375.91
1293.06
1467.31
1513.7
1561.33
1408.67
1456.51
1437.45
1399.16
1562.97
1371.99
1527.27
1566.9
1365.6
1523.34
1457.23
1449.48
1348.01
1342.6
1382.85
1398.9
1532.92
1321.25
1497.32
1515.73
1508.03
1467.4
1499.29
1477.34
1411.03
1510.74
1496.48
1454.26
1379.24
1474.3
1321.54
1448.03
1473.11
1578.57
1405.4
1317.13
1472.13
1270.36
1480.42
1485.78
1335.31
1399.17
1498.73
1495.52
1482.16
1529.36
1396.86
1544.32
1374.74
1460.77
1438.22
1337.09
1398.19
1432.73
1466.32
1516.27
1258.7
1554.66
1513.74
1494.94
1352.35
1535.03
1529.51
1383.79
1389.37
1309.16
1511.18
1386.95
1292.91
1593.95
1479.81
1351.72
1439.89
1519.31
1629
1429.17
1457.03
1428.41
1623.4
1499.63
1558.32
1306.39
1462.41
1545.4
1572.3
1632.1
1451.72
1379.95
1532.34
1485.3
1440.28
1341.31
1560.37
1684.53
1517.21
1542.05
1431.17
1486.74
1523.98
1402.75
1465.58
1541.67
1605.07
1412.98
1359.37
1459.4
1426.88
1468.49
1584.97
1299.65
1488.3
1459.93
1507.36
1381.72
1567.43
1481.03
1539.05
1452.74
1520.57
1331.53
1353.55
1484.39
1309.95
1355.83
1368.66
1508.8
1354.69
1381.26
1456.82
1481.76
1406.93
1601.17
1440.03
1440.44
1443.47
1526.81
1376.16
1360.91
1300.15
1404.86
1401.08
1455.5
1514.87
1627.1
1508.34
1273.75
1515.69
1350.68
1429.67
1539.23
1483.97
1331.45
1424.85
1505.13
1397.21
1574.98
1512.49
1505.45
1337.26
1418.63
1379.34
1414.97
1358.85
1396.6
1347.26
1438.31
1528.76
1396.45
1455.87
1398.57
1469.69
1520.44
1398.08
1497.21
1464.15
1464.74
1557.53
1559.84
1372.15
1583.91
1459.6
1440.66
1526.43
1531.26
1508
1423.95
1339.69
1566.1
1482.74
1458.31
1339.34
1379.07
1354.9
1553.52
1444.88
1508.79
1517.56
1481.08
1380.46
1420.16
1481.95
1499.35
1449.03
1513.58
1369.82
1400.89
1421.3
1335.74
1343.91
1557.16
1547.85
1396.52
1483.61
1227.98
1540.83
1384.52
1369.84
1565.78
1378.58
1582.15
1628.41
1423.14
1455.21
1359.05
1366.41
1472.7
1442.24
1370.43
1434.94
1378.59
1449.92
1364.85
1385.25
1515.51
1353.4
1398.03
1443.69
1574.12
1285.99
1556.15
1494.53
1451.02
1419.95
1423.2
1599.5
1618.21
1506.35
1500.53
1419.84
1395.07
1360.83
1443.17
1549.84
1344.12
1429.36
1509.37
1401.24
1440.1
1387.14
1422.9
1600.35
1549.64
1358.74
1499.23
1513.74
1547.41
1416.3
1575.29
1500.83
1452.25
1429.85
1504.86
1496.2
1434.82
1324.78
1365.33
1511.24
1339.8
1522.41
1457.87
1423.79
1538.43
1442.55
1309.04
1383.22
1380
1494.14
1405.59
1443.2
1615.27
1401.8
1387.78
1360.36
1496.74
1447.21
1437.41
1435.88
1400.06
1440.55
1393.31
1446.89
1533.29
1496.57
1519.17
1395.76
1399.31
1553.73
1590.76
1388.87
1486.38
1461.92
1457.27
1434.92
1534.29
1400.16
1505.69
1550.29
1377.65
1468.61
1297.92
1489.57
1381.21
1534.22
1394.96
1599.36
1439.21
1492.19
1437.52
1516.55
1564.91
1516.39
1447.22
1573.67
1359.39
1474.75
1377.01
1437.09
1531.7
1348.64
1441.7
1566.74
1433.61
1627.37
1485.98
1481.91
1447.06
1455.13
1489.97
1402.49
1487.7
1333.19
1556.31
1356.53
1413.79
1452.09
1361.75
1440.05
1380.32
1385.58
1456.69
1372.65
1404.69
1459.93
1594.51
1449.77
1270.3
1501.1
1421.67
1430.56
1482.7
1423.94
1599.33
1519.76
1476.78
1500.76
1428.04
1509.46
1617.68
1406.38
1388.66
1383.28
1460.16
1522.1
1302.44
1424.02
1441.12
1428.49
1517.71
1391.53
1553.51
1468.78
1431.68
1553.5
1639.11
1493.03
1458.23
1505.7
1509.12
1321.09
1442.16
1460.42
1395.4
1632.49
1435.35
1458.75
1392.08
1339.44
1592.79
1490.62
1462.3
1465.66
1427.21
1417.57
1431.95
1601.82
1423.49
1424.58
1465.84
1513.14
1645.4
1376.28
1292.24
1454.6
1296.27
1477.9
1314.95
1525.89
1413.65
1497.25
1441.47
1464.45
1472.58
1508.7
1446.8
1439.86
1469.42
1443.52
1458.41
1356.96
1411.89
1308.45
1583.97
1400.34
1531.41
1560.74
1290.79
1562.14
1476.13
1444.03
1463.29
1493.7
1338.85
1500.03
1492.59
1657.32
1399.03
1604.46
1469.51
1427.28
1477.42
1328.78
1430.36
1418.85
1448.21
1518.6
1532.95
1391.05
1479.71
1633.36
1433.78
1446.51
1455.48
1454.14
1457.92
1601.41
1493.14
1526.48
1487.48
1440.05
1455.9
1497.17
1555.5
1555.32
1474.85
1507.27
1377.3
1466.78
1455.93
1390.68
1501.41
1420.88
1401.27
1493.9
1351.35
1508.72
1560.29
1348.57
1516.32
1438.67
1750.68
1278.61
1402.62
1505.79
1489.13
1428.06
1432.13
1518.92
1454.95
1543.62
1366.17
1412.65
1587.22
1377.43
1402.44
1524.84
1451.25
1415.83
1418.29
1372.62
1504.88
1518.62
1497.92
1482.96
1573.83
1378.25
1520.91
1371.07
1468.14
1488.68
1383.3
1565.66
1343.09
1335.28
1442.79
1471.28
1439
1456.3
1473.2
1454.82
1427.98
1424.07
1474.47
1506.14
1544.1
1453.55
1394.22
1537.5
1344.38
1434.1
1376.01
1472.57
1618.71
1338.56
1497.73
1375.38
1478.71
1513.38
1338.14
1473.1
1508.8
1452.45
1521.39
1433.98
1298.56
1475.82
1548.72
1227.46
1495.86
1467.63
1682.75
1607.95
1382.22
1408.14
1404.45
1468.73
1504.55
1489.72
1575.52
1409.09
1395.02
1470.15
1430.38
1491.13
1558.66
1411.68
1601.07
1457.56
1412.85
1451.43
1477.57
1304.75
1484.88
1467.34
1345.96
1418.73
1399.22
1582.71
1528.26
1410.21
1359.6
1461.67
1514.39
1456.75
1446.79
1520.02
1483.78
1459.05
1471.84
1484.16
1531.99
1432.67
1411
1478.34
1463.86
1296.46
1482.49
1447.68
1509.31
1343.55
1581.51
1463.49
1462.58
1344.63
1502.6
1676.6
1495.19
1478.9
1483.47
1496.26
1512.12
1273.37
1421.93
1484.54
1528.52
1522.03
1460.38
1449.21
1368.01
1332.85
1398.56
1374.33
1366.11
1513.52
1340.69
1443.98
1398.64
1556.3
1721.24
1544.44
1266.99
1397.08
1362.62
1533.37
1389.56
1418.25
1492.64
1396.3
1481.95
1517.83
1496.11
1523.3
1527.02
1557.86
1481.4
1429.69
1377.35
1527.71
1527.16
1520.23
1459.64
1469.01
1524.7
1483.61
1468.9
1468.72
1358.83
1560.11
1574.64
1412.54
1346.42
1446.85
1574.28
1354.5
1489.19
1507.99
1337.55
1433.76
1451.04
1481.45
1395.37
1531.2
1381.54
1347.86
1434.99
1382.08
1441.16
1421.28
1486.76
1318.93
1345.92
1364.26
1483.83
1439.79
1583.39
1671.87
1554.07
1608.78
1299.02
1524.09
1413
1426.19
1511.77
1375.51
1344.94
1587.33
1465.05
1429.59
1447.74
1512.59
1532.02
1440.65
1485.39
1345.33
1319.49
1391.89
1484.81
1439.87
1362.37
1526.72
1520.41
1404.27
1434.58
1410.15
1481.98
1386.71
1513.74
1374.08
1333.57
1457.93
1433.48
1489.73
1335.72
1431.84
1519.53
1453.04
1413.87
1382.37
1533.07
1429.96
1537.39
1653.75
1532.25
1511.77
1494.91
1584.4
1413.52
1498.14
1466.07
1437.57
1547.51
1343.23
1419.12
1419.14
1437.49
1497.32
1410.92
1490.09
1372.85
1463.78
1501.62
1377.91
1440.27
1447.83
1313.38
1508.88
1421.07
1484.19
1393.71
1424.16
1372.92
1652.5
1500.59
1328.97
1531.07
1556.35
1276.99
1290.07
1535.16
1347.37
1275.2
1500.98
1436.29
1446.28
1384.35
1374.47
1314.24
1597.73
1608.32
1674.13
1518.51
1346.8
1379.21
1360.26
1492.78
1456.03
1468.4
1534.43
1549.75
1246.64
1471.75
1569.75
1499.57
1476.21
1600.23
1574.28
1477.69
1329.81
1438.89
1586.71
1354.18
1417.42
1409.75
1592.59
1346.87
1417.77
1424.26
1303.48
1449.53
1505.81
1416.07
1428.63
1393.42
1515.48
1491.25
1393.43
1548.96
1406.77
1407.88
1358.15
1462.25
1373.91
1507.57
1491.44
1448.53
1446.63
1440.54
1478.16
1479.62
1593.81
1395.37
1540.83
1571.88
1354.21
1496.42
1335.9
1314.08
1491.7
1422.71
1391.23
1562.92
1514.97
1432.94
1356.16
1481.08
1401.3
1497.43
1318.15
1474.6
1530.97
1441.01
1475.44
1384.42
1474.56
1582.3
1276.65
1544.2
1561.37
1509.49
1348.53
1473.89
1465.79
1555.92
1427.05
1403.27
1413.37
1546.06
1610.02
1548.8
1383.42
1447.95
1472.71
1491.21
1325.53
1490.75
1476.22
1386.07
1525.21
1461.32
1595.49
1453
1460.04
1367.16
1472.08
1373.73
1456.29
1405.4
1536.76
1423.63
1492.04
1525.09
1539.43
1478.19
1521.81
1517.57
1491.38
1292.54
1432.28
1487.55
1366.01
1360.48
1444.25
1496.94
1424.53
1464.11
1565.61
1450.12
1520.4
1411.17
1452.81
1495.78
1476.53
1422.74
1510.6
1497.93
1429.43
1357.51
1535.07
1465.71
1512.56
1430.78
1339.74
1501.87
1465.73
1448.57
1509.39
1405.72
1440.96
1512.58
1414.34
1428.73
1589.65
1398.9
1407.33
1292.34
1467.8
1506.29
1462.08
1561.91
1396
1285.51
1529.12
1583.18
1372.8
1544.97
1497.14
1572.54
1387.6
1347.46
1365.73
1393.25
1454.95
1508.51
1321.95
1484.44
1453.29
1481.95
1509.99
1570.98
1515.65
1513.01
1506.67
1532.27
1504.82
1505.32
1409.52
1374.07
1412.51
1384.07
1615.35
1362.58
1545.04
1583.17
1412.84
1520.44
1459.24
1609.11
1519.91
1320.39
1465.05
1472.54
1402.68
1518.85
1301.36
1493.55
1434.06
1422.74
1492.53
1405.02
1570.48
1504.4
1503.45
1481.18
1407.59
1489.14
1366.9
1390.64
1381
1535.27
1419.59
1405.36
1441.07
1467.65
1401.54
1355.82
1447.59
1357.13
1501.89
1386.7
1467.15
1470.29
1552.98
1534.06
1370.55
1462.57
1418.6
1491.8
1316.56
1532.93
1395.82
1419.67
1409.54
1425.25
1440.96
1423.59
1487.1
1510.46
1346.7
1383.83
1368.95
1493.79
1390.96
1489.91
1448.79
1354.75
1484.22
1468.53
1284.56
1323.53
1634.32
1441.82
1494.7
1497.76
1513.14
1600.57
1492.68
1456.96
1415.91
1622.85
1506.08
1323.49
1499.77
1540.73
1521.99
1485.5
1445.19
1411.67
1509.69
1453.68
1455.83
1485.6
1445.12
1416.1
1530.18
1518.36
1520.98
1363.85
1550.95
1432.47
1357.15
1559.5
1349.21
1503
1531.82
1507.34
1537.54
1329.43
1541.4
1357.28
1417.72
1384.34
1349.57
1425.19
1427.89
1469.98
1494.16
1375.82
1388.96
1429.63
1516.78
1296.92
1369.15
1499.16
1521.4
1502.24
1266.2
1544.98
1427.15
1514.3
1512.21
1295.51
1426.04
1375.13
1433.19
1671.27
1462.92
1428.74
1455.7
1459.83
1531.55
1369.06
1494.44
1210.52
1366.78
1432.82
1508.18
1499.13
1486.5
1475.88
1547.74
1428.22
1421.99
1444
1435.47
1625.56
1338.61
1485.49
1440.81
1403.44
1546.36
1398.29
1295.25
1389.81
1500.41
1315.23
1517.88
1447.23
1489.34
1562.77
1293.3
1517.31
1338.23
1520.24
1448.13
1460.82
1455.6
1436.6
1412.83
1428.44
1374.23
1486.64
1517.93
1324.31
1512.93
1428.02
1444.46
1340.33
1562.38
1558.69
1504.62
1508.54
1473.07
1457.77
1471.48
1538.29
1463.29
1485.85
1592.3
1366.39
1274.24
1451.34
1520.43
1290.56
1591.99
1484.51
1336.83
1514.6
1380.22
1551.68
1410.32
1697.89
1466.33
1354.97
1576.91
1508.07
1428.15
1416.73
1480.45
1463.42
1493.69
1380.87
1380.03
1387.16
1417.89
1442.73
1464.96
1398.27
1497.37
1466.41
1381.62
1449.37
1391.04
1500.2
1445.37
1417.17
1527.1
1363.4
1358.85
1388.55
1354.52
1308.8
1407.49
1489.64
1434.94
1528.3
1404.12
1474.66
1463.97
1394.42
1501.02
1487.18
1435.46
1315.5
1503.95
1439.76
1510.15
1422.05
1491.88
1420.61
1472.64
1465.86
1381.27
1415.41
1350.11
1405
1449.51
1390.18
1509.04
1567.42
1645.78
1512.43
1463.16
1469.16
1454.66
1292.76
1509.12
1426.04
1530.63
1518.37
1374.08
1528.33
1458.71
1453.64
1444.01
1337.23
1389.6
1546.11
1495.88
1321.93
1582.31
1519.62
1501.89
1465.79
1411.3
1546.98
1492.59
1435.11
1510.56
1404.11
1584.19
1436.05
1429.24
1426.24
1414.08
1476.45
1532.51
1388.98
1379.57
1387.98
1411.94
1388.23
1406.41
1527.08
1558.39
1413.16
1490.13
1400.54
1629.78
1422.73
1455.06
1362.11
1535.84
1445.89
1522.38
1477.55
1482.93
1402.24
1494.78
1357.34
1479.13
1593.43
1406.4
1446.41
1398.68
1473.89
1480.92
1275.86
1342.81
1567.88
1360.79
1603.96
1364.15
1368.46
1432.45
1424.03
1610.89
1483.21
1405.12
1458.63
1367.66
1565.32
1450.67
1439.21
1390.37
1421.1
1517.46
1399.52
1399.12
1435.94
1432.25
1521.24
1284.78
1376.33
1416.41
1519.74
1369.83
1452.35
1482.09
1528.27
1406.4
1334.73
1501.97
1481.8
1394.94
1490.31
1520.24
1269.81
1408.43
1462.66
1463.95
1425.98
1454.9
1330.81
1443.12
1395.23
1505.83
1566.81
1360.08
1557.23
1471.76
1586.12
1545.75
1440.68
1318.64
1516.51
1428.89
1600.51
1294.48
1332.54
1541.48
1487.3
1585.28
1344.55
1460.75
1334.94
1496.91
1269
1471.29
1466.46
1444.42
1573.71
1450.77
1450.77
1423.36
1426.64
1428.7
1560.81
1429.94
1333.69
1536.04
1497.29
1462.48
1424.99
1429.05
1512.89
1498.75
1441.55
1497.76
1575.04
1480.4
1655.92
1473.43
1535.63
1489.52
1468.07
1440.13
1283.3
1360.34
1385.51
1512.03
1411.63
1378.26
1548.97
1353.83
1286.23
1505.34
1398.35
1430.74
1503.08
1568.08
1484.58
1389.94
1432.09
1437.3
1560.67
1538.55
1608.7
1338.38
1490.41
1447.43
1352.35
1447.49
1482.15
1529.47
1481.47
1483.08
1543.65
1437.04
1416.32
1352.68
1583.52
1503.54
1403.84
1454.23
1375.41
1476.25
1613.5
1535.26
1513.04
1589.22
1483.84
1493.97
1540.19
1209.29
1505.21
1427.65
1513.7
1529.9
1397.7
1467.31
1348.06
1273.3
1410.45
1355.31
1439.36
1431.16
1390.48
1449.12
1339.61
1359.27
1515.04
1600.3
1466.14
1479.84
1438.15
1456.3
1504.23
1473.34
1475.97
1452.1
1384.3
1437.63
1574.16
1441.26
1435.22
1476.09
1437.06
1468.91
1470.42
1359.5
1419.83
1345.32
1380.8
1405.34
1372.16
1469.4
1475.28
1422.45
1391.06
1575.96
1465.82
1323.42
1530.26
1408.57
1509.92
1394.37
1429.13
1446.7
1418.06
1536.95
1581.54
1463.71
1436.73
1355.97
1485.46
1301.37
1465.87
1494.84
1532.25
1353.67
1509.32
1433.11
1407.27
1456.54
1318.75
1253.99
1446.57
1319.6
1512.6
1369.89
1343.24
1409.49
1496.31
1435.7
1414.4
1590.94
1443.77
1495.58
1432.28
1509.64
1331.1
1362.5
1271.62
1421.89
1437.25
1276.03
1385.37
1354.89
1464.62
1392.12
1606.64
1303.22
1495.75
1432.03
1363.26
1512.97
1465.97
1478.9
1468.83
1493.87
1486.37
1437.01
1350.97
1432.09
1433.86
1308.46
1594.04
1302.42
1452.98
1368.46
1501.44
1467.02
1499.97
1532.64
1451.87
1499.77
1510.87
1452.84
1400.34
1477.5
1419.88
1466.62
1466.08
1415.29
1393.1
1500.8
1567.91
1358.71
1459.6
1423.24
1365.29
1320.86
1495.92
1608.69
1421.46
1594.31
1399.74
1474.22
1397.42
1426.93
1440.78
1544.87
1358.12
1505.95
1455.68
1442.78
1503.94
1323.05
1426.31
1459.48
1520.23
1436.05
1455.17
1404.41
1410.59
1445.59
1460.39
1375.34
1441.52
1451.51
1451.39
1396.89
1448.67
1425.92
1520.02
1346.66
1488.46
1547.04
1432.72
1249.81
1433.12
1439.33
1414.18
1350.8
1507.76
1469.07
1361.77
1456.48
1274.36
1445.56
1550.53
1675.12
1445.55
1570.85
1542.49
1438.92
1419.7
1425.03
1377.54
1523.62
1426.99
1533.66
1446.17
1466.92
1578.52
1556.42
1469.72
1297.38
1375.07
1490.3
1486.08
1376.58
1562.23
1395.64
1460.03
1497.47
1465.4
1548.96
1531.32
1594.11
1511.3
1471.09
1522.51
1341.2
1555.34
1437.84
1596.23
1467.48
1491.94
1394.54
1347.25
1544.85
1503.26
1377.06
1502.35
1418.15
1437.28
1342.28
1607.97
1369.81
1357.11
1314.36
1424.05
1560.29
1357.49
1598.35
1281.3
1373.16
1511.74
1359.06
1481.66
1381.79
1449.36
1535.48
1393.61
1404.33
1299.78
1358.95
1387.46
1382.88
1427.16
1424.32
1426.18
1361.53
1348.66
1466.85
1559.41
1412.46
1347
1487.82
1487.95
1504.58
1470.66
1404.57
1498.71
1603.23
1558.2
1436.69
1546.8
1432.19
1262.66
1436.35
1458.42
1445.87
1514.1
1468.91
1437.63
1439.72
1538.48
1530.76
1448.89
1485.54
1570.91
1337.73
1448.74
1376.34
1431.29
1528.5
1343.79
1494.58
1426.79
1460.55
1479.24
1455.11
1415.21
1558.47
1430.85
1447.43
1482.18
1424.9
1534.62
1487.72
1454.01
1404.4
1346.85
1453.21
1440.02
1580.66
1546.79
1332.31
1443.06
1383.35
1547.35
1378.93
1388.29
1263.23
1584.67
1460.52
1351.11
1387.11
1442.08
1595.76
1495.68
1533.78
1482.76
1438.98
1407.76
1365.1
1427.58
1603.65
1440.9
1480.61
1372.65
1550.41
1498.59
1439.25
1461.19
1300.44
1460.09
1482.81
1437.72
1364.44
1417.49
1444.2
1530.48
1402.37
1467.12
1412.78
1449.95
1475.55
1448.84
1566.92
1581.52
1579.6
1392.17
1521.52
1244.89
1518.08
1389.76
1399.67
1482.09
1448.11
1460.85
1432.59
1414.02
1463.73
1607.62
1455.7
1469.65
1313.6
1440.67
1440.09
1416.78
1417.28
1402.32
1603.37
1427.43
1475.23
1572.86
1301
1550.27
1407.76
1496.02
1403.69
1456.87
1464.98
1497.69
1584.21
1438.91
1285.02
1552.11
1535.74
1402.26
1640.94
1421.85
1533.15
1559.77
1536.48
1582.32
1474.74
1501.63
1566.89
1516.7
1620.1
1305.21
1613.95
1577.68
1466.38
1494.28
1465.44
1451.13
1469.64
1387
1457.14
1591.3
1331.38
1476.07
1547.03
1522.96
1381.24
1306.89
1399.77
1399.42
1344.6
1298.61
1291.25
1494.74
1469.05
1391.38
1431.4
1382.88
1402.34
1516.52
1474.97
1453.1
1483.02
1450.38
1538.27
1371.76
1397.63
1505.26
1457.5
1427.55
1565.32
1476.32
1500.76
1459.11
1656.84
1367.76
1451.39
1445.99
1474.11
1453.04
1412.18
1486.78
1523.92
1598.12
1440.77
1375.91
1563.71
1384.03
1518.83
1410.01
1373.92
1464.37
1400.08
1329.38
1324.81
1508.27
1496.42
1481.06
1465.16
1485.66
1557.14
1450.74
1600.28
1434.05
1495.92
1358.69
1569.63
1427.13
1429.54
1469.73
1419.64
1434.22
1424.25
1348.85
1515.47
1505.03
1345.06
1453.84
1410.83
1464.62
1452.11
1430.66
1481.84
1403.44
1468
1588.04
1474.94
1472.36
1420.54
1428.58
1354.45
1554.68
1471.59
1393.38
1407.35
1485.06
1351.13
1353.23
1526.09
1431.25
1550.23
1501.45
1546.07
1427.64
1417.89
1399.86
1451.06
1613.25
1343.17
1331.51
1454.5
1450.98
1412.52
1500.45
1417.77
1439.57
1357.99
1532.07
1519.05
1448.69
1561.74
1388.14
1586.48
1559.96
1390.19
1337.44
1555.81
1444.87
1341.96
1444.84
1491.56
1458.25
1446.79
1464.8
1459.13
1373.47
1540.07
1430.17
1548.88
1313.16
1384.6
1441.91
1487.72
1455.69
1381.09
1595.96
1372.46
1354.5
1500.79
1425.43
1586.27
1438.53
1340.31
1454.73
1454.77
1434.23
1557.96
1391.8
1440.29
1404.92
1575.18
1381.67
1538.19
1529.11
1440.32
1344.99
1387.55
1540.45
1506.56
1330.44
1469.03
1502.73
1321.37
1447.29
1528.17
1350.43
1429.74
1459.25
1498.08
1362.5
1475.5
1520.31
1564.82
1481.44
1603.02
1317.72
1613.26
1519.24
1487.65
1288.98
1612.77
1395.8
1458.52
1437.83
1373.94
1523.89
1290.37
1440.92
1456.68
1607.65
1446.1
1472.55
1480.46
1521.46
1531.44
1337.46
1529.53
1506.68
1385.86
1550.7
1425.66
1313.28
1246.4
1528.05
1530.11
1374.75
1669.68
1476.68
1544.86
1462.71
1417.55
1554.58
1442.54
1557.54
1447.85
1447.95
1502.5
1457.9
1461.71
1422.46
1502.71
1508.03
1409.9
1339.75
1278.82
1658.4
1382.27
1395.72
1341.95
1456.01
1327.97
1556.86
1502.97
1453.42
1471.46
1535.4
1534.85
1548.01
1385.28
1312.61
1328.65
1439.4
1537.5
1357.78
1479.93
1458.02
1430.71
1532.52
1496.87
1326.52
1320.43
1456.55
1402.22
1572.72
1460.21
1318.92
1447.28
1422.6
1381.25
1515.73
1444.99
1471.88
1364.41
1448.56
1537.78
1550.25
1531.41
1306.43
1443.07
1608.04
1466.56
1384.53
1415.69
1457.44
1495.25
1468.02
1501.81
1385.25
1377.75
1376.42
1389.59
1451.51
1458.79
1479.78
1533.4
1466.61
1427.28
1448.1
1286.46
1495.16
1475.09
1494.12
1458.23
1478.02
1500.36
1429.54
1617.43
1504.32
1444.53
1300.68
1462.6
1490.3
1331.91
1590.18
1501.24
1419.6
1322.6
1512.76
1581.19
1455.64
1434.18
1415.58
1313.41
1305.2
1444.25
1377.2
1286.23
1361.75
1357.16
1429.18
1483.51
1541.93
1520.37
1462.01
1492.6
1568
1378.32
1445.15
1435.65
1443.74
1518.46
1455.35
1367.15
1380.23
1476.35
1479.78
1373.42
1406.99
1514.41
1435.02
1479.92
1515.32
1410.1
1440.23
1439.98
1373.54
1247.96
1379.27
1421.35
1402.59
1345.05
1407.64
1460.36
1298.87
1527.2
1499.7
1418.95
1418.66
1539.95
1444.66
1483.58
1493.68
1538.23
1412.64
1342.95
1401.36
1400.9
1488.69
1504.1
1358.84
1410.06
1454.12
1437.25
1362.37
1331.76
1402.3
1432.41
1460.43
1466.96
1431.66
1432.23
1389.39
1409.25
1479.39
1573.01
1475.67
1371.21
1224.28
1380.87
1546.07
1354.56
1318.67
1306.83
1511.26
1460.56
1478.86
1472.67
1474.73
1406.15
1393.39
1554.53
1370.41
1412.62
1252.61
1490.55
1425.87
1507.27
1438.62
1455.5
1590.31
1503.39
1482.4
1312.53
1410.45
1498.82
1483.62
1508.61
1466.96
1556.89
1407.6
1438.72
1494.76
1368.65
1503.36
1437.25
1502.93
1368.75
1419.53
1482.37
1705.38
1428.95
1461.22
1224.6
1466.94
1401.77
1444.51
1335.98
1505.19
1480.37
1395.37
1529.56
1435.3
1472.25
1392.39
1481.38
1501.31
1369.9
1522.84
1346.89
1309.41
1519.17
1493.63
1400.03
1446.67
1453.57
1336.37
1500.14
1455.35
1398.52
1502.44
1490.03
1382.04
1576.5
1642.89
1411.62
1432.27
1309.26
1340.24
1640.43
1499.07
1305.27
1475.49
1339.16
1441.39
1301.76
1406.98
1474.61
1450.08
1521.63
1438.69
1369.66
1320.85
1340.76
1454.75
1473.56
1505.66
1493.54
1662.92
1346.22
1447.63
1493.99
1504.7
1545.77
1447.27
1418.29
1603.97
1348.13
1386.73
1380.15
1372.09
1366.53
1457.1
1416.81
1389.46
1572.76
1361.34
1449.41
1451.29
1504.98
1590.1
1554.04
1525.06
1420.84
1409.18
1463.91
1399.49
1471.35
1486.19
1504.69
1471.68
1312.01
1412.9
1445.31
1439.99
1411.06
1465.51
1456.18
1507.58
1538.65
1453.35
1454.41
1472.32
1398.63
1487.31
1450.47
1366.6
1379.85
1505.34
1510.68
1341.67
1333.68
1352.46
1474.89
1466.66
1568.58
1357.58
1400.72
1347.62
1667.6
1423.65
1411.29
1472.72
1448.79
1321.86
1360.06
1431.74
1354.73
1457.22
1617.94
1458.33
1413.25
1589.4
1351.09
1438.05
1484.17
1478.29
1509.91
1500.31
1319.36
1456.21
1371.61
1506.41
1398.58
1512.17
1423.83
1408.15
1257.14
1421.87
1457.26
1301.86
1496.7
1433.24
1650.87
1438.33
1519.7
1518.31
1596.45
1331.92
1473.13
1401.94
1397.83
1506.21
1474.3
1376.64
1469.44
1601.2
1331.23
1425.36
1497.57
1483.52
1368.94
1391.2
1590.4
1482.95
1362.94
1520.65
1371.52
1428.21
1462.76
1345
1381.56
1520.21
1509.23
1351.02
1481.74
1400.32
1369.52
1531.76
1426.6
1444.97
1496.18
1483.18
1547.71
1400.36
1441.48
1504.7
1403.61
1416.06
1536.91
1342.97
1457.15
1391.56
1511.58
1337.84
1408.7
1520.11
1528.98
1531.61
1482.78
1448.94
1506.94
1574.27
1486.54
1397.67
1615.46
1322.3
1356.81
1420.54
1471.2
1405.6
1413.94
1453.53
1369.36
1462.88
1400.64
1406.39
1590.09
1475.5
1558.67
1515.48
1350.28
1392.59
1486.21
1388.62
1462.37
1427.02
1438.03
1450.78
1378.85
1487.8
1440.53
1421.67
1425.38
1490.05
1515.86
1408.6
1494.93
1471.83
1539.24
1413.99
1394.17
1400.93
1387.33
1363.06
1515.33
1452.83
1528.48
1494.61
1420.75
1401.62
1467.31
1403.98
1539.92
1397.26
1355.7
1332.26
1489.11
1439.59
1382.74
1365.01
1491.6
1550.76
1428.1
1407.98
1534.45
1462.69
1405.85
1535.56
1351.5
1390.2
1401.16
1432.18
1442.97
1446.71
1381.05
1546.19
1376.82
1500.49
1459.16
1562.68
1505.38
1426.07
1502.22
1448.66
1519.53
1364.3
1469.38
1507.35
1488.63
1464.83
1371.98
1421.46
1561.27
1420.96
1372.6
1284.36
1580.96
1374.18
1507.95
1299.59
1344.45
1392.56
1349.09
1346.18
1537
1542.55
1473.05
1419.63
1487.34
1451.01
1460.93
1394.55
1346.7
1518.49
1458.45
1330.62
1471.59
1570.41
1434.64
1411.24
1316.38
1428.88
1388.75
1591.54
1445.72
1422.73
1451.99
1375.12
1325.1
1512.52
1457.4
1447.24
1386.57
1350.66
1666.23
1652.7
1388.01
1544.97
1550.38
1330.07
1379.48
1472.46
1486.62
1608.82
1395.34
1449.55
1442.29
1343.37
1372.82
1530.13
1415.91
1448.05
1520.59
1540.99
1473.37
1331.39
1394.99
1350.74
1332.23
1308.55
1422.54
1447.7
1589.36
1523.75
1440.55
1451.26
1583.72
1489.82
1315.25
1567.8
1392.54
1329.87
1559.8
1463.03
1362.74
1401.35
1436.64
1378.85
1457.23
1575.37
1470.73
1627.82
1315.78
1488.34
1321.55
1332.11
1412.97
1557.5
1365.47
1422.01
1318.75
1439.29
1449.6
1264.39
1522.38
1340.71
1533.89
1651.44
1434.24
1406.03
1577.55
1333.22
1470.29
1650.91
1388.82
1528.85
1445.08
1295.74
1451.64
1409
1478.87
1389.53
1468.49
1602.11
1365.46
1386.27
1468.4
1484.38
1387.58
1429.04
1502.55
1425.9
1399.46
1369.48
1504.32
1436.98
1567.6
1382.03
1525.98
1431.52
1342.29
1357.1
1556.59
1470.3
1494.13
1502.91
1505.82
1519.4
1305
1421.04
1442.15
1381.51
1551.95
1442.53
1430.06
1400.05
1391.15
1545.45
1424.19
1502.76
1455.21
1478.15
1413.03
1370.12
1359.96
1449.02
1393.33
1607.97
1469.33
1579.2
1512.04
1346.42
1484.22
1312.56
1440.49
1489.74
1353.94
1496.13
1413.59
1550.55
1332.62
1493.81
1435.76
1504.05
1436.57
1504.4
1434.97
1501.05
1506.5
