205.186
292.276
153.537
217.025
262.307
205.397
257.011
241.924
254.374
217.091
174.537
201.206
208.2
226.476
276.803
221.79
219.962
155.189
235.342
234.974
198.08
228.206
265.357
195.873
241.616
174.351
217.625
209.446
230.101
220.717
233.469
222.814
213.402
244.495
209.517
157.881
182.354
236.296
241.763
226.794
237.898
232.509
228.366
249.741
217.968
203.997
204.736
189.86
215.15
222.523
250.246
209.001
212.975
223.156
184.801
200.607
198.492
236.69
200.45
229.405
247.416
257.353
252.753
197.79
260.235
253.746
273.312
202.374
228.569
208.984
170.138
217.653
213.677
224.568
193.704
201.039
213.844
227.664
204.455
232.775
199.556
241.207
192.111
178.753
231.024
239.387
208.096
204.636
206.947
259.73
246.408
160.307
204.361
184.36
199.369
253.878
242.828
258.808
249.992
221.765
201.17
232.263
260.23
208.969
196.76
256.958
205.721
239.855
208.315
214.595
191.979
222.195
192.203
248.676
223.749
210.753
232.904
221.204
240.796
204.381
229.087
228.299
222.415
212.389
205.42
246.484
253.056
227.311
203.279
206.403
199.987
193.509
219.791
228.034
199.048
210.678
276.714
234.338
204.466
236.133
227.613
235.397
219.353
182.18
237.987
205.899
202.355
229.995
264.248
188.616
248.144
223.932
201.22
222.345
205.436
232.351
250.271
231.964
241.123
213.604
188.044
196.144
214.166
198.515
236.472
230.238
219.884
213.977
248.05
267.787
272.67
195.869
170.818
190.058
222.415
184.382
253.227
235.487
202.001
205.983
211.429
230.437
211.339
206.454
221.215
220.537
195.564
209.49
189.081
229.136
225.857
227.827
183.708
230.126
193.903
247.589
222.045
193.354
244.17
226.362
227.067
249.143
216.974
231.047
228.055
246.104
231.614
212.472
245.517
209.104
235.817
204.451
217.891
184.914
223.485
206.864
192.391
199.963
239.391
219.479
200.696
196.507
187.727
192.866
232.642
204.87
215.471
236.864
211.543
253.692
220.297
233.193
257.789
218.255
286.737
255.485
179.029
239.631
201.573
216.494
222.316
200.306
245.721
254.061
233.306
237.551
263.44
210.677
200.398
244.02
178.93
237.206
230.659
247.21
238.271
212.757
257.399
164.942
213.863
252.828
236.507
207.702
191.467
213.313
206.277
218.855
240.931
269.635
220.804
231.437
225.374
246.712
265.645
230.34
242.545
230.956
244.827
197.396
191.914
274.615
287.186
248.749
222.205
190.194
210.23
252.695
237.646
182.582
245.83
208.624
231.958
266.887
245.576
253.578
233.372
198.893
198.903
199.307
191.561
235.247
189.672
237.778
233.379
178.223
224.094
223.421
233.171
229.603
237.369
234.885
235.329
212.286
220.265
203.842
231.379
243.547
190.494
206.947
201.368
240.348
237.2
197.563
290.54
241.406
152.815
206.333
212.795
208.889
254.512
239.336
233.171
171.719
203.416
265.666
211.535
213.807
242.178
216.435
198.899
199.526
241.541
227.606
256.121
228.596
187.646
223.519
231.78
177.046
218.373
210.314
298.04
227.298
262.055
208.204
194.504
225.141
250.043
172.472
225.17
194.677
216.621
190.552
192.125
204.315
231.181
216.489
234.024
183.654
223.756
197.542
236.31
202.597
240.617
223.67
246.136
216.989
182.893
242.224
229.258
242.789
202.738
232.503
183.154
199.721
200.926
201.242
234.187
156.906
215.898
214.75
184.619
190.456
205.677
181.149
215.997
215.729
195.835
207.115
188.279
217.609
165.261
251.332
208.547
202.329
277.12
221.478
215.284
199.367
243.393
221.708
208.256
204.24
222.804
237.553
219.545
250.185
215.923
203.228
227.356
185.652
206.901
227.568
237.257
216.117
223.21
226.653
193.731
204.404
209.888
147.847
212.518
238.762
237.337
234.195
215.125
255.098
259.32
205.558
188.248
208.994
220.08
273.117
243.201
221.853
211.087
201.804
156.227
210.189
203.48
214.324
201.061
213.431
238.047
199.64
193.384
196.136
180.267
171.396
177.659
181.277
181.545
193.928
237.897
233.567
263.606
199.678
241.269
200.948
231.712
219.985
224.53
221.093
276.893
205.426
210.735
204.543
222.875
241.475
191.04
182.032
192.58
198.046
236.799
242.889
228.37
228.761
200.895
199.074
189.207
196.524
234.398
225.44
195.352
225.85
286.767
213.329
221.06
195.525
181.602
174.1
283.707
211.486
221.035
223.491
220.023
225.225
206.017
260.466
163.901
230.003
229.633
218.084
188.78
224.517
229.814
238.553
215.929
218.39
197.478
215.5
210.312
283.257
210.202
229.419
244.505
231.999
245.267
203.453
210.757
203.59
197.797
192.198
259.611
190.86
202.893
191.723
206.007
239.912
217.094
224.361
205.307
208.086
190.353
232.532
210.075
180.436
239.506
220.294
155.605
206.7
257.157
195.462
256.288
196.439
257.267
183.776
279.249
186.034
252.962
205.114
231.84
239.265
213.431
202.607
230.957
279.979
203.51
245.595
206.576
210.241
211.426
257.15
187.646
285.044
264.333
290.726
232.029
197.546
192.248
249.755
230.311
203.328
198.86
244.952
211.51
248.939
218.195
248.642
226.977
236.055
182.402
235.397
212.598
190.096
269.501
195.071
229.58
202.408
235.529
223.505
155.198
245.542
241.795
209.361
213.442
242.691
259.568
225.35
217.16
207.619
199.401
212.565
189.735
232.73
211.299
236.255
183.57
230.159
194.379
210.536
231.189
220.849
229.257
208.816
223.543
213.962
256.476
252.136
245.746
250.013
214.824
196.594
221.574
169.653
228.025
220.901
244.571
246.075
229.54
192.824
222.996
203.139
189.082
216.966
184.097
283.648
215.417
211.369
208.748
213.481
281.895
232.627
222.724
196.311
247.835
250.864
207.221
250.952
202.189
210.41
253.231
221.049
260.12
190.726
207.213
190.19
277.104
213.548
237.815
251.846
239.425
193.819
200.135
200.084
203.258
289.651
196.151
170.255
247.394
187.028
220.851
237.375
255.553
197.812
214.695
197.81
222.198
249.525
271.538
201.031
249.389
249.675
256.194
236.633
239.585
214.198
209.065
191.549
221.536
248.331
232.624
170.262
215.586
243.597
179.965
238.187
228.645
196.089
181.122
241.521
196.811
224.394
256.345
239.175
212.417
193.503
192.372
211.256
198.252
197.346
265.549
262.712
235.502
196.305
211.243
218.614
268.608
222.832
233.01
250.393
265.381
190.085
210.125
266.848
225.495
203.927
182.102
137.097
211.853
226.092
242.874
204.534
222.563
253.079
252.549
208.168
252.649
223.9
245.171
190.862
239.078
260.368
228.764
241.014
257.45
222.176
219.877
193.592
188.083
224.649
225.686
251.739
167.781
279.013
205.019
207.939
226.693
219.795
210.266
217.384
226.392
258.766
243.154
199.054
191.922
243.717
228.929
223.094
230.71
213.603
234.912
206.102
188.38
214.187
177.021
207.893
179.549
233.901
234.284
237.772
231.185
226.098
189.206
193.692
209.268
181.842
263.472
258.668
196.317
225.802
206.674
215.133
230.957
228.919
188.807
244.406
213.637
212.108
222.128
206.242
242.559
215.358
217.522
219.684
234.433
280.827
222.894
225.972
185.237
249.745
184.009
168.969
196.357
193.007
226.121
216.181
188.115
196.233
201.106
222.964
181.387
228.177
228.983
254.82
235.635
239.05
212.673
244.126
231.802
216.154
201.972
242.113
236.261
191.283
187.602
239.95
224.37
214.237
240.448
176.807
217.66
260.089
257.453
260.868
176.46
232.281
172.075
209.422
204.043
231.491
265.476
235.739
230.251
249.158
221.316
240.774
291.237
259.967
208.211
229.463
217.414
174.121
239.759
199.502
187.023
190.443
227.807
194.646
227.806
261.487
233.906
224.893
198.712
190.406
213.765
221.9
222.435
245.691
221.973
166.319
275.925
183.551
199.844
169.513
223.363
228.993
185.182
234.662
219.729
219.704
272.582
214.389
217.43
187.093
226.052
228.472
226.387
221.999
246.894
207.486
160.501
239.783
168.718
194.022
225.446
272.69
220.697
238.794
232.778
156.882
220.726
238.858
218.97
201.456
176.106
217.528
219.503
215.303
187.442
225.858
209.553
230.299
207.959
229.964
211.093
314.202
229.973
181.722
249.96
223.756
211.454
180.537
216.172
199.275
245.281
227.834
183.935
204.799
230.797
189.08
223.904
237.418
165.312
223.856
240.864
191.154
210.59
203.491
200.908
243.403
267.277
158.574
208.204
215.971
231.431
205.332
238.79
234.828
215.123
243.758
196.433
270.122
267.619
259.537
240.763
242.601
195.338
211.699
201.828
241.213
239.272
237.923
186.633
197.54
269.507
189.302
185.997
169.277
230.186
254.521
216.387
205.177
252.494
216.059
200.301
241.058
278.716
220.302
259.587
242.634
226.989
192.728
221.275
206.914
246.31
215.768
259.726
233.28
206.993
232.939
196.645
267.831
232.369
190.614
210.984
210.383
216.15
218.725
213.725
199.257
215.644
244.794
176.467
251.879
198.397
244.579
166.2
201.987
221.538
249.171
248.217
233.917
212.056
246.677
211.57
230.747
244.477
205.985
212.307
216.613
186.323
207.556
210.001
215.2
192.578
168.349
268.114
229.51
203.256
191.901
243.192
198.27
186.852
204.204
248.656
216.594
218.311
240.728
227.407
219.078
229.496
238.314
257.666
214.531
205.305
242.616
244.978
172.169
205.288
254.986
206.606
210.791
215.264
188.77
243.171
190.329
234.358
185.834
220.893
203.141
215.647
208.852
186.866
227.991
249.349
205.687
212.627
243.424
231.66
256.587
235.453
242.41
285.259
218.536
224.848
238.154
182.251
240.8
241.874
193.919
188.618
187.885
159.266
253.894
221.449
202.387
199.271
194.688
234.928
193.883
188.968
210.832
212.205
200.97
262.187
236.573
241.431
232.976
199.693
238.15
192.834
256.192
281.233
237.921
241.231
209.046
226.825
227.791
177.313
230.893
243.665
260.666
227.487
211.875
224.434
210.876
253.457
281.713
207.787
273.707
232.293
270.313
197.974
209.87
267.519
223.659
227.478
205.606
210.08
233.257
248.965
189.529
203.054
274.671
224.461
271.326
231.362
236.559
206.36
222.912
195.561
231.124
226.527
228.686
219.85
258.362
207.7
202.332
260.871
219.559
248.228
227.052
239.742
214.435
183.259
227.265
188.523
158.732
233.202
233.664
251.571
209.292
180.39
193.309
225.101
266.733
227.19
203.215
226.675
200.508
227.483
229.261
223.948
193.104
230.843
192.534
202.112
214.949
234.485
220.408
203.032
194.984
224.468
272.512
225.437
228.982
195.948
183.801
233.74
198.716
267.35
202.462
169.388
215.698
238.501
252.763
233.244
244.043
200.077
229.364
234.453
220.699
253.697
220.716
228.022
249.467
232.567
173.594
230.378
248.895
237.523
286.098
223.18
220.983
200.08
219.482
190.839
216.245
216.278
227.839
193.377
234.191
221.788
193.464
202.675
211.206
246.081
197.095
177.974
210.645
181.801
178.215
229.058
216.326
211.076
230.867
240.654
202.637
216.026
250.738
244.519
266.2
240.593
199.831
251.607
207.003
256.787
213.224
230.491
213.72
234.345
223.125
229.361
209.039
256.417
174.323
240.008
244.474
272.105
251.939
233.055
233.822
209.117
218.807
209.722
211.086
211.894
243.553
219.089
204.72
217.915
193.597
202.395
238.559
198.022
232.116
208.241
220.757
193.146
195.539
264.152
221.293
172.952
213.614
276.38
248.547
190.374
223.672
219.57
188.953
240.577
222.732
251.443
219.371
253.178
232.331
234.198
217.246
257.821
242.884
217
274.832
239.936
208.22
236.994
219.142
234.261
192.365
219.881
265.521
230.032
205.291
225.566
224.442
203.33
224.918
194.811
215.314
216.034
173.612
194.645
241.738
180.854
223.212
189.435
253.514
204.424
265.147
194.461
218.31
227.608
205.984
254.731
235.53
250.418
225.956
281.969
240.389
247.315
211.109
227.052
212.498
189.893
242.893
222.64
180.055
231.987
163.041
176.105
239.972
230.615
166.757
227.855
193.219
241.854
241.194
231.925
197.481
206.563
194.021
218.49
199.408
232.645
220.135
225.793
211.403
200.14
192.239
210.591
245.47
274.211
185.593
230.396
178.071
242.46
224.448
215.545
182.937
257.884
215.402
201.163
250.659
207.366
192.994
221.594
252.414
234.867
229.902
221.81
173.103
234.032
231.068
187.522
210.345
233.423
220.607
213.431
197.374
210.924
214.951
187.476
251.923
233.996
168.537
218.496
235.109
190.434
224.927
183.675
223.513
252.03
232.187
227.841
177.657
198.025
257.596
266.194
195.559
223.583
181.177
318.416
268.205
225.334
230.27
210.945
225.656
239.302
238.026
193.765
210.33
221.722
214.811
232.523
191.521
224.903
202.65
236.158
281.416
217.615
208.186
256.129
264.745
240.608
194.988
234.008
213.22
233.298
268.809
215.666
231.479
204.524
214.343
251.691
247.482
219.62
219.637
203.467
216.992
216.971
251.586
212.622
200.448
236.83
206.923
225.944
216.431
254.762
186.183
253.362
203.722
232.205
200.031
205.032
197.992
212.427
206.339
188.359
202.49
237.332
190.123
211.298
195.847
191.658
211.572
223.455
240.744
301.385
221.337
195.83
268.167
202.038
228.277
229.682
182.008
245.063
218.73
186.213
253.569
223.579
192.005
183.515
226.853
209.216
200.955
205.678
158.976
232.136
204.972
246.722
209.021
227.801
217.731
209.728
217.07
218.498
215.98
208.269
236.714
220.278
240.32
285.004
208.82
231.803
213.059
244.13
210.401
205.265
197.335
263.375
249.464
235.489
192.411
245.852
239.595
224.311
280.694
210.719
216.333
273.503
223.783
229.977
256.5
231.742
211.937
182.703
214.567
230.313
219.607
233.473
241.195
254.18
245.619
180.631
250.362
202.68
205.892
194.625
212.373
262.758
243.147
227.417
227.945
249.166
198.254
223.433
222.669
210.149
222.953
199.8
244.273
264.937
216.125
197.733
234.179
210.677
219.822
212.887
249.804
170.531
237.427
204.124
223.096
215.846
213.449
187.225
238.92
230.453
194.779
220.172
212.962
246.199
234.592
242.777
204.096
243.265
228.955
211.739
185.61
220.209
227.131
246.25
166.732
179.759
252.23
191.158
203.935
184.787
211.279
210.759
242.226
231.191
219.576
180.545
230.656
230.41
199.766
217.388
191.346
213.107
252.479
199.417
230.292
241.384
288.131
256.2
249.156
223.131
215.608
213.523
197.158
223.187
243.991
178.468
197.448
219.897
205.976
221.192
230.781
234.234
206.591
235.525
255.482
258.407
149.125
242.316
234.435
186.834
227.694
259.44
246.678
198.395
213.482
158.635
269.649
259.032
241.203
242.68
272.102
182.186
252.589
217.673
213.58
213.023
188.053
257.008
221.188
257.619
251.458
227.416
243.928
212.17
187.705
188.989
202.116
191.83
224.703
241.528
202.569
192.455
197.274
251.185
216.357
216.91
218.822
205.871
278.98
197.925
226.386
229.795
267.849
192.213
192.542
218.454
232.305
227.271
234.35
156.371
239.474
212.716
242.275
168.841
182.686
225.368
215.124
191.357
237.522
258.983
270.878
239.37
181.285
185.871
233.716
202.768
216.804
237.242
188.502
209.242
244.309
230.405
207.11
226.467
234.658
203.476
208.839
255.189
201.802
244.324
252.203
238.314
205.312
226.511
279.422
207.626
293.059
216.118
220.742
223.043
221.488
231.336
243.253
214.479
195.946
244.061
171.36
199.744
259.527
219.742
185.119
273.354
202.971
156.356
204.341
225.849
264.364
241.124
196.012
246.407
227.204
227.277
248.141
194.862
292.655
243.326
236.632
213.901
227.813
193.22
193.037
184.276
247.178
222.397
228.443
193.257
231.969
218.267
213.8
174.869
212.785
216.163
181.735
179.605
202.216
221.66
213.354
213.884
257.306
202.832
181.27
226.959
205.511
226.87
187.987
207.456
184.106
192.51
275.519
243.81
218.033
211.376
229.078
234.03
231.124
169.843
247.903
208.56
246.608
217.324
212.989
217.613
195.628
262.597
205.475
251.776
214.635
199.047
202.893
218.109
255.018
193.791
219.084
239.733
225.908
220.371
239.323
237.89
202.723
212.112
219.131
212.962
217.63
262.112
235.602
224.971
195.679
204.233
255.476
245.7
208.471
220.244
232.787
210.188
185.389
171.859
227.909
253.471
220.363
164.637
252.213
279.743
237.692
237.623
187.35
235.273
197.58
220.45
201.821
200.407
203.39
195.409
220.673
205.67
219.675
211.703
271.382
214.621
244.839
195.523
180.507
212.484
191.56
216.161
235.456
214.527
239.001
252.293
190.505
197.001
248.661
177.892
198.487
243.48
220.551
223.447
195.827
258.262
226.962
180.457
249.648
206.647
189.989
262.476
221.168
225.446
210.194
230.76
210.492
200.161
221.442
213.69
230.904
216.353
235.421
168.092
209.975
234.779
240.281
260.627
212.176
172.359
220.482
229.316
208.893
241.613
197.241
237.931
200.146
216.411
224.764
237.528
199.77
227.074
219.56
271.246
224.265
255.229
186.472
190.794
225.962
227.684
233.401
210.178
240.463
238.511
244.159
187.947
207.293
228.86
174.736
240.008
235.66
156.261
172.599
238.185
209.05
218.78
238.109
251.007
227.784
222.013
205.457
231.888
214.231
184.756
227.15
204.797
226.342
219.589
221.071
229.533
213.407
227.111
188.164
181.989
242.063
205.662
339.002
249.598
243.589
278.722
234.056
197.879
242.93
212.055
217.535
230.1
151.172
222.877
237.528
271.121
267.834
239.896
192.561
252.296
236.428
205.99
190.878
274.709
249.874
237.1
208.426
215.467
214.943
216.734
239.092
227.284
174.452
193.74
231.898
193.222
212.69
195.809
208.232
220.19
233.702
177.384
272.779
215.191
227.025
233.602
217.897
213.887
254.415
243.976
222.974
244.554
228.048
224.4
167.776
188.697
166.963
256.026
246.76
252.427
255.56
214.772
252.44
194.553
195.814
216.575
260.557
200.95
235.774
228.743
175.165
239.761
237.383
219.961
218.428
237.069
216.471
200.972
209.423
251.028
236.908
213.17
181.711
196.589
260.581
214.176
246.139
272.604
217.684
221.437
235.965
197.415
225.448
219.836
204.957
259.466
218.293
264.669
228.331
183.279
177.809
230.387
178.823
227.348
208.473
212.114
260.813
222.474
209.607
251.232
224.058
249.858
209.836
240.976
199.867
210.298
198.115
214.907
190.169
196.419
220.341
201.357
178.274
217.382
249.055
210.685
212.973
235.952
257.589
229.64
196.755
249.96
211.762
228.184
236.39
188.807
260.39
287.682
174.837
197.94
231.461
199.283
271.317
293.877
265.612
190.049
213.705
229.183
224.031
213.425
203.856
214.542
189.773
237.84
204.512
204.787
177.982
185.38
219.079
247.067
245.133
263.674
247.576
193.326
225.144
184.455
246.791
198.782
224.738
157.421
266.417
262.136
182.14
185.186
235.342
243.921
231.24
232.713
225.345
190.019
252.258
263.342
216.323
239.62
266.827
246.729
219.661
194.878
187.597
242.902
231.367
255.737
198.249
221.557
215.661
202.78
241.847
178.557
223.557
180.257
191.583
220.259
162.529
170.304
191.278
247.933
226.208
210.61
178.973
216.306
196.572
243.444
178.61
254.811
292.025
267.325
203.596
211.42
240.918
207.486
224.686
207.089
225.461
192.939
233.444
204.331
237.674
215.659
262.986
213.44
194.292
269.553
198.396
182.515
235.493
226.396
245.169
189.59
196.005
231.574
194.048
184.966
236.104
221.643
223.947
264.789
244.607
183.403
211.133
230.368
207.824
204.862
197.368
240.416
200.641
235.742
226.246
242.481
200.767
196.71
208.222
179.541
183.865
229.211
221.59
194.489
258.488
175.72
230.226
223.822
203.226
231.874
221.807
241.399
220.411
231.12
239.813
269.432
199.497
246.554
232.115
242.375
226.644
237.012
200.607
218.136
256.152
218.253
200.251
265.181
200.178
180.826
204.854
234.333
244.844
217.452
194.696
233.554
204.907
213.644
205.373
257.353
217.33
213.276
238.658
212.826
202.023
192.207
202.919
246.083
207.601
198.585
187.641
233.05
242.785
252.236
224.705
266.414
192.398
238.243
249.174
269.058
201.213
213.217
188.415
188.825
218.311
233.378
262.531
190.503
209.194
217.478
203.922
244.363
276.962
198.968
250.7
269.22
228.871
235.6
207.217
242.011
202.793
214.311
215.276
180.601
220.742
234.795
205.285
236.383
186.877
187.06
208.597
232.87
210.572
220.701
229.196
210.782
218.97
232.375
216.389
228.334
236.735
219.851
240.602
262.85
259.916
209.621
242.752
198.935
167.335
255.112
206.527
242.691
199.205
194.635
242.042
227.409
228.973
221.098
213.369
212.133
196.433
235.595
229.935
230.436
175.771
215
212.358
239.578
218.66
183.103
264.832
219.444
269.867
275.893
240.123
244.966
227.435
230.58
205.138
174.011
233.958
241.404
245.444
271.135
240.591
231.83
174.438
253.466
235.556
213.309
228.461
233.395
217.692
239.222
222.074
188.796
217.347
225.227
216.352
267.716
238.132
206.487
236.83
203.569
191.271
222.703
235.01
254.47
206.878
226.472
216.265
262.368
205.895
188.954
205.636
226.86
206.869
233.442
206.719
293.767
207.584
203.976
231.235
238.71
207.584
230.747
180.027
226.928
295.449
193.673
230.537
272.935
202.099
234.408
200.054
219.534
263.862
243.737
204.744
225.624
253.459
216.174
204.885
216.431
216.835
275.532
221.898
223.538
214.378
216.569
229.313
240.073
285.253
214.856
211.082
227.565
260.352
238.433
239.353
264.018
252.796
237.595
211.047
190.089
227.87
221.524
197.181
246.871
238.407
221.085
269.006
238.541
230.711
227.458
242.326
223.045
204.224
213.151
180.56
209.17
223.689
234.442
228.976
167.697
242.987
207.947
245.284
166.051
201.541
245.759
221.033
211.817
179.345
266.9
176.408
188.569
256.398
228.69
240.18
226.024
223.957
215.514
284.885
249.656
238.11
257.38
229.824
224.64
240.101
230.343
232.085
234.841
200.324
217.91
232.451
218.38
197.332
237.925
181.909
268.984
212.719
212.37
250.683
241.873
222.213
275.938
176.95
180.499
216.921
214.446
194.746
184.453
227.533
237.767
249.772
181.004
166.053
185.477
204.755
232.054
253.609
226.074
227.969
226.722
219.131
197.539
232.88
234.39
223.149
234.017
225.605
223.842
246.021
237.213
169.994
215.326
241.588
210.567
221.549
215.614
202.876
211.75
174.323
210.898
204.936
242.848
182.861
243.563
219.907
152.081
217.078
225.604
215.187
251.139
256.618
231.454
201.7
209.79
179.607
184.654
244.879
246.764
259.596
218.914
250.863
218.149
245.162
281.093
245.836
182.741
210.31
236.903
181.531
224.218
235.511
175.869
192.667
274.418
238.773
222.768
254.855
226.107
212.34
252.196
205.944
254.384
207.804
241.749
220.132
219.121
236.592
180.98
225.809
216.308
255.564
220.799
235.485
208.15
176.01
157.806
230.416
234.006
228.402
218.345
258.67
249.02
214.567
244.389
225.484
270.626
186.11
223.088
232.296
222.136
223.737
285.762
203.805
179.208
243.701
227.089
227.267
189.693
198.51
236.661
216.708
233.199
184.93
203.843
235.847
242.305
226.579
205.304
206.581
220.073
246.958
265.388
190.497
239.559
200.784
168.87
197.346
157.071
229.177
265.637
201.297
199.24
185.013
228.895
263.449
240.411
222.081
196.131
206.364
230.835
215.417
201.334
218.621
219.005
177.723
224.148
199.32
271.419
215.885
218.007
149.861
262.159
195.373
220.768
259.172
241.395
213.181
217.196
178.807
195.06
203.717
228.232
196.781
211.565
195.572
223.311
250.85
243.444
218.847
211.797
230.5
192.358
229.403
281.455
231.768
252.379
210.007
216.808
239.878
251.311
217.815
195.111
242.167
228.263
161.003
238.306
279.522
272.456
217.36
235.376
221.27
201.543
186.16
227.422
232.469
175.758
232.531
203.853
275.046
203.406
236.294
180.782
295.716
220.65
200.409
220.955
201.856
202.778
257.577
227.511
196.363
255.661
274.543
155.361
205.281
228.739
257.909
226.279
211.972
205.909
216.587
231.763
227.21
208.392
190.788
245.369
209.108
172.365
229.417
238.335
259.351
199.853
257.807
223.658
218.325
234.772
185.469
213.771
209.978
214.047
195.936
199.202
273.67
187.382
258.699
200.666
180.884
231.327
233.696
230.609
209.304
221.198
240.884
220.022
202.478
232.38
209.906
288.33
274.322
228.587
218.444
223.279
237.728
218.737
185.345
189.83
196.015
218.799
237.033
240.552
207.299
265.93
185.763
233.106
223.712
219.43
259.893
250.098
251.819
256.151
200.78
216.73
222.705
230.069
173.399
241.99
176.083
167.085
237.652
227.855
209.716
233.174
220.947
238.79
188.734
162.854
249.673
239.961
164.266
211.847
294.249
188.823
233.218
209.384
174.198
261.295
223.245
209.949
187.358
244.151
210.12
249.259
247.349
251.96
274.742
228.471
200.947
197.083
230.491
202.025
231.842
226.163
222.773
215.036
234.9
222.694
247.175
199.358
234.453
245.97
222.638
186.67
217.96
229.126
231.2
260.984
200.798
199.165
276.717
242.668
261.917
220.547
210.07
228.094
229.983
219.088
209.249
224.98
191.962
202.531
183.96
250.086
221.149
240.206
259.127
208.071
280.256
235.125
215.011
185.746
196.329
205.801
258.998
236.408
234.346
157.025
209.901
217.909
187.677
194.95
194.498
229.234
218.815
239.818
236.031
212.152
189.138
211.636
199.04
247.148
235.334
189.72
212.255
210.216
231.432
221.856
208.602
232.798
242.69
230.454
221.918
271.241
254.53
191.631
216.72
195.469
226.93
262.981
257.85
216.909
201.504
187.218
234.65
178.865
245.672
182.342
218.487
234.471
215.611
257.98
193.058
206.559
239.22
155.308
226.523
226.773
197.039
222.514
257.729
204.377
279.171
203.52
207.183
226.103
225.006
212.34
202.761
248.037
251.242
235.844
225.158
212.402
202.888
244.783
234.918
206.505
250.492
195.41
245.185
203.802
217.32
243.842
207.883
194.598
231.904
211.208
236.384
222.179
170.473
260.729
235.373
274.081
217.281
237.743
227.913
188.945
196.649
197.733
227.42
222.01
237.115
215.313
254.199
220.457
219.2
263.15
292.874
232.167
224.071
240.172
242.003
263.699
208.307
265.721
198.301
232.983
230.552
167.113
239.296
251.481
203.347
198.468
242.698
216.981
218.613
244.99
256.248
204.546
255.201
244.069
220.15
238.342
252.312
191.343
220.608
255.253
223.009
200.4
236.576
180.52
217.246
182.662
221.7
208.301
243.034
211.036
269.363
248.048
245.874
203.759
218.477
192.138
234.859
226.52
220.134
195.372
302.938
211.801
231.873
204.949
229.726
191.035
256.187
228.01
210.01
237.542
203.888
198.86
199.241
256.285
215.72
204.973
234.667
267.617
249.016
198.853
220.688
230.771
192.59
237.522
207.144
226.573
242.87
199.894
227.489
237.551
188.039
166.066
215.932
205.202
193.973
232.851
179.699
279.606
202.965
243.508
271.571
203.149
205.152
248.716
230.434
235.545
195.715
231.516
225.811
259.074
223.654
183.675
261.029
218.196
300.697
244.317
190.618
236.192
211.032
197.061
203.158
211.024
197.135
236.797
226.362
193.555
191.696
205.528
300.622
175.519
223.371
241.928
202.402
190.93
195.232
166.627
213.05
224.163
204.96
185.941
240.765
234.421
273.027
205.116
227.052
200.501
228.971
227.823
206.734
206.972
180.657
240.426
238.55
268.609
214.959
248.301
189.922
253.143
200.922
198.077
252.569
168.76
222.704
208.503
217.155
207.644
208.613
236.808
214.715
186.356
197.532
186.082
222.9
195.731
224.192
203.231
187.087
182.365
274.966
196.716
242.094
215.132
253.146
184.29
207.059
182.676
183.833
270.01
223.332
301.641
197.969
180.481
191.334
254.264
217.465
243.788
209.873
206.05
269.943
252.921
251.333
191.929
185.797
225.592
238.069
232.691
228.732
201.13
186.581
204.425
185.475
218.837
206.46
254.999
221.055
229.203
182.377
237.317
233.359
241.141
240.384
203.602
184.774
220.664
182.801
183.195
210.694
238.813
195.149
218.604
214.636
260.132
194.698
205.436
188.329
213.641
211.73
228.822
215.767
208.807
201.835
246.064
248.457
219.519
201.994
244.517
214.526
254.509
228.202
261.426
194.459
254.2
200.737
245.116
210.717
242.488
228.545
277.525
164.05
222.54
289.618
239.661
201.785
217.251
232.069
208.012
203.613
215.871
243.723
241.282
239.042
248.338
215.348
233.07
227.001
191.074
205.214
208.899
230.923
205.573
212.515
207.362
224.03
204.853
245.583
214.026
215.377
239.088
248.172
229.85
238.705
220.006
202.444
233.939
185.013
203.523
220.734
263.586
207.426
220.071
193.988
233.707
226.856
183.974
168.794
202.541
212.829
215.894
200.766
253.012
281.832
226.373
189.435
219.441
178.767
249.088
228.666
237.964
190.668
260.247
274.635
211.54
192.257
209.539
245.946
181.447
204.435
178.394
217.242
258.757
219.811
233.829
228.589
220.169
201.771
270.352
250.806
226.65
199.53
263.088
210.63
203.818
253.803
203.845
195.209
227.257
233.526
232.937
218.629
235.597
213.677
239.553
182.965
196.165
200.681
201.85
195.013
207.054
245.087
223.704
223.224
233.255
184.455
205.096
243.625
222.147
218.017
225.694
253.655
167.501
216.135
204.157
200.362
219.033
224.095
190.015
206.043
196.611
175.697
197.297
170.945
262.798
221.98
199.804
230.691
208.712
257.942
233.927
200.846
271.319
258.621
229.058
173.169
222.717
188.602
208.972
250.107
214.218
256.636
237.252
226.199
197.917
203.208
270.758
234.989
198.162
186.793
172.105
234.534
213.589
219.047
254.043
267.616
189.273
177.817
187.779
200.995
209.364
229.554
205.589
210.114
205.527
209.609
179.469
208.205
179.051
264.482
217.81
236.324
185.56
214.627
162.779
269.661
216.125
186.314
248.649
195.464
266.219
223.498
157.162
213.038
264.526
204.753
268.493
228.314
211.404
224.455
210.423
242.696
231.495
198.694
170.667
218.306
235.036
202.556
196.651
195.786
263.587
247.773
216.389
235.813
240.729
221.072
213.53
255.714
170.814
211.637
244.574
249.029
227.028
193.263
203.374
260.912
249.192
186.608
225.136
170.898
239.433
251.567
237.227
291.345
265.508
242.894
224.78
228.349
238.413
198.304
235.923
213.122
243.114
216.237
240.917
211.263
260.184
280.533
221.087
234.471
239.625
264.684
209.306
237.609
251.633
218.697
226.168
187.018
177.757
229.762
202.541
186.342
252.041
197.776
228.054
223.176
260.967
188.914
252.971
269.007
220.798
234.001
275.053
233.26
224.971
215.984
257.987
226.496
222.902
227.085
213.856
223.12
217.415
242.718
211.278
221.376
227.237
194.92
251.328
190.013
241.492
237.968
222.719
252.737
233.625
254.728
207.376
179.865
232.577
246.737
218.828
242.84
218.743
250.672
253.908
205.62
194.215
234.89
189.205
233.92
264.827
237.206
229.894
205.045
208.786
238.124
234.841
248.561
192.724
260.409
245.699
209.204
223.724
197.83
224.48
196.681
234.935
173.145
167.802
188.072
195.365
220.44
235.192
262.53
198.233
251.195
261.081
164.791
244.77
211.235
256.873
226.576
222.488
231.564
192.321
234.308
183.844
274.658
265.993
186.84
211.115
232.162
212.173
191.007
239.143
214.997
201.138
233.519
185.571
205.344
172.513
243.007
211.527
225.226
249.845
275.311
232.182
244.082
213.408
228.076
187.115
193.941
231.21
189.538
192.886
202.59
202.038
205.573
205.854
208.824
207.704
193.963
227.632
185.212
213.071
234.568
222.671
212.193
196.505
186.998
224.068
191.632
272.385
231.836
223.623
239.312
250.238
235.957
159.736
256.724
206.623
196.657
192.436
240.377
214.086
232.777
282.05
233.228
211.901
205.452
232.747
199.495
211.811
223.524
233.588
235.853
199.372
180.941
249.132
268.95
181.033
245.647
204.174
208.643
208.424
208.066
204.675
264.719
257.875
179.632
203.964
249.814
214.608
237.893
219.486
219.647
230.295
175.939
191.985
220.342
223.738
191.341
217.504
231.768
257.029
225.779
215.74
249.261
221.058
203.54
225.009
221.247
197.088
182.979
249.233
267.983
260.337
205.69
255.858
215.272
256.564
174.387
188.079
219.783
210.105
230.179
202.036
185.677
200.945
177.26
211.923
293.45
220.09
296.163
252.065
248.872
218.975
200.363
220.046
195.294
195.361
208.969
225.117
229.344
214.983
181.445
227.316
199.466
204.07
261.158
238.724
189.782
299.585
233.924
246.541
253.211
215.342
206.022
249.609
273.855
221.962
194.488
252.169
246.349
238.481
213.253
208.629
264.843
211.831
271.74
226.227
221.787
234.192
210.535
212.139
230.546
211.259
262.228
196.504
287.082
240.806
239.364
242.416
269.835
206.471
219.612
228.894
203.696
208.397
235.131
218.787
249.22
266.986
162.314
224.536
220.453
209.837
210.77
183.213
185.323
213.332
179.98
215.129
233.109
251.588
177.849
234.695
248.897
165.06
221.526
225.139
213.998
248.435
248.182
241.311
232.692
206.177
204.515
208.819
195.038
215.501
207.731
221.918
194.347
211.381
238.734
208.869
207.769
232.528
214.833
183.005
222.149
246.609
209.917
207.319
276.402
237.405
231.536
255.487
263.47
229.424
229.264
185.333
218.967
224.724
245.013
213.947
238.57
233.646
206.383
235.152
210.955
204.6
247.24
182.916
222.197
207.443
198.954
193.608
225.297
234.637
210.253
240.153
258.534
242.668
226.209
225.954
228.621
204.496
229.38
220.535
223.286
205.341
242.617
220.477
248.796
228.144
210.621
244.456
191.268
247.121
251.064
228.413
224.923
230.042
188.448
199.398
214.497
224.552
189.89
301.881
195.871
289.066
226.59
189.506
222.707
258.778
235.942
225.888
242.714
201.807
216.245
220.69
249.343
182.045
239.853
239.245
182.881
234.727
241.862
259.99
236.669
282.391
234.487
201.138
242.762
254.777
206.163
239.635
200.729
211.177
230.229
229.281
210.074
222.942
244.896
181.165
170.243
185.123
291.869
231.357
216.472
242.559
215.302
207.711
198.752
208.342
209.2
246.786
188.596
278.355
241.699
202.086
203.702
233.132
224.081
259.533
181.122
238.481
222.38
184.151
179.071
254.688
249.814
205.29
199.504
235.355
250.039
221.46
186.508
216.881
237.903
212.301
232.672
236.016
215.787
197.764
224.347
220.125
217.705
194.197
231.652
188.062
217.089
217.438
278
207.082
240.63
196.827
243.554
240.004
215.787
202.911
239.39
274.74
251.334
223.154
241.033
234.522
267.497
259.688
175.139
206.953
250.793
210.543
218.641
212.387
238.284
201.567
183.497
256.394
261.223
238.384
256.227
242.825
256.549
202.147
214.315
244.112
220.019
169.956
218.19
184.396
211.226
236.735
229.59
248.198
220.522
243.841
222.133
265.629
251.915
261.638
168.844
212.622
234.248
207.43
164.83
258.722
206.825
240.714
221.619
196.819
205.754
219.885
234.352
235.706
205.615
205.571
283.693
232.069
231.467
244.99
271.997
230.927
214.621
217.414
224.065
225.966
190.265
261.088
202.484
229.771
275.651
261.678
220.063
249.415
230.423
203.894
231.87
232.68
184.231
269.671
196.183
201.003
203.189
221.993
222.203
198.362
208.493
174.277
204.083
205.42
213.739
248.799
244.603
225.511
219.206
217.625
263.565
191.124
230.144
256.624
210.509
196.74
266.767
226.827
159.98
233.914
242.045
211.727
238.795
245.213
244.501
230.768
178.465
205.734
232.739
236.712
217.735
243.71
238.563
208.759
188.451
242.398
228.771
139.675
244.163
199.164
205.829
208.81
248.144
254.96
248.412
214.207
222.994
210.165
247.366
268.795
193.95
236.309
190.622
212.869
163.411
222.144
212.372
202.639
234.288
239.613
230.333
193.654
234.535
173.118
215.375
182.975
259.295
265.287
243.833
235.95
253.74
273.264
209.585
220.457
238.567
205.29
208.798
226.138
215.199
211.611
226.685
253.969
242.842
214.325
242.607
210.712
273.914
233.736
230.452
221.525
253.686
297.366
200.024
229.415
188.506
208.576
238.187
245.558
224.943
185.738
236.224
190.812
241
253.139
216.473
174.393
212.184
216.96
206.723
205.807
233.737
240.957
229.731
246.824
199.783
224.04
247.546
221.161
225.348
198.876
180.356
202.299
252.777
206.995
239.582
244.199
214.044
253.374
241.94
231.621
253.847
203.559
242.882
216.305
249.875
228.946
216.007
281.24
205.219
222.505
245.607
273.406
209.406
248.085
257.502
214.074
217.802
188.666
213.017
205.213
235.393
280.477
230.251
194.285
190.537
268.02
160.537
239.526
265.713
229.948
202.151
205.536
249.22
187.695
239.949
246.953
312.734
259.258
257.45
227.095
209.114
202.521
258.459
185.151
273.78
266.374
250.994
211.781
269.412
219.476
223.822
228.464
214.813
172.663
228.93
221.998
169.585
206.302
283.042
213.883
186.61
260.238
231.082
247.48
265.714
237.273
165.591
214.457
224.026
220.817
238.6
197.771
216.365
215.312
236.337
221.542
211.429
192.993
179.357
238.862
260.07
194.22
270.785
172.67
207.37
236.337
247.623
216.864
255.58
241.715
252.275
246.241
245.723
264.412
209.438
146.918
171.602
252.694
178.59
213.458
182.797
251.324
214.382
195.516
216.921
250.478
255.668
186.396
224.375
207.069
304.668
195.156
242.118
204.289
237.111
244.882
243.939
233.281
248.975
219.393
289.653
236.139
163.203
191.839
283.652
254.888
211.357
183.142
219.504
252.952
188.995
239.842
216.393
216.073
157.963
183.714
228.859
252.527
221.67
229.86
206.177
180.497
204.946
237.373
291.116
197.867
198.824
224.645
214.679
239.199
267.53
203.528
235.434
247.771
259.498
223.374
237.34
196.533
191.542
215.171
226.297
188.354
259.61
214.055
222.578
221.12
183.806
245.563
239.067
213.193
188.496
196.561
224.077
216.641
204.844
225.328
235.591
223.07
200.13
212.758
234.275
170.169
246.546
171.86
220.881
262.116
224.965
181.839
232.31
225.168
212.991
239.356
210.196
208.882
195.737
231.51
275.896
195.855
253.703
225.588
184.87
202.715
221.238
233.366
221.276
204.105
242.385
201.368
204.538
247.031
245.424
199.928
225.272
203.868
255.829
148.553
219.214
222.839
196.948
246.634
311.904
203.857
178.714
197.599
226.539
215.015
226.186
244.011
198.513
244.513
224.33
220.718
233.921
213.557
276.777
227.814
275.773
234.294
198.299
217.256
231.202
235.984
201.092
208.517
261.346
205.497
232.176
189.912
195.095
227.937
239.497
188.081
273.163
253.855
212.709
232.558
207.762
230.78
217.936
209.777
200.305
247.768
214.838
221.748
224.963
215.557
214.134
251.778
229.258
183.475
175.348
196.739
185.724
285.111
179.832
227.302
232.624
243.407
214.442
212.263
201.122
240.683
261.495
236.558
237.634
219.062
198.049
198.65
222.106
232.181
225.615
271.22
205.486
244.687
236.803
213.675
252.634
257.55
206.491
172.709
189.684
222.247
276.254
188.045
263.831
262.449
229.205
191.243
196.662
185.992
211.714
230.516
198.63
278.705
233.21
250.417
233
258.083
204.492
250.985
238.814
216.913
229.444
172.407
252.603
199.812
242.846
238.657
284.545
190.839
337.65
214.053
199.283
229.373
291.724
244.121
285.37
218.988
172.687
211.218
234.649
232.003
205.123
231.419
207.579
209.934
191.563
207.251
269.644
203.446
226.265
217.634
242.154
189.943
255.456
239.831
188.266
256.152
194.216
187.26
198.664
204.514
209.946
205.818
198.159
263.284
278.343
269.926
234.597
209.83
194.993
212.617
200.647
179.02
209.577
188.788
246.829
244.707
236.713
234.595
232.757
195.396
192.659
210.333
216.26
222.757
240.441
236.693
236.686
218.131
245.849
231.263
209.278
213.257
151.117
253.2
209.361
220.215
180.275
209.284
204.913
206.111
192.448
221.297
270.18
283.609
237.038
169.408
243.166
254.608
217.878
197.021
202.661
214.206
228.094
191.417
255.282
204.434
236.035
220.814
232.164
272.664
175.262
247.546
209.072
213.516
206.149
219.158
242.454
195.51
248.818
223.783
295.393
239.633
226.515
195.434
238.041
203.387
226.346
243.19
204
199.921
211.574
319.549
245.517
253.22
229.581
239.046
191.152
221.573
221.697
216.063
242.678
167.947
255.227
208.94
201.613
212.125
218.345
223.071
206.276
248.017
178.352
229.354
223.111
224.895
213.938
210.714
281.402
242.916
287.094
222.19
252.078
273.062
199.589
221.646
191.866
277.121
243.771
209.512
201.716
194.978
162.943
232.75
194.629
207.175
219.094
219.885
255.562
276.44
286.951
243.089
224.008
170.576
222.747
199.723
195.354
185.536
234.745
217.997
253.528
297.506
221.801
235.95
217.585
254.566
228.912
208.374
248.216
266.516
211.607
218.891
206.811
184.031
229.907
205.05
239.031
214.493
282.869
219.263
182.854
188.135
243.305
231.281
218.557
256.507
243.107
248.37
251.131
235.936
251.24
193.527
183.768
259.855
269.178
218.684
212.758
256.649
269.061
228.898
201.986
217.649
233.297
206.693
261.96
255.189
205.295
242.685
270.672
200.569
207.596
236.956
257.239
221.72
189.905
196.98
217.075
213.966
239.179
204.289
258.786
199.128
243.47
199.16
185.5
234.883
236.616
189.684
245.388
248.76
227.172
266.343
256.526
164.662
241.453
252.047
201.219
204.955
204.663
186.617
230.542
275.406
228.618
172.071
229.705
166.019
213.458
250.711
256.701
222.237
196.77
219.609
224.306
158.223
242.874
184.365
210.687
254.198
236.156
204.965
235.988
197.861
232.579
216.888
250.378
205.812
202.757
188.961
216.884
193.82
181.222
243.991
225.91
220.549
235.58
199.509
281.812
203.809
288.722
200.735
228.206
261.677
199.586
198.021
211.832
199.836
195.573
189.927
211.429
250.196
203.452
218.571
238.783
181.955
189.288
192.982
264
203.892
199.833
284.126
226.678
209.314
226.036
226.329
199.123
249.171
200.828
178.634
229.911
220.899
210.372
217.371
210.363
214.567
195.267
226.457
232.68
200.009
246.124
254.91
188.901
202.317
186.402
262.373
261.018
231.799
236.401
215.161
215.176
243.882
196.509
235.141
254.042
199.092
243.406
236.911
255.443
268.115
246.211
219.052
200.926
216.977
198.927
249.293
195.964
215.357
151.084
219.796
183.881
272.195
186.381
227.439
187.564
173.492
220.068
214.581
214.945
234.283
199.48
242.79
241.669
239.358
235.533
184.537
239.725
186.573
203.732
274.215
214.419
216.735
214.262
207.125
258.68
253.309
238.482
186.506
211.303
220.215
240.729
193.847
245.91
208.728
192.114
285.323
257.652
192.955
186.624
196.675
186.135
253.256
183.835
267.715
287.455
199.633
225.892
212.612
241.134
202.281
211.399
253.051
228.454
274.584
217.522
209.894
211.705
213.974
273.498
216.762
220.214
225.044
231.568
210.761
210.258
179.434
281.394
213.984
193.135
236.477
188.6
290.522
198.629
179.568
220.202
239.595
260.893
232.321
263.729
218.309
222.078
231.631
256.282
278.344
290.099
180.5
193.205
266.277
190.504
221.611
171.769
229.915
198.679
232.87
204.743
233.898
237.872
236.939
195.753
228.306
184.367
230.669
180.672
187.297
245.146
241.87
246.146
204.588
211.222
230.797
212.142
183.499
229.538
228.899
220.251
192.65
252.335
220.975
258.233
265.568
155.847
212.021
188.952
202.99
218.755
187.047
176.802
255.716
232.968
220.514
222.202
221.288
158.547
242.163
227.018
229.253
220.117
206.215
218.404
217.636
266.081
226.363
219.821
234.494
220.653
191.742
209.087
233.368
189.159
237.107
250.598
257.139
220.565
268.972
216.884
222.156
177.663
220.428
191.894
220.387
219.383
206.032
175.984
242.697
250.805
212.424
195.4
222.196
178.635
178.451
210.154
226.853
190.245
212.002
230.751
232.951
248.668
258.784
200.29
238.497
205.127
209.974
212.84
251.867
228.082
227.789
229.083
164.14
226.827
270.621
209.608
167.859
204.762
234.662
258.266
190.533
244.571
219.624
224.485
229.506
198.196
250.353
207.608
216.496
249.251
215.257
215.023
171.575
245.823
254.661
205.07
207.965
226.469
243.046
239.709
210.239
164.675
222.415
234.426
211.794
229.773
179.547
228.487
190.887
266.573
251.18
226.131
214.852
147.583
188
243.972
209.747
174.215
228.069
222.22
204.162
253.358
226.899
226.443
205.119
246.242
214.246
245.188
241.906
205.197
171.299
193.777
218.663
222.909
235.818
240.388
221.991
278.456
189.331
217.111
265.178
196.19
249.528
215.706
218.568
231.102
195.523
233.592
195.362
207.978
239.99
229.429
209.592
238.297
200.018
206.044
206.26
244.942
233.788
249.263
203.585
204.58
208.898
202.211
215.927
242.609
213.468
267.683
222.852
223.57
199.828
196.591
255.465
257.397
222.741
144.753
206.622
206.874
214.304
189.267
201.468
232.238
235.653
240.311
221.297
186.301
214.06
212.414
216.171
199.356
251.833
202.87
234.224
215.184
266.292
235.877
281.869
228.275
206.871
229.786
225.939
205.48
244.007
222.69
203.386
187.762
185.001
218.313
232.18
262.373
192.676
205.168
179.759
243.794
190.274
230.945
239.865
263.733
258.051
218.991
191.432
203.866
191.914
216.076
265.45
206.565
253.115
251.545
212.291
246.116
249.094
198.219
223.052
226.247
254.465
219.602
181.216
219.18
225.852
251.635
225.592
172.557
188.08
297.519
272.83
236.834
253.698
228.728
215.098
218.233
240.829
256.468
221.426
244.244
221.904
221.325
231.007
198.366
252.5
213.705
210.914
191.655
240.156
286.15
169.551
222.162
174.916
215.744
241.103
212.377
198.646
202.842
213.974
238.079
256.584
239.545
209.025
192.206
224.496
202.794
205.868
190.974
188.682
199.335
235.15
226.832
225.234
207.532
220.202
212.019
257.054
202.97
248.868
197.66
236.306
185.963
274.901
231.362
236.582
180.717
220.461
201.876
262.047
271.282
239.34
189.77
199.174
240.918
265.928
221.351
261.635
203.248
231.563
186.791
213.141
214.507
197.86
239.379
221.972
208.564
243.22
258.385
211.026
249.117
206.423
264.635
219.56
216.083
182.572
228.283
243.15
238.787
234.23
233.355
204.057
231.379
214.584
194.994
233.862
193.6
219.153
197.913
250.085
190.277
237.749
268.659
249.869
233.532
225.286
253.729
197.521
251.374
237.591
254.633
215.212
248.91
216.91
242.61
245.74
229.344
228.77
233.343
199.439
259.974
225.721
240.469
216.548
235.961
240.741
208.199
189.112
210.028
203.027
241.479
254.185
249.297
219.434
239.829
224.28
191.73
221.166
199.75
212.238
224.868
213.953
263.312
207.405
292.899
239.58
252.307
251.548
183.856
229.874
205.328
249.75
209.284
180.101
214.915
177.529
186.91
167.844
206.804
236.325
257.627
265.203
232.883
195.386
262.017
257.231
218.725
190.639
224.922
192.38
208.253
222.14
238.063
209.304
264.714
241.183
231.334
184.759
204.74
209.803
259.459
214.11
255.217
246.783
224.469
219.113
198.405
190.858
191.99
203.144
286.395
203.778
197.972
195.291
236.319
213.601
251.816
253.867
217.624
237.748
210.583
211.903
136.212
221.425
212.436
215.018
260.734
197.841
252.907
191.955
222.784
240.253
232.21
211.669
222.239
269.102
219.718
243.603
180.931
235.98
236.379
286.383
279.822
241.787
281.165
238.486
224.423
180.063
251.889
226.188
203.947
276.223
241.608
235.916
214.59
235.309
216.321
229.199
201.284
210.137
232.117
233.883
226.473
212.188
187.619
187.079
234.742
205.405
246.709
240.696
221.364
249.663
165.236
239.749
237.186
207.992
197.177
219.795
228.77
277.406
195.395
211.459
232.153
280.851
222.486
198.118
225.715
210.248
211.967
215.229
276.872
280.664
190.387
212.138
202.479
243.922
202.809
232.595
169.17
254.509
222.035
229.546
247.21
242.653
193.316
226.028
224.208
174.8
272.713
226.176
179.348
205.548
243.692
169.97
233.13
253.886
192.492
235.29
185.46
274.849
181.955
252.148
221.207
255.361
271.641
219.591
201.391
169.427
215.22
202.889
190.266
202.019
249.485
189.203
221.257
238.444
207.067
181.432
262.229
257.272
204.331
251.908
236.868
210.935
242.155
234.722
198.681
259.429
231.246
210.569
195.071
228.074
273.083
236.57
194.137
226.585
203.366
215.948
226.607
215.837
232.927
223.26
232.037
166.957
286.647
294.934
264.566
187.212
196.151
268.557
197.602
244.526
214.896
294.363
249.679
283.117
214.806
207.38
304.256
196.934
171.334
231.447
270.326
236.028
231.809
227.894
242.295
263.25
227.082
207.06
206.87
210.363
244.055
211.517
260.881
219.897
197.257
196.865
271.116
203.351
240.13
200.866
234.54
223.296
244.798
250.432
257.087
198.356
202.705
194.273
251.477
205.044
220.376
233.833
236.909
170.548
188.124
199.145
218.817
189.717
252.226
262.372
253.786
194.341
219.457
235.564
252.45
211.88
249.017
211.833
228.255
212.165
221.627
168.999
183.748
257.84
208.552
209.244
212.19
201.699
187.663
224.912
250.61
213.45
204.032
174.256
198.566
267.39
221.35
248.308
257.975
201.063
181.316
227.583
189.761
188.035
210.373
214.497
214.225
168.967
234.448
220.722
220.76
191.888
310.127
225.489
238.231
199.167
206.497
232.129
220.373
224.161
261.381
202.665
219.479
226.399
206.957
181.148
206.223
212.002
251.675
220.876
168.866
166.288
216.915
300.182
249.97
251.131
260.638
184.267
251.192
238.547
202.159
241.572
231.831
235.337
205.063
204.447
195.022
202.116
215.789
234.605
232.914
213.097
229.392
222.294
225.509
251.864
232.632
210.029
265.289
283.562
193.081
210.314
223.157
227.85
252.852
223.948
231.202
236.587
175.369
247.577
222.905
194.582
252.585
161.106
264.855
228.927
161.031
252.493
231.743
210.079
220.49
252.342
251.35
210.018
153.194
237.527
243.598
283.663
193.61
226.54
202.529
278.61
200.412
216.696
217.442
217.324
255.868
227.851
199.214
218.02
212.687
224.847
222.111
230.135
260.493
268.63
187.898
242.924
209.781
171.022
222.439
212.855
229.639
201.39
242.321
153.261
234.412
218.87
203.739
263.84
248.359
230.671
195.71
215.189
207.565
212.532
216.087
204.874
206.031
165.84
226.429
230.821
218.935
222.126
243.874
257.46
245.872
242.288
194.156
244.329
244.424
195.838
181.472
189.025
205.947
269.442
207.206
211.931
189.248
197.995
240.014
250.298
210.111
228.72
268.976
204.57
185.938
220.707
207.74
180.148
246.674
210.132
230.087
218.864
194.493
205.253
253.969
228.927
197.237
219.748
189.571
235.197
207.557
214.811
214.792
227.715
250.061
199.021
239.814
210.855
275.268
232.164
240.53
209.39
247.566
255.718
218.485
244.439
199.902
239.038
214.962
190.222
234.103
172.102
185.74
230.021
210.975
268.992
180.669
234.883
233.711
238.97
236.902
244.514
222.183
227.273
232.903
248.082
197.59
270.025
229.646
255.59
199.559
221.929
198.509
249.943
197.845
211.537
195.874
265.625
252.714
211.873
211.92
266.199
243.802
185.824
225.991
231.243
220.411
171.693
261.33
210.197
243.678
250.434
206.197
214.506
222.168
212.738
199.974
242.373
233.286
234.873
219.531
249.527
207.919
238.33
215.743
224
225.579
197.312
234.016
220.106
217.933
253.466
191.362
164.416
218.816
189.984
229.099
217.751
264.89
253.223
190.227
216.17
185.088
259.114
252.856
190.847
183.703
233.357
202.474
193.484
197.054
214.457
240.972
237.517
260.284
214.516
180.692
223.34
195.399
236.83
255.451
202.764
183.205
233.602
186.794
230.581
249.483
233.483
211.244
252.403
192.988
199.353
207.196
202.945
216.8
241.918
176.283
234.446
217.85
213.235
246.122
198.59
206.932
295.431
216.147
211.807
247.489
243.121
183.799
205.876
159.055
189.872
233.951
258.111
218.66
202.364
216.822
238.016
228.824
211.022
261.126
218.929
200.08
198.948
208.732
233.47
211.081
217.963
239.544
211.502
207.095
259.815
204.574
207.659
201.538
186.739
253.275
248.626
251.236
197.303
192.02
234.298
165.594
197.394
196.092
207.493
227.213
171.044
250.878
278.942
265.862
219.064
216.856
215.958
239.531
246.252
204.694
232.631
212.249
181.903
215.341
198.263
214.277
226.856
235.395
240.14
231.592
254.959
198.965
239.991
249.903
204.968
188.13
209.955
201.256
200.221
205.167
219.696
226.524
231.652
185.958
183.37
216.812
188.872
221.798
244.783
183.511
243.486
263.591
223.34
185.01
221.857
212.705
196.928
205.979
255.241
226.465
249.151
226.338
171.331
232.586
231.813
236.902
189.718
202.877
230.494
210.358
263.339
207.02
215.554
185.018
298.468
184.169
251.192
210.253
189.096
169.482
184.323
234.757
209.742
237.427
223.655
237.398
227.666
163.422
218.815
251.801
249.277
231.251
219.809
231.399
230.223
238.291
205.68
194.681
229.597
222.676
226.951
315.327
219.496
241.484
199.312
244.492
201.355
215.801
248.581
185.438
286.481
212.857
224.018
266.171
205.318
232.607
245.154
206.015
265.895
245.836
215.188
199.446
221.985
207.221
270.739
211.63
236.368
236.343
244.451
252.436
154.049
209.124
224.519
230.597
210.211
225.421
261.306
226.588
212.918
224.732
218.856
193.871
190.61
236.127
225.581
257.693
214.88
238.475
207.534
221.257
185.416
209.233
215.005
237.815
226.35
200.762
287.568
175.924
206.49
210.185
229.851
185.793
194.543
174.418
206.027
223.163
234.502
241.087
202.789
223.803
158.755
189.025
228.63
260.415
269.565
205.608
299.489
243.826
273.951
282.319
214.992
236.418
253.269
217.565
279.483
222.934
189.251
185.016
194.773
206.896
189.212
245.095
206.576
202.827
185.589
242.227
236.798
222.815
233.382
247.238
251.562
198.862
248.776
199.23
199.6
208.244
252.579
211.749
245.498
234.514
249.392
211.865
220.225
224.379
236.046
248.193
270.4
187.535
174.234
234.314
204.345
243.563
254.286
234.858
169.875
244.207
235.844
222.215
272.915
268.937
250.049
236.822
239.514
260.647
240.331
193.929
250.963
214.521
222.845
197.725
201.412
252.295
175.532
170.222
209.049
201.088
208.861
222.294
200.851
218.858
235.276
200.551
215.262
193.817
240.652
270.316
232.607
222.527
201.962
201.98
237.09
228.392
251.098
231.239
219.926
210.708
194.088
199.965
229.735
209.646
242.532
238.615
210.121
240.172
160.868
208.413
194.548
250.756
241.046
249.151
188.108
197.26
299.102
250.844
248.667
216.16
245.793
269.237
240.263
219.092
221.787
232.288
213.754
224.128
280.641
220.054
219.553
189.139
265.72
196.463
266.275
221.729
246.895
214.98
213.051
153.76
195.817
245.692
232.145
222.118
170.984
199.297
253.556
217.55
210.536
265.321
261.664
218.393
240.712
216.605
225.254
222.909
200.403
269.82
203.798
214.593
246.623
198.386
236.909
222.478
222.191
254.231
199.112
210.395
210.039
172.874
230.438
176.607
230.58
295.252
206.555
259.849
211.472
213.523
239.75
265.976
196.929
249.639
199.573
242.568
236.393
192.859
231.232
235.608
213.578
259.091
239.704
241.204
200.09
230.039
222.33
230.718
200.571
189.292
203.747
237.97
230.696
201.955
202.845
261.726
240.992
216.431
247.117
184.072
234.234
206.33
174.862
236.511
250.654
224.186
239.895
294.326
203.974
224.516
226.65
227.094
240.387
256.537
270.661
213.521
200.443
231.619
174.456
258.641
198.56
255.309
195.291
180.425
248.927
191.476
266.63
262.23
212.643
220.687
277.033
191.759
234.395
220.56
218.717
175.182
217.21
199.524
243.824
232.593
294.35
217.623
225.302
200.868
168.994
246.988
200.979
241.771
233.182
233.667
226.825
230.388
222.479
219.361
227.31
215.885
208.255
165.141
211.372
205.033
265.537
183.523
254.299
222.178
197.355
235.281
208.533
214.762
226.76
203.415
229.491
203.557
182.344
209.261
245.758
205.952
233.963
208.179
245.847
186.479
205.638
235.77
202.882
226.539
187.424
247.897
205.909
217.465
194.037
199.078
234.756
251.165
254.188
241.738
180.488
211.071
211.088
222.656
202.089
246.689
183.742
219.003
243.211
233.973
258.701
207.56
200.919
251.852
233.229
231.077
219.548
246.554
241.805
226.349
215.105
184.938
207.334
210.153
203.192
263.6
253.752
201.423
199.087
290.368
196.423
246.449
223.923
258.544
201.637
259.754
209.275
248.984
208.357
204.688
185.686
213.549
195.624
224.839
196.686
235.815
241.314
208.776
218.587
227.646
223.851
236.293
171.645
243.249
214.333
230.709
231.021
189.557
233.837
219.849
242.512
270.056
235.33
305.652
207.054
203.968
251.224
278.228
173.39
220.432
235.342
230.865
243.33
247
196.733
246.785
207.678
223.35
253.315
284.995
201.606
237.074
196.123
229.403
210.111
244.669
216.964
246.657
243.981
220.58
229.501
242.666
197.585
197.857
223.71
211.413
174.388
215.167
232.047
219.274
195.363
238.371
226.339
219.446
261.997
202.895
240.387
171.884
211.084
229.286
244.382
243.606
158.622
244.039
208.324
229.973
223.458
259.575
210.079
198.834
215.72
237.134
229.404
172.718
287.01
245.239
212.768
207.003
213.023
175.708
268.514
264.463
254.822
196.877
202.866
179.526
272.143
243.924
254.45
212.488
179.553
216.057
219.079
264.093
261.489
216.906
225.415
166.536
240.864
212.437
218.322
229.825
224.381
250.519
239.99
195.928
207.819
229.702
193.134
245.189
198.488
238.407
212.455
205.89
256.685
194.666
222.69
250.278
223.85
221.405
258.383
231.871
192.371
204.306
222.726
205.601
222.394
250.554
214.399
203.711
203.775
259.955
261.593
211.943
187.154
198.384
227.918
280.682
250.371
233.649
223.135
185.177
208.578
211.403
247.873
226.411
194.789
191.699
198.59
215.702
223.033
253.733
230.474
238.054
241.625
256.335
180.817
219.937
184.078
254.315
220.573
264.682
212.035
231.533
182.577
197.004
228.607
210.388
180.989
239.371
182.743
190.15
215.923
185.652
202.105
151.157
195.564
253.196
210.498
277.324
240.332
234.339
255.848
258.044
187.87
239.122
210.442
280.956
224.321
226.995
274.913
204.062
204.115
207.995
209.717
202.409
269.296
234.558
201.414
248.208
186.873
252.368
218.318
206.026
222.152
231.808
272.373
232.214
202.065
217.806
246.021
198.075
210.675
184.818
239.31
172.668
196.555
196.365
241.919
194.207
269.491
209.835
246.034
228.422
245.929
209.599
238.553
212.076
248.099
237.998
159.805
200.39
227.13
210.63
201.895
184.438
233.078
190.363
250.056
229.708
188.606
217.475
227.569
174.991
235.983
258.064
208.958
225.541
242.26
204.447
202.553
202.449
209.963
217.581
240.952
238.536
215.523
220.1
170.905
210.521
268.445
225.488
208.43
238.639
294.251
227.32
200.979
187.245
225.519
232.401
175.566
220.029
226.019
274.559
231.532
188.711
225.359
175.167
237.269
192.65
226.735
247.389
212.82
196.827
157.565
271.924
187.761
237.468
205.983
223.825
283.917
181.177
198.682
185.808
243.925
245.01
234.264
223.884
283.88
205.893
234.109
195.867
237.714
206.869
207.451
216.356
244.694
241.561
212.921
231.599
259.956
223.792
193.762
209.048
260.999
184.923
199.07
223.811
223.458
220.741
198.836
206.621
214.934
252.791
216.849
233.048
239.056
227.187
233.436
203.712
236.192
183.731
251.833
228.361
227.793
218.453
183.451
243.242
218.416
192.375
202.608
238.714
183.494
211.74
236.596
251.25
261.474
185.826
197.807
245.713
261.936
243.428
214.119
192.524
255.028
207.914
207.274
202.61
225.659
313.239
264.467
275.015
244.091
229.878
205.481
224.317
233.303
263.303
253.773
205.291
181.957
248.519
242.457
201.834
232.245
217.952
181.506
247.149
203.157
215.385
244.45
266.826
155.995
254.09
236.528
236.48
218.858
192.209
228.468
255.976
225.097
204.654
200.892
270.338
217.294
196.488
227.232
201.505
232.382
219.266
222.832
218.589
227.917
252.634
217.803
217.863
202.282
195.609
276.844
248.259
273.084
212.003
224.755
202.147
208.026
210.987
190.911
200.003
249.248
200.342
258.38
229.477
226.17
216.244
184.684
199.66
225.838
214.039
233.616
213.949
215.899
201.555
198.01
240.319
226.616
255.67
216.944
208.651
225.148
255.96
234.01
187.923
227.027
208.019
220.572
183.459
235.014
248.697
229.911
213.54
212.652
201.748
260.831
191.428
211.624
209.205
245.638
205.331
235.256
265.603
179.595
182.545
257.412
239.235
192.845
201.839
247.256
216.927
241.211
225.89
256.474
269.722
223.107
260.776
188.78
250.938
252.73
216.828
268.691
239.576
239.725
234.591
223.171
186.602
203.576
263.966
191.024
246.285
213.501
210.832
214.328
214.344
220.226
234.793
215.592
220.826
216.671
256.912
243.423
256.571
230.006
174.166
230.017
180.626
197.401
217.288
210.36
222.271
254.796
236.29
184.62
273.881
266.791
270.395
251.618
233.341
220.452
207.511
186.648
260.739
196.7
191.796
255.1
208.125
236.028
249.319
200.083
217.577
235.011
203.618
200.433
248.457
258.039
200.973
162.094
257.979
237.703
256.847
262.359
263.685
207.327
234.241
212.74
195.323
202.512
221.237
257.445
201.827
207.971
195.101
236.57
195.321
197.256
173.425
260.722
225.672
200.926
196.093
244.093
197.042
230.03
185.715
184.596
261.556
207.219
194.097
223.847
263.361
182.135
248.552
206.947
219.357
224.12
222.362
212.693
215.948
287.446
272.517
232.128
186.492
197.015
237.326
259.001
215.536
256.297
175.234
237.943
227.844
255.874
232.845
219.298
203.289
189.709
194.071
259.731
206.929
252.738
252.526
189.505
239.335
210.963
235.884
237.224
208.808
225.381
196.171
199.121
248.976
212.628
203.47
281.237
262.752
218.655
264.575
211.767
193.813
242.657
166.218
216.264
171.498
238.4
193.825
202.549
184.739
197.811
188.447
195.893
220.712
228.179
244.214
265.133
210.817
235.334
211.371
219.009
208.135
205.944
200.087
185.963
241.853
183.362
248.839
244.273
239.007
223.595
199.708
202.894
229.954
231.158
239.411
223.496
212.81
277.497
200.651
238.409
211.077
188.013
175.333
203.925
218.797
223.107
252.577
230.028
239.589
227.193
193.046
248.853
235.119
249.833
238.652
212.466
268.093
210.493
222.462
203.276
227.653
187.505
272.09
190.314
237.107
220.582
218.186
300.104
219.94
267.95
205.249
236.366
217.208
239.69
274.065
205.672
210.181
195.784
220.432
266.261
233.338
215.439
239.286
237.454
217.965
232.943
250.542
188.245
240.628
214.421
252.888
198.342
237.78
202.995
319.294
260.509
223.908
178.802
189.896
217.396
250.32
233.634
250.326
234.409
201.825
199.343
227.907
211.591
218.849
252.317
218.512
223.431
226.343
189.578
221.599
264.86
243.587
226.509
269.411
230.567
226.713
245.69
227.235
264.806
216.323
221.997
184.664
214.099
280.908
219.872
170.353
201.556
226.887
181.315
223.55
247.248
230.795
224.915
178.811
253.947
227.624
227.721
255.981
186.408
204.903
212.075
204.474
205.316
196.109
190.765
228.912
241.503
244.679
243.772
210.702
224.751
247.934
222.197
200.286
222.202
226.976
193.402
201.2
235.786
246.324
200.374
226.84
238.149
183.612
230.095
250.406
265.919
226.684
241.665
193.212
181.412
204.51
218.713
167.383
213.773
234.048
198.774
280.709
167.372
250.448
252.976
283.909
227.12
187.101
222.365
264.455
255.47
182.475
215.849
217.089
230.027
229.077
221.7
224.849
179.58
218.833
230.243
260.614
189.432
233.81
199.77
182.226
187.432
202.096
235.37
211.236
231.525
218.474
209.571
254.954
225.521
192.703
228.452
222.432
213.876
229.884
250.607
291.153
279.138
220.386
225.556
196.845
191.95
196.188
192.765
145.97
238.96
220.601
240.434
251.003
177.689
238.641
218.359
203.539
189.753
226.315
187.831
210.251
259.749
217.96
219.513
274.969
273.89
208.019
292.302
216.511
201.693
226.575
212.545
212.574
231.869
217.341
204.233
221.287
217.19
248.398
224.83
231.559
263.718
242.106
293.92
212.79
223.572
209.548
207.322
198.768
219.504
217.195
221.699
212.012
235.944
165.671
273.287
245.789
234.037
208.229
254.027
214.888
214.554
188.597
222.956
249.693
194.924
229.935
215.209
205.811
238.248
206.041
197.165
222.126
182.514
279.614
254.096
263.885
229.834
218.949
186.828
205.707
203.033
224.957
273.183
211.29
235.914
205.393
233.868
222.862
191.705
262.847
273.617
244.102
174.635
186.038
192.186
198.897
217.196
203.749
232.35
195.162
207.927
182.331
254.952
225.064
228.224
237.683
197.371
248.06
204.895
171.703
197.028
191.167
224.249
225.37
249.079
240.334
238.435
218.182
248.616
194.442
222.772
242.138
237.165
225.886
216.634
216.535
251.395
223.548
199.499
210.181
220.715
204.87
205.556
205.124
203.375
262.258
269.463
191.995
207.441
216.665
196.588
233.572
224.869
242.977
207.986
233.487
268.402
251.75
241.59
219.757
196.796
237.164
257.666
214.426
243.538
230.527
238.14
244.537
254.443
200.736
173.961
161.882
217.884
198.506
170.227
213.307
215.932
242.132
260.701
192.145
212.47
251.572
250.988
211.683
201.615
224.186
234.058
223.267
213.873
191.497
237.827
230.556
211.214
194.298
239.018
197.718
194.682
231.94
225.975
184.197
226.022
220.733
234.804
203.828
166.737
248.66
208.162
204.436
220.021
211.287
195.725
196.782
165.524
213.45
282.371
187.909
234.197
253.102
178.58
248.113
211.533
228.056
186.456
259.962
286.383
196.639
214.15
211.888
201.914
223.347
178.524
221.38
166.44
247.372
238.6
238.939
216.161
250.448
202.789
203.777
233.659
188.367
266.402
225.189
248.573
211.642
266.462
224.465
268.652
275.432
195.679
205.095
170.874
239.039
240.323
165.249
232.894
211.616
212.866
240.517
213.892
198.74
170.264
218.966
176.048
169.136
255.602
206.401
241.648
237.059
228.144
200.98
256.494
235.323
186.976
239.306
235.168
241.482
231.574
239.937
220.394
247.484
273.449
211.627
237.396
226.579
256.713
228.614
227.416
211.716
260.362
212.634
202.098
255.287
175.597
246.095
246.558
281.436
226.067
236.509
239.04
173.896
225.435
260.502
243.877
222.232
214.606
204.277
201.653
223.592
228.24
176.264
212.691
242.758
215.705
219.448
207.824
192.845
235.799
302.778
263.169
155.288
227.239
223.711
188.635
293.653
204.243
216.647
210.865
242.957
218.739
232.164
214.986
224.812
185.767
212.567
232.631
166.201
202.331
203.499
252.511
198.503
265.053
213.776
218.467
237.538
227.241
229.372
251.192
253.186
221.718
267.896
279.657
217.293
173.995
310.575
258.495
199.886
240.969
206.296
240.533
216.238
274.418
199.49
221.087
242.584
226.274
250.124
214.552
211.824
202.563
234.677
226.584
238.199
247.513
206.541
213.149
164.345
215.517
211.909
180.953
207.103
202.929
190.336
198.118
269.405
186.211
229.484
267.067
207.657
185.53
248.119
201.264
207.305
248.576
172.928
254.105
190.114
245.739
270.554
239.25
218.765
197.632
261.218
227.401
222.262
223.314
173.048
249.881
269.722
201.727
193.062
199.371
194.089
258.112
241.824
198.537
199.765
228.907
218.94
199.193
186.677
207.87
206.083
266.089
212.448
248.863
239.672
202.017
170.232
220.601
212.272
216.349
236.937
211.052
213.057
209.774
207.741
193.433
268.223
226.082
214.497
234.678
186.727
208.748
198.774
254.338
265.434
232.962
228.816
200.991
212.799
195.213
221.145
278.091
228.866
250.904
210.02
202.414
228.247
192.928
299.814
236.927
217.507
263.966
214.487
190.872
232.933
217.492
239.36
200.345
213.584
203.087
186.066
247.198
195.828
199.249
244.373
223.511
145.816
198.486
162.731
246.988
200.976
231.158
247.129
198.554
175.334
181.126
199.211
229.008
291.929
253.142
234.926
194.893
261.262
243.225
211.47
232.871
197.164
178.596
220.731
259.048
221.283
256.524
230.375
264.685
272.823
200.514
183.133
231.04
225.077
225.831
221.717
205.855
178.826
232.315
235.315
259.793
225.61
236.488
231.412
211.218
201.796
236.477
190.245
217.642
178.816
256.614
229.501
225.735
167.119
224.099
248.411
247.106
250.081
220.947
218.513
245.754
256.528
211.999
215.088
240.278
179.224
213.497
200.868
229.903
176.651
209.575
242.153
268.276
312.718
282.304
230.873
212.051
163.311
253.476
238.508
242.247
195.579
259.615
255.875
176.167
196.115
205.996
267.114
151.671
225.363
249.319
255.136
238.497
185.147
256.155
210.542
212.137
195.236
248.903
243.455
213.514
165.335
201.135
210.01
224.648
231.578
195.14
241.892
216.743
233.787
207.703
186.232
293.689
180.337
228.635
206.04
218.008
221.285
262.598
252.574
198.564
223.51
218.027
212.946
178.765
169.442
161.897
205.625
234.763
260.785
198.464
262.917
223.333
194.906
185.733
235.61
213.996
209.825
248.692
166.707
181.337
210.255
224.148
281.565
185.992
203.586
193.549
236.279
162.448
199.991
214.612
237.694
229.05
176.609
258.651
247.234
213.564
220.848
213.688
256.191
197.928
205.123
217.562
205.013
207.081
160.19
240.707
248.038
205.178
208.483
278.682
235.883
191.485
193.744
206.832
238.889
190.096
178.537
223.005
193.297
198.856
196.389
189.871
234.765
249.513
206.21
249.438
202.112
220.258
237.848
251.103
234.444
206.171
230.433
178.509
223.541
261.792
224.18
237.915
189.967
219.638
185.988
223.598
247.749
206.406
221.081
235.6
252.746
235.031
220.361
238.199
204.234
203.244
216.778
251.948
226.209
221.922
227.321
172.042
222.31
236.228
206.954
203.045
269.147
240.952
233.423
212.721
170.369
185.26
217.935
272.099
206.619
286.391
226.318
234.374
210.899
239.211
203.275
179.172
220.575
176.873
233.958
240.895
242.663
219.155
218.594
251.685
206.533
247.294
187.497
213.003
234.838
208.517
223.131
228.405
208.731
234.069
190.976
201.367
204.601
227.232
215.224
247.946
226.069
227.477
230.041
196.22
267.444
219.76
227.304
222.582
247.546
267.798
232.989
197.019
206.994
243.949
245.548
221.348
204.214
202.843
217.835
205.707
199.841
210.725
208.559
207.189
219.072
231.846
209.64
248.675
187.762
220.486
217.309
234.328
252.623
232.725
268.387
218.196
205.378
276.391
220.402
295.529
238.576
242.909
225.29
223.025
212.656
175.934
204.945
230.234
211.42
223.872
212.037
198.695
229.129
223.361
217.223
219.68
221.372
164.423
246.246
256.702
227.964
240.83
207.444
258.62
212.111
220.301
229.067
244.528
229.909
215.278
223.238
194.884
213.054
223.793
244.185
216.404
200.441
225.494
144.946
214.283
236.884
242.231
241.838
195.16
209.066
264.083
232.509
254.014
215.963
218.045
219.471
232.42
229.935
199.98
209.22
258.092
237.752
180.151
182.357
195.419
210.946
213.839
205.809
218.487
254.579
217.832
227.061
233.424
196.152
279.814
196.383
220.708
236.322
260.241
250.487
188.917
226.579
263.914
193.472
173.725
197.237
181.81
168.615
221.401
201.369
200.327
292.882
259.938
212.441
236.604
222.597
234.709
181.463
221.716
190.873
217.967
231.482
224.777
228.897
263.968
249.699
257.505
211.582
221.232
218.559
251.616
191.619
220.593
218.532
230.512
246.147
195.628
201.11
187.486
259.191
263.28
231.55
181.232
233.613
198.849
252.433
213.438
207.491
232.232
201.642
212.208
221.085
236.515
251.255
204.536
262.336
171.55
228.48
256.023
250.827
222.853
208.404
214.46
215.297
196.225
192.687
178.282
206.961
186.761
213.949
242.989
242.569
207.689
189.929
260.707
285.305
249.296
226.488
208.554
220.791
237.033
257.57
223.032
198.34
178.652
219.433
264.157
275.148
218.451
207.964
221.521
239.963
221.333
225.345
214.72
197.637
195.44
276.127
181.875
212.58
222.308
189.009
248.861
314.943
244.746
198.289
225.981
230.985
203.051
171.444
236.842
203.457
259.557
276.243
204.119
230.724
245.254
236.93
223.473
227.296
229.262
214.183
262.792
213.633
201.202
238.087
246.305
227.005
221.216
234.596
217.956
232.192
224.957
201.29
190.384
188.492
196.727
226.355
234.452
266.379
180.679
217.045
234.844
230.667
203.901
190.558
270.939
191.458
229.351
194.231
222
223.419
254.013
256.967
226.675
235.468
182.984
215.385
198.741
274.174
260.689
200.884
242.648
191.292
192.802
248.803
219.022
219.222
213.968
178.584
262.637
257.686
221.354
236.117
250.795
197.595
219.032
246.476
179.113
172.743
221.066
201.358
192.629
219.602
216.348
253.123
232.154
230.172
198.458
244.469
227.143
226.624
188.857
225.68
213.387
287.207
194.544
214.566
252.256
239.223
185.217
278.552
185.262
236.51
228.739
211.017
257.982
204.487
217
179.01
228.998
235.47
210.083
228.949
253.44
257.423
265.832
235.261
224.18
194.331
205.792
210.21
245.863
198.52
236.961
183.778
250.788
211.145
210.53
169.822
217.185
199.399
225.803
207.932
198.548
225.554
253.988
281.757
212.883
199.007
192.835
271.944
163.714
232.787
206.644
258.342
216.095
216.76
222.523
270.448
213.911
195.156
236.535
187.678
228.076
208.811
252.907
228.988
227.603
255.915
235.822
238.384
205.189
193.069
194.145
209.513
216.451
201.055
187.451
202.293
206.756
194.81
206.637
201.651
197.409
214.156
202.481
198.83
224.063
210.041
260.553
199.001
191.371
237.029
245.511
195.972
213.588
205.028
228.207
225.939
246.529
189.583
150.689
194.308
210.895
246.064
211.246
234.055
231.194
227.028
193.466
259.728
280.029
178.224
230.748
233.599
255.958
251.797
262.675
242.713
216.746
279.298
227.941
193.197
196.402
226.559
220.885
210.291
236.471
207.78
194.517
259.701
187.347
226.602
210.911
223.018
229.837
245.622
194.622
241.175
191.227
183.183
213.563
223.724
205.568
250.999
169.831
262.396
192.386
210.652
202.484
250.877
179.684
192.544
202.942
223.367
256.546
224.194
210.722
257.511
219.828
219.494
211.972
234.05
233.238
277.495
246.222
248.174
259.152
143.225
242.194
276.778
183.487
217.267
169.731
209.963
198.539
200.302
228.04
202.002
264.456
220.425
225.237
216.702
275.632
217.48
231.727
231.151
223.585
241.278
250.741
193.393
179.404
220.664
256.234
245.451
179.423
191.445
193.565
191.051
208.616
212.096
205.025
235.347
242.562
265.403
201.19
222.721
231.746
230.114
235.798
242.153
227.486
220.882
212.746
217.794
207.774
190.302
205.512
217.054
190.902
190.168
246.044
228.568
211.701
210.571
188.827
209.667
245.831
198.294
181.526
224.876
286.009
254.705
174.348
200.38
253.946
218.984
210.269
244.274
228.151
200.504
221.29
198.762
260.763
224.371
240.282
228.998
205.773
192.357
205.06
216.093
219.665
216.576
259.815
200.591
229.85
218.959
245.11
224.922
235.856
220.342
215.599
202.74
216.244
214.053
190.38
207.069
221.687
303.052
249.076
206.401
249.689
232.535
237.266
202.816
200.673
190.708
214.757
241.334
175.084
241.954
272.964
189.059
200.535
252.526
203.217
207.101
244.967
258.713
196.41
184.205
231.943
207.427
179.992
188.362
213.02
289.055
189.868
190.83
234.739
246.907
284.854
236.425
191.033
237.767
187.828
161.837
264.628
275.479
185.184
245.295
199.863
242.821
215.722
234.006
249.46
194.056
198.309
306.888
230.559
211.095
151.575
239.278
224.189
246.947
200.712
214.994
232.65
219.915
199.643
257.121
212.251
217.942
204.423
238.775
228.089
211.776
210.858
194.578
153.656
196.418
196.385
277.439
224.73
233.095
239.257
226.231
193.81
241.708
199.455
225.431
228.447
239.65
216.799
204.793
241.851
193.376
224.187
244.889
222.109
202.54
213.669
193.022
215.069
188.018
204.356
246.443
266.575
261.367
215.08
237.452
201.501
218.212
245.826
225.142
185.73
192.408
222.896
193.162
223.492
243.993
227.384
185.398
199.552
250.027
190.03
219.84
229.92
203.944
180.619
203.402
228.595
212.694
272.406
251.387
219.856
201.388
234.194
234.307
218.69
210.029
210.102
216.269
200.849
255.442
238.507
182.505
238.023
228.695
258.993
237.74
240.539
206.464
221.404
215.603
202.341
254.817
230.271
248.135
243.119
189.472
251.17
217.953
250.647
221.744
229.178
235.131
203.708
193.118
224.397
220.966
234.853
240.3
236.445
256.23
202.592
221.402
208.916
207.825
244.176
211.129
278.187
207.597
256.569
228.899
209.033
222.824
203.638
227.085
285.5
222.236
229.44
227.301
288.296
240.134
218.927
182.289
176.092
240.639
206.797
240.529
187.261
202.646
208.641
229.01
219.837
223.729
268.942
217.385
208.661
228.977
195.043
226.65
219.322
238.33
199.183
261.546
183.993
198.573
206.384
253.278
286.705
187.959
248.169
219.772
245.668
200.757
236.77
239.566
202.138
253.857
225.026
184.94
237.12
212.839
220.897
234.743
199.084
230.58
218.736
231.758
286.564
269.888
221.409
263.327
219.229
218.124
257.119
217.628
236.702
237.505
197.373
216.993
253.342
265.53
177.631
234.832
193.711
206.478
225.203
264.111
202.345
182.95
211.564
248.954
191.95
277.886
242.353
186.209
215.257
230.928
245.477
222.419
235.992
278.911
252.121
216.166
179.395
252.333
263.228
224.504
180.617
204.868
258.713
222.093
231.704
192.072
228.446
241.449
193.708
247.282
210.541
198.209
194.512
209.61
260.144
269.595
234.536
222.427
198.083
217.789
255.152
209.464
230.108
188.946
203.374
241.047
227.982
219.096
274.329
198.171
253.484
210.127
282.484
176.738
211.823
245.377
183.406
186.288
221.872
212.728
206.319
217.197
178.603
188.383
218.214
242.656
177.714
196.472
223.775
175.196
234.476
234.637
224.363
251.974
222.625
257.583
199.024
259.365
232.884
218.963
218.578
184.971
191.566
225.174
192.405
203.057
239.422
242.274
239.778
256.501
225.837
229.549
234.389
231.575
222.61
218.016
339.444
254.055
217.559
225.704
231.511
253.072
245.446
247.357
223.733
238.99
211.917
223.371
235.519
254.828
204.794
267.472
182.066
226.707
229.455
223.972
245.203
202.893
218.633
242.915
157.116
219.78
246.852
172.355
229.147
213.261
213.137
193.265
221.061
199.767
208.351
186.457
247.073
227.39
257.785
239.234
299.964
236.921
231.812
215.373
227.651
244.418
199.098
211.139
209.2
224.049
234.337
238.026
211.294
220.305
168.437
203.238
200.441
256.627
174.568
212.032
193.266
222.883
201.511
236.393
186.728
169.825
251.955
227.239
257.067
213.901
203.102
198.915
218.812
189.45
225.061
210.4
218.322
222.576
235.417
254.226
183.675
217.842
229.205
238.282
221.968
201.03
232.911
220.943
219.08
247.786
207.59
215.942
192.461
224.668
201.175
216.799
230.987
229.616
264.704
200.404
205.02
245.616
272.791
290.251
208.657
219.6
222.898
232.161
233.48
221.963
237.662
233.375
232.185
211.878
241.857
257.202
165.89
199.982
218.246
195.927
239.002
234.705
246.23
194.242
223.112
164.19
222.28
185.19
286.364
234.22
215.265
180.24
242.864
288.804
243.021
227.018
243.485
202.205
240.49
213.46
183.608
235.603
196.516
200.1
192.871
207.179
228.81
187.026
207.354
205.599
224.037
224.665
233.72
200.917
202.137
159.51
172.415
242.752
198.065
250.894
265.707
211.015
220.692
212.776
192.162
221.055
212.509
266.722
264.622
256.835
255.714
196.955
240.229
188.359
226.503
219.739
236.219
189.514
206.611
200.791
195.241
269.558
206.605
217.398
247.42
238.847
205.045
198.207
196.691
204.144
210.753
191.84
242.411
239.115
236.111
246.1
231.036
198.952
269.056
219.742
255.608
217.402
147.4
242.615
258.165
189.184
290.077
262.339
234.604
247.973
246.724
235.224
200.947
207.34
216.767
195.89
214.958
257.739
233.527
238.613
222.076
228.031
200.632
215.869
257.047
258.139
216.264
243.581
227.69
210.568
221.628
216.393
295.284
222.513
229.433
221.063
260.195
213.815
195.521
232.174
209.943
227.278
216.714
224.936
191.027
222.357
214.219
191.743
241.734
196.201
274.739
262.294
180.647
219.373
262.593
210.53
218.105
201.207
245.478
215.62
257.204
208.235
185.935
208.433
214.351
233.589
210.604
190.89
206.476
241.944
213.746
167.675
183.433
277.494
207.478
205.407
235.582
213.779
165.411
225.612
252.648
248.101
270.367
207.784
206.449
231.034
262.134
269.893
183.671
251.648
184.77
238.532
211.728
206.961
258.564
261.979
238.247
222.89
201.632
214.925
203.043
235.058
205.117
198.023
262.733
218.433
211.809
223.078
238.039
182.598
180.28
228.27
247.357
222.642
208.286
242.934
204.121
215.621
226.325
254.766
261.904
266.802
211.147
214.324
203.547
222.307
229.359
208.955
197.561
213.609
242.701
222.563
215.785
217.827
190.427
221.898
205.863
252.407
189.51
203.327
211.039
235.801
235.401
242.387
222.91
238.609
190.712
191.514
171.295
251.766
218.094
217.177
243.591
229.921
206.702
241.181
228.987
216.144
224.378
247.887
217.648
225.215
199.788
170.367
248.845
199.069
257.851
204.211
243.469
237.295
275.152
245.045
191.245
235.206
274.912
206.183
188.484
214.417
218.598
195.902
226.972
186.583
206.022
199.594
231.939
314.949
192.658
188.791
222.558
224.869
231.128
208.449
210.348
190.924
262.838
177.675
219.809
228.296
226.943
232.974
236.601
276.14
271.933
231.12
197.665
228.414
246.905
193.991
231.123
247.294
238.597
229.486
225.239
210.494
237.195
210.874
223.794
191.483
266.282
171.513
228.366
223.755
207.092
215.299
225.612
249.919
203.488
221.059
172.942
248.992
194.899
287.372
204.624
206.387
252.119
193.185
150.544
269.773
253.426
215.319
237.301
207.064
260.377
215.497
252.581
176.537
183.722
215.084
223.179
283.349
235.529
216.029
250.117
196.05
188.701
224.212
188.472
232.201
161.091
214.867
255.63
217.667
197.904
234.243
198.168
203.07
211.093
188.658
182.185
200.63
214.349
198.482
258.367
271.299
257.279
178.106
217.721
224.991
257.522
307.885
254.661
251.583
198.448
243.913
199.221
179.467
203.162
217.171
234.113
243.032
203.66
235.396
188.007
207.763
255.391
201.005
170.112
234.952
267.248
238.915
255.641
175.622
195.14
214.536
177.542
224.315
242.416
203.948
201.844
223.159
203.449
246.215
219.743
200.543
219.491
232.038
270.98
213.634
253.826
197.896
250.95
203.464
217.64
201.983
213.577
186.203
234.953
220.755
194.408
179.847
233.653
277.283
248.428
192.352
231.101
217.312
213.667
188.602
216.002
174.344
223.165
214.043
178.079
241.997
242.685
186.825
196.639
261.724
228.449
202.687
260.685
201.401
201.125
207.143
289.051
197.704
206.67
205.959
179.495
302.376
224.46
193.841
228.697
201.64
247.773
231.964
255.624
208.409
229.937
241.422
218.464
236.358
184.065
177.886
169.023
240.759
205.744
202.158
205.343
187.757
226.924
275.301
183.02
182.555
254.757
228.299
227.599
244.808
250.774
213.574
262.662
242.969
166.351
237.179
215.942
209.85
206.326
213.43
229.408
221.963
223.061
205.643
170.027
271.144
260.792
241.977
226.08
268.329
311.55
251.876
213.356
180.731
270.174
207.361
248.406
238.282
197.084
220.161
216.433
218.133
141.057
229.438
189.844
196.285
233.194
212.386
275.709
233.344
234.061
207.185
195.148
214.034
256.759
224.476
220.376
242.855
244.182
235.188
239.984
202.301
237.107
221.17
263.019
262.25
214.646
209.219
215.489
269.076
259.272
254.595
220.925
269.938
212.085
274.95
199.66
232.317
229.192
210.853
216.603
277.815
247.237
242.784
199.973
240.557
227.103
210.228
286.72
169.626
205.541
193.154
203.056
189.724
216.832
213.161
267.471
229.324
181.996
214.68
165.871
211.338
215.767
173.38
227.359
210.689
264.4
183.376
245.158
200.169
230.045
199.531
183.982
225.109
222.362
231.414
207.733
237.603
214.653
196.893
219.056
205.899
271.281
229.557
206.108
212.9
178.484
260.748
202.9
229.278
231.164
202.333
214.992
288.468
237.523
223.568
242.771
161.853
241.65
207.673
262.003
231.295
303.86
203.868
278.752
230.891
217.09
221.215
273.818
228.875
246.456
248.049
247.026
213.052
234.722
211.199
227.733
218.004
253.879
217.156
241.15
190.744
270.702
271.466
274.135
253.003
211.706
245.211
256.072
231.572
229.648
233.745
235.267
303.36
246.367
224.62
240.359
189.817
196.253
221.814
231.518
169.708
171.219
272.225
235.121
198.02
225.289
232.467
221.073
242.126
227.52
215.895
223.248
211.211
212.26
265.441
193.909
192.327
232.085
238.295
261.245
203.047
233.767
201.013
229.468
204.712
220.969
191.382
252.99
210.732
252.84
276.078
204.292
268.571
179.369
235.948
188.194
253.49
215.3
232.266
209.634
243.387
197.388
198.325
189.235
266.834
243.899
216.449
223.848
196.344
221.576
223.926
200.583
206.751
209.488
202.473
243.22
222.941
218.282
217.404
219.729
255.897
166.472
204.089
219.842
230.575
269.684
206.665
223.403
216.063
228.945
189.603
238.684
190.411
184.093
235.216
196.641
229.183
250.278
220.453
167.464
217.588
229.717
221.562
197.479
211.959
210.766
194.446
175.495
260.982
198.918
205.809
239.392
251.65
213.784
245.362
235.113
221.559
197.95
214.251
223.365
221.931
218.245
210.804
198.36
241.117
222.5
178.762
265.516
212.195
239.132
206.89
230.583
251.91
201.905
219.287
223.369
259.009
194.819
251.736
254.957
218.472
188.933
196.706
224.565
214.266
249.43
218.65
210.326
261.233
184.918
205.733
213.327
229.114
236.68
199.356
232.095
239.998
219.722
242.485
204.087
325.949
282.592
239.027
255.896
216.227
239.573
251.74
186.624
233.42
222.304
209.096
291.289
262.323
184.94
248.477
242.377
233.618
161.765
172.346
184.4
227.37
199.001
209.614
197.933
207.714
193.485
251.407
221.951
205.125
222.633
254.498
232.203
244.179
218.396
223.788
222.182
195.372
251.017
245.904
255.15
212.998
195.346
227.971
175.569
180.123
244.311
258.582
234.572
217.166
239.648
241.078
221.83
199.352
222.847
234.589
244.593
226.536
225.178
212.981
214.162
270.619
222.961
197.946
230.015
270.358
242.245
203.81
216.355
209.766
191.762
242.192
244.142
192.72
193.54
231.533
197.612
205.867
210.278
204.192
219.278
234.484
231.96
236.669
217.137
213.118
243.989
190.649
195.877
259.862
236.358
279.473
217.596
204.124
