1523.1
1476.07
1448.31
1598.84
1347.73
1547.23
1508.46
1565.37
1677.88
1658.92
1549.1
1539.25
1436.56
1505.06
1612.57
1580.54
1554.25
1467.54
1389.83
1489.42
1586.99
1426.75
1569.12
1548.44
1478.39
1504.31
1494.15
1533.13
1620.22
1571.69
1458.42
1519.52
1437.06
1529.95
1547.52
1553.28
1613.5
1391.85
1527.92
1517.2
1757.22
1500.86
1445.87
1406.37
1523.69
1494.9
1627.69
1454.9
1650.48
1635.67
1576.6
1478.23
1277.7
1593.36
1584.91
1412.8
1447.4
1582.33
1499.68
1529.6
1708.47
1597.86
1414.09
1364.21
1624.03
1574.8
1464.31
1622.3
1630.36
1599.82
1437.64
1466.1
1520.72
1474.22
1487.36
1543.78
1435.79
1385.62
1437.53
1647.61
1446.28
1559.55
1574.84
1647.2
1411.86
1554.46
1516.42
1509.77
1565.41
1604.77
1688.58
1478.41
1602.44
1500.68
1618.27
1657.05
1617.86
1504.74
1522.24
1798.75
1501.76
1523.01
1546.55
1536.08
1630.3
1503.65
1560.79
1556.72
1566.1
1411.03
1618.46
1526.85
1492.03
1452.37
1560.26
1503.06
1624.55
1542.08
1681.32
1640.75
1463.64
1425.03
1636.4
1556.38
1578.39
1652.85
1569.05
1597.87
1509.61
1549.69
1411.88
1602.42
1549.63
1471.93
1511
1421.1
1519.57
1701.13
1651.6
1465.25
1433.02
1471.57
1529.41
1516.46
1466.25
1531.44
1561.73
1641.19
1654.7
1459.06
1444.01
1595.42
1670.56
1606.96
1707.97
1437.33
1376.63
1517.16
1541.11
1408.38
1529.49
1478.11
1683.22
1648.5
1516.47
1743.28
1568.82
1461.21
1602.44
1472.72
1400.37
1640.88
1441.77
1578.21
1615.76
1559.34
1637.76
1627.95
1570.87
1503.95
1538.7
1752.78
1546.59
1611.34
1540.02
1502.7
1636.72
1458.94
1565.86
1540.7
1521.64
1424.75
1539.99
1497.93
1689.98
1474.92
1500.98
1460.21
1552.77
1550.24
1533.63
1550.51
1550.41
1419.13
1426.65
1547.86
1582.56
1410.35
1480.68
1559.72
1519.32
1571.6
1502.15
1564.51
1655.26
1532.19
1453.02
1426.44
1556.61
1534.73
1521.36
1560.41
1480.62
1487.73
1639.59
1564.85
1440.81
1654.89
1526.82
1456.32
1679.97
1361.81
1629.74
1667.89
1473.78
1468.63
1614.38
1383.53
1537.41
1553.86
1528.92
1546.51
1526.57
1547.27
1607.43
1552.55
1530.65
1560.67
1563.94
1529.09
1497.19
1611.64
1526.94
1618.7
1557.59
1497.73
1455.79
1604.12
1483.76
1313.26
1593.65
1606.27
1570.7
1572.87
1402.67
1446.66
1608.51
1515.25
1667.2
1626.39
1666.78
1413.72
1630.46
1633.75
1605.42
1479.59
1527.39
1443.86
1515.5
1531.87
1567.26
1437.92
1523.5
1587.6
1624.75
1584.57
1410.35
1612.47
1500.57
1532.22
1525.13
1474.96
1412.43
1610.43
1458.23
1549.52
1647.33
1532.46
1590.93
1511.91
1429.11
1685.56
1635.76
1665.36
1549
1484.35
1762.42
1693.77
1531.39
1668.63
1444.59
1505.41
1400.41
1639.37
1558.8
1647.02
1566.59
1513.72
1522.01
1637.4
1437.88
1530.1
1569.45
1426.25
1621.91
1625.18
1500.87
1487.55
1562.1
1665.62
1587.25
1361.38
1687.75
1518.33
1541.03
1561.16
1440.01
1384.15
1463.04
1458.2
1664.55
1656.11
1528.67
1454.45
1538.08
1604.08
1488.79
1572.57
1583.37
1599.15
1460.78
1500.19
1496.45
1446.37
1568.69
1535.97
1610.14
1492.95
1508.65
1409.75
1473.41
1535.36
1531.95
1558.48
1480.54
1634.76
1744.52
1561.85
1669.15
1573.47
1430.17
1563.06
1701.59
1581.94
1589.62
1567.28
1772.57
1578.39
1583.4
1520.73
1437.22
1554.63
1547.09
1579.27
1443.98
1528.31
1620.3
1514.64
1591.18
1450.75
1498.58
1466.45
1586.32
1515.65
1493.1
1507.26
1602.99
1492.9
1536.93
1372.04
1514.55
1435.58
1549.68
1762.27
1502.25
1571.11
1412.6
1548.95
1399.23
1475.86
1429.69
1586.19
1455.4
1580.2
1497.81
1488.92
1577.17
1478.39
1517.7
1567.83
1485.41
1518.12
1619.14
1450.37
1446.06
1660.54
1480.11
1559.5
1528.8
1522.59
1462.87
1491.24
1439.01
1556.59
1704.03
1516.91
1438.39
1652.76
1488.88
1607.58
1801.73
1580.62
1556.32
1560.7
1466.06
1540.76
1612.95
1423
1543.82
1465.21
1631.15
1584.35
1467.11
1552.26
1627.43
1523.38
1497.13
1580.04
1626.08
1431.81
1437.15
1486.6
1534.69
1527.99
1565.52
1488.91
1563.69
1597.03
1508.79
1577.65
1623.55
1596.46
1552.89
1556.61
1676.49
1523.77
1552.98
1500.28
1504.61
1498.73
1421.4
1600.9
1491.26
1470.8
1587.01
1610.68
1536.98
1713.03
1546.99
1530.57
1639.39
1560.18
1611.19
1622.83
1589.62
1626.46
1433.31
1497.44
1685.02
1579.82
1416.07
1431.35
1544.7
1459.39
1531.29
1522.44
1510.75
1569.44
1283.31
1547.4
1622.54
1588.13
1587.52
1431.89
1557.2
1478.71
1489.41
1513.54
1560.1
1613.08
1791.88
1506.38
1423.71
1766.34
1447.35
1546.34
1556.21
1561.12
1532.38
1547.68
1350.47
1686.68
1531.74
1516.82
1574.99
1494.58
1551.04
1584.32
1633.28
1454.25
1535.75
1490.99
1538.12
1583.49
1464.67
1438.38
1478.41
1353.86
1540.57
1497.8
1544.27
1384.15
1457.92
1475.13
1539.62
1444.18
1532.98
1563.77
1492.66
1755.34
1538.71
1525.15
1496.29
1535.09
1719.77
1439.86
1570.31
1598.81
1539.38
1347.24
1501.02
1507.96
1507.93
1538.86
1597.72
1598.91
1662.59
1439.89
1439.16
1559.75
1603.85
1483.43
1531.95
1557.05
1469.26
1550.85
1597.33
1580.84
1542.43
1517.91
1439.38
1563.02
1565.76
1571.25
1626.87
1451.4
1511.88
1592.95
1592.34
1591.38
1549.13
1476.46
1549.55
1670.77
1590.36
1499.31
1615.77
1423.34
1544.28
1620.66
1584.25
1539.9
1558.64
1538.71
1555.04
1510.85
1626.06
1573.06
1394.69
1633.36
1652.84
1594.24
1489.9
1633.05
1529.76
1646.16
1561.86
1562.39
1693.35
1509.66
1503.18
1405
1437.59
1607.85
1592.13
1288.42
1659.16
1429.99
1602.6
1600.63
1441.62
1615.54
1580.39
1408.53
1469.69
1555.66
1544.36
1529.17
1473.34
1462.25
1466.74
1600.54
1484.05
1621.76
1533.42
1585.12
1594.02
1615.81
1605.94
1784.46
1600.9
1591.46
1534.75
1593.61
1615.96
1433.4
1575.73
1483.94
1584.1
1485.62
1464.98
1527.78
1475.2
1471.13
1459.47
1555.61
1487
1509.13
1624.04
1470.7
1372.61
1439.55
1442.47
1534.95
1502.5
1667.49
1341.58
1486.03
1485.62
1447.97
1527.4
1492.52
1529.37
1710.69
1513.54
1537.59
1601
1379.17
1545.27
1574.78
1648.72
1655.39
1601.78
1593.61
1537.57
1593.5
1589.84
1492.28
1586.31
1517.28
1598.45
1427.7
1631.81
1590.46
1374.11
1690.02
1524.47
1615.11
1642.11
1521.79
1598.83
1416.66
1522.09
1525.37
1539.63
1516.76
1666.73
1585.01
1526.27
1526.48
1619.52
1634.86
1510.72
1643.23
1537.86
1557.69
1424.46
1677.06
1376.46
1613.09
1604.83
1567.27
1522.9
1501.52
1549.42
1595.83
1512.05
1572.75
1556.13
1445.17
1561.2
1608.19
1612.78
1455.39
1473.96
1503.99
1596.94
1602.95
1598.64
1494.22
1579.03
1536.3
1535.96
1633.73
1659.92
1531.9
1570.15
1548.87
1530.96
1574.07
1558.35
1483.67
1592.74
1545.95
1500.38
1479.79
1423.51
1451.42
1410.27
1482.96
1452.78
1579.1
1509.91
1554.69
1444.97
1534.04
1507.75
1429.47
1558.62
1591.88
1483.28
1458.14
1535.49
1515.86
1615.05
1531.24
1522.11
1710.39
1690.44
1471.36
1565.56
1616.55
1464.81
1624.52
1601.76
1653.84
1473.49
1476.11
1641
1570.46
1508.65
1529.82
1597.82
1643.05
1419.42
1556.12
1462.69
1526.08
1523.61
1605.44
1468.35
1507.08
1558.14
1414.04
1415.3
1460.75
1521.56
1416.09
1638.55
1536.19
1500.81
1380.61
1631.41
1621.48
1488.7
1457.98
1546.81
1615.08
1550.51
1380.11
1522.47
1512
1596.4
1429.02
1499.49
1596.09
1522.4
1552.52
1715.95
1705.74
1474.25
1376.72
1500.31
1541.06
1518.08
1558.74
1494.42
1550.81
1479.2
1577.4
1307.66
1576.09
1411.69
1498.82
1537.92
1434.49
1619.29
1630.57
1593.31
1618.97
1593.8
1581.41
1510.03
1406.82
1556.24
1648.72
1515.85
1536.78
1501.45
1403.79
1425.31
1498.43
1481.09
1617.01
1503.3
1587.99
1548.79
1488.96
1560.64
1604.13
1503.5
1593.52
1535.55
1414.09
1459.58
1429
1553.48
1657.03
1496.92
1574.45
1505.38
1475.96
1532.3
1569.75
1452.43
1508.23
1587.29
1601.99
1486.46
1590.37
1518.82
1387.88
1591.05
1604.67
1589.36
1556.81
1470.11
1499.54
1588.89
1550.46
1480.57
1512.29
1602.35
1443.25
1508.2
1540.78
1537.74
1531.47
1576.87
1553.2
1414.92
1559.48
1598.79
1535.36
1483.67
1410.8
1489.55
1561.48
1626.17
1714.53
1525.03
1471.26
1571.02
1519.31
1556.71
1515.11
1668.61
1518.45
1634.41
1439.16
1476.48
1473.98
1508.91
1437.06
1594.44
1722.03
1438.66
1486.32
1433.76
1520.8
1455.68
1467.13
1436.24
1476.63
1453.88
1538.36
1458.34
1653.36
1554.79
1527.93
1587.85
1316.83
1632.09
1531.22
1631.07
1538.55
1420.27
1503.48
1680.38
1483.75
1490.21
1531.01
1468.96
1622.63
1616.51
1588.59
1624.91
1452.06
1432.39
1496
1468.14
1522.37
1482.23
1620.85
1600.45
1633.38
1562.07
1531.38
1534.76
1545.64
1678.48
1621.06
1547
1594.09
1438.13
1573.21
1626.6
1546
1489.06
1480.64
1563.17
1515.51
1585.86
1598.13
1593.07
1735.45
1501.47
1523.78
1445.3
1486.89
1492.69
1669.83
1529.26
1572.82
1608.01
1538.76
1617.69
1609.23
1623.18
1480.57
1574.44
1538.85
1588.89
1599.75
1415.97
1530.52
1574.66
1451.48
1482.4
1434.3
1511.12
1480.26
1566.09
1521.05
1478.26
1578.63
1484.26
1459.06
1583.58
1563.3
1495.38
1372.32
1627.79
1534.45
1560.47
1499.93
1573.49
1490.26
1620.08
1574.44
1420
1678.07
1490.05
1648.41
1636.9
1462.66
1572.23
1591.27
1637.52
1587.83
1539.21
1489.83
1498.11
1581.27
1440.05
1455.21
1516.88
1569.08
1567.05
1471.18
1540.11
1550.56
1606.06
1441.93
1506.24
1592.37
1420.03
1754.83
1635.51
1703.38
1502.43
1508.34
1548.85
1544.7
1650.32
1465.81
1708.14
1454.68
1543.37
1551.29
1468.26
1571.88
1655.86
1701.66
1715.63
1630.77
1544.14
1452.02
1523.17
1611
1500.84
1433.96
1509.39
1530.08
1473.69
1567.93
1430.93
1451.34
1537.88
1522.91
1675.73
1455.36
1502.85
1540.92
1624.51
1391.17
1558.37
1599.85
1577.92
1526.45
1600.17
1539.69
1544.9
1548.73
1513.45
1645.41
1410.73
1451.9
1514.85
1694.27
1621.05
1512.83
1543.33
1439.03
1633.65
1451.2
1549.48
1350.87
1602.66
1416.37
1576.34
1535.34
1418.72
1626.81
1522.1
1502.87
1580.77
1477.27
1519.45
1461.31
1446.96
1446.37
1438.52
1590.3
1550.81
1468.64
1543.53
1471.41
1697.93
1555.89
1566.68
1550.61
1517.88
1670.86
1519.89
1525.49
1586.25
1617.78
1382.82
1460.22
1450.64
1408.26
1611.14
1729.28
1555.2
1569.42
1524.04
1629.9
1518.48
1579.39
1556.09
1480.85
1412.25
1427.72
1442.96
1562.07
1621.51
1502.39
1562.95
1502.15
1504.65
1533.23
1609.73
1657.48
1611.82
1505.05
1642.86
1561.17
1563.63
1537.49
1530.06
1619.59
1451.84
1483.57
1548.07
1507.17
1494.06
1520.02
1412.37
1327.79
1486.5
1579.85
1563.31
1486.41
1497.03
1596.44
1504.92
1397.71
1418.71
1527.57
1574.8
1529.21
1621.11
1513.13
1639.43
1624.51
1564.48
1537.6
1433.53
1567.17
1434.51
1488.22
1586.21
1656.84
1430.4
1586.44
1560.6
1493.43
1648.1
1561.36
1571.69
1601.2
1540.1
1576.21
1504.9
1568.64
1415.86
1449.31
1564.51
1586.76
1499.92
1562.48
1535.98
1518.59
1575.31
1576.77
1694.43
1729.21
1676.31
1538.36
1572.57
1535.38
1601.82
1566.89
1574.06
1641.46
1582.51
1582.4
1567.21
1401.76
1557.05
1644.01
1550.12
1522.6
1570.23
1651.74
1412.03
1547.14
1466.85
1549.38
1473.84
1669.6
1702.24
1483.33
1597.49
1487.2
1549.99
1410.51
1514.61
1496.98
1559.74
1568.62
1501.44
1473.31
1578.34
1562.38
1574.17
1518.31
1382.19
1600.53
1423.32
1621.24
1646.82
1675.51
1550.02
1594.63
1474.06
1551.18
1565.32
1561.53
1371.88
1509.11
1561.24
1665.66
1579.36
1580.81
1582.74
1578.59
1649.1
1452.75
1644.89
1526.44
1611.17
1574.68
1392.78
1490.76
1499.7
1599.27
1526.14
1557.2
1541.2
1599.83
1456.06
1455.52
1583.59
1487.41
1649.19
1541.8
1481.54
1610.89
1544.54
1507.25
1463.36
1546.43
1558.48
1662.42
1382.2
1520.46
1513.88
1698.05
1615.76
1508.71
1639.85
1490.47
1601.65
1549.98
1569.06
1555.84
1562.08
1397.02
1472.58
1601.47
1576.96
1521.72
1565.49
1658.69
1552.28
1525.29
1664.89
1578.29
1482.5
1633.88
1539.08
1545.52
1631.82
1427.49
1407.21
1688.63
1607.92
1602.64
1548.19
1529.54
1751.45
1509.71
1414.38
1476.74
1550.74
1372.92
1578.63
1447.03
1709.31
1519.69
1584.81
1599.58
1512.59
1530.73
1518.09
1565.56
1450.62
1585.84
1489.8
1551.79
1442.97
1484.32
1663.74
1558.32
1645.12
1520.17
1477.84
1429.92
1516.76
1483.01
1539.92
1425.41
1610.98
1599.05
1639.36
1503.72
1518.6
1513.29
1601.5
1519.48
1794.07
1527.68
1481.74
1437.55
1620.19
1548.41
1452.7
1548.19
1506.45
1558.26
1579.73
1571.29
1484.28
1427.82
1588.84
1674.73
1579.54
1618.14
1436.87
1387.38
1510.34
1556.69
1574.12
1610.59
1566.53
1484.09
1674.76
1586.87
1632.97
1604.21
1565.96
1553.34
1506.79
1534.48
1445.13
1459.21
1567.69
1521.99
1508.01
1607
1548.43
1512.75
1427.89
1686.32
1587.07
1653.54
1453.29
1682.57
1607.37
1604.92
1651.59
1643.76
1616.21
1520.68
1532.69
1526.48
1498.32
1607.48
1598.78
1507.72
1509.13
1540.01
1560.67
1523.5
1464.98
1624.35
1487.39
1474.29
1441.99
1547.48
1493.9
1482.13
1526.63
1650.59
1547.8
1688.57
1726.06
1509.68
1476.88
1332.73
1538.46
1677.76
1689.94
1496.35
1488.62
1529.62
1507.89
1444.34
1477.98
1473.4
1384.01
1573.2
1715.2
1552.18
1450.21
1553.69
1545.77
1409.25
1648.52
1605.76
1733.65
1412.73
1485.9
1476.82
1518.95
1446.6
1603.46
1418.81
1402.48
1673.95
1520.78
1657.95
1444.34
1613.67
1436.35
1494.66
1543.08
1553.31
1493.22
1554.46
1494.87
1550.39
1485.14
1607.45
1440.98
1541.46
1594.69
1542.47
1468.35
1508.2
1554.62
1582.28
1488.59
1546.65
1528.07
1435.06
1523.77
1527.89
1649.19
1625.95
1478.43
1585.31
1553.87
1517.39
1541.3
1527.51
1606.58
1541.87
1446.07
1561.96
1557.67
1603.83
1591.85
1625.02
1690.5
1666.81
1589.85
1549.95
1533.07
1546.03
1531.03
1472.58
1548.83
1520.34
1598.91
1579.56
1583.26
1494.62
1498.24
1603.96
1661.37
1494.41
1588.44
1580.46
1634.46
1372.52
1397.43
1444.48
1430.6
1433.59
1479.05
1483.99
1630.04
1544.3
1615.61
1582.07
1559.41
1518.77
1742.8
1638.69
1562.72
1415.56
1604.03
1669.37
1619.75
1397.22
1562.51
1584.45
1648.53
1526.32
1583.64
1598.05
1694.77
1556.07
1539.14
1448.09
1442.48
1576.28
1459.47
1507.65
1355.16
1606.58
1552.56
1554.64
1561.89
1640.51
1362.67
1630.9
1520.47
1480.14
1602.78
1608.03
1557.51
1516.85
1656.81
1660.02
1496.02
1452.51
1668.46
1586.18
1508.56
1438.05
1529.2
1552.5
1640.17
1619.87
1597.42
1553.81
1584.85
1515.8
1594.92
1735.99
1575.34
1641.82
1537.71
1523.86
1538.33
1462.28
1510.61
1532.71
1551.22
1484.96
1547.92
1541.5
1651.75
1565.72
1540.9
1433.65
1667.11
1616.93
1605.97
1547.64
1515.9
1523.59
1610.04
1501.5
1577.76
1671.55
1602.33
1457.11
1635.16
1417.37
1665.71
1508.1
1385.55
1572.12
1549.34
1555.93
1702.85
1479.19
1580.35
1529
1582.5
1578.56
1633.52
1555.44
1437.07
1437.16
1483.42
1555.94
1514.03
1695.23
1442.72
1534.34
1507.52
1422.84
1377.89
1530.33
1547.72
1669.41
1540.31
1560.74
1542.77
1520.46
1626.77
1593.34
1510
1413.34
1525.63
1378.46
1587.46
1661.52
1448.7
1462.4
1463.11
1475.34
1487.09
1508.36
1351.68
1526.88
1522.58
1408.89
1490.21
1385.45
1511.05
1456.84
1586.21
1604.28
1507.13
1515.64
1626.99
1447.2
1438.1
1561
1616.03
1566.09
1486.06
1543.74
1506.22
1344.48
1585.53
1592.07
1603.57
1427.96
1559.86
1626.85
1610.61
1418.62
1532.88
1680.63
1460.9
1455.41
1462.04
1507.91
1597.18
1336.12
1460.47
1629.78
1651.12
1585.82
1552.99
1614.24
1406.21
1564.15
1402.76
1500.88
1569.02
1482.38
1450.65
1580.75
1500.82
1442.74
1495.67
1543.49
1599.39
1450.37
1589.07
1535.58
1444.88
1390.09
1520.13
1491.03
1578.04
1469.99
1506.92
1689.99
1595.25
1675.24
1567.37
1446.45
1571.3
1595.43
1702.58
1611.41
1608.13
1548.57
1482.89
1662.15
1603.81
1561.69
1472.89
1505.28
1546.9
1582.03
1524.63
1474.16
1682.24
1512.88
1589.32
1523.2
1579.5
1600.77
1611.65
1534.47
1712.74
1543.54
1553.05
1355.77
1613.51
1426.36
1586.25
1442.44
1409.81
1660.82
1464.09
1585.08
1404.69
1450.1
1488.68
1462.71
1541.3
1476.27
1496.49
1566.02
1497.85
1516.86
1615.29
1426.22
1604.71
1534.5
1423.98
1578.22
1590.73
1503.73
1494.01
1566.24
1515.79
1593.45
1495.08
1509.4
1488.74
1487.12
1531.34
1491.63
1540.52
1467.37
1559.63
1618.03
1615.74
1568.21
1558.32
1627.22
1513.91
1570.47
1617.63
1463.64
1617.5
1416.88
1689.93
1601.58
1521.95
1519.04
1637.43
1392.11
1501.58
1581.38
1553.53
1540.03
1610.75
1741.18
1653.8
1499.75
1619.68
1580.06
1570.75
1597.56
1526.67
1557.47
1692
1489.89
1606.6
1602.3
1545.94
1584.55
1632.69
1579.26
1559.68
1580.56
1535.68
1433.99
1491.16
1478.67
1520.6
1550.31
1672.36
1648.58
1450.9
1536.29
1508.17
1591.3
1556.12
1409.66
1447.08
1535.68
1569.03
1452.45
1600.04
1534.55
1536.54
1579.9
1531.66
1622.73
1560.38
1551.19
1410.35
1443.65
1587.86
1686.72
1589.21
1582.93
1552.6
1473.13
1578.34
1810.41
1583.12
1647.55
1610.7
1505.26
1575.59
1479.67
1551.74
1600.05
1510.69
1477.33
1498.16
1491.86
1668.66
1567.05
1495.18
1421.5
1663.96
1520.67
1588.75
1471.12
1576.67
1437.2
1562.12
1443.66
1499.96
1429.79
1475.45
1530.6
1471.54
1507.46
1584.7
1592.3
1537.03
1569.61
1589.64
1501.31
1538.56
1681.23
1453.11
1667.06
1645
1499.8
1501.39
1570.93
1499.03
1496.44
1599.26
1408.11
1507.92
1433.89
1741.71
1539.46
1426.15
1601.68
1490.89
1471.21
1629.01
1443.59
1536.41
1496.66
1633.25
1488.38
1544.01
1646.02
1658.86
1616.18
1536.83
1453.19
1553.78
1500.85
1475.85
1494.16
1411.13
1559.88
1504.94
1489.24
1567.98
1507.35
1422.15
1448.15
1678.35
1661.46
1572.88
1406.11
1405.72
1553.91
1550.67
1632.59
1612.15
1433.82
1578.19
1513.02
1589.49
1556.88
1496.97
1393.7
1571.32
1579.78
1490.21
1610.65
1483.18
1607.32
1446.92
1720.45
1376.06
1603.58
1703.42
1658.46
1514.79
1460.77
1573.07
1448.15
1532.69
1503.54
1455.6
1553.46
1398.45
1730.2
1468.44
1599.24
1415.17
1439.26
1589.57
1479.25
1464.27
1494.06
1409.14
1577.38
1480.4
1504.23
1513.54
1483.61
1500.25
1442.35
1415.71
1669.53
1578.07
1585.89
1590.3
1540.11
1627.36
1571.61
1492.49
1548.26
1455.94
1480.22
1572.63
1520.76
1414.41
1491.57
1563.72
1651.89
1553.34
1720.93
1498.63
1545.79
1460.31
1454.91
1603.51
1632.21
1469.93
1512.71
1544.17
1501
1683.03
1505.39
1525.24
1635.5
1569.49
1632.22
1647.74
1544.42
1596.67
1459.73
1480
1591.1
1489.07
1656.6
1482.24
1465.25
1554.98
1633.22
1573.99
1602.13
1500.76
1528.79
1596.96
1352.32
1467.45
1488.51
1514.9
1552.67
1703.51
1550.39
1522.32
1642.38
1538.91
1436.76
1532.61
1520.16
1322.39
1514.51
1522.89
1586.66
1389.32
1467.74
1489.78
1526.46
1411.28
1372.59
1419.66
1506.32
1588.26
1358.79
1621.68
1623.96
1397.96
1491.6
1505.8
1464.93
1582.27
1485.78
1630.93
1525
1464.17
1530.43
1467.53
1533.61
1660.81
1575.79
1587.78
1606.2
1419.44
1490.19
1424.04
1541.5
1505.77
1479.34
1542.92
1605.77
1625.94
1426.21
1574.32
1591.44
1546.7
1591.98
1653.08
1570.62
1360.74
1457.11
1592.45
1501.07
1698.8
1589.71
1491.11
1526.99
1500.75
1556.54
1523.31
1413.84
1496.5
1644.73
1538.46
1360.48
1438.93
1564.61
1532.38
1584.19
1607.53
1668.5
1605.37
1505.19
1473.35
1669.37
1369
1520.94
1471.47
1578
1408.11
1550.34
1574.33
1542.36
1524.74
1593.22
1432.89
1578.98
1660.79
1577.1
1669.67
1620.81
1533.5
1444.89
1621.45
1425.42
1503.29
1595.81
1614.3
1482.89
1659.51
1501.54
1436.38
1577.25
1598.64
1544.03
1582.77
1527.59
1544.5
1525.89
1513.55
1550.39
1593.53
1611.49
1621.88
1709.94
1515.82
1565.55
1458.26
1490.57
1504.47
1528.23
1530.69
1458.79
1711.55
1655.34
1464.81
1560.9
1724.13
1424.97
1539.36
1494.53
1588.72
1419.36
1390.91
1555.99
1353.92
1597.7
1477.07
1664.57
1607.41
1749.29
1571.94
1505.34
1557.89
1687.45
1563.51
1493.47
1567.66
1465.78
1640.31
1568.48
1661.41
1603.11
1424.57
1554.32
1416.88
1500.71
1473.4
1471.44
1638.55
1548.83
1623.11
1511.9
1677.94
1557.42
1507.79
1507.56
1674.96
1579.51
1559.89
1519.73
1545.35
1623.53
1513.8
1661.94
1490.57
1554.76
1562.52
1566.06
1400.71
1610.11
1742.22
1501.37
1376.31
1493.81
1599.2
1535.49
1676.33
1679.33
1634.87
1583.47
1574.87
1520.21
1649.39
1482.59
1501.27
1547.73
1537.82
1580.4
1451.49
1594.95
1464.72
1596.33
1444.33
1510.09
1565.07
1534.18
1666
1375.88
1550.37
1563.66
1664.49
1432.11
1538.96
1544.82
1537.94
1498.75
1522.13
1459.47
1449.43
1536.07
1798.37
1403.61
1625.1
1539.59
1498.13
1806.79
1539.02
1505.08
1446.07
1651.95
1491.48
1482.92
1566.65
1580.91
1542.91
1500.76
1587.92
1589.59
1512.99
1544.22
1666.39
1527.72
1513.31
1570.89
1434.88
1464.1
1567.82
1488.66
1454.07
1614.1
1537.82
1572.23
1598.46
1592.27
1474.99
1609.29
1499.49
1541.74
1519.29
1536.25
1532.06
1422.77
1590.27
1525.45
1476.62
1459.59
1586.86
1612.57
1485
1444.32
1717.33
1475.86
1482.18
1464.51
1443.66
1414.07
1609.47
1612.36
1505.99
1675.84
1581
1581.95
1586.31
1424.47
1679.58
1594.63
1563.34
1649.07
1603.87
1662.49
1746.9
1409.09
1402.08
1419.68
1454.07
1547.58
1603.55
1530.07
1652.28
1457.01
1554.78
1734.33
1502.35
1650.85
1579.06
1573.77
1590.34
1467.27
1591.77
1666.04
1576.78
1685.85
1499.79
1616.29
1507.55
1511.76
1644.64
1531.27
1546.13
1661.71
1544.8
1436.1
1529.68
1544.69
1536.24
1417.87
1315.35
1573.9
1508.93
1539.32
1513.94
1476.87
1657.3
1504.91
1595.7
1596.46
1575.11
1752.02
1643.03
1435.91
1414.22
1481.01
1428.29
1442.98
1587.36
1542.82
1391.12
1576.92
1613.83
1474.53
1487.62
1584.97
1568.65
1655.31
1487.92
1568.29
1639.74
1519.47
1470.26
1389.7
1637.37
1591.61
1502.19
1451.54
1510.33
1562.01
1612.43
1533.55
1513.27
1560.98
1479.22
1639.65
1534.01
1515.09
1636.9
1562.49
1456.73
1589.13
1610.4
1554.35
1514.84
1490.39
1504.2
1522.16
1542.17
1510.49
1520.21
1528.2
1581.87
1545.36
1515.1
1822.98
1610.09
1642.19
1513.24
1612.64
1584.82
1480.21
1561.68
1662.77
1533.54
1489.19
1630.81
1512.07
1576.94
1511.6
1577.05
1497.5
1637.99
1528.48
1633.21
1521.08
1545.1
1544.33
1440.71
1539.86
1484.57
1676.21
1552.42
1452.73
1444.22
1497.05
1654.51
1534.59
1499.21
1476
1538.8
1697.49
1574.7
1594.93
1537.91
1628.15
1599.4
1444.21
1540.48
1643.63
1676.53
1431.65
1648.22
1465.82
1576.85
1558.1
1522.85
1447.24
1527.58
1667.49
1624.65
1514.57
1528.55
1402.87
1535.91
1404.29
1602.56
1441.44
1591.76
1528.71
1550.86
1617.65
1536.08
1548.21
1623.01
1536.82
1502.22
1577.13
1645.72
1748.2
1414.95
1584.98
1555.23
1535.32
1397.97
1548.09
1586.27
1523.93
1657.06
1565.03
1445.41
1570.01
1568.79
1675.3
1540.96
1467.48
1563.72
1686.02
1580.63
1439.73
1562.34
1710.84
1612.19
1493.29
1583.79
1595.46
1552.75
1381.92
1414.32
1484.87
1562.14
1586.19
1488.29
1611.37
1706.7
1390.05
1588.94
1507.51
1480.88
1660.68
1371.68
1538.11
1536.73
1576
1578.87
1436.49
1498.66
1551.2
1600.62
1456.27
1555.22
1525.44
1692.7
1677.25
1458.81
1506.7
1402.24
1377.63
1559.63
1580.11
1584.8
1493.39
1574.04
1449.81
1582.49
1573.58
1552.78
1509.98
1633.58
1485.72
1396.17
1597.69
1453.63
1644.5
1660.58
1425.18
1542.67
1619.92
1398.94
1574.23
1672.94
1447.57
1589.58
1633.5
1673.31
1543.38
1533.33
1413.86
1585.47
1493.85
1419.76
1429.14
1545.74
1436.48
1449.95
1480.65
1599.69
1604.09
1513.65
1533.94
1525.52
1515.43
1491.14
1615.66
1628.37
1583.87
1619.69
1537.74
1480.33
1565.32
1453.17
1494.96
1675.97
1635.3
1678.62
1564.26
1506.07
1465.06
1572.9
1543.98
1405.36
1528.89
1469.84
1597.41
1473.35
1526.65
1502.66
1517.12
1495.42
1574.9
1651.23
1575.7
1728.22
1459.3
1551.33
1594.19
1384.17
1441.44
1581.17
1625.36
1642.34
1447.87
1474.61
1534.89
1536.83
1515.82
1637.88
1414.48
1525.78
1551.45
1583.18
1575.73
1482.18
1509.68
1657.48
1436.49
1512.86
1445.09
1506.61
1641.29
1423.21
1510.44
1529.91
1503.31
1777.27
1506.32
1621.3
1521.14
1582.94
1659.64
1517.49
1568.08
1631.74
1504.44
1745.03
1626.39
1569.38
1589.14
1598.45
1566.56
1543.86
1653.57
1533.67
1558.7
1658.26
1390.34
1760.79
1730.58
1610.32
1576.5
1554.54
1622.22
1508.32
1590.34
1453.63
1416.13
1623.22
1604.36
1666.64
1545.78
1580.17
1358.32
1510.37
1588.98
1557.55
1403.5
1599.34
1525.36
1485.54
1569.46
1468.29
1362.36
1542.44
1514.76
1569.94
1592.37
1409.94
1385.45
1498.02
1538.58
1544.55
1604.24
1548.1
1610.16
1571.06
1529.63
1680.7
1519.73
1350.32
1545.65
1636.7
1572.42
1589.86
1496.7
1455.54
1628.82
1522.4
1564.47
1634.9
1526.57
1668.8
1582.54
1498.17
1547.37
1611.17
1525
1533.6
1543.16
1509.12
1524.31
1595.83
1532.05
1567.03
1597.14
1556.13
1679.81
1470.97
1607.24
1630.95
1517.81
1727.34
1526.64
1656.91
1528.76
1431.09
1547.46
1468.18
1520.15
1567.66
1685.95
1619.93
1647.14
1450.59
1600.18
1598.25
1594.43
1538.66
1549.22
1504.03
1451.15
1458.02
1686.06
1478.24
1545.17
1572.53
1663.5
1420.36
1565.86
1542.22
1549.52
1562.87
1515.94
1623.07
1567.05
1542.64
1460.3
1430.91
1547.14
1561.31
1363.26
1520.74
1573.58
1513.94
1648.11
1524.83
1441.46
1534.57
1501.91
1440.21
1496.06
1587.92
1528.01
1307.67
1393.78
1516.46
1520.12
1534.99
1586.18
1544.51
1644.68
1456.21
1641.1
1525.12
1628.46
1498.32
1579
1538.41
1431.31
1415.12
1501.58
1626.32
1489.29
1702.83
1593.58
1448.7
1544.78
1565.79
1487.64
1721.27
1615.67
1627.05
1593.97
1526.46
1532.87
1595.5
1571.72
1399.37
1603.8
1543.42
1594.28
1298.88
1521.06
1540.22
1599.32
1516.97
1513.22
1528.97
1501.35
1458.22
1428.59
1399.1
1378.4
1599.96
1706.86
1590.07
1625.22
1625.33
1562.63
1594.85
1398.01
1386.67
1669.51
1556.16
1691.99
1551.01
1590.59
1604.29
1585.56
1507.03
1527.66
1651.38
1509.36
1459.04
1376.53
1640.01
1424.93
1754.67
1538.76
1591.87
1556.17
1443.24
1720.34
1552.81
1627.95
1499.47
1481.69
1439.66
1656.29
1521.11
1658.08
1601.53
1600.85
1543.69
1552.49
1619.24
1555.5
1410.52
1476.6
1463.03
1496.58
1699.99
1781.33
1509.47
1486.02
1601.23
1406.22
1532.21
1628.15
1568.43
1521.78
1394.09
1555.43
1528.07
1464
1543.36
1432.63
1663.87
1467.87
1560.76
1263.83
1565.12
1426.44
1618.76
1575.45
1549.62
1353.62
1650.42
1632.44
1511.9
1596.37
1494
1561.15
1465.96
1497.85
1572.41
1492.92
1476.91
1601.73
1580.74
1442.59
1453.44
1512.31
1509.04
1526.82
1481.63
1437.91
1482.91
1536.84
1578.34
1554.8
1607.65
1490.28
1705.1
1554.87
1496.47
1502.04
1589.54
1469.74
1437.11
1548.86
1574.2
1374.38
1593.93
1543.49
1671.48
1603.51
1516.08
1663.74
1521.77
1649.43
1475.22
1368.42
1498.92
1552.72
1547.41
1663.07
1497.25
1447.38
1482.05
1344.66
1407.2
1589.87
1452.03
1556.31
1668.63
1699.19
1470.03
1457.24
1657.33
1537.66
1571.6
1451.63
1590.33
1488.1
1406.64
1587.62
1565.8
1480.76
1413.4
1533.99
1662.56
1477.29
1556.72
1603.13
1451.89
1421.74
1739.45
1494.87
1524.42
1462.07
1506.32
1572.82
1621.34
1507.95
1725.62
1494.46
1495.45
1594.48
1477.51
1591.05
1660.43
1580.33
1417.46
1474.22
1545.39
1538.02
1480.09
1610.17
1649.12
1666.36
1495.63
1638.72
1456.9
1529.92
1601.35
1501.15
1528.03
1585.7
1569.9
1610.92
1581.74
1485.09
1501.47
1503.94
1497.1
1400.48
1638.62
1523.76
1527.36
1571.86
1497.42
1559.1
1513.86
1434
1443.36
1581.14
1612.93
1491.21
1616.75
1562.74
1587.99
1600.58
1535.27
1349.7
1499.42
1620.97
1496.63
1494.02
1578.96
1521.62
1493.2
1499.64
1621.95
1439.59
1545.54
1524.96
1617.85
1337.06
1402.36
1680.76
1395.43
1592.12
1466.48
1591.71
1547.09
1458.44
1448.67
1412.52
1571.88
1544.38
1462.4
1622.29
1651.41
1584.97
1499.3
1494.66
1519.12
1555.15
1543.23
1647.6
1468.98
1468.29
1530.15
1456.6
1576.21
1533.92
1661.16
1460.16
1623.81
1475.57
1572.8
1555.73
1458.94
1461.52
1570.28
1631.87
1735.26
1418.36
1640.15
1530.77
1521.6
1574.16
1545.9
1656.78
1568.08
1547.67
1522.37
1650.64
1541.96
1644.48
1473.03
1644.11
1653.78
1581.9
1411.24
1439.39
1479.32
1528.59
1546.71
1451.33
1589.38
1507.75
1455.32
1539.62
1568.35
1656.44
1500.35
1660.55
1655.3
1475.55
1668.34
1509.76
1424.65
1560.53
1645.57
1553.42
1611.03
1398.46
1567.56
1541.14
1472.34
1645.36
1707.31
1676.04
1406.09
1461.9
1368.99
1493.02
1432.34
1686.63
1499.36
1540.53
1552.68
1539.28
1678
1462
1611.12
1544.7
1635.77
1486.24
1420.75
1531.18
1647.93
1554.02
1400.59
1616.24
1620.76
1506.82
1512.39
1526.26
1349.81
1536.96
1540.51
1605.68
1562.55
1624.68
1549.13
1595.07
1419.12
1532.37
1449.25
1594.6
1617.35
1471.94
1563.09
1504.32
1483.06
1550.79
1640.71
1677.75
1621.93
1589.09
1540.68
1400.87
1568.61
1449.32
1509.99
1414.41
1559.32
1587.99
1536.52
1599.82
1597.72
1595.39
1550.06
1489.62
1585.46
1588.58
1681.5
1612.8
1427.09
1616.62
1354.46
1511.32
1565.58
1440.57
1575.11
1548.81
1518.63
1483.5
1480.62
1654.08
1494.26
1667.24
1596.42
1476.03
1648.67
1621
1607.02
1517.25
1692.18
1647.1
1636.68
1579.45
1552.77
1621.72
1530.02
1456.82
1488.08
1561.63
1626.56
1509.13
1462.65
1580.93
1408.13
1671.23
1454.38
1536.42
1604.12
1611.07
1426.64
1522.25
1469.68
1491.89
1510.99
1468.93
1585.85
1495.09
1555.44
1629.67
1449.07
1576.01
1524.7
1702.05
1516.75
1635.14
1513.93
1475.47
1474.01
1484.73
1648.59
1606.07
1482.45
1657.81
1515.61
1495.36
1532.5
1481.97
1571.44
1561.98
1386.48
1657.15
1594.99
1642.84
1675.52
1519.65
1611.35
1594.11
1667.57
1451.31
1535.45
1529.02
1568.68
1608.68
1547.22
1674.72
1597.66
1666.59
1571.34
1524.07
1524.1
1582.53
1633.21
1488.42
1502.51
1664.83
1520.12
1546.3
1475.18
1546.53
1462.88
1636.57
1548.58
1510.82
1496.46
1500.64
1615.47
1420.87
1577.93
1477.61
1476.31
1560.83
1422.08
1660.3
1532.29
1524.99
1575.48
1475.36
1560.32
1530.68
1490.71
1518.51
1525.87
1495.86
1501.01
1454.44
1372.87
1574.07
1578.88
1568.01
1542.63
1560.6
1507.48
1430.3
1463.31
1661.88
1604.02
1572
1474.25
1515.34
1663
1470.96
1384.86
1562.26
1663.2
1431.06
1559.53
1546.03
1614.02
1412.48
1483
1569.97
1388.09
1504.37
1576.79
1456.78
1642.82
1459.93
1679.14
1566.94
1429.11
1604.19
1576.69
1487.56
1522.52
1574
1558.53
1490.55
1621.34
1561.44
1630.2
1535.49
1592.53
1534.47
1612.6
1554.66
1566.6
1553.54
1527.61
1581.89
1461.66
1502.66
1457.76
1557.78
1456.2
1552.91
1610.04
1547.88
1427.01
1428.17
1553.04
1574.85
1566.22
1509.61
1445.86
1591.39
1567.67
1628.27
1578.84
1624.08
1456.49
1422.07
1592.11
1529.31
1455.65
1466.85
1678.68
1622.6
1593.39
1567.07
1502.59
1558.4
1536.32
1439.6
1411.85
1567.77
1574.77
1561.25
1459.54
1427.83
1480.04
1411.9
1453.65
1486.34
1409.62
1474.28
1557.62
1623.6
1377.07
1600.49
1542.16
1627.61
1556.3
1541.15
1726.67
1608.15
1468.67
1605.23
1589.67
1432.31
1512.18
1680.44
1466.35
1564.92
1640.29
1465.64
1407.63
1587.35
1597.25
1518.17
1628.96
1631.51
1524.22
1603.96
1636.42
1605.58
1549.57
1505.42
1484.04
1534.99
1474.75
1345.76
1614.53
1675.83
1429.8
1323.1
1397.43
1648.05
1455.9
1525.55
1602.82
1547.9
1553.03
1412.26
1553.49
1554.01
1537.01
1394.54
1431.77
1464.56
1494.86
1681.59
1502.37
1443.43
1529.09
1458.74
1605.8
1562.27
1626.82
1549.32
1457.54
1443.45
1532.61
1633.37
1508.22
1687.06
1457.36
1510.19
1604.32
1508.82
1588.03
1661.45
1691.98
1718.23
1539.35
1561.51
1629.74
1509.99
1472.39
1691.97
1461.34
1401.58
1561.43
1390.84
1531.71
1582.44
1454.25
1549.21
1524.76
1484.85
1570.23
1329.02
1596.75
1443.63
1407.22
1520.82
1531.09
1470.4
1544.43
1618.65
1719.87
1504.57
1504.33
1520.81
1545
1559.29
1422.28
1498.48
1605.15
1490.67
1493.04
1807.87
1536.07
1550.07
1591.05
1461.24
1648.22
1628.79
1546.59
1503.58
1493.13
1445.28
1437.83
1569.06
1547.63
1497.85
1611.63
1509.58
1584.74
1512.73
1587.76
1513.08
1654.11
1556.36
1531.35
1559.81
1528.4
1616.55
1394.99
1632.2
1492.79
1566.99
1472.27
1478.57
1465
1546.89
1529.16
1532.48
1473.74
1518.08
1403.63
1655.89
1637.7
1574.28
1638.01
1475.83
1456.99
1534.65
1623.62
1515.64
1596.65
1565.66
1497.39
1607.68
1430.77
1352.93
1400.37
1576.84
1378.26
1595.92
1527.07
1537.33
1389.3
1480.5
1501.47
1508.94
1541.24
1533.13
1506.19
1525.56
1690.79
1437.19
1558.61
1586.87
1538.25
1462.62
1529.94
1582.15
1530.02
1500.89
1581.58
1607.04
1478.59
1665.47
1430.59
1629.73
1426.06
1497.18
1505.2
1486.84
1657.31
1436.21
1633.73
1538.61
1701.38
1485.84
1534.99
1568.01
1443.26
1560.43
1564.81
1507.02
1550
1593.88
1585.98
1358.41
1619.22
1527.14
1562.71
1548.09
1580.82
1452.72
1558.38
1341.02
1596.37
1567.79
1502.2
1436.89
1541.56
1496.64
1437.82
1566.25
1668.4
1500.86
1525.7
1536.38
1647.61
1455.47
1652.01
1479.38
1411.24
1565.64
1572.42
1588.23
1630.84
1571.86
1569.23
1555.76
1619.63
1659.12
1363.23
1445.95
1576.31
1576.48
1535.16
1555.34
1531.22
1503.42
1635.59
1584.88
1548.96
1692.01
1497.27
1511.92
1583.52
1372.82
1447.38
1556.23
1499.85
1366.27
1513.45
1394.63
1549.33
1593.08
1514.85
1613.8
1474.84
1687.44
1532.52
1568.35
1657.82
1664.88
1605.6
1653.64
1490.84
1549.75
1381.18
1482.19
1533.89
1475.67
1593.7
1497.23
1524.2
1476.48
1510.5
1533.25
1476.82
1574.83
1520.34
1463.69
1393.11
1512.39
1492.68
1500.71
1554.37
1530.36
1497.65
1501.25
1428.51
1561.97
1529.39
1498.28
1578.24
1607.26
1559.94
1685.26
1491.33
1519.31
1622.76
1507.06
1430.54
1519.16
1656.16
1643.28
1576.42
1653.81
1767.18
1551.43
1461.03
1581.44
1439.59
1430.5
1564.86
1683.58
1549.75
1526.84
1709.34
1494.92
1525.07
1459.8
1457.19
1588.7
1632.77
1710.66
1508.73
1588.19
1439.24
1471.29
1565.89
1505.73
1576.82
1449.1
1579.04
1548.52
1384.48
1643.12
1434.32
1573.57
1494.7
1487.85
1412.15
1649.87
1542.95
1671.48
1496.61
1486.84
1655.45
1806.54
1490.27
1596.33
1512.52
1530.39
1488.18
1637.67
1410.64
1673.55
1494.22
1562.23
1542.02
1446.47
1445.36
1446.14
1592.01
1501.55
1620.36
1568.61
1653.2
1632.5
1403.51
1465.25
1573.34
1429.44
1462.36
1537.9
1537.7
1638.78
1500.14
1563.44
1601.06
1488.6
1435.3
1592.94
1511.53
1559.56
1445.58
1469.93
1596.58
1475.32
1551.11
1525.65
1530.62
1470.94
1703.58
1573.47
1555.18
1426.99
1612.05
1567.47
1483.96
1588.05
1515.19
1725.7
1555.32
1575.82
1432.39
1596.07
1499.96
1490.01
1442.84
1623.41
1554.86
1456.09
1420.75
1566.12
1516.42
1396.58
1546.85
1569.26
1752.32
1514.62
1528.58
1479.2
1580.75
1622.34
1699.66
1568.12
1504.68
1539.95
1664.2
1528.43
1534.58
1522.57
1506.76
1505.28
1500.75
1389.66
1420.8
1686.27
1577.49
1574.13
1662.18
1451.85
1464.36
1433.62
1636
1472.85
1515.58
1663.74
1516.31
1440.61
1553.44
1461.92
1561.53
1616.15
1517.82
1494.09
1642.12
1573.29
1537.91
1577.56
1629.61
1433.97
1479.06
1600.98
1615.69
1557.8
1589.33
1642.3
1560.14
1614.06
1590.86
1520.79
1644.75
1593.87
1519.66
1617.97
1585.36
1520.35
1552.84
1471.93
1485.57
1519.45
1474.39
1439
1449.38
1573.15
1538.53
1591.53
1478.68
1417.77
1502.52
1468.01
1587.95
1526.36
1616.16
1622.57
1533.37
1542.43
1519.81
1505.91
1469.38
1551.94
1419.1
1529.56
1482.51
1559.08
1462.47
1404.08
1560.07
1559.02
1464.25
1600.99
1642.63
1542.76
1563.96
1449.28
1551
1507.37
1630.94
1553.62
1621.07
1535.81
1492.35
1579.59
1437.05
1614.14
1597.61
1364.95
1650.72
1506.37
1445.05
1621.79
1459.07
1327.21
1442.29
1602.44
1748.98
1567.13
1408.22
1534.11
1457.88
1414.25
1532.91
1498.78
1495.58
1378.94
1446.4
1675.17
1504.9
1643.98
1599.59
1634.85
1353.88
1624.47
1547.01
1449.78
1292.81
1618.38
1738.29
1539.36
1518.26
1527.03
1549.59
1407.26
1510.96
1499.36
1360.86
1650.27
1547.2
1511.84
1554.36
1469.48
1687.18
1589.43
1487.8
1597.11
1465.38
1454.1
1623.16
1535.95
1615.83
1530.47
1521.78
1518.71
1632.59
1678.09
1435.22
1431.58
1506.16
1620.81
1583.12
1617.53
1536.39
1585.89
1554.67
1655.93
1462.16
1715.16
1558.67
1507.61
1529.87
1688.64
1459.47
1477.04
1577.22
1614.68
1665
1663.71
1547.98
1470.58
1455.78
1522.17
1630.5
1546.46
1565.79
1424.44
1508.3
1646.87
1624.03
1718.35
1552.82
1535.31
1523.73
1539.29
1680.93
1498.1
1493.78
1674.97
1597.25
1510.98
1444.94
1614.66
1451.03
1488.44
1515.21
1515.41
1707.61
1614.2
1531.19
1614.18
1532.78
1460.15
1568.25
1427.77
1552.43
1562.94
1518.08
1668.03
1391.94
1625.98
1611.04
1517.49
1488.67
1570.85
1625.77
1597.5
1596.45
1468.79
1744.66
1559.05
1419.12
1524.55
1491.66
1516.99
1549.19
1459.69
1592.43
1425.76
1601.18
1582.47
1578.35
1482.07
1461
1468.59
1592.48
1617.43
1572.02
1510.94
1394.56
1518.71
1467.33
1368.25
1453.62
1636.46
1494.68
1553.36
1689.53
1615.44
1515.73
1513.56
1512.28
1433.17
1681.16
1624.47
1538.3
1524.3
1494.97
1373.81
1515.77
1391.72
1522.28
1530.7
1474.03
1600.14
1665.54
1631.53
1407.85
1548.44
1486.19
1590.54
1687.04
1601.39
1564.11
1636.83
1487.27
1590.62
1484.84
1580.82
1583.62
1592.15
1619.93
1479.05
1583.25
1509.31
1499.46
1624.05
1632.29
1577.2
1781.88
1503.8
1490.6
1735.71
1490.52
1554.46
1533.73
1474.13
1541.89
1427.73
1522.08
1494.49
1363.86
1542.52
1464.51
1625.91
1420.92
1464.77
1468.06
1464.16
1553.57
1576.84
1502.92
1564.73
1549.5
1442.17
1552.83
1540.48
1690.4
1533.08
1464.96
1553.76
1442.01
1532
1587.07
1420.4
1471.47
1495.95
1481.46
1550.76
1548.88
1394.35
1619.92
1547.16
1553.82
1469.28
1632.52
1651.68
1595.3
1400.77
1597.63
1628.78
1464.11
1628.2
1446.16
1633.16
1573.55
1401.89
1762.2
1633.75
1579.8
1694.71
1376.24
1615.18
1552.19
1477.08
1644.84
1604.49
1495.62
1580.41
1579.51
1485.45
1697.67
1483.13
1525
1584.3
1632.37
1612.77
1524.42
1415.71
1410.16
1610.8
1499.34
1632.45
1421.76
1419.29
1550.46
1580.32
1651.02
1549.41
1627.97
1508.98
1511.34
1413.17
1456.24
1472.45
1635.94
1551.44
1582.21
1493.11
1667.89
1503.42
1455.73
1648.76
1588.41
1454.01
1443.19
1398.75
1595.22
1586.43
1621.93
1429.47
1484.53
1542.85
1663.59
1434.34
1631.73
1541.47
1557.51
1575.07
1676.87
1319.47
1658.55
1566.85
1555.35
1601.13
1489.81
1606.43
1694.66
1458.03
1549.77
1450.67
1609.32
1609.01
1473.16
1604.62
1397.19
1449.68
1648.73
1542.53
1504.93
1603.09
1567.66
1487.82
1377.62
1548.88
1587.3
1566.71
1630.4
1532.87
1543.37
1446.31
1716.33
1567.04
1479.38
1494.72
1669.8
1569.83
1432.63
1550.91
1612.46
1557.71
1573.89
1595.17
1442.69
1508.73
1560.15
1474.49
1548.58
1547
1572.82
1595.25
1511.64
1545.48
1454.44
1543.35
1633.02
1659.27
1398.41
1573.65
1546.87
1436.11
1503.67
1547.96
1511.52
1710.17
1607.45
1614.98
1454.18
1547.02
1592.49
1613.9
1560.87
1532.58
1674.03
1532.45
1638.73
1382.05
1459.83
1584.63
1582.75
1388.95
1541.56
1465.52
1606.56
1505.43
1593.66
1442.28
1605.22
1484.94
1679.89
1509.25
1689.11
1530.19
1570.05
1615.89
1420.98
1566.13
1614.97
1467.56
1619.92
1618.12
1457.97
1614.24
1648.59
1393.4
1500.09
1634.97
1579.17
1414.8
1524.27
1569.22
1530.4
1557.09
1591.48
1629.45
1469.18
1403.62
1463.63
1697.77
1475.51
1550.3
1353.28
1564.9
1678.51
1661.8
1724.52
1491.25
1417.61
1409.47
1444.78
1408.84
1533.23
1471.13
1603.62
1460.4
1533.53
1650.4
1672.09
1552.36
1560.36
1675.86
1607.6
1458.4
1571.28
1479.61
1599.15
1715.84
1531.82
1629.49
1468.22
1455.8
1527.27
1501.04
1476.55
1471.13
1672.24
1402.9
1584.43
1520.63
1535.34
1696.12
1574.51
1393.85
1600.16
1371.48
1435.66
1572.37
1633.49
1559.52
1576.39
1458.2
1386.08
1306.42
1618.32
1479.21
1538.83
1471.9
1393.68
1742.4
1484.78
1400.57
1566.82
1606.24
1629.74
1507.2
1676.24
1670.38
1539.95
1551.9
1622.27
1492.02
1511.79
1533.44
1540.56
1550.56
1564.89
1595.47
1622.59
1617.57
1492.69
1453.88
1428.57
1712.07
1428.38
1669.5
1544.35
1418.48
1547.6
1563.07
1531.91
1584.46
1435.95
1568.79
1497.85
1662.61
1567.33
1655.61
1586.78
1511.98
1598.71
1503.23
1510.04
1525.25
1531.33
1650.02
1744.67
1555.26
1420.21
1463.67
1640.79
1696.58
1516.18
1450.7
1545.54
1484.43
1507.06
1482.95
1593.89
1573.72
1786.85
1524.65
1443.31
1572.02
1483.78
1431.06
1546.33
1516.28
1505.74
1536.37
1588.18
1508.8
1554.76
1420.85
1670.81
1524.57
1520.53
1454.03
1579.94
1441.76
1478.69
1677.07
1572.24
1433.02
1580.51
1404.09
1420
1562.68
1425.5
1417.39
1442.02
1429.36
1640.91
1475.02
1616.35
1556.06
1634.87
1646.56
1372.09
1406.22
1564.91
1453.71
1580.29
1700.12
1388.66
1436.72
1581.59
1544.8
1462.07
1553.75
1634.73
1514.93
1457.61
1559.84
1593.68
1569.35
1382.76
1552.48
1538.58
1611.28
1493.69
1621.84
1443.29
1507.35
1429.7
1449.61
1503.98
1600.78
1477.62
1574.24
1485.53
1672.66
1457.77
1574.45
1452.18
1429.35
1577.42
1384.69
1613.96
1584.28
1465.86
1588.39
1441.08
1470.05
1340.13
1604.42
1561.5
1445.28
1412.41
1601.49
1597.65
1495.63
1479.68
1485.98
1562.55
1560.98
1579.48
1583.24
1722.5
1442.6
1536.03
1605.85
1518.66
1526.83
1489.97
1583.55
1474.72
1550.94
1579.5
1413.96
1336.91
1524.88
1451.42
1523.69
1509.95
1681.37
1574.72
1527.17
1496.22
1616.22
1539.15
1534.26
1662.23
1400.02
1606.85
1389.15
1490.28
1520.25
1478.79
1501.87
1528.66
1535.15
1567.95
1471.51
1571.71
1614.07
1687.69
1520.84
1549.11
1505.01
1663.58
1611.62
1563.01
1602.33
1565.1
1397.26
1489.62
1629.08
1409.33
1560.17
1490.09
1560.74
1494.8
1674.28
1587.44
1598.53
1579.96
1594.87
1534.35
1712.78
1422.69
1764.99
1762.45
1483.54
1387.71
1498.7
1616.06
1492.95
1455.2
1501.61
1524.86
1552.01
1628.78
1413.18
1620.71
1596.07
1602.69
1509.56
1540.44
1529.71
1548.41
1622.87
1527.88
1419.44
1538.89
1630.84
1484.53
1550.53
1477.55
1669.63
1419.56
1677.07
1631.01
1518.88
1641.52
1643.38
1472.92
1497.55
1681.45
1526.14
1497.56
1482.99
1383.61
1679.74
1615.12
1528.46
1587.32
1581.96
1430.27
1569.77
1561.24
1545.35
1391.41
1545.56
1572.8
1651.42
1350.4
1509.91
1426.35
1493.19
1599.91
1606.01
1449.84
1660.65
1405.89
1475.37
1676.34
1531.29
1493.18
1473.8
1595.18
1735.15
1621.17
1596.31
1446.33
1538.65
1660.91
1457.8
1456.66
1555.18
1475.31
1528.58
1581.64
1533.08
1523.88
1573.9
1494.65
1566.33
1592.21
1437.21
1592.77
1644.87
1421.88
1596.78
1381.2
1514.28
1555.15
1642.11
1538.62
1582.16
1606.57
1545.62
1491.68
1629.73
1627.2
1469.41
1458.59
1503.56
1416.74
1377.3
1443.58
1576.29
1607.37
1453.62
1502.87
1484.14
1415.76
1527.9
1639.64
1467.72
1525.43
1618.06
1518.6
1597.74
1529.2
1641.99
1538.7
1599.5
1521.02
1583.77
1583.26
1626.1
1350.21
1408.93
1566.04
1606.77
1455.76
1489.6
1503.88
1573.71
1637.28
1584.73
1540.69
1622.37
1600.16
1516.77
1645.49
1536.82
1581.23
1408.3
1545.32
1460.56
1627.63
1643.48
1558.7
1512.69
1565.19
1492.88
1365.71
1609.31
1505.52
1545.18
1547.67
1505.85
1635.98
1520.68
1631.78
1443.78
1354.12
1545.76
1487.38
1516.68
1532.35
1529.14
1627.69
1551.88
1679.82
1547.02
1667.23
1483.74
1551.13
1544.17
1627.09
1546.18
1589.56
1641.82
1580.32
1600.94
1489.24
1297.71
1575.11
1558.45
1601.99
1466.43
1520.5
1560.69
1486.38
1715.33
1469.32
1479.65
1616.65
1470.87
1404.83
1541.36
1548.25
1443.66
1612.52
1510.64
1414.9
1618.08
1485.44
1598.79
1572.51
1664.05
1508.08
1694.81
1445.91
1546.3
1507.4
1579.65
1524.48
1581.5
1617.6
1447.8
1570.61
1628.76
1449.78
1514.05
1566.87
1595.04
1552.9
1445.82
1557.7
1504.19
1586.26
1497.42
1517.05
1595.98
1675.36
1451.07
1469.53
1450.33
1611.5
1471.71
1515.25
1599.98
1573.81
1401.59
1637.05
1529.43
1461.31
1599.97
1598.31
1623.54
1525.49
1590.94
1535.6
1585.26
1696.26
1576.84
1766.52
1639.39
1543.32
1662.5
1614.17
1441.46
1595.04
1387.71
1449.13
1535.88
1551
1454.43
1464.87
1673.87
1573.18
1461.4
1611.21
1568.98
1628.55
1623.56
1484.55
1460.81
1639.63
1534.39
1624.61
1534.09
1571.24
1606.35
1586.4
1551.55
1514.33
1491.63
1610.6
1489.35
1456.83
1415.49
1436.32
1424.27
1557.55
1617.53
1584.21
1620.73
1542.8
1577.69
1515.88
1641.67
1486.56
1513.91
1582.83
1618.74
1575.09
1436.93
1647.16
1503.59
1516.56
1497.21
1491.65
1637.37
1592.48
1655.88
1568.62
1425.89
1625.93
1501.69
1662.54
1521.79
1486.74
1516.86
1643.48
1495.99
1627.53
1541.59
1591.07
1616.79
1564.75
1500.19
1599.54
1479.03
1619.66
1591
1502.86
1705.96
1521.34
1635.6
1517.08
1569.62
1473.52
1584.14
1708.5
1528.38
1557.34
1451.53
1549.12
1551.39
1444.92
1582.25
1637.74
1602.46
1553.27
1462.55
1485
1484.91
1450.57
1540.59
1521.54
1430.72
1516.89
1705.63
1510.25
1529.2
1593.19
1452.36
1494.86
1567.71
1347.92
1586.15
1567.94
1537.39
1504.58
1499.54
1392.5
1506.19
1591.94
1548.76
1615.54
1449.38
1612.68
1542.94
1663.39
1531.33
1548.54
1573.88
1637.45
1479.45
1619.57
1596.14
1477.95
1509.34
1602.04
1494.08
1514.94
1435.56
1640.57
1624.78
1580.02
1499.34
1524.86
1377.63
1683.87
1362.23
1716.31
1364.27
1638.88
1599.99
1560.02
1510.21
1560.45
1582.57
1503.23
1595.33
1640.76
1569.76
1351.07
1427.35
1620.91
1443.34
1606.57
1590.74
1495.56
1553.46
1439.72
1539.92
1629.12
1655.14
1591.83
1538.92
1463.52
1451.67
1427.43
1546.73
1630.24
1601.65
1522.58
1645.51
1489.14
1591.06
1434.06
1560.54
1553.49
1621.82
1632.3
1601.75
1374.23
1635.78
1560.06
1450.73
1528.41
1651.92
1546.4
1542.89
1566.14
1508.55
1669.75
1450.79
1521.04
1797.7
1555.7
1461.43
1482.03
1686.68
1604.04
1541.81
1335.88
1675.12
1482.02
1390.78
1416.36
1589.99
1476.1
1545.18
1584.61
1516.36
1472.96
1577.74
1470.98
1528.87
1467.53
1507.64
1541.29
1680.73
1590.76
1615.52
1547.37
1567.85
1432.22
1509.77
1573.06
1555.59
1486.79
1625.47
1542.98
1627.44
1473.65
1542.64
1608.44
1475.99
1520.18
1488.44
1576.96
1555.9
1536.81
1465.02
1453.05
1540.4
1558.54
1565.14
1486.9
1479.06
1615.47
1617.59
1519.64
1543.12
1497.86
1516.79
1526.58
1584.35
1604.26
1570.63
1344.02
1549.23
1431.96
1587.78
1590.9
1476.73
1493.34
1458.63
1539.26
1690.05
1544.87
1501.78
1667.33
1559.19
1561.88
1571.33
1590.78
1537.74
1563.92
1432.28
1668.97
1583.42
1591.95
1659.99
1666.82
1599.91
1650.79
1531.66
1599.67
1565.79
1655.77
1399.08
1477.34
1408.12
1446.77
1420.9
1560.83
1539.3
1453.17
1470.14
1470.82
1676.29
1495.82
1611.99
1628.09
1576.16
1536.79
1577.19
1427.73
1663.82
1408.4
1603.77
1628.83
1592.88
1606.87
1545.95
1520.84
1471.31
1672.34
1624.34
1566.99
1491.86
1629.16
1501.38
1641.27
1673.66
1542.43
1567.44
1561.93
1533.16
1545.15
1516.87
1491.72
1450.19
1524.86
1482.45
1540.71
1700.52
1457.04
1523.08
1611.25
1691.69
1474.17
1603.91
1533.01
1560.76
1420.72
1496.6
1533.64
1453.73
1636.1
1622.75
1539.47
1566.97
1617.43
1551.84
1499.89
1558.73
1588.98
1594
1475.64
1638.13
1556.31
1322.23
1592.42
1481.37
1479.52
1409.86
1522.32
1586.35
1524.91
1465.17
1572.35
1460.93
1564.13
1561.82
1548.24
1497.6
1450.09
1469.36
1437.4
1502.57
1444.04
1565.08
1648.65
1520.05
1576.37
1551.53
1570.12
1614.63
1653.15
1582.72
1649.54
1492.79
1657.63
1544.06
1494
1564.67
1535.69
1581.45
1676.68
1538.63
1470.81
1692.64
1601.62
1577.39
1413.89
1633.73
1521.21
1603.39
1599.66
1603.35
1427.81
1473.67
1703.64
1529.1
1603.71
1571.23
1534.53
1508.74
1445.14
1529.84
1519.83
1541.28
1579
1537.22
1603.96
1514.12
1377.52
1581.69
1710.06
1535.61
1538.21
1544.97
1432.35
1501.67
1473.62
1473.75
1459.01
1605.67
1558.55
1581.28
1482.72
1622.07
1539.36
1386.81
1561.84
1482.46
1597.13
1552.63
1381.25
1475.78
1503.95
1512.81
1475.49
1599.95
1443.58
1490.34
1638.95
1457.39
1408.92
1585.01
1472.05
1594.31
1371.26
1642.23
1496.5
1519.35
1429.89
1512.99
1687.3
1569.02
1576.73
1419.95
1629.29
1471.69
1606.17
1497.59
1499.29
1480.96
1430.13
1617.45
1532.22
1598.3
1582.51
1553.27
1660.8
1770.96
1382.03
1467.72
1542.86
1527.53
1509.34
1720.12
1593.49
1533.98
1630.78
1512.84
1491.23
1486.89
1629.13
1585.49
1386.62
1564.51
1630.26
1588.79
1529.37
1581.73
1388.15
1424.4
1517.37
1530.18
1617.22
1645.59
1607.27
1542.54
1488.16
1524.13
1425.4
1478.85
1539
1623.19
1498.78
1510.64
1508.28
1551.27
1526.62
1561.89
1650.89
1488.82
1548.65
1463.72
1596.26
1527.98
1446.03
1602.37
1416.62
1610.65
1627.09
1586.57
1570.11
1588.82
1444.25
1560.52
1504.05
1628.39
1441.1
1613.74
1505.17
1657.2
1422.2
1452.97
1507.33
1532.74
1589.75
1623
1663.58
1593.42
1610.24
1538.68
1575.47
1608.71
1497.92
1535.71
1502.91
1689.11
1452.08
1565.4
1531.76
1484.99
1491.31
1473.49
1523.8
1568.32
1559.94
1433.04
1471.86
1571.79
1556.21
1581.2
1397.36
1566.24
1620.39
1563.04
1513.48
1507.42
1518.44
1609
1599.09
1514.58
1598.68
1509.7
1497.29
1422.4
1538.16
1537.55
1453.6
1505.97
1605.32
1354.61
1434.96
1528.66
1532.94
1467.96
1525.88
1519.17
1480.24
1539.37
1586.27
1470.63
1534.62
1663.57
1680.44
1482.01
1604.62
1421.75
1474.15
1444.86
1584.24
1651.24
1596.51
1680.6
1601.4
1774.57
1706.28
1444.69
1723.24
1398.22
1632.1
1664.6
1599.4
1474.81
1730.08
1575.68
1579.16
1596.25
1604.85
1515.39
1585.19
1693.93
1447.14
1510.25
1633.6
1601.71
1632.97
1610.1
1540.02
1506.37
1481.96
1398.74
1590.88
1472.95
1581.38
1477.6
1595.13
1528.32
1618.15
1457.41
1575.48
1600.37
1572.43
1395.65
1566.81
1490.06
1480.15
1572.22
1602.64
1538.76
1606.17
1514.3
1592.3
1442.4
1408.6
1520.46
1567.89
1512.67
1587.39
1416.41
1593.16
1517.42
1587.58
1428.7
1557.69
1443.55
1694.67
1578.23
1481.18
1638.01
1553.79
1420.54
1401.71
1579.23
1563.79
1628.01
1583.99
1634.99
1656.35
1551.62
1530.06
1589.84
1518.54
1537.8
1582.64
1551.58
1638.38
1589.08
1608.2
1660.04
1465.7
1479.79
1506.81
1476.25
1618.08
1654.06
1489.3
1446.16
1588.68
1609.29
1544.45
1529.46
1495.04
1594.25
1424.68
1481.07
1529.03
1568.47
1509.31
1542.33
1595.02
1474.76
1584.22
1574.88
1682.65
1483.76
1444.61
1380.95
1566.07
1520.78
1474.98
1655.62
1543.45
1529.7
1545.51
1544.22
1507.65
1697.55
1509.78
1548.04
1567.07
1524.53
1503.99
1507.02
1575.77
1532.06
1508.33
1605.99
1557.07
1498.09
1450.2
1401.08
1608.36
1658.08
1495.82
1471.04
1400.25
1575.76
1561.88
1700.91
1662.24
1540.42
1483.14
1566.36
1504.29
1588.3
1513.23
1459.96
1552.08
1463.79
1502.36
1476.76
1499.1
1536.64
1689.81
1624.62
1650.29
1494.93
1419.68
1528.85
1455.37
1488.6
1569.44
1663.92
1521
1546.79
1531.89
1545.51
1580.84
1530.89
1604.99
1551.3
1500.39
1484.72
1481.88
1539.83
1593.21
1511.46
1611.61
1593.16
1628.45
1602.18
1528.29
1728.39
1584.59
1699.27
1511.47
1471.52
1491.62
1592.54
1593.03
1450.11
1499.38
1591.91
1465.98
1597.53
1625.28
1553.57
1592.39
1566.29
1594.65
1529.69
1666.46
1522.01
1523.19
1518.87
1555.8
1466.71
1526.17
1596.66
1590.47
1608.69
1421.71
1654.6
1403.92
1680.75
1467.69
1535.19
1756.98
1547.72
1589.55
1365.1
1689.86
1569.84
1435.42
1394.53
1536.59
1647.68
1586.67
1520.94
1576.65
1487.21
1566.79
1675.8
1392.28
1566.98
1466.24
1648.25
1641.65
1583.54
1669.64
1569.97
1596.88
1447.78
1450.81
1637.1
1580.47
1530.52
1586.77
1600.93
1470.05
1422.34
1693.22
1584.25
1582.83
1558.31
1613.15
1494.47
1592.75
1369.3
1592.7
1589.08
1626.95
1451.05
1604.49
1548.47
1621.12
1565.91
1508.64
1546.72
1546.83
1591.82
1558.19
1495.3
1486.8
1573.71
1578.82
1590.14
1534.58
1583.46
1436.65
1531.74
1505.68
1586.09
1540.6
1490.88
1521.62
1527.75
1550.92
1511.62
1581.14
1489.93
1463.27
1574.72
1655.92
1445.43
1581.77
1627.07
1474.12
1570.38
1581.14
1614
1557.24
1662
1582.23
1419.5
1587.85
1585.74
1517.81
1629.2
1636.29
1572.69
1519.47
1498.35
1463.46
1674.2
1503.35
1435.03
1582.23
1498.54
1620.68
1563.35
1494.47
1465.21
1547.24
1502.72
1647.97
1590.26
1501.44
1704.77
1520.2
1617.1
1512.85
1549.47
1462.86
1539.51
1623.84
1389.73
1570.27
1548.82
1417.7
1661.56
1547.03
1560.11
1643.05
1548.39
1608.36
1591.2
1535.4
1494.45
1592.89
1624.22
1673.25
1718.34
1575.29
1585.52
1442.41
1494.24
1448.12
1398.05
1516.78
1607.75
1670.96
1720.31
1545.43
1620.37
1617.09
1608.22
1671.97
1632.36
1503.77
1620.2
1641.21
1543.58
1458.32
1582.43
1509.48
1535.91
1669.33
1637.83
1608
1340.01
1648.87
1602.36
1597.67
1508.8
1574.9
1597.54
1629.09
1473.4
1513.51
1530.61
1585.49
1641.15
1413.97
1505.78
1486.59
1558.24
1574.31
1611.69
1470.44
1499.42
1538.35
1659.67
1481.21
1544.92
1596.16
1597.41
1513.89
1657.66
1543.88
1491.46
1526.6
1582.4
1354.51
1572.37
1634.99
1522.06
1658.18
1461.55
1626.49
1429.65
1467.11
1567.15
1479.66
1418.83
1358.84
1463.02
1446.79
1733.16
1544.71
1429.45
1473.28
1610.85
1538.9
1507.89
1569.38
1595.24
1565.97
1564.36
1598.59
1451.3
1630.97
1489.51
1580.65
1410.24
1604.42
1333.63
1567.07
1619.01
1612.33
1450.48
1656.74
1650.14
1490.81
1610.97
1481.02
1432.07
1539.23
1573.98
1611.99
1576.33
1577.72
1593.63
1537.4
1743.73
1646.36
1550.25
1603.3
1541.07
1475.84
1627.56
1592.21
1647.72
1553.93
1552.85
1722.65
1616.1
1453.48
1629.81
1541.15
1671.49
1604.1
1535.77
1427.77
1413.17
1553.78
1476.72
1679.28
1584.6
1661.63
1490.67
1491.63
1498.77
1614.79
1492.39
1484.73
1661.03
1707.64
1555.56
1672.06
1527.65
1435.96
1638.21
1395.69
1593.88
1561.03
1436.69
1689.15
1690.18
1610.89
1539.08
1465.76
1526.12
1440.41
1623.43
1583.8
1596.67
1537.89
1564.75
1520.48
1680.18
1463.68
1537.18
1531.71
1528.46
1613.44
1399.51
1560.33
1386.92
1618.07
1661.69
1549.34
1592.77
1594.22
1452.19
1405.36
1505.33
1532.64
1491.09
1468.26
1517.71
1446.08
1494.84
1484.86
1537.22
1682.79
1521.24
1448.05
1484.66
1729.24
1596.88
1559.16
1540.33
1525.73
1586.14
1574.08
1449.17
1480.46
1528
1540.6
1790.49
1662.42
1573.81
1688.01
1532.79
1531.28
1449.56
1426.73
1501.35
1678.39
1475.35
1433.22
1629.77
1422.71
1548.24
1690.33
1523.25
1555.13
1591.68
1549.87
1484.8
1545.78
1573.43
1530.74
1601.83
1562.16
1572.15
1600.98
1471.11
1547.02
1565
1648.22
1551.89
1613.94
1697.94
1494.53
1549.18
1432
1609.08
1546.43
1562.83
1689.41
1445.65
1619.09
1483.74
1596.23
1610.67
1594.21
1583.42
1575.23
1438.1
1567.68
1518.6
1402.48
1519.68
1465.04
1623.93
1556.27
1446.69
1487.38
1414.76
1525.14
1604.19
1472.62
1545.6
1493.34
1629.63
1426.77
1582.92
1578
1484.05
1504.38
1405.63
1603.16
1545.11
1480.91
1547.22
1558.39
1453.78
1601.06
1564.38
1661.81
1635.65
1483.44
1554.23
1643.91
1593.03
1631.4
1426.44
1598.44
1509.96
1543
1608.73
1531.63
1491.53
1440.66
1571.69
1422.8
1506.94
1545.54
1605.68
1429.11
1506.24
1610.61
1678.94
1554.12
1691.72
1610.44
1610.9
1481.23
1532.21
1623.84
1489.88
1498.36
1438.7
1483.59
1446.39
1588.31
1561.58
1628.17
1567.84
1526.12
1723.92
1516.62
1445.07
1652.88
1405.9
1582.8
1545.74
1675.77
1543.31
1514.31
1586.14
1532.16
1469.95
1760.59
1453.22
1529.59
1478.28
1487.09
1570.01
1533.9
1498.31
1440.67
1459.23
1577.46
1639.98
1604.02
1553.34
1453.02
1430.16
1494.26
1562.39
1498.84
1444.03
1570.21
1513.24
1685.59
1397.13
1610.9
1506.15
1578.51
1441.48
1521.01
1494.4
1573.04
1553.64
1469.6
1549.21
1476.08
1510.14
1551
1483.91
1409.69
1570.83
1478.83
1580.3
1629.41
1455.73
1457.39
1432.42
1601.31
1481.36
1553.98
1491.66
1516.68
1476.74
1627.56
1581.27
1529.82
1494.14
1545.52
1472.55
1455.94
1575.71
1482.55
1561.34
1472.34
1413.99
1441.04
1377.76
1497.44
1529.13
1604.39
1459.14
1509.07
1498.99
1403.46
1548.61
1451.79
1432.22
1508.28
1544.76
1712.19
1625.71
1550.78
1526.38
1586.96
1518.11
1536.16
1656.18
1515.43
1631.48
1580.68
1610.64
1650.31
1515.28
1746.98
1508.15
1599.37
1510.17
1892.43
1466.91
1460.3
1412.78
1599.31
1434.35
1570.54
1417.55
1655.57
1528.17
1590.16
1599.4
1545.4
1515.56
1525.44
1603.67
1586.29
1444.32
1621.18
1474.19
1523.25
1538.57
1501.91
1541.38
1496.71
1488.1
1414.77
1484.38
1680.97
1737.96
1561.72
1469.8
1644.99
1656.95
1607.16
1617.76
1475.06
1577.64
1572.95
1368.77
1519.58
1420.54
1536.87
1596.35
1623.47
1587.52
1539.48
1616.96
1474.93
1469.97
1526.49
1602.97
1456.69
1553.93
1428.29
1470.66
1640.87
1523.25
1557.37
1601.09
1614
1662.2
1555.02
1528.7
1544.55
1503.6
1484.6
1552.8
1557.03
1598.05
1487.76
1573.72
1653.96
1469.34
1761.73
1470
1649.3
1558.04
1396.28
1482.88
1575.16
1662.65
1684.08
1585.86
1567.74
1547.63
1466.33
1498.68
1423.3
1607.78
1338.53
1636.02
1536.96
1529.72
1579.95
1677.35
1499.74
1599.56
1661.05
1461.67
1603.55
1525.37
1572.29
1587.36
1706.81
1712.3
1608.28
1476.19
1508.93
1556.42
1512.77
1593.48
1485.35
1531.53
1526.02
1498.13
1571.92
1536.45
1534.77
1391.4
1554.74
1563.7
1575.98
1593.96
1594.88
1523.71
1665.82
1653.6
1490.31
1698.53
1553.96
1619.76
1443.6
1605.87
1454.67
1530.89
1514.94
1581.96
1440.28
1529.22
1573.08
1570.38
1562.37
1673.81
1478.47
1627.92
1489.72
1533.14
1574.02
1726.51
1462.73
1409.43
1440.84
1504.66
1481.03
1459.57
1757.59
1697.31
1676.74
1526.08
1579.49
1375.67
1405.54
1476.55
1574.72
1620.09
1563.04
1687.42
1471.17
1554.89
1507.73
1571.07
1498.48
1546.47
1627.6
1526.42
1506.88
1464.47
1525.92
1415.05
1454.32
1439
1588.55
1530.82
1595.32
1504.82
1261.7
1563.41
1502.41
1536.05
1560.79
1756.34
1480.74
1489.43
1532.38
1525.35
1591.14
1704.55
1605.65
1591.75
1611.43
1500.6
1710.6
1541.07
1519.06
1555.33
1456.03
1622.12
1486.8
1552.27
1547.72
1628.3
1511.43
1531.35
1561.12
1398.79
1560.31
1468.15
1622.34
1388.46
1475.56
1512.23
1647.49
1542.28
1544.22
1495.77
1584.38
1589.41
1601.95
1376.97
1610.27
1486.36
1553.87
1623.79
1601.95
1550.54
1548.61
1480.81
1464.28
1480.45
1497.38
1660.82
1537.09
1469.89
1621.32
1614.69
1607.96
1532.94
1629.57
1441.16
1548.78
1541.48
1503.93
1507.54
1461.69
1416.41
1610.55
1495.95
1430.68
1488.58
1570.92
1558.27
1565.58
1502.54
1566
1637.89
1548.96
1583.77
1491.56
1592.01
1584.08
1525.23
1560.29
1583.04
1594.46
1584.26
1444.78
1561.62
1536.11
1518.76
1461.56
1528.27
1607.34
1592.88
1405.04
1493.12
1461.76
1632.82
1443.71
1588.43
1449.53
1477.22
1644.09
1540.65
1474.88
1564.89
1528.02
1557.23
1558.95
1521.16
1445.01
1384.44
1476.53
1353.96
1670
1551.95
1330.74
1571.38
1527.33
1625.79
1646.66
1439.52
1572.53
1351.09
1574.26
1604.93
1472.66
1628.79
1535.67
1646.8
1488.1
1597.81
1610.82
1573.23
1460.78
1623.04
1360.57
1583.83
1487.92
1737.44
1536.28
1663.36
1456.22
1456.64
1548.8
1471.26
1510.65
1456.38
1615.04
1505.5
1701.98
1641.63
1561.02
1557.71
1553.01
1460.77
1636.28
1554.96
1507.99
1530.09
1555.61
1486.79
1604.17
1533.32
1479.67
1455.85
1512.77
1603.5
1701.66
1505.48
1505.67
1640.95
1568.39
1627.12
1481.22
1443.19
1579.84
1573.63
1623.3
1376.38
1536.62
1590.87
1627.32
1604.94
1630.71
1454.21
1387.8
1399.98
1696.91
1482.45
1604.22
1535.65
1471.52
1505.32
1520.6
1527.84
1530.23
1380.29
1585.74
1624.94
1492.65
1702.53
1459.22
1555.51
1554.57
1593.2
1584.06
1619.53
1443.69
1605.38
1391
1595.42
1524.62
1519.09
1481.77
1446.85
1578.37
1538.19
1626.36
1706.88
1641.16
1528.37
1608.67
1496.3
1489.12
1435.52
1614.89
1519
1420.85
1379.25
1559.22
1515.7
1550.15
1620.13
1513.64
1585.29
1581.84
1488.95
1394.46
1447.29
1503.37
1393.31
1481.7
1361.45
1649.67
1602.19
1431.16
1689.14
1505.39
1645.11
1492.16
1592.92
1541.56
1602.94
1629.79
1624.21
1512.29
1651.19
1634.8
1503.57
1646.66
1446.42
1404.5
1502.04
1678.81
1541.3
1552.94
1574.52
1436.16
1622.44
1544.76
1577.94
1485.17
1588.27
1490.51
1577.86
1629.39
1370.11
1657.44
1579.64
1616.69
1413.72
1405.99
1552.11
1560.73
1639.58
1411.49
1552.8
1664.13
1540.97
1442.73
1469.8
1541.93
1380.34
1630.67
1429.53
1638.13
1531.51
1558.89
1506.35
1577.65
1551.6
1549.28
1495.43
1485.06
1527.82
1487.9
1466.59
1642.22
1458.34
1630.2
1481.54
1493.48
1645.8
1659.85
1726.7
1582.66
1653.25
1462.05
1492.33
1452.77
1408.88
1439.49
1454.61
1493.47
1491.79
1621.64
1508.85
1559.89
1580.17
1467.75
1536.07
1669.3
1473.69
1661.81
1535.22
1613.76
1579.38
1679.98
1418.5
1601.6
1582.9
1570.74
1547.18
1538.15
1573.62
1618.86
1513.03
1605.36
1607.8
1556.19
1470.91
1592.41
1698.14
1588.83
1510.37
1632.48
1512.03
1559.33
1520.79
1786.16
1678.33
1430.55
1508.97
1617.45
1456.27
1656.66
1606
1488.45
1678.57
1561.11
1557.35
1611.8
1404.94
1510.89
1513.1
1586.63
1490.11
1501.39
1656.02
1511.36
1377.35
1484.43
1600.4
1541.63
1515.43
1629.82
1562.54
1562.44
1446.46
1507.39
1628.41
1513.07
1445.42
1479.71
1606.6
1523.97
1571.69
1391.88
1481.67
1610.65
1656.5
1589.71
1573.47
1516.35
1631.45
1594.32
1763.54
1523.27
1615.2
1449.72
1463.08
1454.23
1421.22
1679.73
1664.76
1604.91
1609.6
1634.81
1631.07
1452.44
1676.95
1593.61
1565.12
1516.08
1546.11
1573.54
1497.44
1582.55
1534.6
1651.18
1629.06
1562.33
1496.44
1602.32
1591.24
1627.59
1469.42
1542.25
1634.4
1532.07
1609.06
1527.84
1544.18
1524.52
1563.39
1651.67
1521.48
1452.44
1700.15
1570.06
1542.93
1652.83
1600.02
1567.85
1579.99
1556.48
1621.91
1571.52
1543.42
1589.57
1490.29
1646.6
1659
1539.5
1413.05
1472.23
1518.76
1566.35
1439.88
1626.73
1598.98
1557.26
1522.91
1521.47
1405.69
1741.99
1491.22
1532.31
1492.62
1543.43
1515.18
1384.54
1606.23
1479.48
1492.38
1580.45
1564.31
1538.1
1566.01
1642.63
1363.46
1584.15
1481.71
1599.27
1536.67
1613.87
1499.03
1398.14
1585.12
1449.01
1470.34
1556.92
1527.07
1415.84
1542.61
1660.19
1548.37
1510.99
1729.92
1664.05
1524.06
1652.52
1406.59
1456.8
1513.24
1558.9
1329.42
1490.93
1474.24
1629.64
1554.49
1566.65
1640.98
1705.35
1560.99
1555.62
1476.13
1500.12
1586.05
1604.88
1428.88
1660.87
1553.41
1552.46
1561.04
1531.26
1510.26
1542.46
1693.99
1543.2
1505.96
1486.49
1419.85
1539.08
1520.64
1472.25
1662.16
1641.19
1560.39
1551.38
1465.1
1488.2
1527.29
1485.52
1493.16
1480.79
1473.5
1608.94
1525.49
1581.26
1533.43
1456.13
1465.55
1539.42
1588.17
1469.28
1581.74
1428.12
1487.34
1407.83
1610.05
1529.37
1451.82
1643.36
1430.62
1540.57
1741.56
1483.82
1554.06
1607.46
1463.29
1526.59
1374.27
1430.72
1530.07
1500.98
1569.74
1525.37
1476.12
1460.41
1669.07
1576.08
1507.36
1570.25
1446.58
1574.05
1477.63
1571.12
1579.64
1561.78
1677.96
1495.93
1637.39
1632.83
1519.88
1542.49
1481.08
1580.7
1524.62
1552.04
1589.91
1583.6
1503.53
1629.53
1593.13
1639.98
1578.35
1588.25
1447.47
1539.51
1648.34
1541.22
1434.08
1630.73
1636.92
1527.55
1733.17
1550.59
1699.99
1608.22
1540.77
1546.86
1474.88
1554.99
1648.02
1437.98
1673.63
1572.58
1543.54
1545.37
1708.21
1691.64
1543.36
1495.8
1505.64
1553.37
1500.68
1665.1
1603.76
1602.6
1487.73
1508.52
1588.61
1661.55
1420.9
1479.06
1579.45
1491.07
1496.22
1538.04
1548.65
1435.59
1460.89
1428.83
1447.85
1609.11
1593.94
1545.72
1605.54
1532.71
1462.26
1388.95
1532.77
1569.4
1637.05
1541.9
1378.34
1533.67
1641.34
1609.1
1608.62
1616.97
1628.15
1567.5
1677.17
1586.4
1579.65
1542.13
1581.81
1559.93
1505.45
1583.74
1612.43
1612.12
1604.96
1704.7
1707.19
1646.56
1541.65
1421.01
1359.68
1551.61
1566.69
1500.24
1510.79
1457.55
1647.2
1558.61
1663.53
1577.57
1619.69
1650.66
1506.19
1387.27
1561.71
1406.79
1534.82
1620
1591.01
1525.03
1466.34
1525.36
1533.95
1464.52
1527.25
1562.15
1407.75
1479.33
1636.71
1583.2
1606.58
1589.02
1457.24
1510.01
1669.3
1569.79
1530.32
1577.14
1628.03
1548.67
1536.48
1456.2
1576.52
1518.31
1523.65
1651.41
1495.23
1404.87
1683.83
1458.95
1602.59
1537.9
1459.08
1566.5
1512.72
1584.01
1575.48
1703.14
1489.46
1587.11
1586.3
1672.85
1632.49
1658.19
1391.17
1519.06
1500.54
1520.76
1533.11
1543.68
1513.71
1432.55
1621.86
1547.93
1635.08
1611.99
1618.54
1378.7
1473.24
1494.04
1426.3
1612.42
1477.37
1524.33
1494.8
1559.82
1560.29
1508.85
1426.75
1473.47
1635.01
1649.94
1473.13
1506.15
1531.52
1630.87
1546.79
1483.18
1443.33
1555.37
1653.75
1620.22
1487.91
1586.06
1581.05
1632.02
1508.58
1411.51
1544.44
1405.28
1527.62
1609.99
1611.47
1445.36
1515.59
1802.43
1678.9
1588.18
1426.18
1568.1
1598.4
1661.92
1593.13
1578.62
1498.86
1614.73
1602.9
1498.28
1548.11
1516.9
1470.45
1547.88
1531.5
1512.45
1533.4
1467.32
1577.21
1532.51
1556.15
1584.8
1550.34
1584.76
1536.09
1653.26
1473.47
1511.49
1591.31
1475.38
1583.69
1558.73
1553.46
1478.39
1441.32
1568.04
1544.3
1724.21
1579.43
1626.43
1610.78
1607.63
1513.24
1437.58
1414.77
1602.91
1611.18
1575.43
1594.62
1492.26
1552.22
1599
1566.86
1626.12
1527.13
1501.03
1526.85
1478.15
1611.58
1547.8
1452.68
1591.19
1449.87
1593.3
1650.8
1459.88
1551.63
1653.32
1673.97
1633.01
1447.19
1639.01
1646.12
1639.52
1319.78
1621.95
1518.4
1505.91
1779.38
1601.47
1635.56
1609.38
1673.49
1549.51
1583.73
1508.85
1602.72
1571.48
1481.83
1663.86
1516.2
1642.93
1654.75
1474.01
1649.22
1556.99
1558.61
1559.81
1649.71
1532.52
1521.09
1408.02
1517.62
1465.56
1677.89
1530.5
1638.74
1621.16
1484.3
1582.72
1524.85
1712.37
1596.86
1554.43
1472.8
1588.67
1472.13
1446.16
1622.72
1572.76
1536.2
1520.81
1409.37
1539.62
1422.6
1512.59
1580.66
1430.73
1388.98
1472.88
1555.9
1566.59
1581.16
1554.92
1631.6
1512.71
1672.03
1501.93
1333.94
1572.82
1652.02
1551.24
1641.28
1547.88
1527.77
1618.02
1554.94
1541.46
1481.69
1502.12
1630.02
1447.1
1491.63
1593.18
1506.94
1503.58
1581.55
1559.34
1499.92
1629.48
1475.76
1533.77
1559.89
1461.5
1488.12
1533.36
1573.95
1678.48
1542.64
1567.19
1564.41
1543.78
1459.26
1481.58
1461.22
1564.11
1511.88
1483.41
1500.34
1512.79
1672.1
1619.61
1474.14
1666.32
1567.83
1468.66
1601.19
1540.61
1588.35
1646.55
1629.99
1606.77
1534.83
1542.07
1398.29
1505.36
1537.96
1574.87
1489.92
1622.29
1577.58
1584.13
1544.28
1586.28
1625.19
1424.52
1380.85
1411.13
1625.41
1577.52
1529
1585.95
1507.49
1474.42
1584.22
1539.32
1632.02
1713.02
1569.46
1540.38
1521.83
1674.06
1420.95
1391.26
1575.26
1610.49
1571.2
1507.95
1538.56
1610.06
1568.38
1473.67
1491.56
1680.8
1619.32
1514.31
1550.99
1594.67
1552.28
1651.04
1516.03
1489.6
1567.74
1549.5
1546.8
1436.82
1469.14
1507.18
1492.13
1655.59
1452.91
1482.41
1392.82
1434.19
1559.15
1540.66
1633.74
1560.99
1568.98
1634.84
1622.12
1508.2
1486.72
1487.89
1667.38
1587.63
1519.53
1608.42
1432.45
1578.49
1504.4
1532.91
1484.61
1613.46
1622.26
1576.11
1501.83
1497.02
1502.55
1604.7
1617.49
1528.96
1453.24
1498.52
1496.63
1585.35
1402.29
1540.38
1623.97
1571.16
1531.74
1565.58
1468.58
1508.03
1525.08
1571.93
1547
1666.39
1420.2
1405.57
1643.11
1568.55
1462.48
1436.05
1544
1441
1525.59
1516.46
1510.27
1550.9
1546.53
1493.68
1546.36
1564.73
1457.39
1500.56
1584.43
1532.63
1550.64
1558.86
1574.32
1591.83
1466.72
1573.25
1562.58
1613.39
1564.33
1581.29
1303.12
1592.88
1765.43
1524.95
1400.93
1491.37
1509
1414.71
1412.39
1653.48
1487.36
1421.24
1631.46
1425.42
1505.31
1750.35
1443.7
1666.74
1542.83
1494.89
1499.8
1644.5
1561.62
1394.23
1495.33
1596.31
1401.2
1537.64
1563.75
1618.2
1514.54
1546.93
1490.7
1463.72
1566.02
1712.9
1600.68
1549
1455.31
1493.15
1509.28
1403.05
1386.98
1620.01
1644.29
1433.32
1563.87
1719.97
1517.62
1470.98
1554.08
1541.62
1542.26
1576.54
1492.44
1625.82
1535.49
1409.71
1472.4
1564.96
1603.92
1415.38
1624.72
1642.89
1520.61
1594.84
1484.15
1641.79
1478.66
1563.59
1380.62
1486.67
1426.07
1474.38
1555.62
1514.55
1527.5
1612.43
1520.13
1519.86
1502.86
1509.5
1510.41
1518.82
1558.99
1589.33
1545.38
1562.28
1417.73
1560.81
1591.61
1515.37
1620.45
1635.79
1473.23
1588.76
1649.43
1450.36
1572.73
1544.58
1497.33
1547.99
1611.45
1583.33
1569.64
1458.15
1443.51
1470.71
1569.65
1526.26
1566.1
1391.05
1621.92
1534.23
1384.45
1569.88
1515.81
1479.71
1512.65
1633.6
1513.93
1704.86
1587.23
1555.63
1543.63
1582.92
1641.16
1486.22
1679.53
1538.62
1552.44
1584.8
1562.23
1435.27
1515.3
1536.11
1732.08
1420.76
1511.47
1469.97
1458.55
1462.01
1454.19
1670.86
1547.36
1510.75
1550.14
1760.47
1629.71
1623.9
1605.77
1555.87
1597.18
1450.18
1643.51
1501.75
1508.68
1589.14
1672.53
1645.87
1651.88
1630.42
1626.8
1560.22
1577.3
1518.47
1491.29
1530.76
1471.84
1627.57
1602.94
1510.58
1540.14
1654.75
1586.11
1494.21
1476.28
1530.98
1419.81
1529.79
1555.78
1545.59
1616.1
1365.62
1667.26
1519.8
1396.61
1600.86
1575.33
1500.03
1513.2
1687.9
1519.27
1643.82
1634.98
1646.99
1384.1
1558.98
1661.84
1436.7
1520.69
1623.58
1767.35
1588.21
1473.48
1431.34
1645.29
1591.55
1449.29
1653.2
1453.13
1527.16
1559.25
1706.88
1425.08
1582.75
1603.62
1637.13
1599.11
1486.38
1685.3
1573.06
1608.65
1516.09
1473.74
1467.44
1622.14
1623.69
1595.57
1461.25
1659.87
1506.1
1634.39
1540.33
1521.68
1539.3
1471.08
1502.58
1612.42
1513.79
1548.36
1647.06
1446.29
1513.39
1463.4
1658.03
1525.56
1563.51
1637.13
1670.12
1563.13
1543.54
1595.8
1531.66
1613.56
1543.09
1452.74
1520.23
1567.18
1551.39
1622.67
1612.79
1517.35
1506.86
1635.69
1465.38
1502.44
1445.64
1555.13
1626.56
1571.17
1502.7
1605.91
1542.66
1736.28
1467.91
1452.64
1542.66
1520.6
1555.13
1435.29
1521.03
1425.43
1666.29
1576.01
1536.08
1486.17
1664.63
1647.58
1560.67
1489.75
1529.48
1668.92
1681.5
1664.3
1626.67
1467.49
1492.35
1396.1
1586.3
1653.96
1660.1
1538.28
1593.14
1552.01
1713.32
1526.06
1624.73
1545.53
1800.87
1602.77
1549.75
1569.46
1584.44
1522.63
1614.93
1489.79
1378.7
1578.58
1569.79
1501.81
1510.1
1503.61
1593.23
1537.14
1597.1
1640.2
1499.5
1480.21
1625.2
1563.88
1402.95
1462.43
1657.1
1674.56
1643.09
1630.35
1584.49
1617.8
1520.48
1562.81
1502.69
1634.21
1580.82
1462.26
1637.45
1709.51
1407.18
1592.05
1406.25
1547.55
1545.02
1711.03
1568.86
1661.22
1640.16
1621.62
1569.01
1393.5
1619.83
1593.09
1616.15
1497.91
1555.06
1711.64
1495.72
1676.6
1660.43
1547.91
1474.38
1641.41
1418.5
1538.79
1591.62
1524.72
1640.24
1613.03
1452.7
1533.11
1488.94
1577.71
1652.56
1434.1
1576.18
1611.34
1648.38
1560.82
1414.98
1531.88
1479.72
1672.68
1488.94
1489.43
1504.8
1423.98
1573.71
1590.63
1468.59
1491.51
1653.48
1554.5
1535.15
1574.92
1343.23
1395.28
1643.37
1549.28
1528.91
1450.39
1562.91
1627.26
1531.93
1582.54
1482.52
1463.68
1545.64
1636.83
1457.05
1591.14
1645.03
1595.81
1572.92
1510.93
1577.75
1588.27
1546.3
1435.49
1567.61
1452.24
1530.52
1444.85
1698.42
1606.6
1553.29
1454.19
1526.88
1587.52
1511.26
1493.8
1512.66
1349.17
1568.65
1559.37
1472.88
1519.63
1480.23
1714.04
1411.03
1592.57
1553.87
1674.43
1564.36
1579.96
1441.84
1538.31
1531.97
1748.28
1681.37
1641.67
1590.12
1462.15
1517.04
1494.49
1518.16
1477.68
1559.59
1561.8
1652.64
1209.36
1603.75
1685.87
1403.47
1648.84
1607.79
1521.6
1543.5
1625.72
1485.23
1576.77
1659.07
1585.6
1418.16
1571.71
1639.35
1534.13
1431.5
1609.5
1588.07
1517.13
1503.78
1546.68
1530.83
1521.83
1540.86
1418.93
1489.91
1611
1488.91
1458.73
1400.98
1651.5
1507.43
1506.96
1462.61
1654.82
1445.37
1499.85
1494.24
1602.73
1496.13
1459.55
1510.39
1527.53
1486.23
1484.85
1636.61
1491.71
1659.44
1607.75
1500.78
1602.95
1538.66
1568.07
1506.46
1579.29
1469.74
1635.85
1637.65
1480.1
1532.61
1611.18
1549.74
1518.36
1423.82
1505.36
1469.53
1527.28
1639.94
1588.51
1447.57
1434.96
1487.95
1580.59
1551.36
1550.09
1481.62
1477.2
1626.12
1442.55
1395.22
1494.36
1652.49
1517.32
1697.14
1562.05
1535.35
1673.33
1535.1
1619.89
1467.84
1599.09
1720.27
1409.3
1694.39
1550.92
1659.6
1502.69
1645.66
1572.94
1573.31
1430.04
1420.57
1528.42
1367.15
1548.27
1569.96
1403.26
1475.92
1540.74
1482.14
1554.93
1480.11
1582.64
1563.99
1445.65
1520.58
1522.09
1589.29
1711.93
1589.92
1542.95
1671.97
1515.07
1526.79
1583.1
1509.34
1457.11
1490.7
1457.56
1503.89
1510.72
1542.65
1474.19
1648.02
1606.02
1458.05
1529.13
1584.99
1638.58
1475.01
1519.2
1575.57
1444.4
1459.97
1410.51
1500.2
1522.46
1595.27
1573.25
1460.99
1488.12
1539.44
1490.21
1638.5
1703.66
1689.16
1644.21
1505.26
1536.14
1515.63
1686.18
1540.85
1513.22
1505.72
1596.93
1608.13
1584.41
1467.63
1561.84
1555.47
1561.1
1552.05
1499.1
1523.63
1627.75
1591.92
1550.29
1602.08
1612.1
1458.3
1656.18
1462.54
1593.66
1479.14
1345.31
1540.94
1443.73
1583.8
1667.12
1534.11
1394.49
1594.34
1542.3
1517.63
1646.96
1558.98
1543.17
1470.17
1432.51
1559.66
1400.58
1613.26
1597.88
1539.8
1509.88
1575.02
1507.27
1593.1
1541.93
1427.43
1546.54
1619.05
1523.51
1554.7
1475.29
1553
1529.63
1397.29
1566.77
1402.55
1444.45
1505.94
1683.29
1680.72
1541.75
1697.24
1597.96
1560.99
1454.83
1499.01
1459.56
1452.6
1638.63
1628.77
1501.45
1621.72
1663.07
1527.55
1529.33
1568.16
1551.65
1515.4
1573.35
1512.55
1418.4
1480.52
1686.95
1520.65
1564.66
1504.27
1624.21
1735.53
1653.09
1477.23
1733.42
1540.99
1530.94
1539.18
1611.59
1599.84
1584.4
1596.6
1505.19
1490.05
1489.44
1453.39
1688.56
1479.54
1692.91
1403.8
1560.67
1452.32
1522.96
1536.05
1616.16
1485.24
1660.79
1669.37
1723.93
1574.19
1559.27
1614.38
1508.6
1380.87
1568.34
1643.96
1559.27
1465.15
1564.91
1579.55
1666.48
1528.6
1476.22
1490.39
1558.81
1525.22
1397.56
1520.95
1650.07
1530.71
1533
1564.94
1608.24
1465.72
1479.42
1533.04
1646.89
1626.89
1583.04
1559.96
1616.62
1587.57
1543.73
1514.37
1487.39
1501.89
1648.87
1596.36
1473.33
1521.95
1365.24
1479.22
1329.9
1554.72
1523.53
1387.7
1531.68
1376.69
1459.97
1427.96
1451.82
1546.65
1411.67
1481.88
1452.85
1502.48
1495.26
1436.36
1461.55
1616.21
1428.06
1454.79
1474.2
1623.29
1497.61
1430.6
1310.27
1527.71
1413.69
1668.84
1673.26
1521.65
1623.13
1577.96
1516.37
1611.54
1593.56
1522.64
1466.89
1578.99
1608.75
1604.48
1589.99
1564.68
1415.82
1489.3
1394.84
1532.76
1596.29
1605.01
1548.5
1568.05
1486.46
1563.43
1664.73
1410.44
1571.76
1456.67
1528.96
1478.38
1426.79
1476.27
1480.17
1759.77
1486.51
1656.84
1497.03
1687.23
1548.68
1637.95
1540.1
1632.64
1626.05
1530.81
1609.97
1646.67
1581.41
1467.21
1510.12
1516.51
1584.71
1689.55
1595.97
1516.12
1479.84
1519.42
1561.36
1581.42
1492.37
1363.75
1528.41
1435.53
1686.58
1650.56
1530.39
1571.58
1447.04
1507.59
1544.08
1496.11
1563.12
1500.72
1494.14
1508.44
1494.34
1568
1622.68
1557.35
1710.77
1571.35
1484.83
1569.07
1559.53
1557.42
1539.23
1439.75
1552.61
1485.58
1658.99
1507.26
1534.96
1489.87
1611.54
1505.58
1545.33
1522.66
1467.76
1592.92
1393.69
1551.63
1342.27
1645.37
1634.91
1628.92
1657.29
1472.59
1602.67
1560.6
1551.21
1399.42
1595.62
1543.81
1471.1
1442.95
1568.06
1617.44
1419.08
1718.28
1449.43
1577.26
1566.98
1700.24
1528.49
1697.85
1513.65
1544.43
1700.08
1462.87
1556.58
1522.81
1536.23
1537.93
1609.11
1528.26
1642.02
1594.56
1705.27
1608.67
1543.39
1484.9
1706.86
1507.11
1537.47
1397.13
1590.86
1618.98
1551.85
1477.35
1536
1625.22
1580.34
1614.34
1370.5
1412.52
1615.14
1658.35
1629.09
1588.13
1727.23
1666.73
1342.29
1699.67
1504.9
1486.51
1377.4
1533.34
1547.88
1447.79
1628.56
1469.33
1440.71
1612.03
1579.57
1461.64
1456.03
1503.27
1465.07
1592.42
1557.52
1422.1
1458.19
1576.43
1511.67
1493.39
1700.18
1463.88
1561.04
1739.59
1661.76
1628.02
1582.05
1515.68
1321.62
1357.63
1493.48
1435.46
1855.08
1548.76
1662.24
1627.33
1530.35
1494.55
1577.41
1431.38
1591.24
1549.46
1527.17
1484.45
1464.15
1516.15
1443.95
1474.71
1495.5
1624.1
1559.76
1571.04
1504.19
1463.97
1607.15
1592.8
1583.3
1814.74
1534.03
1533.73
1620.61
1392.57
1506.52
1586.2
1440.76
1565.67
1508.12
1476.99
1683.67
1428.95
1505.55
1560.01
1610.83
1618.16
1613.19
1548.85
1442.33
1502.53
1491.13
1669.74
1436.55
1450.9
1607.54
1479.16
1529.63
1512.44
1489.26
1765.76
1479.14
1580.04
1521.31
1487.05
1585.9
1544.69
1522.51
1536.88
1521.74
1413.69
1520.73
1567.28
1635.85
1505.94
1561.5
1544.32
1582.55
1323.7
1479.19
1674.4
1419.26
1649.14
1594.62
1580.03
1531.07
1590.46
1532.05
1600.34
1708.59
1567.9
1504.4
1509.54
1552.31
1558.22
1584.05
1630.44
1570.52
1540.4
1531.24
1631.34
1633.38
1657.62
1683.82
1536.38
1578.31
1619
1529.29
1498.89
1534.19
1466.29
1705.96
1547.51
1518.38
1484.13
1691.44
1584.74
1656.22
1588.29
1531.22
1628.4
1652.07
1567.91
1515.59
1751.67
1505.73
1559.62
1514.08
1525.57
1424.82
1448.86
1539.87
1534.38
1404.65
1508.38
1523.91
1485.57
1464.69
1474.63
1496.4
1314.33
1515.54
1435.36
1583.32
1613.31
1600.24
1556.86
1650.32
1535.98
1610.05
1464.87
1498.32
1546.48
1574.68
1552.41
1468.93
1500.51
1598.84
1518.86
1569.46
1360.75
1678
1729.88
1493.47
1672.54
1478.58
1557.64
1588.64
1418.57
1560.57
1469.04
1550.23
1469.61
1596.45
1387.14
1649.6
1478.34
1552.33
1473.68
1607.45
1417.44
1553.05
1489.52
1662.16
1623.88
1552.15
1537.97
1604.54
1608.69
1529.31
1546.63
1572.99
1578.78
1530.7
1538.84
1526.25
1602.86
1418.84
1644.47
1682.84
1448.81
1398.09
1456.32
1441.28
1448.57
1552.24
1635.55
1523.45
1543.99
1556.62
1554.56
1484.69
1577.36
1582.28
1543.26
1392.96
1487.25
1553.37
1598.57
1522.92
1410.86
1506.56
1619.71
1597.52
1472.05
1443.79
1584.5
1465.4
1574.07
1586.84
1465.66
1481.21
1542.22
1593.54
1468.67
1483.01
1517.51
1661.24
1488.01
1590.78
1507.55
1501.33
1476.9
1709.15
1595.3
1546.51
1576.21
1417.86
1470.57
1522.19
1663.59
1524.3
1557.65
1532.8
1467.66
1518.11
1460.16
1538.98
1491.68
1512.57
1676.33
1575.92
1497.85
1411.95
1684.91
1614.45
1603.78
1589.18
1476.02
1729.4
1452.68
1476.03
1594.47
1554.07
1548.43
1614.53
1526.59
1598.38
1626.71
1602.93
1685.92
1548.89
1441.7
1424.6
1473.95
1635.75
1570.39
1488.96
1545.22
1471.56
1310.8
1447.03
1603.11
1608.06
1602.11
1477.17
1612.1
1455.96
1607.58
1508.34
1534.44
1514.88
1538.26
1534.81
1546.33
1473.38
1606.19
1542.48
1567.24
1600.2
1634.28
1532.27
1352.7
1596.78
1675.7
1607.94
1549.03
1457.33
1419.14
1520.28
1445.32
1520.24
1559.14
1386.76
1709.65
1451.88
1654.49
1508.77
1508.99
1547.14
1570.73
1571.27
1616.24
1661.09
1436.39
1536.36
1533.87
1468.67
1600
1536.75
1544.67
1512.58
1696.4
1552.16
1470.27
1456.83
1684.24
1572.68
1549.61
1446.01
1594.19
1564.96
1412.59
1379.19
1507.16
1741.42
1558.22
1492.96
1408.06
1505.47
1673.33
1510.33
1459.53
1667.64
1541.63
1569.31
1570.93
1523
1560.7
1479.93
1408.09
1492.78
1396.42
1533.32
1455.73
1586.59
1457.92
1617.88
1560.21
1403.84
1653.69
1575.86
1581.38
1586.78
1648.35
1622.83
1486.94
1624.69
1591.05
1457.78
1533.91
1492.79
1609.23
1536.65
1736.8
1680.95
1527.4
1456.1
1483.45
1578.23
1580.23
1594.36
1432.15
1482.35
1538.08
1615.73
1569.68
1515.56
1561.69
1432.05
1664.67
1560.91
1456.01
1564.59
1602.85
1604.49
1503.27
1532.69
1551.87
1570.89
1546.25
1497.73
1502.07
1463.13
1635.18
1570.74
1622.5
1638.21
1484.2
1545.61
1648.22
1470.86
1606.69
1556.06
1420.56
1576.84
1626.02
1617.89
1640.57
1491.54
1722.1
1574.1
1520.71
1542.27
1642.87
1612.73
1469.09
1528.97
1470.36
1581.41
1487.33
1482.84
1545.09
1528.44
1643.41
1558.13
1548
1650.16
1620.04
1468.86
1569.82
1521
1549.99
1571.4
1552.92
1519.15
1534.39
1608.85
1558.86
1564.81
1662.4
1426.08
1606.46
1662.4
1670.18
1477.83
1661.56
1449.07
1597.08
1522.49
1415.4
1422.12
1531.34
1733.68
1429.47
1633.34
1568.75
1444.15
1670.82
1508.71
1423.17
1403.2
1574.14
1589.58
1556.01
1542.59
1537.62
1580.73
1797.65
1527.22
1625.64
1572.69
1565.49
1566.44
1536.54
1579.51
1538.71
1401.02
1571.14
1593.29
1455.51
1447.99
1579.93
1516.09
1630.22
1594.16
1603.88
1556.1
1565.86
1546.52
1528.97
1642.42
1549.91
1525.41
1580.67
1577.25
1583.43
1616.71
1429.83
1442.98
1496.43
1381.12
1579.08
1474.99
1551.25
1500.35
1482.74
1583.25
1506.68
1619.97
1410.13
1503.71
1627.03
1515.58
1478.06
1480.83
1499.87
1460.83
1385.01
1562.04
1625.95
1543.22
1574.92
1528.48
1457.49
1358.29
1529.59
1468.37
1509.88
1493.62
1503.68
1573.46
1600.12
1509.61
1451.62
1521.46
1438.33
1597.29
1463.83
1575.77
1458.17
1533.97
1410.66
1577.99
1495.9
1523.3
1576.04
1415.11
1483.63
1591.07
1582.4
1481.2
1546.79
1629.65
1534.13
1538
1395.99
1592.41
1614.99
1555.28
1385.13
1557.86
1507.97
1487.35
1409.07
1478.39
1654.87
1570.78
1452.41
1730.6
1568.58
1613.09
1435.43
1643.73
1487.71
1512.13
1597.87
1462.47
1573.58
1498.73
1431.27
1474.47
1494.78
1502.57
1541
1483.81
1572.77
1588.89
1597.34
1565.66
1477.88
1597
1607.54
1572.16
1547.15
1528
1533.47
1603.39
1503.52
1431.65
1487.1
1679.55
1534.5
1498.34
1505.32
1578.22
1731.52
1543.68
1455.87
1679.82
1468.76
1423.34
1655.5
1449.67
1649.72
1700.63
1443.13
1606.45
1502.68
1546.02
1608.69
1327.25
1596.17
1488.79
1507.84
1682.17
1482.44
1485.84
1634.35
1695.47
1605.57
1585.57
1511.47
1528.7
1512.89
1562.12
1658.87
1594.13
1630.89
1389.2
1554.57
1576.17
1583.65
1614.58
1491.49
1560.79
1651.37
1483.65
1597.85
1516.35
1532.65
1528.24
1576.84
1633.46
1591.02
1635.37
1529.33
1708.66
1590.54
1466.4
1546.41
1496.29
1523.6
1676.35
1611.66
1436.54
1550.23
1405.94
1557.95
1468.18
1587.48
1457.41
1566.8
1660.55
1637.84
1517.92
1577.7
1536.82
1479.72
1613.03
1430.4
1512.34
1633.53
1461.8
1540.16
1488
1452.14
1479.56
1525.42
1576.33
1506.18
1633.27
1646.54
1430.23
1413.51
1512.33
1500.9
1491.05
1452.35
1459.45
1515.74
1614.14
1536.98
1458.29
1535.92
1562.01
1483.33
1402.21
1582.59
1647.89
1554.06
1567.78
1634.7
1575.95
1499.5
1545.25
1387.39
1564.39
1455.92
1339.01
1634.63
1410.96
1566.9
1495.31
1637.46
1543.13
1550.94
1517.32
1497.99
1574.9
1579.85
1470.93
1616.33
1572.08
1526.03
1468.09
1479.97
1496.25
1633.35
1489.08
1542.06
1512.82
1395.47
1639.69
1525.82
1541.83
1674.79
1629.94
1499.09
1498.5
1634.09
1728.59
1596.45
1423.03
1429.35
1601.27
1555.09
1532.06
1569.44
1524.59
1548.13
1501.96
1647.14
1576.22
1391.61
1591.82
1521.94
1532.34
1519.4
1598.61
1694.76
1510.1
1639.48
1621.19
1515.15
1597.59
1424.32
1352.02
1694.49
1608.18
1615.97
1597.26
1517.74
1622.27
1460.08
1543.55
1644.44
1450.6
1515.03
1538.54
1590.99
1408.52
1580.64
1646.85
1538.35
1561.93
1555.12
1514.68
1650.04
1563.21
1702.3
1495.93
1504.07
1613.68
1461.88
1474.09
1606.15
1665.01
1500.1
1502.29
1627.05
1648.95
1581.91
1466.11
1589.83
1444.38
1337.81
1466.77
1466.42
1625.78
1624.63
1463.15
1692.77
1621.38
1476.27
1546.9
1480.19
1513.65
1512.8
1449.64
1626.18
1601.66
1448.65
1377.36
1544.02
1459.1
1571.96
1500.24
1467.39
1545.46
1498.7
1567.29
1616.76
1476.48
1383.87
1646.45
1439.62
1422.38
1418.7
1583.1
1453.14
1536.47
1500.28
1448.35
1472.99
1411.87
1573.73
1545.37
1654.95
1595.49
1678.46
1531.61
1503.01
1596.54
1819.03
1622.28
1468.62
1607.08
1345.03
1536.73
1356.68
1466.28
1660.71
1490.55
1568.42
1635.46
1408.62
1550.93
1527.11
1625.75
1494.1
1540.87
1616.78
1641.74
1523.53
1544.1
1506.73
1523.86
1356.05
1541.29
1580.78
1593.17
1512.64
1622.62
1500.02
1571.21
1486.71
1477.11
1511.57
1623.89
1457.33
1627.57
1582.92
1507.11
1570.39
1529.86
1587.96
1558.27
1465.21
1501.31
1507.45
1529.9
1485.09
1641.14
1721.38
1604.68
1493.41
1632.26
1637.43
1669.73
1467.46
1646.37
1640.84
1480.87
1486.45
1551.05
1537.05
1531.66
1521.14
1580.79
1484.32
1530.94
1515.27
1620.17
1618.7
1543.56
1522.1
1558.42
1505.91
1711.32
1446.59
1419.81
1511.58
1486.28
1484.7
1594
1542.91
1521.65
1600.61
1608.59
1689.36
1629.51
1678.18
1513.86
1561.13
1587.18
1587.39
1448.06
1422.09
1542.82
1507.75
1497.57
1490.77
1635.88
1595.54
1469.52
1555.97
1515.74
1607.62
1781.57
1431.42
1499.64
1568.21
1535.34
1438.09
1662.27
1583.01
1442.07
1644.97
1514.68
1490.41
1599.64
1602.49
1506.51
1538.15
1516.06
1506.04
1520.97
1628.9
1355.9
1559.89
1596.55
1587.4
1513.17
1473.32
1638.65
1488.68
1494.34
1460.07
1511.42
1483.06
1530.11
1631.83
1636.33
1502.45
1642.75
1497.62
1540.19
1620.24
1521.26
1591.03
1533.54
1476.27
1442.45
1545.82
1585.63
1474.78
1427.21
1585.29
1599.79
1453.65
1580.78
1448.01
1589.06
1562.75
1553.1
1528.66
1521.19
1437.1
1654.31
1533.1
1547.88
1693.82
1669.18
1482.15
1585.68
1493.32
1503.36
1539.32
1551.86
1563.44
1517.49
1513.11
1601.19
1752.61
1660.09
1503.6
1428.1
1572.21
1606.79
1488.05
1596.25
1562.43
1579.42
1440.29
1411.6
1538.01
1712.23
1573.3
1493.76
1564.56
1562.34
1550.57
1659.87
