1156.12
1369.04
1219.86
1120.71
1125.06
1249.82
1153.53
1176.97
1245.88
1012
1150.83
1261.75
1088.49
1153.75
1191.56
1135.22
1160.11
1087.25
1154.17
1147.77
1135.8
1191.65
1070.05
1184.36
1113.45
1202.42
1172.61
1054.63
1142.97
1048.04
1175.77
1049.61
1118.52
1189.84
1089.17
1188.89
1146.76
1167.67
1113.22
1198.21
1125.19
1213.48
1213.96
1154.29
1114.36
1097.64
1125.58
1249.15
1070.26
1158.21
1242.84
1091.97
1047.63
1245.51
1149.36
1234.03
1225.02
1251.5
1028.64
1093.31
1088.83
1143.19
1081.09
1172.62
1248.32
1281.1
1035.32
1145.79
1126.05
1258.43
1102.25
1207.4
1160.28
1164.22
1290.97
1230.05
1239.98
1200.4
1117.43
1160.96
1122.11
1209.88
1219.45
1198.94
1155.92
1151.14
1171.98
1159.76
1071.52
1175.1
1240.75
1158.93
1092.16
1099.62
1188.34
1295.22
1188.19
1197.11
1155.6
1154.52
1126.14
1115.59
1213.29
1155.45
1112.1
1267.22
982.149
1175.81
1082.17
1136.95
1207.34
1260.01
1064.19
1085.44
1196.5
1052.08
1242.58
1175.26
1156.12
1168.01
1126.35
1211.82
1122.78
1043.85
1066.68
1184.03
1198.31
1063.21
1222.68
1097.81
1104.4
1042.84
1131.13
1166.84
1228.25
1090.16
1255.04
1139.55
1234.66
1126.68
1051.98
1188.23
1096.94
1170.84
1135.81
1167.33
1298.79
1180.56
1317.43
1030.23
1071.81
1213
1208.69
1126.2
1159.11
1241.4
960.054
1221.17
1025.8
1117.74
1146.21
1081.95
1218.95
1125.24
1308.15
1165.07
1126.53
1101.92
1148
1118.87
1261.9
1143.89
1044.23
1182.75
1288.03
1105.53
1240.44
1265.41
1267.08
1146.88
1072.26
1371.95
1361.29
1263.06
1152.77
1082.03
1157.7
1215.51
1161.81
1152.53
1307.87
1210.76
1151.78
1121.2
1061.55
1166.75
1216.83
1096.53
1131.54
1142.14
1084.5
1098.83
1211.19
1109.82
1174.32
1253.89
1191.59
1158.73
1083.07
1121.13
1231.08
1034.11
1152.08
1136.98
1186.52
1203.73
1251.23
1223.48
1177
1139.83
1133.68
1165.95
1201.7
1188.99
1174.16
1118.26
1174.56
1115.87
1314.54
1265.5
1103.97
1269.13
1170.47
1281.44
1182.77
1181.31
1298.91
1213.91
1136.42
1171.78
1267.07
1182.1
1148.03
1095.43
1210.25
1348.97
1290.88
1234.91
1056.61
1125.96
1184
1099.95
1166.53
1282.56
1214.75
1234.81
1134.45
1221.27
1297.05
1218.06
1167.71
1210.69
1253.16
1321.83
1261.19
1135.18
1065.18
1120.59
1281.68
1232.63
1118.32
1117
1227.8
1126.57
1138.85
973.053
1050.04
1335.38
1216.92
1188
1034.51
1061.57
1164.28
1062.88
1116.53
1195.7
1139.71
1183.64
1180.05
1296.42
1231.44
1197.18
1134.79
1249.58
1150.7
1115.5
1073.89
1179.02
1221.93
1129.04
998.885
1271.73
1069.25
1077.99
1106.11
1277.33
1128.56
1345.15
1234.42
1192.7
1094.78
1134.95
967.554
1252.31
1178.52
1268.57
1298.85
1109.3
1058.96
1204.02
1125.22
1264.5
1154.51
1096.07
1105.92
1105.63
1191.16
1136.68
1237.53
1104.26
1140.17
1160.87
1119.44
1038.04
1112.88
1072.25
1093.55
1071.09
1129.6
1040.08
1328.24
1190.46
1194.74
1250.99
1130.74
1129.56
1114.69
1120.09
1160.02
1130.27
1185.05
1212.18
1148.3
1191.08
1222.99
1160.78
1256.55
1239.46
1175.05
1125.07
1150.82
1126.43
1169.75
1260.93
1160.38
1139.12
1198.74
1109.21
1259.54
1123.7
1175.69
1125.28
1103.82
1177.82
1188.59
1099.9
1248.99
1111.9
1288.47
1178.38
1142.97
1181.35
1157.34
1174.88
1113.55
1264.76
1092.89
1151.31
1161.91
1229.09
1249.67
1175.85
1312.29
1084.26
1142.23
1207.1
1180.25
1140.63
1238.53
1124.84
1139.14
1260.48
1152.3
1159.93
1213.5
1204.65
1091.32
1115.44
1148.78
1215.31
1160.16
1167.79
1113.69
1156.7
1195.81
1367.43
1097.84
1122.63
1174.66
1271.74
1092.21
1255.26
1159.63
1041.58
1167.61
1235.95
1331.55
1140.83
1205.63
1167.81
1185.56
1218.11
1196.34
1032.92
1177.97
1186.96
1178.4
1155.02
1218.43
1220.46
1180.22
1205.3
1166.71
1201.28
1167.34
1155.76
1243.42
1163.17
1202.82
1169.97
1250.02
1281.67
1140.23
1254.61
1195.94
1052.83
1140.81
1174.7
1126.22
1098.89
1285.03
1024.46
1190.06
1209.98
1281.79
1156.33
1133.31
1176.38
1195.58
1326.95
1161.81
1071.37
1173.01
1219.98
1122.46
1054.64
1161.9
1212.48
1103.72
1253.76
980.107
1214.98
1148.69
1189.49
1212.85
1088.41
1256.73
1105.87
1125.64
1122.7
1265.68
1069.18
1053.16
1124.34
1113.49
1208.55
1198.52
1223.45
1060.96
1097.84
1159.17
1147.83
1236.72
1073
1123.01
1183.02
1161.15
1080.08
1225.83
1216.96
1099.29
1092.02
1267.54
1250.45
1074.46
1099.5
1203.77
1051.39
1233.45
1216.62
1149.29
1076.96
1229.1
1230.72
1119.99
1159.67
1161.86
1253.46
1092.14
1282.68
1100.8
1098.09
1223.42
1167.21
1232.05
1057.53
1127.91
1080.74
1225.62
1280.86
1319.65
1176.95
1190.05
1099.22
1161.22
1274.82
1171.56
1195.74
1178.21
1260.47
1122.04
1158.13
1193.97
1123.7
1251.58
1173.09
1083.94
1132
1307.58
1112.3
1255.98
1017.63
1145.23
1151.61
1071.01
1017
1237.57
1205.15
1044.62
1106.07
1257.21
1124.33
1036.98
1293.33
1261.7
1066.1
1202.1
1189.8
1077.6
1097.44
1037.35
1243.27
1148.46
1076.3
1102.9
1260.37
1070.63
1116.33
1153.87
1139.39
1215.16
1118.73
1084.06
1251.69
1115.46
1134.44
1161.9
1145.99
1245.92
1165.12
1157.79
1139.44
1184.68
1214.68
1204.18
990.373
1089.2
1132.04
1086.27
1294.79
1175.6
1183.6
1110.96
1023.26
1069.29
1157.86
1090.97
1141.8
1106.87
1158.34
1163.8
1310.62
1188.47
1239.35
1083.71
1202.15
1205.16
1242.5
1239.19
1272.85
1317.44
1135.72
1178.58
1210.2
1232.63
1247.89
1111.82
1194.54
1167.29
1223.03
1180.32
1236.87
1299.57
1099.71
1120.97
1138.96
1247.07
1162.25
1055.48
1235.34
1240.42
1176.97
1162.83
1148.98
1246.96
1130.14
1169.02
1088.51
1107.51
1308.37
1149.72
1026.21
1101.63
1186.66
1178.24
1287.68
1230.21
1235.78
1114.58
1116.63
1163.97
1279.22
1173.79
1197.89
1063.55
1066.78
1193.04
1146.37
1192.83
1295.15
1339.55
1217.89
1228.18
1165.63
1189.21
1260.17
1129.9
1115.73
1066.5
1137.96
993.446
1093.66
1253.52
1058.83
1179.85
1095.68
961.749
1252.4
1121.41
1182.34
1152.62
1228.32
1274.27
1144.73
1130.09
1050.44
1183.95
1242.02
1105.97
1118.69
1167.51
1113.89
1146.02
1114.13
1131.37
1184.49
1153.28
1309.44
1119.88
1127.46
1146.69
1187.79
1196.65
1101.93
1141.65
1112.64
1184.08
1163.57
1274.61
1147.63
1206.38
1231.74
1224.1
1094.45
1221.09
1086.12
1135.17
1169.79
1263.27
1319.08
1288.68
1108.3
1023.56
1203.31
1158.86
1165.54
1155.25
1212.59
1181.66
1158.34
1100.11
1087.85
1166.54
1145.28
1207.73
1174.82
1141.2
1162.96
1200.54
1332.44
1128.5
1148.29
1269.61
1202.31
1237.35
1155.26
1109.98
1306.85
1161.86
1206.25
1197.85
1084.27
1145.18
1143.76
1214.19
1179.83
1097.6
1075.1
1107.39
1281.16
1128.24
1134.24
1136.97
1233.82
1132.65
1174.37
1100.14
1238.47
1132.46
1271.37
1184.23
1171.13
1167.37
1142.8
1314.29
1189.64
1192.72
1061.07
1191.11
1199.72
1016.81
1186.87
1170.92
1193.57
1229.38
1102.42
1079.24
1106.02
1058.21
1176.84
1331.97
1214.72
1125.97
1200.06
1207.88
1314.51
1222.05
1251.04
1109.79
1126.74
1180.26
1051.17
1105.24
1202.69
1199.93
1151.83
1256.7
993.208
1247.58
1064.29
1195.8
1159.26
1121.38
1313.1
1165.71
1181.08
1275.22
1268.58
1031.14
1119.1
1100.75
1152.86
1234.26
1115.12
1187.82
1187.11
1171.79
1146.45
1174.51
1207.53
1138.25
1118.43
1041.71
1083.79
1103.12
1195.41
1196.74
1038.63
1058.11
1119.52
1226.12
1053.98
1158.67
1133.94
1257.49
1079.77
1241.87
1153.56
1182.07
1122.68
1090.34
1301.11
1206.58
1126.31
1129.01
1194.98
1152.12
1182.28
1199.52
1114.6
1215.57
1133.21
1023.59
1147.89
1188.38
1157.76
1122.6
1198.8
1198.58
1229.09
1143.06
1128.81
1139.9
1173.16
1230.33
1125.32
1128.47
1210.68
1125.63
1269.35
1153.4
1227.59
1220.1
1295.72
1118.24
1157.2
1181.57
1032.71
1146.36
1231.67
1219.38
1125.18
1078.12
1108.17
1030.15
1289.17
1151.22
1184.31
1289.55
1176.54
1150.37
1144.11
1211.5
1061
1173.49
1164.13
1092.58
1186.41
1194.28
1139.36
1226.55
1346.69
1033.2
1194.31
1057.03
1134.94
1243.03
1116.09
1278.15
1153.72
1247.02
1157.09
1048.9
1199.34
1084.26
1213.14
1176.49
1154.77
1133.91
1225.43
1103.43
1073.02
1258.01
1315.98
1105.73
1058.36
1250.91
1145.42
1154.14
1166.72
1190.51
1132.84
1304.6
1227.66
1100.46
1172.56
1071.06
1108.6
1085.13
1124.78
1234.26
1121.92
1253.79
1043.88
1186.93
1216.52
1179.33
1139.62
1224.94
1172.43
1197.02
1103.03
1182.85
1262.95
1086.08
1146.18
1161.1
1148.4
1189.65
1209.45
1228.68
1135.57
1047.44
1136.98
1106.79
1331.51
1282.46
1174.02
1298.63
1260.73
1183.55
1183.66
1168.88
1069.49
1345.37
1092.82
1253.22
1329.52
1061.63
1319.55
1279.86
1158.94
1097.36
1175.2
1263.58
1123.06
1065.07
1135.17
1061.89
1174.39
1120.95
1068.62
1146.9
1235.48
1153.85
1238.29
1191.77
1168.18
1235.98
1121.87
1225.92
1173.47
1201.91
1183.1
1142.04
1058.7
1029.6
1237.55
1183.26
1307.51
1172.56
1087.12
1232.25
1137.32
1195.49
1170.56
1149.72
1165.21
1313.58
1104.04
1036.64
1165.73
1194.78
1089.52
1258.97
1138.52
1184.24
1167.47
1198.61
1202.46
1173.83
1186.54
1197.21
1134.53
1275.81
1031.35
1266.96
1032.83
1171.56
1222.17
1135.43
1119.19
1107.51
1202.03
1219.71
999.721
1317.63
1139.69
1176.06
1052.65
1118.67
1090.88
1152.75
1186.89
1215.78
1041.97
1208.3
1414.96
1169.74
1161.69
1353.3
1196.49
1304.67
1245.08
1028.76
1217.92
1163.25
1100.38
1206.04
1132.52
1198.46
1182.12
1208.16
1119.13
1288.72
1229.54
1279.89
1178.75
1062.73
1204.89
1150.23
1272.46
1201.49
1228.74
1236.76
1121.59
1213.21
1138.42
1257.93
1145.23
1308.35
1114.53
1076.25
1143.05
1205.02
1107.02
1130.83
1198.71
1201.15
1157.11
1221.66
1067.04
1136.16
1098.23
1200.99
1051.57
1173.28
1169.24
1275.83
1192.43
1198.72
1232.31
1303.3
1111.27
1213.91
1138.28
1156.81
1176.81
1094.44
1196.64
1164.33
1205.1
1109.82
1094.28
1142.31
1227.13
1268.35
1119.07
1066.06
1119.21
1211.36
1163.4
1042.45
1111.7
1175.5
1322.32
1241.61
1044.08
1372.42
1226.43
1178.69
1064.91
1215.05
1135.6
1255.18
1081.75
1252.05
1187.9
1085.87
1145.53
1138.16
1244.45
1166.25
1141.19
1142.52
1154.5
1081.46
1226.14
1058.09
1067.64
1096.56
1094.52
1122.36
1111.74
1220.76
1120.63
1237.49
1155.74
1224.42
1138.27
1177.51
1104.69
1178.23
1168.18
1109.85
1138.31
1303.31
1201.93
1178.33
1253.03
1233.39
1156.22
1152.77
1179.35
1219.11
1175.72
1134.3
1290.22
1018.25
1300.49
1162.8
1189.72
1158.5
1165.68
1097.51
1022.02
1194.46
1094.39
1165.16
1149.95
1212.71
1106.1
1214.59
1090.85
1104.18
1303.47
1182.8
1076.87
1192.68
1232.74
1157
1193.14
1133.55
1242.64
1135.48
1363.67
1200.71
1237.79
1307.16
1085.4
1203.57
1138.6
1044.91
1074.46
1067.94
1193.9
1077.66
1184.2
1089.06
1364.47
1248.36
1200.07
1006.45
1104.2
1064.98
1278.21
1201.88
1134.99
1061.85
1210.47
1186.85
1043.46
1285.13
1070.32
1297.58
1208.96
1405.03
1213.45
1210.52
1166.13
1197.13
1142.6
988.069
1218.81
1338.12
1157.81
1151.04
1178.81
1234.44
1177.87
1197.07
1235.85
1147.77
1229.52
1254.83
1221.61
1180.44
1187.89
1161.64
1161.66
1303.96
1057.05
1223.57
1225.54
1242.56
1186.77
1414.42
1129.83
1222.38
1157.79
1273.26
1049.07
1353.27
1155.9
1249.43
1001.3
1266.51
1182.69
1074.38
1146.23
1197.06
1119.77
1148.14
1122.95
1141.75
1253.59
1135.27
1087.7
1162.18
1230.16
1125.15
1244.46
1205.08
1284.1
1231.94
1146.63
1160.72
1311.6
1007.29
1202.93
1200.4
1070.25
1224.51
1171.69
1148.32
1121.05
1105.44
1120.52
1199.23
1247.1
1074.89
1311.06
1042.88
1209.82
1165.49
1127.6
1122.71
1173.94
1199.37
1242.45
1235.32
1136.52
1091.88
1086.08
1152.12
1226.41
1047.65
1213.03
1290.92
1179.66
1234.6
1142.61
1106.92
1273.97
1307.41
1107.82
1216.8
1221.92
1195.27
1047.81
1113.2
1121.34
1300.55
1090.41
1040.04
1204.8
1174.84
1064.62
1244.31
1199.62
1109.8
1081.57
1103.52
1114.59
1081.29
1256.9
1109.17
1103.13
1095.07
1194.07
1061.18
1133.68
1055.95
1251.15
1201.4
1105.96
1170.88
1169.72
1164.95
1080.78
1209.5
1149.02
1134.25
1137.81
1175.75
1106.41
1181.02
1198.37
1185.72
1181.63
1095.59
1074.25
1153.42
1149.25
1103.66
1278.78
1141.62
1226.1
1204.22
1190.32
1177.25
1153.26
1159.69
1144.56
1255.28
1240.5
1198.17
1113.1
1117.66
1192.9
1180.85
1270.78
1059.59
1231.15
1202.68
1118.98
1204.36
1287.09
1228.87
1115.44
1161.48
1007.48
1039
1138.56
1213.44
1248.06
1155.17
1144.62
1140.59
1135.23
1189.39
1338.79
1272.55
1195.86
1154.31
1263.47
1220.1
1130.02
1119.32
1134.12
1161.44
1120.96
1154.98
1274.89
1194.91
1127.58
1123.76
1092.25
1113.94
1156.08
1212.48
1154
1157.72
1185.31
1208.22
1140.72
1244.94
1289.1
1010.59
1214.84
1128.39
1021.75
1299.48
1257.78
1118.97
1126.33
1175.33
1146.2
1142.18
1252.93
1171.01
1263.55
1144.34
1185.31
1151.85
1219.96
1147.89
1190.16
1277.96
1197.05
1213.52
1083.28
1170.9
1218.55
1135.26
1327.52
1129.83
1115.64
1199.84
1166.3
1110.06
1142.68
1159.27
1050.13
1206.15
1135.11
1116.34
1270.02
1220.1
1246.21
1095.03
1246.26
1111.47
1125.16
1193.84
1109.07
1272.43
1251.92
1102.36
1282.98
1161.13
1138.07
1199.32
1154.15
1121.41
1119.46
1270.53
1172.7
1065.38
1029.35
1190.75
1240.41
1312.58
1246.21
1206.77
1130.45
1070.71
1215.5
1117.35
1198.21
1152.11
1134.66
1046.2
1095.51
1117.04
1205.18
1124.43
1139.29
1151.46
1198.34
1167.4
1147.64
1184.08
1251.55
1174.87
1282.59
1060.09
1089.13
1118.72
1160.19
1227.24
1143.64
1198.11
1086.18
1156.59
1177.98
1188.93
1160.38
1278.36
1088.79
1078.21
1092.03
1135.16
1162.27
1124.16
1193.3
1293.49
1128.13
1143.34
1164.56
1357.73
1145.24
1119.83
1196.66
1024.34
1129.3
1153.1
1241.29
1147.02
1089.98
1159.06
1290.92
1120.22
1012.28
1327.08
1335.74
951.505
1233.67
1182.15
1237.55
1307.98
1280.06
1117.24
1162.86
1156.02
1186.6
1170.19
1152.61
1213.36
1286.19
1119.46
1216.45
1193.95
1198.35
1256.67
1238.76
1171.44
1150.15
1133.53
1295.24
1176.81
1172.63
1174.09
1148.11
1152.76
1243.88
1247.76
1196.42
997.382
1018.56
1245.62
1082.47
1184.68
1145.68
1104.91
1148.11
1168.79
1186.94
1234.12
1039.28
1283.5
1037.53
1096.4
1197.41
1094.12
1165.98
1221.16
1263.01
1173.04
1201.39
1151.29
1197.92
1167.79
1105.21
1124.99
1210.56
1052.28
1180.26
1151.75
1123.64
1137.07
1282
1176.17
1275.57
1216.65
1261.09
1354.76
1093.99
1223.92
1141.58
1094.31
1154.94
1113.86
1141.55
1165.2
1164.44
1148.23
1135
1225.58
1252.03
1211.03
1145.39
1082.54
1086.83
1251.83
1031.47
1096.72
1124.56
1125.32
1254.7
1320.67
1102.36
1181.68
1171.2
1159
1175.52
1124.24
1056.14
1183.32
1104.19
1078.9
1193.21
1137.9
1215.09
1206.94
1260.46
1158.42
1217.38
1090.64
1224.88
1276.2
1253.24
1109.18
1210.66
1259.87
1151.1
1147.85
1129.86
1108.25
1181.34
1193.4
1128.64
1117.92
1153.08
1027.25
1208.97
1220.91
1155.19
1225.55
1142.04
1106.71
1114.51
1073.34
1098.8
1175.36
1141.16
1054.58
1174.16
1242.25
1171.3
1131.16
1113.62
1171.37
1248.21
1142.67
1063.48
1117.53
1267.17
1270.45
1174.7
1111.5
1194.39
1194.52
1125.95
1238
1188
1149.99
1202.97
1201.77
1186.31
1166.1
1124.25
1269.26
1097.84
1212.93
1146.81
1196.65
1145.86
1093.56
1160.76
1235.03
1067.39
1153.42
1043.06
1296.26
1208.24
1298.25
1083.25
1107.53
1127.82
1215.94
1180.43
1223.65
1262.53
1173.95
1158.3
1259.31
1226.69
1151.58
1258.64
1053.13
1206.49
1113.37
1176.38
1118.98
1216.76
1220.23
1149.39
1245.13
1154.76
1171.01
1283.28
1117.34
1164.4
1182.82
1206.94
1065.74
1209.4
1076.93
1086.44
1132.3
1157.98
1205.23
1213.75
1168.97
1119.77
1207.31
1104.18
1098.21
1143.08
1121.94
1179.03
1108.46
1135.4
1171.13
1203.14
1144.86
1169.67
1304.62
1166.89
1093.89
1143.61
1122.75
1239.86
1106.64
1146.27
1136.11
1183.18
1262.35
1196.29
1280.73
1130.42
1223.16
1101.04
1103.73
1331.48
1052.12
1165.57
1188.61
1158.54
1165.56
1173.64
1158.76
1205.82
1211.56
1153.16
1095.36
1117.88
1190.42
1126.2
1082.57
1185.51
1152.33
1088.87
1141.99
1094.43
1143.07
1126.76
1214.52
1165.06
1352.86
1202.31
1061.06
1133.82
1109.43
1164.96
1154.3
1197.19
1154.19
1125.05
1131.4
1197.59
1201.34
1243.94
1225.65
1115.1
1321.13
1223.38
1184.27
1082.77
1251.18
1207.44
1159.67
1246.7
1083.57
1209.56
1167.31
1245.3
1173.88
1219.79
1131.26
1102.26
1205.89
1146.55
1208.29
1115.67
1219.87
1184.31
1298.97
1318.96
1130.66
1180.51
1206.11
1148.14
1148.32
1230.19
1115.53
1163.72
1137.74
1150.22
1071.95
1040.42
1228.98
1133.52
1329.29
1204.62
1055.37
1166.1
1272.57
1196.37
1047.31
1220.25
1022.5
1262.19
1251.75
1162.08
1044.34
1220.32
1181.16
1199.87
1219.63
1202.11
1155.69
1052.75
1211.4
1167.43
1099.45
1157.78
1179.95
1245.9
1149.36
1103.68
1129.62
1091.37
1222.33
1187.11
1123.82
1171.49
1216.83
1077.57
1232.1
1161.23
1073.72
1140.9
1227.81
1222.15
1108.75
1115.3
1147.89
1134.88
1183.63
1192.01
1116.64
1168.6
1232.74
1170.32
1054.23
1153.76
1199.54
1255.19
1197.88
1176.74
1145.82
1270.87
1152.35
1009.44
1193.87
1225.12
1133.23
1179.06
1219.68
1112.35
1205.36
1059.31
1206.78
1309.79
1142.02
1154.91
1170.7
1275.09
1174.59
1276.11
1119.46
1063.15
1056.43
1174.24
1208.27
1172.06
1223.77
1249.41
1099.44
1150.15
1055.09
1186.75
1166.32
1254.64
1265.46
1109.67
1159.02
1160.87
1265.02
1100.11
1180.25
1223.99
1139.1
1108.67
1138.02
1132.54
1195.04
1164.08
1082.13
1203.38
1256.55
1093.24
1102.79
1169.6
1059.25
1239.36
1172.97
1148.6
1210.15
1165.35
1108.38
1127.64
1097.29
1132.89
1147.88
1160.71
1022.68
1274.08
1071.65
1110.53
1236.39
1260.72
1282.55
1117.13
1182.46
1214.94
1092.42
1126.24
1194.97
1081.25
1159.21
1105.08
1128.53
1204.29
1190.64
1076.27
1277.33
1157.07
1248.11
1176.04
1306.94
1078.12
1178.81
1152.84
1126.33
1107.79
1075.41
1181.97
1301.89
1117.7
1170.37
1215.75
1257.42
1191.91
970.49
1135.64
1172.22
1266.58
1365.92
1089.82
1155.78
1223.36
1269.01
1260.87
1143.9
1179.12
1305.83
1122.37
1229.84
1070.44
1151.53
1217.46
1154.05
1211.38
1228.39
1083.57
1266.9
1168.96
1221.28
1203.88
1146.42
923.098
1258.72
1134.3
1139.4
1252.9
1272.62
1216.93
1154.06
1074.2
1195.15
1174.52
1110.63
1128.25
1040.3
1339.41
1162.8
1200.45
1108.9
1126.19
1092.28
1175.08
1076.04
1150.1
1173.92
1129.49
1271.39
1258.5
1120.18
1114.19
1159.28
1117.72
1269.04
1206.87
1128.18
1245.19
1069.88
1114.66
1230.07
1208.23
1200.44
1072.43
1274.56
1216.49
1100.83
1188.26
1200.76
1130.51
1169.82
1218.47
1131.95
1034.91
1181.66
1174.9
1191.4
1015.38
1131.76
1150.34
1114.24
1116.94
1209.59
1262.33
1190.02
1124.77
948.621
1332.67
1228.29
1034.87
1154.76
1189.81
1142.12
1041.03
1254.31
1298.36
1222.17
1319.43
1228.34
1132.77
1158.23
1114.74
1102.04
1238.14
1078.86
1094.41
1194.37
1184.54
1150.66
1142.75
1216.11
1149.65
1226.96
1188.16
1157.44
1163.07
1083.16
1190.85
1202.48
1171.49
1094.53
1187.05
1215.4
1221.76
1224.26
1143.08
1282.03
1195.45
1216.25
999.567
1103.44
1157.49
1119.32
1119.97
1158.42
1182.78
1165.16
1274.85
1147.57
1180.27
1182.01
1139.68
1191.85
1178.77
1220.78
1174.92
1072.46
1207.59
1157.9
1260.62
1264.44
1171.48
1070.81
1219.53
1205.41
1008.79
1196.23
1012.26
1172.01
1177.76
957.816
1170.57
1155.17
1126.64
1120.22
1166.76
1146.55
1220.61
1269.88
1374.79
1194.42
1191.7
1089.24
1084.53
1151.95
1346.36
1141.76
1145.92
1150.56
1177.78
1183.46
1212.03
1193.98
1259.35
1122.56
1164.41
963.171
1119.54
1231.84
1195.06
1123.93
1092.55
1144.23
1223.8
1155.13
1395
1141.87
1247.19
1293.48
1138.07
1179.03
1226.71
1290.53
1205.84
1251.37
1156.34
1296.81
1229.21
1245.8
1179.49
1214.69
1119.43
1266.72
1131
1114.2
1165.96
1261.76
1191.76
1146.8
1159.11
1141.12
1149.86
1244.35
1245.28
1218.9
1179.14
1294.88
1178.56
1215.17
1288.75
1172.92
1134.09
1191.26
1205.42
1072.7
1141.61
1295.26
1240.01
1197.56
1063.18
1124.04
1063.26
1273.15
1125.46
1136.49
1214.04
1263.54
1116.99
1012.38
1249.27
1229.9
1290.28
1180.36
1180.57
1242.58
1221.97
1196.39
1166.88
1098.6
1151.44
1271.97
1181.64
1155.82
1080.39
1123.17
1260.09
1213.94
1202.2
1231.23
1039.63
1106.36
1194.04
1124.36
1124.51
1298.21
1105.91
1175.41
1104.11
1224.15
1180.45
1141.71
1272.5
1174.97
1154.79
1157.91
1121.79
1186.87
1259.79
1044.23
1251.91
1180.04
1190.2
1110.53
1183.82
1267.93
1115.27
1318.67
1092.83
1231.66
1113.62
1172.11
1111.21
1192.19
1077.58
1157.84
1272.64
1205.25
1164.76
1015.26
1196.77
1237.32
1259.26
1142.69
1219.34
1160.7
1098.97
1107.26
1167.01
1138.61
1122.34
1164.19
1258.57
1226.6
1256.3
1201.89
1106.99
1197.35
1265.91
1118.15
1190.17
1164.5
1159.41
1110.68
1087.22
1175.95
1103.85
1255.98
1133.98
1202.11
1203.05
1099.94
1168.44
1090.72
1085.33
1144.55
1142.38
1166.94
1146.92
1154.57
1205.61
1204.11
1157.83
1142.19
1161.18
1011.95
1047.43
1044.59
1115.39
1203.64
1143.31
1162.41
1214.03
1196.58
1087.69
1168.96
1247.91
1077.08
1099.2
1268.78
1070
1188.31
1121.73
1163.81
1162.48
1179.03
1157.49
1142.58
1029.31
1169.23
1057.9
1235.34
1257.1
1114.02
1061.11
1162.19
1127.56
1078.09
1174.77
1249.03
1220.67
1179.59
1151.76
1180.49
1202.57
1057.77
1199.29
1092.42
1101.69
1098.38
1257.21
1247.07
1154.95
1063.17
1200.87
986.714
1164.1
1221.46
1165.81
1156.4
1107.08
1182.7
1087.22
1156.35
1169.68
1219.44
1119.06
1175.46
1183.65
1140.24
1142.85
1162.78
1300.74
1193.86
1243.74
1108.91
1133.03
1197.68
1230.38
1222.13
1119.58
1062.32
1141.59
1217.67
1107.85
1186.92
1120.07
1150.97
1237.34
1190.54
1060.04
1161.17
1196.33
1216.13
1220.21
1178.77
1153.75
1174.97
1122.01
1139.49
1222.33
1216.11
1268.8
1219.16
1213.05
1161.96
1183.57
1144.8
1192.59
1171.46
1223.1
1194.35
1216.11
1207.96
1139.19
1221.61
1192.52
1292.89
1163.17
1230.4
1082.95
1310.28
1103.39
1319.96
1178.03
1118.75
1278.1
1122.08
1103.41
1183.48
1154.58
1149.87
1174.63
1169.34
1218.52
1262.02
1148.37
1126.52
1284.16
1115.97
1088.75
1185.42
1185.53
1108.87
1131.37
1187.26
1086.64
1118.63
1119.16
1127.71
1180.69
1132.64
1163
1062.48
1332.99
1051.86
1235.69
1048.73
1243.99
1218.8
1037.07
1150.33
1244.02
1230.43
1015.12
1084.39
1180.56
1140.11
1078.96
1119.09
1106.06
1204.06
1024.44
1276.37
1225.26
1261.57
1244.04
1148.95
1192.51
1061.66
1140.78
1071.12
1140.87
1187.02
1138.22
1235.69
1278.99
1087.96
1234.72
1147.16
1259.29
1312.22
1213.21
1137.52
1154.83
1216.4
1087.96
1165.65
1157.6
1189.23
1260.83
1145.51
1217.66
1175.58
1182.59
1116.09
1174.97
1118.52
1204.69
1168.87
1109.52
1195.08
1129.6
1222.89
1062.92
1164.53
1118.9
1194.58
1166.58
1116.08
1095.06
1226.7
1209.93
1206.81
1173.34
1126.07
1261.66
1224.52
1153.9
1327.74
1011.01
1174.83
1294.47
1173.46
1111.74
1113.95
1328.05
1200.01
1099.69
1159.2
1274.58
1244.54
1106.84
1147.98
1215.84
1198.19
1186.38
1311.82
1243.34
1080.75
1190.92
1127.76
1204.78
1179.35
1167.62
1130.46
1104.65
1244.66
1176.76
975.318
1090.5
1181.28
1168.75
1131.85
1176.99
1190.85
1101.31
1139.53
1095.24
1278.29
1157.63
1168.7
1149.73
1172.21
1070.05
1149.99
1167.64
1150.99
1243.21
1125.23
1197.21
1160.56
1210.41
1145.04
1238.64
1126.89
1289.08
1168.95
1231.31
1178.21
1034.38
1109.79
1092.71
1039.81
1166.19
1246.14
1206.44
1190.06
1061.24
1155.57
1119.74
1115.09
1265.45
1170.29
1273.06
1203.64
1241.27
1160.51
1154.79
1079.01
1179.07
1177.78
1189.23
1067.85
1233.53
1039.58
1237.15
1117.25
1127.04
1350.2
1158.71
1173.24
1127.08
1085.29
1139.51
1220.76
1289.51
1108.28
1146.22
1142.75
1178.81
1095.92
1216.77
1131.01
1163.39
1232.68
1270.51
1189.99
1155.58
1123.9
1191.79
1175.19
1192.56
1275.6
1282.55
1172.27
1164.05
1151.91
1097.2
1277.95
1192.51
1173.19
1286.21
1309.6
1284.04
1151.73
1102.94
1173.57
1225.65
1096.89
1165.47
1234.68
1242.54
1159.4
1078.3
1185.8
1107.18
1236.85
1189.28
1078.58
1194.5
1163.33
1189.68
1206.06
1133.98
1104.2
1089.04
1197.4
1209.72
1219.5
1264.8
1121.86
1084.46
1105.53
1193.95
1065.36
1043.48
1258.91
1253.48
1113.15
1196.37
1128.77
1218.83
1262.91
1113.61
1118.43
1132.85
1255
1156.53
1309.7
1144.45
1164.43
1150.07
1193.58
1096.2
1033.2
1191.82
1176.1
1146.82
1012.44
1151.07
1223.85
1163.79
1097.58
1182.67
1183.29
1081.14
1119.38
1142.86
1121.47
1191.99
1032.96
1117.26
1253.77
1107.31
1185.11
1275.9
1197.53
1320.08
1121.34
1074.85
1250.19
1165.13
1191.92
1148.27
1138.23
1229.46
1170.9
1033.69
1231.53
1182.71
1266.4
1120.63
1218.92
1273.84
1244.82
1114.06
1074.1
1112.25
1285.42
1025.85
1125.78
1104.22
1246.81
1182.28
1258.85
1179.41
1229.75
1300.27
1259.91
1161.01
1200.76
1124.81
1026.39
1170.75
1211.46
1237.65
1120.29
1127.46
1066.99
1100.33
1243.97
1081.99
1070.24
1170.02
1194.88
1145.9
1287.82
1152.19
1126.74
1099.29
1167.47
1165.08
1129.29
1220.17
1290.19
1093.63
1103.98
1222.15
1031.42
1140.61
1265.65
1179
1262.66
1194.72
1124.81
1157.22
1150.31
1155.54
1213.56
1197.93
1087.19
1218.2
1223.03
1125.76
1143.21
1260.86
1283.4
1084.16
1200.05
1214.24
1216.35
1194.07
1198.71
1178.6
1224.97
1323.51
1316.07
1213.51
1160.48
1243.31
1194.23
1099.46
1061.98
1109.97
1292.11
1315.13
1198.16
1106.77
1076.19
1037.65
1131.27
1190.92
1127.34
1082.28
1079.33
1164.8
1155.13
1218.82
1088.08
1160.15
1141.79
1235.38
1095.76
1265.89
1176.99
1182.81
1124.04
1289.12
1050.54
1268.66
1178.09
1166.26
1170.25
1161.55
1084.44
1175.13
1262.67
1196.75
1174
1141.42
1144.83
1183.82
1170.39
1196.71
1228.32
1208.42
1097.87
1013.92
1147.32
1145.83
1098.64
1275.02
1087.64
1261.1
1178.57
1117.97
1214.53
1210.51
1174.27
1049.26
1147.88
1061.2
1197.06
1071.41
1130.02
1080.57
1187.71
1171.91
1144.51
1208.75
1166.22
1175.48
1290.62
1102.28
1103.42
1202.13
1251.52
1151.6
1205.18
1200.57
1084.42
1213.52
1260.36
1048.24
1046.24
1234.77
1192.61
1227.86
1227.04
1203.4
1133.44
1131.04
1314.77
1193
1145.72
1054.76
1114.66
1039.9
1089.98
1138.16
1247.62
1262.51
1078.47
1172.72
1234.09
1118.73
1125.74
1188.88
1091.5
1169.07
1315.75
1107.72
1081.41
1328.66
1208.01
1159.4
1202.65
1188.57
1173.42
1086.44
1074.51
1115.35
1043.55
1240.94
1122.37
1124.04
1209.58
1276.35
1236.01
1113.72
1089.79
1142.87
1188.08
1089.49
1039.22
1076.36
1099.38
1227.08
1209.29
1128.87
1239.18
1283.58
1182.42
1151.25
1274.5
1113.79
1117.25
1215.89
1090.02
1302.46
1145.83
1217.21
1156.74
1205.12
1222.38
1186.77
1178.6
1309.06
1266.57
1115.35
1173.96
1216.38
1104.04
1077.12
1131.77
1138.05
1106.75
1367.81
1080.42
1132.34
1100.8
1198.39
1184.95
1144.21
1246.49
1280.53
1207.8
1263.43
1219.28
1093.18
1083.27
1164.17
1320.36
1250.47
1180.27
1221.17
1157.22
1234.04
1137.82
1157.05
1082.01
1237.73
1174.64
1180.51
1098.16
1174.71
1171.1
1085.08
1251.91
1282.06
1092.3
1130.03
1245.06
1223.94
1248.12
1227.19
1049.89
1162.25
1081.42
1266.14
1244.36
1105.77
1121.72
1191.51
1069.4
1173.5
1112.04
1020.53
1209.81
1144.13
1093.62
1196.46
1209.7
1109.94
1137.84
1067.33
1144.67
1317.16
1184.88
1140.38
1216.64
1104.22
1247.34
1113.29
1236.38
1017.35
1251.19
1153.03
1224.01
1177.08
1119.77
1115.57
1226.09
1081.38
972.055
1138.19
1145.19
1139.43
1177.92
1119.91
1123.76
1230.53
1142.12
1191.81
1261.78
1281.14
1155.58
1325.47
1055.57
1231.1
1162.79
1126.58
1164.11
1228.14
1178.88
1188.92
1093.77
1143.27
1252.08
1191.12
1180.96
1147.42
1155.77
1157.65
1234.79
1149.78
1076.1
1176.6
1207.48
1180.7
1102.87
1107.02
1154.89
1196.43
1192.91
1142.2
1156.46
1141.68
1222.43
1301.97
1329.57
1166.69
1177.2
1162.94
1243.12
1272.17
1076.74
1213.46
1236.55
1095.98
1197.28
1150.57
1119.27
1072.64
1144.46
1014.78
1103.06
1066.95
1276.18
1197.42
1115.61
1269.7
1125.99
1155.48
1322.78
1111.23
1010.42
1219.19
1274.64
1166.09
1091.9
1219.08
1196.19
1144.19
1222.15
1214.29
1143.63
1191.71
1049.3
1208.73
1102.96
1172.37
1087.24
1214.14
1197.02
1145.54
1245.9
1196.71
1061.07
1075.31
1201.29
1124.33
1095.14
1077.71
1186.39
1214.33
1218.8
1143.75
1226.16
1307.22
1196.3
1179.31
1120.68
1127.55
1203.76
1185.32
1219.97
1237.18
1147.34
1130.07
1260.51
1093.82
1180.58
1123.35
1152.27
1206.98
1197.36
1192.2
1117.18
1336.2
1075.7
1220.82
1127.86
1134.52
1064.53
1254.18
1118.38
1147.69
1147.23
1110.59
944.689
1263.48
1093.96
1255.57
1116.45
1196.25
1170.81
1140.52
1002.74
1094.23
1183.74
1238.21
1251.03
1104.8
1131
1071.93
1141.1
1223.11
1121.66
1224.59
1104.33
1197.58
1185.9
1266.51
1267.55
1300.34
1189.24
1186.86
1211.41
1064.53
1184.91
1157.99
1207.03
1079.71
1154.97
1039.46
1126.06
1153.31
1140.86
1168.03
1228.3
1152.28
1188.91
1159.9
1170.59
1153.37
1155.93
1274.72
1264.04
1074.44
1175.29
1169.43
1122.94
1358.61
1067.68
1211.55
1209.2
1102.38
1163.9
1178.81
1133.03
1238.39
1176.67
1126.88
1121.69
1010.87
1187.72
1126.94
1161.41
1164.27
1244.3
1059.23
1302.44
1092.72
1246.15
1236.32
1143.11
1143.6
1044.84
1194.36
1148.75
1057.97
1169.62
1137.96
1126.59
1240.2
1286.88
1156.15
1119.26
1228.79
1131.93
1261.15
1208.67
1015.46
1061.12
1287.32
1186.83
1196.19
1207.14
1242.14
1254.55
1167.19
1091.56
1155.04
1180.9
1141.58
1140.22
1147.88
1227.69
1160.38
1135.42
1208.38
1200.15
1098.72
1327.72
1081.83
1127.56
1080.79
1264.35
1106.52
1171.92
1163.01
1095.39
1272.81
1163.9
1087.75
1135.18
1196.04
1185.74
1244.63
1157.72
1158.84
1044.67
1168.56
1162.23
1174.2
1189.45
1187.13
1262.77
1217.25
1093.01
1098.22
1152.29
1161.64
1227.3
1221.21
1164.98
1216.38
1257.14
1182.75
1103.29
1246.37
1135.57
1059.95
1288.76
1096.27
1112.51
1338.17
1233.28
1249.62
1138.87
1266.09
1316.26
1138.04
1165.83
1107.81
1146.59
1164.77
1191.64
1187.81
1046.47
1262.04
1079.39
1160.05
1109.25
1161.47
1115.59
1180.54
1185.49
1275.06
1132.13
1131.27
1242.83
1242.06
1161.23
1282.39
1222.18
1169
1262.61
1169.61
1158.62
1249.63
1197.26
1132.35
1094.3
1264.39
1180.76
1174.77
1096.76
1229.35
1201.13
1157.93
1084.03
1052.45
1099.4
1125.72
1190.65
1241.58
1041.11
1204.96
1250.39
1133.89
1141.94
1127.94
1067.24
1178.23
1122.03
1117.01
1033.12
1132.36
1084.02
1097.75
1106.93
1084.41
1065.86
1155.76
1052.93
1056.05
1153.47
1216.92
1088.09
1194.64
1218.79
1218.06
1160.18
1128.28
1055.06
1008.62
1195.43
1081.37
1094.05
1038.52
1158.67
1182.34
1293.7
1133.73
1141.56
1131.06
1120.37
1233.25
1151.42
1187.34
1186.11
1210.7
1168.77
1190.77
1151.48
1178.26
1109.35
1095.92
1102.86
1225.47
1137.39
1210.85
1245.74
1229.22
1130.64
991.416
1163.64
1048.22
1113.07
1148.31
1110.75
1204.11
1089.02
1195.72
1312.76
1169.25
1163.84
1241.56
1238.04
1179.97
1116.23
1273.02
1105.56
1180.63
1111
1241.52
1231.56
1165.48
1251.99
1149.83
1089.58
1091.24
1097.4
1185.13
1057.84
1044.21
1232.06
1185.07
1180.26
1225.16
1135.15
1120.41
1155.5
1091.81
1270.73
1277.24
1186.08
1138.56
1181.03
1197.41
1091.03
1121.28
1091.33
1117.59
1189.45
1095.65
1195.57
1199.64
1216.18
1045.07
1104.27
1114.57
1154.32
1238.3
1254.25
1159.11
1120.78
1116.36
1218.88
1147.53
1345.87
1207.37
1167.96
1236.85
983.835
1154.18
1186.38
1189.26
1226.38
1233.85
1238.42
1120.86
1065.57
1147.23
1084.07
1163.9
1207.55
1135.7
1082.99
1176.41
1197.1
1217.45
1102.15
1243.27
1093.27
1188.57
1178.74
1211.7
1034.93
1087.53
1108.19
1198.69
1112.83
1191.51
1214.46
1095.82
1248.16
1143.28
1185.27
1174.5
1102.9
1076.25
1173.03
1178.4
1105.03
1178.79
1225.11
1113.37
1180.32
1166.66
1222.46
1281.31
1212.42
1249.42
1105.3
1238.58
1194.91
1214.12
1116.01
1103.12
1135.63
1094.91
1152.61
1324.03
1177.97
1124.27
1197.05
1270.1
1232.91
1248.45
1184.87
1088.82
1175.92
1008.03
1282.19
1190.44
1187.27
1127.83
1321.66
1271.17
1153.88
1214.3
1066.51
1242.62
1212.91
1064.2
1187.37
1143.59
1107.15
1180.36
1145.09
1238.74
1251.88
1164.04
1239.85
1213.94
1242.61
1188.49
1155.34
1357.98
1091.75
1214.67
1194.46
1103.32
1255.78
1221.24
1297.39
1119.91
1086.65
1242.72
1089.36
1149.55
1285.13
1153.81
1052.27
1102.75
1110.27
1136.82
1218.35
1048.5
1164.15
1227.92
1146.35
1138.52
1177.45
1118.86
1119.16
1266.54
1077.78
1084.71
1158.91
1098.86
1110.68
1159.76
1145.36
1115.22
1189.21
1207.1
1144.15
1225.23
1211.39
1109.31
1073.19
1153.05
1088.86
1205.08
1233.02
1140.49
1186.15
1209
1096.12
1203.79
1266.85
1033.5
1262.13
1247.5
1124.93
1231.17
1100.3
1179.69
1245.39
1244.57
1232.56
1187.27
1292.6
1254.48
1157.07
1119.68
1244.72
1131.51
1193.5
1148.5
1229.98
1211.2
1238.28
1118.34
1128.32
1153.63
1220.04
1045.08
1197.6
1088.66
1208.15
1181.98
1196.05
1100.57
1176.2
1250.5
1259.98
1124.68
1185.24
1110.81
1218.47
1201.7
1233.88
1208.5
1145.62
1171.18
1124.11
1213.72
1099.01
1105.32
1171.59
1306.9
1089.4
1104.41
992.41
1241.33
1258.69
1160.23
1223.45
1047.48
1150.99
1227.68
1167.86
1120.42
1133.47
1195
1185.83
1088.56
1264.75
1059.27
1066.36
1073.77
1342.47
1175.27
1198.17
1337.13
1245.56
1144.26
1122.36
1212.93
1199.33
1117.68
1075.72
1174.56
1165.87
1190.15
1198.23
1234.33
1113.8
1197.38
1179.2
1124
1182.43
1147.29
1258.25
1117.66
1201.73
1201.15
1149.47
1128.42
1127.01
1122.88
1162.91
1188.84
1156.12
1072.87
1139.69
1195.63
1169.46
1080.34
1163.91
1230.62
1029.28
1130.41
1234.89
1290.84
1210.25
1040.38
1247.22
1183.06
1067.01
1287.24
1195.97
1149.86
1128.54
1133.43
1203.66
1300.8
1165.74
1113.36
1211.75
1245.61
1145.41
1100.51
1185.83
1159.74
1167.19
1168.38
1065.92
1193
1176.94
1139.49
1253.45
1234.01
1128.7
1202.39
1152.94
1170.1
973.385
1164.82
1081.69
1159.51
1223.52
1274.03
1364.7
1158.46
1192.72
1141.79
1257.21
1117.46
1106.66
1137.34
1166.62
1233.4
1090.75
1222.58
1257.09
1358.24
1024.7
1133.68
1105.63
1099.61
1242
1298.74
1161.67
1168.24
1287.08
1229.78
1210.74
1118.13
1216.16
1135.12
1226.08
1134.64
1325.85
1161.38
1108.11
1221.7
1102
1084.75
1071.41
1262.48
1212.23
1178.6
1105.29
1228.53
1222.7
1145.11
1053.41
1134.44
1170.01
1237.14
1204.4
1213.36
1288.11
1185.84
1262.96
1330.04
1158.87
1093.27
1232.39
1204.05
1153.07
1289.61
1215.37
1145.47
1215.91
1114.43
1163.53
1151.57
1109.99
1146.08
1109.41
1145.97
1147.02
1087.22
1130.41
1118.45
1231.82
1134.91
1043.55
1242.05
1207.58
1108.95
1125.15
1229.28
1130.96
1071.73
1227.1
1166.36
1193.16
1096.09
1239.76
1196.97
1123.61
1143.73
1246.84
1283.95
1162.22
1169.29
1200.13
1159.29
1156.21
1191.56
1156.4
1159.02
980.631
1204.85
1210.34
1151.03
1252.08
1134.66
1163.27
1114.88
1441.35
1210.56
1273.18
1083.46
1192.5
1194.44
1295.78
1096.38
1196.29
1191.86
1146.19
1084
1179.96
1207.93
1188.01
1158.91
1105.48
1153.63
1114.66
1160.05
1167.34
1104.22
1296.45
1140.54
1060.61
1082.98
1136.77
1136.23
1202.89
1158.9
1328.38
1157.85
1122.07
1125.28
1152.54
1122.01
1136.15
1283.85
1129.85
1284.21
1080.55
1215.7
1067.76
1187.64
1161.32
1099.79
1188.63
1157.12
1107.44
1186.06
1131.89
1034.15
1170.55
1270.03
1127.68
1111.63
1118.86
1188.55
1059.27
1128.86
1253.05
1087.31
1205.77
1033.46
1211.34
1072.82
1145.83
1049.22
1191.09
1259.41
1218.44
1133.85
1148.17
1167.05
1006.62
1143.72
1125.17
1058.75
1158.81
1194.89
1212.94
1146.86
1017.12
1222.66
1196.19
1086.43
1160.24
1207.62
1209.71
1118.16
1145.95
1163.35
1263.93
1113.87
1176.43
1222.65
1261.2
1143.9
1181.65
1107.34
1203.73
1238.54
1095.88
1190.81
1317.83
1196.57
1290.17
1177.08
1216.9
1109.78
1159.36
1282.38
1094.35
1171.02
1250.63
1221.32
1157.98
1101.03
1338.43
1199.61
1227.2
1219.45
1250.05
1140.97
1264.33
1241.93
1258.74
1208.87
1214.44
1092.66
1148.5
1123.02
1188.16
1036.04
1210.85
1037.2
1271.65
1206.73
1166.54
1061.65
1225.84
1235.28
1165.18
1320.47
1257.14
1171.01
1285.28
1150.09
1111.9
1097.11
1109.76
1208.2
1063.98
1090.48
1090.1
1238.83
1154.34
1232.27
1187.86
1104.18
1123.67
1171.91
1246.31
1122.92
1243.54
1196.14
1222.59
1114.29
1181.31
1075.94
1286.86
1162.98
1040.51
1279.08
1223.06
1082.68
1145.53
1205.88
1249.02
1148.54
1311.43
1167.31
1049.13
1128.99
1332.2
1176.32
1181.23
1108.84
1277.95
1081.53
1069.9
1187.62
1224.27
1113.49
1029.19
1224.83
1041.33
1113.94
1260.64
1305.55
1096.89
1212.31
1219.75
1246.2
1257.06
1221.1
1169.88
1315.86
1166.66
1237.51
1094.94
1236.54
1196.25
1117.79
1198.72
1214.54
1259.88
1078.41
1161.69
1179.57
1145.58
1182.01
1239.01
1163.62
1059.39
1150.54
1302.36
1173.98
1150.78
1219.3
1255.66
1256.87
1220.94
1054.48
1139.94
1074.38
1042.33
1117.35
1125.66
1168.01
1163.76
1235.93
1256.3
1212.03
1286.43
1190.87
1213.74
1169.41
1173.44
1199.49
1213.1
1185.47
1229.2
1211.82
1093.56
1174.33
1152.69
1122.96
1146.01
1141.04
1085.61
1208.56
1184.09
1108.82
1217.3
1302.05
1076.69
1100.18
1102.21
1087.96
1118.07
1081.22
1131.33
1058.29
1295.92
1024.89
1157.15
1156.1
1145.74
1260.72
1092.72
1125.7
1213.93
1171.98
1154.8
1035.97
1143.24
1169.83
1103.59
1144.56
1208.69
1142.18
1140.46
1199.55
1097.26
1186.23
1078.16
1166.84
1166.48
1122.14
1162.16
1268.79
1133.39
1255.82
1293.78
1066.17
1145.14
1368.52
1196.56
1187.1
1231.29
1334.4
1071.94
1150.45
1163.46
1164.71
1076.61
1174.36
1195.12
1096.17
1149.3
1199.46
1099.02
1165.08
1159.36
1128.24
1200.38
1105.83
1218.84
1156.1
1221.04
1078.5
1206.37
1161.57
1081.58
1020.47
1147.09
1129.47
1162.58
1206.38
1066.19
1089.6
1184.91
1122.29
1157.74
1109.31
1123
1285.24
1324.96
1205.81
1221.94
1161.41
1163.68
1231.44
1217.29
1211.99
1342.17
1229.55
1167.95
1206.22
1192.76
1165.53
1213.11
1138.32
1208.34
1085.67
1258.71
1227.55
1127.09
1154.53
1156.84
1101.89
1206.63
1252.81
1156.25
1231.77
1185.52
1081.94
1210.94
1229.47
1056.36
1084.04
1216.01
1132.79
1076.13
1211.17
1197.44
1119.9
1162.08
1263.78
1118.27
1223.67
1250.66
1082.29
1146.88
1010.47
1180.23
1156.28
1210.23
1210.97
1204.96
1203.64
1235.91
1288.26
1215.28
1042.7
1318.9
1210.35
1220.77
1231.28
1068.26
1096.05
1138.05
1116.91
1253.33
1197.06
1027.58
1130.1
1187.65
1179.5
1111.18
1189.4
1151.73
1058.07
1100.31
1204.17
1181.39
1049.95
1135.02
1201.07
1115.02
1188.38
1147.92
1131.91
1142.57
1169.68
1261.84
1233.31
1087.74
1174.65
1140.02
1117.67
1170.57
1112.74
1065.27
1138.48
1222.48
1298.05
1165.81
1064.08
1216.89
1046.24
1174.87
1229.87
1075.08
1148.44
1183.23
1209.41
1167.03
1180.84
1255.99
1219.71
1172.06
1138.85
1085.2
1276.49
1194.38
1191.05
1282.49
1279.47
1229.78
1184.94
1173.76
1322.53
1235.44
1080.75
1080.89
1208.95
1148.41
1178.52
1187.22
1155.64
1240.13
1054.65
1066.52
1157.88
1058.26
1271.88
1120.72
1188.62
1186.35
1097.65
1215.41
1289.97
1097.4
1183.4
1196.16
1201.77
1262.63
1241.48
1239.34
1143.01
1118.74
1084.17
1213.53
1144.04
1101.62
1331.87
1158.55
1128.17
1133.44
1179.84
1110.68
1226.16
1102.53
1202.52
1187.16
1191.03
1168.9
1145.2
1359.64
1231.15
1139.78
1252.38
1230.37
1131.72
1190.83
1158.94
1093.51
1146.18
1107.14
1088.46
1087.74
1038.45
1122.47
1012.18
1168.5
1125.88
1146.16
1096.96
1121.32
1172.34
1294.52
1184.97
1136.49
1138.13
1104.84
1151.37
1112.88
1187.27
1267.87
1151.57
1189.94
1152.12
1260.58
1167.13
1184.95
1225.29
1197.08
1234.22
1218.86
1168.55
1272.96
1234.91
1137.61
1124.35
1197.74
1259.29
1103.27
1100.41
1104.93
1074.38
1157.03
1159.48
1154.78
1135.86
1235.54
1084.32
1121.43
1106.81
1162.12
1132.52
1068.91
1270.96
1137.23
1098.54
1121.94
1200.01
1095.75
1315.76
1287.53
1312.14
1275.39
1216.93
1137.2
1240.45
1140.36
1182.23
1218.77
1113.73
1237.64
1200.78
1268.57
1109.38
1036.97
1166.13
1207.73
1168.41
1057.97
1054.63
1144.85
1197.33
1135.17
1233.51
1131.52
1091.73
1173.23
1168.23
1123
1094.58
1183.33
1123.45
1131.02
1127.71
1155.47
1146.23
1157.11
1158.4
1289.88
1160.66
1116.06
1139.41
1072.48
1266.88
1223.81
1177.8
1191.04
1325.01
1089.44
1117.1
1171.53
1316.27
1287.24
1148.76
1259.36
1158.43
1108.61
1115.03
1109.98
1011.09
1116.77
1291.36
1234.94
1247.76
1205.8
1238.19
1207.83
1191.6
1152.98
1111.41
1109.46
1223.75
1163.5
1142.78
1183.39
1067.38
1160.37
1282.66
1162.68
1192.39
1215.52
1028.73
1198.9
1076.13
1287.17
1179.96
1115.88
1016.15
1197.92
1112.68
1187.28
1308.47
1095.2
1168.67
1159.75
1224.89
1268.02
1115.37
1102.52
1188.15
1287.56
1110.83
1154.67
1221.77
1197.35
1175.47
1062.97
1164.75
994.985
1060.86
1245.81
1186.55
1087.3
1139.74
1086.15
1275.58
1236.14
1129.02
1161.32
1305.98
1235.21
1117.06
1216.89
1066.33
1123.45
1233.55
1185.93
1116.91
1119.36
1174.6
1214.85
1134.17
1188.4
1225.8
1125.64
1012.98
1178.81
1093.44
1150.93
1255.07
1182.79
1156.14
1253.29
1078.5
1111.81
1294.19
1165.93
1197.85
1156.87
1150.27
1248.55
1147.38
1140.75
1321.5
1212.9
1249.21
1050.75
1051.31
1103.15
1125.86
1271.72
1197.35
1230.72
1058.77
1264.93
1246.41
1256.31
1122.48
1049.6
1122.29
1084.94
1204.09
1184.81
1199.2
1156.06
1237.65
1251.67
1116.53
1118.09
1058.18
1182.62
1107.5
1123.74
1152.23
1128.61
1247.33
1132.49
1195.27
1202.92
1203.97
1051.62
1224.67
1258.93
1200.09
1230.79
1168.74
1118.88
1153.61
1175.86
1135.27
1275.36
1066.27
1168.31
1187.3
1216.46
1186.46
1129.27
1240.18
1206.59
1260.52
1149.16
1241.35
1140.97
1253.92
1110.66
1128.13
1045.31
1155.87
1198.08
1123.59
1086.87
1240.76
1092.13
1249.36
1105.22
1184.67
1232.08
1126.23
1177.86
1104.61
1215.61
1103.32
1087.18
1117.1
1376.9
1254.26
1246.58
1166.22
1109.58
1338.1
1221.74
1138.08
1153.34
1215.27
1258.91
1079.12
1217.12
1034.77
1161.04
1218.1
1228.34
1252.7
1218.53
1178.12
1128.22
1162.05
1163.75
1117.79
1174.65
1120.8
1039.24
1195.37
1267.49
1072.91
1266.03
1199.65
1211.67
1246.5
1236.47
1019.74
1165.28
1221.3
1181.81
1232.32
1190.61
1111.46
1125.84
1173.85
1214.73
1036.14
1155.17
1208.62
1186.79
1143.79
1174.77
1197.03
1112.81
1218.09
1105.8
1111.05
1090.49
1161.11
1176.3
1132.88
1215.53
1164.97
1085.44
1247.2
1073.21
1192.95
1187.66
1206.02
1261.34
1271.23
1142.63
1137.69
1201.78
1185.27
1186.57
1191.67
1095.99
1297.09
1092.27
1128.57
1188.2
1173.91
1102.62
1149.19
1178.76
1059.23
1160.78
1179.81
1145.16
1125.51
1117.61
1208.54
1269.32
1107.26
1045.63
1172.68
1166.33
1259.4
1147.94
1124.66
1103.78
1218.92
1132.33
1123.07
1180.28
1242.51
1163.31
1155.91
1161.61
1136.7
1271.06
1193.05
1090.49
1226.19
1124.98
1156.43
1263.32
1188.89
1166.71
1144.18
1177.37
1113.94
1236.38
1095.82
1112.19
1210.62
1165.93
1198.45
1123.47
1038.35
1245.39
1129.9
1180.83
1194.47
1262.88
1123.17
1076.4
1279.34
1122.19
962.539
1243.25
1136.17
1096.36
1215.85
1108.4
1014.13
1182.22
1183.38
1234.86
1117.26
1359.77
1234.27
1087.65
1175.13
1121.07
1088.47
1176.01
1157.29
1170.75
1035.38
1283.18
1197.92
1211.19
1064.35
1153
1369.37
1287.68
1096.39
1084.39
1135.78
1137.36
1207.84
1283.06
1103.9
1049.63
1190.55
1269.12
1089.11
1239.67
1101.87
1083.94
1124.67
1087.99
1095.09
1221.53
1213.66
1071.09
1138.89
1201.35
1174.56
1146.42
1241.33
1141.17
1181.49
1224.73
1131.94
1271.61
1214.18
1199.75
1133.93
1152.48
1248.14
1161.52
1194.31
1256.88
1312.01
1085.04
1198.53
1135.02
1214.28
1280.77
1168.95
1124.53
1127.32
1126.85
1273.51
1277.77
1098.94
1006.46
1176.23
1018.68
1188.59
1234.3
1182.88
1168.36
1059.92
1243.76
1245.93
1186.03
1340.42
1123.44
1165.2
1089.98
1140.11
1175.08
1068.73
1378.64
1239.75
1368.58
1172.56
1245.46
1330.99
1225.35
1177.79
1129.4
1025.14
1108.65
1147.91
1072.39
1097.19
1126.18
1217.26
1212.47
1158.2
1136.64
1183.95
1189.03
1059.9
1154.21
1276.39
1092.86
1073.51
1299.38
1309.62
1126.32
1147.83
1088.75
1204.63
1213.16
1185.38
1131.99
1078.96
1208.43
1064.07
1171.4
1146.29
1260.64
1117.36
1105.16
1193.81
1265.71
1152.74
1167.73
1137.24
1222.1
1181.24
1182.33
1328.8
1100.37
1209.54
1159.31
1160.77
1306.17
1221.05
1220.11
1127.83
1235.95
1153.78
1166.79
1180.19
1216.02
1082.67
1296.84
1172.46
1164.64
1271.58
1241.81
1179.9
1194.15
1074.97
1155.07
1259.34
1278.86
1110.74
1025.87
1009.29
1249.28
1123.91
1182.46
1271.36
1063.74
1108.21
1225
1126.85
1162.17
1209.35
1194.42
1135.11
1160.6
1269.5
1149.67
1173.14
1278.61
1178.1
1243.63
1231.26
1130.99
1311
1227.91
1085.34
1229.08
1139.71
1216.53
1079.77
1296.66
1186.36
1239.69
1096.18
1270.19
1058.77
1219.86
1158.16
1004.56
1171.71
1050.31
1195.45
1156.31
1173.41
1118.73
1156.38
1074.26
1169.59
1223.79
1168.24
1251.24
1175.89
1099.98
1202.62
1182.72
1114.76
1152.89
1172.78
1075.11
1208.97
1226.04
1124.25
1209.49
1114.32
1157.47
1183.93
1147.16
1243.49
1227.86
1216.85
1194.19
1121.1
1036.67
1080.11
1091.61
1148.83
1120.3
1095.78
1128.07
1194.49
1246.79
1090.32
1125.15
1211.2
984.054
1162.54
1199.2
1120.24
1110.54
1207.08
1121.95
1199.18
1305.77
1061.84
1083.04
1127.01
1180.55
1186.77
1178.73
1270.84
1195.16
1149.52
1188.98
1137.47
1139.16
1166.33
1220.45
1127.96
1187.87
1148.18
1120.68
1112.18
1254.42
1234.93
1086.51
1206.91
1217.67
1251.79
1176.33
1109.76
1127.01
1158.03
1212.87
1185.99
1175
1111.2
1110.24
1267.98
1240.37
976.592
1202.94
1115.88
1261.55
1150.53
1151.94
1148.89
1283.8
1136.15
1062.11
1166.98
1100.2
1063.59
1243.79
1159.53
1120.94
1140.15
1166.34
1244.54
1215.87
1099.11
1277.06
1109.64
1178.5
1225.17
1077.48
1148.1
1128.9
1208.35
1121.93
1123.94
1075.55
1170.4
1190.23
1133.05
1197.71
1158.22
1100.8
1175.62
1180.48
1128.15
1240.68
1142.92
1114.12
1132.9
1103.38
1181.9
1288.19
1157.19
1314.04
1132.23
1208.95
1270.04
1177.07
1255.49
1122.46
1153.16
1209.83
1128.27
1219.81
1129.61
1193.89
1245.85
1077.01
1051.01
1110.61
989.111
1223.39
1164.59
1147.21
1126.59
1098.03
1169.48
1144.96
1130.93
1113.36
1259.5
1192.88
1142.78
1174.86
1180.03
1190.69
1068.13
1238.32
1169.49
1107.98
1100.25
1156.86
1120.68
1296.73
1201.98
1208.72
1218.15
1247.78
1192.52
1120.49
1068.29
1218.05
1136.97
1155.69
1187.52
1278.73
1263.21
1280.82
1212.63
1163.12
1276.18
1227.79
1230.87
1147.97
1148.51
1190.24
1176.83
1189.87
1171.66
1158.24
1156.21
1156.5
1150.39
1191.65
1122.88
1135.81
1099.43
1166.64
1043.73
1042.05
1113.08
1083.89
1121.6
1138.48
1050.27
1192.3
1141.24
1228.72
1137.64
1198.64
1094.8
1256.5
1140.54
1201.03
1168.22
1189.51
1133.96
1243.64
1160.31
1264.51
1264.68
1292.59
1174.17
1168.43
1257.62
1034.4
1175.95
1188.16
1136.37
1179.93
1186.45
1078.02
1146.19
1119.62
1291.37
1191.4
1200.58
1147.49
1149.4
1174.37
1170.8
1174.22
1181.13
1147.04
1303.47
1035.59
1184.26
1104.9
1107.31
1154.52
1065.03
1111.32
1155.98
1158.8
1207.74
1111.71
1220.47
1149.92
1072.23
1127.04
1160.62
1205.47
1206.66
1288.93
1157.34
1153.97
1067.51
1154.31
1096.37
1097.2
1127.07
1332.83
1410.23
1035.47
1118.97
1183.98
1158.35
1216.85
1145.78
1153.97
1222.65
1174.86
1087.97
1140.55
1339.44
1186.23
1271.34
1145.05
1203.45
1157.68
1136.14
1342.44
1101.17
1222.32
983.529
1187.73
1136.3
1200.6
1144.43
1193.59
1303.62
1289.72
1197.85
1100.07
1219.41
1147.66
1172.13
1184.41
1170.37
1231.74
1076.62
1151.5
1123.58
1072.4
1151.82
1137.79
1202.47
1118.48
1190
1155.12
1067.49
1206.62
1150.29
1218.89
1246.16
1183.21
1244.95
1140.05
1199.75
1067.05
1183.88
1119.19
1069.94
1235.37
1193.27
1247.56
1091.42
1114.31
1341.46
1322.79
1334.88
1186.92
1139.99
1115.06
1196.57
1208.18
1184
1289.24
1165.94
1124.7
1078.81
1178.93
1155.84
1202.41
1156.9
1241.36
1350.42
1111.83
1216.44
1217.9
1102.45
1242.95
1118.84
1105.25
1185.85
1041.44
1107.96
1132.7
1124.59
1228.69
1199.34
1263.31
1133.97
1096.32
1224.36
1134.75
1249.88
1155.54
1183.47
1183.03
1254.18
1124.86
1105.68
1145.15
1166.72
1074.77
1205.47
1091.68
1091.09
1203.69
1215.24
1234.6
1158.73
1238.89
1182.51
1213.36
1236.27
1311.35
1138.63
1132.01
1060.62
1083.11
1229.98
1190.21
1158.37
1109.36
1135.8
1041.89
1172.69
1151.3
1176.69
1167.3
1141.99
1242.03
1109.96
1198.39
1248.15
1103.08
1098.82
1135.83
1119.73
1139.15
1153.02
1214.32
1180.24
1214.3
1226
1167.62
1144.33
1182.07
1183.48
1178
1114.51
1144.69
1089.36
998.675
1142.67
1176.92
1132.65
1203.19
1258.29
1171.39
1069.25
1125.4
1310.68
1278.04
1062.27
1156.75
1060.11
1142.21
1261.7
1197.52
1059.95
1196.49
1125.21
1177.11
1201.84
1251.03
1201.49
1235.28
1135.1
1167.54
1168.01
1123.08
1289.99
1170.55
1291.05
1161.44
1291.07
1193.23
1135.64
1123.23
1154.28
1122.49
1295.42
1229.89
1272.41
1140.6
1271.64
1223.92
1213.35
1278.95
1200.91
1180.96
1165.82
1310.19
1332.78
1108.77
1089.09
1126.22
1138.07
1185.21
1212.1
1227.69
1200.1
1069.22
1099.99
1186.49
1151.86
1132.08
1096.46
993.13
1050.93
1115.13
1155.05
1081.03
1139.34
1255.38
1150.37
1193.63
1134.67
1039.49
1116.84
1219.73
1135.17
1199.94
1328.01
1193.3
1194.71
1194.77
1107.56
1165.11
1219.99
1127.8
1223.06
1193.2
1243.52
1273.32
1246.1
1047.5
1165.22
1172.16
1189.31
1125.51
1281.42
1236.5
1084.53
1160.98
1158.03
1128.69
1000.15
1218.18
1141.24
1197.87
1125.62
1254.52
1235.67
1131.31
1106.27
1117.63
1031.03
1122.14
1167.1
1121.26
1229.23
1166.09
1175.9
1073.38
1091.14
1104.53
1117.93
1163.42
1165.84
1148.4
1099.83
1110.86
1125.14
1201.67
1150.41
1168.55
1057.85
1115.15
1181.39
1125.31
1157.33
1099.04
1228.14
1047.63
1093.62
1161.58
1184.21
1220.14
1230.71
1244.62
1173.9
1219.26
1209.57
1135.06
1180.25
1134.51
1123.37
1066.65
1104.85
1115.51
1313.81
1181.94
1101.97
1192.99
1135.09
1184.72
1202.34
1141.05
1193.87
1145.36
1072.8
1162.33
1154.4
1266.5
1179.71
1167.62
1237.57
1133.3
1216.15
1149.9
1161.18
1212.05
1152.43
1197.47
1092.98
1117.74
1026.93
1196.26
1251.21
1046.51
1171.49
1175.31
1137.97
1244.67
1113.33
1185.37
1204.88
1131.32
1176.02
1243.07
1083.32
1162.97
1179.43
1126.3
1144.76
1131.9
1091.36
1045.21
1163.86
1259.95
1257.62
1335.17
1123.65
1160.98
1207.82
1094.81
1159.22
1102.91
1200.45
1191.88
1158.38
1034.96
1169.84
1232.73
1217.69
1186.51
1222.45
1231.27
1269.05
1180.02
1213.22
1149.63
1087.83
1191.26
1077.21
1247.65
1081.02
1154.37
1052.94
1152.12
1153.67
1146.68
1268.18
1121.72
1026.41
1168.17
1384.97
1190.87
1160.15
1170.84
1175.34
1143.99
1223.12
1149.47
1191.31
1067.22
1068.58
1180.08
1127.99
1091.41
1169
1104.96
1119.16
1118.23
1075.94
1122.03
1209.35
1154.67
1261.64
1156.94
1168.13
1089.48
1255.34
1179.27
1022.24
1176.17
1141.97
1100.37
1146.36
1327.8
1177.46
1167.74
1234.09
1184.8
1256.77
1142.17
1080.61
1195.11
1160.21
1146.61
1206.84
1083.95
1083.29
1077.41
1106.08
1177.73
1366.06
1158.93
1263.47
1229.28
1162.14
1038
997.679
1170.48
1287.44
1141.57
1198.92
1119.4
1035.41
1151.5
1204.49
1246.72
1133.34
1229.14
1019.39
1063.2
1200.2
1141.9
1184.33
1119.8
1225.27
1152.45
1059.31
1177.41
1136.52
1115.18
1255.21
1175.62
1206.05
1069.64
1167.8
1116.23
1213.58
1177.65
1183.33
1272.89
1167.18
1211.4
1108.89
1169
1208.74
1184.99
1181.19
1234.75
1159.57
1242.89
1301.75
1120.05
1150.42
1047.35
1133.15
1131.01
1111.16
1118.97
1271.24
1269.21
1130.87
1261.23
1220.95
1196.65
1183.74
1151.11
1209.86
1287.61
1125.7
1043.49
1241.8
1060.65
1114.09
1216.79
1175.12
1213.2
1133.15
1129.31
1177.95
1162.34
1090.83
1307.08
1163.06
1075.88
1263.47
1137.85
1165.52
1223.44
1223.7
1277.16
1178.86
1160.98
1130.67
1189.95
1125.26
1347.9
1094.87
1031.76
1141.86
1209.73
1208.61
1100.97
1140.1
1096.85
1180.4
1119
1125.46
1203.18
1105.68
1204.97
1181.31
1070.29
1204.97
1166.22
1209.59
1229.22
1236.36
1196.04
1118.81
1118.9
1185.98
1044.09
1202.86
1312.01
1214.36
1197.84
1158.52
1141.14
1127.48
1119.77
1099.58
1209.09
1163.25
1111.45
1173.11
1236.87
1142.07
1193.52
1202.16
1238.72
1197.45
1196.8
1107.33
987.01
1305.96
1031.98
1176.97
1246.41
1169.52
1153.12
1199.28
1092.8
1193.36
1046.49
1194.15
1184.82
1131.67
1100.11
1096.56
1205.99
1212.7
1172.64
1146.13
1049.81
1075.41
1209.61
1345.83
1145.73
1112.88
1235.57
1302.36
1122.82
1147.71
1265.52
1131.77
1166.77
1269.8
1073.4
1157.65
994.812
1163.41
1073.28
1103.21
1188.53
1051.64
1102.72
1106.79
1264.32
1205.07
1205.81
1096.46
1248.53
1195.04
1163.77
1129.08
1107.77
1192.67
1105.71
1295.01
1138.84
1193.68
1182.77
1393.33
1156.81
1104.66
1110.54
1277.41
1065.21
1211.92
1285.93
1198.4
1200.14
1212.93
1259.77
1239.58
1127.41
1220.55
1189.35
1247.53
1122.52
1182.21
1181.24
1243.44
1055.52
1175.01
1272.09
1234.72
1335.38
1075.57
1181.66
1202.82
1179.99
1243.07
1181
1125.05
1126.53
1096.1
1210.26
1156.11
1146.53
1102.6
1229.87
1193.47
1223.41
1172.6
1143.52
1199.54
1248.81
1243.77
1071.45
1034.52
1239.18
1153.62
1101.33
1119.21
1193.89
1205.12
1223.25
1226.96
1191.13
1158.46
1037.76
1064.9
1221.62
1167.19
1143.78
1139.19
1143.81
1244.14
1119.09
1244.31
1177.77
1099.25
1219.01
1166.48
1232.97
1237.37
1133.2
1152.05
1218.74
1077.14
1204.57
1057.6
1268.49
1156.28
1276.55
1076.28
1106.46
1221.86
1124.79
1147.27
1061.77
1195.41
1111.13
1051.3
1138.13
1175.35
1199.99
1195.35
1256.99
1098.01
1229.11
1145.64
1273.67
1174.52
1186.74
1119.5
1113.75
1155.91
1143.95
1166.25
1077.12
1201.78
1140.23
1118.12
1166.53
1127.08
1125.94
1065.42
1123.22
1145.96
1091.77
1176.47
1204.37
1102.32
1259.04
1150.93
1119.63
968.593
1117.12
1152.64
1134.13
1104.93
1268.12
1167.59
1178.51
1146.65
1112.83
1323.46
1191.57
1179.32
1175.28
1030.61
1215.14
1215.69
1157.59
1053.33
1121.05
1195.77
1182.33
1298.38
1086.22
1238.68
1173.81
1056.35
1200.52
1183.13
1154.63
1223.22
1165.42
1120
1219.73
1236.4
1115.92
1124.69
1154.65
1197.77
1213.89
1202.12
1215.58
1183.84
1210.08
1110.66
1124.64
1182.91
1170.06
1081.18
1249.18
1174.63
1193.93
1179.12
1064.58
1162.69
1195.03
1131.1
1218.79
1228.17
1120.72
1169.29
1277.43
1212.21
1197.61
1214.77
1146.12
1308.11
1129.02
1226.82
1095.38
1195.62
1044.01
1173.32
1099.01
1064.45
1113.39
1281.05
1172.37
1216.4
1167.75
1301.28
1296.28
1122.84
1256.03
1035.5
1206.67
1179.06
1111.4
1096.24
1102.92
1205.22
1258.42
1028.01
1104.04
1148.06
1100.85
1257.51
1153.45
1059.94
1151.02
1289.71
1169.42
1162.21
1221.7
1138.06
1197.95
1196.38
1165.63
1152.86
1261.27
1163.78
1126.2
1142.21
1134.73
1137.38
1155.59
1240.29
1104.95
1322.86
1137.53
1109.41
1139.9
1197.58
1262.02
1190.36
1211
1193.41
1208.66
1150.82
1212.52
1036.41
1127.38
1147.93
1234.37
1167.11
1210.99
1212.65
1226
1190.92
1248.42
1279.29
1260.04
1248.93
1265.28
1151.43
1151.1
1200.15
1192.3
1118.48
1135.01
1139.54
1171.19
1129.11
1117.62
1113.99
1150.34
1142.99
1360.19
1234.12
1123.68
1100.57
1189.7
1139.19
1160.37
1247.18
1305.47
1095.51
1082.29
1274.66
1160.34
1278.48
1182.72
1298.84
1132.23
1200.08
1113.96
1193.61
1133.28
1247.3
1066.68
1261.88
1254.01
1228.54
1138.88
1175.93
1189.25
1146.87
1057.75
1203.6
1161.91
1252.81
1102.42
1196.74
1129.51
1102.31
1226.66
1060.01
1220.14
1219.27
1256.2
1193.67
1213.74
1208.28
1169.63
1157.19
1303.66
1270.89
1297.82
1041.84
1191.43
1176.99
1220.19
1152.3
1197.42
1135.4
1070.02
1151.29
1256.41
1070.93
1111.24
1081.76
1106.08
1037.98
1317.14
1122.43
1154.79
1267.01
1082.88
1167.86
1288.78
1142.88
1309.67
1077.35
1153.98
1090.03
1300.9
1169.89
1156.81
1147.25
1178.92
1159.64
1074.9
1240.77
1178.37
1312.81
1288.77
1166.68
1154.54
1157.49
1354.2
1183.56
1258.95
1187.88
1269.37
1169.1
1099.14
1198.54
1229.69
1333.35
1235.56
1221.2
1068.8
1134.68
1159.35
1275.32
1168.73
1301.58
1147.92
1078.05
1107.7
1161.28
1141.3
1116.56
1132.69
1207.63
1229.14
1106.17
1230.38
1088.28
1143.75
1080.7
1219.57
1050.27
1210.14
1056.92
1263.84
1269.58
1096.3
1140.25
1057.3
1253.2
1116.75
1118.75
1262.96
1185.45
1253.42
1146.32
1185.26
1253.72
1154.99
1114
1150.13
1379.7
1139.06
1159.2
1215.01
1179.09
1215.65
1190.19
1164.71
1147.97
1066.52
1166.32
1125.96
1187.94
1147.26
1081.96
1052.89
1151.9
1187.35
1245.94
1133.53
1115.84
1101.96
1135.18
1235.54
1274.63
1069.46
1209.83
1128.27
1117.48
1279.53
1246.84
1024.72
1245.69
1127.53
1246.27
1137.52
1174.16
1154.58
1103.08
1178.81
1077.86
1195.03
1130.09
1181.41
1106.89
1156.75
1206.81
1043.53
1280.47
1022.53
1123.54
1043.1
1145.73
1066.05
1158.35
1104.4
1102.18
1228.96
1108.35
1087.71
1145.21
1005.63
1186.88
1188.18
1323.5
1160.62
1180.34
1273.14
1177.42
1164.08
1033.97
1184.06
1259.62
1247.43
1114.32
1231.21
1112.96
1239.31
1119.27
1233.8
1106.6
1184.47
1148.6
1119.75
1215
1149.98
1025.31
1055.35
1212.96
1099.65
1305.85
1193.63
1248.69
1173.55
1166.09
1105.28
1180.36
1187.51
1139.35
1113.16
1194.18
1173.71
1186.76
1336.26
1177.23
1078.19
1067.76
1018
1236.45
1200.1
1046.91
1150.73
1145.63
1166.08
1260.54
1206.72
1128.04
1232.18
1153.23
1294.86
1250.45
1216.82
1184.45
1168.59
1257.53
1060.63
1188.83
1190.73
1195.32
1189.03
976.109
1176.35
1056.06
1139.47
1051.37
1241.65
1143.44
1225.55
1022.01
1256.06
1132.49
1206.18
1203.81
1219.49
1272.16
1194.54
1212.52
1291.59
1116.84
1255.71
1136.12
1202.59
1196.79
1197.36
1154.81
1171.85
1154.55
1178.53
1186.12
1258.96
1132.99
1238.72
1180.41
1188.01
1147.56
1134.68
1167.82
1232.06
1133.53
1242.47
1109.73
1173.28
1224.51
1206.19
1278.38
1116.88
1121.93
1283.94
1241.59
1182.07
1199.91
1077.64
1255.02
1188.08
1131.13
1091.8
1135.43
1101.36
1227.64
1100.35
1128.27
1128.45
1087.47
1127.62
1156.06
1198.51
1179
1216.29
1166.3
1181.19
1192.68
1114.38
1309.8
1124.09
1114.88
1163.04
1082.66
1188.13
1171.44
1230.63
1098.18
1222.77
1136.31
1185.13
1301.89
1231.81
1108.48
1172.19
1128.08
1092.94
1058.92
1179.21
1213.09
1168.88
1257.88
1025.64
1181.62
1160.1
1205.7
1140.73
1104.22
1048.96
1115.43
1279.33
1260.07
1234.17
1292.98
1079.21
1205.64
1235.36
1156.09
1280.73
1121.71
1134.72
1056.03
1148.39
1155.64
1058.47
1060.1
1096.24
1071.67
1144.89
1194.86
1140.86
1138.98
1208.69
1176.67
1179
1215.42
1266.68
1189.22
1242.45
1340.07
1060.16
1149.4
1118.09
1043.98
1058.29
1137.72
1194.14
1113.15
1153.71
1203.53
1197.07
1144.24
1078.1
1145.84
1142.03
1269.24
1108.06
1294.41
1185.93
1073.66
1257
1114.22
1024.25
1121.95
1202.34
1301.36
1269.83
1121.31
1227.45
1139.21
1188.58
1171.63
1274.69
1082.1
1120.69
1172.65
1139.58
1242.65
1089.1
1118.9
1177.64
1261.58
1168.8
1125.32
1077.93
1244.2
1181.43
1159.61
1140.19
1213.42
1289.96
1113.2
1191.82
1153
1250.62
1202.02
1265.52
1171.82
1119.58
1164.4
1164.47
1195.17
1175.58
1148.15
1147.32
1110
1159.82
1106.28
1119.19
1140.44
1108.69
1166.14
1133.4
1183.1
1140.49
1279.83
1180.88
1050.39
1148.95
1117.98
1220.47
1173.01
1156.73
1178.22
1196.5
1163.21
1174.56
1116.35
1162.53
1092.49
1213.86
1314.61
1273.59
1223.3
1096.64
1159.86
1179.02
1050.53
1149.49
1162.38
1171.7
1142.49
1282.7
1236.52
1049.94
1266.93
1355.12
1168.57
1179.19
1045.99
1186.17
1192.98
1144.02
1201.75
1157.92
1116.43
1175.63
1129.91
1212.91
1163.66
1262.71
1116.88
1247.79
1139.06
1155.37
1164.2
1092.93
1064.78
1161.64
1266.28
1056.22
1154.91
1167.94
1142.82
1130
1144.26
1099.02
1137.22
1109.56
1202.83
1210.66
1225.85
1223.58
1123.4
1179.23
1125.67
1247.49
1176.91
1206.37
1168.01
1119.13
1202.77
1089.38
1098.03
1101.14
1155.23
1188.75
1198.55
1212.19
1146.03
1185.08
1111.9
1229.45
1125.97
1171.17
1247.49
1199.81
1181.96
1277.98
1134.24
1044.78
1129.19
1214.87
1084.39
1145.02
1118.35
1205.07
1246.37
1140.43
1197.44
1294.99
1100.61
1224.74
1221.55
1211.06
1123.75
1191.41
1057.8
1209.75
1130.67
1228.04
1195.19
1381.97
1110.38
1286.15
1093.2
1175.76
1136.92
1233.97
1253.85
1266.09
1102.61
1083.87
1219.55
1070.37
1162.42
1204.05
1056.25
1230.72
1104.29
1178.36
1021.97
1226.97
1135.34
1141.55
1197.22
1252.59
1006.76
1203.17
1155.57
1074.79
1242.41
1193.27
1201.28
1204.65
1318.61
1206.46
1077.06
1200.7
1185.8
1251.5
1047.55
1136.76
1113.51
1174.97
1084.72
1143.62
1138.71
1144.07
1170.76
1037.15
1109.18
1212.75
1103.42
1203.98
1059.3
1104.99
1178.33
1141.02
1099.92
1249.95
1099.4
1253.12
1201.53
1151.92
1351.34
1206.29
1149.84
1172.26
1149.68
1291.12
1165.17
1249.17
1251.6
1179.78
1221.11
1194.16
1027.33
1256.64
1208.93
1110.55
1265.58
1153.4
1155.88
1085.35
1176.14
1283.88
1163.61
1286.34
1186.36
1192.22
1280.36
1120.98
1097.56
1154.53
1061.59
1216.08
1097.09
1249.82
1151.91
1168.14
1267.11
1014.9
1114.5
1189
1090.88
1256.04
1223.21
1065.7
1228.68
1206.71
1219.01
1234.06
1232.57
1285.02
1084.93
1158.67
1116.97
1192.13
1194.97
1108.49
1259.03
1145.42
1056.9
1110.84
1223.68
1132.8
1093.49
1251.78
1229.59
1117.43
1145.11
1160.24
1159.45
1127.13
1161.74
1140.45
1247.67
1252.04
1121.62
1148.32
1417.26
1162.04
1092.24
1189.47
1159.4
1139.53
1100.1
1138.55
1150.36
1204.61
1222.35
1225.04
1237.24
1161.46
1234.21
1118.14
1140.21
1191.59
1190.85
1221.01
1215.02
1279.56
1249.43
1233.55
945.578
1207.81
1219.77
1202.37
1226.44
1138.09
1131.92
1264.09
1183.69
1078.69
1207.87
1162.21
1107.64
1218.42
1139.52
1081.97
1065.68
1161.75
1148.71
1255.65
1277.72
1109.25
1100.31
1204.76
1023.19
1161.24
1133.26
1224.19
1131.68
1068.1
1128.05
1135.98
1166.62
1110.57
1200.99
1277.43
1199.41
1196.52
1057.54
1124.26
1148.14
1121.06
1131.75
1136.06
1224.03
1282.94
1193.34
1068.55
1194.25
1091.82
1138.68
1183.23
1088.44
1119.66
1029.05
1115.92
1192.69
1269.19
1228.47
1116.46
1196.59
1147.03
1097.28
1204.69
1127.9
991.674
1177.31
1231.31
1338.47
1172.3
1221.39
1139.85
1249.03
1091.39
1282.44
1173.03
1237.09
1273.07
1080.68
1140.57
1168.48
1107.22
1117.1
1304.34
1313.43
1170.96
1092.69
1225.2
1262.55
1169.17
1125.49
1142.41
987.669
1064.94
1128.88
1107.59
1195.81
1248.27
1144.52
1251.21
1202.31
1205.29
1159.88
1231.29
1217.55
1216.46
1298.46
1356.49
1142.08
1086.78
1169.37
1096.22
1143.68
1047.5
1126.89
1255.03
1207.79
1149.25
1271.73
1169.51
1150.42
1150.73
1162.47
1181.92
1192.01
1150.67
1182.63
1150.21
1169.65
1111.8
1096.78
1168.34
1164.64
1144.76
1134.97
1103.56
1125.76
1227.95
1205.37
1162.02
1172.86
1201.31
1171.86
1164.22
1126.08
1230.06
1282.11
1159.33
1301.16
1184.21
1087.92
1046.26
1065.11
1304.26
1277.93
1266.4
1262.96
1246.15
1264.63
1135.93
1179.13
1214.18
1238.13
1194.43
1144.28
1230.26
1277.69
1143.38
1166.89
1168.15
1038.24
1077.89
1213.36
1191.95
1225.35
1077.57
1113.31
1065.59
1191.23
1172.08
1098.19
1143.13
1302.93
1175.08
1093.91
1218.54
1093.49
992.451
1083.2
1163.06
1298.6
1042.06
1201.78
1050.67
1184.38
1080.36
1139.68
1150.58
1202.11
1186.1
1311.56
1136.54
1170.86
1151.93
1350.55
1276.99
1227.15
1121.6
1288.11
1119.94
1161.8
1319.67
1094.13
1132.59
1036.31
1037
1075.56
1293.89
1149.44
1151.3
1101.91
1133.58
1055.17
1264.28
1155.84
1250.69
1173.1
1123.86
1188.29
1097.89
1214.36
1242.97
1161.75
1179.44
1192.26
1013.37
1270.3
1210.75
1171.92
1201.7
1263.48
1144.98
1233.69
1183.94
1176.2
1275.46
1272.1
1120.49
1210.65
1205.61
1016.19
1001.58
1111.14
1165.06
1141.89
1088.51
1117.48
1141.39
1124.23
1058.34
1170.38
1134.99
1199.06
1328.1
1155.62
1216.28
1131.88
1254.42
1188.15
1123.98
1122.45
1192.67
1176.64
1082.83
1351.95
1130.65
1315.6
1345.05
1115.01
1160.32
1276.51
1189.63
1080.89
1196.48
1203.93
1150.78
1106.12
1108.54
1336.73
1216.57
1275.22
1211.76
1091.66
1218.94
1233.05
1160.33
1222.01
1280.64
1165.12
1153.25
1322.53
1204.33
1130.81
1122.94
1240.33
1033.12
1074.12
1131.39
1184
1235.04
1158.59
1171.07
1250.66
1181.25
1167.12
1184.13
1286.85
1129.23
1158.8
1116.18
1169.22
1252.51
1189.17
1161.72
1132.65
1202
1255.06
1033.96
1239.86
1186.98
1263.72
1176.5
1242.18
1056.16
1120.91
1108.31
1193.79
1154.78
1122.14
1355.43
1319.92
1044.9
1101.17
1083.95
1110.56
1176.31
1179.36
1293.78
1211.25
1352.41
1153.96
1243.3
1100.54
1046.6
1219.32
1129.09
1224.66
1259.08
1209.23
1186.68
1134.51
1115.45
1292.88
1233.74
1187.87
1074.18
1150.75
1168.77
1155.13
1231.21
1165.93
1365.46
1087.94
1239.6
1061.84
1114.93
1197.42
1106.64
1096.84
1126.78
1278.59
1099.9
1258.94
1242.79
1150.99
1256.89
1218.3
1078.28
1190.71
1221.11
1167.61
1151.16
1137.88
1207.39
1199.09
1180.11
1144.5
1209.18
1069.06
1030.14
1124.16
1171.99
1351.8
1109.43
1157.2
1315.7
1162.36
1062.15
1190.94
1178.49
1200.28
1203.01
1188.22
1060.25
1146.23
1070.14
1264.14
1146.39
1112.64
1067.67
1116.82
1236.47
1236.86
1083.91
1167.54
1264.34
1176.75
1274.35
1147.82
1103.86
1246.54
1204.6
1100.81
1196.47
1078.29
1121.34
1254.53
1177.21
1095.55
1233.72
1118.6
1286.83
1130.46
1173.74
1174.11
1198.69
1233.74
1114.13
1135.05
1156.43
1129.04
1334.85
1151.75
1084.48
1105.09
1122.44
1269.08
1216.81
1225.4
1208.54
1117.21
1160.22
1039.5
1250.9
1210.64
1116.39
1033.92
978.827
1240.53
1050.11
1174.84
1157
1208.55
1146.03
1240.46
1195.62
1244.78
1197.98
1096.82
1152.82
1095.41
1033.02
1249.26
1124.63
1361.67
1013.87
1105.94
1109.99
1098.41
1213.83
1142.26
1115.19
1089.1
1106.98
1177.71
1134.82
1173.97
1155.09
1129.45
1096.37
1144.41
1190.52
1036.85
1187.98
1145.22
1110.97
1180.7
1162.11
1235.83
1170.5
1065.54
1331.19
1330.5
1086.87
1070.51
1155.46
1088.39
1058.88
1167.41
1097.44
1103.42
1231.15
1137.65
1116.42
1167.95
1122.13
1204.75
1118.27
1109.17
1100.29
1232.1
1172.72
1170.19
1134.1
1096.1
1299.95
1091.38
1131.2
1059.85
1163.92
1181.66
1239.4
1088.55
1226
1160.44
1173.45
1052.77
1173.7
1231.05
1064.22
1279.11
1142.91
1106.41
1159.31
1102.34
1046
1256.97
1202.34
1080.24
1282.17
1209.01
1183.38
1351.64
1197.99
1219.71
1259.14
1231.97
1206.41
1211.49
1159.82
1185.17
1310.54
1136.33
1141.47
1153.03
1221.16
1250.64
1142.39
1168.56
1078.59
1239.87
1220.54
1140.14
1174.38
1173.75
1146.76
1043.99
1150.23
1188
1274.27
1053.51
1262.54
1278.03
1129.56
1144.2
1136.99
1096.04
1139.67
1089.13
1121.34
1095.03
1143.59
1084.73
1040.1
1197.37
1177.79
1037.41
1187.74
1122.57
1191.18
1163.55
1162.54
1304.19
1171.6
1207.07
1098.92
1119.57
1135.68
1128
1113.58
1290.61
1291.48
1219.83
1139.21
992.476
1170.07
1202.4
1154.31
1084.49
1246.2
1141.89
1248.45
1115.61
1133.52
1134.39
1124.4
1167.73
1265.38
1119.7
1247.13
1091.9
1091.34
1194.64
1177.33
1294.88
1179.17
1260.54
1215.5
1136.88
1131.53
1096.91
1151.12
1157.38
1120.11
1102.5
1294.42
985.973
1174.53
1193.19
1148.2
1235.9
983.828
1205.15
1322.08
1273.92
1275.06
1162.14
1174.32
1123.36
1209.46
1185.56
1286.98
1240.27
1161.64
1165.58
1196.85
1114.38
1281.12
1186.07
1126.33
1216.29
1175.61
1165.21
1155.77
1220.27
1089.74
1190.63
1094.36
1072.44
1178.25
1244.88
1106.83
1120.6
1211.23
1159.51
1268.12
1266.48
1284.66
1062.04
1099.3
1205.1
1086.49
1157
1127.08
1180.14
1098.9
1128.49
1193.62
1149.82
1124.13
1150
1102.97
1278.52
1102.42
1165.96
1169.76
1136.82
1167.99
1167.07
1129.61
1035.15
1229.23
1162.56
1167.41
1083.65
1123.46
1085.85
1177.7
1296.83
1271.22
1064.03
1109.7
994.334
1236.5
1161.07
1065.23
1222.84
1268.64
1260.79
1064.26
1141.66
1357.96
1288.97
1137.52
1264
1240.47
1121.34
1055.91
1159.21
1165.98
1061.34
1167.91
1108.45
1260.73
1059.56
1168.73
1085.01
1145.79
1064.21
1031.79
1112.63
1175.19
1226.54
1199.16
1212.4
1151.26
1141.89
1141.13
1142.62
1160.49
1194.27
1114.25
1130.3
1085.68
1216.05
1203.3
1145.53
1107.88
1199.63
1223.11
1216.57
1255.23
1183.59
1138.2
1220.43
1187.44
1201.51
1146.9
1184.6
1175.71
1072.72
1298.64
1144.23
1201.68
1121.97
1239.1
1222.88
1283.02
1087.14
1138.93
1095.44
1278.9
1238.05
1063.02
1149.3
1045.07
1166.75
1288.88
1190.85
1101.12
1228.94
1272.4
1268.11
1282.51
1071.27
1156.33
1080.57
1208.44
1078.14
1286.94
1224.45
1140.31
1280.09
1185.08
1093.78
1186.36
1339.02
1206.2
1166.53
1216.5
1185.13
1184.39
1059.13
1190.1
1078.68
1156.02
1102.24
1097.39
1177.28
1146.58
1234.76
1171.92
1048.97
1228.36
1193.39
1150.13
1224.89
1120.71
1033.87
1112.91
1070.91
1150.81
1279.33
1154.08
1142.58
1167.88
1171.79
1165.86
1065.6
1118.12
1165.3
1190.85
1210.57
1190.81
1172.04
1153.61
1174.94
1231.12
1144.5
1090.69
1090.82
1115.39
1141.8
1335.36
1121.16
1214.62
1225.84
1071.71
1185.88
1211.52
1322.11
1171.44
1082.06
1113.29
1206.35
1049.25
1249.15
1173.04
1092.8
1100.76
1054.98
1098.23
1074.11
1103.87
1129.64
1223.01
1226.21
1191.13
1215.13
1146.85
1201.96
1214.35
1236.01
1351.26
1204.77
1178.35
1130.03
1232.19
1243.5
1191
1241
1140.34
1235.47
1206.44
1116.95
1268.23
1191.47
1078.68
1247.35
1083.85
1182.72
1083.64
1200.81
1160.15
1176.7
1161.05
1088.62
1113.28
1210.81
1317.67
1121.69
1133.3
1172.54
1268.65
1252.23
1177.83
1112.79
1128.83
1198.21
1056.53
1227.4
1094.01
1195.24
1146.38
1213.76
1228.78
1159.73
1205.59
1048.71
1125.19
1095.14
1164.26
1147.79
1113.95
1288.16
1239.04
1187.21
1141.86
1133.66
1182.86
1149.54
1154.13
1179.5
1185.61
1143.42
1195.86
1116.43
1142.59
1092.64
1238.02
1217.18
1142.75
1171.59
1217.8
1256.15
1323.33
1140.48
1131.9
1087.97
1118.02
1216.55
1134.89
1030.74
1258.84
1228.09
1283.78
1209.69
1175.71
1171.61
1102.21
1144.43
1153.63
1093.66
1142.46
1148.26
1233.6
1263.23
1010.56
1268.16
1128.55
1105.57
1101.72
1084.83
1050.22
1163.35
1249.65
1124.16
1254.32
1116.84
1147.63
1076.45
1138.47
1210.56
1143.01
1121.57
1233.35
1213.68
1120.31
1207.71
1081.48
1317.55
1254.93
1145.5
1119.87
1074.87
1262.54
1151.17
1133.52
1088.31
1151.72
1159.69
1167.8
1246.17
1086.63
1169.31
1201.61
1160.54
1138.27
1281.47
1062.62
1003.92
1165.04
1138.62
1101.48
1136.56
1161.01
1226.33
1017.7
1154.68
1142.77
1149.92
1104.04
1213.79
1054.76
1286.97
1149.81
1160.67
1117.03
1061.76
1057.89
1120.68
1141.28
1161.52
1249.54
1144.44
1110.03
1152.54
1067.71
1243.2
1112
1253.89
1066.6
1098.85
1127.1
1213.96
1181.92
1242.05
1161.4
1046.02
1063.74
1271.67
1249.51
1279.32
1078.35
1215.35
1114.8
1227.84
1123.8
1287.16
1234.2
1163.92
1052.66
1178.38
1213.46
1224.05
1101.11
1172.17
1143.17
1168.25
1019.35
1114.69
1235.31
1140.36
1189.27
1174.64
1214.09
1196.3
1176.94
1137.09
1142.82
1308.68
1104.54
1194.01
1172.67
1069.34
1147.15
1248.85
1097.08
1037.14
1141.6
1206.74
1148.64
1169.42
1134.16
1180.88
1096.87
1204.4
1072.22
1232.51
1147.21
1057.5
1147.93
1171.88
1167.28
1192.66
1152.64
1095.95
1226.77
1130.1
1140.23
1119.15
1226.53
1208.88
1088.42
1164.44
1244.58
1101.85
1194.45
1202.1
1209.12
1187.83
1193.86
1248.86
1126.3
1133.99
1057.77
1302.07
1128.01
1257.83
1184.35
1159.84
1279.03
1207.2
1219.25
1160.48
1006.8
1295.82
1229.09
1238.85
1112.19
1018.89
1150.8
1223.52
1257.57
1031.01
1237.66
1041.64
1130.92
1260.61
1106.41
1112.95
1105.95
1099.43
1085.56
1100.8
1169.85
1186.73
1166.65
1106.2
1184.48
1246.9
1052.71
1055.69
1141.1
1091.72
1184.04
1178.67
1216.21
1116.83
1138.61
1135.48
1235.08
1222.24
1161.82
1097.97
1179.21
1135.86
1241.12
1243.35
1226.79
1219.8
1223.88
1249.84
1218.67
1244.33
1146.8
1236.17
1198.52
1114.28
1268.06
1185.89
1036.23
1185.93
1095.09
1107.9
1122.19
1277.79
1104.68
1161.72
1216.76
1193.4
1093.55
1147.1
1204.01
1196.4
1200.97
1062.07
1222.51
1122.44
1123.44
1236.77
1224.34
1263.58
1199.73
1131.67
1048.73
1196.56
1163.63
1074.51
1201.47
1199.29
1087.38
1208.76
1120.4
1114.12
1099.79
1165.04
1203.76
1101.3
1262.56
1159.9
1247.27
1267.34
1097.51
1156.12
1103.35
1196.82
1058.58
1182.84
1268.53
1181.55
1140.51
1215.75
1144.72
1146.5
1168.02
1213.16
1237.17
1099.83
1262.74
1218.29
1080.81
1129.73
1148.8
1253.14
1130.43
1138.52
1175.48
1245.66
1153.61
1072.83
1237.01
1175.15
1296.72
1227.91
1173.84
1163.01
1144.2
1136.72
1192.71
1080.74
1265.31
1327.56
1255.95
1040.14
1148.14
1147.06
1194.43
1122.76
1154.65
1187.23
1152.52
1168.04
1209.54
1181.21
1106.75
1171.36
1142.98
1052.55
1256.36
1181.91
1215.12
1179.69
1049.82
1209.27
1151.28
1122.91
1086.71
1035.04
1153.81
1164.27
1206.52
1026.81
1093.39
1130.51
1159.67
1194.38
1134.45
1086.78
1178.61
1086.13
1266.44
1279.85
1217.45
1213.21
1085.34
1208.66
1057.87
1271.51
1205.18
1248.54
1361.95
1069.96
1189.78
1146.39
1215
1171.77
1248.43
1095.25
1140.48
1190.69
1163.86
1197.46
1012.08
1173.91
1183.44
1233.24
1154.43
1172.32
1323.82
1072.71
1271.83
1194.83
1168.53
1055.66
1263.92
1111.23
1155.56
1197.78
1196.99
1161.87
1184.74
1205.37
1111.14
1130.69
1046.55
1172.36
1310.96
1164.78
1146.35
1182.68
1092.01
1261.1
1149.17
1348.04
1088.1
1132.97
1205.55
1179.31
1229.94
1118.36
1030.28
1101.9
1011.67
1094.69
1145.08
1253.39
1171.92
1128.32
1191.78
1108.72
1184.56
1261.31
1195.58
1092.95
1134.81
1276.17
1066.51
1189.76
1166.81
1177.44
1198.08
1110.63
1217.86
1218.08
1161.87
1109.14
1151.65
1131.88
1094.12
1103.54
1241.15
1049.23
1197.72
1280.5
1316.88
1213.83
1207.94
1270.05
1142.12
1246.68
1214.17
1191.94
1117.65
1281.18
1224.81
1098.59
1101.96
1040.44
1180.74
1166.06
1201.29
1131.82
1162.1
1142.35
1172.41
1186.16
1237.37
1123.26
1151.95
1137.77
1240.2
1174.6
1146.13
1110.04
1114.42
1135.12
1212.11
1089.95
1248.89
1214.72
1082.33
1167.18
1074.3
1220.91
1075.01
1192.42
1195.84
1148.55
1255.14
1251.4
1208.75
1174.34
1233.49
1384.14
1122.72
1131
1096.41
1207.76
1110.49
1096.53
1227.72
1051.01
1220.51
1314.82
1178.62
1078.14
1214.75
1179.88
1317.21
1211.83
1273.36
1165.19
1176.26
1196.18
1166.91
1163.97
1177.9
1276.59
1165.27
1274.61
1124.91
1157.65
1027.75
1239.94
1231.89
1153.27
1125.37
1233.29
1223.21
1196.29
1073.5
1170.82
1106.02
1037.84
1195.71
1113.17
1211.31
1204.2
1270.97
1194.61
1164.31
1172.58
1187.94
1246.98
1136.32
1224.9
1108.02
1266.07
1220.13
1060.84
1110.59
1240.52
1112.02
1257.61
1082.39
1181.54
1074.52
1190.77
1118.24
1168.31
1065.67
1209.25
1107.59
1056.03
1083.01
1069.61
1184.95
1246.69
1252.53
1187.26
1088.23
1172.08
1175.51
1180.19
1220.04
1221.77
1218.79
1132.97
1140.29
1040.65
1082.33
1172.16
1170.5
1246.54
1326.46
1177.27
1189.6
1243.65
1152.4
1155.85
1191.57
1225.24
1184.48
1233.21
1106.87
1146.15
1202.84
1216.51
1126.01
1137.93
1260.34
1115.22
1100.23
1212.04
1117.17
1195.8
1156.76
1181.49
1232.97
1151.27
1179.52
1189.2
1214.4
1282.03
1134.77
1063.42
1284.28
1148.3
1139.06
1180.32
1052.9
1124.2
1074
1192.6
1208.54
1185.86
1157.6
1066.44
1085.9
1084.75
1251.3
1276.03
1095.43
1144.61
1218.04
1129.15
1066.9
1159.43
1240.37
1260.86
1153.93
1183.09
1142.86
1024.78
1259.81
1151.25
1257.74
1162.74
1142.51
999.844
1257.18
1141.55
1189.7
1168.62
976.806
1111.37
1136.48
1196.91
1112.45
1218.14
1181.8
1075.11
1154.15
1335.29
1208.59
1032.44
1208.39
1196.29
1198.07
1216.55
1142.58
1089.12
1076.15
1205.56
1073.65
1096.41
1184.96
1050.02
1051.82
1161.17
1125.79
1168.38
1059.79
1180.04
1101.99
1186.87
1182.16
1087.34
1153.3
1103.19
1214.06
1187.66
1156.03
1101.38
1114.35
1073.07
1222.48
1122.95
1084.69
1213.17
1167.67
1221.84
1248.02
1137.59
1230.56
1165.84
1191.46
1227.05
1258.42
1090.69
1158.22
1158.11
1245.12
1173.99
1273.23
1169.48
1288.35
1215.24
1179.42
1223.11
1213.94
1073.25
1059.41
1154.62
1178.84
1232.2
1229.05
1134.49
1155.71
1244.84
1222.67
1310.23
1078.41
1178.54
1226.15
1214.85
1174.78
1141.13
1050.74
1260.63
1172.7
1146.6
1243.02
1163.05
1136.37
1202.08
1191.46
1142.15
1168.53
1070.41
1175.81
1216.37
1135.27
1103.41
1260.06
1102.72
1284.34
1176.35
1193.23
1225.87
1046.99
1202.06
1078.36
1265.72
1141.68
1161.96
1148.67
1085.45
1099.98
1028.95
1150.63
1295.45
1204.52
1137.1
1127.7
1292.61
1211.92
1291.94
1105.78
1183.39
1192.69
1250.29
1236.84
1203.72
1179.53
1169.39
1130.74
1097.54
1215.04
1113.6
1189.33
1118.08
1235.78
1180.73
1202.48
1038.71
1159.23
1085.15
1096.04
1095.83
1096.27
1160.93
1259.38
1105.58
1191.56
1158.55
1117.34
1189.17
1135.11
1256.13
1057.09
1218.14
1175.94
1247.69
1084.15
1241.82
1003.45
1295.15
1122.08
1094.48
1111.63
1222.39
1215
1204.67
1092.33
1020.25
1091.5
1131.16
1246.66
1166.56
1114.23
1172.6
1287.63
1164.66
1135.89
1262.45
1124.43
1081.93
1127.93
1152.25
1138.78
1103.05
1150.13
1100.94
1164.7
1065.92
1174.85
1202.75
1094.41
1121.04
1085.66
1183.37
1179.07
1100.81
1231.79
1109.45
1075.59
1060.51
1188.02
1111.62
1144.3
1115.37
1250.2
1182.22
1194.23
1187.69
1163.23
1093.9
1068.94
1210.38
1135.27
1211.4
1103.39
1133.61
1110.64
1132.04
1138.41
1162.37
1288.82
1203.74
1194.91
1229.88
1203.22
1191.92
1170.28
1253.35
1209.23
1165.51
1190.34
1184.71
1247.68
1307.94
1085.51
1240.97
1245.92
1194.99
1201.24
1241.94
1176.01
1292.13
1104.73
1071.44
1199.25
1219.95
1251.28
1171.68
1224.3
1218.74
1164.57
1081.49
1081.73
1023.99
1086.43
1241.49
1190.96
1145.95
1132.18
1122.5
1209.43
1070.11
1073.06
1155.42
1153.09
1156.22
1139.53
1090.24
1174.9
1161.75
1250.04
1143.99
1116.96
1287.89
1253.11
1016.7
1123.72
1070.03
1233.34
1244.15
1132.74
1168.58
1027.69
1059.32
1148.88
1126.31
1223.67
1132.18
1165.21
1168.72
1199.67
1223.32
1225.96
1232.56
1131.55
1197.41
1278.09
1134.18
1243.88
1133.04
1156.19
1141.78
1184.25
1131.7
1066.47
1256.24
1215.62
1189.5
1173.16
1151.47
1232.34
1143.28
1136
1262.19
1128.32
1077.59
1193.32
1123.05
1094.49
1165.98
1180.04
1303.97
1230.19
1193.76
1177.91
1231.87
1223.23
1175.11
1192.47
1210.41
1188.51
1061.5
1137.7
1283.57
1126.79
1201.19
1179.84
1077.32
1261.47
1162.35
1185.14
1160.77
1225.49
1169.41
1176.33
1256
1088.34
1289.69
1148.35
1180.48
1315.81
1140.64
1163.51
1237.26
1226.88
1138.94
1234.14
1191.86
1200.34
1281.64
1150.7
1196.99
1222.02
1199.49
1119.13
1113.39
1164.34
1354.64
1249.68
1179.69
1133.6
1254.02
1210.04
1119.22
1213.52
1275.6
1292.36
1317.31
1052.47
1010.58
1245.33
1191.28
1198.74
1153.65
1101.37
1162.63
1183.96
1201.75
1213.68
975.795
1155.08
1181.88
1016.04
1085.3
1242.1
1071.67
1153.71
1128.76
1159.59
1160.04
1089.61
1132.79
1213.25
1181.87
1128.89
1117.39
1191.71
1071.75
1179.89
1271.66
1228.69
1124.43
1077.02
1160.89
1120.23
1203.81
1155.09
1140.57
1107.87
1017.72
1128.32
1157.19
1249.3
1133.06
1103.79
1162.2
1237.63
1142.93
1224.52
1198.15
1204.52
1266.95
1014.32
1045.99
1186.08
1095.17
1239.81
1086.76
1193.25
1409.89
1209.46
1136.97
1191.71
1093.62
1001.62
1123.15
1227.5
1161.81
1311.87
1188.37
1130.88
1099.12
1328.36
1165.49
1079.27
1206.99
1178.86
1153.68
1215.81
1140.44
999.712
1214.54
1074.65
1113.28
1164.09
1126.09
1273
1143.24
1205.31
1140.95
1091.67
1040.46
1154.81
1255.23
1116.48
1146.03
1221.09
1185.42
1105.61
1256.75
1219.08
1229.05
1238.29
1142.13
1209.29
1164.28
1176.41
1122.34
1254.93
1277.1
1111.43
1207.21
1194.09
998.442
1192.54
1149.39
1136.65
1102.05
1173.83
1236.01
1088.81
1148.47
1100.44
1180.9
1150.53
1140.37
1084.5
1134.06
1129.73
1116.3
1165.74
1010.65
1138.36
1109.37
1195.74
1100.38
1188.34
1190.33
1198.49
1211.95
1162.51
1228.23
1211.72
1339.77
1231.38
1050.56
1152.36
1136.61
1298.93
1101.71
1196.78
1196.4
1098.45
1121.85
1057.42
1050.62
1096.78
1065.01
1200.07
1143.64
1232.37
1108.82
1182.61
1042.29
1156.18
1182.13
1185.25
1094.33
1141.17
988.645
1188.29
1149.46
1240.35
1061.75
1124.56
1131.73
1188.36
1072.05
1132.43
1096.15
1171.15
1098.69
1179.4
1226.47
1333.37
1210.14
1214.97
1067.01
1104.21
1113.97
1121.17
1155.82
1282.73
1126.63
1174.24
1222.57
1122.73
1139.66
1144.84
1107.43
1175.64
1147.9
1135.69
1285.39
1194.2
1344.85
1181.47
1056.44
1138.91
1197.26
1153.35
1211.12
1133.17
1202.94
1044.7
1145.4
1203.12
1226.66
1047.05
1163.2
1213.41
1061.33
1143.22
1175.48
1126.64
1093.73
1066.51
1059.44
1162.85
1112.28
1162.95
1112.66
1207.83
1099.71
1160.31
1188.51
1192.3
1083.78
1283.25
1211.29
1365.63
1140.99
1316.6
1161.26
1206.7
1072.88
1140.83
1163.41
1062.52
1246.49
1169.34
1126
1048.58
1188.34
1227.86
1189.68
1316.66
1165.65
1080.62
1157.91
1156.57
1263.18
1064.83
1319.79
1296.02
1211.28
1103.64
1227.88
1274.07
1077.44
1148.9
1155.53
1179.59
1199.76
1183.52
1092.99
1106.76
1164.11
1187.17
1147.29
1186.36
1173.87
1066.88
1134.13
1297.22
1211
1242.84
1182.66
1208.55
1137.91
1173.48
1201.61
1167.62
1228.22
1224.94
1205.3
1238.97
1171.38
1073
1220.24
1137.03
1118.9
1120.82
1234.3
1029.01
1200.31
1206.83
1214.48
1078.91
1096.68
1260.93
1258.71
1203.5
1270.43
1143.68
1174.38
1129.87
1137.1
1224.28
1031.39
1310.97
1121.8
1191.88
1083.24
1164.52
1152.16
966.96
1129.28
1239.24
1158.55
1095.94
1237.45
1219.21
1145.66
1278.81
1152.74
1087.35
1141.79
1200.24
1166.31
1137.51
1162.92
1091.76
1161.9
1161.54
1116.99
1069.96
1101.27
1056.76
1184.61
1034.17
1156.62
1220.31
1138.21
1225.64
1108.95
1277.48
1259.18
1248.38
1186.75
1135.83
1169.74
1137.44
1217.07
1231.24
1149.02
1107.95
1185.31
1158.87
1098.62
1066.12
1248.59
1051.37
1068.19
1020.32
1079.16
1209.53
1175.7
1252.78
1148.71
1267.65
1136.05
1260.36
1196.9
1142.19
1117.71
1191.8
1228.69
1124.67
1114.61
1197.86
1231.92
1248.03
1296.68
1222.71
1083.76
1208.65
1404.19
1229.97
1248.14
1228.89
1108.73
1165.19
1187.46
1246.48
1286.22
995.45
1239.15
1130.93
1160.83
1173.41
1120.62
1083.53
1108.29
1200.9
1114.52
1305.95
1238.66
1161.89
1132.26
1280.34
1276.68
1162.86
1153.73
1145.28
1040.56
1134.51
1095.14
1111.72
1270.28
1196.72
1177.08
1250.33
1053.54
1143.77
1278.06
1262.7
1123.08
1220.51
1156.5
1169.26
1161.69
1281.15
1021.81
1219.96
1124.48
1072.05
1233.74
1177.87
1144.02
1133.84
1230.17
1174.19
1152.15
1152.67
1189.03
1234.37
1168.17
1248.32
1065.45
1194.91
1104.13
1184
1159.38
1148.93
1148.56
1301.07
1076.83
1112.44
1037.15
1287.17
1314.68
1160.25
1254.52
1189.88
1216.02
1330.08
1202.8
1141
1073.29
1186.4
1205.27
1257.94
1147.59
1096.78
1199.33
1134.01
1221.1
1167.3
1186.75
1052.63
1194.78
1175.36
1202.11
1127.53
1276.83
1294.12
1153.33
1073.44
1346.36
1165.87
1237.71
1151.14
1206.25
1099.71
1032.94
1074.03
1234.19
1192.34
1261.5
1097.86
1132.57
1190.99
1149.5
1211.25
1214.79
980.37
1098.77
1174.17
1168.24
1155.71
1227.49
1127.44
1174.43
1178.87
1166.46
1159.33
1270.11
1068.82
1038.23
1214.32
1176.1
1153.48
1269.71
1101.31
1153.35
1134.47
1133.22
1290.87
1152
1174.43
1151.19
1178.44
1176.86
1214.82
1201.53
1099.46
1131.86
1305.32
1204.55
1119.32
1128.48
1106.87
1226.39
1295.43
1105.49
1261.02
1259.77
1124.77
1197.91
1235.21
1245.29
1076.38
1205.7
1221.81
1178.57
1273.58
1113.32
1278.54
1128.97
1161.48
1179.44
1114.36
1140.89
1105.66
1118.25
1087.22
1102.38
1103.19
1147.82
1144.15
1177.37
1129.35
1212.61
1166.06
1129.57
1051.94
1157.02
1146.65
996.046
1211.55
1087.11
1183.77
1178.46
1158.21
1217.86
1176.88
1136.51
1255.42
1160.84
1184.28
1141.43
1160.98
1248.88
1156.56
1118.61
1115.71
1263.53
1234.97
1113.65
1137.6
1139.37
1125.74
1231.79
1210.63
1122.81
1273.72
1163.64
1104.94
1148.46
1138.26
1238.61
1199.9
1186.7
1122.84
1216.18
1244.36
1119.57
1166.09
1162.17
1256.06
1299.5
1151.95
1247.6
1147.92
1196.87
1176.81
1166.76
1108.79
1221.37
1207.14
1180.92
1092.44
1132.01
1230.25
1198.69
1067.04
1101.95
1191.59
1151.54
1100.86
1174.27
1166.1
1338.55
1145.51
1212.09
1094.62
1157.44
1156.4
1205.59
1217.16
1052.85
1208.53
1181.69
1094.46
1124.27
1066.76
1033.12
1066.9
1129.44
1185.9
1159.03
1202.63
1224.87
1259.12
1134.43
1191.32
1207.01
1237.74
1089.67
1270.73
1260.01
1142.19
1119.71
1187.47
1249.93
1115.8
1196.18
1103.43
1163.55
1186.73
1127.55
