285.871
360.851
313.354
323.374
314.095
279.254
361.582
275.189
316.936
283.574
273.67
318.095
282.812
238.425
274.744
344.173
280.045
290.018
330.468
267.689
261.242
287.723
335.215
352.307
295.767
321.711
310.491
256.106
353.59
282.587
287.057
264.049
353.017
335.307
261.657
329.824
317.972
271.498
294.44
307.972
327.388
267.417
274.848
291.844
294.855
262.248
301.141
339.929
285.821
274.738
369.457
310.101
315.877
346.608
309.329
272.086
289.177
335.981
323.181
315.871
331.278
344.444
289.158
297.36
287.967
329.695
298.551
273.324
280.991
312.956
246.942
320.529
293.487
297.815
291.112
295.167
275.656
298.865
307.106
301.476
284.339
273.831
319.194
327.048
265.888
266.338
301.268
296.335
258.962
298.486
347.34
336.538
259.6
238.868
325.082
284.533
273.573
312.656
358.503
317.518
290.575
311.02
330.007
315.762
278.585
297.61
318.811
332.966
298.428
316.833
342.606
268.321
310.079
337.024
364.161
330.479
303.36
292.699
290.995
299.816
276.198
275.062
261.46
318.748
291.349
285.247
352.649
302.991
284.147
287.326
312.71
270.549
267.774
309.291
283.498
302.652
291.692
297.833
304.652
263.854
291.308
357.289
318.063
312.379
288.644
320.921
292.256
297.434
307.548
301.035
330.928
304.727
304.944
308.318
306.797
312.923
310.403
286.931
281.985
273.127
276.733
298.567
274.697
347.982
278.134
278.888
365.818
300.136
267.67
335.815
342.828
277.767
259.522
273.439
269.526
274.442
237.557
304.956
302.81
317.427
317.801
277.556
318.816
315.178
292.717
284.853
317.343
323.869
336.868
300.371
311.775
315.455
248.347
289.831
269.008
283.318
264.477
297.021
263.874
298.307
293.138
298.523
298.549
275.024
311.603
351.801
328.227
297.871
309.518
285.946
300.109
252.588
287.608
289.193
305.636
250.675
350.457
330.351
313.638
305.248
330.731
302.671
305.831
323.994
298.072
284.931
253.287
338.634
308.905
275.678
272.763
333.232
300.364
258.968
323.377
325.366
291.312
299.924
310.094
273.579
318.063
332.219
316.976
275.4
256.806
335.05
295.253
337.597
299.107
369.128
371.028
356.986
364.507
329.831
310.11
366.847
271.214
270.296
286.338
332.028
293.656
300.467
365.74
278.299
251.866
309.853
271.041
276.36
280.809
275.946
269.487
283.71
243.259
291.202
308.11
325.099
272.046
302.857
299.742
292.868
293.368
292.922
348.27
253.633
327.445
306.178
315.323
304.189
324.861
263.923
289.376
309.186
285.621
249.342
381.375
255.669
350.516
358.999
326.252
272.504
296.533
328.063
312.437
315.51
334.834
300.485
297.469
370.692
283.882
319.285
324.353
276.413
336.995
265.599
327.072
312.335
306.139
376.445
318.602
320.089
281.886
286.08
329.394
325.893
320.035
284.751
277.053
376.192
393.084
271.342
293.768
300.772
273.744
306.847
270.717
322.277
265.66
282.877
278.01
315.931
296.062
314.874
335.185
268.072
312.976
330.605
290.816
288.046
293.303
291.104
312.058
280.512
285.339
267.45
304.978
297.821
263.275
348.997
324.908
260.755
297.497
297.811
270.729
311.969
287.14
262.812
390.625
251.834
340.269
343.469
350.655
290.365
302.316
293.271
310.522
312.969
337.568
354.456
275.339
254.54
300.98
249.205
295.228
345.001
322.972
277.557
340.651
322.464
349.16
334.29
291.524
302.934
369.797
300.082
259.69
266.341
304.76
319.208
247.055
313.792
252.651
315.23
310.335
264.782
335.572
283.784
383.924
242.715
324.978
295.683
258.548
295.11
257.684
315.961
312.875
349.028
367.159
285.793
311.135
308.259
269.917
290.294
306.921
316.55
262.417
341.267
327.188
316.175
301.975
319.077
311.024
328.71
325.173
280.223
263.102
304.735
339.719
306.412
262.081
323.189
251.705
333.668
307.634
334.462
348.545
285.309
317.391
323.021
356.671
278.989
322.27
294.03
388.547
282.771
311.794
269.687
279.728
272.672
237.97
299.159
312.46
229.942
270.818
297.06
278.877
285.256
267.602
318.187
343.65
298.628
327.368
282.665
286.66
288.909
357.845
297.284
286.11
266.022
310.222
289.958
313.22
265.266
289.918
288.181
247.797
276.314
341.06
276.912
302.968
269.029
256.107
278.744
318.354
328.609
329.99
355.563
271.447
331.815
277.14
268.497
310.78
299.127
278.287
338.594
328.99
330.085
333.021
311.641
270.13
304.442
333.481
287.951
289.761
269.851
302.252
359.798
308.706
341.107
297.326
308.819
318.785
365.998
349.172
298.929
277.93
292.259
233.372
374.333
305.582
311.658
345.556
252.486
335.685
268.777
298.204
267.708
282.879
320.818
258.917
296.36
291.466
299.014
328.521
232.222
274.129
295.791
251.641
254.046
322.651
292.034
277.131
255.75
298.17
314.445
291.137
277.834
344.945
342.39
295.201
307.337
273.316
285.007
311.492
304.139
309.023
307.327
314.601
275.789
359.358
298.761
322.366
228.308
280.155
290.575
344.368
305.138
300.592
323.605
285.21
356.071
306.704
296.535
292.272
269.037
304.186
274.082
306.933
338.415
255.833
320.147
380.666
294.885
314.048
287.847
296.754
310.684
268.374
286.945
347.827
251.101
296.065
354.629
291.034
305.335
318.773
215.865
325.936
312.732
321.948
378.498
352.612
287.942
357.78
333.673
321.1
330.234
274.661
316.89
305.058
315.583
339.696
337.45
297.74
290.033
339.884
264.894
310.478
329.848
318.902
316.336
244.432
318.198
253.301
328.35
296.505
318.969
325.949
284.772
277.617
354.612
245.074
317.173
290.962
334.109
365.254
294.29
330.195
306.087
238.304
301.117
310.426
293.475
235.044
307.104
282.738
326.296
292.823
362.923
328.825
300.894
313.41
330.669
313.56
382.178
314.72
298.452
330.178
293.481
275.845
355.865
267.874
280.978
330.404
300.905
319.9
301.812
268.384
328.595
346.44
307.379
340.17
310.632
300.454
275.179
361.837
320.396
275.753
353.285
281.132
304.534
318.755
358.297
291.977
332.477
270.779
324.603
335.306
341.572
353.889
298.511
253.408
322.356
263.181
310.41
290.508
272.665
277.973
389.761
308.61
337.715
305.112
320.193
284.927
301.268
351.072
267.81
333.775
282.196
274.529
346.197
337.191
323.105
285.239
272.117
295.233
338.28
346.823
356.828
296.348
313.075
326.719
250.405
282.587
303.001
326.107
334.611
308.451
257.464
279.541
249.195
303.065
251.126
282.235
359.292
246.096
276.865
321.615
280.096
281.508
281.037
218.598
311.1
247.495
330.808
362.195
355.904
332.497
318.706
339.284
253.217
273.542
340.277
282.32
304.929
254.056
297.173
286.758
323.081
341.619
301.593
285.005
266.614
303.179
318.13
292.847
296.164
305.514
259.114
267.776
311.203
284.151
309.428
304.691
354.037
265.339
309.824
322.97
292.493
302.523
272.449
330.07
312.069
274.283
330.745
294.8
331.91
321.329
303.233
277.856
326.315
332.412
276.126
248.481
327.665
324.803
352.65
293.113
279.54
238.815
272.899
311.044
282.414
287.788
369.878
321.732
246.794
346.585
272.233
294.932
281.975
347.894
351.58
292.656
389.645
370.743
257.999
247.971
306.127
253.665
359.237
287.638
329.279
266.721
338.558
364.814
328.315
288.319
276.091
295.669
265.271
259.268
347.767
318.736
230.417
287.813
355.602
294.387
284.629
308.294
361.049
280.012
337.733
352.322
280.203
291.465
322.179
301.461
215.743
256.047
306.291
414.706
259.912
326.41
342.321
248.439
312.018
224.716
281.416
355.886
296.842
289.854
347.916
342.075
353.453
256.418
275.451
321.591
326.287
282.757
317.171
336.492
301.697
302.494
300.538
329.949
266.664
302.578
353.735
333.383
318.01
302.442
291.822
303.22
278.158
328.418
316.876
321.059
309.446
302.853
272.579
301.744
301.952
281.932
293.869
334.326
348.742
278.14
333.166
329.115
274.999
308.325
344.546
297.754
287.776
305.107
272.262
323.378
326.399
295.376
320.977
328.548
294.182
287.274
333.354
295.923
295.498
295.801
273.556
282.392
331.151
279.202
273.308
319.05
260.304
298.088
293.13
289.17
269.73
303.141
276.644
302.201
293.375
305.19
268.166
299.462
324.513
262.03
294.76
321.24
292.385
273.028
297.026
274.684
280.787
340.177
227.941
317.19
337.568
273.283
255.268
317.233
292.435
293.817
359.362
322.874
335.685
326.966
299.098
340.345
298.403
315.263
299.009
287.845
337.236
253.732
277.428
274.873
304.637
292.44
311.938
348.203
310.069
349.43
325.03
280.569
301.329
283.333
313.835
326.293
275.345
264.407
344.151
256.067
304.378
359.876
286.402
308.984
283.922
353.713
289.336
293.926
354.509
311.199
331.591
253.322
313.341
346.753
256.119
319.395
301.166
311.21
326.124
297.574
305.786
319.347
262.391
312.323
329.235
280.08
348.989
287.636
305.883
339.343
349.678
362.685
334.078
314.365
263.117
251.571
306.185
316.844
323.514
262.56
310.569
263.316
306.249
285.894
266.125
321.99
299.12
242.52
247.802
248.194
297.524
249.385
365.428
237.563
396.668
319.904
316.648
325.149
335.877
318.149
345.603
268.289
302.191
272.642
253.966
296.857
313.528
309.034
284.884
261.491
316.94
360.023
337.613
237.986
228.757
297.5
316.294
335.409
237.501
294.677
287.891
279.132
305.117
310.46
274.123
364.526
318.683
247.587
349.478
252.405
290.488
260.413
262.303
258.695
307.748
277.161
343.218
267.998
326.077
302.802
211.077
365.905
342.323
297.286
308.38
286.868
318.191
351.098
312.095
269.549
314.511
293.723
318.538
295.675
366.764
344.328
285.877
333.677
330.889
354.593
254.265
295.89
267.457
294.618
324.118
367.719
324.805
259.762
353.669
350.56
337.742
303.711
413.019
252.88
223.376
321.642
324.097
344.571
342.932
329.798
275.144
261.116
304.955
283.712
333.348
308.17
302.234
269.559
364.671
315.763
345.71
285.853
282.818
329.319
288.159
288.607
325.074
293.332
274.306
276.766
307.63
332.679
287.616
324.322
336.184
284.151
270.965
307.182
299.891
333.529
265.935
304.005
308.695
295.149
251.43
319.813
315.17
320.329
332.457
272.841
290.511
293.706
290.102
331.996
345.526
268.729
309.532
322.214
288.624
268.841
340.323
336.153
353.122
353.974
294.93
366.828
323.064
324.562
317.262
371.536
289.157
305.868
301.225
365.265
320.261
322.058
288.836
288.714
328.621
287.732
277.794
316.059
307.378
316.004
277.029
299.621
333.99
280.026
299.036
315.131
305.323
305.045
328.542
369.581
390.353
299.747
282.289
265.829
273.2
368.95
322.762
348.124
271.635
295.444
301.718
385.206
292.554
269.571
300.515
284.084
303.212
293.699
350.274
301.667
309.338
291.159
356.318
292.58
317.14
305.149
307.317
276.506
284.357
391.578
275.092
284.027
309.732
276.145
282.471
322.449
313.263
258.088
289.098
329.328
322.342
262.199
284.953
322.779
303.529
287.331
315.029
296.442
284.368
305.917
326.794
254.181
283.723
338.153
318.61
361.875
324.859
304.012
342.463
260.454
306.911
264.577
293.955
291.255
245.828
297.313
292.33
347.874
268.722
267.556
272.027
303.457
305.041
277.245
313.82
364.731
244.409
308.372
327.197
285.411
287.429
334.237
276.808
303.869
279.319
217.302
300.265
307.756
291.943
266.438
256.143
302.015
320.238
227.311
294.387
336.062
292.891
323.196
278.833
276.249
323.145
295.622
294.467
292.434
300.242
361.091
323.306
301.167
317.7
262.642
347.066
307.266
374.523
329.805
345.416
348.817
309.701
361.445
327.183
289.759
286.408
227.729
240.824
280.074
256.232
311.29
306.991
300.304
291.483
338.129
299.211
269.442
292.89
295.88
327.419
250.994
386.758
253.327
311.446
333.93
321.369
327.627
284.293
292.642
334.463
300.071
323.478
309.542
309.466
288.401
291.62
275.172
348.175
317.987
306.644
269.386
349.129
341.075
262.08
365.256
301.265
254.608
242.062
262.113
289.705
271.819
265.469
296.336
342.949
318.147
264.464
316.877
299.429
328.927
326.851
282.758
329.151
270.502
322.287
282.376
295.237
324.118
318.327
334.139
269.756
366.217
289.903
278.66
312.18
304.344
304.88
261.731
358.151
305.495
314.997
273.88
250.34
320.799
297.382
299.741
291.708
253.036
262.861
304.097
311.119
251.802
331.539
300.795
331.916
298.004
334.24
270.091
361.404
302.848
311.322
297.29
329.95
303.641
254.684
360.976
312.398
279.988
263.642
332.643
332.217
273.292
258.515
254.665
276.219
332.877
280.283
301.886
282.621
266.359
267.727
305.709
281.02
269.429
328.496
334.374
383.224
330.69
352.389
341.725
369.686
336.045
308.631
300.755
278.067
348.074
370.292
297.004
273.338
275.876
290.878
356.873
304.997
363.902
261.821
254.11
335.095
347.026
285.495
270.802
307.186
344.503
275.825
297.632
341.102
347.419
319.166
331.112
272.126
334.996
304.088
333.147
264.591
285.311
318.37
272.622
280.241
310.765
309.977
272.123
269.577
293.071
295.555
349.591
289.734
318.113
309.463
289.139
309.865
371.465
282.337
252.836
305.441
282.808
303.294
239.901
299.755
303.558
283.284
279.475
291.936
273.125
288.405
273.105
286.546
329.114
333.821
304.655
314.768
268.606
301.269
265.853
347.137
300.883
267.984
266.152
294.568
344.528
309.085
347.48
280.975
319.214
326.96
300.738
292.563
252.887
308.306
307.76
303.961
286.326
297.399
300.407
297.339
335.303
304.114
335.844
300.25
354.756
293.398
316.425
292.193
279.76
268.354
301.43
231.819
305.92
279.032
241.216
309.364
297.54
260.444
352.037
232.971
282.2
303.176
264.407
313.732
268.606
317.326
268.54
337.955
346.957
350.887
321.231
248.049
291.95
312.858
329.513
347.89
342.136
357.694
359.947
285.116
296.252
342.27
308.162
345.147
306.621
348.948
379.51
279.017
358.923
310.229
292.385
291.793
265.01
297.992
327.661
274.065
319.08
316.166
294.006
287.09
314.977
283.788
268.007
332.928
280.151
302.71
338.463
307.03
317.001
307.495
308.374
323.265
248.802
306.21
301.106
334.204
265.665
372.303
260.874
313.456
318.139
327.206
368.628
360.81
273.647
303.287
291.258
267.45
296.596
270.511
335.558
257.372
274.068
318.483
274.352
255.784
341.698
273.53
274.869
327.285
311.208
306.728
291.123
330.427
338.444
235.83
282.176
319.827
325.415
255.312
322.802
294.513
352.431
266.027
247.293
289.413
329.764
275.95
281.412
270.434
312.326
342.755
387.596
314.361
249.375
260.52
316.611
286.729
330.369
313.333
278.766
329.117
350.816
299.641
311.139
347.24
306.418
285.372
297.288
313.28
327.846
342.115
321.191
286.183
312.011
262.725
273.693
332.893
310.479
278.318
312.714
339.484
295.272
334.827
319.594
320.9
279.339
250.951
304.455
331.306
330.944
304.915
272.354
248.407
290.08
328.068
290.016
259.214
334.115
323.857
315.412
316.204
260.662
318.843
309.723
306.23
315.176
290.932
325.311
290.765
297.339
367.684
314.235
294.801
267.373
248.998
362.417
277.6
356.732
355.322
306.526
363.035
299.523
339.125
300.117
332.425
322.154
271.414
313.175
280.605
263.545
267.642
323.397
304.568
291.549
334.584
332.238
282.542
286.456
285.602
289.634
334.424
247.282
278.973
313.009
317.328
290.444
296.886
288.895
328.685
276.771
247.519
307.888
340.153
311.56
348.04
260.654
292.657
294.377
292.168
293.911
289.032
291.43
267.352
245.876
283.733
244.216
322.552
336.391
270.549
327.815
243.867
295.606
359.947
256.191
300.198
233.239
291.268
369.19
286.593
296.451
229.008
291.076
282.488
294.171
307.037
376.073
308.406
301.586
273.297
254.131
294.071
318.239
294.17
269.314
326.755
321.873
263.365
299.297
312.259
284.175
293.834
335.021
313.53
315.791
257.512
356.664
324.139
289.128
277.674
334.005
270.636
299.229
271.087
383.234
347.231
255.427
274.818
274.937
269.929
317.252
288.119
252.723
291.725
362.298
352.745
389.513
332.513
316.048
320.413
277.362
303.457
274.373
251.539
287.164
312.787
395.215
248.143
327.626
286.391
304.929
284.128
254.372
291.259
274.707
316.755
283.376
301.625
282.637
308.74
307.533
287.282
336.067
323.01
327.516
336.683
303.951
275.315
263.931
348.331
253.664
323.489
295.748
292.961
286.456
287.72
263.705
270.402
332.128
328.302
329.198
297.58
235.619
305.352
264.259
336.188
340.75
331.808
301.672
244.326
262.123
284.028
362.333
325.426
317.866
311.742
282.493
290.662
235.363
259.202
293.011
302.767
295.837
268.909
332.478
301.927
236.572
305.871
299.294
294.979
334.528
376.943
233.973
315.479
302.995
316.672
361.97
273.658
311.405
265.002
300.268
333.007
262.263
272.738
327.772
325.026
310.483
365.59
279.77
311.062
280.545
342.204
332.364
306.307
395.595
335.05
291.516
286.093
338.05
309.153
331.318
303.879
249.965
258.934
292.011
272.746
338.682
304.362
330.723
232.389
327.273
287.567
328.527
306.854
298.76
362.136
327.054
276.753
305.874
287.707
284.295
328.345
318.833
277.96
324.465
288.713
296.579
319.637
220.304
291.773
302.71
289.862
270.914
305.108
314.132
323.148
309.76
291.349
326.822
380.143
278.935
316.517
287.758
273.204
324.135
304.803
331.884
326.736
268.913
271.745
216.299
325.929
282.02
311.458
408.784
308.536
262.919
306.468
340.6
382.571
312.744
313.795
284.855
337.477
292.483
349.26
334.871
267.494
277.523
298.869
236.616
341.836
227.142
274.776
307.224
259.095
338.832
228.292
331.667
286.487
287.424
330.692
269.292
273.759
291.715
353.692
339.397
288.477
388.32
271.649
275.268
296.323
266.561
320.306
283.274
294.371
331.792
318.912
302.33
317.941
306.664
302.94
274.791
350.891
342.727
276.877
288.375
274.277
289.491
269.714
284.539
263.35
333.828
303.284
304.482
295.2
367.017
255.626
326.097
318.265
317.575
341.491
355.485
324.584
296.587
284.023
331.319
267.425
275.666
332.141
289.469
272.482
320.521
234.662
315.692
280.104
354.899
281.444
312.137
437.669
312.577
357.352
278.699
350.384
291.982
366.098
301.907
249.125
285.909
241.28
292.417
299.411
266.331
336.737
330.843
280.365
301.186
285.834
323.672
337.467
309.43
258.944
310.863
298.615
304.806
280.507
297.22
311.051
343.729
271.79
331.418
325.417
257.413
316.926
289.773
295.185
279.592
274.188
307.297
289.577
242.42
251.056
301.301
317.384
247.646
334.505
353.056
295.523
326.448
275.843
273.705
297.497
340.026
274.7
333.872
322.042
334.543
333.157
309.296
288.798
304.364
359.627
318.887
397.203
380.361
223.175
345.262
294.992
309.927
298.445
263.656
287.983
377.697
223.548
316.459
352.487
331.434
338.343
245.173
327.721
316.229
291.69
236.086
289.283
276.015
255.161
354.957
267.138
264.216
258.919
362.903
335.315
315.842
358.509
297.201
279.63
281.887
341.826
278.424
306.571
304.364
308.929
274.759
302.338
268.469
290.801
291.654
362.22
291.158
279.078
294.528
297.87
315.545
284.743
280.751
385.24
361.186
299.993
254.926
341.997
294.879
241.92
286.272
286.618
270.35
314.46
254.435
335.736
261.502
273.552
298.028
319.055
298.677
273.128
275.912
310.849
341.262
285.06
232.506
288.603
273.644
282.366
361.152
313.464
336.655
392.787
315.6
263.796
298.18
276.031
264.09
295.064
249.897
316.341
297.505
265.467
303.107
328.128
327.171
309.553
350.974
318.153
271.203
285.729
306.958
312.512
301.577
321.709
337.938
300.502
281.67
327.133
271.877
293.473
328.671
323.468
333.466
354.226
255.927
264.163
255.677
263.43
307.841
223.098
304.324
273.291
274.314
311.287
266.402
270.702
286.37
266.619
254.156
337.466
326.393
326.958
295.581
274.036
269.522
233.087
331.018
286.732
341.076
292.311
278.132
336.03
259.869
279.267
258.821
272.063
244.635
238.067
283.156
305.04
311.126
268.058
341.637
232.509
274.225
293.028
308.014
353.554
359.186
326.502
307.281
294.833
268.687
316.232
263.697
275.053
328.155
309.748
376.29
327.075
323.994
303.992
360.912
304.392
320.924
300.584
399.793
275.917
286.699
226.213
292.108
276.21
224.979
320.53
298.792
308.728
307.768
274.999
340.521
294.981
277.992
309.615
291.482
305.848
365.381
262.116
291.105
271.583
312.146
315.821
312.179
307.188
292.409
302.865
293.241
265.154
303.05
347.513
299.073
378.497
261.649
257.204
374.244
297.744
264.068
317.833
318.041
268.827
249.317
279.96
396.099
311.958
266.311
345.978
229.301
280.171
424.04
307.958
319.706
303.555
318.051
312.054
327.954
280.654
333.05
372.655
289.819
339.513
257.915
337.966
340.751
262.799
293.488
290.902
282.945
362.821
347.143
298.741
319.151
318.553
291.007
283.64
401.992
295.615
320.874
309.954
331.275
297.782
358.307
296.026
333.658
310.954
317.986
293.311
265.757
345.167
290.41
280.124
288.835
282.435
298.8
251.328
253.434
368.215
300.663
287.603
347.124
313.034
314.204
346.954
244.29
321.539
271.386
251.202
260.983
304.988
270.327
318.539
292.962
275.331
312.123
260.35
345.456
318.972
331.699
298.243
340.092
288.587
280.446
308.317
321.201
375.489
325.31
321.655
268.069
304.071
304.278
312.649
327.434
300.766
212.008
239.95
330.791
326.868
329.18
317.978
295.206
385.404
305.978
336.217
365.957
339.37
366.759
357.284
370.944
335.353
279.764
310.805
259.153
274.552
313.076
328.385
265.976
302.894
352.887
297.851
376.977
334.653
342.992
292.204
316.138
296.681
318.377
331.086
319.613
311.851
289.284
286.847
375.957
254.778
376.144
280.269
288.595
256.208
298.406
301.739
343.351
324.924
304.614
264.187
286.113
346.429
319.29
289.401
306.27
336.253
306.895
246.674
329.217
266.47
292.627
245.602
298.846
262.965
301.296
255.146
320.593
369.606
281.712
323.972
303.586
296.886
384.47
333.239
300.31
329.488
288.517
266.857
281.653
308.411
328.39
267.695
325.782
343.109
315.603
264.333
334.337
301.917
273.488
365.373
329.564
339.923
251.397
364.788
331.911
353.361
331.541
361.305
302.482
322.305
322.927
346.465
327.456
293.183
293.556
283.215
269.894
377.755
266.978
315.5
306.324
312.574
311.059
298.872
283.264
345.319
356.862
257.207
303.673
274.973
315.704
320.941
304.533
254.367
264.611
294.588
326.211
339.413
356.176
354.236
274.145
296.639
299.955
342.847
316.807
355.318
281.297
303.326
326.515
271.271
284.173
297.678
240.139
306.118
276.121
300.039
270.168
268.552
305.703
327.313
281.196
315.53
312.771
279.539
336.259
318.039
236.841
302.135
285.182
357.918
235.397
304.798
329.382
343.003
356.076
324.881
250.897
290.169
238.19
297.392
290.736
232.281
324.705
309.939
293.416
328.056
263.634
292.632
282.444
322.085
275.594
231.195
326.883
298.516
340.094
299.789
320.422
329.445
244.208
350.401
290.929
294.993
321.502
303.192
308.239
274.836
328.745
287.513
342.834
303.74
294.631
349.165
282.435
320.399
335.375
326.657
265.189
251.1
316.096
259.126
264.728
303.429
330.24
298.127
310.775
329.436
270.986
330.05
343.975
348.324
267.895
322.687
310.576
310.219
289.993
333.769
317.149
356.601
315.496
292.233
354.527
282.782
251.006
337.638
329.491
330.269
343.264
303.211
273.528
341.966
360.043
274.574
345.652
289.391
296.511
311.745
244.923
245.483
357.147
255.206
291.312
308.992
299.351
345.288
365.176
226.556
259.982
318.709
275.495
297.727
251.358
275.092
289.077
331.728
275.261
316.056
312.884
270.884
305.915
301.183
299.383
312.597
290.955
281.414
332.15
251.758
337.355
312.33
301.713
309.958
320.219
266.47
285.58
342.21
247.821
333.116
385.463
300.129
300.191
336.845
292.516
272.861
293.739
285.512
308.29
288.803
303.368
302.543
289.691
264.12
333.267
309.209
268.603
312.876
340.519
289.992
323.446
256.265
346.926
378.181
338.518
280.833
337.112
259.203
317.171
351.39
278.231
293.414
247.332
306.859
300.408
305.187
334.416
361.407
320.078
315.206
307.495
316.649
229.678
254.738
309.881
278.143
287.397
314.761
324.456
297.906
278.55
383.406
315.201
327.982
294.24
303.343
321.185
256.953
333.206
228.713
340.199
327.807
347.111
290.31
264
289.13
268.308
287.347
319.059
321.323
297.922
257.029
319.08
311.422
270.574
324.699
325.439
326.599
353.862
338.397
308.034
329.324
321.987
238.195
288.312
275.887
299.143
294.376
281.397
326.497
285.508
272.714
276.54
324.696
279.977
290.968
310.849
306.491
286.923
349.667
258.935
276.678
316.238
308.222
252.792
285.231
320.289
320.58
327.325
290.431
328.343
283.454
322.65
256.132
305.776
244.45
311.539
279.338
298.915
223.745
333.673
315.665
281.821
318.528
271.651
314.649
286.436
255.013
349.124
327.312
344.507
367.388
304.134
315.581
320.788
337.718
302.796
315.61
315.862
269.2
289.003
289.805
314.463
294.255
251.114
309.2
270.821
279.165
305.01
266.071
318.724
324.333
264.102
242.651
313.307
276.287
270.529
279.611
305.568
346.571
327.342
331
276.792
295.454
286.037
300.591
340.366
310.411
301.56
350.503
353.26
337.221
388.876
288.994
290.958
302.778
250.962
331.377
276.106
298.614
238.784
307.389
347.555
332.21
324.854
352.928
334.251
259.409
283.951
332.79
301.982
303.254
335.713
331.549
327.709
238.978
256.866
312.047
279.102
288.811
291.82
327.92
283.204
277.81
308.58
348.32
340.237
320.051
347.485
311.917
281.152
312.94
352.296
313.327
289.089
336.122
319.677
308.236
326.654
336.17
314.344
292.666
319.814
321.898
255.801
253.451
336.992
278.764
262.71
278.527
319.368
306.253
260.18
299.71
316.621
278.795
284.889
357.823
301.123
306.187
268.022
326.049
285.191
354.416
295.113
335.214
239.633
316.285
304.655
354.227
323.306
254.162
281.209
323.127
322.049
323.041
323.52
260.918
348.67
312.822
291.776
268.545
323.056
302.47
327.952
301.844
333.246
292.934
256.474
316.867
271.475
330.583
315.959
363.868
330.048
308.273
297.134
322.118
244.189
285
348.978
272.232
264.474
319.844
264.082
294.159
287.488
308.521
282.706
317.778
332.285
301.554
290.624
355.002
254.604
287.57
262.38
312.937
270.301
252.001
268.664
342.52
334.126
303
271.953
296.238
281.068
298.008
326.596
302.538
302.05
300.092
264.152
285.112
256.475
270.242
311.68
321.381
306.472
281.429
316.313
324.854
338.382
347.449
337.95
261.053
320.255
309.925
318.168
374.687
241.906
257.274
275.393
321.228
312.352
248.842
367.976
296.966
342.052
268.855
293.715
270.293
226.895
321.771
255.268
283.186
288.075
257.056
272.545
374.012
286.645
334.053
271.564
266.545
310.452
319.986
290.782
362.941
323.642
249.124
289.066
219.365
275.205
310.068
322.588
293.867
267.468
278.401
266.872
381.268
320.46
234.882
291.881
295.463
306.786
239.373
233.757
255.833
340.586
288.393
324.23
275.798
284.787
261.29
282.608
234.348
280.851
325.701
278.538
271.677
312.426
237.317
301.093
305.205
236.99
345.296
317.915
289.611
279.257
343.259
280.306
287.406
340.037
318.57
288.787
296.055
315.206
298.554
305.928
349.934
302.154
340.798
268.967
313.385
292.545
373.828
273.319
352.164
301.85
351.192
310.392
338.677
304.136
359.928
290.951
282.357
267.78
309.254
303.452
375.547
331.377
269.424
331.078
289.729
294.441
303.632
291.957
342.078
344.029
297.113
377.393
267.003
328.547
285.218
267.514
277.957
323.788
284.094
327.219
277.036
298.451
355.995
309.383
272.838
291.873
294.877
333.861
273.451
290.322
390.083
301.805
336.642
266.002
352.849
250.673
263.219
300.866
263.756
297.104
269.25
365.793
331.751
321.19
299.636
327.027
301.557
306.376
259.492
305.453
264.03
296.05
308.968
376.829
264.154
308.796
287.823
303.719
309.963
303.249
265.933
308.993
284.267
270.668
321.035
337.51
282.486
345.771
329.91
253.331
301.153
301.185
336.634
276.695
276.001
340.188
279.859
264.84
327.475
295.77
278.182
324.878
300.812
323.247
337.839
289.924
265.285
323.156
258.252
275.632
333.479
253.617
351.037
272.38
351.337
311.846
268.086
287.96
291.985
343.028
254.175
252.648
326.254
295.976
338.457
315.475
362.956
254.642
314.186
301.407
283.158
286.819
273.675
277.137
336.64
286.233
309.048
301.441
254.292
294.623
372.144
307.462
306.343
337.38
312.7
268.138
351.855
303.486
274.95
337.845
232.371
349.243
309.862
336.678
317.691
373.03
283.988
293.162
280.293
330.97
274.409
326.459
298.958
292.083
331.037
273.14
320.819
348.459
281.839
291.682
357.619
333.583
304.361
262.991
305.578
261.654
348.106
348.661
279.656
337.67
358.541
328.687
288.722
296.429
314.285
343.508
288.384
254.862
308.332
297.293
313.292
344.007
280.638
253.756
243.101
249.243
321.251
345.538
347.269
322.094
292.496
258.049
281.4
277.219
310.198
300.693
307.378
298.739
285.649
272.25
330.7
316.671
297.578
280.28
385.089
284.304
250.776
330.987
303.631
290.025
389.268
364.183
313.721
314.887
282.88
306.491
308.217
340.948
359.521
285.362
252.048
311.963
264.432
280.631
281.993
347.257
332.797
283.965
258.946
282.401
328.772
315.485
272.445
316.11
259.132
335.514
279.578
279.979
310.314
298.286
303.934
284.867
298.708
262.65
264.084
283.355
343.313
354.625
291.72
306.613
295.849
269.37
281.912
331.949
342.919
323.838
319.424
241.24
275.06
270.698
309.15
334.146
292.191
251.044
333.307
303.98
271.486
337.218
293.298
305.847
311.96
274.166
266.711
273.941
288.126
273.181
283.775
277.382
274.199
307.496
266.323
285.992
291.478
281.277
260.584
287.416
296.103
340.86
277.529
311.469
329.309
265.845
278.136
316.123
322.912
271.587
307.814
244.022
295.95
326.992
377.64
346.3
223.31
356.566
340.569
336.232
282.879
352.695
330.603
264.584
286.32
311.933
348.865
301.855
267.524
262.484
326.366
356.965
348.811
301.708
319.578
283.521
309.796
313.955
315.064
268.958
313.789
263.175
323.724
328.998
292.868
290.844
294.319
231.258
314.427
309.497
272.632
298.137
316.716
284.124
330.266
330.692
311.771
249.019
316.207
420.774
279.174
335.094
304.514
332.256
310.711
295.449
298.9
311.87
281.597
315.988
318.884
275.672
303.002
256.55
293.647
278.235
361.676
283.018
250.187
334.28
314.136
323.485
341.009
383.662
352.891
332.916
316.182
269.829
274.718
325.965
271.429
301.592
309.06
313.027
255.665
292.874
323.384
297.014
314.928
291.652
263.347
272.122
252.095
294.983
305.645
366.564
275.041
359.712
321.527
321.468
317.538
237.334
305.55
314.248
289.825
251.872
262.868
278.111
273.489
265.51
319.783
331.318
385.28
306.778
358.902
280.92
288.205
290.867
286.355
327.767
309.969
263.547
322.921
296.726
278.805
309.101
336.434
252.28
314.909
264.415
274.858
301.635
224.522
285.28
328.03
363.886
305.236
307.153
320.046
325.693
280.637
263.31
305.564
334.508
325.437
255.911
304.085
356.974
310.741
271.655
295.579
345.19
401.655
291.355
298.141
292.669
320.301
350.944
318.617
380.066
306.161
317.922
281.372
395.407
274.32
279.666
307.573
320.49
310.815
305.333
301.531
303.592
324.606
254.908
305.756
376.972
289.993
335.757
329.378
288.312
305.183
314.269
266.984
268.12
330.243
300.598
382.176
263.449
263.619
313.621
321.763
300.212
266.431
298.108
340.948
271.822
301.967
300.475
264.814
301.515
261.694
315.063
284.049
374.517
336.876
300.866
309.452
325.767
316.82
290.999
238.15
326.845
297.34
269.382
375.108
272.465
289.01
276.562
328.888
239.219
321.352
309.346
305.256
312.01
363.28
289.088
339.643
287.107
271.964
376.665
278.875
336.592
350.038
324.853
290.729
269.273
368.689
333.976
343.505
296.76
283.527
332.867
275.941
329.264
262.487
330.087
335.144
295.583
289.002
322.777
330.697
354.786
325.811
395.535
322.183
349.866
289.759
282.336
333.946
280.117
235.118
343.002
318.57
330.643
307.815
287.555
308.597
334.624
378.984
353.845
243.78
330.183
280.378
284.359
268.267
300.732
238.688
340.656
360.491
270.96
299.596
259.963
319.867
331.469
275.827
298.984
284.344
260.346
284.396
323.998
243.888
336.218
307.67
303.368
326.712
320.372
267.669
288.706
281.358
326.689
299.475
334.27
302.167
288.721
290.939
271.108
320.694
312.401
331.777
259.92
278.271
328.057
298.467
297.666
318.522
290.609
321.384
298.705
380.651
311.129
292.151
413.717
287.549
294.155
290.657
264.56
341.828
355.899
367.982
332.812
229.544
287.607
304.243
312.477
283.579
295.896
316.872
342.527
323.563
268.455
285.16
318.427
264.478
331.822
238.624
303.705
304.309
274.344
322.401
354.343
242.065
352.312
263.393
255.071
295.575
343.448
256.009
327.752
308.82
331.138
304.971
259.806
288.577
283.548
363.419
292.665
241.283
312.437
317.816
295.914
294.336
263.332
292.625
317.427
351.36
321.135
292.844
282.177
291.983
324.856
321.279
255.581
301.748
348.092
310.602
317.436
298.808
348.48
302.974
258.176
246.771
214.823
279.756
361.428
318.35
310.173
286.705
292.849
307.522
291.584
302.577
353.936
315.637
292.218
324.174
315.688
301.47
273.24
275.436
332.603
306.617
283.625
264.837
290.948
309.079
286.246
310.765
296.875
293.175
283.1
310.498
301.357
350.935
313.947
300.302
309.593
291.022
331.713
294.926
277.939
296.231
323.476
289.608
311.559
335.993
336.204
328.372
261.494
367.449
240.699
296.218
336.436
251.933
380.423
259.158
327.439
291.693
315.484
278.786
293.713
266.941
278.289
344.83
277.589
304.998
378.191
332.543
317.561
312.98
319.735
281.296
275.562
311.003
327.508
236.531
249.973
353.092
292.791
317.897
405.993
268.269
266.164
309.621
314.289
251.624
305.168
270.049
281.699
287.369
294.756
257.06
319.771
306.461
327.389
291.665
273.055
317.107
255.411
335.709
353.881
292.876
280.095
234.345
284.785
349.299
328.365
309.076
361.728
303.15
274.234
267.315
262.021
257.202
321.081
302.812
261.867
333.072
270.626
280.354
322.703
300.573
314.356
308.741
260.981
302.153
280.426
287.714
330.033
231.34
268.466
281.499
352.223
322.467
291.925
252.998
349.118
297.097
260.761
304.466
301.586
274.16
290.899
332.347
280.494
328.415
304.222
332.899
359.293
317.14
266.979
292.419
242.174
276.929
278.65
263.09
284.467
331.519
287.834
289.751
237.044
318.234
329.322
275.123
336.858
387.869
291.707
239.398
336.123
308.526
307.237
261.52
273.38
317.183
301.024
288.148
277.017
345.093
302.913
273.253
286.946
300.307
306.83
249.348
318.977
302.545
336.876
336.545
310.454
295.166
302.211
267.605
347.139
348.699
273.671
319.979
345.408
266.44
367.258
302.231
336.281
328.616
312.311
292.531
247.145
276.262
306.742
302.202
261.615
342.586
290.668
337.378
358.835
322.161
292.237
322.047
297.1
334.226
296.355
312.142
279.845
291.423
332.333
341.95
292.337
264.179
320.341
341.336
306.368
272.92
287.375
294.722
356.027
310.57
285.29
261.083
329.588
321.569
288.756
271.796
318.884
251.592
300.829
308.228
346.786
274.872
312.452
277.794
293.036
298.912
284.768
280.634
280.821
343.989
344.577
299.714
287.671
324.543
260.661
306.709
310.977
255.696
357.714
290.181
276.748
282.153
222.098
254.805
284.204
308.244
287.075
245.857
316.016
283.94
332.223
328.881
267.247
311.537
329.461
277.653
281.89
287.66
248.884
408.233
324.81
336.597
339.699
279.693
313.462
281.453
328.405
343.229
351.168
367.778
323.921
313.216
309.538
273.321
294.826
327.546
265.711
332.099
263.104
252.116
312.595
334.23
287.598
318.623
314.692
333.936
319.122
253.941
221.056
344.067
312.028
263.755
284.591
353.788
308.717
358.406
317.92
299.861
274.415
271.634
340.455
262.621
322.301
345.159
279.086
315.341
242.031
301.22
324.876
272.918
320.324
302.412
277.723
289.462
334.317
281.518
326.784
343.422
249.08
274.365
319.09
268.094
266.54
357.081
304.918
364.165
293.043
284.52
269.639
295.988
273.306
282.711
242.69
246.975
370.339
299.622
276.896
319.004
280.641
278.542
300.181
286.636
325.74
335.616
328.174
255.352
369.709
351.068
293.248
306.359
312.865
297.075
308.187
314.391
335.497
293.871
337.993
335.279
281.859
353.854
311.734
287.231
331.811
298.953
332.324
255.716
273.028
262.018
321.317
269.793
303.896
252.792
326.068
225.517
290.442
324.5
262.119
297.804
320.598
285.6
265.185
293.133
298.695
344.131
317.497
241.927
351.497
308.785
257.149
332.655
287.515
278.342
256.01
302.699
292.857
323.827
371.095
255.833
260.39
287.22
253.532
310.156
321.623
300.335
301.181
314.198
264.92
307.209
355.433
315.459
294.662
301.111
296.368
246.49
240.262
282.569
315.379
336.509
319.731
332.256
324.985
270.556
312.858
296.082
326.101
323.187
275.716
309.374
283.328
334.271
334.527
293.588
244.246
334.389
290.836
310.686
258.526
290.727
305.49
272.596
266.69
311.266
207.879
331.431
326.575
355.467
370.077
358.972
295.13
344.683
347.963
282.433
278.721
264.407
307.077
261.8
315.891
264.319
294.374
320.878
401.558
338.698
287.949
320.035
292.741
295.151
322.062
316.864
253.992
267.211
323.897
313.292
294.704
296.267
297.71
285.693
314.181
326.531
324.126
302.141
306.854
260.273
299.555
302.828
335.878
316.941
299.921
322.819
284.798
331.394
343.253
253.361
284.449
288.387
280.033
333.275
351.295
318.536
282.986
311.289
313.211
344.261
397.877
286.561
267.875
343.981
307.469
302.61
359.38
319.876
340.706
348.538
273.536
312.998
324.869
324.824
269.755
294.386
337.843
242.76
293.744
293.798
317.223
262.641
287.138
354.75
332.71
264.692
273.462
343.205
282.397
293.435
278.129
338.109
357.379
343.528
360.673
266.976
311.603
332.223
309.242
295.88
288.568
336.891
299.545
249.039
322.854
311.092
330.748
297.17
365.235
352.476
297.019
370.434
286.673
310.521
293.988
291.471
298.031
311.54
261.779
369.959
334.414
335.872
328.549
302.918
249.753
311.821
267.104
256.508
305.726
294.267
254.778
291.395
273.41
340.206
333.082
322.742
329.254
324.972
256.7
300.907
296.979
322.672
372.648
312.93
265.32
293.693
345.45
309.1
242.905
290.998
322.803
308.878
291.706
294.506
289.089
293.175
332.361
303.501
328.145
332.826
361.883
385.265
301.747
299.805
273.603
304.655
318.436
287.821
321.893
338.729
296.282
283.502
340.69
251.902
318.078
295.504
285.157
328.001
288.476
332.596
326.362
286.883
277.835
299.11
288.271
280.305
327.222
322.397
304.185
281.506
309.125
324.819
290.603
290.565
280.806
334.594
327.373
295.866
283.392
328.488
303.255
257.485
239.789
335.586
280.239
329.063
317.982
280.899
270.074
369.049
318.812
304.952
307.492
351.751
286.848
297.652
322.724
338.568
287.367
327.019
324.048
290.159
338.628
332.594
292.34
301.773
188.169
337.277
309.135
317.114
301.93
290.153
275.793
305.315
290.688
293.214
284.674
301.98
270.266
256.139
297.743
280.294
264.529
346.391
356.742
228.446
300.231
303.776
284.449
291.402
299.872
353.455
315.668
330.594
370.039
269.022
287.707
275.866
287.653
284.32
301.703
251.471
270.704
331.071
274.292
279.02
305.97
261.929
314.509
316.082
301.39
296.025
279.569
313.248
411.669
281.538
295.759
299.863
332.889
274.396
282.522
279.213
318.876
329.179
317.401
298.712
306.654
273.761
309.337
289.785
382.299
315.72
285.042
223.149
355.482
356.863
316.217
359.505
251.232
283.004
321.537
269.916
318.742
351.426
287.303
318.718
347.789
351.426
321.493
298.237
336.943
305.973
306.486
273.352
319.905
268.113
302.927
362.584
296.573
314.042
337.34
250.345
288.925
270.149
294.853
299.19
320.846
261.155
315.488
284.576
282.48
293.955
298.953
339.705
318.527
345.723
288.9
279.841
283.904
301.767
336.877
311.749
247.278
314.116
283.326
350.116
377.668
321.662
282.259
260.007
329.795
347.218
323.457
337.633
291.802
332.027
303.535
347.443
308.001
317.065
258.729
300.327
286.153
310.151
328.206
299.118
284.048
316.084
333.244
281.868
339.794
357.099
291.605
252.108
357.595
196.357
310.886
329.482
286.827
301.172
245.887
283.354
252.968
306.922
328.542
282.514
304.894
248.508
304.133
321.752
316.77
303.749
302.256
306.327
356.014
323.679
281.064
254.36
282.534
360.668
373.707
294.071
311.613
263.709
298.481
256.067
325.518
349.361
331.675
329.134
262.35
347.612
245.042
373.12
280.48
237.776
324.555
273.073
256.709
279.75
271.187
336.286
312.707
258.451
288.295
312.666
289.44
286.483
305.013
318.847
297.641
287.118
368.787
316.204
322.765
244.84
331.858
375.322
341.501
312.959
294.173
236.063
261.581
243.141
338.506
280.257
309.788
285.161
295.183
272.303
340.326
302.04
273.079
283.828
337.05
326.962
265.797
292.838
267.125
338.209
322.154
341.801
302.128
291.21
326.368
300.6
322.133
298.231
301.457
298.894
304.773
324.337
303.384
313.72
365.762
302.374
313.604
342.719
284.743
329.394
301.615
305.81
316.355
297.518
354.01
326.415
344.24
238.203
271.347
351.625
262.904
286.663
299.529
271.531
311.452
234.881
316.478
274.781
302.625
285.564
293.96
344.2
377.355
264.155
268.902
347.72
356.762
304.31
324.694
294.994
316.202
350.159
294.442
281.962
367.023
272.19
319.351
297.129
253.454
283.475
264.188
269.34
324.028
318.664
264.054
281.957
288.769
308.619
344.545
264.346
334.867
317.986
338.853
271.651
329.601
309.968
329.444
255.395
305.971
299.843
307.975
353.77
255.042
330.013
252.693
295.526
271.561
333.061
228.323
310.205
250.382
303.068
324.406
305.04
310.008
311.736
301.202
318.611
296.703
276.723
317.502
260.755
271.369
267.709
306.7
317.475
282.095
258.672
357.745
254.784
323.134
287.928
337.352
328.572
308.093
309.072
370.137
276.405
308.19
334.315
274.369
287.352
353.514
302.455
272.543
291.882
303.502
307.916
304.808
292.765
276.528
338.133
301.31
314.449
275.004
355.349
312.666
288.38
292.822
334.28
243.18
323.487
341.329
275.063
308.917
246.994
294.629
329.671
317.706
265.148
331.78
302.896
247.469
295.895
285.31
269.797
236.415
277.793
297.168
248.035
326.157
325.193
359.642
334.501
352.496
350.809
350.35
266.032
341.907
375.644
319.04
304.831
323.759
369.764
249.86
288.57
268.244
279.359
384.535
287.206
284.395
277.895
345.35
311.078
349.706
286.244
297.344
308.167
315.496
307.821
361.42
265.932
368.024
272.69
242.232
310.61
334.024
275.962
358.041
316.253
279.654
289.514
275.702
297.095
342.27
298.266
309.526
312.729
293.129
323.455
310.638
311.225
286.391
271.917
316.113
344.735
267.339
317.489
311.597
309.137
307.527
319.702
264.406
304.448
314.318
331.624
277.268
279.063
341.268
290.103
251.21
273.149
306.141
339.057
254.174
292.38
364.808
293.629
220.777
327.789
318.215
401.691
280.853
331.814
336.642
354.458
252.676
322.181
279.346
339.994
402.729
310.114
294.345
271.288
311.664
295.509
301.897
280.506
250.539
325.634
255.515
297.727
315.157
288.238
308.789
392.425
356.629
334.291
328.488
315.516
273.673
301.193
326.056
343.927
352.359
381.48
359.744
298.668
262.197
266.223
265.539
286.034
275.822
262.621
302.375
289.838
365.467
287.721
282.738
288.336
258.989
322.674
265.167
297.275
302.565
283.027
287.143
325.755
301.62
216.955
294.515
303.399
310.162
283.768
265.546
324.993
290.86
250.702
246.229
354.125
334.06
323.17
329.326
287.637
294.277
328.732
346.162
301.76
290.617
359.986
295.833
288.758
312.713
285.354
313.643
291.27
324.734
308.296
247.87
325.32
236.928
246.763
267.753
252.863
313.466
329.975
256.062
274.478
284.403
253.571
304.964
301.852
278.774
284.528
234.116
262.232
279.804
265.722
342.686
267.354
314.967
287.939
311.822
276.285
287.427
327.318
352.361
285.253
313.94
304.959
307.808
301.408
331.955
296.095
262.495
325.626
266.512
304.661
296.861
320.874
355.48
335.319
287.289
306.154
248.035
251.054
307.282
304.417
339.081
309.321
260.904
351.766
275.74
320.747
321.28
283.489
297.523
304.888
317.239
314.365
361.881
368.653
366.315
301.754
323.822
355.75
308.871
275.064
378.938
323.549
339.556
326.864
265.45
324.988
305.117
226.717
305.744
378.584
238.065
320.357
314.097
267.753
319.188
310.975
352.748
337.037
358.848
274.918
311.941
315.001
305.561
300.041
347.009
288.416
351.535
267.984
295.842
293.538
347.669
284.024
253.645
320.253
322.364
265.148
294.934
339.7
336.226
346.662
262.046
309.166
272.878
271.642
328.806
283.119
287.677
328.176
342.626
384.104
277.957
267.777
318.478
264.716
319.038
299.403
276.573
296.858
238.229
295.989
293.275
307.218
261.233
242.331
257.414
285.045
308.427
282.691
272.646
295.662
300.111
306.098
274.684
285.832
297.738
288.617
249.65
260.144
313.055
315.887
238.619
288.556
277.063
306.323
267.039
321.249
356.558
312.353
297.475
355.201
313.128
337.023
316.792
334.953
272.519
255.16
273.797
334.251
232.123
244.1
304.719
331.811
308.795
285.102
301.694
318.302
228.857
319.207
293.803
281.942
321.686
339.74
281.192
354.398
235.737
255.474
299.518
290.793
251.171
262.936
232.048
288.573
350.566
317.907
315.292
286.899
290.047
261.277
257.308
210.087
301.291
333.188
329.139
276.123
300.768
270.177
310.842
307.896
305.925
228.552
251.452
300.25
266.407
289.886
286.691
296.484
336.549
261.265
317.233
300.827
281.871
251.782
303.676
249.773
318.945
279.243
321.53
286.038
326.375
259.72
314.452
395.541
335.076
250.711
300.706
284.526
264.121
284.351
332.513
284.07
283.532
328.802
310.419
289.534
292.786
297.655
338.976
325.199
341.924
222.208
324.091
314.844
289.782
295.548
360.924
330.413
285.989
301.669
330.983
305.469
284.141
278.159
276.324
287.759
249.368
356.895
342.957
305.111
292.074
361.469
266.459
380.024
290.27
271.271
316.456
328.1
293.604
301.512
302.278
276.102
336.957
287.629
331.278
317.108
294.432
277.16
296.001
309.92
254.204
304.731
290.069
294.865
302.188
331.251
258.806
314.286
301.471
360.529
324.935
285.008
299.544
328.311
298.589
313.362
364.245
262.163
263.538
317.222
323.099
262.329
291.64
334.923
318.45
264.009
271.668
336.153
324.746
300.619
311.183
322.565
280.826
251.454
294.503
299.557
329.376
337.308
231.683
315.682
300.632
298.318
291.236
273.227
278.903
282.616
360.047
309.266
265.631
305.377
317.664
324.869
242.227
260.284
323.765
315.453
290.87
276.134
302.585
271.898
376.902
330.801
258.151
292.063
359.334
275.324
284.069
314.231
331.583
301.146
284.602
266.119
279.665
316.108
284.794
289.985
252.294
315.016
244.479
305.157
328.194
311.877
285.644
286.808
290.652
343.75
265.532
281.103
287.96
330.164
336.111
260.246
316.162
308.336
316.03
266.618
297.397
263.081
302.107
275.512
302.096
304.724
308.074
263.719
365.038
297.453
293.579
262.605
342.981
236.663
279.303
306.349
328.926
290.512
295.006
287.649
374.788
282.379
293.391
289.241
270.802
258.27
351.869
279.092
262.6
311.654
270.894
301.104
291.586
324.824
402.009
289.713
345.058
330.832
333.063
302.972
289.952
335.517
311.612
282.263
336.875
263.336
366.362
290.03
295.187
256.173
313.972
242.691
314.126
349.84
315.09
254.747
300.217
255.865
265.915
304.518
280.739
315.042
313.332
263.516
319.828
310.379
312.542
302.683
254.072
321.109
305.438
293.408
346.109
296.11
304.453
351.526
327.623
306.331
345.03
335.869
285.296
267.102
313.56
311.729
302.92
324.233
309.438
275.854
309.915
358.328
273.953
293.546
285.237
337.573
307.56
317.974
341.715
268.595
322.644
305.595
326.872
313.799
323.805
313.652
320.605
234.302
301.9
350.049
359.976
331.256
311.071
305.198
323.203
287.988
319.557
305.093
313.684
281.589
343.554
283.769
243.014
312.899
239.946
311.149
285.174
327.423
280.532
243.644
351.438
338.53
326.953
334.838
389.102
359.082
271.157
321.2
291.171
333.26
293.256
260.242
276.502
342.032
298.764
333.853
255.267
344.259
321.245
286.809
304.552
244.944
294.477
340.987
276.313
271.27
332.858
305.433
288.148
288.467
341.192
312.239
264.872
379.857
233.025
267.921
299.159
283.008
295.3
319.445
224.913
334.022
295.443
303.512
330.216
253.118
331.946
259.288
268.047
329.654
306.05
237.032
283.328
310.771
272.517
315.022
301.958
334.185
314.34
299.947
309.638
294.8
220.464
283.174
260.181
265.14
307.984
317.204
297.245
299.247
288.916
258.437
249.905
261.096
289.463
366.224
335.454
336.899
322.185
287.66
284.519
276.625
325.207
323.819
245.558
340.837
280.89
332.368
267.188
307.977
340.75
302.066
316.478
297.158
319.847
353.321
337.461
305.567
289.014
307.983
313.569
313.691
331.594
315.987
356.104
321.261
299.306
276.242
316.27
384.984
274.845
290.347
352.712
270.482
311.788
272.395
271.638
275.854
347.036
355.486
299.876
324.326
221.257
287.13
308.014
333.302
305.606
298.726
276.485
278.613
316.267
260.713
305.195
278.615
323.023
296.251
300.035
314.632
285.878
298.555
330.289
314.772
329.439
333.367
296.327
357.763
335.791
232.41
296.393
283.932
304.585
291.614
265.576
331.993
296.798
299.016
313.257
313.704
305.885
296.978
338.278
315.191
345.915
365.148
327.664
307.17
270.813
249.812
283.334
283.514
300.079
353.267
300.023
257.812
312.443
225.945
325.465
316.499
280.828
338.405
285.826
405.124
283.802
321.947
293.789
362.605
338.564
322.403
304.984
348.233
305.356
339.777
324.031
367.651
347.656
273.785
278.252
353.546
301.807
296.881
337.375
261.283
280.509
280.166
258.344
347.443
304.703
342.067
302.252
324.999
318.429
337.282
299.824
269.861
317.633
339.442
294.768
318.463
300.573
308.939
300.563
283.291
300.268
339.554
271.458
289.449
272.013
279.147
316.7
317.047
278.756
283.567
334.753
304.48
279.102
294.553
319.969
297.715
293.988
278.561
305.091
308.071
292.117
313.972
293.226
266.836
297.163
302.248
277.245
298.24
344.235
315.352
301.622
297.759
277.177
298.484
359.84
323.119
236.385
263.644
326.988
310.804
333.642
331.598
365.011
297.792
331.074
286.581
284.201
336.52
272.694
277.488
331.813
262.475
287.643
312.085
281.052
278.424
317.786
310.661
304.055
329.387
229.148
274.194
346.992
394.942
242.082
261.279
296.068
303.23
291.335
315.492
343.734
293.295
238.186
268.749
287.66
297.283
331.029
332.293
308.806
315.995
296.178
335.237
292.327
302.501
324.572
296.067
305.151
278.345
224.361
352.652
321.574
318.584
287.66
299.209
339.974
297.591
304.623
288.244
259.516
262.82
287.572
279.923
237.97
329.45
294.518
309.124
364.117
335.394
370.346
368.674
306.517
298.111
318.991
319.895
282.711
309.751
288.404
328.075
269.916
250.699
306.997
331.575
305.908
293.35
265.687
347.023
268.306
264.32
355.198
305.481
296.022
272.274
278.024
290.558
226.186
285.217
252.849
262.449
264.756
382.596
268.968
309.003
279.394
292.225
280.05
313.112
259.768
258.914
271.919
277.291
270.218
235.19
293.66
260.686
332.394
287.864
324.053
243.063
267.657
368.885
314.483
307.209
325.387
298.576
355.284
270.249
270.56
321.528
338.596
273.787
330.12
303.287
314.556
313.739
280.058
278.744
275.674
285.634
301.738
300.502
278.836
329.209
327.489
307.01
254.44
308.798
344.686
282.903
312.065
288.714
285.023
243.282
297.823
288.619
317.787
334.764
332.183
326.873
239.438
343.035
330.678
377.195
332.984
332.932
366.451
290.337
308.052
245.015
317.548
353.117
301.173
362.51
319.979
306.835
241.775
221.335
282.059
328.343
345.067
268.234
307.348
310.8
279.325
304.109
255.622
280.376
277.63
270.058
315.079
323.367
309.794
262.902
279.439
313.322
294.26
315.83
407.242
352.532
314.698
326.941
344.358
272.158
297.321
304.8
257.12
307.682
318.512
277.61
307.046
253.24
271.748
316.527
268.962
256.517
309.836
309.478
367.808
300.491
293.574
375.596
285.715
297.588
273.501
290.293
309.971
274.123
335.247
299.349
404.538
312.089
263.927
290.362
309.652
306.032
256.053
289.962
297.473
258.217
288.08
301.834
265.302
294.82
313.896
325.364
229.986
259.258
346.611
266.512
296.208
277.591
308.304
275.646
289.428
268.502
322.446
270.276
295.652
225.266
253.368
283.465
293.203
336.924
294.776
271.551
337.375
281.156
277.396
300.997
298.71
332.477
292.658
220.184
305.43
311.338
295.982
357.23
277.912
339.384
304.075
231.334
357.639
300.421
271.054
287.381
269.959
298.117
277.688
308.562
333.677
366.002
329.407
304.654
298.363
298.242
351.553
265.244
314.504
258.987
278.797
324.721
284.733
284.204
327.368
329.261
326.166
313.764
285.626
315.619
275.985
294.41
303.404
270.926
296.596
297.352
328.753
309.1
293.866
315.742
304.439
282.369
299.158
281.986
289.12
338.313
349.294
306.898
286.537
304.862
342.679
313.13
327.082
318.327
328.347
299.284
392.137
246.886
290.189
282.169
332.976
328.319
361.059
328.563
280.036
281.071
279.757
300.805
265.584
251.999
354.532
358.427
269.086
267.177
326.159
321.153
305.057
318.98
321.604
321.059
304.126
240.13
292.928
273.081
310.646
340.854
289.869
321.677
332.206
320.463
411.198
282.279
283.458
364.368
278.848
326.403
235.814
319.089
276.002
296.627
284.883
343.224
313.127
286.073
333.525
332.522
318.918
301.783
267.604
329.15
312.229
276.858
332.713
295.734
273.545
322.436
299.455
305.871
314.32
281.999
238.783
233.533
320.602
277.781
294.844
300.935
336.088
270.84
292.424
247.639
356.295
321
312.962
326.549
341.855
319.79
269.72
330.752
254.999
333.38
279.851
346.463
274.868
363.064
299.897
300.86
317.954
284.987
370.266
272.445
263.917
314.76
287.948
329.652
321.214
307.459
340.843
269.157
295.012
297.579
287.841
351.557
281.41
253.7
285.541
383.417
299.268
264.821
333.078
273.355
320.026
253.805
293.444
306.204
342.32
298.994
325.743
328.487
280.171
319.542
250.386
305.66
318.396
361.212
243.093
301.18
275.088
282.133
285.281
315.809
312.915
326.783
311.26
367.122
332.124
313.186
340.052
341.967
280.267
272.162
302.334
337.751
301.054
301.175
344.803
342.527
259.984
308.44
283.667
337.252
261.166
296.591
314.986
337.875
357.288
338.061
333.777
329.009
246.875
346.098
282.731
328.572
349.734
318.594
311.207
278.315
274.247
267.59
283.582
311.714
333.668
331.029
253.434
311.229
346.149
299.801
267.376
303.981
328.593
285.695
296.951
326.125
306.263
278.183
416.305
333.237
303.758
275.221
327.407
320.697
329.137
334.425
351.646
281.595
280.208
283.028
292.223
290.188
314.756
263.375
271.679
344.305
328.176
290.31
289.19
289.374
331.17
244.776
256.884
295.69
292.772
265.501
289.08
307.064
345.07
314.087
306.135
266.824
232.923
334.39
304.016
280.829
321.943
260.164
283.007
277.925
328.401
311.498
286.951
298.503
331.317
295.069
308.76
272.52
324.306
285.429
301.513
290.059
282.34
316.596
296.491
257.497
299.464
358.915
272.687
268.162
256.415
287.094
344.905
275.653
271.498
309.393
295.102
266.823
266.491
256.662
270.475
304.512
301.207
321.725
259.067
259.152
342.614
285.47
298.139
303.831
319.741
316.194
301.033
331.488
309.717
316.209
274.321
347.804
364.788
304.293
315.04
329.386
299.018
320.494
330.456
360.314
358.834
242.593
286.616
333.326
302.823
315.955
288.447
281.586
279.73
332.947
288.155
299.688
309.674
306.057
325.77
279.512
296.875
352.818
283.807
281.096
300.333
246.224
253.551
266.376
293.239
277.174
314.472
304.612
363.046
288.981
314.039
369.069
270.25
320.496
346.516
328.951
288.882
304.974
292.645
330.23
369.676
278.642
258.292
311.777
326.891
279.199
314.06
309.897
261.323
286.957
332.899
294.562
266.715
280.607
312.703
264.944
288.197
284.952
287.254
294.053
295.071
318.799
357.711
296.163
302.478
319.382
315.552
282.126
304.635
299.042
264.127
326.927
297.075
280.454
329.201
313.386
261.429
321.92
371.957
301.838
282.004
303.053
351.934
267.622
325.11
294.354
262.672
347.888
241.053
296.831
322.644
269.793
334.797
327.791
302.925
278.6
304.633
272.874
286.464
242.543
247.642
331.864
268.891
324.019
293.749
302.37
324.988
360.772
281.679
285.054
354.25
320.168
316.619
291.876
309.927
325.714
390.89
312.189
347.796
315.637
312.789
285.412
268.078
316.413
333.218
321.162
246.118
361.661
252.36
356.6
308.138
235.338
300.727
344.464
317.131
301.918
309.974
314.189
281.098
271.291
307.142
308.109
297.57
289.268
316.931
345.259
312.465
267.238
281.864
259.052
290.828
317.19
287.427
287.304
319.703
276.168
326.97
268.873
313.176
314.953
267.904
307.795
261.985
299.273
305.652
291.741
241.387
306.083
325.232
383.464
315.801
278.179
278.124
347.439
291.202
325.718
256.118
276.614
354.513
298.37
276.491
281.628
346.245
313.718
327.306
263.383
293.514
291.277
332.5
284.037
308.535
325.691
336.865
312.834
281.62
331.751
318.582
324.111
324.375
302.609
330.259
332.872
248.928
298.392
305.777
248.89
341.643
229.895
320.308
236.087
314.813
301.314
284.629
317.475
322.188
320.057
314.047
255.601
273.225
305.074
332.746
253.161
333.457
346.232
285.07
354.41
280.775
319.095
305.725
300.846
346.43
291.432
286.598
307.258
281.301
265.874
354.299
369.169
311.816
264.144
313.821
415.279
269.579
307.984
285.029
313.231
335.547
324.937
278.366
344.768
284.206
343.89
310.349
265.649
332.384
283.004
292.96
327.151
276.819
297.926
339.354
302.493
293.183
300.159
321.261
343.947
290.664
285.995
345.186
308.981
344.497
321.861
303.327
319.878
356.145
257.82
299.901
240.915
286.357
277.82
261.056
285.311
253.114
297.429
299.919
364.181
241.928
260.052
361.363
230.847
340.431
282.405
268.241
289.922
293.578
309.7
294.829
303.521
309.384
282.91
252.723
247.779
365.439
311.999
276.176
271.086
335.764
264.835
253.034
349.753
336.569
343.697
257.59
316.955
317.258
315.051
319.693
295.604
297.8
321.876
240.516
325.801
291.421
294.13
305.005
307.985
299.937
301.826
325.412
310.56
231.061
285.157
290.019
348.493
273.543
290.862
356.811
313.144
313.192
300.198
283.51
227.072
282.225
257.062
313.459
321.557
227.658
341.975
283.007
333.304
281.939
260.463
266.844
275.211
294.744
336.835
306.195
264.167
327.581
284.012
339.263
307.181
253.872
258.61
347.262
250.541
283.408
311.275
266.182
294.309
323.795
332.922
246.822
251.297
305.04
327.495
281.982
325.048
339.564
328.222
287.134
257.073
258.614
268.534
281.644
302.991
273.425
322.959
314.762
317.946
280.134
289.356
297.574
297.348
295.168
258.683
246.692
242.185
303.439
303.599
290.133
319.476
359.996
287.335
311.573
291.788
253.182
297.551
329.356
344.098
274.793
323.473
315.527
251.166
309.087
340.756
322.347
277.737
309.178
320.943
278.961
264.918
325.2
369.01
305.705
271.025
286.241
349.622
264.276
294.657
306.23
373.156
312.354
287.014
289.008
344.295
267.839
291.282
244.658
282.271
290.457
269.62
315.811
315.664
374.877
283.254
272.606
282.065
266.602
302.655
285.607
340.486
265.624
306.511
354.939
319.196
370.183
290.173
304.465
328.399
296.396
261.325
266.023
299.038
256.668
344.45
279.254
291.056
332.367
333.448
287.659
287.28
333.041
277.837
317.465
273.638
278.84
251.535
287.838
341.943
323.716
386.923
278.626
301.699
314.293
306.921
328.573
293.704
298.802
321.779
303.033
312.072
275.576
329.688
327.123
317.131
321.512
283.257
298.171
261.607
301.885
354.383
343.048
279.709
255.148
312.136
321.915
278.53
318.293
296.431
319.828
335.924
340.981
226.89
302.317
271.994
257.947
364.718
354.12
341.919
249.537
332.042
353.185
350.459
328.319
245.435
234.293
350.572
300.737
329.869
316.922
249.174
271.95
292.191
296.976
326.423
299.538
330.793
314.211
334.454
248.859
314.318
302.604
397.376
319.526
276.547
338.575
343.615
292.69
316.66
257.469
265.651
281.35
308.876
286.022
358.75
294.895
294.566
275.153
278.279
333.464
234.631
267.905
256.817
348.466
284.925
289.55
237.422
310.248
280.025
316.46
368.795
275.08
312.448
254.467
314.586
383.845
348.329
305.862
327.809
319.69
369.198
303.716
310.141
311.648
287.57
264.52
337.688
315.971
247.893
298.733
319.115
296.413
377.771
295.284
326.066
247.549
339.489
315.191
290.413
306.432
320.709
283.233
311.257
290.101
274.765
321.357
287.683
276.702
322.799
299.528
290.096
301.508
286.843
335.226
272.809
267.885
263.099
250.93
388.671
285.347
285.736
299.711
275.467
292.061
294.674
322.185
244.366
266.954
304.34
303.227
335.104
282.894
291.575
324.155
270.538
346.971
346.591
294.025
339.892
288.238
347.433
330.432
267.328
276.972
335.201
325.035
311.272
292.078
365.93
312.371
270.486
294.208
332.219
298.283
239.691
283.219
336.29
288.321
277.394
324.337
325.251
302.8
337.015
336.267
296.469
358.608
293.626
269.674
280.765
237.321
319.178
377.925
252.192
266.783
279.242
350.857
325.293
317.171
247.367
285.029
314.817
304.18
280.883
313.532
314.644
409.52
286.257
243.857
254.303
291.241
333.243
276.21
327.206
290.624
288.569
248.504
267.249
273.251
332.62
288.033
339.954
316.727
288.477
349.03
329.297
248.726
290.898
321.187
221.853
257.18
318.803
369.713
341.366
373.791
284.377
284.495
402.188
309.352
343.419
299.229
334.316
240.301
299.701
321.335
298.042
275.072
307.133
310.614
314.215
310.526
264.847
338.908
270.436
287.012
283.268
326.047
338.269
315.804
250.195
295.905
359.245
309.401
279.688
291.642
310.224
309.16
333.227
276.509
404.958
298.786
340.012
318.589
273.8
231.298
294.467
303.674
334.115
256.043
350.793
311
292.544
330.861
300.803
321.774
291.631
356.582
261.739
301.929
333.947
301.411
314.087
276.707
289.351
316.471
261.686
278.264
301.382
396.932
341.155
335.664
278.332
317.444
283.502
318.873
269.623
338.451
284.948
282.133
292.335
296.819
350.579
293.198
251.975
369.585
328.462
315.557
250.475
278.336
347.266
281.904
281.264
292.685
301.64
302.307
295.371
282.304
290.929
297.089
312.08
274.883
330.572
308.055
298.169
314.628
339.921
334.283
306.604
323.496
314.457
272.744
277.631
315.05
269.268
271.34
272.671
360.242
272.885
339.888
264.931
307.231
343.395
251.365
352.079
343.133
253.559
267.292
346.438
264.631
265.621
296.771
269.72
330.913
315.078
446.877
304.389
309.018
263.315
338.117
307.248
324.737
313.772
250.894
245.699
346.779
310.384
297.651
308.738
365.401
348.325
280.671
328.747
351.63
257.476
278.296
324.474
287.233
320.38
310.688
271.524
381.807
304.991
253.65
303.186
266.351
298.665
281.273
299.976
333.007
300.522
283.336
235.938
301.333
328.352
298.853
285.829
296.44
308.86
251.754
304.652
298.79
330.605
338.315
303.65
308.8
299.593
325.8
296.195
278.034
242.437
307.774
333.895
330.163
275.831
286.723
293.149
345.152
330.874
344.282
307.427
394.739
353.246
330.154
311.061
306.759
272.36
305.679
303.052
304.891
324.1
300.827
253.594
282.575
322.075
292.415
291.559
256.965
294.272
343.732
270.304
333.863
297.524
301.747
299.975
335.103
342.845
342.528
335.778
289.142
303.503
300.925
294.244
313.096
263.254
400.045
274.224
308.77
270.454
273.16
347.143
321.403
273.631
281.679
302.88
317.719
304.947
298.747
303.041
312.625
233.351
331.305
266.933
296.51
267.927
328.351
290.074
276.649
343.3
308.557
301.942
278.57
270.799
301.774
341.092
351.823
286.836
362.747
285.508
301.265
313.885
314.649
302.826
319.273
338.123
292.687
306.265
262.139
318.163
315.828
302.119
305.724
321.907
292.562
325.388
278.049
295.09
267.005
310.069
280.442
330.739
350.637
313.353
345.106
296.969
293.244
279.67
253.307
322.136
270.06
291.377
298.805
254.269
280.336
312.838
345.797
285.332
307.877
263.842
328.42
333.282
314.858
314.063
313.157
338.298
331.188
275.174
255.497
309.282
352.495
317.776
336.894
329.274
308.602
276.48
284.64
291.048
277.163
354.607
263.993
307.441
272.41
299.824
282.113
288.548
291.585
244.967
367.063
259.375
245.776
306.488
304.199
311.902
278.603
329.82
250.296
373.81
326.035
327.68
321.172
340.181
278.315
274.106
323.797
308.128
364.564
350.223
268.088
300.003
277.755
293.201
371.899
300.049
379.699
358.081
333.277
304.443
327.308
293.253
291.482
313.521
332.428
320.914
313.967
294.684
314.025
300.544
318.646
270.205
292.479
257.599
394.151
313.886
243.382
303.993
357.271
272.978
271.503
353.64
312.207
263.727
283.883
273.211
322.055
245.227
353.879
314.828
337.646
323.407
360.495
285.764
335.157
289.181
297.167
318.26
298.181
314.894
345.268
286.436
311.522
281.695
271.903
326.625
227.203
269.645
296.446
314.87
272.991
340.967
377.396
318.101
328.964
362.965
349.734
298.35
321.533
272.104
256.74
283.198
355.185
267.095
309.491
322.132
310.571
273.593
359.92
331.255
306.628
285.397
345.663
277.19
343.789
290.178
319.679
254.943
296.125
305.148
308.049
312.664
252.991
351.312
284.324
268.213
270.925
268.542
304.387
269.718
325.356
283.677
272.147
335.884
277.658
267.769
314.547
284.464
279.315
267.276
286.993
269.459
333.947
297.066
277.521
288.169
273.084
287.218
300.151
248.463
309.807
277.272
302.145
296.448
295.191
303.424
309.014
331.174
243.305
309.407
278.479
283.584
255.038
325.198
366.642
289.954
322.885
278.174
293.524
290.598
345.68
277.217
301.533
317.38
259.705
259.636
319.299
321.099
322.167
284.132
308.106
268.977
269.318
255.181
275.684
263.007
341.36
302.26
330.957
320.206
285.036
242.459
272.21
329.303
367.362
323.16
268.218
349.564
298.2
293.434
356.882
320.24
346.613
272.919
265.608
363.892
317.882
306.328
280.283
305.319
343.748
330.288
334.895
339.167
266.941
370.105
287.72
240.308
317.39
343.504
356.263
297.91
278.946
260.891
331.494
269.862
323.467
314.211
301.762
308.06
279.744
309.918
322.428
260.895
275.195
304.605
311.387
341.867
294.642
356.153
288.185
309.864
341.314
318.134
287.296
274.067
296.798
337.056
247.78
306.399
306.574
279.299
284.971
323.484
255.172
341.768
318.012
344.184
339.24
336.853
233.666
298.887
328.058
275.519
275.289
255.278
305.564
316.693
314.924
274.022
253.832
257.054
310.259
307.487
257.954
243.303
276.094
331.538
313.061
319.781
345.93
270.725
280.676
230.774
289.826
288.2
273
311.999
293.528
276.479
314.552
343.857
330.318
296.809
291.983
354.456
279.326
285.612
262.17
340.364
344.017
320.886
324.471
296.001
378.986
266.204
316.814
244.783
283.399
270.486
259.5
269.721
306.603
332.339
355.893
341.246
337.59
280.814
315.247
266.974
310.912
268.755
377.414
304.915
295.174
240.793
339.892
235.991
273.497
330.763
325.719
262.2
323.535
271.25
304.987
332.055
344.88
249.736
315.317
317.844
308.015
323.536
347.252
336.512
253.331
294.018
320.39
236
241.62
309.538
331.66
291.21
313.65
280.725
278.002
279.157
285.018
354.613
259.713
275.426
252.69
327.117
294.626
288.845
378.469
310.69
310.771
310.252
341.325
364.565
252.255
306.654
281.794
321.017
264.04
319.783
315.974
335.258
317.69
344.748
294.276
278.12
319.71
281.973
275.391
280.273
263.168
276.782
324.515
264.744
323.67
285.693
248.594
382.499
257.348
274.523
273.453
420.263
248.182
293.285
316.217
293.395
314.161
292.442
292.396
300.395
310.31
237.626
265.524
339.063
304.891
312.954
309.028
341.453
340.116
298.571
339.184
304.197
284.385
293.25
301.06
298.182
314.008
297.069
323.706
270.083
276.198
318.455
344.875
272.618
289.372
296.952
260.298
344.781
284.008
297.505
260.474
295.145
257.104
284.454
310.483
334.735
305.673
329.408
297.284
286.872
279.084
307.412
289.899
361.956
340.09
310.515
327.9
335.759
274.146
249.204
380.174
324.264
300.384
269.341
290.206
331.12
280.394
265.123
267.332
260.044
320.202
341.938
319.653
291.923
291.176
298.678
317.958
321.135
352.669
360.229
277.786
343.407
251.064
325.216
235.883
343.078
328.542
266.049
324.917
360.95
389.414
285.386
317.563
291.195
295.356
299.332
297.861
325.789
240.747
295.701
267.443
257.816
280.441
285.272
282.261
259.631
310.765
281.206
347.797
343.5
264.31
277.913
339.119
281.539
193.141
270.93
294.244
316.536
272.472
376.212
281.046
322.002
316.465
274.297
286.717
326.212
245.618
280.437
286.022
351.172
308.098
306.438
310.03
308.416
332.214
336.36
272.143
314.903
285.213
305.599
306.591
305.994
281.918
331.717
303.721
336.343
319.512
330.247
359.561
318.051
320.152
311.094
324.956
290.019
287.787
306.035
266.636
306.427
298.522
311.183
288.811
246.501
266.018
276.773
300.705
337.198
260.009
218.1
349.755
288.358
289.281
343.338
330.453
273.623
256.134
304.32
307.021
283.581
383.824
283.69
380.396
345.078
238.901
346.428
271.984
242.896
321.128
297.893
272.244
334.485
304.382
314.976
235.972
320.942
283.257
291.581
292.152
317.624
322.666
286.002
297.025
359.904
253.78
297.052
358.166
290.389
354.633
313.697
300.648
250.426
324.607
291.871
307.57
270.25
289.495
317.449
273.9
333.169
301.411
336.751
290.503
286.746
214.087
300.256
288.316
309.085
289.666
323.64
327.741
276.909
344.973
303.886
301.384
311.876
367.099
319.769
348.992
324.832
330.457
267.076
291.489
285.507
285.857
263.186
271.575
319.512
372.361
348.4
309.288
340.161
350.348
265.925
276.588
264.575
313.795
319.343
302.293
259.303
280.149
303.342
312.173
306.348
235.097
252.259
306.542
260.056
274.971
310.631
272.567
343.83
250.535
356.748
342.469
282.524
346.831
323.11
301.55
264.216
290.989
357.554
333.562
298.206
308.232
279.572
285.698
334.449
318.935
306.901
309.467
284.665
227.423
308.762
287.708
336.565
305.278
345.279
354.833
294.695
314.536
274.569
287.966
385.151
278.41
312.06
280.275
315.383
353.122
306.572
287.28
321.631
304.645
257.154
262.468
299.749
291.579
299.368
299.628
335.259
275.755
375.312
289.162
284.456
280.674
267.191
252.405
318.236
307.395
312.203
262.176
308.293
317.964
266.316
298.585
263.313
352.909
327.654
331.887
334.238
304.931
266.424
307.999
315.092
301.164
321.032
321.966
321.64
274.277
288.132
292.222
275.702
294.562
277.177
306.717
316.877
282.939
302.955
288.685
334.685
267.525
310.685
295.543
322.54
230.491
361.548
293.626
358.806
315.103
353.167
285.742
356.326
288.798
307.478
346.787
321.43
406.816
346.388
275.213
291.47
278.668
299.88
330.652
267.758
283.383
299.582
365.251
273.533
279.522
267.822
320.382
275.68
326.076
341.986
281.09
326.848
308.63
306.072
289.409
338.613
329.746
291.749
340.019
325.168
318.019
357.443
315.699
291.859
332.928
352.333
298.297
311.36
324.776
291.248
301.67
331.441
347.739
289.508
250.265
295.73
304.025
285.361
301.824
297.418
328.933
305.085
318.888
291.131
328.473
319.576
306.221
342.043
348.952
371.331
264.32
267.035
318.469
321.377
365.427
316.837
296.801
294.965
255.503
325.181
322.182
282.539
291.114
299.639
285.084
324.109
271.695
315.467
308.085
266.884
316.151
338.058
330.26
289.12
322.36
320.068
336.765
299.565
268.425
293.336
324.742
262.01
284.299
341.108
264.902
299.76
384.313
278.183
310.235
293.068
297.589
271.627
298.178
266.901
323.864
328.703
277.317
288.213
309.067
349.484
223.387
298.767
276.859
270.116
266.56
354.712
255.491
314.793
304.22
290.701
311.864
270.606
324.66
371.759
331.702
287.126
285.013
303.467
333.478
287.77
265.408
316.075
299.785
300.379
238.635
281.309
269.318
275.58
321.09
369.898
357.052
280.255
244.318
286.749
349.658
350.585
289.048
252.086
292.796
289.061
287.616
340.631
323.328
313.493
246.972
328.79
282.287
351.274
336.035
332.112
309.159
218.501
303.986
280.58
310.083
251.86
333.053
325.621
268.978
269.063
360.761
311.245
310.825
347.118
318.565
272.744
282.94
341.486
263.328
290.249
297.937
300.724
331.157
362.391
315.242
299.93
276.191
311.104
278.605
301.741
325.463
305.607
302.057
324.863
313.287
308.668
314.619
321.418
329.798
311.097
296.57
267.213
343.563
298.799
292.66
246.776
307.642
299.76
324.72
356.53
324.048
276.59
300.307
260.606
328.723
312.08
334.793
253.872
303.876
317.114
292.569
291.281
313.21
220.977
298.894
311.996
221.97
293.86
279.573
296.369
319.312
276.904
284.257
301.827
309.291
300.369
286.66
294.786
288.865
319.108
299.736
287.858
268.335
359.648
291.919
271.021
265.615
248.458
288.439
323.077
271.518
357.709
353.499
319.87
286.999
276.253
314.068
350.191
287.829
301.976
301.974
330.7
354.742
302.743
282.307
273.272
266.765
369.928
307.982
249.867
267.39
259.93
315.234
281.684
333.6
398.255
290.907
296.987
253.362
299.699
251.992
316.424
322.126
371.622
279.321
343.518
226.442
317.413
285.618
327.556
282.101
380.017
317.619
316.269
279.349
380.251
298.458
286.993
265.325
270.642
369.956
320.801
318.69
246.736
295.939
398.451
268.508
296.468
331.743
339.763
362.883
377.861
315.229
303.06
258.334
295.065
333.459
289.36
292.181
283.827
378.503
345.799
293.743
299.919
291.345
362.821
337.858
318.308
280.935
322.351
297.306
318.877
363.251
282.243
296.491
313.897
296.58
295.486
309.867
298.55
298.397
305.387
288.98
317.666
313.812
308.739
314.545
328.35
260.488
279.892
294.224
362.12
303.002
278.1
265.64
318.712
308.091
295.137
284.202
302.553
313.758
292.216
345.951
314.271
321.382
368.829
303.57
326.536
394.807
301.551
292.896
282.23
320.669
283.838
324.074
332.314
253.214
357.208
300.797
321.316
289.229
368.489
254.789
337.425
323.06
231.113
323.864
309.799
336.424
301.757
295.633
281.519
296.341
307.313
286.516
280.402
301.665
335.474
341.971
292.478
263.389
323.065
329.011
304.466
302.866
293.217
281.377
326.925
226.699
311.41
276.189
332.046
293.975
256.597
274.982
379.954
341.612
309.574
289.025
289.275
320.471
314.019
304.387
273.741
283.957
277.869
271.922
294.527
247.036
297.93
329.341
291.327
303.961
295.212
299.439
270.832
318.14
345.648
326.691
307.195
356.823
309.262
273.221
247.81
253.751
272.141
297.825
203.545
294.621
350.147
341.838
277.25
354.399
311.687
287
307.013
346.123
350.991
293.515
348.937
296.127
334.716
279.844
301.579
273.852
265.083
315.939
274.757
237.257
339.502
293.485
245.248
341.772
329.514
327.366
338.384
228.925
275.592
331.652
294.995
290.737
240.501
307.841
282.183
325.041
266.87
292.66
274.112
324.392
406.363
337.698
252.164
336.419
286.378
273.6
312.052
228.736
310.699
350.978
296.004
333.893
303.203
297.066
256.79
275.967
332.082
297.009
290.051
343.415
330.585
313.042
279.507
313.685
285.55
281.644
302.946
261.634
255.276
237.775
297.898
328.063
294.555
314.64
295.83
264.915
298.418
265.94
281.48
288.131
293.359
402.782
291.574
346.62
289.895
286.604
303.583
339.469
358.425
318.512
324.625
248.754
339.434
284.195
329.924
277.519
320.027
296.981
327.32
292.129
345.132
294.325
305.024
306.252
333.745
301.722
329.352
296.068
217.627
353.439
345.622
349.288
328.349
263.684
262.253
275.035
334.609
343.462
264.304
274.999
275.011
272.771
312.511
297.652
310.071
332.781
343.2
283.875
350.732
251.407
296.951
306.461
326.775
306.575
328.935
324.033
281.178
222.03
292.773
299.122
262.1
298.773
282.559
320.283
269.008
277.33
242.6
288.096
295.338
209.743
335.839
229.431
276.006
318.092
319.548
348.375
284.195
271.478
353.42
305.931
350.078
267.863
332.81
316.042
339.718
345.279
288.927
305.599
306.381
274.104
297.776
294.644
343.674
283.843
332.959
335.695
222.771
301.911
266.717
315.719
276.421
239.278
406.6
330.048
306.244
280.822
384.286
278.855
315.54
401.573
291.002
344.782
324.708
263.837
323.094
236.558
295.496
331.557
289.236
320.899
267.958
291.896
334.975
342.525
226.019
314.986
371.635
362.49
335.18
299.493
311.443
348.547
335.572
278.846
344.304
293.705
313.997
324.498
240.472
329.279
315.143
326.204
352.418
277.861
233.71
317.302
305.364
297.231
290.714
296.274
350.997
360.56
268.337
278.267
271.004
228.231
286.246
324.868
295.882
254.85
350.506
243.531
280.569
312.6
273.085
292.375
324.571
311.919
335.231
308.737
305.55
275.745
299.027
344.876
294.163
381.025
315.659
344.427
341.319
332.246
302.605
251.964
279.248
348.206
332.059
269.729
289.859
338.903
266.34
326.39
318.919
313.52
335.199
308.909
340.476
301.025
293.94
335.314
297.003
296.884
253.635
310.486
335.056
275.143
303.366
319.455
267.91
311.469
277.722
307.677
278.355
331.151
292.683
312.557
321.544
261.126
302.896
338.123
276.694
304.855
343.597
380.06
255.115
222.848
321.242
346.355
299.908
317.431
334.316
238.812
320.207
262.047
245.451
332.074
329.829
266.283
302.937
343.59
280.883
301.132
302.378
299.033
295.015
306.899
353.078
318.307
353.499
327.944
283.797
310.512
341.911
285.016
319.896
310.477
351.79
246.804
325.286
252.503
279.104
295.146
332.553
292.386
250.431
279.084
270.843
292.442
349.185
262.88
341.312
285.337
307.739
259.69
313.592
278.336
298.51
281.111
282.518
344.299
260.929
341.336
276.053
346.277
302.344
290.289
244.058
349.895
294.613
299.684
330.266
301.868
280.136
273.939
338.828
322.289
285.199
366.311
300.77
343.409
281.364
313.466
314.794
358.711
289.4
324.489
367.049
336.535
341.387
291.487
314.275
312.345
340.839
285.431
333.224
322.042
374.497
327.837
312.467
281.767
361.037
272.448
314.602
279.969
238.157
289.181
316.196
345.938
294.218
311.554
347.449
296.157
382.787
349.861
356.994
295.674
339.744
266.04
271.259
302.107
277.467
336.932
277.566
301.279
291.896
307.131
257.424
289.014
306.013
331.295
315.772
324.942
268.05
293.857
238.191
291.997
286.808
263.016
296.74
298.569
283.252
309.977
276.567
341.043
275.226
295.34
372.882
355.71
276.419
290.722
261.056
347.085
285.217
306.276
267.502
356.051
289.677
281.374
359.527
329.532
300.91
330.217
331.372
302.278
308.37
373.022
306.273
285.104
274.086
289.908
308.931
359.664
281.031
317.781
346.147
325.946
291.791
290.304
256.035
395.243
311.279
316.901
301.073
272.83
303.138
259.224
335.402
329.141
283.229
301.938
292.58
326.491
341.206
234.542
309.548
312.922
271.186
312.892
320.844
330.813
327.251
297.062
312.27
362.518
235.697
299.472
297.241
346.91
339.292
291.666
323.614
302.02
318.862
333.547
281.998
306.699
277.741
287.323
334.425
280.177
307.359
329.144
280.227
238.119
264.567
280.351
299.724
276.646
327.407
284.753
300.825
345.628
321.659
326.921
247.505
299.994
322.753
316.665
305.966
327.019
300.832
261.694
276.449
302.446
333.23
296.818
246.122
242.068
338.933
327.279
297.574
297.277
296.976
298.494
273.412
308.328
286.911
274.996
372.949
334.59
279.492
310.138
295.94
253.853
308.098
322.784
311.586
309.452
289.099
250.532
293.963
299.566
350.334
264.989
351.418
253.308
298.435
287.525
303.094
285.074
272.631
285.403
318.73
219.938
325.496
302.715
323.873
333.667
308.241
418.696
297.146
245.999
297.143
336.235
277.928
282.707
291.492
313.956
291.567
305.004
256.137
302.221
368.936
304.5
279.802
325.074
301.271
284.122
262.342
319.467
247.153
319.26
321.078
305.735
323.131
293.062
264.331
343.75
316.378
317.066
269.665
274.448
328.911
359.548
248.017
286.343
317.629
315.499
309.882
288.791
356.652
322.209
301.622
285.521
322.685
338.003
337.977
291.126
394.037
268.984
299.208
290.112
268.047
309.274
258.727
296.95
282.869
300.489
297.038
350.434
279.36
261.805
354.623
356.154
217.383
277.673
307.579
327.904
368.912
313.596
323.711
355.762
334.552
346.231
318.355
296.701
303.671
334.157
258.806
292.368
271.876
271.61
306.814
308.179
263.046
293.24
320.178
271.356
291.709
317.59
308.749
241.09
307.831
289.82
301.481
226.092
290.436
280.889
276.431
295.365
342.656
391.01
259.661
343.783
331.874
312.43
325.333
270.97
293.524
354.592
294.747
284.035
280.858
342.004
375.281
312.51
334.635
294.54
307.23
308.713
285.634
307.484
345.847
260.83
323.373
344.397
280.394
291.6
289.589
300.953
289.519
321.975
374.446
287.536
349.763
322.806
265.639
307.751
301.883
293.073
316.541
324.08
312.344
277.278
300.381
325.089
258.452
304.975
334.334
313.475
334.67
270.612
291.715
307.67
387.968
289.742
284.722
288.226
279.97
256.822
287.283
314.278
287.987
339.917
259.955
284.212
354.796
253.601
264.062
268.87
338.541
291.984
277.403
311.634
329.649
330.641
303.673
346.651
305.159
315.608
246.018
297.734
292.909
266.925
287.85
299.702
299.055
230.184
249.912
296.223
315.584
302.066
290.941
346.654
324.888
254.231
298.269
272.957
313.612
346.329
278.029
278.636
277.789
275.311
269.367
261.471
332.407
314.644
287.804
306.038
299.655
299.279
323.758
259.286
304.572
301.854
287.166
268.319
300.126
293.819
311.59
261.135
310.262
285.701
278.442
320.646
323.069
272.942
326.559
307.335
297.828
268.443
261.862
309.746
331.104
330.229
348.191
309.851
294.236
368.871
284.527
291.741
287.819
343.701
310.657
332.814
302.811
313.99
298.866
267.776
290.864
257.114
330.624
286.526
321.692
362.856
308.161
303.933
329.984
306.033
266.706
337.072
354.821
263.956
321.641
300.41
297.944
339.173
265.535
311.335
339.816
312.666
323.456
350.075
300.836
329.776
333.725
270.809
297.649
267.526
303.214
370.915
335.153
319.068
299.138
292.867
273.319
334.278
289.039
253.505
291.471
284.795
349.609
265.385
386.857
319.749
274.732
247.045
291.243
276.542
292.744
291.649
324.024
311.026
326.136
247.681
265.729
320.851
322.367
300.047
288.047
230.935
330.205
263.763
272.076
323.362
302.803
289.935
326.739
297.577
363.697
255.957
285.044
327.322
283.694
299.33
318.057
373.83
298.262
290.274
319.608
340.411
284.463
308.773
275.885
337.441
361.312
364.115
328.13
357.117
349.269
251.416
346.156
342.671
366.142
288.724
296.298
287.563
275.35
294.97
266.765
308.704
353.048
305.325
307
323.696
260.892
317.235
268.319
261.129
287.48
296.226
335.676
273.998
277.659
261.753
299.854
278.896
300.247
256.023
248.571
307.456
281.478
384.023
322.336
286.874
273.289
293.153
327.859
300.179
276.814
330.865
341.437
279.119
295.263
307.723
308.256
296.48
401.745
305.25
262.113
376.22
387.652
327.177
331.144
328.954
322.457
266.717
271.57
281.98
312.46
351.201
236.897
295.596
351.829
336.557
325.884
283.762
325.479
335.464
300.548
266.403
292.501
362.034
309.437
276.635
331.182
265.908
285.134
360.337
309.12
305.056
288.159
305.373
292.489
317.13
357.965
327.516
277.538
326.211
356.422
280.414
288.528
302.501
304.607
273.422
355.331
286.72
244.911
353.533
262.678
184.447
266.475
330.929
307.509
305.647
312.197
258.835
329.451
321.519
348.757
360.879
316.96
291.606
309.761
253.392
280.083
278.01
261.956
357.768
285.703
279.178
260.989
309.605
309.424
261.912
323.683
301.561
302.751
323.051
338.153
329.49
304.045
352.605
321.26
277.025
332.122
358.491
255.064
361.969
294.413
286.393
253.439
357.151
375.65
302.869
324.396
285.934
268.401
281.376
301.662
316.646
293.841
285.828
318.782
331.252
288.897
337.465
332.467
291.065
289.958
339.256
274.536
234.15
323.931
323.554
301.585
327.468
249.848
282.354
285.389
317.428
275.796
297.085
307.197
257.814
297.3
298.921
274.567
305.427
286.392
244.588
327.519
337.551
264.354
285.273
308.332
270.399
287.426
292.012
339.753
285.001
279.501
350.933
235.597
311.774
292.761
282.548
303.692
266.233
348.6
369.895
283.311
345.741
277.766
357.353
254.783
280.305
299.951
306.681
313.208
300.727
372.895
298.369
292.974
316.783
347.376
302.047
224.201
325.751
309.062
306.661
278.286
334.219
302.778
291.532
385.369
316.973
280.66
286.178
280.656
258.698
299.499
271.402
285.069
311.353
282.259
273.005
308.095
336.883
302.794
304.3
285.365
280.227
294.386
308.712
348.167
310.599
318.46
297.791
306.252
283.301
306.206
271.684
325.516
316.418
313.891
285.377
325.071
356.163
292.159
303.367
316.358
286
298.898
339.439
354.348
360.41
270.797
293.572
266.965
297.572
282.606
311.746
344.552
340.532
356.977
281.678
417.04
309.608
352.506
260.887
277.889
285.216
330.447
334.047
274.327
305.883
253.853
302.81
374.079
282.902
290.445
286.282
254.068
362.586
312.721
321.53
302.348
371.814
321.157
266.531
314.423
264.347
293.416
322.482
321.454
387.214
316.464
251.479
284.732
357.25
313.827
