2623.55
2609.1
2655.95
2593.99
2578.53
2856.9
2588.52
2649.47
2824.65
2609.77
2583.91
2709.2
2513.07
2510.01
2580.44
2504.56
2375.22
2534.31
2361.05
2646.6
2539.27
2548.8
2619.42
2758.34
2669.41
2612.98
2547.15
2460.86
2613.73
2646.77
2433.74
2577.06
2753.6
2557.91
2463.63
2536.05
2610.98
2632.02
2764.72
2509.17
2651.64
2492.2
2611.52
2667.93
2511.82
2603.7
2818.76
2598.67
2641.11
2570.29
2909.98
2540.5
2441.03
2573.69
2773.38
2512.28
2617.6
2754.41
2679.77
2578.22
2750.83
2535.21
2558.48
2424.67
2579.63
2619.39
2597.04
2682.29
2658.92
2596.17
2450.62
2622.41
2457.41
2694.38
2664.26
2820.02
2645.42
2556.28
2682.02
2645.7
2626.4
2698.57
2599.42
2670.83
2605.65
2550.15
2544.92
2565.23
2598.3
2715.85
2702.12
2410.69
2716.33
2491.59
2647.91
2656.41
2533.8
2787.15
2692.69
2872.82
2665.89
2450.01
2663.28
2496.43
2938.97
2415.11
2540.11
2661.69
2602.16
2709.35
2706.21
2631.61
2398.64
2655.19
2791.81
2453.77
2419.39
2609.79
2553.86
2808.13
2726.55
2545.03
2578.8
2562.65
2576.52
2784.69
2733.17
2770.05
2654.26
2488.07
2580.17
2465.87
2599.33
2718.25
2507.42
2396.77
2567.87
2527.89
2605.52
2735.23
2658.12
2584.45
2443.47
2585.16
2714.98
2656.67
2491.14
2542.13
2685.27
2361.04
2353.09
2549.08
2421.52
2574.35
2740.35
2522.05
2603.26
2690.52
2467.93
2464.44
2546.87
2438.08
2542.84
2612.48
2665.54
2566.01
2505.55
2549.67
2553.3
2471.53
2567.56
2492.32
2611.05
2612.99
2507.41
2412.28
2659.65
2559.25
2562.51
2676.81
2479.67
2698.16
2633.13
2645.11
2591.38
2512.64
2685.8
2724.99
2613.53
2644.24
2536.66
2541.16
2640.67
2512.55
2484.29
2649
2656.85
2626.67
2559.36
2621.14
2623.02
2592.81
2560.79
2466.67
2532.05
2635.53
2423.46
2629.97
2550.51
2438.89
2589.09
2379.79
2667.2
2475.55
2460.45
2501.36
2680.75
2494.33
2727.78
2493.32
2646.48
2640.54
2540.17
2335.02
2657.92
2513.15
2797.01
2582.27
2463.59
2752.4
2773.23
2579.19
2593.37
2560.18
2601.3
2616.49
2524.6
2687.01
2557.23
2514.2
2833.39
2706.06
2479.03
2508.67
2848.06
2648.02
2710.32
2579.84
2603.63
2461.39
2484.23
2403.78
2356.45
2578.24
2528.21
2668.18
2443.14
2588.26
2774.63
2580.26
2680.58
2645.11
2648.12
2521.22
2685.03
2600.84
2713.12
2509.13
2507.26
2551.35
2734.61
2538.84
2669.25
2584.16
2627.09
2416.09
2776.34
2480.63
2617.61
2494.5
2526.19
2502.57
2607.19
2641.61
2654.62
2438.38
2648.21
2341.74
2678.76
2581.13
2604.54
2488.11
2358.24
2565.99
2735.85
2709.29
2690.67
2561.18
2634.11
2683.58
2597.64
2581.04
2442.13
2674
2464.79
2490.9
2647.16
2865.22
2643.24
2652.05
2492.12
2659.77
2710.07
2507.93
2841.45
2720.79
2630.1
2653.59
2994.59
2599.45
2566.27
2695.93
2713.36
2576.84
2397.17
2673.81
2692.65
2463.77
2515.53
2664.78
2610.35
2571.72
2800.62
2736.91
2629.68
2349.76
2542.66
2481.4
2427.93
2744.6
2571.76
2650.86
2344.92
2508.24
2645.41
2558.83
2686.74
2435.38
2662.62
2716.58
2523
2530.32
2683.79
2804.99
2726.31
2679.95
2661.48
2513.2
2436.59
2569.94
2435.2
2580.37
2632.81
2610.98
2518.22
2854.79
2597.25
2654.77
2647.41
2594.76
2708.91
2553.29
2683.31
2639.47
2434.73
2682.82
2690.81
2528.78
2642.63
2711.42
2621.28
2480.09
2582.5
2630.34
2681.84
2696.5
2673.51
2829.82
2500.25
2524.69
2558.13
2594.87
2584.57
2621.53
2450.2
2598.89
2470.01
2608.35
2642.01
2482.33
2554.65
2662.43
2573.43
2595.19
2405.19
2650.37
2718.02
2507.27
2655.18
2570.44
2344.21
2714.57
2801.88
2620.54
2739.52
2545.46
2610.82
2597.75
2485.47
2498.29
2608.74
2627.35
2591.32
2608.39
2720.02
2454.51
2587.23
2395.76
2488.75
2508.01
2399.42
2753.98
2615.8
2697.41
2697.87
2413.57
2651.25
2666.78
2577.18
2633.13
2705.74
2364.2
2771.28
2384.14
2663.49
2637.98
2582.36
2464.21
2512.54
2622.57
2361.45
2679.45
2683.3
2509.65
2500.29
2572.2
2485.9
2676.01
2641.36
2720.77
2670.82
2662.86
2438.2
2684.21
2556.73
2456.38
2496.11
2505.15
2378.47
2758.83
2777.32
2509.69
2304.15
2672.4
2474.23
2623.54
2723.84
2566.37
2590.48
2706.3
2633.62
2313.4
2612.58
2698.59
2656.96
2597.28
2681.85
2567.33
2701.62
2457.78
2720.14
2651.64
2673.7
2657.57
2653.74
2529.27
2657.68
2358.27
2752.07
2653.97
2621.57
2632.53
2652.16
2653.79
2802.3
2467.35
2508.86
2556.61
2570.97
2489.1
2711.11
2562.81
2695.82
2436.14
2701.33
2283
2508.98
2556.23
2461.75
2561.32
2587.19
2649.51
2539.3
2409.91
2468.9
2587.29
2606.47
2577.73
2471.55
2393.44
2762.24
2663.6
2390.37
2716.37
2588.36
2709.91
2464.7
2747.57
2768.93
2728.11
2634.49
2793.09
2737.87
2651.27
2592.06
2620.8
2510.21
2416.08
2831.6
2640.24
2698.49
2739.44
2528.78
2683.15
2558.29
2462.56
2414.34
2621.05
2741.89
2456.95
2579.61
2590.17
2547.42
2659.48
2650.52
2606.82
2618.69
2493.16
2522.37
2535.23
2585.93
2572.65
2498.02
2574.55
2700.61
2602.26
2637.72
2513.3
2531.65
2491.88
2556.01
2611.06
2529
2522.08
2354.3
2820.62
2687.63
2622.16
2724.06
2818.92
2483.66
2648.64
2507.31
2573.58
2645.92
2562
2819.21
2533.9
2570.86
2673.74
2559.02
2477.49
2510.36
2659.32
2791.16
2654.37
2573.3
2500.18
2706.58
2504.27
2523.57
2571.69
2533.28
2739.99
2763.06
2374.83
2597.35
2619.34
2568.49
2896.42
2621.87
2525.23
2612.84
2647.69
2448.21
2708.08
2582.54
2609.22
2433.99
2963.66
2795.19
2382.32
2516.58
2606.91
2407.97
2619.38
2572.58
2541.13
2462.54
2456.05
2504.74
2675.78
2621.76
2706.17
2561.77
2631.8
2582.41
2460.41
2672.68
2376.75
2574.58
2543.31
2623.71
2678.9
2508.11
2770.67
2392.81
2565.55
2705.39
2531.36
2730.27
2566.64
2449.45
2609.7
2724.56
2559.82
2430.66
2588.79
2591.41
2520.66
2683.57
2588.05
2630.45
2621.67
2589.94
2546.75
2522.2
2455.92
2620.4
2725.21
2470.8
2548.47
2663.99
2349.74
2778.26
2538.14
2474.42
2462.19
2496.24
2629.51
2732.02
2777.36
2545.65
2394.72
2555.88
2726.44
2557.82
2664.88
2453.76
2620.9
2735.48
2783.51
2516.46
2557.28
2571.09
2524.64
2692.94
2749.07
2434.78
2643.78
2644.89
2543.96
2665.22
2597.43
2646.04
2542.32
2634.67
2529.43
2689.06
2378.66
2866.41
2460.03
2705.95
2478.03
2614.86
2584.14
2428.43
2596.03
2688.08
2477.24
2625.37
2810.02
2526.49
2482.2
2547.11
2599.75
2696.99
2682.37
2542.77
2554.38
2465.05
2543.17
2622.15
2668.53
2666.54
2789.39
2450.06
2538.53
2501.53
2554.84
2450.72
2510.56
2593.03
2502.62
2735.28
2588.88
2293.7
2659.6
2806.68
2549.4
2704.68
2528.51
2667.79
2696.84
2691.56
2677.55
2556.37
2475.2
2674.47
2720.85
2732.36
2628.08
2591.06
2602.39
2599.7
2591.62
2584.86
2606.74
2502.57
2580.75
2523.95
2615.57
2636.33
2498.99
2584.97
2635.58
2596.61
2628.64
2696.43
2412.57
2467.53
2545.63
2582.92
2732.73
2372.31
2439.34
2515.06
2709.22
2324.2
2344.89
2726.02
2628.9
2651.17
2629.69
2625.3
2562.67
2588.83
2591.29
2760.03
2563.28
2602.36
2717.97
2827.45
2565
2461.07
2732.32
2568.78
2761.62
2557.11
2633.15
2427.75
2460.16
2647.29
2491.89
2429.93
2597.48
2574.6
2806.98
2503.1
2727.38
2563.63
2642.83
2540.33
2711.76
2516.51
2584.97
2721.96
2591.12
2539.97
2384.28
2505.76
2697.57
2599.46
2805.7
2483.21
2500.37
2702.97
2827.94
2744.32
2592.98
2723.42
2663.79
2895.15
2501.15
2560.17
2616.77
2680.2
2594.98
2516.27
2708.23
2685.41
2600.77
2728.92
2675.04
2560.92
2822.38
2822.71
2680.07
2710.39
2505.81
2661.11
2540.43
2507.28
2776.48
2488.8
2521.17
2584
2529.62
2397
2783.01
2428.94
2561.44
2437.52
2571.81
2445.45
2542.64
2342.93
2489.42
2572.7
2508.83
2556.24
2808.39
2785.25
2769.3
2425.19
2670.32
2557.36
2568.91
2621.27
2568.14
2789.89
2523.83
2691.03
2655.54
2636.17
2571.02
2504.66
2387.58
2556.87
2419.81
2795.46
2531.85
2694.96
2531.6
2627.48
2608.14
2496.99
2742.43
2527.29
2574.05
2629.29
2732.17
2553.01
2684.51
2537.43
2442.54
2553.3
2453.82
2696.17
2671.29
2710.84
2519.23
2747.05
2503.59
2331.39
2569.24
2713.72
2414.55
2554.81
2476.3
2661.38
2418.37
2598.22
2599.6
2586
2496.41
2653.1
2599.75
2612.85
2347.97
2538.51
2601.56
2524.51
2514.02
2771.24
2636.5
2626.99
2738.35
2517.44
2513.23
2632.65
2444.75
2529.86
2521.67
2644.07
2565.02
2738.57
2622.91
2518.69
2615.07
2470.3
2648.53
2594.88
2538.82
2533.37
2551.05
2583.88
2614.94
2446.18
2683.94
2477.64
2666.14
2534.44
2597.49
2549.99
2637.12
2761.51
2673.03
2671.52
2521.81
2403.26
2341.46
2655.77
2747.23
2503.21
2571.01
2503.45
2681.83
2280.16
2647.17
2456.02
2511.18
2556.2
2741.85
2589.29
2787.06
2615.09
2522.72
2485.06
2617.28
2765.08
2755.84
2671.08
2633.59
2691.95
2455.51
2486.86
2497.44
2653.1
2426.08
2514.24
2719.69
2564.91
2566.28
2427.54
2583.74
2777.76
2532.31
2743.06
2809.95
2562.85
2769.31
2703.82
2538.26
2721.2
2368.02
2538.89
2739.03
2585.99
2548.31
2546.2
2433.76
2592.89
2698.2
2719.28
2469.36
2677.16
2624.03
2439.42
2540.93
2665.4
2582.78
2601.22
2675.95
2289.1
2651.09
2633.71
2633.9
2945.85
2418.6
2537.7
2683.54
2476.5
2656.48
2615.39
2665.91
2586.57
2485.72
2667.31
2588.23
2658.15
2764.14
2564.96
2809.48
2657.58
2477.65
2759.19
2500.76
2437.65
2586.95
2686.03
2583.39
2320.74
2686.13
2343.14
2534.18
2696.1
2520.73
2506.89
2517.32
2676.84
2576.74
2728.85
2487.53
2494.57
2680.88
2551.87
2497.61
2513.78
2549.97
2712.93
2729.72
2606.9
2537.78
2651.28
2627.34
2399.78
2447.51
2601.5
2536.03
2680.7
2621.82
2532.66
2667.46
2869.9
2447.14
2517.58
2608.26
2699.44
2466.97
2620.43
2490.77
2611.21
2703.85
2616.66
2571.95
2591.67
2712.34
2582.21
2614.28
2559.94
2503.83
2716.99
2480.86
2710.62
2571.9
2500.59
2556.61
2743.14
2871.07
2664.06
2745.18
2482.81
2522.75
2634.08
2726.64
2529.52
2620.15
2327.42
2591.61
2733.74
2512.51
2737
2576.21
2533.05
2488.36
2815.05
2730.71
2669.21
2696.53
2480.35
2470.86
2717.7
2639.43
2394.84
2508.84
2486.37
2489.71
2750.46
2566.27
2478.56
2604.51
2644.37
2695.13
2538.67
2510.08
2778.88
2507.16
2586.8
2710.01
2315.02
2491.1
2574.48
2390.68
2495.76
2554.59
2671.17
2648.82
2591.04
2487.42
2729
2696.92
2605.1
2523.88
2698.43
2590.29
2597.73
2688.27
2532.09
2431.85
2506.74
2715.18
2571.5
2485.48
2509.78
2588.69
2617.85
2589.92
2528.97
2507.33
2455.18
2714.74
2575.62
2536.45
2519.4
2510.08
2681.62
2455.83
2687.08
2554.45
2467.68
2727.2
2587.37
2779.45
2649.13
2579.13
2456.28
2781.49
2550.69
2699.68
2738.76
2496.41
2628.66
2568.97
2769.78
2437.4
2474.07
2729.47
2674.26
2684.83
2606.05
2737.15
2516.39
2762.87
2830.1
2521.49
2685.6
2556.88
2562.06
2662.61
2847.77
2484.67
2675.38
2747.65
2434.25
2352.45
2625.46
2696.68
2615.82
2719.42
2501.43
2456.35
2649.09
2695.95
2779.81
2624.22
2314.22
2770.03
2544.17
2384.35
2642.96
2661.35
2539.87
2596.88
2708.88
2618.9
2638.6
2589.45
2616.21
2537.74
2706.31
2532.75
2726.81
2594.85
2495.32
2373.99
2503.81
2525.12
2615.21
2704.99
2656.47
2552.03
2784.33
2537.78
2705.06
2463.63
2424.94
2561.94
2525.45
2455.41
2712.94
2535.05
2761.91
2441.27
2584.33
2510.75
2375.72
2512.77
2646.16
2461.19
2689.76
2657.23
2573
2630.82
2352.82
2637.14
2618.29
2605.23
2464.14
2672.15
2775.48
2570.73
2520.51
2633.4
2482.27
2593.75
2461.63
2689.37
2600.87
2741.51
2586.22
2758.88
2347.28
2579.68
2675.51
2678.67
2631.7
2501.51
2432.69
2543.78
2562.89
2507.53
2588.94
2662.92
2728.52
2794.11
2712.45
2538.73
2642.15
2480.3
2507.89
2237.61
2699.37
2648.25
2600.17
2467.07
2626.94
2604.25
2649.87
2594.25
2619.26
2711.07
2651.42
2465.24
2372.91
2624.91
2747.06
2556.15
2698.17
2417.08
2742.21
2428.96
2597.11
2700
2489.71
2711.34
2522.17
2784.83
2655.86
2604
2551.57
2709.48
2530.11
2679.67
2406.18
2605.11
2425.89
2521.57
2639.18
2504.6
2822.45
2754.18
2852.04
2500.07
2673.44
2496.22
2672.78
2595.81
2489.92
2455.31
2413.35
2494.18
2712.87
2596.18
2510.01
2538.99
2478.63
2488.9
2601.91
2711.33
2590.09
2698.29
2548.13
2715.88
2625.14
2578.71
2591.72
2552.16
2734.89
2528.61
2627.07
2572.06
2734.86
2812.48
2752.2
2828.6
2674.23
2708.02
2590.81
2625.3
2791.51
2494.17
2491.18
2601.53
2739.32
2287.29
2495.17
2635.88
2637.44
2674.96
2573.9
2829.22
2815.56
2529.45
2709.27
2565.2
2707.69
2489.77
2878.32
2530.31
2593.28
2575.2
2407
2760.27
2787.53
2698.02
2749.47
2564.57
2513.94
2713.11
2553.66
2626.46
2594.38
2679.85
2550.33
2574.94
2603.29
2804.83
2397.09
2483.06
2594.73
2709.39
2511.29
2596.64
2628.07
2554.38
2485.19
2507.71
2405.21
2792.32
2625.34
2574.87
2802.18
2577.43
2641.89
2681.77
2626.96
2577.49
2544.11
2781.11
2580.62
2604.02
2596.81
2634.59
2657.72
2512.27
2640.57
2468.57
2572.1
2413.1
2640.27
2589.99
2623.09
2810.05
2748.24
2504.8
2691.86
2548.36
2453.43
2627.8
2413.75
2575.49
2854.29
2747.93
2632.79
2556.82
2592.96
2548.73
2478.04
2500.06
2637.85
2618.53
2593.44
2546.48
2659.1
2574.17
2564.1
2455.55
2282.97
2766.91
2661.05
2639.44
2608.53
2507.57
2644.99
2567.24
2857.18
2520.22
2508.9
2544.29
2573.24
2536.26
2666.94
2623.81
2764.23
2560.02
2564.19
2605.35
2626.63
2616.23
2672.32
2738.82
2608.96
2770.73
2578.3
2497.4
2647.6
2627.26
2446.09
2719.95
2650.43
2504.56
2506.97
2471.38
2645.89
2693.41
2523.48
2650.85
2696.79
2741.68
2547.73
2560.4
2347.9
2681.76
2594.21
2465.66
2552.04
2611.59
2780.88
2599.45
2514.33
2486.16
2769.86
2730.1
2649.6
2743.2
2723.64
2601.73
2699.37
2542.73
2716.54
2753.12
2583.59
2723.86
2484.69
2769.71
2538.49
2698.25
2776.7
2667.52
2719.27
2743.33
2465.27
2457.98
2749.03
2623.81
2692.49
2617.86
2643.95
2595.62
2625.74
2753.73
2513.49
2807.29
2516.88
2744.47
2690.41
2708.8
2500.24
2628.17
2583.33
2550.17
2702.9
2627.28
2503.1
2527.71
2561.97
2423.29
2727.56
2602.23
2475.38
2523.9
2558.18
2695.2
2586.74
2519.53
2589.97
2643.3
2791.91
2743.99
2651.43
2694.82
2660.73
2589.26
2654.02
2435.46
2515.62
2583.84
2638.73
2681.95
2677.82
2580.11
2453.14
2480.31
2715.16
2507.95
2669.04
2490.49
2746.17
2434.44
2552.27
2743.79
2661.84
2800.69
2637.54
2586.31
2466.57
2555.82
2739.86
2724.71
2491.65
2449.89
2635.16
2637.52
2484.06
2602.6
2527.84
2623.35
2660.15
2742.07
2433.84
2502.8
2697.95
2746.21
2635.56
2641.82
2685.07
2455.93
2595.72
2711.58
2500.98
2501.51
2598.9
2607.72
2573.41
2437.22
2541.46
2618.33
2729.83
2594.99
2400.69
2606.86
2411.65
2588.04
2463.18
2330.48
2587.57
2780.65
2677.52
2464.23
2769.64
2554.89
2538.15
2492.59
2587.48
2525.91
2478.31
2621.86
2447.05
2590.05
2724.28
2715.92
2613.87
2621.64
2593.52
2521.28
2686
2596.88
2601.54
2512.85
2533.34
2551.79
2495.12
2746.72
2724.38
2773.6
2430.44
2443.63
2703.05
2494.66
2533.2
2595.65
2556.96
2598.25
2820.17
2780.41
2628.3
2589.82
2532.81
2902.59
2586.05
2528.1
2861.68
2442.34
2493.35
2603.68
2617.05
2722.8
2645.41
2570.46
2574.04
2647.49
2818.38
2504.05
2716.93
2544.83
2522.56
2531.24
2598.89
2447.82
2628.23
2470.63
2660.97
2569.69
2493.05
2447.86
2743.06
2546.81
2486.52
2679.83
2523.73
2493.35
2488.66
2509.36
2636.1
2590.19
2500.09
2524.21
2664.47
2398.61
2457.86
2654.63
2519.11
2599.8
2444.94
2453.5
2803.35
2466.04
2395.58
2569.61
2634.21
2608.52
2605.22
2547.06
2704.27
2770.11
2633.74
2501.17
2593.06
2711.69
2562.58
2736.83
2684.82
2487.87
2567.42
2449.8
2628.62
2484.5
2688.65
2524.22
2478.51
2590.47
2467.02
2460.58
2575.34
2513.87
2663.56
2563.14
2841.4
2701.23
2543.96
2462.62
2521.38
2418.97
2534.88
2411.2
2617
2605.83
2780.81
2536.88
2477.27
2614.8
2601.74
2533.9
2593.77
2738.36
2662.34
2676.74
2491.04
2633.1
2464.43
2555.54
2498.8
2733.2
2559.91
2482.89
2704.58
2550.6
2532.46
2724.33
2446.55
2435.58
2463.48
2585
2632.87
2672.33
2724.14
2716.17
2545.68
2652.05
2674.1
2746.2
2460.01
2568.62
2503.4
2629.45
2514.25
2568.44
2486.05
2463.85
2617.91
2403.18
2594.39
2574.18
2448.95
2636.88
2530.64
2722.9
2560.44
2509.73
2519.7
2436.73
2610.77
2566.72
2598.13
2461.07
2699.59
2389.97
2545.18
2547.2
2651.09
2474.94
2753.51
2499.57
2626.35
2529.77
2497.78
2659.23
2569
2610.9
2651.1
2607.7
2621.29
2459.34
2573.99
2660.96
2714.07
2720.69
2515.48
2602.01
2566.29
2612.37
2564.3
2740.92
2706.35
2611.14
2552.93
2490.99
2520.28
2558.43
2406.63
2654.25
2644.15
2683.08
2500.48
2433.38
2566.82
2787.51
2440.67
2595.31
2750.84
2520.67
2912.26
2488.45
2708.33
2611.78
2440.57
2526.66
2666.38
2438.08
2565.15
2732.65
2681.02
2578.38
2628.88
2562.29
2477.41
2736.58
2472.83
2550.6
2551.85
2424.67
2498.05
2633.93
2554.65
2699.24
2688.39
2463.32
2770.5
2483.1
2611.59
2377.56
2578.31
2514.78
2539.17
2705.73
2790.12
2715.7
2631
2444.66
2587.44
2509.54
2563.11
2775.9
2648.49
2407.58
2582.35
2591.18
2525.65
2447.18
2539.25
2490.25
2407.23
2544.36
2631.61
2732.99
2631.81
2703.56
2637.21
2494.92
2425.43
2694.27
2741.55
2715.04
2639.26
2660.39
2384.01
2789.48
2476.09
2494.01
2622.28
2621.41
2611.88
2471.27
2632.62
2572.97
2501.62
2607.34
2440.36
2477.32
2589.56
2607.9
2514.45
2683.65
2713.45
2660.46
2744.69
2489.26
2598.58
2538.51
2615.21
2610.92
2618.17
2505.78
2645.19
2423.14
2594.15
2494.38
2528.26
2528
2535.65
2585.21
2457.89
2460.05
2475.23
2534.57
2760.03
2619.45
2623.32
2514.31
2738.47
2440.38
2616
2646.59
2630.52
2528.22
2773.48
2475.7
2732.23
2516.53
2421.1
2677.63
2633.4
2751.77
2511.05
2739.6
2493.95
2471.91
2569.43
2611.97
2910.9
2825.3
2644.57
2510.71
2657.91
2656.32
2470.3
2551.8
2574.79
2598.37
2743.21
2566.04
2459.5
2657.39
2409.02
2570.01
2525.99
2656.66
2601.3
2778.01
2609.02
2593.79
2577.52
2320.79
2618.07
2601.83
2629.86
2662.52
2725.45
2495.45
2846.95
2545.87
2684.35
2521.4
2669.31
2683.84
2557.47
2672.17
2743.65
2664.95
2679.39
2608.83
2658.51
2652.8
2747.88
2450.68
2605.5
2644.04
2583.03
2633.16
2782.02
2454.25
2519.76
2607.88
2573.5
2639.14
2743.98
2419.77
2621.38
2663.1
2566.79
2728.07
2525.24
2473.92
2530.15
2681.18
2705.2
2656.28
2533.49
2608.69
2479.89
2618.29
2613.56
2598.99
2343.99
2607.14
2516.29
2607.33
2630.23
2494.31
2525.81
2649.81
2599.47
2517.48
2562.35
2485.72
2855.71
2499.51
2651.62
2684.64
2565.64
2563.71
2631.77
2577.15
2561.53
2549.94
2405.23
2449.8
2605.79
2681.77
2511.31
2668.63
2754.1
2617.83
2545.29
2655.38
2458.44
2500.82
2622.24
2619.47
2816.87
2561.34
2650.53
2536.41
2536.07
2633.66
2604.4
2480.1
2523.09
2728.12
2390.34
2666.43
2540.05
2504.83
2650.55
2689.77
2659.85
2615.61
2636.8
2592.02
2533.72
2529.51
2521.17
2603.84
2770.81
2372.87
2494.93
2606.86
2468.4
2547.88
2537.71
2611.65
2683.46
2322.1
2522.07
2469.9
2592.74
2774.83
2535.48
2642.11
2597.06
2482.08
2588.72
2639.37
2517.27
2726.63
2409.6
2388.65
2418.11
2641.57
2766.21
2506.19
2630.93
2680.77
2630.21
2604.5
2586.82
2772.14
2561.32
2580.11
2576.37
2752.04
2525.64
2661.59
2556.96
2681.98
2692.18
2822.1
2512.93
2481.87
2522.52
2757.16
2588.74
2703.08
2590.91
2671.64
2751.3
2652.15
2635.31
2745.94
2514.95
2554.53
2753.51
2583.56
2325.91
2737.8
2753.85
2527.44
2480.62
2495.5
2755.21
2617.82
2533.94
2650.51
2479.26
2641.64
2785.98
2527.84
2465.65
2592.79
2608.65
2421.15
2570.63
2689.63
2654.42
2553.13
2606.42
2470.92
2451.32
2674.66
2644.93
2746.77
2713.06
2532.45
2565.47
2565.81
2550.79
2600.12
2603.42
2714.53
2584.02
2612.72
2616.42
2418.36
2653.88
2497.09
2569.82
2770.88
2730.15
2713.89
2385.26
2468.57
2700.48
2517.86
2438.18
2600.83
2650
2556.21
2564.79
2683.96
2380.45
2573.54
2601.12
2521.45
2719.39
2603.03
2592.23
2630.7
2609.6
2566.38
2633.02
2539.5
2472.47
2610.24
2406.65
2537.8
2681.51
2485.28
2732.64
2569.81
2387.56
2412.58
2569.56
2683.19
2628.05
2647.64
2595.6
2528.33
2469.41
2580.66
2797.98
2582.6
2749.81
2576.78
2665.56
2619.28
2664.68
2618.9
2708.67
2684.51
2585.41
2554.43
2787.41
2822.14
2625.56
2774.62
2481.29
2600.63
2522.5
2466.59
2562.3
2564.54
2668.24
2546.21
2544.84
2625.58
2654.29
2720.97
2729.35
2625.72
2546.54
2693.64
2532.12
2353.22
2679.49
2622.57
2530.92
2619.19
2682.72
2721.96
2604.64
2678.48
2455.87
2557.07
2564.87
2582.53
2688.5
2594.8
2784.33
2666.66
2493.87
2531.94
2424.31
2709.64
2571.03
2731.28
2542.28
2678.25
2499.42
2443.03
2454.22
2602.07
2439.95
2723.03
2701.73
2723.17
2611.75
2778.63
2605.68
2538.92
2730.99
2683.42
2547.22
2637.6
2503.73
2354.47
2651.67
2587.86
2747.98
2608.84
2517.07
2510.64
2536.06
2521.71
2480.83
2600.12
2617.72
2725.02
2673.5
2638.23
2685.85
2630.86
2413.54
2568.9
2453.7
2488.63
2505.36
2536.93
2604.6
2774.85
2645.19
2534.42
2433.1
2724.69
2709.49
2608.85
2400.96
2482.85
2497.68
2531.71
2555.29
2692.94
2706.84
2484.56
2575.82
2618.85
2738.48
2554.24
2604.93
2712.72
2821.71
2544.85
2762.69
2548.67
2588.34
2468.1
2495.94
2737.93
2483.22
2882.49
2509.79
2563.15
2629.31
2588
2504.29
2673.42
2501.02
2617.35
2591.19
2504.32
2261.24
2452.62
2546.36
2528.33
2772.09
2571.03
2403.8
2587.13
2604.89
2606.79
2781.85
2489.53
2580.86
2600.57
2554.31
2698.59
2561.04
2449.15
2783.08
2693.62
2529.72
2602.79
2661.95
2453.89
2659.39
2520.3
2615.17
2741.89
2642.64
2698.37
2595.73
2838.35
2576.13
2562.66
2567.37
2645.9
2640.65
2571.48
2368.59
2480.69
2565.03
2428.68
2451.58
2621.79
2754.67
2653.49
2476.73
2547.87
2560.03
2656.5
2500.04
2677.73
2539.88
2575.78
2688.18
2527.16
2645.75
2738.3
2736.84
2573.5
2507.48
2757.19
2578.31
2704.76
2710.75
2523.57
2654.34
2560.7
2698.12
2640.11
2704.35
2631.83
2576.74
2567
2651.26
2744.47
2486.65
2634.13
2643.11
2627.2
2771.73
2606.86
2729.88
2521.56
2460.75
2614.45
2664.66
2615.71
2311.64
2734.06
2554.22
2682.25
2770.08
2598.8
2496.34
2476.88
2445.03
2705
2591.3
2785.7
2866.12
2757.82
2662.45
2416.43
2586.33
2642.75
2427.18
2698.97
2708.95
2493.5
2486.65
2572.7
2523.71
2572.93
2652.98
2496.72
2640.06
2533.32
2479.4
2481.24
2660.62
2509.11
2461.97
2608.48
2323.6
2784.19
2427.71
2523.91
2615.95
2562.39
2550.25
2432.52
2525.27
2738.02
2526.99
2652.46
2601.79
2659.07
2617.57
2575.27
2604.61
2719.69
2725.21
2396.88
2679.72
2624.43
2532.69
2432.66
2580.63
2473.36
2698.57
2700.35
2648.27
2485.25
2579.03
2709.11
2693.98
2492.92
2743.54
2644.02
2634.64
2669.72
2287.95
2442.32
2472.86
2512.87
2675.75
2564.33
2697.14
2726.21
2700.93
2536.69
2582.63
2463.24
2630.05
2624.72
2621.06
2643.73
2494.34
2671.12
2716.3
2560
2469.73
2533.64
2443.63
2512.03
2586.7
2682.01
2532.77
2450.08
2632.22
2651.59
2714.14
2531.17
2711.07
2579.92
2552.36
2543.45
2721.79
2578.64
2530.06
2584.78
2458.93
2485.84
2403.08
2343.9
2638.77
2592.15
2762.49
2577.45
2551.66
2470.8
2709.84
2780.27
2762
2571.41
2612.96
2555.19
2825.59
2672.36
2541.11
2610.72
2790.28
2544.83
2619.63
2530.1
2517.24
2577.83
2527.92
2516.94
2546.91
2649.62
2625.23
2659.42
2430.62
2458.88
2645.4
2601.34
2572.19
2593.69
2567.43
2776.15
2687.46
2616.78
2651.45
2691.29
2569.41
2503.13
2629.65
2720.95
2525.07
2254.52
2588.07
2464.29
2634.8
2655.05
2652.53
2462.77
2529.45
2503.28
2615.36
2488.23
2735.71
2539.53
2549.09
2623.67
2605.69
2709.46
2648.48
2571.92
2592.74
2499.82
2578.65
2450.69
2774.35
2650.71
2551.83
2736.95
2511.4
2557.32
2561.73
2654.93
2544.34
2607.69
2644.6
2581.78
2629.19
2339.82
2577.21
2538.77
2662.48
2544.28
2723.42
2640.07
2640.93
2561.58
2586.89
2455.31
2731.12
2562.02
2529.1
2410.92
2614.4
2633.5
2678.51
2526.01
2610.44
2622.32
2440.44
2557.08
2617.43
2805.86
2781.88
2372.11
2726.2
2572.67
2531.86
2599.93
2610.67
2491.3
2449.59
2715.55
2684.93
2524.22
2538.07
2536.44
2562.35
2661.94
2631.13
2384.72
2780.93
2619.49
2649.7
2694.28
2669.37
2563.45
2620.13
2604.76
2589.68
2611.12
2714.26
2519.82
2511.1
2666.73
2647.1
2562.08
2540.28
2567.19
2437.03
2573.88
2481.49
2307.51
2612.9
2410.44
2596.88
2500.47
2643.65
2516.11
2710.34
2598.17
2791.12
2686.45
2583.85
2579.69
2643.35
2904.54
2613.56
2535
2608.71
2518.11
2525
2596.4
2548.77
2421
2445.08
2539.62
2660.96
2676.89
2561.29
2714.5
2810.93
2649.96
2613.67
2663.55
2330.94
2575.43
2752.78
2525.01
2547.87
2494.78
2673.27
2437.92
2725.96
2621.84
2545.47
2660.62
2512.34
2443.37
2665.2
2642.2
2671.13
2575.02
2549.49
2845.67
2504.62
2656.09
2613.35
2525.18
2438.6
2619.28
2651.23
2464.96
2757.68
2658.21
2649.92
2595.24
2642.24
2446.12
2581.96
2537.11
2516.25
2483.51
2621.7
2798.22
2670.23
2566.58
2498.95
2684.27
2399.75
2509.57
2635.48
2653.47
2656.76
2518.23
2741.73
2313.92
2516.46
2859.65
2611.69
2593.24
2556.75
2541.99
2606.76
2685.53
2485.64
2656.83
2521.52
2558.15
2641.98
2586.02
2728.44
2537.33
2539.3
2551.71
2656.03
2480.81
2567.19
2653.44
2633.24
2553.62
2527.27
2701.26
2697.34
2544.95
2682.63
2589.56
2418.23
2379.23
2673.89
2641.08
2654.54
2386.77
2790.64
2566.72
2531.71
2625.83
2604.45
2555.52
2610.22
2717.84
2568.7
2573.57
2564.28
2435.26
2597.97
2428.95
2646.39
2534.89
2534.45
2559.86
2587.1
2565.24
2671.97
2582.74
2743.89
2553.09
2804.83
2595.95
2655.45
2503.03
2601.66
2596.8
2604.83
2466.5
2606.67
2693.72
2692.26
2515.76
2741.55
2646.49
2620.58
2883.69
2589.44
2499.8
2560.54
2567.83
2585.92
2356.15
2713.8
2735.89
2587.58
2475.77
2583.68
2600.22
2630.66
2525.52
2617.42
2721.03
2537.94
2660.72
2632.62
2535.73
2715.26
2489.34
2498.15
2695.15
2687.65
2445.26
2628.47
2500.23
2582.69
2498.78
2482.16
2453.98
2576.58
2522.73
2339.58
2452.66
2532.05
2512.91
2606.2
2689.22
2470.34
2536.71
2606.44
2547.13
2450.32
2533.9
2635.81
2626.49
2759.24
2622.3
2581.48
2554.81
2594.82
2613.1
2609.14
2638.38
2334.58
2577.27
2587.12
2637.55
2586.12
2504.01
2550.03
2597.8
2716.2
2546.88
2522.21
2673.95
2509.37
2672.85
2648.16
2560.55
2675.1
2668.66
2556.58
2618.72
2491.73
2468.53
2691.68
2482.39
2596.71
2575.56
2577.62
2527.32
2618.72
2579.43
2536.7
2517.16
2510.13
2580.61
2457.05
2646.79
2684.28
2547.95
2449.95
2429.96
2421.67
2601.51
2553.45
2588.96
2702.83
2478.28
2748.91
2556.88
2727.38
2718.46
2536.33
2554.03
2531.04
2406.15
2506.01
2646.62
2503.76
2342.38
2603.48
2630.84
2577.37
2325.45
2581.03
2490
2543.37
2424.62
2560.55
2578.4
2436.46
2459.29
2682.16
2571.82
2582.04
2486.16
2449.25
2664.51
2697.95
2809.89
2899.1
2693.39
2607.09
2543.13
2625.74
2559.85
2660.73
2627.24
2513.29
2473.08
2658.22
2736.35
2589.6
2800.95
2488.33
2748.84
2608.33
2759.97
2526.8
2510.47
2557.51
2723.38
2705.26
2697.89
2620.7
2601.6
2540.79
2642.75
2731
2421.91
2472.67
2586.08
2564.23
2639.85
2411.79
2666.13
2629.42
2604.09
2733.42
2615.11
2626.42
2555.2
2489.49
2540.24
2717.33
2709.73
2470.48
2591.41
2579.66
2622.64
2657.22
2424.58
2653.16
2552.42
2639.73
2449.23
2760.18
2478.31
2333.16
2436.28
2687.82
2770.47
2572.27
2614.11
2554.71
2752.52
2661.24
2559.28
2468.39
2628.3
2644.6
2645.75
2590.11
2625.42
2663.07
2565.67
2381.7
2544.57
2578.44
2618.68
2509.33
2658.64
2713.36
2356.23
2581.75
2440.34
2687.31
2634.35
2605.52
2413.31
2543.92
2487.47
2678.16
2650.49
2662.22
2767.68
2688.68
2642.7
2704.84
2492.48
2512.32
2472.23
2625.61
2680.73
2446.11
2657.12
2449.9
2693.25
2681.31
2635.16
2685.48
2758.43
2643.99
2468.64
2471.6
2665.72
2591
2581.85
2535.43
2559.68
2479.13
2587.1
2804.55
2677.88
2494.29
2590.95
2585.36
2607.65
2678.44
2681.71
2733.89
2693.26
2507.65
2637.79
2686.25
2752.03
2656.82
2726.12
2414.25
2651.92
2656.06
2603.65
2679.5
2556.59
2427.57
2570.92
2702.46
2617.5
2752.26
2563.68
2499.9
2759.06
2531.02
2520.9
2641.4
2726.69
2572.67
2630.95
2516.47
2691.8
2635.15
2682.84
2636.8
2552.36
2840.63
2691.05
2566.6
2534.69
2492.87
2447.67
2700.98
2640.96
2397.46
2708.11
2399.01
2418.74
2422.81
2618.15
2582.83
2620.36
2424.96
2724.6
2653.97
2577.09
2668.47
2566.72
2567.19
2432.17
2501.76
2625.53
2561.98
2669.55
2646.78
2472.37
2549.75
2555.92
2598.81
2581.69
2527.78
2769.58
2613.75
2510.76
2789.91
2527.78
2674.65
2729.95
2502.4
2794.27
2480.21
2579.37
2510.24
2630.9
2663.59
2542.81
2460.39
2481.4
2628.84
2751.62
2739.6
2624.87
2336.09
2598.85
2645.05
2528.48
2661.9
2583.5
2531.39
2490.75
2575.52
2764.33
2626.64
2609.07
2493.47
2376.86
2764.21
2500.52
2529.23
2575.19
2682.02
2615.51
2529.91
2515.68
2587.45
2592.24
2553.43
2571
2472.03
2569.44
2594.82
2538.87
2413.62
2519.21
2653.33
2716.92
2565.57
2559.41
2703.09
2674.67
2726.96
2521.33
2606.93
2475.73
2562.99
2502.41
2615.24
2439.71
2444.97
2659.89
2733.97
2594.29
2596.11
2515
2592.63
2695.67
2604.38
2694.3
2594.06
2751.35
2668.42
2522.37
2737.47
2644.4
2433.49
2669.62
2622.05
2629.63
2564.54
2746.41
2587.03
2598.16
2646.88
2519.09
2485.74
2538.16
2343.34
2525.49
2595.03
2520.58
2629.35
2551.75
2659.71
2630.76
2588.91
2504.9
2731.87
2475.59
2613.8
2421.95
2344.89
2588.27
2607.57
2668.95
2660.74
2284.31
2590.68
2618.85
2635.06
2481
2747.81
2625.66
2620.74
2504.74
2500.39
2556.09
2548.34
2790.93
2647.81
2350.46
2764.77
2643.13
2582.3
2459.3
2730.16
2508.37
2757.77
2748.74
2553.58
2654.27
2697.77
2630.81
2758.42
2543.29
2555.48
2664.32
2569.82
2424.25
2668.46
2663.14
2700.06
2557.8
2733.53
2525.23
2558.62
2726.22
2554.95
2463.53
2684.59
2610.76
2650.15
2657.17
2730.8
2724.02
2683.57
2754.85
2596.29
2540.61
2569.36
2571.33
2539.11
2602.31
2539.77
2722.07
2564.32
2679.84
2550.73
2310.21
2629.74
2642.45
2707.98
2471.22
2556.49
2539.51
2562.76
2420.66
2539.93
2564.41
2764.74
2382.14
2587.14
2749.63
2378.3
2645.04
2633.8
2570.75
2763.4
2588.68
2527.36
2535.6
2538.83
2599.83
2679.25
2725.04
2512.22
2572.92
2727.78
2655.8
2650.72
2566.66
2588.42
2737.33
2746.02
2745.49
2448.12
2726.49
2437.56
2715.31
2552.19
2513.96
2786.79
2419.96
2728.4
2546.95
2534.37
2592.75
2490.11
2541.9
2746.79
2656.98
2442.4
2513.71
2703.33
2655.26
2585.79
2585.44
2505.15
2769.83
2658.98
2711.99
2591.98
2567.8
2484.2
2646.34
2491.07
2641.9
2652.1
2442.54
2815.62
2648.42
2668.96
2637.45
2523.33
2681.69
2772.32
2632.63
2596.86
2468.93
2483.54
2665.1
2587.7
2486.71
2460.94
2659.27
2741.67
2460.12
2519.03
2506.93
2469.46
2655
2651.64
2607.36
2587.49
2419.12
2534.58
2420.06
2644.45
2416.88
2488.76
2673.43
2459.91
2663.77
2623.85
2643.56
2635.2
2575.48
2768.53
2652.61
2678.78
2576.97
2776.63
2372.5
2693.2
2535.77
2476.93
2509.8
2426.2
2528.53
2772.96
2607.66
2584.77
2657.41
2510.08
2785.92
2736.9
2559.36
2351.28
2649.62
2607.03
2534.81
2485.3
2515.48
2574.69
2624.63
2640.33
2692.51
2780.04
2510.78
2715.54
2511.05
2644.34
2606.85
2568.31
2532.51
2520.34
2591
2586.11
2546.63
2524.97
2687.24
2714.87
2481.41
2630.74
2594.1
2603.3
2536.14
2521.8
2589.21
2599.99
2565.39
2519.52
2660.69
2656.03
2567.66
2670.13
2670.39
2408.39
2544.61
2652.61
2653.03
2707.57
2481.07
2621.44
2674.04
2522.68
2515.68
2608.86
2714.23
2730.07
2641.53
2582.64
2513.02
2690.55
2410.02
2754.53
2439.41
2617.25
2598.8
2605.67
2607.63
2686.6
2454.02
2528.59
2418.69
2505.64
2548.29
2631.53
2600.05
2489.12
2594.4
2634.76
2809.06
2692.19
2749.62
2326.36
2551.2
2455.6
2605.3
2437.93
2564.47
2606.56
2646.62
2766.19
2561.77
2489.08
2571.67
2643.38
2454.85
2775.82
2547.69
2551.85
2715.51
2673.42
2748.48
2626.24
2686.92
2620.21
2469.35
2508.66
2602.63
2482.4
2482.04
2443.53
2523.69
2655.19
2387.73
2738.73
2688.27
2456.17
2606.36
2428.2
2561.72
2566.43
2575.9
2458.34
2675.31
2515.11
2703.84
2624.82
2422.44
2597.31
2426.1
2726.43
2700.35
2523.55
2808.6
2661.46
2446.13
2498.38
2646.86
2365.46
2596.55
2762.99
2818.31
2644.59
2554.71
2537.92
2578.11
2459.49
2697.21
2469.58
2902.75
2627.51
2575.27
2518.96
2564.32
2619.78
2479.13
2433.51
2510.9
2636.61
2558.64
2557.47
2518.86
2622.5
2490.45
2680.37
2505.36
2715.96
2493.54
2691.2
2861.81
2716.26
2628.41
2677.87
2703.38
2701.47
2718.78
2688.18
2489.16
2547.02
2498.92
2674.15
2593.75
2547.31
2687.2
2674.86
2800.69
2649.57
2611.43
2558.24
2470.85
2617.37
2633.04
2502.56
2611.94
2471.76
2631.06
2663.7
2444.72
2396.61
2684.36
2493.29
2576.61
2459.76
2500.46
2342.35
2571.7
2559.46
2668.76
2575.75
2727.25
2708.9
2552.49
2570.45
2557.57
2346.38
2754.08
2586.89
2635.19
2470.85
2518.5
2577.38
2674.8
2456.79
2413.03
2454.22
2742.03
2607.11
2680.2
2531.09
2570.1
2456.16
2526.19
2473.5
2702.38
2670.4
2396.34
2557.75
2609.85
2605.36
2624.38
2556.54
2426.59
2613.2
2651.24
2482.2
2546.49
2634.96
2798.23
2609.63
2510.14
2729.88
2742.04
2531.04
2597.13
2442.7
2469.22
2529.64
2546.9
2381.02
2494.7
2517.6
2564.54
2598.59
2566.31
2586.09
2560.52
2759.92
2452.58
2522.48
2675.85
2655.28
2611.7
2500.12
2596.4
2486.38
2766.47
2680.59
2650.84
2472.62
2536.9
2667.33
2448.05
2573.53
2641.74
2662.87
2653.01
2608.71
2627.46
2838.02
2500.35
2471.77
2451.89
2476.38
2585.19
2660.56
2628.28
2547.36
2538.84
2488.95
2635.96
2582.6
2569.11
2480.23
2557.42
2630.57
2641.83
2663.72
2465.97
2424.43
2344.85
2422.79
2650.77
2613.33
2561.15
2689.21
2456.32
2653.74
2802.39
2519.35
2542.04
2646.91
2673.04
2719.1
2638.32
2612.38
2738.78
2705.16
2488.93
2721.29
2696.73
2718.29
2568
2766.04
2566.4
2504.41
2698.44
2616.07
2815.5
2625.51
2648.37
2588.06
2618.7
2425.19
2750.03
2673.4
2663.8
2693.57
2610.1
2802.54
2482.25
2547.45
2607.01
2665.45
2526.96
2516.69
2713.66
2606.16
2678.59
2503.37
2618.83
2503.41
2587.14
2431.11
2647.9
2685.65
2721.89
2680.57
2548.42
2538.45
2516.78
2607.25
2524.94
2495.4
2607.82
2763.6
2714.85
2348.4
2574.31
2500.7
2564.63
2711.81
2615.98
2509.86
2692.25
2483.31
2562.04
2664.91
2606.5
2639.31
2473.92
2497.74
2575.7
2715.74
2562.74
2753.85
2600.43
2608.02
2669.55
2482.59
2511.47
2748.46
2508.94
2477.56
2620.45
2925.31
2663.1
2515.22
2507.5
2584.21
2374.88
2617.95
2414.56
2472.72
2609.94
2711.29
2712.54
2561.66
2620.33
2519.68
2700.54
2647.49
2798.58
2610.72
2794.71
2546.97
2680.94
2536.25
2692.34
2516.24
2642.29
2781.09
2490.6
2466.28
2771.75
2502.59
2853.01
2368.5
2656.79
2618.7
2637.62
2494.12
2476.91
2791.92
2535.92
2702.75
2495.25
2730.83
2692.44
2468.92
2508.27
2614.41
2378.37
2592.04
2393.34
2517.9
2570.39
2584.7
2655.18
2488.09
2432.49
2566.96
2628.09
2504.76
2511.52
2631.6
2511.72
2473.38
2500.62
2557.33
2456.85
2499.9
2528.44
2468.85
2762.81
2547.7
2554.2
2656.77
2678.28
2445.98
2530.72
2626.02
2543.73
2369.69
2549.08
2584.73
2525.64
2403.78
2651.41
2585.65
2574.06
2628.18
2657.36
2632.68
2550.74
2589.25
2579.56
2516.96
2736.41
2537.27
2547.47
2707.26
2641.25
2766.52
2694.54
2531.73
2535.28
2661.33
2569.03
2591.55
2543.11
2689.54
2571.91
2412.24
2666.65
2741.78
2593.24
2820.1
2521.68
2457.5
2471.52
2695.81
2778.82
2627.07
2560.36
2666.66
2668.38
2539.25
2731.04
2593.11
2878.31
2587.91
2680.69
2582.4
2812.22
2742.8
2520.37
2476.48
2557.17
2434.43
2523.48
2629.78
2667.55
2513.77
2551.68
2576.25
2615.42
2452.23
2671.39
2658.22
2727.55
2631.87
2739.38
2613.57
2640.54
2646.18
2611.27
2644.16
2660.46
2609.13
2578.62
2728.92
2753.76
2633.06
2646.96
2750.04
2541.61
2334.69
2485.13
2468.64
2659.66
2603.76
2911.06
2760.2
2582.99
2525.63
2810.21
2592.78
2547.96
2601.66
2586.66
2584.35
2740.2
2583.88
2712.54
2650.65
2518.5
2772.77
2595.19
2605.12
2802.43
2689.23
2586.23
2642.38
2645.57
2563.76
2770.08
2476.16
2614.35
2557.24
2688.76
2514.55
2611.93
2743.63
2590.19
2628.93
2622.96
2498.57
2769.87
2415.53
2576.18
2589.29
2400.53
2514.37
2528.64
2754.23
2504.49
2756.28
2583.22
2596.08
2542.59
2671.95
2457.35
2757.06
2623.83
2731.9
2523.53
2508.84
2628.05
2712.71
2707.08
2529.62
2741.72
2580.45
2709.8
2537.44
2724.47
2601.93
2497.43
2502.25
2534.1
2623.48
2585.33
2767.12
2644.44
2641.57
2637.77
2540.17
2578.11
2578.94
2626.21
2405.42
2407.83
2688.92
2607.94
2714.69
2691.2
2759.5
2639.96
2797.82
2610.48
2645.37
2540.69
2539.76
2521.36
2361.98
2761.71
2647.52
2606.53
2624.02
2549.15
2704.72
2585.2
2451.4
2631.47
2587.98
2753.36
2660.61
2442.2
2653.22
2548.27
2742.8
2354.98
2504.04
2658.27
2538.78
2619.8
2785.1
2511.64
2459.56
2504.58
2535.82
2442.13
2668.51
2456.62
2595.07
2633.36
2603.53
2479.28
2641.87
2520.72
2454.42
2448.34
2617.17
2553.22
2399.76
2594.81
2635.98
2495.42
2490.06
2803.83
2581.1
2519.42
2453.15
2642.67
2759.68
2828.71
2617.77
2724.02
2717.9
2510.27
2642.98
2405.08
2620.73
2450.99
2606.88
2638.26
2626.31
2459.86
2488.38
2696.33
2381.06
2543.74
2579.07
2687.41
2525.43
2585.39
2651.93
2478.65
2525.9
2455.55
2667.78
2629.74
2613.5
2701.89
2690.15
2761.15
2723.85
2603.1
2585.64
2319.17
2687.63
2490.61
2578.21
2439.54
2708.71
2617.09
2680.43
2460.49
2702.33
2676.85
2427.11
2803.13
2645.04
2608.12
2527.28
2727.64
2469.26
2484.69
2574.15
2573.32
2614.33
2662.01
2606.63
2807.04
2614.84
2617.09
2587.06
2603.82
2536.64
2689.66
2587.27
2683.96
2656.83
2434.61
2587.02
2676.55
2423.61
2600.37
2495.22
2542.78
2517.08
2507.09
2412.4
2593.07
2588.89
2441.65
2497.34
2598
2575.57
2439.36
2706.92
2622.94
2467.89
2604.51
2600.84
2789.12
2566.17
2564.89
2575.36
2481.03
2576.3
2587.14
2513.58
2559.02
2545.78
2486.18
2539.47
2653.89
2465.7
2416.89
2513.56
2533.43
2593.68
2754.24
2613.05
2591.04
2448.26
2586.72
2775.58
2623.27
2365.54
2554.58
2729.35
2537.51
2711.98
2515.53
2629.86
2686.47
2606.76
2591.08
2529.75
2627.92
2667.58
2587.17
2580.5
2578.3
2288.99
2484
2525.45
2534.71
2495.69
2754.94
2497.79
2456.18
2662.44
2685.91
2486.39
2454.34
2516.49
2535.34
2517.24
2412.63
2791.93
2708.26
2596.59
2715.76
2676.81
2539.9
2631.16
2793.99
2579.12
2471.82
2765.98
2458.37
2715.72
2555.61
2391.52
2639.93
2585.02
2636.15
2631.69
2647.01
2523.14
2678.87
2580.95
2634.13
2499.39
2600.65
2492.43
2552.96
2639.49
2617.29
2746.09
2640.38
2503.19
2693.55
2849.88
2551.72
2653.44
2856.4
2483.15
2489.01
2535.74
2480.87
2629.77
2630.12
2554.61
2561.84
2502.82
2513.95
2585.5
2587.34
2666.1
2456.42
2512.21
2573.94
2505.71
2655.1
2482.99
2683.78
2706.89
2490.95
2597.54
2485.16
2618.81
2853.07
2636.87
2511.72
2488.86
2586.97
2642.25
2504.92
2457.8
2493.34
2683.04
2604.74
2608.38
2850.84
2671.68
2553.98
2706.08
2481.2
2401.85
2675.94
2636.77
2560.68
2568.57
2445.88
2758.19
2608.93
2718.77
2499.84
2515.06
2697.06
2588.42
2494.95
2645.89
2728.26
2689.01
2631.35
2412.49
2415.43
2709.95
2653.58
2559.52
2687.32
2547.54
2620.49
2692.64
2636.11
2575.9
2528.38
2526.11
2561.25
2641.71
2450.18
2740.72
2467.2
2473.13
2613.28
2646.27
2597.79
2660.97
2671.72
2657.28
2460.87
2628.81
2592.27
2690.59
2612.61
2585.19
2703.03
2679.56
2664.57
2589.64
2429.73
2687.31
2559.81
2680.89
2474.9
2493.96
2623.8
2291.77
2443.49
2644.8
2860.16
2569.18
2717.53
2488.74
2513.38
2460.13
2637.28
2595.51
2534.54
2522.19
2522.19
2809.44
2364.64
2573.83
2459.85
2471.61
2644.9
2494.33
2360.78
2491.75
2763.49
2492.84
2667.31
2610.51
2658.77
2715.36
2607.67
2765.91
2748.4
2652.02
2602.46
2737.64
2417.94
2660.82
2433.22
2635.88
2608.78
2573.31
2628.44
2651.49
2655.47
2685.28
2783.23
2584.62
2820.16
2662.26
2318.23
2684.37
2516.11
2538.29
2789.61
2568.2
2616.15
2535.76
2667.58
2667.81
2509.33
2692.15
2587.64
2917.63
2670.68
2509.44
2602.93
2669.72
2476.22
2673.51
2567.27
2507.15
2543.38
2711.4
2409.28
2732.34
2759.2
2646.5
2668.21
2610.17
2484.91
2784.5
2759.1
2686.25
2621.17
2606.56
2563.08
2589.05
2477.63
2629.95
2682.47
2585.64
2507.77
2492.89
2518.87
2743.88
2713.69
2898.96
2532.97
2637.4
2573.68
2594.06
2627.01
2723.97
2621.69
2499.17
2677.11
2568.7
2735.91
2721.52
2734.59
2787.02
2634.91
2617.88
2509.44
2514.31
2459.96
2693.83
2789.83
2703.4
2494.44
2493.13
2684.4
2520.82
2524.99
2506.57
2801.79
2588.83
2517.56
2616.15
2625.63
2469.52
2775.13
2409.78
2559.63
2715.74
2638.82
2571.66
2601.58
2583.6
2767.9
2416.89
2535.96
2610.9
2669.1
2526.64
2431.97
2622.16
2497.07
2761.9
2608.96
2470.88
2497.14
2433.36
2419.59
2662.69
2639.72
2318.82
2462.28
2523.12
2409.37
2607.07
2489.37
2588.96
2443.11
2454.03
2595.6
2638.86
2439.21
2689.05
2688.3
2649.39
2705.77
2701.29
2693.35
2369.31
2656.27
2679.55
2384.7
2588.44
2921.09
2574.39
2619.83
2653.87
2634.82
2505.77
2474.02
2654.31
2623.43
2629.5
2544
2523.46
2527.89
2654.61
2601.09
2658.23
2481.25
2831.17
2495.49
2603.95
2617.64
2673.63
2536.84
2505.65
2425.28
2607.17
2713.33
2661.86
2550.62
2614.17
2503.71
2651.98
2667.17
2596.13
2502.03
2681.88
2707.85
2558.27
2605.49
2661.42
2624.76
2455.11
2503.54
2456.47
2639.24
2702.28
2675.53
2749.15
2595.88
2613.56
2631.28
2707.55
2720.55
2700.74
2666.44
2617.29
2415.44
2471.12
2597.85
2770.29
2845.86
2424.81
2875.05
2929.37
2764.25
2720.49
2586.87
2696.74
2625.62
2820.65
2453.23
2617.03
2547.29
2698.23
2698.94
2488.07
2472.35
2673.5
2697.06
2621.03
2548.39
2421.67
2588.8
2685.88
2486.9
2736.21
2494.98
2551.12
2565.99
2449.99
2439.67
2671
2446.5
2720.2
2384.63
2671.14
2706.02
2655.49
2640.03
2699.2
2662.82
2727.64
2606
2737.61
2495.23
2604.03
2845.76
2493.91
2733.48
2645.75
2722.09
2695.44
2484.44
2559.96
2699.12
2680.83
2793.81
2505.17
2838.28
2685.78
2573.57
2579.44
2677.12
2497.1
2441.2
2604.59
2489.41
2686.11
2512.25
2579.99
2623.43
2687.67
2578.36
2554.57
2480.98
2401.35
2614.01
2492.49
2732.57
2662.84
2403.57
2768.83
2716.56
2663.14
2720.58
2539.53
2717.76
2777.36
2591.49
2593.7
2572.79
2712.22
2447.22
2697.87
2499.71
2528.92
2791.34
2525.84
2630.48
2691.25
2603.02
2633.18
2458.14
2604.34
2529.19
2592.29
2653.29
2405.22
2665.96
2525.97
2522.64
2579
2829.73
2801.87
2577
2737.21
2662.9
2485.34
2644.08
2656.33
2636.87
2408.8
2575.07
2553.21
2586.79
2672.01
2466.42
2838.54
2590.83
2777.37
2506.26
2472.89
2760.48
2587.83
2545.26
2484.31
2653.3
2664.42
2493.42
2553.11
2376.51
2658.88
2661.93
2534.54
2500.73
2500.17
2375.52
2428.14
2525.8
2627.74
2515.67
2623.06
2717.35
2687.76
2573.91
2604.47
2717.02
2564.47
2521.44
2599.46
2430.11
2426.54
2619.12
2367.26
2830.35
2659.12
2670.56
2533.42
2446.11
2615.24
2504.68
2624.71
2723.08
2466.29
2744.42
2646.3
2537.02
2560.64
2320.26
2583.64
2466.41
2496.15
2781.13
2601.78
2578.41
2676.17
2621.52
2444.7
2499.87
2796.22
2681.95
2624.16
2590.18
2644.78
2809.05
2613.81
2538.47
2593.96
2613.36
2648.91
2605.15
2505.91
2423.98
2494.28
2642.95
2638.37
2754.16
2449.5
2622.29
2531.36
2642.32
2724.79
2645.02
2725.82
2556.05
2432.25
2539.81
2717.08
2521.23
2558.7
2493.22
2656.53
2697.98
2429.37
2465.23
2639.11
2684.41
2713.6
2567.02
2490.14
2696.94
2712.89
2587.61
2584.42
2768.18
2456.56
2761.83
2541.71
2585.4
2667.91
2605.17
2545.91
2596.75
2498.54
2606.51
2840.63
2526.88
2587.65
2646.58
2609.12
2557.43
2661.33
2755.75
2581.15
2732.59
2536.04
2486.1
2428.37
2416.5
2755.25
2630.24
2691.86
2576.09
2622.77
2593.68
2813.26
2430.98
2789.91
2516.54
2709.96
2723.77
2508.07
2696.97
2574.84
2530.38
2799.4
2504.09
2579.96
2726.22
2489.12
2431.81
2609.02
2639.79
2592.03
2272.25
2750.04
2462.36
2423.55
2642.74
2640.82
2636.8
2756.11
2508.64
2676.58
2784.4
2814.92
2529.02
2695.95
2402.36
2574.42
2698.96
2519.31
2529.62
2453.61
2496.77
2686.37
2597.99
2777.39
2564.56
2652.34
2550.9
2368.42
2597.33
2551.96
2559.65
2459.15
2587.81
2678.17
2476.65
2644.5
2610.5
2550.63
2645.45
2710.22
2652.48
2511.61
2382.62
2892.47
2453.47
2610.42
2600.86
2732.91
2679.62
2698.86
2578.77
2676.84
2526.22
2522.3
2499.87
2598.07
2435.68
2692.39
2685.88
2487.62
2688.51
2583.9
2669.99
2663.59
2700.75
2280.27
2504.45
2454.52
2821.67
2582.93
2698.04
2590.5
2419.97
2668.9
2666.22
2523.7
2564.22
2356.41
2632.11
2461.72
2710.53
2618.43
2764.97
2575.11
2546.94
2466.74
2573.23
2601.71
2683.98
2605.24
2575.56
2628.56
2597.37
2530.65
2767.12
2548.49
2676.91
2618.47
2507.04
2657.81
2583.59
2415
2582.67
2693.35
2593.74
2517.09
2561.1
2562.68
2474.31
2560.56
2526.98
2691.5
2643.73
2477.23
2736.36
2550.01
2553.41
2564.48
2604.46
2551.41
2531.07
2488.53
2454.77
2538.16
2509.67
2574.82
2566.39
2575.44
2939.44
2723.27
2941.01
2540.82
2604.33
2774.66
2558.02
2560.21
2474.23
2611.94
2692.56
2691.29
2534.4
2598.76
2699.37
2654.61
2683.66
2462.91
2579.88
2446.18
2647.18
2600.21
2460.09
2670.03
2599.42
2658.99
2469.94
2613.85
2498.65
2534.32
2681.86
2674.78
2618.98
2862.33
2580.84
2662.97
2627.78
2632.31
2697.32
2507.06
2418.63
2574.46
2826.33
2701.64
2594.25
2507.88
2494.73
2484.12
2539.93
2498.14
2614
2440.48
2584.99
2789.49
2522.73
2581.31
2708.81
2405.74
2562.98
2726.48
2568.79
2509.75
2615.33
2721.43
2377.04
2821.71
2751.91
2495.16
2654.46
2482.15
2615.38
2644.39
2497.69
2501.48
2852.41
2541.96
2719.15
2700.18
2849.32
2508.33
2687.01
2437.6
2591.78
2638.28
2655.88
2444.12
2539.17
2567.95
2678.01
2474.19
2486.25
2624.39
2463.95
2654.85
2752.64
2579.72
2667.34
2388.47
2653.55
2650.44
2500.22
2591.32
2647.82
2708.38
2698.01
2533.59
2510.57
2483.66
2563.5
2398.14
2678.93
2582.41
2626.95
2755.19
2733.07
2618.43
2785.97
2492.88
2640.22
2507.25
2603
2668.91
2677.97
2549.58
2359.92
2725.47
2513.79
2455.45
2830.06
2614.61
2670.64
2751.22
2600.42
2736.15
2570.59
2722.28
2359.15
2595.66
2527.44
2393.35
2565.27
2522.15
2466.8
2513.16
2492.53
2646.78
2727.06
2539.27
2718.43
2505.84
2455.38
2677.69
2594.17
2677.76
2446.35
2523.09
2542.35
2723.99
2566.83
2596.45
2596.31
2451.56
2650.51
2384.91
2451.56
2630.5
2645.13
2532.57
2693.44
2570.68
2758.9
2650.1
2528.61
2635.21
2776.21
2623.49
2849.8
2599.7
2512.03
2585.69
2753.27
2705.69
2489.59
2548.36
2550.2
2583.45
2487.63
2855.74
2570.63
2513.14
2468.71
2522.21
2516.77
2611.3
2463.17
2646.47
2531.57
2700.33
2523.08
2562.58
2514.69
2663.85
2717.06
2635.28
2511.7
2367.56
2436.93
2586.87
2562.18
2536.88
2538.18
2621.9
2744.39
2459.86
2592
2574.71
2581.76
2600.62
2645.14
2797.32
2414.05
2581.58
2516.79
2583.42
2560.37
2590.29
2613.69
2819.1
2646.48
2562.34
2467.6
2653.22
2616.14
2681.02
2769.99
2409.43
2533.65
2652.9
2542
2515.07
2614.76
2597.6
2540.37
2561.14
2612.36
2634.38
2625.28
2773.14
2651.57
2604.53
2466.13
2411.34
2433.34
2671.57
2599.82
2449.66
2487.45
2441.56
2395.54
2689.93
2704.62
2498.08
2555.08
2590.75
2636.93
2632.63
2630.4
2643.3
2547.76
2378.89
2623.9
2542.54
2609.05
2587.79
2677.64
2525.77
2733.96
2649.81
2594.89
2722.92
2593.57
2498.69
2685.01
2503.68
2559.14
2561.06
2667.88
2629.88
2773.35
2610.38
2518.24
2574.96
2625.79
2717.79
2625.29
2590.04
2597.26
2373.35
2622.6
2562.04
2570.42
2503.7
2634.78
2444.08
2540.06
2558.46
2528.05
2547.32
2658.17
2471.83
2488.89
2558.82
2537.1
2564.93
2471.04
2703.33
2647.53
2520.86
2549.73
2622.05
2659.35
2772.55
2459.22
2518.03
2592.04
2381.16
2516.98
2599.55
2519.83
2459.3
2623.85
2566.12
2575.56
2705.34
2570.14
2657.87
2756.07
2628.52
2450.46
2719.53
2502.03
2465.53
2636.38
2595.81
2627.76
2613.76
2602.41
2559.87
2626.8
2587.65
2507.73
2656.34
2671.79
2621.45
2631.4
2663.28
2513.8
2526.07
2658.57
2465.03
2597.84
2467.88
2509.95
2531.59
2687.21
2701.93
2625.01
2576.98
2733.42
2719.58
2620.61
2553.76
2531.13
2598.33
2694.37
2577.37
2587.19
2506.64
2525.18
2682.17
2633.65
2700.22
2693.35
2654.82
2548.64
2389.21
2738.02
2420.46
2606.36
2633.31
2483.91
2569.74
2652.2
2552.47
2449.07
2654.75
2627.25
2466.99
2495.32
2606.62
2667.33
2562.56
2607.63
2569.82
2522.49
2465.72
2728.92
2572.72
2612.87
2627.64
2568.34
2483.2
2440.9
2738.74
2528.55
2401.57
2723.91
2497.07
2664.17
2653.57
2693.09
2774.31
2541.59
2588.58
2678.26
2694.86
2791.15
2562.21
2537.95
2560.05
2554.42
2662.7
2716.31
2579.66
2573.04
2557.38
2434.47
2621.31
2388.58
2571.98
2471
2450.08
2729.78
2726.25
2439.43
2509.36
2747.29
2523.08
2463.77
2550.51
2630.54
2622.31
2696.68
2448.55
2720.23
2736.77
2626.49
2585.48
2732.24
2544.57
2429.13
2897.33
2646.59
2693.07
2393.65
2587.45
2533.46
2644.91
2533.48
2578.99
2608.07
2674.07
2744.31
2463.35
2694.91
2583.73
2572.26
2498.31
2611.63
2494.32
2568.83
2650.4
2677.52
2704.08
2542.89
2748.31
2606.79
2578.44
2623.34
2702.66
2606.72
2723.4
2595.3
2314.54
2572.88
2522.4
2612.09
2647.93
2603.21
2513.39
2738.35
2621.11
2465.52
2534.45
2586.26
2590.5
2694.35
2545.53
2649.54
2509.52
2520.41
2588.51
2805.5
2664.14
2391.97
2429.36
2602.02
2725.03
2665.08
2646.69
2645.77
2707.3
2510.94
2645.21
2570.7
2594.6
2440.53
2544.17
2609.89
2362.93
2555.67
2766.78
2391.72
2535.24
2619.59
2616.81
2727.74
2454.12
2520.42
2722.05
2584.63
2539.51
2615.75
2672.85
2589.11
2611.64
2588.86
2573.91
2500.7
2664.01
2482.65
2782.79
2651.1
2566.26
2470.26
2402.06
2669.28
2738.37
2416.01
2600.64
2680.82
2566.52
2629
2583.08
2600.92
2612.45
2546.32
2583.73
2658.75
2558.26
2435.55
2743.15
2477.41
2600.8
2432.05
2776.35
2734.67
2416.74
2501.09
2437.27
2586.73
2515.44
2532.48
2543.22
2685.75
2579.02
2764.36
2778.2
2527.94
2815.51
2713.07
2562.86
2730.16
2732.42
2529.82
2565.35
2472.73
2478.74
2590.2
2744.41
2701.97
2475.88
2357.55
2627.04
2647.37
2568.29
2507.53
2717.29
2415.76
2558
2449.29
2788.38
2492.46
2609.13
2626.11
2593.45
2674.34
2566.52
2579.78
2560.97
2442.56
2744.25
2562.1
2707.29
2500.48
2602.01
2713.89
2571.55
2685.12
2485.14
2551.07
2438.09
2561.53
2713.25
2638.29
2502.4
2650.02
2622.67
2885.14
2715.58
2487.58
2547.38
2555.75
2528.24
2623.22
2609.72
2571.76
2357.39
2617
2591.55
2471.95
2679.65
2677.34
2425.56
2575.22
2685.26
2586.42
2476.72
2551.43
2551
2645.28
2721.75
2697.43
2533.97
2502.07
2465.46
2546.83
2543.48
2540.71
2554.76
2722.39
2460.76
2584.86
2707.37
2607.2
2652.29
2575.74
2615.68
2661.93
2552.82
2511.71
2706.54
2482.62
2561.34
2601.14
2591.22
2506.03
2502.93
2649.76
2658.53
2647.89
2667.77
2597.4
2788.71
2568.13
2514.34
2530.96
2741.07
2691.75
2462.96
2506.62
2509.93
2657.85
2558.85
2576.75
2806.49
2676.83
2661.02
2732.38
2541.68
2506.28
2567.42
2375.16
2519.89
2875.1
2639.71
2467.4
2638.08
2683.92
2648
2508.29
2547.87
2487.8
2592.7
2731.75
2666.44
2621.18
2532.17
2646.92
2701.33
2582.93
2548.35
2748.05
2376.15
2651.47
2522.55
2472.78
2616.45
2632.11
2571.63
2514.8
2696.05
2600.09
2554.16
2680.07
2522.79
2743.27
2659.24
2572.36
2653.46
2654.02
2615.06
2597.26
2482.42
2826.54
2427.42
2529.22
2527.85
2803.17
2702.22
2391.72
2605.77
2657
2494.55
2718.8
2662.25
2791.42
2593.25
2643.51
2402.2
2652.15
2601.24
2753.85
2740.3
2806.47
2461.25
2609.51
2625.54
2596.36
2519.31
2488.91
2774.66
2453.85
2594.81
2618.7
2563.34
2720
2544.62
2640.73
2437.4
2417.77
2595.4
2528.86
2542.68
2520.63
2573.45
2628.71
2703.92
2641.67
2524.76
2637.66
2776.9
2533.96
2461.92
2544.41
2574.48
2582.11
2700.19
2601.49
2585.81
2420.21
2503.12
2665.74
2901.35
2764.73
2631.69
2566.08
2589.78
2642.42
2655.25
2655.97
2712.01
2554.02
2517.9
2497.64
2569.24
2603.47
2610
2659.15
2783.79
2490.61
2612.77
2519.12
2595
2866.32
2810.52
2606.11
2829.13
2655.36
2624.59
2742.43
2577.8
2505.21
2773.95
2656.13
2492.64
2517.75
2614.07
2556.73
2825.52
2582.87
2726.98
2453.22
2665.88
2614.22
2664.66
2631.24
2663.92
2736.38
2588.22
2403.13
2601.91
2803.52
2615.73
2572
2600.44
2847.1
2625.38
2629.36
2495.51
2498.48
2512.27
2465.8
2608.19
2557.71
2696.96
2517.05
2617.14
2610.18
2512.19
2543.11
2859.36
2681.3
2678.43
2464.67
2733.29
2788.75
2639.24
2584.67
2669.15
2724.92
2600.21
2629.11
2581.83
2567.86
2481.38
2441.26
2640.12
2441.04
2666.15
2746.9
2616.66
2523.08
2697.19
2729.42
2389.5
2680.19
2744.42
2624.25
2661.62
2496.52
2700.73
2621.19
2500.5
2565.4
2650.25
2371.29
2372
2446.88
2634.71
2640.29
2597.29
2550.14
2518.52
2614.71
2763.92
2691.36
2591.14
2654.46
2635.13
2436.49
2600.43
2491.31
2581.34
2618.19
2567.56
2623.2
2624.69
2503.32
2503.49
2563.63
2586.99
2267.66
2622.78
2710.08
2767.84
2708.31
2682.14
2706.71
2512.45
2759.68
2477.24
2723.02
2492.49
2565.91
2654.26
2573.22
2659.35
2669.3
2691.86
2545.46
2956.09
2525.68
2626.53
2650.7
2608.62
2510.79
2570.75
2740.07
2463.44
2574.05
2745.06
2581.1
2628.82
2512.47
2670.63
2486.17
2774.81
2667.9
2636.26
2511.83
2534.68
2651.08
2500.59
2670.26
2674.89
2692.06
2574.04
2605.28
2473.53
2715.21
2622.76
2515.91
2771.18
2455.29
2610.16
2746.05
2423.16
2549.37
2634.69
2559.88
2601.63
2511.82
2484.75
2711.48
2832.78
2556.1
2447.2
2594.8
2543.83
2662.9
2657.29
2694.21
2584.81
2457.2
2553.35
2479.96
2490.52
2728.96
2593.56
2791
2591.05
2647.3
2559.58
2463.79
2574.61
2630.14
2712.64
2668
2601.79
2553.46
2462.11
2723.72
2698.51
2778.89
2671.84
2555.34
2613.01
2633.13
2516.18
2648.26
2674.6
2636.71
2445.83
2572.97
2575.36
2583.78
2700.16
2539.3
2643.85
2497.86
2634.49
2486.83
2639.67
2378.25
2621.91
2736.11
2532.52
2458.52
2755.5
2697.6
2472.25
2485.85
2678.2
2423.17
2850.06
2699.22
2799.61
2402.89
2507.15
2530.99
2586.34
2503.82
2647.83
2497.68
2726.77
2727.77
2619.8
2564.78
2351.41
2615.78
2764.56
2445.06
2499.32
2511.92
2409.28
2701.45
2561.84
2370.32
2718.4
2507.52
2631.98
2424.31
2461.01
2412.61
2891.22
2558.42
2375.68
2722.2
2477.95
2359.74
2546.87
2729.21
2580.11
2614.18
2626.42
2443.4
2691.52
2580.76
2705.54
2477.23
2484.71
2484.97
2703.28
2781.04
2620.47
2530.9
2488.18
2564.34
2612.99
2474.43
2407.36
2615.91
2678.31
2566.84
2506.98
2557.52
2610.61
2623.53
2753.46
2522.3
2545.74
2726.21
2657.9
2603.32
2608.05
2516.52
2610.68
2673.62
2605.66
2710.02
2531.15
2469.3
2479.61
2650.89
2644.44
2702.11
2428.17
2582.16
2599.6
2501.31
2534.97
2510.41
2626.98
2744.71
2488.61
2615.54
2650.47
2826.39
2697.02
2541.88
2564.17
2609.24
2691.65
2692.51
2703.96
2445.76
2483.83
2501.71
2533.35
2689.4
2686.55
2647.33
2639.04
2771.19
2758.83
2519.53
2642.94
2712.72
2496.45
2669.19
2586.36
2380.8
2700.75
2517.18
2499.3
2505.51
2535.46
2606.4
2693.46
2533.02
2587.94
2470.35
2660.81
2540.09
2562.91
2555.98
2662.28
2629.42
2757.31
2504.35
2533.07
2688.82
2554.98
2448.19
2557.37
2801.67
2475.69
2516.82
2585.27
2686.06
2662.8
2617.99
2617.41
2627.3
2645.82
2410.19
2572.28
2689.66
2682.99
2443.09
2618.12
2568.86
2462.46
2452.1
2402.19
2728.36
2630.24
2461.68
2766.68
2543.61
2680.3
2493.25
2609.65
2530.52
2566.24
2446.92
2701.18
2548.22
2530.15
2642.77
2705.44
2574.86
2388.08
2496.65
2656.36
2621.04
2475.02
2583.46
2396.12
2590.65
2472.37
2596.94
2507.8
2638.25
2478.43
2560.42
2620.3
2550.98
2625.4
2583.59
2613.49
2361.9
2622.9
2573.87
2658.84
2581.66
2555.53
2734.78
2523
2461.8
2727.77
2522.81
2513.79
2508.52
2644.7
2713.92
2637.13
2737.89
2522.81
2655.02
2576.67
2601.94
2428.26
2766.5
2585.13
2652.17
2551.46
2504.49
2528.59
2744.41
2671.24
2550.07
2520.73
2535.68
2671.01
2523.02
2732.06
2556.57
2428.54
2601.17
2617.03
2617.74
2697.05
2539.93
2491.77
2621.15
2530.88
2736.3
2785.75
2647.69
2564.35
2468.27
2739.21
2824.42
2745.46
2450.35
2649.96
2405.34
2554.61
2610.38
2622.17
2490.68
2650.82
2732.48
2635.19
2584.44
2631.24
2517.68
2636.91
2493.18
2678.03
2851.94
2689.76
2832.44
2601.54
2612.74
2707.75
2373.82
2610.07
2492.46
2473.43
2436.79
2575.84
2783.69
2609.82
2634.47
2564.46
2405.5
2539.43
2612.59
2643.16
2523.39
2447.33
2470.7
2636.09
2660.1
2770.58
2747.19
2666.81
2633.59
2587.41
2452.2
2695.81
2543.75
2540.76
2878.39
2543.33
2577.56
2768.61
2575.68
2509.18
2575.3
2584.11
2531.29
2724.78
2519.05
2540.34
2597.64
2663.71
2583.65
2530.15
2485.58
2581.07
2467.6
2560.29
2426.55
2456.3
2605.93
2589.32
2690.51
2495.75
2657.75
2538.98
2763.16
2611.19
2485.96
2663.18
2479.9
2452.99
2686.99
2694.88
2560
2797.06
2530.68
2618.95
2524.29
2492.79
2629.29
2590.56
2643.33
2715.73
2649.77
2719.04
2607.22
2639.39
2654.69
2487.24
2839.07
2589.15
2546.79
2620.94
2560.4
2595.84
2580.48
2735.09
2783.2
2540.17
2556.51
2845.41
2679.96
2656.73
2654.94
2682.49
2580.77
2677.36
2558.04
2791.44
2583.44
2806.01
2526.47
2477.43
2451.27
2602.24
2596.41
2792.02
2632.75
2579.1
2498.65
2454.63
2541.59
2439.09
2567.46
2347.19
2855.27
2467.11
2514.05
2601.02
2725.95
2783.39
2482.91
2666.52
2705.22
2629.7
2620.61
2465.42
2729.5
2474.16
2554.75
2548.4
2741.97
2725.41
2791.98
2560.85
2588.85
2414.38
2607.34
2533.34
2602.92
2501.15
2545.74
2495.24
2523.28
2673.01
2754.66
2748.31
2525.14
2553.49
2532.83
2618.41
2644.88
2546.8
2343.85
2610.63
2643.99
2758.53
2784.64
2579.14
2613.57
2540.97
2633.82
2538.3
2625.7
2508.36
2539.1
2658.09
2580.42
2520.97
2726.71
2603.6
2869.82
2584.24
2607.39
2596.94
2720.84
2502.46
2715.49
2534.93
2598.37
2562.86
2652.15
2624.71
2440.35
2692.89
2585.34
2511.8
2787.58
2543.03
2484.87
2889.79
2471.29
2639.83
2521.58
2556.7
2576.8
2569.41
2656.44
2559.39
2692.76
2647.82
2756.52
2541.48
2660.96
2432.52
2636.51
2545.84
2729.03
2407.57
2301.53
2504.22
2732.6
2431.74
2865.22
2456.08
2624.87
2437.37
2640.87
2686.77
2649.63
2651.65
2537.26
2462.55
2652.92
2593.21
2513.67
2755.02
2420.79
2562.35
2609.05
2609.58
2617.29
2610
2558.22
2487.62
2635.33
2661.18
2657.3
2400.03
2240.23
2598.15
2501.38
2582.83
2542.57
2346.35
2523.98
2685.7
2655.62
2500.35
2760.64
2693.03
2773.04
2584.92
2759.09
2414.57
2524.88
2580.25
2503.67
2584.71
2600.02
2625.55
2530.49
2619.08
2634.91
2682.23
2623.03
2692.33
2536.91
2540.56
2601.49
2629.4
2507.71
2467.07
2534.64
2581.69
2528.99
2553.7
2580.01
2743.26
2549.04
2558.04
2598.6
2730.65
2540.06
2757.4
2618.75
2549.9
2637.01
2446.05
2473.43
2637.32
2648.4
2660.05
2680.11
2443.82
2669.75
2626.96
2710.4
2558.78
2605.91
2590.48
2562.94
2560.58
2477.53
2814.92
2462.62
2439.59
2690.98
2699.96
2552.36
2631.89
2350.94
2560.66
2746.58
2574.86
2739.67
2585.95
2644.93
2522.84
2761.58
2656.7
2686.84
2619.93
2522.58
2688.83
2616.36
2552.43
2485.29
2555.13
2520.3
2805.68
2624.19
2574.65
2639.8
2695.92
2628.68
2615.86
2564.76
2557.3
2453.64
2617.06
2442.08
2626.32
2669.27
2544.77
2512.48
2681.27
2661.35
2602.98
2609.79
2664.48
2514.28
2661.7
2732.93
2849.48
2447.1
2649.03
2715.28
2553.6
2670.03
2488.12
2493.1
2551.87
2657.13
2539.63
2584.44
2751.52
2639.26
2640.68
2543.56
2528.27
2645.74
2586.63
2683.66
2459.28
2444.53
2485.15
2762.33
2502.93
2690.16
2692.73
2596.61
2514.13
2642.65
2402.7
2662.33
2691.94
2549.41
2605.69
2559.89
2622.74
2650.66
2743.17
2645.27
2601.04
2558.21
2783.01
2833.83
2574.13
2627.47
2743.9
2619.63
2559.29
2593.73
2468.1
2745.75
2603.97
2588.56
2648.25
2641.85
2654.55
2456.67
2497.78
2470.88
2393.84
2627.23
2508.72
2616.25
2701.27
2603.23
2556.2
2494.67
2658.27
2565.12
2802.02
2429.26
2572.34
2644.09
2758.07
2845.1
2562.35
2648.56
2649.91
2603.74
2475.91
2597.29
2551.44
2580.27
2579.07
2640.71
2605.91
2446.31
2742.4
2620.85
2687.2
2422.17
2651.23
2609.1
2594.29
2404.33
2722.32
2725.1
2613.26
2507.42
2657.59
2697.04
2637.35
2493.25
2470.4
2641.34
2694.65
2603.68
2727.17
2568.09
2679.51
2542.29
2724.98
2485.96
2727.38
2623.28
2620.67
2621.89
2420.44
2558.91
2540.16
2600.02
2637.2
2507.16
2705
2832.68
2693.85
2663.37
2700.08
2432.42
2671.38
2544.02
2603.92
2386.52
2644.47
2591.6
2637.2
2615.32
2626.51
2844.14
2480.72
2431.03
2483.87
2632.95
2693.43
2523.43
2507.9
2745.58
2476.77
2627.66
2557.65
2615.19
2836.05
2700.48
2485.08
2517.38
2622.06
2510.79
2500.28
2330.41
2586.13
2642.05
2475.79
2695.11
2463.95
2436.46
2650.88
2411.18
2584.84
2753.52
2797.91
2449.4
2450.16
2468.15
2757.47
2606.12
2689.28
2625.03
2477.57
2676.37
2692.77
2552.83
2495.67
2790.9
2588.35
2692.49
2419.98
2613.78
2549.76
2561.02
2504.39
2526.78
2596.78
2597.13
2546.14
2891.54
2703.23
2687.14
2584.52
2679.75
2549.78
2526.45
2530.26
2745.71
2694.49
2566.97
2584.08
2672.88
2544.77
2629.98
2600.41
2477.97
2529.68
2542.33
2629.42
2702.28
2476.44
2483.38
2613.49
2405.71
2495.85
2572.72
2533.67
2888.63
2540.31
2418.46
2692.77
2680.24
2574.75
2352.9
2484.63
2511.56
2755.35
2647.3
2850.95
2571.29
2729.83
2511.63
2360.65
2555.19
2516.75
2728.94
2573.71
2553.72
2675.33
2606.4
2585.44
2849.17
2531.97
2543.03
2698.5
2673.96
2410.25
2615.76
2681.97
2793.71
2496.51
2612.59
2676.68
2512.79
2571.67
2567.65
2616.06
2634.4
2733.04
2585.93
2556.92
2744.46
2545.42
2813.58
2609.14
2564.79
2517.05
2578.58
2581.76
2671.27
2597.86
2673.3
2509.05
2632.84
2668.27
2526.91
2601.89
2555.79
2529.1
2738.78
2541.43
2639.92
2560.31
2607.2
2680.77
2619.89
2692.52
2532.48
2665.53
2665.42
2456.21
2485.94
2569.93
2628.72
2571.58
2697.75
2552.39
2555.45
2573.28
2442.59
2504.14
2709.05
2681.02
2407.38
2630.32
2673.72
2407.9
2458.9
2539.64
2739.35
2545.93
2651.85
2622.89
2610.28
2599.32
2544.05
2479.55
2498.41
2601.8
2459.78
2424.28
2523.18
2464.45
2649.65
2561.14
2551.93
2621.81
2581.28
2514.77
2558.27
2685.76
2606.3
2365.76
2656.22
2713.75
2519.39
2629.72
2632.63
2537.63
2614.83
2614.88
2559.82
2429.62
2714.93
2641.38
2747.2
2647.39
2675.84
2690.69
2649.24
2653.27
2574.61
2425.55
2832.65
2553.64
2663.52
2637.17
2720.92
2622.52
2793.34
2738.76
2495.94
2628.86
2570.14
2595.93
2727.62
2494.24
2789.87
2727.98
2544.64
2530.63
2479.15
2565.92
2510.69
2677.45
2571.29
2510.43
2610.28
2716.03
2540.26
2568.95
2713.92
2718.89
2443.89
2550.57
2676.22
2484.47
2732.3
2578.01
2768.4
2613.92
2679.5
2645.41
2432.72
2770.31
2717.84
2562.13
2567.42
2490.9
2717.68
2598.67
2579.09
2831.44
2555.45
2574.46
2427.02
2646.89
2663.63
2501.41
2439.91
2597.3
2525.87
2741.58
2637.32
2652.84
2496.81
2610.53
2580.74
2695.71
2414.12
2658.66
2845.35
2458.21
2485.86
2700.17
2503.6
2571.64
2752.12
2658.85
2524.57
2510.71
2547.29
2612.86
2484.85
2641.91
2654.48
2663.23
2724.79
2616.88
2495.64
2772.01
2397.93
2624.66
2529.91
2774.75
2633.54
2536.43
2771.02
2461.39
2723.16
2596.22
2671.47
2732.12
2577.58
2443.27
2497.1
2536.23
2511.31
2593.81
2456.3
2714.34
2545.27
2845.62
2534.63
2380.29
2491.06
2755.7
2531.02
2553.86
2661.26
2776.89
2605.64
2510.38
2671.37
2677.24
2810.38
2587.74
2471.37
2518.13
2708.84
2589.56
2736.33
2674.91
2816.9
2637.96
2464.21
2565.86
2752.15
2500.74
2649.26
2513.5
2627.95
2542.25
2632.86
2514.44
2409.64
2646.68
2566.91
2394.87
2712.21
2505.72
2539.51
2215.72
2497.79
2816.89
2615.33
2645.69
2355.25
2387.52
2631.75
2639.38
2470.15
2649.6
2548.03
2674.48
2555
2742.4
2651.6
2337.56
2470.44
2481.55
2709.38
2375.94
2602.15
2620
2715.86
2708.65
2529.47
2467.17
2546
2644.53
2543.07
2530.94
2520.63
2535
2700.18
2742.29
2629.71
2460.76
2485.31
2635.78
2556.28
2537.92
2651.08
2564.3
2601.09
2587.92
2604.92
2552.52
2658.57
2671.89
2552.29
2476.5
2532.5
2599.36
2654.63
2664.36
2673.42
2647.67
2572.73
2775.46
2623.12
2539.11
2820.24
2539.01
2518.49
2589.49
2323.07
2572.13
2778.28
2631.84
2608.11
2764.18
2664.76
2592.49
2671.24
2734.17
2602.53
2495.13
2517.19
2653
2489.45
2550.3
2389.92
2498.68
2435.46
2569.04
2707.87
2603.26
2437.98
2600.19
2395.29
2643.21
2591.58
2514.73
2696.14
2476.44
2650.17
2633.14
2662.61
2584.69
2632.83
2573.66
2639.51
2776.42
2798.6
2597.42
2489.16
2572.05
2505.21
2626.46
2637.91
2603.1
2695.14
2552.58
2619.15
2596.89
2769.84
2751.77
2583.75
2627.89
2599.62
2599.55
2522.24
2713.83
2804.25
2827.62
2656.12
2823.76
2526.83
2697.63
2658.25
2664.17
2586.59
2564.55
2707.82
2559.13
2594.43
2498.89
2716.93
2665.34
2605.45
2545.62
2649.19
2701.71
2596.3
2342.25
2740.77
2566.78
2778.41
2603.35
2654.85
2702.36
2622.2
2898.83
2474.2
2511
2634.58
2677.78
2504.75
2700.04
2774.39
2549.25
2620.61
2581.62
2924.42
2384.33
2611.62
2671.46
2646.74
2564.65
2617.88
2577.69
2642.44
2621.53
2674.56
2697.87
2452.52
2710.9
2544.76
2569.16
2495.79
2645.57
2871.67
2516.88
2481.16
2587.04
2608.2
2685.44
2476.65
2602.93
2503.03
2570.41
2540.51
2469.12
2563.06
2255.09
2576.16
2496.69
2569.8
2580.15
2543.81
2736.41
2657.27
2971.79
2631.03
2687.34
2665.91
2767.04
2662.27
2623.31
2607.46
2550.54
2697.11
2524.5
2493.08
2416.46
2586.96
2582.05
2493.2
2665.51
2779.21
2648.3
2537.72
2528.61
2458.66
2614.79
2554.43
2498.79
2717.98
2609.78
2523.46
2791.7
2512.31
2562.39
2579.05
2664.65
2674.38
2518.68
2757.26
2649.05
2472.87
2630.12
2630.83
2584.71
2544.74
2669.12
2665.14
2722.49
2619.75
2675.8
2607.69
2674.65
2589.84
2528.26
2635.32
2595.13
2533.21
2717.88
2584.57
2635.92
2665.3
2501.58
2671.07
2674.13
2646.99
2466.48
2502.63
2685.39
2597.78
2653.31
2535.65
2626.08
2392.66
2581.81
2843.22
2245.82
2584.97
2705.98
2786.39
2551.39
2539.26
2660.88
2358.1
2604.16
2428.61
2641.73
2962.44
2659.18
2674.63
2393.62
2673.13
2764.79
2690.34
2763.33
2659.04
2490.74
2466.05
2390.93
2635.82
2650.51
2417.63
2444.67
2463.32
2642.62
2655.55
2557.14
2689.64
2629.55
2768.2
2879.49
2677.18
2708.03
2530.94
2393.88
2806.61
2403.35
2588.84
2588.45
2572.64
2706.29
2730.2
2619.21
2767.67
2444.87
2588.04
2593.95
2427.98
2646.31
2595.28
2727.4
2656.27
2468.6
2654.81
2611.74
2610.59
2590.13
2618.85
2500.13
2471.53
2639.88
2671.01
2511.14
2570.01
2480.47
2531.99
2582.07
2648.66
2542.35
2585.45
2569
2414.92
2770.49
2759.13
2713.11
2617.85
2519.82
2667.04
2660.39
2570.62
2582.88
2635.73
2646.59
2608
2608.77
2534.12
2643.8
2522.46
2465.55
2562.83
2727.68
2635.15
2608.49
2478.36
2637.42
2405.85
2729.53
2734.68
2474.94
2470.87
2625.8
2619.33
2692
2529.07
2493.77
2698.26
2436.42
2732.45
2606.01
2575.64
2512.62
2664.13
2488.29
2587.53
2608.14
2569.08
2627.87
2705.23
2636.66
2600.91
2594.1
2558.95
2849.01
2554.1
2578.38
2451.09
2739.05
2551.52
2760.22
2529.95
2629.87
2680.7
2625.07
2733.73
2720.42
2708.08
2647.7
2560.45
2593.56
2444.61
2587.36
2898.47
2535.36
2752.94
2516.4
2493.95
2502.24
2749.11
2856.01
2717.82
2470.31
2411.97
2624.04
2829.22
2729.01
2669.8
2584.07
2626.42
2469.16
2516.16
2661.55
2548.31
2625.43
2734.37
2744.87
2655.35
2569.85
2645.09
2551.63
2618.48
2782.31
2562.87
2611.78
2603.84
2563.87
2857.94
2552.71
2441.87
2625.92
2544.6
2746.55
2684.33
2551.02
2643.58
2597.01
2686.25
2529.07
2744.21
2561.7
2572.58
2595.21
2637.67
2469.12
2564.59
2583.12
2668.5
2472.35
2604.89
2496.45
2530.55
2598.92
2783.08
2620
2859.74
2531.2
2545.14
2570.2
2691.81
2461.79
2531.99
2596.61
2716.17
2523.74
2594.64
2473.79
2650.81
2579.84
2615.75
2618.64
2660.6
2647.23
2516.44
2765.3
2573.36
2636.83
2614.01
2642.85
2811.19
2430.68
2567.1
2534.77
2746.65
2501.24
2507.25
2410.58
2533.91
2462.61
2677.04
2684.04
2673.64
2689.11
2469.65
2604.99
2534.74
2673.65
2701.87
2705.59
2386.49
2488.14
2764.12
2532.66
2589.38
2651.47
2251.11
2514.56
2696.62
2612.5
2545.32
2595.22
2530.67
2581.44
2543.36
2631.75
2665.38
2546.42
2608.05
2654.87
2705.53
2644.47
2607.03
2559.07
2623.8
2705.73
2551.86
2666.83
2647.83
2768.06
2524.02
2476.84
2715.88
2535.39
2451.64
2717.95
2639.65
2461.95
2583.62
2435.49
2585.49
2719.33
2535.59
2687.29
2346
2542.68
2658.45
2371.77
2798.61
2594.67
2704.49
2812.72
2690.35
2649.42
2476.89
2491.28
2536.25
2237.6
2682.99
2547.53
2790.49
2550.45
2574.13
2627.63
2771.25
2711.1
2642.57
2586.54
2664.78
2602.91
2696.15
2583.44
2160.52
2639.15
2758.34
2576.24
2576.95
2548.7
2655.91
2508.77
2764.62
2505.41
2673.22
2695.45
2890.99
2553.49
2458.22
2591.62
2554.54
2657.26
2793.99
2605.93
2536.17
2562.46
2708.73
2370.17
2755.91
2744.08
2574.64
2772.58
2648.58
2627.42
2632.92
2760.47
2479.38
2673.54
2685.31
2707.14
2533.15
2620.65
2614.09
2589.38
2567.95
2665.19
2558.23
2779.43
2662.3
2637.7
2389.46
2611.31
2672.38
2882.89
2437.41
2600.5
2583.18
2596.95
2603.38
2641.01
2492.6
2847.58
2725.19
2597.83
2504.77
2620.21
2696.88
2747.51
2502.33
2514.24
2695.03
2693.17
2575.28
2588.38
2545.28
2551.3
2599.47
2599.14
2565.29
2553.8
2641.74
2492.59
2533.67
2635.28
2734.47
2364.54
2618.91
2497.34
2691.4
2785.55
2481.06
2672.77
2580.62
2619.54
2500.54
2550.95
2694.08
2715.52
2792.59
2582.91
2582.2
2455.69
2528.42
2529.03
2654.56
2491.39
2611.67
2613.27
2603.36
2693.35
2560.77
2439.65
2687.01
2692.97
2710.77
2482.95
2617.67
2763.17
2817.3
2531.99
2813.94
2742.94
2439.42
2528.95
2484.59
2534.35
2661.47
2522.11
2643.4
2789.18
2515.18
2646.58
2658.16
2547.97
2636.59
2477.34
2679.15
2704.59
2473.69
2608.54
2465.48
2583.33
2573.56
2634.33
2498.23
2572.73
2679.22
2505.75
2693.7
2474.52
2514.53
2678.26
2814.48
2700.73
2746.83
2600.39
2566.74
2401.23
2484.99
2600.01
2745.02
2439.19
2503.74
2566.83
2700.66
2596.21
2662.28
2486.94
2572.6
2566.44
2841.77
2682.73
2610.08
2567.97
2548.56
2648
2604.8
2625.78
2629.97
2624.65
2657.36
2683.32
2703.82
2328.73
2794.05
2435.53
2703.39
2800.35
2536.53
2605.21
2752.27
2600.69
2443.33
2535.76
2537.63
2757.13
2589.95
2487.47
2494.79
2709.85
2653.71
2457.51
2656.78
2534.8
2602.24
2632.74
2562.52
2573.09
2427.57
2658.07
2703.95
2373.34
2519.14
2645.7
2760.8
2701.81
2569.92
2731.51
2519.22
2627.25
2561.86
2580.29
2739.6
2672.89
2681.21
2457.66
2718.22
2561.88
2467.57
2655.7
2595.18
2455.51
2529.42
2867.95
2610.63
2622.93
2650.52
2445.7
2466.93
2602.17
2490.6
2648.7
2656.44
2409.2
2504.51
2692.35
2417.73
2679.57
2317.92
2722.69
2681.65
2502.65
2525.39
2562.36
2742.53
2551.38
2453.59
2598.98
2553.76
2589.09
2605.61
2587.19
2697.23
2582.2
2657.08
2734.28
2701.05
2754.17
2579.14
2669.04
2467.73
2548.6
2567.18
2423.42
2730.25
2724.87
2639.53
2616.23
2653.65
2638.87
2509.55
2765.26
2683.93
2674.33
2513.31
2656.34
2477.6
2753.12
2627.44
2361.44
2637.43
2822.32
2441.66
2611.11
2586.11
2566.81
2706.29
2694.63
2530.27
2513.63
2614.2
2537.67
2407.64
2481.68
2360.79
2745.82
2452.17
2362.59
2559.18
2843.47
2516.79
2755.28
2661.59
2662.45
2552.43
2652.83
2479.13
2724.57
2541.75
2726.87
2515.77
2583.6
2710.84
2817.02
2447.39
2507.6
2665.18
2504.26
2740.39
2399.51
2545.73
2412.4
2722.75
2688.89
2737.93
2811.98
2465.66
2632.87
2496
2572.78
2474.76
2605.35
2513.89
2493.66
2503.55
2741.56
2633.47
2539.32
2590.58
2628.84
2471.62
2763.86
2637.05
2396.04
2615.3
2511.72
2526.65
2552.2
2753.65
2729.92
2609.91
2577.93
2558.04
2689.44
2596.05
2552.54
2800.9
2743.22
2697.11
2541.58
2496.53
2481.56
2684.07
2757.4
2660.13
2421.83
2562.44
2656.8
2595.1
2862.62
2412.77
2576.37
2652.3
2483.12
2552.82
2690.55
2702.66
2588.86
2614.64
2611.46
2486.87
2331.77
2529.95
2630.17
2582.57
2781.9
2506.97
2658.92
2583.09
2561.93
2453.27
2550.95
2751.24
2355.19
2439.26
2609.52
2482.79
2624.57
2678.51
2492.23
2510.75
2367.24
2537.44
2596.26
2433.82
2541.43
2552.13
2585.25
2643.11
2631.47
2707.98
2514.2
2578.06
2603.93
2497.46
2758.62
2545.75
2857.95
2845.78
2495.67
2494.29
2638.83
2600.31
2585.8
2539.71
2535.84
2549.29
2743.36
2490.1
2523.71
2670.14
2600.63
2584.08
2620.09
2901.01
2521.9
2475.76
2511.26
2771.73
2721.04
2524.53
2526.5
2467.6
2552.22
2634.74
2591.66
2678.46
2578.31
2691.92
2651.92
2797.46
2706.42
2747.66
2687.08
2487.87
2670.32
2631.22
2565.03
2755.19
2652.26
2483.22
2589.48
2540.71
2489.87
2500.38
2606.99
2475.01
2537.47
2647.96
2519.16
2522.18
2585.51
2607.87
2419.79
2539.52
2712.47
2682.63
2723.8
2619.2
2473.13
2654.35
2500.05
2545.34
2551.86
2462.4
2545.57
2564.75
2789.86
2623.32
2538.86
2702.39
2586
2517.42
2665.54
2707.45
2789.81
2696.08
2730.67
2630.86
2474.6
2717.97
2598.74
2535.32
2504.63
2699.82
2696.29
2861.68
2502.63
2535.4
2574.1
2694.59
2514.22
2529.46
2560.65
2638.25
2614.18
2675.39
2428.72
2745.05
2447.15
2484.2
2615.14
2722.97
2638.95
2616.26
2497.05
2558.67
2635.27
2534.32
2742.79
2372.31
2604.36
2580.35
2439.27
2615.87
2448.22
2497.97
2748.96
2497.72
2644.34
2691.11
2675.09
2668.83
2703.22
2346.59
2661.23
2667.68
2589.21
2890.67
2740.4
2300.46
2496.94
2523.68
2507.26
2792.12
2445.63
2779.87
2628.5
2495.04
2476.05
2618.15
2634.68
2665.45
2603.72
2576.69
2540.52
2660.24
2506.07
2669.03
2615.74
2584.27
2460.33
2447.79
2575.78
2582.72
2639.4
2517.58
2431.5
2482.66
2598.86
2795.41
2532.6
2573.11
2584.15
2550.6
2706.53
2603.53
2752.55
2679.18
2633.74
2495.42
2586.85
2628.96
2714.23
2612.45
2607.95
2472.57
2602.05
2386.98
2465.23
2544.09
2614.14
2477.25
2593.78
2512.48
2562.88
2622.2
2534.36
2731.69
2447.52
2406.22
2513.4
2599.09
2708.64
2548.97
2460.23
2712.9
2478.2
2735.49
2747.89
2485.98
2573.45
2592.13
2660.38
2552.26
2538.25
2592.36
2648.1
2560.74
2544.25
2700.57
2699.58
2604.93
2573.38
2623.95
2486.27
2325.22
2558.13
2550.2
2643.86
2554.84
2403.85
2530.47
2557.92
2675.86
2424.88
2590.17
2731.26
2678.19
2530.91
2634.58
2475.41
2550.03
2649.9
2725.6
2404.44
2670.42
2654.41
2675.78
2566.12
2399.57
2477.79
2485.71
2760.45
2605.18
2296
2627.17
2545
2743.65
2563.18
2578.53
2526.43
2540.46
2606.62
2636.37
2381.51
2649.85
2472.53
2598.7
2562.04
2548.8
2462.96
2660.44
2672.56
2520.69
2617.09
2444.13
2746.05
2485.64
2731.82
2594.02
2535.67
2638.7
2666.47
2577.02
2583.93
2504.92
2593.36
2559.99
2487.67
2601.73
2543.13
2554.08
2469
2622.97
2490.53
2546.97
2607.23
2493.97
2618.98
2739.52
2602.88
2725.1
2634.79
2627.51
2694.48
2543.89
2314.2
2794.44
2554.54
2589.4
2511.51
2676.07
2525.41
2505.05
2615.94
2622.52
2523.93
2696.86
2782.21
2556.98
2637.58
2519.25
2500.09
2690.32
2589.59
2565.05
2786.22
2859.54
2479.84
2525.3
2747.77
2764.09
2435.16
2628.12
2618.74
2533.71
2661.74
2734.25
2629.05
2562.56
2642.04
2376.61
2682.2
2699.63
2563.4
2655.05
2675.44
2428.27
2710.67
2502.45
2707.08
2619.09
2625.95
2674.42
2711.61
2532.62
2566.32
2623.37
2566.2
2832.2
2717.15
2700.13
2657.11
2392.49
2741.72
2606.81
2740.5
2611.09
2733.33
2581.63
2426.65
2461.71
2385.16
2786.85
2482.38
2586.03
2600.51
2588.88
2802.64
2710.91
2812.26
2851.18
2482.48
2539.86
2556.23
2687.67
2585.75
2536.41
2634.13
2588.26
2475.3
2355.47
2512.53
2676.48
2677.81
2535.28
2564.03
2654.97
2660.04
2575.65
2535.35
2705.73
2509.7
2542.3
2511.26
2414.24
2701.58
2552.69
2555.64
2598.02
2636.71
2572.49
2763.12
2497.99
2616.28
2641.17
2591.11
2608.51
2566.83
2594.5
2556.77
2595.09
2717.35
2538.49
2505.08
2513.23
2745.48
2627.82
2560.37
2572.67
2531.39
2525.24
2653.96
2496.2
2608.65
2457.76
2490.46
2670.02
2598.64
2638.1
2542.37
2608.97
2733.91
2772.53
2445.99
2560.87
2673.47
2623.89
2496.09
2492.98
2625.34
2684.5
2455.61
2669.77
2521.21
2478.84
2679.93
2608.85
2578.83
2556.47
2599.08
2671.49
2610.53
2697.23
2532.58
2560.49
2509.28
2825.82
2359.43
2443.88
2511.05
2721.19
2715.9
2590
2694.01
2525.91
2406.53
2544.34
2680.53
2737.49
2727.14
2720.32
2501.98
2585.84
2512.66
2614.05
2525.08
2502.11
2743.57
2766.88
2480.47
2586.08
2655.69
2456.63
2608.39
2680.67
2591.91
2713.21
2548.97
2534.46
2546.03
2287.04
2490.79
2538.38
2671.17
2669.74
2484.53
2492.21
2659.29
2599.45
2746.73
2615.15
2677.71
2488.1
2688.65
2634.65
2632.88
2708.04
2603.94
2586.76
2598.6
2584.31
2398.89
2610.12
2855.03
2517.22
2536.07
2676.04
2521.52
2672.88
2791.13
2370.57
2584.23
2663.59
2665.89
2679.77
2728.69
2506.11
2814.09
2646.72
2598.88
2602.37
2663.05
2697.33
2495.71
2572.58
2639.55
2547.65
2656.43
2610.5
2498.8
2535.6
2555.49
2643.31
2559.69
2727.29
2497.32
2640.92
2562.53
2627.14
2546.14
2608.19
2578.2
2469.73
2606.58
2657.34
2431.34
2635.79
2524.42
2641.09
2494.97
2561.97
2534.95
2643.79
2515.58
2779.62
2459.89
2879.71
2555.87
2664.2
2683.11
2596.16
2510.16
2575.07
2601.03
2705.9
2595.3
2609.95
2599.56
2511.39
2730.66
2722.2
2717.94
2729.28
2278.69
2617.18
2436.92
2434.52
2631.45
2622.04
2509.43
2484.13
2530.75
2398.5
2600.94
2499.34
2540.98
2618.31
2696.21
2504.34
2733.44
2487.02
2595.07
2635.72
2431.19
2526.2
2504.15
2554.99
2543.55
2422.38
2592.02
2435.39
2458.29
2611.86
2670.36
2626.63
2491.27
2630.8
2570.82
2628.26
2477.35
2606.65
2808.7
2524.43
2796.84
2780.79
2608.96
2758.97
2461.86
2579.88
2595.69
2711.84
2500.96
2695.61
2635.09
2581.58
2816.89
2488.37
2700.32
2628.05
2531.97
2581.73
2580.72
2625.88
2542.83
2508.08
2554.11
2476.07
2711.03
2617.4
2693.44
2704.49
2599.01
2500.03
2565.44
2593.4
2582.4
2616.48
2786.05
2508.67
2411.58
2687.62
2607.06
2558.21
2486.94
2572.45
2803.63
2486.83
2673.62
2481.37
2678.94
2660.66
2644.66
2421.42
2188.99
2483.27
2525.73
2496.79
2732.15
2478.48
2463.83
2475.35
2543.42
2608.99
2640.69
2588.4
2717.34
2684.68
2580
2640.21
2614.81
2413.34
2530.92
2800.95
2423.28
2356.04
2464.23
2528.33
2760.34
2470.26
2696.69
2513.4
2662.7
2547.57
2509.56
2734.3
2464.8
2639.03
2475.33
2548.38
2763.49
2765.97
2575.4
2596.05
2679.8
2691.42
2791.74
2511.57
2648.87
2559.31
2736.18
2641.64
2669.89
2500.41
2557.92
2669.65
2791.03
2630.69
2682.47
2754.68
2569.47
2518.01
2713.24
2547.29
2594.83
2580.42
2337.31
2720.82
2966.56
2715.56
2735.61
2583
2510.41
2681.15
2681.52
2556.14
2598.58
2516.78
2645.12
2680.63
2691.28
2660.61
2438.3
2530.21
2537.26
2439.04
2359.8
2620.08
2522.57
2549.18
2435.35
2519.53
2822.99
2658.95
2747.45
2532.66
2786.87
2593.2
2743.54
2572.59
2601.31
2646.65
2525.04
2547.22
2566.81
2739.67
2386.36
2652.5
2647.49
2492.31
2473.94
2426.68
2405.98
2607.66
2601.87
2600.55
2525.67
2547.79
2632.69
2757.84
2560.5
2502.43
2583.7
2405.44
2607.46
2659.93
2456.9
2606.69
2484.1
2481.84
2610.44
2441.48
2563.64
2826.91
2710.27
2580.81
2755.02
2680.19
2665.29
2659.74
2425.87
2567.83
2661.64
2511.9
2598.01
2593.01
2565.03
2792.64
2563.67
2611.28
2512.11
2590.76
2656.59
2630.6
2585.19
2617.53
2541.77
2774.31
2425.56
2464.68
2688.99
2658.74
2700.81
2605.62
2682.84
2612.92
2875.71
2395.8
2688.05
2534.8
2789.43
2467.16
2492.21
2672.63
2577.34
2704.31
2700.91
2601.06
2638.88
2668.55
2456.68
2568.46
2813.37
2785.29
2639.71
2360.59
2691.68
2509.24
2540.74
2697.01
2562.79
2687.07
2835.6
2500.32
2656.1
2730.13
2703.78
2471.72
2746.18
2495.5
2671.38
2721.75
2489.05
2465.47
2342.1
2641.06
2640.71
2527.74
2486.79
2363.22
2535.41
2696.2
2549.26
2807.24
2549.31
2523.75
2644.64
2659.82
2591.22
2551.99
2650.75
2475.19
2541.1
2599.08
2639.71
2533.3
2505.8
2673.59
2501.57
2546.43
2570.26
2766.03
2595.15
2473.07
2402.57
2649.36
2597.66
2485.42
2501.21
2539.73
2646.27
2495.39
2676.85
2493.6
2501.06
2523.43
2486.93
2594.42
2505.83
2683.83
2596.55
2692.85
2480.7
2423.02
2739.89
2720.64
2577.63
2660.16
2531.57
2591.75
2662.59
2548.46
2633.88
2531.72
2467.91
2524.58
2831.74
2580.37
2631.48
2607.81
2635.61
2536
2707.53
2610.31
2662.79
2603.04
2673.41
2834.04
2621.94
2591.12
2489.73
2549.7
2557.14
2560.64
2660.41
2579.49
2649.14
2426.2
2714.69
2686.02
2473.92
2506.55
2762.35
2647.4
2573.13
2624.51
2730.06
2657
2530.76
2558.14
2680.61
2557.12
2730.38
2476.31
2496.91
2594.42
2544.4
2578.15
2612.98
2787.08
2645.73
2534.71
2566.6
2625.19
2580.1
2474.01
2526
2707.16
2506.01
2696.24
2644.22
2412.46
2721.93
2441.13
2557.38
2682.25
2552.91
2492.43
2885.06
2310.94
2494.1
2697.71
2575.64
2366.78
2625.2
2705.27
2609.03
2655.64
2615.12
2353.58
2677.01
2697.02
2474.13
2482.46
2535.66
2465.65
2616.18
2573.76
2430.34
2671.66
2648.85
2380.12
2648.54
2644.86
2561.5
2673.53
2687.29
2620.93
2844.04
2700.2
2561.25
2615.84
2515.94
2678.18
2608.69
2729.78
2578.25
2522.61
2457.21
2539.01
2351.5
2309.07
2668.46
2636.67
2688.5
2924.46
2557.98
2466.72
2520.84
2609.03
2608.6
2452.38
2549.94
2611.09
2644.16
2485.39
2635.17
2568.87
2512.48
2593.95
2597.67
2757.33
2573.25
2407.32
2763.23
2742.72
2619.93
2576.34
2519.13
2778.34
2594.66
2533.04
2392.14
2435.53
2669.09
2618.9
2562
2501.81
2627.85
2511.94
2664.83
2580.67
2506.52
2614.67
2759.95
2496.79
2616.33
2539.87
2494.69
2387.55
2723.15
2527.16
2551.84
2536.04
2639.97
2832.82
2774.43
2405.76
2595.93
2419.33
2540.3
2599.35
2638.35
2556.81
2665.62
2729.53
2455.7
2483.23
2624.95
2764.93
2754.33
2472.26
2591.04
2474.94
2396.27
2681.04
2819.3
2539.86
2694.68
2736.36
2468.06
2627.86
2425.79
2760.53
2635.58
2559.44
2770.62
2674.45
2505.58
2444.2
2810.85
2708.17
2573.04
2583.84
2584.23
2583.79
2464.87
2603.95
2615.33
2716.95
2398.21
2449.27
2772.59
2596.77
2504.25
2648.58
2525.57
2784.59
2669.79
2540.23
2741.04
2461.5
2459.38
2568.05
2723.14
2468.09
2793.42
2566.07
2701.87
2711.13
2749.16
2640.43
2614.48
2772.32
2458.63
2607.55
2661.25
2636.8
2708.11
2392.28
2571.53
2543.58
2543.41
2698.88
2606.25
2538.45
2598.64
2548.15
2657.64
2607.67
2415.16
2612.99
2659.38
2633.13
2532.37
2627.61
2640.89
2612.73
2558.38
2782.67
2418.49
2708.5
2445.94
2702.94
2525.73
2661.39
2707.95
2738.82
2621.36
2729.76
2434.47
2646.23
2468.85
2634.08
2468.89
2544.78
2476.65
2403.87
2547.29
2691.21
2689.54
2474.29
2566.64
2759.28
2572.13
2535.93
2744.22
2542.29
2721.44
2762.07
2597.5
2564.33
2589.15
2754.78
2577.44
2606.31
2595.19
2608.19
2595.84
2549.41
2599.99
2645.26
2609.74
2500.28
2672.98
2583.2
2748.1
2495.54
2493.32
2759.76
2438.1
2511.13
2542.33
2739.29
2721.24
2799.51
2500.23
2479.01
2595.3
2497.53
2641.23
2658.97
2565.81
2627.82
2312.56
2689.05
2555.84
2513.32
2675.62
2546.17
2559.86
2464.07
2506.53
2576.27
2683.26
2654.86
2503.71
2397.53
2457.53
2677.14
2754.57
2488.58
2610.22
2495.06
2470.86
2545.61
2576.67
2701.15
2706.7
2380.24
2446.07
2452.33
2615.87
2480.82
2455.2
2647.43
2514.22
2669.68
2777.59
2438
2646.29
2431.35
2506.85
2427.69
2522.33
2614.57
2507.25
2594.44
2599.07
2640.51
2474.31
2659.18
2645.41
2665.21
2628.46
2665.35
2544.74
2544.84
2723.59
2412.67
2452.11
2766.62
2465.01
2500.79
2496.43
2433.91
2686.36
2365.33
2707.6
2647.46
2867.83
2534.2
2775.5
2742.93
2687.02
2612.99
2702.25
2581.41
2650.19
2451.03
2601.56
2513.46
2582.26
2531.57
2657.94
2622.23
2389.91
2647.31
2382.24
2484.58
2655.88
2521.61
2512.81
2694.97
2654.12
2638.16
2693.69
2639.2
2617.54
2484.53
2533.61
2625.42
2435.95
2666.13
2640
2701.65
2455.5
2571.32
2724.35
2696.53
2613.18
2526.36
2723
2597.29
2622.1
2785.18
2497.67
2618.93
2679.7
2442.17
2810.87
2604.55
2802.63
2574.41
2438.92
2605.21
2629.85
2682.72
2719.09
2639.42
2607.21
2539.4
2661.35
2713.73
2514.28
2466.91
2574.63
2571.51
2671.66
2746.34
2438.91
2603.3
2497.69
2819.69
2571.59
2664.18
2699.75
2694.88
2544.17
2626.16
2801.91
2493.77
2503
2665.44
2674.65
2640.43
2713.44
2494.36
2529.86
2639.2
2739.38
2676.72
2504.53
2438.82
2557.27
2694.22
2405.77
2769.1
2622.97
2410.78
2619.32
2729.15
2492.09
2439.22
2612.98
2678.52
2674.79
2647.35
2563.38
2471.74
2475.79
2712.6
2650.95
2461.69
2417.35
2471.35
2657.89
2489.18
2669.84
2710.85
2645.98
2482.03
2718.71
2349.69
2693.35
2493.34
2679.72
2558.1
2532.93
2522.47
2370.49
2619.21
2692.26
2778.27
2607.02
2630.41
2701.54
2745.33
2655.71
2847.5
2496.06
2655.35
2852.53
2622.03
2401.82
2699.48
2557
2587.66
2398.97
2683.41
2503.21
2461.77
2596.99
2513.84
2669.86
2618.59
2620.65
2691.34
2671.56
2448.53
2635.24
2480.19
2433.97
2589.95
2445.29
2513.79
