192.454
206.912
238.383
221.409
251.801
213.517
234.884
201.298
209.826
179.872
157.904
209.359
214.889
241.038
225.165
173.984
207.443
179.395
209.841
205.568
187.11
195.962
185.947
203.065
235.007
171.452
151.48
185.848
187.16
223.83
226.67
190.565
175.54
221.369
184.235
201.229
160.54
255.985
191.404
168.427
243.062
194.944
243.803
210.449
172.354
202.074
178.417
172.287
210.204
254.2
210.791
238.998
221.55
216.796
179.493
153.549
164.942
166.068
199.868
195.823
181.342
204.691
190.966
219.819
205.442
233.729
219.632
254.643
209.208
185.304
171.938
185.715
197.19
207.096
184.218
248.645
192.225
203.654
236.978
227.615
210.433
231.731
230.487
166.481
197.047
241.16
211.971
202.377
238.695
262.564
197.524
208.166
181.633
248.25
240.471
235.392
203.914
206.119
198.405
232
176.147
233.893
204.459
211.801
175.701
190.984
207.647
238.917
218.965
199.622
193.486
233.646
219.008
253.847
198.799
233.486
263.547
274.641
214.117
197.597
196.679
168.844
254.006
183.132
178.333
263.015
234.284
200.688
219.849
174.457
212.918
212.452
193.631
229.408
181.415
239.431
295.078
252.53
169.889
185.554
231.52
228.757
228.631
192.642
206.248
214.768
217.158
218.314
227.77
191.134
192.205
184.035
237.494
203.34
177.213
226.624
186.445
211.977
204.629
188.098
218.929
155.175
195.632
199.065
204.717
165.954
167.933
243.592
196.961
221.646
199.387
199.06
182.651
232.958
178.884
160.157
204.192
223.949
216.024
217.394
162.915
191.342
194.32
254.048
238.313
237.017
250.388
200.868
238.113
203.602
183.315
185.73
158.838
182.33
164.01
202.806
195.565
176.744
270.152
223.315
190.796
164.37
220.651
188.534
199.352
175.994
229.999
218.255
200.386
146.559
239.15
207.882
156.103
200.203
210.628
199.029
185.983
217.376
225.74
209.483
245.905
220.168
216.156
191.975
170.667
188.433
207.18
164.585
216.141
226.58
214.353
226.108
188.471
135.364
166.191
202.84
189.435
212.792
216.026
196.486
201.043
197.717
203.242
206.261
231.721
233.391
229.514
196.855
186.826
206.53
239.795
194.991
251.002
165.271
185.247
182.942
197.911
162.88
211.306
215.398
200.941
236.363
241.224
208.766
199.087
170.522
179.611
198.207
196.19
202.62
155.256
218.126
168.287
210.86
184.594
213.299
205.659
229.518
250.65
217.959
258.038
196.5
188.561
246.383
207.324
193.305
219.456
209.867
171.277
208.212
195.599
235.934
164.755
172.765
222.738
210.898
186.797
222.739
213.684
205.05
192.2
184.754
219.807
200.806
206.767
256.221
172.358
238.559
256.055
185.602
202.287
217.828
246.109
211.35
237.323
198.484
233.95
239.986
247.249
224.68
233.309
215.276
218.273
226.418
145.236
197.949
209.053
203.736
230.533
159.752
212.716
185.758
196.541
235.329
225.193
181.132
196.58
179.915
225.979
172.055
208.109
180.263
238.333
161.193
157.252
216.218
228.525
223.025
148.212
193.16
238.295
194.977
172.862
169.129
191.971
234.693
207.608
190.617
205.409
186.513
211.817
235.271
179.8
192.505
234.016
239.069
223.367
215.273
244.199
241.852
250.803
240.27
157.513
253.818
196.108
183.931
212.718
165.515
205.422
205.914
179.755
194.401
223.869
185.3
158.94
212.152
237.252
171.832
251.94
234.941
222.909
155.865
203.464
207.367
172.39
192.081
225.42
187.119
222.537
189.901
167.182
216.808
201.948
189.235
275.182
197.475
233.519
172.083
193.933
202.028
179.012
196.817
182.809
210.632
201.915
196.451
201.923
200.155
228.463
233.99
196.429
187.696
214.441
222.296
201.188
182.993
222.33
174.226
241.041
206.635
204.577
285.274
214.835
214.008
175.726
170.725
257.973
186.707
249.796
232.643
173.482
202.89
224.724
199.943
218.041
167.54
175.459
199.586
210.078
155.362
214.699
156.526
297.64
190.69
244.19
214.673
173.751
167.57
209.937
169.427
216.837
226.877
216.341
203.873
192
151.49
202.227
167.709
248.303
189.786
272.688
238.321
229.042
236.471
218.417
225.184
213.332
176.041
200.776
216.655
194.681
162.206
234.415
204.525
180.74
217.827
187.078
208.259
165.487
205.683
207.446
234.003
206.06
222.047
222.787
220.742
196.428
222.517
182.964
228.975
229.802
207.655
175.879
172.645
212.298
209.723
217.261
211.017
202.484
209.734
239.188
246.171
177.948
199.645
248.602
195.618
222.162
183.875
159.329
255.765
150.109
216.982
197.997
186.72
235.648
207.824
170.093
250.931
217.601
191.812
208.525
228.376
179.052
205.914
216.096
202.995
152.395
255.158
195.471
199.818
217.194
216.564
158.148
216.957
224.23
218.816
212.304
215.493
176.442
242.44
219.619
218.569
255.567
207.536
189.757
229.878
186.837
215.436
204.071
232.912
186.871
205.757
215.266
201.331
199.134
213.407
220.047
176.423
214.562
209.949
224.572
180.356
237.432
230.45
170.739
182.904
202.907
180.328
194.246
152.94
193.957
194.307
198.38
172.873
226.884
187.176
201.338
200.898
190.045
212.786
202.922
192.445
165.927
212.042
239.44
207.144
211.801
246.452
227.329
173.932
201.509
251.991
194.214
222.834
218.757
226.641
182.666
208.983
229.596
271.474
221.806
208.48
260.448
212.879
243.227
229.238
198.271
208.269
181.76
168.6
186.662
199.83
217.19
170.702
175.028
199.22
205.248
207.42
194.891
205.351
171.023
202.098
162.851
236.499
196.006
226.574
199.717
190.936
207.308
177.258
158.656
202.239
229.564
187.175
222.148
183.947
225.833
180.109
209.451
233.867
220.796
225.843
191.236
214.289
205.297
177.549
226.767
200.289
210.938
206.648
175.825
187.156
186.866
174.367
199.16
200.422
243.34
185.773
217.76
190.583
226.366
184.8
206.641
206.968
235.403
187.374
182.019
174.93
206.502
243.082
274.838
186.36
209.448
171.385
247.828
167.733
215.591
224.161
204.259
177.092
225.318
238.374
209.967
219.079
174.101
226.852
178.482
201.873
167.581
226.383
203.573
182.52
217.522
183.008
211.965
247.944
212.957
172.841
261.612
205.207
191.669
213.452
186.68
225.907
213.831
204.441
220.086
216.14
207.664
230.82
246.301
184.872
200.722
184.248
195.414
245.945
205.182
182.113
231.921
210.172
198.829
200.434
264.235
243.112
173.251
222.775
227.121
205.154
227.736
213.494
223.769
232.986
222.858
190.344
195.946
195.433
210.523
222.31
212.487
168.27
175.22
195.573
207.703
281.447
237.409
191.894
224.174
213.465
198.221
227.493
239.522
210.83
176.475
188.076
188.821
166.597
209.593
222.768
228.215
227.568
238.774
224.902
194.234
194.187
191.562
180.622
172.268
170.834
208.393
238.018
186.249
206.322
248.646
213.601
150.102
169.861
217.05
230.815
202.107
180.86
248.484
207.075
239.75
185.257
184.296
204.646
182.855
200.301
206.819
223.717
190.631
199.913
178.137
211.146
158.362
259.959
182.171
258.071
196.376
204.988
234.214
248.809
223.206
203.601
202.453
179.866
227.59
230.487
247.97
209.551
216.608
223.676
219.373
204.307
187.663
208.318
245.814
179.247
238.149
232.925
165.099
258.42
277.206
173.734
236.292
224.37
190.612
209.528
228.894
219.917
230.664
240.899
225.862
192.992
237.228
194.11
194.043
180.243
174.54
183.274
215.927
230.164
201.884
201.025
163.601
206.119
223.059
228.084
209.548
217.269
188.699
210.902
197.655
179.345
188.64
142.194
215.75
244.971
211.779
204.285
215.465
211.77
248.967
172.674
204.066
186.634
243.289
221.432
190.234
220.532
205.673
207.408
248.429
215.287
187.454
179.669
193.992
191.485
187.199
256.137
240.106
183.314
183.388
188.178
276.002
140.958
199.892
193.624
194.441
164.777
218.143
184.243
154.19
177.492
209.236
230.035
205.64
192.595
216.399
184.173
163.325
199.986
223.151
214.802
209.534
178.261
220.564
202.63
209.638
197.693
162.83
215.967
197.505
227.602
243.544
218.864
198.356
177.127
218.8
228.284
220.572
217.96
187.73
178.098
230.046
193.554
209.159
241.354
186.462
235.011
206.936
215.807
224.658
235.005
195.759
179.316
235.617
194.783
217.841
188.187
272.182
165.914
186.292
235.461
237.814
205.906
211.575
199.845
178.018
212.543
206.438
174.489
189.709
261.075
171.596
213.216
233.399
223.042
210.483
199.156
249.706
175.693
194.002
235.069
192.482
218.288
202.293
190.001
203.387
211.161
183.777
207.147
195.612
182.822
202.157
197.458
165.241
240.464
201.372
199.932
258.743
180.818
231.38
279.177
185.155
200.964
223.886
190.599
239.351
174.792
246.924
214.339
214.006
193.039
224.987
215.642
208.413
204.335
231.718
214.554
232.256
211.003
231.259
226.846
233.635
225.684
235.84
178.082
218.341
229.553
227.713
200.998
207.786
207.84
195.117
180.344
184.382
206.221
180.915
199.616
199.355
218.389
190.193
209.352
229.098
179.929
208.672
232.269
221.758
211.166
192.594
193.526
217.761
199.263
227.419
266.001
206.255
209.885
209.197
241.135
256.332
226.989
215.686
178.727
235.988
197.009
188.674
144.573
223.048
182.357
246.859
231.24
226.786
181.771
172.301
204.511
220.324
219.424
219.967
208.953
192.681
224.771
253.067
247.701
225.786
246.01
225.484
189.426
193.505
194.46
283.155
231.52
219.323
195.675
134.363
181.344
235.579
208.965
221.474
213.687
192.376
244.136
231.828
212.713
233.164
236.616
186.987
211.225
193.63
169.107
179.827
211.913
190.804
199.654
162.546
210.648
244.785
225.163
209.604
212.555
184.314
199.027
224.51
178.755
210.267
222.242
191.617
226.512
211.034
245.357
173.416
176.652
221.263
219.701
207.909
208.838
143.504
185.357
173.998
231.669
210.946
226.175
228.252
182.011
247.588
179.58
222.982
202.008
142.322
201.039
226.481
214.797
272.138
215.034
219.247
221.61
189.297
223.871
218.086
187.38
198.716
190.297
205.692
254.142
229.578
173.883
202.199
184.392
202.544
265.478
181.858
207.122
203.999
187.099
214.86
228.645
195.002
248.979
259.857
229.667
218.391
200.037
191.084
223.235
176.456
212.232
165.098
205.335
167.618
236.222
208.33
215.495
210.03
180.372
218.066
227.832
171.411
217.562
177.584
199.633
157.084
225.696
198.343
179.893
201.988
186.609
216.43
188.841
206.44
231.314
242.733
211.324
226.112
178.222
196.403
168.674
217.742
187.486
204.824
166.381
226.946
210.732
194.395
220.176
232.691
208.452
229.925
216.978
208.278
183.183
201.524
176.122
239.07
179.158
249.098
232.381
224.795
223.15
198.339
216.489
237.62
215.657
258.099
186.134
239.708
192.296
193.262
261.417
214.315
156.217
238.397
202.418
222.718
159.919
215.818
188.093
221.594
227.401
249.815
226.886
221.512
184.087
199.659
220.492
148.564
248.946
239.219
214.414
184.115
201.264
230.797
232.943
255.464
161.228
194.045
213.536
174.167
219.401
199.585
212.659
233.35
215.702
148.373
217.052
212.39
237.322
249.3
208.205
197.83
269.07
193.718
200.275
183.725
154.519
207.09
191.371
171.256
208.883
222.616
186.767
211.129
215.373
230.197
228.302
162.996
241.841
248.727
171.54
239.302
168.582
203.809
215.562
215.438
192.24
217.855
195.434
170.627
172.635
195.293
226.971
220.22
149.238
222.537
227.862
213.559
192.15
232.549
184.116
187.027
210.753
174.903
231.374
193.411
215.714
230.215
188.924
146.511
155.687
173.63
221.245
181.248
219.055
199.804
188.928
210.092
179.087
187.437
231.519
190.679
207.131
209.79
203.048
192.075
248.169
183.764
176.559
216.56
166.175
168.786
175.63
220.27
245.037
228.12
239.436
240.894
172.341
192.98
175.195
196.913
176.251
217.587
223.855
217.179
182.875
220.979
179.83
208.098
229.612
206.242
184.982
197.375
197.678
177.524
245.267
204.435
178.21
210.085
251.233
238.259
235.632
182.123
233.073
192.425
205.664
204.525
234.948
202.118
209.852
166.509
210.776
204.978
202.847
175.46
204.052
229.865
166.994
174.196
249.095
203.008
258.001
221.554
201.404
210.146
206.655
205.159
186.677
184.381
210.893
213.82
258.751
232.566
208.248
196.2
142.022
206.427
166.035
212.586
228.478
210
230.246
203.419
157.19
214.982
219.55
188.068
218.931
185.61
171.354
235.593
193.341
192.616
219.65
269.002
172.797
229.585
169.871
200.926
234.721
176.417
231.213
206.206
196.666
232.469
205.035
196.476
250.178
180.28
204.418
167.431
170.742
176.768
193.853
219.978
195.317
171.658
231.789
252.068
212.084
195.095
161.597
213.558
221.151
202.001
253.387
217.624
251.729
161.991
181.36
221.856
182.001
219.182
230.434
260.322
240.866
190.858
233.14
227.192
175.401
192.275
220.01
163.246
206.016
226.747
213.308
199.211
199.449
215.948
163.844
244.499
180.7
200.63
251.657
197.061
171.084
232.101
209.955
203.316
182.027
227.491
171.163
198.399
164.322
192.531
213.638
246.638
197.69
263.816
198.902
279.273
197.589
207.944
208.705
214.759
154.382
196.1
231.356
225.857
216.276
239.565
259.144
224.289
198.262
186.237
199.825
277.317
215.217
207.437
173.988
183.438
241.409
244.674
176.873
172.036
233.137
193.425
215.991
213.707
223.173
194.965
211.281
203.425
188.675
212.95
226.284
181.209
192.541
249.533
181.551
214.325
177.079
218.517
210.626
253.541
205.372
239.858
269.838
262.662
178.678
203.521
211.414
263.062
192.909
230.987
219.689
228.447
211.031
183.632
215.235
199.894
167.228
210.354
196.507
197.048
222.617
187.48
255.182
198.819
222.592
216.983
190.76
255.895
178.413
250.003
190.142
188.555
190.612
231.704
210.129
218.298
213.381
218.419
204.133
215.368
215.753
228.362
189.371
254.478
206.814
210.966
223.602
167.905
243.07
198.411
214.441
199.123
241.425
199.009
220.978
178.684
196.831
185.365
168.501
183.758
220.536
227.348
157.486
183.973
198.936
276.896
265.173
170.228
209.613
178.53
194.065
208.109
207.614
192.948
226.255
213.436
218.148
252.871
192.306
214.088
216.304
207.368
229.473
215.359
211.675
215.749
207.058
246.153
212.339
192.454
183.469
201.382
195.958
198.849
211.73
218.717
179.267
189.481
191.974
175.911
161.187
259.163
148.648
244.455
167.575
198.046
219.03
164.16
223.427
210.896
191.852
200.746
206.015
226.955
237.554
195.422
211.311
206.242
224.851
180.246
231.257
228.864
220.948
230.063
234.61
219.839
248.815
208.363
228.034
211.561
222.204
201.245
230.297
208.695
212.41
204.493
186.422
289.676
232.042
209.203
192.461
200.271
272.19
247.12
235.125
202.049
182.888
157.972
196.874
238.949
184.545
172.586
205.628
197.428
252.312
184.071
181.3
198.143
245.983
178.965
217.267
202.889
203.963
246.927
247.184
219.836
278.136
205.95
191.942
226.99
214.512
171.171
207.555
234.019
199.071
241.574
165.03
228.999
216.356
206.089
218.556
203.347
207.475
246.225
197.145
221.192
170.347
211.534
192.872
186.624
242.642
217.402
199.156
230.794
211.897
198.811
227.386
246.898
207.653
169.618
167.499
251.173
229.468
165.896
224.499
200.503
246.733
161.917
171.569
227.824
181.686
175.516
180.517
182.146
206.598
189.153
203.425
150.224
214.799
238.152
227.838
167.127
213.185
201.449
210.865
204.174
228.433
218.19
219.757
236.032
177.809
193.909
210.121
202.014
244.89
153.769
224.534
254.66
234.161
242.316
179.761
169.231
221.475
189.772
190.397
180.741
180.186
193.076
206.457
231.787
209.638
230.705
219.826
191.076
175.717
204.904
202.778
209.912
183.505
176.725
173.554
235.461
234.601
205.195
276.62
172.645
203.782
188.199
171.183
202.295
235.532
183.763
147.156
200.179
245.035
205.826
213.214
212.143
234.698
226.95
233.535
191.093
184.485
226.134
173.211
226.163
227.598
209.474
201.945
224.13
184.14
257.876
201.927
208.945
244.306
193.397
252.513
256.873
177.296
221.283
213.758
196.078
174.587
200.919
160.591
212.659
235.143
199.949
240.042
190.025
212.529
232.865
202.897
192.647
230.867
187.845
191.109
220.652
185.134
193.758
194.907
216.986
215.534
242.772
213.976
252.358
224.493
220.308
190.958
202.725
201.661
195.398
196.122
182.199
271.632
192.471
162.109
189.082
209.448
181.953
258.622
215.768
209.074
185.578
219.084
240.854
153.328
235.958
206.131
238.335
241.044
224.955
219.352
180.105
211.168
216.825
254.235
197.208
174.369
231.209
224.026
210.523
214.674
229.76
197.966
216.775
203.816
228.125
219.462
186.431
159.565
216.779
187.219
247.371
154.685
210.784
206.395
226.924
204.397
202.494
231.605
234.809
230.816
219.675
186.754
216.924
169.171
226.424
248.541
180.606
258.267
158.251
160.661
157.08
175.996
183.153
212.517
200.646
207.322
212.334
199.423
202.756
192.745
205.099
193.124
186.225
216.302
199.345
235.201
242.308
238.415
215.361
221.36
161.107
193.638
194.914
200.236
229.564
196.505
239.16
214.714
210.255
181.444
239.152
175.2
207.967
167.86
237.65
182.21
211.544
181.83
218.522
207.965
198.377
177.827
198.429
139.341
262.093
245.453
190.363
261.245
192.894
170.677
186.672
219.559
233.538
168.062
223.653
206.781
250.227
205.6
206.98
165.85
227.016
193.104
239.533
170.152
212.726
213.019
169.879
201.145
224.649
167.321
225.103
180.671
244.434
212.968
189.956
210.008
231.245
210.841
206.6
216.213
230.363
213.183
175.576
234.081
185.201
267.919
233.314
195.416
194.486
207.94
240.517
215.158
185.104
159.187
169.86
204.292
185.708
248.612
164.245
182.964
178.071
202.054
200.78
199.723
145.804
168.675
193.784
187.133
201.391
209.818
180.811
186.56
166.647
213.811
231.215
228.028
205.333
201.049
176.261
172.151
211.959
232.374
201.826
245.248
229.877
141.954
245.97
196.953
213.652
197.89
211.858
230.503
221.728
269.05
203.103
194.745
214.657
181.62
263.08
183.804
218.976
235.15
194.162
165.063
213.579
204.991
225.257
201.08
208.419
240.279
181.591
178.391
256.53
224.669
227.204
209.225
207.934
210.707
223.007
208.195
208.89
199.437
214.467
206.19
228.326
220.074
244.449
187.127
263.317
241.605
258.737
199.814
156.002
238.396
203.51
201.426
207.819
153.294
167.021
259.523
268.59
195.469
181.491
195.748
225.361
219.376
190.986
161.26
266.382
204.675
267.381
207.565
232.802
196.626
161.788
163.6
224.371
209.717
237.124
165.326
195.925
218.385
225.634
182.713
167.662
237.478
195.015
204.214
190.093
195.891
221.227
215.095
196.638
202.507
224.593
201.021
236.694
169.674
158.658
181.704
196.976
248.122
194.269
181.115
201.817
232.294
161.386
203.005
173.495
240.505
168.966
139.733
244.085
195.078
219.633
169.204
174.216
207.466
222.36
238.156
249.624
176.8
215.619
218.385
207.011
227.214
207.577
171.108
236.311
177.46
188.746
213.229
216.621
229.159
223.342
169.18
223.988
235.08
191.845
225.142
169.389
193.213
192.645
180.526
235.506
213.897
201.546
189.889
245.103
177.703
204.066
194.318
191.855
135.342
203.896
216.312
212.032
237.686
243.347
235.579
154.484
199.208
197.754
241.409
206.684
209.339
186.19
184.878
188.358
179.28
217.581
187.811
195.251
190.47
193.235
247.468
191.527
212.088
179.656
197.321
222.94
157.183
246.107
219.369
199.767
180.936
173.167
243.576
201.595
198.744
192.759
210.724
195.515
174.582
174.469
218.558
200.714
236.078
249.153
199.584
167.691
217.24
183.179
206.316
215.414
222.859
194.151
189.291
173.186
223.106
234.684
209.608
223.811
202.933
211.329
187.367
193.145
218.092
246.407
216.303
201.684
232.715
161.829
220.09
185.189
189.604
199.772
252.483
200.347
198.442
176.95
224.22
225.777
287.397
207.207
184.545
218.507
214.384
200.534
199.546
205.988
161.629
240.263
167.16
218.865
193.657
232.116
211.147
208.735
250.879
221.28
187.272
233.024
219.927
181.463
187.507
183.774
195.679
170.906
186.107
181.186
232.121
158.518
190.289
210.979
188.085
189.849
224.401
206.193
222.572
191.979
206.975
206.92
201.607
177.936
201.752
228.587
233.389
168.93
225.317
194.807
209.303
208.881
217.889
206.96
266.634
219.361
199.693
208.201
149.397
225.822
219.61
186.914
169.483
172.2
207.846
209.876
218.299
210.69
201.137
204.687
232.356
247.37
254.944
181.87
195.509
216.154
169.55
194.418
219.196
263.344
203.043
248.097
240.425
193.65
178.156
170.478
177.719
221.786
236.271
177.489
175.251
222.778
231.738
216.293
309.25
220.922
112.973
242.725
246.601
234.311
211.612
220.49
248.619
216.493
198.214
180.986
221.563
218.87
226.865
270.312
205.199
171.838
216.521
168.849
208.254
194.688
188.906
201.079
208.485
222.016
170.97
207.416
222.993
192.549
228.331
194.286
210.497
222.788
208.191
202.075
188.294
198.992
212.452
188.819
245.062
162.88
196.368
209.182
250.131
199.217
225.198
220.344
205.564
202.003
254.501
184.062
200.467
228.387
227.044
226.169
212.764
191.96
187.217
194.999
245.302
178.41
187.446
201.79
194.74
236.902
185.325
172.636
192.455
175.532
199.032
199.283
188.472
169.12
201.233
218.525
198.832
194.173
197.494
225.77
158.926
244.422
234.054
244.25
207.46
219.788
199.873
219.337
195.703
203.598
256.485
218.525
233.3
241.353
175.592
198.364
172.849
171.986
211.243
230.943
207.983
211.568
161.284
189.583
242.638
211.437
214.715
205.345
178.769
148.125
188.047
213.995
160.726
225.116
179.024
224.672
209.597
220.198
213.462
196.398
169.488
207.895
182.355
189.228
214.667
211.936
206.492
226.122
200.04
180.489
161.051
208.938
159.573
242.434
205.085
191.044
198.155
221.06
188.836
222.221
241.305
192.878
233.067
218.458
213.087
169.094
225.6
209.499
206.735
182.894
241.97
224.84
206.932
216.436
225.166
205.456
212.775
177.517
220.266
202.313
212.156
232.349
213.838
200.436
190.131
210.219
229.603
234.363
247.672
210.494
161.245
200.098
186.234
197.148
230.069
225.95
233.857
204.935
229.347
264.644
221.384
233.585
184.37
166.044
222.718
183.117
227.367
205.569
209.167
223.176
218.069
198.002
253.218
179.871
248.226
195.451
173.764
214.59
174.45
194.125
180.782
183.064
181.608
220.532
210.884
198.727
227.644
265.543
158.268
197.33
249.574
240.099
186.004
248.202
258.279
213.932
245.809
196.416
270.599
222.27
212.625
206.577
202.749
223.571
212.411
189.766
180.301
212.966
185.719
169.133
257.331
184.358
215.781
186.298
198.509
229.622
178.234
240.075
182.242
215.369
234.987
257.225
190.391
218.662
188.831
235.766
192.111
219.165
234.382
202.256
181.924
241.042
220.839
226.68
227.546
202.836
201.67
242.82
211.066
216.976
188.365
232.037
196.092
257.654
185.607
228.609
219.119
250.371
227.411
179.394
152.668
234.375
248.5
225.233
174.702
165.252
215.149
236.271
195.435
208.328
216.628
239.959
222.754
149.268
222.109
239.635
235.312
233.989
185.002
184.724
229.552
171.137
211.869
218.815
173.845
256.909
248.393
272.266
223.403
166.939
211.457
229.654
217.185
199.547
217.176
255.75
211.821
194.016
193.438
193.701
229.908
229.602
204.081
201.192
225.64
252.514
213.003
159.723
185.781
227.08
234.308
229.096
159.09
200.645
220.555
245.867
184.283
174.002
218.656
234.355
193.975
156.336
197.543
193.055
215.013
216.059
199.552
228.466
203.027
232.073
224.16
177.719
213.352
231.641
173.663
220.744
222.413
271.263
177.079
206.011
226.699
225.897
207.69
212.103
200.106
210.122
210.15
221.295
169.405
220.753
235.571
169.87
213.192
182.154
184.997
205.329
183.532
229.018
209.833
246.064
216.003
206.566
301.765
184.286
182.105
174.728
185.735
218.812
200.933
191.192
210.992
202.558
179.797
213.941
202.14
173.703
244.32
219.02
215.264
222.65
202.545
175.793
253.703
235.56
189.95
205.21
209.521
252.674
204.935
243.664
241.531
193.233
210.927
167.327
191.698
199.708
184.849
218.106
192.867
218.915
294.721
214.271
173.306
207.097
205.848
203.155
231.115
231.853
169.332
199.355
213.899
238.853
234.737
193.932
212.645
242.397
242.628
234.652
191.968
156.259
237.056
207
222.925
177.286
226.232
210.04
211.496
191.689
187.069
196.415
232.919
183.345
205.277
243.425
210.982
173.636
184.292
238.549
179.421
257.113
187.909
210.877
181.594
186.558
195.569
206.972
184.773
211.095
210.142
231.177
242.962
204.091
202.318
228.577
184.047
200.33
204.966
231.356
201.965
226.729
222.749
204.675
203.583
204.474
191.623
216.17
155.835
255.113
209.407
223.996
206.256
178.744
215.649
218.277
191.438
190.352
193.362
216.202
223.975
177.972
232.508
183.9
225.025
207.981
200.617
202.867
213.772
176.524
257.281
201.572
215.382
231.508
185.066
206.753
205.632
188.608
214.658
265.782
193.53
234.475
224.799
235.841
202.665
179.887
231.18
237.497
214.776
195.428
173.161
169.258
263.361
227.967
251.064
262.628
234.225
233.827
173.099
216.777
188.664
220.276
216.052
195.074
217.223
259.512
193.245
184.393
186.095
189.14
204.384
201.571
186.02
221.762
191.762
235.479
235.444
214.016
253.168
215.726
202.573
188.667
207.194
248.663
207.916
156.9
201.56
179.696
166.586
204.532
168.626
161.617
208.285
221.802
181.373
198.138
192.832
232.95
241.712
220.829
222.698
192.098
250.036
254.019
156.591
217.788
185.603
216.33
217.545
237.623
189.911
183.699
199.099
205.266
208.356
238.643
211.316
213.864
202.793
204.232
185.415
208.74
193.313
242.239
234.579
166.126
199.583
269.851
231.563
181.701
283.448
198.969
215.086
198.021
221.902
211.761
161.293
220.227
200.088
255.238
189.732
160.671
192.444
198.675
194.726
199.737
191.331
218.321
197.227
226.635
231.184
250.789
213.727
168.262
231.025
209.065
237.347
220.335
221.079
195.751
260.746
192.007
223.859
212.505
202.997
223.5
184.914
213.237
178.805
250.119
232.67
204.395
170.089
192.911
207.737
198.548
200.307
261.284
263.999
200.254
206.274
153.606
198.447
234.145
205.717
204.999
191.973
246.939
203.29
202.227
193.979
204.459
201.955
206.107
189.353
189.439
213.915
190.479
251.238
198.512
201.328
207.618
193.866
217.332
229.248
201.917
159.351
207.583
212.923
215.78
175.768
211.129
214.033
191.947
238.681
175.378
194.432
191.64
211.552
218.742
202.276
212.472
253.705
197.446
268.644
221.489
191.709
182.967
212.34
197.333
202.388
166.448
191.169
234.822
205.449
201.424
242.862
216.636
212.763
222.902
202.81
181.948
223.427
227.612
258.452
188.53
206.503
183.519
189.517
263.451
199.72
214.407
206.908
228.182
239.963
224.778
230.154
197.443
164.549
222.058
183.538
189.94
183.55
217.135
228.896
232.27
198.844
197.462
189.107
223.698
250.432
171.301
191.726
224.719
195.68
218.52
193.98
218.084
198.478
274.541
220.668
196.348
170.143
181.181
195.712
189.667
192.473
199.198
247.034
190.812
213.665
246.72
189.584
263.432
188.656
219.857
195.229
192.952
175.066
176.772
219.525
230.927
199.88
240.666
213.037
194.512
206.861
187.577
238.892
222.997
202.54
198.033
192.975
237.95
168.063
211.256
222.601
187.348
268.01
209.485
204.086
177.433
220.087
188.638
191.257
205.9
230.17
198.794
211.363
215.081
203.298
201.373
252.149
292.724
233.607
212.25
265.57
201.473
182.381
189.295
204.969
230.156
209.473
185.722
178.493
196.873
232.426
202.144
181.755
234.652
189.603
244.061
178.991
181.702
179.602
220.219
226.303
172.782
218.473
190.404
220.56
173.194
163.245
208.647
198.806
196.228
155.087
234.016
219.549
226.123
179.247
209.106
206.864
211.36
209.473
223.934
202.956
241.792
189.327
172.007
199.643
205.765
173.476
219.649
198.223
161.362
202.155
182.721
169.152
181.337
196.853
206.795
234.176
202.525
176.676
226.9
206.31
206.763
216.976
178.493
249.132
242.839
223.049
182.01
172.503
187.133
197.945
199.017
153.001
221.849
171.913
202.871
178.795
195.547
191.065
210.061
231.849
214.286
232.507
201.595
262.678
200.945
250.345
220.676
220.233
270.91
202.934
243.257
237.116
235.885
193.303
190.635
184.145
169.225
250.306
191.477
179.658
220.244
216.759
232.923
174.096
177.894
227.293
255.931
216.181
181.803
189.488
195.276
174.877
195.667
215.073
241.921
220.07
163.087
195.091
200.214
218.083
203.783
227.997
182.263
226.772
210.375
216.506
178.999
230.314
203.878
193.881
198.044
189.477
210.802
161.355
226.613
200.265
150.299
245.326
219.087
182.334
212.977
243.913
233.388
215.057
170.296
191.461
183.526
170.605
204.504
227.06
234.411
180.531
218.159
228.675
177.438
213.378
222.417
222.876
200.526
205.643
189.862
239.206
212.006
201.082
201.478
182.78
230.63
213.673
178.367
229.092
204.104
277.813
179.101
188.837
192.115
188.323
222.98
204.237
197.796
182.277
204.335
222.193
213.755
209.414
206.667
205.347
182.194
213.86
223.609
257.438
213.778
234.256
174.024
197.367
167.82
174.148
214.919
231.932
234.158
223.988
147.588
206.885
230.243
176.105
222.078
207.28
251.932
225.579
191.862
184.374
223.448
180.806
212.79
184.542
257.732
243.135
228.923
225.186
210.952
175.157
179.305
183.952
232.703
226.815
201.445
225.724
187.771
216.352
209.759
207.551
221.941
189.241
186.593
183.593
215.526
183.317
232.289
215.316
184.884
225.114
179.712
241.482
276.187
223.843
231.176
209.845
234.167
209.659
199.192
201.924
233.142
205.558
177.815
207.963
246.45
203.507
197.606
212.572
215.822
237.372
212.035
189.77
208.877
184.784
216.69
189.698
251.353
210.089
198.651
232.731
226.206
224.695
248.319
209.202
219.714
253.851
181.906
194.623
222.471
263.045
205.102
145.056
173.329
210.341
211.195
162.368
185.74
221.943
217.008
205.01
195.805
198.329
200.044
173.435
260.865
264.331
228.783
213.984
207.175
214.18
228.038
217.923
240.264
230.868
156.779
176.875
174.5
222.308
218.966
202.892
242.001
219.824
214.652
199.044
225.716
208.608
209.104
214.708
217.609
198.609
244.735
209.853
248.007
219.984
233.645
210.517
183.783
227.034
199.012
206.173
236.189
168.066
194.873
174.287
222.571
201
220.455
254.696
201.685
183.524
162.05
255.236
202.859
203.549
164.976
213
201.717
187.823
198.228
183.66
168.939
240.31
224.638
217.625
200.402
188.513
180.236
192.724
195.886
195.726
187.492
192.669
218.647
226.645
162.392
199.13
200.597
240.032
186.187
201.198
194.875
191.015
217.893
236.2
221.837
178.891
228.065
174.604
198.833
156.875
193.038
210.793
203.058
185.674
212.055
188.503
226.258
212.008
254.158
212.39
207.548
213.673
221.166
226.102
186.306
203.745
271.803
181.705
215.97
236.892
209.351
228.491
192.202
203.509
189.558
193.963
180.04
182.546
245.757
221.628
232.945
188.443
183.887
199.415
196.656
168.085
197.549
223.273
212.835
208.403
195.805
195.623
222.842
173.636
205.692
202.614
240.21
184.014
234.395
214.18
218.525
230.27
271.712
189.148
193.429
192.05
203.302
223.359
222.41
184.375
216.766
232.841
188.452
214.261
164.363
220.893
212.773
193.027
187.631
223.958
221.491
228.478
184.336
194.249
235.387
236.364
201.417
230.964
190.605
199.446
244.368
187.849
230.406
161.584
237.519
172.869
228.298
208.287
190.839
204.424
211.192
213.78
251.434
215.513
177.965
209.668
202.044
201.141
212.364
226.53
170.659
211.363
154.027
203.459
186.897
203.851
177.517
195.206
175.162
247.344
185.836
276.333
212.873
213.593
172.356
204.327
242.758
184.859
187.525
200.417
211.996
217.62
181.568
225.053
198.367
192.773
169.709
283.61
207.374
206.594
179.206
190.383
179.614
209.358
186.756
167.734
176.044
223.635
244.531
230.042
212.838
209.95
212.401
226.065
183.102
141.06
178.46
193.514
247.909
199.032
205.976
244.474
203.86
208.418
244.325
197.199
299.011
189.521
204.285
222.506
236.513
202.265
178.742
210.109
181.923
220.985
214.177
182.529
180.829
222.223
193.71
236.103
195.957
190.801
204.001
155.646
200.337
203.287
236.489
214.676
216.17
172.215
205.824
234.719
207.898
216.631
197.513
192.342
211.25
241.767
183.699
213.032
164.797
188.855
216.558
189.493
243.927
200.974
229.638
193.975
200.961
247.698
203.831
201.949
225.432
169.82
219.474
214.671
182.359
162.237
194.612
220.99
213.365
228.233
180.925
217.539
211.454
207.923
213.203
182.42
221.399
201.821
192.374
199.568
206.007
230.417
229.412
181.193
264.711
225.002
189.634
253.552
208.105
203.553
195.783
209.953
201.892
215.009
202.076
195.06
218.505
196.333
175.678
199.118
211.079
251.808
205.85
197.818
179.036
223.243
197.742
246.06
212.665
204.315
215.405
214.576
197.099
217.352
234.896
202.797
238.75
190.056
190.941
230.084
175.445
190.886
217.21
206.896
172.849
235.952
206.497
179.068
190.48
203.124
192.718
170.369
213.166
246.253
245.708
217.986
234.35
230.015
172.371
212.599
187.614
232.039
241.502
214.561
220.414
197.741
169.158
231.856
208.861
227.212
213.718
215.867
184.263
182.759
221.388
185.713
223.811
165.292
213.683
194.978
141.797
233.587
211.634
232.002
218.405
195.649
211.883
222.62
240.865
213.775
225.071
198.129
187.521
213.183
223.823
255.291
190.02
220.736
169.833
186.682
214.461
212.513
185.772
210.026
195.572
216.778
154.05
215.361
196.954
179.442
191.886
215.241
278.67
209.689
206.232
218.478
219.214
216.307
224.164
194.677
184.979
152.029
194.844
185.429
198.754
239.222
171.135
177.59
190.774
195.93
193.474
172.278
244.436
205.239
178.228
202.299
210.587
216.03
200.871
198.483
192.697
196.616
170.066
219.181
239.797
228.062
187.027
212.904
257.663
257.079
202.346
202.529
215.981
190.881
204.764
253.364
220.391
212.94
210.662
204.454
203.131
199.427
234.305
158.291
212.176
200.138
226.091
205.513
205.605
170.634
194.709
187.215
184.159
201.459
183.584
231.097
199.456
175.555
217.929
211.612
210.831
209.024
266.526
155.106
178.509
211.796
210.621
199.174
195.292
181.462
213.495
248.078
200.909
211.079
185.819
208.596
198.325
214.477
217.001
196.8
178.713
218.078
225.69
217.364
184.726
236.619
226.152
265.365
213.71
164.532
162.974
206.773
212.082
234.408
206.249
233.26
178.785
287.74
180.781
217.371
211.622
214.545
204.59
201.059
211.741
202.708
200.625
222.687
228.616
189.059
189.518
245.342
224.753
217.781
226.601
211.178
197.415
234.882
219.707
231.35
196.046
231.013
200.285
217.763
222.662
145.217
190.965
197.521
215.445
168.316
205.207
197.012
214.443
184.263
220.049
206.75
189.401
181.63
224.991
195.398
203.576
211.161
206.046
202.347
240.836
219.107
263.432
166.37
189.079
193.186
228.731
240.75
174.868
147.503
227.363
171.081
240.851
221.829
181.103
185.231
184.763
196.302
220.274
201.744
213.29
219.223
209.643
182.582
240.807
233.505
225.962
248.346
206.06
224.436
272.489
211.109
198.807
199.799
239.631
214.336
213.481
181.694
250.983
205.411
213.595
235.486
260.979
188.362
227.988
209.858
210.004
232.147
205.807
202.65
242.031
201.27
198.18
190.077
233.935
229.995
219.491
245.803
254.684
249.725
226.553
215.466
244.976
162.036
205.389
182.16
176.137
208.586
222.194
196.194
243.402
211.171
195.665
183.091
216.437
209.355
220.406
153.874
212.763
246.053
236.899
203.056
187.544
199.13
228.754
233.144
172.156
171
217.759
251.723
201.977
174.892
202.894
248.026
197.985
189.85
202.608
250.44
199.532
228.138
197.571
201.364
240.779
186.069
175.497
202.861
173.94
203.064
201.783
249.199
220.554
220.555
167.588
233.396
273.834
207.423
183.532
198.597
211.802
224.586
173.965
192.266
245.6
201.267
229.573
223.936
241.284
200.905
174.631
208.722
234.027
178.546
185.03
257.878
181.994
181.56
204.507
219.909
228.264
220.37
213.523
240.481
184.67
258.395
228.233
220.427
240.151
206.173
194.471
179.236
161.767
160.528
188.025
229.913
248.807
215.383
207.194
272.685
205.503
251.626
208.859
195.714
255.57
189.784
216.823
176.089
192.465
209.535
169.122
229.792
196.484
209.819
200.035
242.946
249.084
247.226
205.399
169.898
200.848
180.36
187.186
187.865
242.515
228.179
205.129
260.033
234.849
197.159
234.516
200.895
178.888
216.733
169.284
176.058
207.645
225.718
212.261
221.177
224.758
169.061
233.274
223.407
187.808
247.288
232.06
191.753
200.905
224.284
205.727
230.839
184.591
198.614
268.301
193.293
189.294
229.445
212.522
242.043
175.498
185.984
189.075
152.469
182.708
195.161
162.88
191.51
188.132
184.651
181.905
195.143
201.196
200.32
211.422
206.945
218.681
234.639
207.898
222.771
237.549
215.498
156.004
198.307
217.225
191.968
206.762
213.59
224.884
175.267
220.452
162.635
234.459
233.132
190.17
192.799
201.337
202.763
182.319
220.517
204.521
227.142
236.76
234.707
234.551
177.644
207.644
168.73
250.861
181.044
230.252
225.538
257.045
198.722
201.331
216.303
183.869
175.719
216.074
233.69
169.968
222.827
245.904
186.525
174.558
195.945
200.984
194.175
218.486
190.129
214.726
212.664
175.82
181.283
228.532
192.739
191.651
193.477
220.224
185.791
190.076
203.756
192.985
247.147
194.997
203.637
199.144
212.31
169.731
161.364
219.895
199.025
201.63
173.047
163.751
209.716
266.464
206.087
212.637
209.319
198.268
164.704
160.38
204.905
198.297
217.205
193.322
278.051
237.989
173.002
209.17
277.493
215.449
221.949
195.483
295.552
171.03
194.948
189.295
189.822
134.96
237.237
212.729
180.64
196.964
220.478
181.562
229.049
280.852
209.107
223.269
214.191
239.187
225.639
233.937
193.74
284.636
221.977
240.465
171.498
203.107
206.961
165.668
203.174
214.616
212.988
237.359
197.508
194.559
248.396
213.769
211.647
221.886
241.534
223.747
214.822
193.374
205.222
199.737
184.675
209.963
221.682
216.764
180.675
244.143
217.62
248.171
214.14
225.408
242.165
227.857
159.211
200.925
204.004
186.74
208.831
186.241
191.508
182.53
236.896
244.691
223.17
184.529
208.157
145.363
206.763
233.32
181.489
203.846
234.387
162.152
220.724
211.399
197.262
195.917
216.234
199.315
198.996
232.954
224.956
186.848
235.952
212.919
176.063
199.324
216.606
198.945
206.303
189.324
229.123
197.561
223.451
211.473
182.506
170.192
264.499
239.381
248.968
177.63
206.466
239.343
238.097
236.331
192.808
194.516
236.816
193.038
229.528
167.847
226.731
237.372
231.868
180.681
210.077
221.962
183.351
208.144
188.944
235.361
213.595
230.525
215.347
212.961
161.684
176.854
254.465
184.1
240.638
227.737
229.902
210.69
271.336
202.346
246.073
212.319
186.499
185.309
228.229
239.062
182.608
210.889
213.911
164.662
229.58
173.881
244.858
247.185
232.298
205.683
178.84
215.653
214.161
248.966
180.83
196.725
180.059
220.117
164.088
219.523
193.63
261.517
176.304
200.255
187.481
202.47
221.967
236.897
171.684
209.134
218.043
235.179
233.568
208.416
172.652
184.231
190.397
211.32
244.038
239.24
216.551
171.444
225.767
240.72
190.316
218.43
219.913
236.444
229.087
275.393
239.482
182.31
208.258
236.994
175.105
214.684
203.993
180.588
247.749
186.045
229.179
167.309
194.573
251.977
239.037
211.059
200.675
187.963
224.313
226.521
245.461
200.723
219.381
203.895
225.46
242.646
190.101
179.626
222.598
252.674
173.265
224.112
244.021
171.744
178.238
208.529
230.177
216.359
203.283
183.297
221.784
170.938
217.826
242.553
198.068
190.333
208.495
185.044
166.26
211.678
236.232
221.1
185.212
217.604
188.623
217.316
207.121
257.784
215.285
223.168
244.681
192.3
188.72
181.653
195.086
240.006
204.935
209.528
214.982
208.076
174.293
228.003
224.876
216.325
207.717
197.881
234.971
188.637
181.371
150.302
254.66
215.013
252.213
187.843
224.881
214.107
225.117
191.42
232.707
241.066
169.925
197.796
207.885
225.819
175.326
215.571
201.579
189.183
224.634
183.333
188.72
175.388
220.299
197.086
207.976
206.408
216.989
219.13
186.175
157.852
262.842
230.006
221.494
187.706
181.95
215.466
241.431
187.12
224.339
208.758
167.409
155.541
237.072
219.037
226.63
214.667
183.211
208.282
219.076
204.16
212.502
202.77
290.465
228.054
157.966
236.338
203.129
209.701
207.319
225.434
195.603
217.695
191.298
219.227
215.366
197.727
209.706
245.546
173.047
215.699
169.051
205.283
183.844
174.389
175.68
203.993
223.855
182.722
218.058
247.477
232.383
228.778
237.868
202.1
253.836
162.889
173.827
194.173
231.767
229.336
212.754
187.374
180.075
210.315
184.631
197.323
213.931
200.87
209.884
219.06
248.553
166.267
210.711
228.941
184.133
199.04
171.739
253.235
275.977
223.511
162.253
198.017
180.112
175.498
206.566
254.652
176.118
215.239
212.972
172.722
189.919
180.141
230.024
206.903
209.245
225.241
286.072
227.655
213.413
214.246
199.133
152.985
213.966
200.908
199.905
191.379
200.209
208.374
205.199
204.367
242.718
194.948
175.713
222.871
193.683
212.433
189.761
221.038
186.136
219.692
231.516
213.325
254.881
165.819
200.233
219.756
217.208
209.741
208.603
256.128
200.025
196.025
160.561
189.449
193.195
200.292
214.271
203.191
188.221
250.514
220.623
186
258.486
184.96
245.319
199.68
229.145
195.428
205.514
189.195
190.045
186.434
208.613
163.296
218.35
220.547
217.264
255.489
226.727
228.773
235.141
239.669
161.586
210.904
212.663
239.114
186.841
206.648
237.692
173
209.631
230.579
274.713
239.693
232.641
163.265
198.062
221.046
183.308
218.808
208.899
234.926
215.64
209.771
170.878
237.336
210.351
187.361
199.132
231.267
214.724
180.937
221.523
245.888
172.204
233.848
197.277
186.686
215.616
214.27
230.147
207.571
187.561
179.194
245.139
232.228
170.494
251.708
263.724
205.764
188.463
219.316
236.949
196.377
190.346
220.966
139.72
222.628
220.789
224.046
186.652
248.277
194.811
210.66
148.899
195.627
163.049
200.3
209.865
201.289
178.62
175.858
227.935
214.338
243.915
197.287
225.556
179.498
188.26
209.627
200.488
210.425
194.592
178.651
214.878
204.58
242.625
252.998
263.154
206.042
208.875
198.01
214.465
213.716
222.284
233.458
231.383
179.625
220.109
188.469
235.664
171.58
244.264
176.351
247.458
203.157
159.235
225.36
196.719
266.118
178.611
252.878
203.462
236.108
236.109
196.249
205.983
260.079
192.63
216.59
216.935
221.2
181.084
245.758
192.277
238.533
213.467
185.278
207.388
229.199
226.446
219.963
180.511
232.841
241.445
225.669
232.087
217.2
209.527
195.994
231.724
185.331
223.071
227.946
220.553
237.294
185.409
186.867
211.582
165.067
196.665
230.398
214.376
192.244
181.481
202.915
203.442
201.013
179.134
171.249
181.223
143.91
213.449
223.084
248.07
242.409
291.857
200.516
241.873
252.627
216.992
185.475
268.847
239.788
211.047
212.749
229.823
200.425
213.989
176.475
178.813
191.42
160.317
164.038
233.57
180.929
233.268
248.981
167.764
196.269
205.918
198.581
209.204
206.849
231.436
180.617
220.147
192.123
195.203
182.399
240.475
191.697
194.242
235.39
147.428
236.893
231.026
203.162
201.225
245.356
193.562
222.681
229.715
241.589
221.503
209.802
201.595
183.792
203.955
215.208
236.832
180.124
220.934
235.579
168.065
212.61
214.555
200.23
221.704
235.235
195.608
247.653
207.398
190.399
177.681
201.254
263.394
232.459
232.709
217.52
222.478
234.47
257.717
174.096
200.421
194.712
212.356
206.969
230.88
236.817
185.32
230.882
252.153
232.666
232.382
183.222
157.426
211.853
252.426
209.34
187.648
169.69
198.848
183.639
224.553
224.935
185.157
184.867
174.109
172.364
257.934
187.621
193.044
263.977
195.212
262.738
224.355
186.871
219.531
196.397
204.202
217.203
211.306
211.761
189.5
205.155
221.48
166.959
192.834
232.62
196.759
196.685
216.082
201.701
239.471
261.783
177.258
223.08
249.986
221.871
247.29
213.873
171.86
179.913
210.887
230.903
277.446
200.536
191.914
243.302
226.104
200.808
247.765
241.402
183.82
229.398
200.296
231.595
206.867
191.295
213.776
242.227
202.511
197.871
218.93
189.76
212.371
208.541
241.911
234.991
178.471
189.358
239.922
229.845
174.546
177.118
167.01
250.464
209.44
203.383
205.095
171.236
231.005
227.945
192.465
205.593
202.123
194.563
234.83
203.872
166.012
208.163
195.134
178.375
197.888
195.03
190.254
187.633
241.93
237.012
240.872
194.25
218.195
236.35
224.32
213.939
228.932
224.13
166.146
225.989
159.431
206.191
215.915
198.066
187.139
203.334
220.481
192.95
183.604
204.847
182.54
166.61
234.087
188.78
152.723
186.839
215.822
232.846
189.766
192.127
217.401
195.654
209.346
214.97
266.093
172.53
226.989
232.526
206.194
184.354
172.031
167.558
305.899
197.763
201.536
190.674
207.479
188.085
222.8
194.481
223.377
256.456
206.117
201.004
194.48
207.794
208.424
188.286
231.019
215.916
225.245
239.896
189.523
205.685
201.728
184.534
200.196
207.476
205.524
205.151
197.805
197.057
192.308
258.698
195.497
228.334
188.081
155.532
166.923
228.96
205.964
195.432
170.44
221.858
157.122
197.595
217.411
224.818
239.532
186.807
176.726
208.241
167.701
231.434
216.294
219.132
200.401
208.002
231.802
228.884
184.932
242.908
168.198
233.316
142.726
187.557
167.554
211.619
210.427
251.671
195.279
205.32
232.171
198.607
202.694
197.393
184.089
176.457
179.231
213.054
208.331
218.428
232.256
197.257
235.288
186.591
184.639
176.627
227.674
212.094
241.794
238.805
205.209
165.732
208.335
225.78
191.587
195.383
236.467
225.75
217.094
167.009
219.71
205.179
213.186
191.836
234.349
192.505
227.255
204.567
227.836
284.02
195.11
207.427
199.337
206.979
231.196
236.575
255.268
206.717
172.26
199.52
246.126
224.9
186.247
184.25
160.036
217.198
169.611
228.554
191.43
180.085
173.269
191.287
226.422
208.784
234.743
181.352
196.562
264.779
240.735
165.383
176.242
159.559
177.699
186.908
191.906
219.345
232.863
214.893
193.127
221.953
224.919
200.273
215.605
160.857
201.125
176.641
247.559
259.025
200.964
212.97
244.681
188.877
244.249
226.841
208.309
183.507
244.631
214.345
203.603
194.142
213.62
225.648
228.463
220.861
184.885
246.028
261.647
212.944
211.965
188.621
234.619
223.737
210.303
198.156
187.969
172.578
205.348
198.621
186.604
210.197
246.718
227.51
209.137
215.374
170.344
236.579
189.459
209.972
167.107
216.477
187.268
223.215
190.929
200.607
237.93
191.904
181.437
167.316
208.218
223.489
224.872
199.786
210.725
221.336
240.32
179.658
205.613
206.437
171.573
203.426
190.83
174.446
201.745
168.844
205.186
165.357
181.792
211.505
215.517
240.749
174.901
218.6
211.221
186.455
183.689
199.921
235.086
204.16
211.458
196.761
168.248
244.111
168.892
249.005
207.104
179.269
204.41
171.692
201.452
202.191
236.955
217.552
232.585
203.576
213.175
167.272
243.017
210.281
208.023
167.763
177.414
223.455
237.064
280.012
212.176
223.568
221.014
220.524
230.359
256.945
216.233
223.872
224.707
166.711
184.81
178.348
194.416
168.315
234.572
224.279
216.755
187.234
186.937
232.498
227.976
199.345
179.842
193.287
216.917
181.335
186.795
207.984
201.402
248.58
207.103
238.572
213.269
181.354
184.551
217.421
214.134
218.965
248.461
219.585
199.651
224.781
234.042
216.293
191.594
181.969
251.489
213.483
205.291
225.088
223.395
271.728
234.222
155.908
238.632
220.25
199.489
196.249
215.23
278.018
165.744
199.236
139.424
222.548
199.817
240.878
230.587
269.16
237.897
210.86
215.279
172.072
201.582
171.355
198.943
162.433
211.269
198.964
220.909
217.442
190.064
176.98
238.568
224.811
152.058
187.908
201.706
223.615
202.442
210.892
206.637
201.244
193.099
194.854
223.636
192.718
232.012
211.328
217.689
236.665
218.973
180.961
183.554
277.928
204.824
192.659
204.288
235.703
211.932
310.54
188.057
245.491
191.746
200.672
199.169
186.921
190.73
168.561
245.955
177.196
185.886
238.639
222.737
189.406
206.107
267.887
201.811
200.729
232.923
225.504
193.596
211.109
181.68
189.508
166.507
253.562
193.281
191.151
216.071
238.249
159.315
200.151
196.62
196.996
260.898
226.965
197.688
205.449
194.607
242.09
206.206
225.648
229.984
229.436
212.247
197.208
241.022
198.704
172.113
196.934
253.394
221.98
238.995
195.718
202.804
213.774
280.444
187.374
219.303
181.413
203.982
216.848
192.76
236.137
234.317
198.438
211.194
215.398
229.913
213.338
176.788
181.989
200.483
158.405
213.469
153.898
183.962
202.783
201.263
200.951
246.488
241.423
183.98
176.978
243.676
197.351
188.776
187.569
182.616
195.256
211.235
153.393
203.661
187.701
222.077
173.777
214.652
203.494
198.927
196.135
205.643
183.763
244
187.662
192.819
221.038
210.729
164.263
168.696
175.252
222.67
197.732
208.828
223.526
181.801
223.057
206.163
193.899
183.506
228.984
247.211
154.765
212.378
208.41
184.453
245.971
188.308
238.68
231.54
214.699
179.155
166.165
214.902
224.689
220.533
245.362
233.689
206.686
282.829
194.089
234.28
229.825
250.577
207.081
167.736
238.051
213.568
240.623
235.102
204.241
207.139
214.623
183.194
165.361
170.973
181.175
249.316
228.787
235.551
203.103
199.192
222.194
198.644
271.241
227.67
225.741
199.164
235.47
218.32
140.21
238.434
251.236
225.551
196.526
213.692
204.971
181.433
221.25
221.247
206.631
164.671
216.429
188.686
203.315
243.149
192.301
252.854
200.618
201.163
178.28
196.775
151.576
270.939
201.829
157.221
159.095
251.844
204.502
176.784
169.614
206.536
158.082
202.261
252.038
214.469
183.034
172.208
186.77
212.14
187.457
174.705
188.59
203.586
219.295
233.815
175.029
211.956
238.645
219.116
221.229
182.613
228.181
212.485
203.86
232.665
200.035
199.716
199.083
183.229
247.274
222.773
176.905
190.958
210.157
205.388
195.594
239.591
212.121
201.505
224.89
224.299
201.771
234.282
215.58
169.767
263.24
195.276
235.104
247.754
242.939
182.561
189.229
197.056
244.304
171.326
186.212
157.84
205.771
228.312
246.641
219.221
203.44
241.823
220.803
218.746
158.37
163.803
255.064
209.475
224.194
205.769
186.941
207.689
196.395
218.018
200.898
183.117
246.901
228.397
213.854
215.933
199.13
186.494
196.262
235.012
213.896
227.093
203.629
199.602
201.315
201.82
195.594
220.302
251.117
244.428
207.278
200.048
199.208
219.131
161.95
162.67
193.515
189.036
207.917
193.445
195.439
212.356
141.11
231.821
229.011
227.908
241.83
180.591
217.077
236.645
197.152
251.066
170.417
221.952
246.745
213.246
180.836
224.629
218.563
231.555
206.312
191.509
192.362
232.269
217.493
230.521
225.464
189.07
196.983
192.953
188.844
202.914
233.101
226.636
197.881
198.66
264.902
238.019
180.323
205.735
196.913
205.529
268.828
195.647
212.077
200.471
200.878
206.649
197.486
214.579
229.059
200.622
211.934
247.396
197.252
219.12
196.555
162.057
226.659
229.532
220.696
179.937
206.39
201.374
198.804
216.628
239.095
191.057
189.511
202.977
280.155
178.951
184.189
196.781
180.611
283.152
194.067
238.657
191.436
195.643
172.495
232.539
200.25
217.012
205.073
189.413
229.5
245.504
229.135
235.128
195.98
211.227
208.919
160.879
157.688
226.424
228.196
213.81
214.971
211.752
169.525
186.294
184.307
177.809
234.348
231.629
190.71
197.084
225.451
252.835
196.957
211.449
199.522
190.907
210.054
217.244
159.425
266.991
210.582
200.283
188.135
181.251
172.784
194.263
244.587
180.318
215.742
214.484
211.683
223.22
230.614
232.624
188.891
209.122
208.839
211.182
243.645
184.934
213.981
246.833
204.547
171.642
266.125
203.73
237.194
218.596
203.848
234.291
194.537
189.431
183.353
211.079
198.817
177.845
199.242
225.156
229.079
245.656
192.904
174.891
196.957
192.425
209.464
203.333
166.397
206.442
190.039
199.441
183.765
201.543
197.077
182.166
211.351
220.054
206.915
200.766
174.798
217.717
178.168
228.344
185.345
201.943
147.601
185.77
223.27
254.791
186.142
160.95
208.207
215.244
222.317
202.481
212.961
239.36
191.515
235.811
200.344
165.161
175.333
195.882
219.307
203.722
236.143
230.473
167.933
180.443
197.101
197.495
224.76
183.458
242.365
219.216
184.941
246.481
215.182
233.977
195.699
239.1
199.732
203.811
252.201
176.019
197.154
194.816
245.449
207.631
208.553
186.391
136.533
174.019
198.447
212.281
213.452
201.802
169.528
216.282
180.28
217.009
221.038
221.818
182.598
181.981
189.571
211.73
198.499
229.989
191.466
183.874
200.006
260.589
196.053
240.891
184.125
228.896
196.533
181.617
240.746
169.803
212.72
234.872
251.04
165.339
223.716
254.983
222.263
221.216
190.229
191.108
201.339
204.979
137.828
238.35
192.54
235.91
161.011
197.951
211.472
165.081
178.993
209.642
182.542
174.141
212.851
213.435
241.229
225.179
268.33
186.438
185.117
182.599
183.022
226.46
206.847
208.657
183.712
219.801
202.45
185.242
194.414
206.515
211.277
193.677
195.805
171.923
180.444
212.388
186.189
195.664
231.278
219.773
207.423
225.547
236.776
240.578
208.445
211.19
164.32
163.493
190.483
242.26
190.274
188.392
200.603
233.324
205.583
231.752
179.967
205.012
266.659
186.828
251.375
195.071
238.575
202.456
148.359
240.623
181.672
229.599
197.445
189.594
221.159
224.713
231.249
217.42
225.266
244.267
227.08
199.072
179.086
201.74
212.326
207.814
199.4
193.098
237.772
242.529
182.211
201.168
219.852
261.616
178.471
173.912
196.2
203.561
172.685
236.128
208.66
191.273
212.809
160.713
266.204
197.657
234.574
167.639
196.501
219.546
208.814
210.216
265.872
219.279
243.459
214.099
215.137
184.201
202.192
203.112
208.515
174.296
150.705
232.1
161.022
195.005
233.506
218.543
171.986
166.381
195.413
209.604
187.041
173.3
177.893
212.793
182.658
175.323
189.09
182.095
235.328
218.223
217.366
170.419
224.215
220.271
220.126
234.824
193.709
194.512
255.365
184.235
204.205
192.975
201.997
201.024
231.669
186.908
183.961
191.363
177.569
221.529
197.516
228.738
216.654
218.076
182.139
194.867
222.853
193.925
201.342
220.98
243.157
184.532
182.229
205.685
240.452
163.771
272.575
222.39
238.217
170.321
188.621
193.706
157.443
226.945
193.51
194.128
223.057
223.71
181.691
268.531
174.053
249.576
231.712
219.892
224.407
203.614
236.537
196.269
202.963
198.44
201.902
238.304
238.105
189.576
213.43
234.894
246.512
184.287
178.54
269.631
177.991
232.378
187.399
203.759
250.657
243.573
208.398
223.773
215.275
194.028
177.523
167.819
165.044
228.874
210.731
222.814
204.346
195.078
228.525
189.176
177.817
198.883
234.837
209.591
210.569
214.193
172.733
152.329
155.749
260.567
202.913
232.134
223.031
202.122
231.045
193.446
182.63
223.691
224.979
205.634
230.421
224.21
232.04
209.866
196.998
244.945
218.777
222.505
216.84
214.761
195.102
193.184
249.739
180.902
208.589
275.531
199.14
177.396
171.027
190.081
223.244
180.246
192.46
193.528
251.025
216.351
224.744
235.944
204.119
206.024
198.961
264.266
231.393
204.212
196.91
189.904
177.021
202.766
193.329
219.053
170.226
230.633
225.794
225.884
198.682
221.286
198.19
224.289
232.06
186.455
213.056
202.31
210.38
210.108
203.261
184.291
200.96
247.414
166.503
168.424
178.157
263.583
237.563
151.445
206.459
182.933
174.485
148.588
168.722
158.439
226.85
203.341
202.098
189.516
221.297
223.38
179.069
211.523
191.419
197.013
204.659
221.993
208.779
243.398
235.523
159.802
239.078
170.386
210.912
222.342
248.762
218.515
176.407
205.352
212.258
224.181
235.832
230.116
184.109
212.729
187.432
236.994
262.605
161.466
210.172
195.277
221.558
191.852
185.355
188.391
211.836
202.246
240.855
204.82
242.891
196.912
166.831
232.81
195.179
227.673
180.695
215.371
204.178
178.63
199.764
202.33
237.611
213.306
195.151
227.435
203.58
234.966
207.558
228.844
203.286
256.468
201.333
234.52
225.196
204.867
242.463
198.89
214.982
188.708
202.336
200.876
239.712
198.956
200.368
203.441
178.104
190.809
181.765
190.56
242.663
179.149
173.189
200.498
253.267
203.671
218.123
157.1
204.449
190.8
222.096
239.039
165.927
196.471
231.036
209.26
191.731
229.083
196.93
176.339
211.883
241.913
201.107
167.815
216.577
218.85
201.704
179.023
238.944
218.295
206.91
199.963
201.599
195.178
189.18
183.455
193.881
225.054
205.134
200.436
192.609
180.5
208.453
197.059
225.844
199.263
190.806
171.741
263.271
204.38
188.356
221.58
171.433
185.889
192.989
203.186
218.777
234.297
188.691
209.777
245.082
196.564
212.71
220.136
219.662
204.835
253.858
187.976
226.678
264.34
264.92
178.545
189.293
222.071
207.566
186.453
218.834
234.697
178.861
219.399
188.952
190.715
186.12
214.924
191.627
214.336
244.65
222.8
219.066
211.284
214.333
181.867
217.794
200.717
158.08
216.214
211.344
224.865
202.486
202.685
167.025
200.632
180.649
219.732
205.017
167.258
177.392
200.287
216.969
243.782
178.602
230.694
245.546
202.595
205.83
184.179
194.11
205.245
174.638
207.278
195.285
217.156
213.532
238.062
217.167
216.573
198.864
170.519
179.965
255.345
215.092
236.87
228.177
218.209
237.558
200.39
190.397
168.98
195.885
213.15
223.791
269.02
229.161
219.411
212.507
178.307
247.729
249.892
181.404
198.039
224.553
271.56
230.726
210.84
237.553
211.262
233.139
201.953
236.005
185.922
166.874
165.391
202.657
227.826
203.858
260.012
246.104
173.054
236.885
226.342
200.36
187.433
216.707
202.932
229.145
223.482
176.51
220.447
194.61
185.565
206.815
153.24
210.593
205.528
251.274
233.426
216.372
180.27
199.026
239.497
229.505
194.112
194.913
214.604
224.67
197.828
212.243
173.878
202.532
173.876
169.972
173.505
213.922
200.777
194.149
219.191
207.969
227.587
234.462
254.71
166.551
224.046
192.581
188.495
262.29
220.686
163.365
207.13
198.523
223.746
172.432
236.482
185.659
209.029
227.169
200.88
251.566
219.007
191.423
216.879
176.197
229.427
200.907
177.027
242.306
185.276
222.096
188.948
229.151
189.88
167.393
225.482
202.809
199.762
228.402
213.244
243.239
209.257
185.831
206.944
215.809
233.959
174.603
192.832
232.817
194.417
226.463
230.569
196.605
240.349
220.502
235.731
226.032
226.025
238.215
201.824
204.221
245.054
229.68
207.585
210.209
182.239
202.848
186.12
225.719
196.012
175.708
222.931
203.252
177.292
186.1
215.366
219.745
205.356
219.705
179.239
175.589
231.555
231.904
235.805
181.88
162.856
197.669
205.637
196.828
261.374
233.339
206.293
221.239
206.198
185.407
184.796
180.016
196.27
181.679
190.171
195.38
228.601
185.397
206.556
198.236
182.771
200.358
206.839
238.187
235.902
183.649
185.857
237.539
202.244
202.55
188.879
224.789
167.788
237.281
184.134
227.915
201.511
182.597
209.911
184.342
207.842
232.812
158.724
221.67
190.082
225.744
220.022
189.754
240.968
224.915
268.785
195.65
181.668
169.853
205.87
173.634
202.576
210.288
175.4
215.357
150.897
224.869
225.676
135.307
198.806
171.967
176.02
219.601
203.219
232.356
212.585
151.413
160.742
205.128
219.411
248.402
237.913
211.852
194.081
198.491
165.097
224.789
162.208
234.031
199.201
197.673
202.945
190.623
206.836
245.509
252.019
209.685
177.49
219.718
288.086
208.655
175.015
223.103
195.144
195.243
196.204
153.694
203.555
197.553
214.852
196.515
244.779
181.353
230.851
174.219
216.066
219.008
241.54
196.2
184.133
196.629
213.97
206.095
176.735
196.862
218.965
217.308
196.209
172.389
201.588
247.744
201.255
170.931
183.872
211.083
200.405
184.405
179.938
209.724
194.088
184.463
195.668
226.304
183.438
258.876
209.221
158.466
213.667
200.714
282.6
204.008
188.673
204.582
243.222
234.072
222.677
180.175
174.631
224.089
210.047
234.799
215.766
185.81
227.167
173.661
236.305
196.183
230.473
192.395
241.613
225.082
257.968
179.462
226.787
186.399
212.913
206.908
214.97
210.775
180.393
268.433
190.425
219.719
187.071
226.714
215.564
233.346
205.133
184.38
206.156
206.153
199.934
201.588
233.588
209.551
224.932
220.191
184.415
159.741
196.684
171.167
227.214
175.391
204.423
184.803
224.48
234.596
170.943
165.843
240.625
192.255
251.196
225.08
191.517
208.834
187.437
207.881
203.805
179.93
159.429
225.737
202.404
175.519
202.888
201.627
196.561
215.367
239.461
190.169
187.814
217.014
229.601
259.836
180.294
179.758
210.698
201.446
195.892
202.732
184.428
227.937
207.646
209.347
202.171
198.005
204.551
204.937
222.934
202.775
188.829
214.266
184.046
193.299
231.554
193.413
206.33
217.357
208.001
197.131
217.588
226.433
204.1
207.067
220.411
188.224
243.446
192.39
173.449
210.515
204.243
180.62
169.116
208.11
216.485
165.723
208.49
215.698
240.556
184.838
253.469
225.772
215.614
175.246
185.728
186.828
196.237
192.184
203.472
187.534
206.031
228.018
207.021
189.906
206.015
216.204
214.882
211.991
194.092
196.921
197.568
218.922
189.684
198.615
192.049
192.3
240.143
250.124
243.079
198.454
233.191
218.353
180.496
167.414
245.661
235.913
138.494
196.627
242.151
199.799
182.72
195.643
218.067
169.061
214.958
173.11
221.098
220.358
221.181
181.054
207.797
242.502
220.857
233.498
209.953
227.255
175.938
167.545
179.372
217.107
201.438
158.175
169.812
187.774
214.019
219.728
178.965
209.695
220.781
222.786
210.864
217.116
212.447
245.406
155.047
211.751
192.267
207.388
194.291
218.861
205.077
229.524
196.021
203.333
186.486
196.856
240.139
226.968
190.251
222.092
202.973
180.075
257.677
196.448
211.511
194.01
224.064
190.742
207.532
209.788
169.756
254.705
196.734
214.836
215.338
185.822
156.811
217.04
211.73
223.586
197.206
186.461
230.527
200.648
196.106
200.762
190.124
237.464
190.475
201.774
163.36
208.239
225.412
162.848
289.041
179.964
137.757
186.383
244.075
233.766
194.618
234.631
221.203
210.952
173.27
193.565
217.202
188.574
209.638
233.44
213.736
231.079
156.736
246.256
174.218
187.119
236.918
238.64
169.35
236.306
185.032
244.949
200.623
181.511
179.2
230.59
227.565
205.375
200.524
188.604
203.24
231.604
169.682
171.802
204.378
184.113
247.565
175.959
186.706
214.118
211.335
221.133
215.063
192.911
184.324
233.379
218.519
188.033
207.604
215.269
247.372
215.996
165.087
217.916
175.837
200.324
222.514
245.867
206.199
179.107
161.159
222.565
201.278
155.805
202.996
223.511
197.627
211.385
228.667
192.384
184.806
232.402
218.149
213.805
214.877
230.727
198.641
181.485
215.917
246.205
206.258
261.616
193.838
201.729
223.952
203.14
200.361
185.787
227.962
173.678
201.894
205.609
190.694
235.688
190.551
285.437
221.386
207.84
210.091
170.536
239.807
226.467
191.63
224.04
185.55
165.714
225.504
231.423
240.816
211.17
256.841
172.45
192.621
178.479
191.026
190.253
218.071
186.226
197.895
217.625
210.869
186.461
231.791
195.42
165.811
223.657
185.482
230.62
170.803
257.19
205.303
216.327
202.2
192.178
223.144
197.132
198.032
202.893
198.767
276.062
237.308
215.036
198.692
227.612
180.585
211.537
191.064
215.255
164.478
174.916
215.294
180.133
173.855
218.976
180.671
193.41
183.488
161.283
163.787
207.371
253.354
237.759
225.348
224.434
228.06
198.053
185.873
188.425
152.381
171.305
210.498
174.448
203.084
207.773
205.197
182.273
214.179
165.809
198.41
233.935
174.736
202.303
210.952
260.72
193.873
218.477
181.086
230.705
257.75
172.536
213.185
200.933
244.261
193.264
233.246
211.388
198.866
198.372
191.014
232.45
247.654
219.233
206.324
228.562
163.896
200.571
168.26
216.654
246.172
197.779
203.167
213.304
192.401
226.863
213.775
234.618
191.354
242.653
182.41
228.82
201.344
230.916
207.938
211.173
201.491
204.013
182.52
232.972
168.891
230.578
202.182
156.386
178.996
184.605
248.9
211.503
206.873
221.162
178.61
211.751
153.017
174.184
198.818
181.844
213.698
171.276
191.745
218.654
207.904
193.646
157.147
176.175
222.779
155.141
174.96
217.461
198.951
233.564
204.309
177.643
206.495
174.623
224.607
205.154
191.7
213.839
185.2
178.749
189.405
191.396
205.841
162.209
184.113
190.765
171.139
182.898
204.586
211.267
240.016
221.668
209.631
229.085
177.33
207.124
214.07
193.846
241.105
237.131
187.439
190.929
240.295
189.501
195.148
210.132
183.675
246.506
165.858
224.742
182.647
244.116
188.242
195.372
252.605
255.52
232.984
207.3
242.574
221.592
199.436
213.606
233.909
213.109
214.592
224.575
195.369
232.357
151.508
222.235
201.523
229.425
245.291
216.081
205.521
230.676
215.458
165.767
250.269
173.149
249.417
196.227
214.121
198.017
202.772
206.206
199.298
230.174
218.826
179.135
252.748
197.237
211.408
196.204
192.226
177.854
233.33
220.35
189.061
207.071
207.522
207.032
180.049
222.73
224.568
226.351
165.825
205.162
165.141
232.735
224.293
237.179
239.976
186.384
241.251
224.839
185.445
187.038
190.469
148.854
208.317
192.734
221.246
215.538
228.314
192.282
213.095
200.893
207.715
181.337
204.14
227.978
177.829
197.317
212.948
228.238
228.86
228.756
211.717
225.564
179.126
207.561
199.408
167.298
237.627
184.536
238.741
172.713
214.766
195.794
199.244
188.92
187.49
205.585
180.931
200.834
183.635
234.185
197.682
185.58
181.044
266.912
244.165
186.926
211.157
212.965
223.886
173.169
186.054
259.619
220.662
195.644
193.691
163.641
230.508
227.896
215.564
206.161
225.901
167.01
160.694
171.278
189.019
221.552
231.031
222.957
187.588
186.774
211.765
228.125
180.639
186.548
194.123
209.404
198.308
163.55
180.283
273.441
256.783
169.051
171.972
205.064
203.62
181.693
203.422
154.641
180.447
239.26
199.931
204.912
208.722
211.1
205.67
176.998
212.79
169.226
253.465
207.213
213.918
224.687
275.43
194.832
206.954
192.933
213.976
228.101
230.745
178.877
180.097
195.531
275.597
271.552
190.451
171.145
235.231
231.89
140.969
240.324
214.04
199.447
205.832
211.085
239.056
228.849
213.599
220.744
221.447
202.146
243.114
257.013
254.655
155.118
213.183
202.775
239.923
202.419
201.961
186.748
195.993
212.792
183.975
183.259
247.751
235.887
218.472
169.828
210.328
196.584
243.451
187.696
210.867
176.612
198.558
215.601
206.282
191.142
170.387
173.265
211.577
227.954
192.971
189.273
213.217
231.277
215.125
228.518
196.84
201.162
169.389
233.538
139.634
178.031
221.525
165.953
191.538
218.16
225.69
206.426
186.004
256.64
232.668
189.939
183.352
218.782
258.691
222.767
198.748
214.156
203.714
171.788
194.575
183.189
222.641
183.473
209.766
224.436
211.446
202.81
207.57
224.134
193.922
158.954
204.037
183.028
230.62
185.337
188.679
237.298
196.743
269.357
205.716
179.667
218.527
178.261
180.751
188.185
186.814
193.63
229.744
189.702
203.569
212.669
217.786
189.509
189.23
190.698
229.864
235.641
251.83
183.079
204.529
197.511
221.228
226.426
158.676
224.414
197.688
172.938
192.285
173.148
190.098
242.643
201.518
220.55
236.27
230.542
226.802
212.519
180.283
214.653
203.962
258.889
193.264
244.598
199.633
220.48
257.106
253.656
232.062
203.865
193.446
196.179
207.452
202.586
194.685
231.378
207.156
240.192
180.739
234.33
210.133
187.913
212.806
170.725
190.259
223.417
196.475
200.068
212.247
187.495
207.443
265.666
201.546
208.223
208.475
242.068
238.549
169.503
237.084
237.631
182.394
178.082
185.873
185.453
169.805
202.019
227.489
192.996
246.487
184.033
214.088
195.359
197.909
228.233
184.346
199.184
206.511
253.06
215.536
215.218
178.513
224.494
268.915
162.358
213.328
227.289
202.539
208.525
224.587
230.328
219.421
186.801
211.438
193.534
217.002
246.89
245.921
234.428
249.824
169.219
185.046
202.899
206.906
218.758
234.566
257.503
209.042
215.577
176.094
188.129
202.433
169.403
177.74
213.105
200.785
211.172
209.361
203.866
208.143
193.485
212.123
215.065
217.086
283.097
223.213
215.544
222.745
204.685
218.033
213.628
225.55
248.921
238.778
201.821
204.931
158.019
227.142
204.677
202.1
223.307
209.299
198.147
165.942
165.092
205.524
212.414
264.156
236.965
173.636
275.734
167.238
196.912
244.497
220.308
177.438
254.832
210.233
250.049
197.116
245.617
145.666
237.233
173.723
153.161
211.376
200.952
242.486
212.086
162.272
197.469
180.504
226.821
203.154
265.078
208.735
233.865
254.025
226.875
152.974
221.785
221.782
191.365
195.398
253.14
158.817
226.821
214.058
202.575
201.431
264.255
234.992
179.125
193.543
183.275
246.531
217.056
214.909
206.568
248.278
209.521
216.253
242.539
238.203
233.526
158.449
227.771
195.13
174.139
194.903
191.813
195.942
207.58
201.37
235.793
239.077
206.559
236.886
210.19
187.022
252.125
208.11
191.38
250.229
192.779
193.109
212.425
193.846
253.594
187.483
231.887
178.824
176.317
209.869
243.324
226.201
197.166
208.343
185.781
210.845
200.934
220.265
201.566
270.859
215.364
201.336
226.868
242.377
198.958
160.374
203.602
221.486
199.498
244.322
233.761
208.087
246.882
217.294
253.957
215.023
166.653
215.529
252.49
219.636
267.793
244.935
217.815
204.95
185.856
197.597
164.336
219.315
232.806
216.7
171.33
167.331
170.116
188.023
198.273
222.32
208.022
180.868
271.461
217.844
226.597
261.432
197.621
188.928
180.29
217.96
203.394
159.545
214.751
182.357
196.761
164.294
181.561
189.71
242.058
255.272
197.761
211.591
189.849
168.462
165.473
170.811
219.37
235.515
190.35
246.172
177.858
191.579
201.707
222.619
166.663
185.936
201.29
215.139
233.428
203.335
250.528
223.537
207.105
204.177
174.736
230.161
231.498
199.027
210.022
213.921
190.104
194.147
181.781
193.422
207.079
222.039
208.417
207.695
245.471
201.526
256.574
209.808
195.512
233.368
249.396
167.725
216.706
165.04
214.505
223.634
215.383
201.021
237.704
161.873
211.994
216.96
200.694
209.163
228.139
263.954
225.078
202.777
204.344
192.399
244.227
201.701
192.873
213.916
216.459
190.269
155.165
208.231
194.923
172.438
169.36
169.674
203.657
194.203
202.464
222.281
225.946
277.722
231.208
201.364
208.697
183.89
214.61
210.283
221.751
191.917
202.586
188.571
229.695
205.32
192.977
199.363
186.857
190.372
145.086
236.651
226.86
213.755
212.771
194.322
145.82
231.771
291.151
178.992
220.796
188.169
212.063
217.393
264.018
235.919
190.858
182.728
215.127
187.547
262.032
222.486
152.824
222.9
185.237
173.778
210.777
227.972
235.551
212.096
200.054
177.972
207.963
214.244
219.84
181.169
211.386
169.871
209.314
188.359
179.254
226.912
151.885
246.518
216.698
175.58
194.964
220.345
190.984
183.618
173.016
202.717
207.172
186.046
188.791
180.172
241.09
186.014
230.369
259.682
179.654
223.657
232.136
179.781
210.567
227.037
224.18
147.67
203.535
226.9
176.98
261.26
201.634
170.06
226.469
255.555
206.943
195.954
239.855
235.658
243.258
208.455
220.357
176.926
202.289
216.883
240.229
176.494
221.33
173.367
202.072
234.622
166.834
198.951
200.511
223.617
175.211
205.459
221.554
175.217
180.542
213.331
180.764
212.565
205.644
236.364
167.434
174.516
205.063
253.577
203.384
196.213
204.374
236.308
171.508
170.497
186.766
190.315
231.969
185.118
198.7
235.938
232.44
209.076
169.601
193.012
181.455
225.283
211.185
217.367
211.303
181.243
190.586
252.246
229.171
248.269
184.586
202.89
192.62
240.597
201.076
160.292
208.299
220.295
183.076
219.461
195.619
178.511
238.201
219.905
203.38
201.537
160.087
174.632
216.287
207.157
186.457
208.87
188.428
171.712
233.564
229.309
235.917
220.806
168.936
273.188
220.036
196.539
198.689
217.456
250.242
168.277
217.205
226.491
186.73
192.808
243.517
190.705
207.736
215.578
210.083
199.663
183.263
202.224
210.467
236.052
179.217
213.576
221.23
169.251
230.22
234.849
186.469
169.884
204.331
230.23
236.542
165.553
262.226
224.161
209.599
184.545
237.463
187.091
226.388
205.825
185.739
196.767
211.76
217.999
211.496
201.445
176.146
198.085
149.889
192.724
230.401
226.501
241.496
214.728
172.547
207.843
190.231
214.098
199.083
210.042
217.867
206.112
207.665
167.835
210.525
170.278
205.933
203.648
210.356
198.028
183.888
190.498
189
226.507
185.724
219.144
216.167
205.399
240.91
230.956
199.203
221.152
238.548
190.056
216.71
228.551
181.089
194.226
219.406
220.127
168.104
178.108
194.69
198.093
204.281
227.034
207.746
210.945
198.554
223.003
197.396
244.494
224.119
225.433
202.423
241.951
138.13
169.286
179.037
178.781
217.848
226.555
201.729
187.572
209.936
162.67
180.146
210.304
235.903
165.823
219.042
170.76
205.5
192.97
221.642
194.748
245.718
241.169
183.786
183.868
243.941
170.731
183.111
174.595
206.414
193.182
218.245
188.824
202.959
211.083
248.216
223.176
212.255
208.568
231.946
224.102
192.379
203.802
241.62
180.09
185.455
187.556
199.904
219.433
213.947
185.1
211.174
202.285
208.217
182.138
212.351
212.348
227.375
189.737
216.423
157.235
215.593
224.484
171.99
182.916
168.028
211.115
229.18
186.522
259.139
229.091
204.681
220.199
200.378
251.649
228.974
207.079
241.412
215.785
220.884
206.306
206.544
206.003
202.069
195.941
238.855
207.583
221.964
196.021
200.119
264.803
183.132
261.513
169.6
226.797
209.71
223.918
219.111
237.928
207.85
187.338
216.828
221.143
205.896
236.631
212.434
215.901
199.986
175.108
205.162
201.824
262.395
230.931
229.247
227.217
175.646
191.191
240.066
169.551
222.754
184.824
220.421
189.433
199.383
187.67
226.493
199.186
183.118
195.586
221.031
227.103
195.243
224.637
182.578
166.455
186.885
207.339
191.552
205.421
210.308
231.025
194.964
197.414
207.549
216.312
216.874
225.391
160.242
208.991
220.588
232.957
214.968
234.245
268.828
208.334
181.812
173.798
185.315
196.592
246.253
231.141
224.778
183.13
214.105
180.871
203.865
193.801
170.545
232.996
197.323
156.793
177.754
221.785
144.04
185.446
254.004
193.356
181.336
201.223
178.864
204.362
228.03
232.248
199.966
244.984
223.98
257.085
172.35
210.135
186.86
188.518
203.651
225.758
187.166
214.469
219.973
204.937
238.222
182.306
206.141
183.679
216.274
228.645
185.624
221.652
185.389
191.645
203.044
210.904
200.398
233.646
240.362
192.681
215.935
205.228
201.883
196.649
186.505
224.699
224.622
186.417
208.402
207.172
199.477
194.64
176.133
197.349
212.38
238.099
218.255
192.04
169.042
201.34
236.717
229.703
261.577
215.52
231.329
191.099
235.489
232.265
242.56
196.826
161.153
202.491
164.89
148.731
203.447
227.871
233.167
207.869
214.936
226.446
235.033
183.837
186.294
183.899
161.537
214.156
217.248
208.033
210.272
203.438
191.426
242.019
141.058
239.556
210.275
179.143
216.146
233.879
217.416
219.109
231.43
224.463
213.793
202.142
237.748
191.962
261.27
182.941
215.048
157.939
210.777
215.867
184.258
236.705
241.279
175.739
254.533
190.213
183.862
215.852
232.776
207.991
181.912
211.653
204.383
240.73
201.35
211.209
188.794
217.652
181.04
189.009
202.909
248.943
224.911
245.644
216.639
187.26
179.737
225.842
212.195
203.63
242.846
200.33
224.244
217.216
227.316
212.938
212.756
225.717
188.547
203.514
203.028
243.13
216.127
210.692
175.213
257.164
227.881
224.192
241.214
201.285
216.013
202.636
143.28
222.112
208.962
198.102
232.858
212.037
172.364
176.316
239.207
207.373
225.263
188.751
167.204
202.608
210.55
247.401
207.915
215.016
186.47
190.319
238.039
209.327
182.992
219.236
207.154
195.18
221.366
242.549
202.249
209.574
185.141
187.973
208.715
178.109
203.303
197.503
230.331
230.307
216.8
216.804
165.74
201.885
153.585
204.615
206.022
206.453
244.785
236.826
192.067
198.152
212.152
172.012
179.351
176.569
221.417
183.66
169.973
213.364
199.446
195.604
188.807
199.19
167.213
202.074
214.171
232.513
223.119
241.012
188.596
244.179
192.945
213.459
247.03
180.614
245.089
214.833
203.884
211.429
184.937
184.2
230.454
202.641
231.91
236.144
227.648
284.935
179.786
211.66
193.082
221.115
213.608
243.664
194.69
172.639
213.854
192.597
213.537
230.239
193.207
182.987
232.067
212.105
171.248
214.737
191.425
166.488
212.267
216.151
219.56
189.244
216.603
186.62
226.302
195.879
228.187
215.721
261.726
217.879
223.383
215.927
209.586
183.16
235.779
180.798
189.458
230.639
277.396
204.72
214.162
189.926
229.002
226.736
222.169
174.769
211.098
175.11
220.157
232.797
202.904
218.131
165.748
231.484
202.894
221.168
223.32
239.13
222.148
211.39
196.401
195.372
207.961
225.29
247.851
210.664
268.811
185.877
220.625
230.975
260.137
226.317
204.827
178.381
219.341
222.924
190.441
196.569
182.949
198.865
175.155
227.469
185.983
193.351
200.666
216.045
192.409
174.301
222.279
194.565
179.272
203.78
251.116
274.661
224.661
213.033
238.92
182.831
200.803
214.605
195.649
207.208
195.714
171.27
240.66
208.576
196.185
175.408
205.073
216.243
257.173
211.669
213.277
224.819
216.034
215.117
184.754
249.067
186.738
188.175
224.766
216.157
225.671
201.723
203.564
250.386
172.803
195.385
205.577
217.727
193.123
233.998
176.057
217.654
167.085
227.469
233.517
174.404
214.036
230.139
217.343
186.079
175.502
206.29
211.463
191.76
188.297
275.157
205.269
193.656
202.705
208.717
218.496
254.845
239.351
214.914
221.377
176.809
254.489
162.191
278.489
234.311
180.675
194.199
175.717
258.177
226.495
220.292
203.94
170.057
211.67
228.373
206.347
202.314
196.42
259.074
208.594
182.111
211.249
176.53
232.257
184.68
247.058
235.442
215.426
181.375
154.1
244.423
234.849
220.585
208.008
194.092
220.212
221.792
197.275
196.063
190.308
192.993
206.332
231.974
219.6
238.481
188.499
223.989
245.735
207.582
202.636
225.268
145.174
184.208
179.955
177.435
184.9
211.558
221.71
176.862
171.527
251.465
245.98
163.237
183.275
239.077
207.555
203.069
207.873
241.973
222.163
160.666
197.354
210.108
206.801
177.244
220.576
199.778
224.449
195.714
212.375
193.077
223.219
227.096
229.707
197.035
202.319
246.984
210.125
171.284
182.308
187.593
198.56
207.729
219.017
201.665
203.503
173.989
205.318
240.845
184.811
193.21
200.83
238.008
200.609
211.944
207.748
192.315
179.633
194.905
179.836
232.629
314.371
172.755
226.755
208.458
228.568
247.736
241.333
200.757
220.598
197.493
245.025
190.815
199.469
197.483
159.994
201.603
227.513
194.345
217.309
224.563
183.274
198.654
184.608
229.058
206.391
200.813
223.588
183.674
185.734
194.825
174.505
236.044
188.177
220.521
209.211
230.248
172.586
245.641
150.583
201.042
165.075
248.354
181.321
238.878
238.253
157.111
164.441
205.356
193.842
189.182
223.299
240.509
213.851
230.2
193.473
184.026
211.033
224.896
202.658
222.232
171.566
192.769
201.937
209.109
243.501
233.101
198.97
190.006
188.619
198.364
216.795
172.354
184.913
207.479
207.696
195.682
176.116
202.778
162.064
216.787
210.553
173.02
243.251
241.457
193.064
192.701
262.028
172.131
238.374
173.047
212.77
200.18
194.103
207.161
181.81
267.565
232.472
218.354
249.862
231.779
197.808
192.472
177.817
195.455
244.889
207.272
221.356
141.535
184.61
229.386
203.032
194.062
173.55
204.819
213.19
198.262
178.231
198.761
259.105
228.286
192.684
192.461
207.786
174.896
226.328
211.104
240.544
181.549
193.338
225.988
213.527
229
213.76
269.955
246.158
263.619
175.314
182.261
207.21
193.264
219.619
182.963
195.977
218.879
197.318
244.663
202.078
168.971
212.008
178.119
197.78
219.981
183.819
228.525
189.455
222.607
209.462
215.599
230.653
231.767
220.253
204.712
181.614
170.7
195.237
189.407
275.309
211.758
205.306
222.211
225.907
259.075
207.812
170.116
224.019
190.377
174.978
214.886
179.205
190.674
193.235
259.18
209.126
242.649
211.337
213.373
211.942
242.173
150.523
229.031
193.648
213.358
213.055
215.272
217.629
163.664
239.695
212.142
247.647
188.975
208.515
183.274
228.196
284.389
225.447
174.147
187.203
184.233
193.444
235.921
216.49
194.675
172.093
189.283
205.741
191.397
203.184
202.374
207.681
175.437
194.845
248.86
222.363
193.382
220.984
210.721
188.696
221.346
190.985
206.507
241.67
223.328
196.104
186.423
171.231
226.751
238.536
177.243
172.913
185.118
222.504
178.171
220.697
216.068
175.818
235.738
208.834
223.106
200.808
219.698
170.107
192.249
233.617
233.342
187.548
208.294
196.843
232.655
198.648
251.562
192.619
208.617
199.5
225.43
209.301
212.534
263.072
201.141
183.511
234.036
160.339
211.342
218.713
207.172
203.911
197.765
229.056
184.24
204.299
152.555
226.334
216.789
176.389
256.628
224.638
242.557
234.243
248.17
226.199
196.94
194.506
228.528
157.571
210.578
215.75
211.43
233.006
214.864
180.852
176.56
173.036
208.339
216.165
195.385
203.385
257.82
183.767
233.85
205.399
226.753
202.609
196.421
179.052
240.658
249.514
211.932
169.437
232.547
196.726
190.527
219.714
234.108
186.865
190.862
223.254
209.252
138.461
209.158
239.203
261.409
232.813
173.035
229.469
166.963
244.987
206.941
193.66
249.729
240.933
200.456
231.759
189.247
211.913
216.774
207.251
285.135
159.535
197.697
213.427
205.896
196.508
232.148
193.145
217.837
209.135
270.666
190.656
248.824
187.772
200.439
230.103
224.413
178.56
190.183
253.579
186.169
239.236
211.178
233.366
187.566
234.2
183.34
229.985
216.403
169.749
201.193
177.634
193.718
239.989
157.878
174.559
177.105
214.14
246.239
208.019
219.106
190.871
215.053
176.2
206.375
212.957
205.166
252.159
232.594
191.17
193.92
240.138
182.208
213.504
220.742
197.49
256.173
208.128
164.85
214.822
187.763
208.236
170.759
226.217
176.406
199.194
191.365
185.653
171.818
213.544
259.631
220.735
208.193
175.071
204.723
182.442
242.697
234
209.813
225.389
210.656
225.428
237.881
195.525
230.163
197.555
224.977
185.941
194.592
217.42
222.716
239.261
189.278
219.599
180.066
211.176
178.454
181.746
239.349
180.65
199.235
196.273
205.196
208.66
179.892
178.536
210.117
163.883
227.501
193.339
221.214
202.691
197.751
205.056
182.123
204.959
214.582
216.088
206.907
220.648
207.564
231.572
224.027
227.762
234.689
205.303
218.897
179.071
216.256
252.561
182.688
191.051
232.141
221.771
164.92
184.991
214.495
207.887
208.591
243.75
227.752
185.11
201.719
214.316
226.733
217.793
230.315
213.537
188.332
199.245
212.316
228.516
216.38
213.999
217.482
248.505
213.318
204.503
211.267
209.013
239.572
228.297
211.607
204.754
167.489
216.403
234.974
177.528
196.517
209.344
220.922
241.071
202.756
244.523
196.296
175.584
236.488
202.517
219.559
172.074
180.924
199.381
194.185
179.967
223.802
200.667
207.336
173.575
220.49
237.421
221.572
260.727
175.435
213.628
166.256
171.056
180.789
241.076
173.729
229.697
248.036
204.786
192.95
250.051
248.711
181.545
162.289
204.549
187.98
230.229
198.024
156.757
213.441
225.557
220.535
206.775
177.177
257.066
179.772
225.764
218.524
217.831
211.163
202.453
235.154
179.343
218.672
206.921
229.74
160.003
175.951
193.656
239.158
193.586
210.446
197.104
214.793
210.388
184.643
238.348
190.824
189.593
209.956
216.182
248.492
253.741
206.827
207.377
150.949
221.127
206.664
254.042
226.78
163.081
183.937
198.011
235.882
204.857
198.636
225.894
211.68
196.364
214.726
210.38
209.133
181.532
197.989
213.482
171.77
139.897
172.129
218.603
217.803
193.325
165.265
207.404
207.021
236.725
207.38
226.97
256.231
223.94
243.937
200.917
183.422
240.426
181.436
213.528
239.007
237.415
214.653
242.884
207.447
233.571
223.554
221.461
195.944
174.631
209.811
206.839
212.022
219.34
201.052
207.858
197.924
175.263
241.542
171.459
205.969
201.06
171.939
224.795
213.076
181.583
175.479
247.265
216.053
221.337
254.817
171.009
174.535
248.766
244.789
214.512
201.452
177.445
188.687
212.197
198.336
191.905
182.916
213.564
200.572
222.645
156.688
202.309
207.025
186.903
239.131
218.577
256.969
234.899
198.898
207.98
219.042
202.706
214.072
189.017
167.627
184.061
181.1
200.377
244.51
246.724
234.404
201.366
195.16
197.644
188.892
213.724
219.063
183.913
246.874
167.412
143.323
223.629
203.072
269.664
179.482
232.051
176.93
172.961
183.544
184.111
211.537
241.285
203.272
172.486
186.284
239.704
174.41
186.425
266.503
206.729
217.473
225.012
197.862
