933.143
1021.62
994.3
869.828
1029.41
1002.63
1022.81
982.589
1008.19
907.903
938.181
900.381
879.476
1094.25
855.176
977.954
941.122
903.042
992.947
973.213
951.866
903.957
809.124
1016.59
950.358
998.206
868.039
949.577
992.231
885.355
955.395
894.375
807.614
937.027
896.88
853.269
875.031
836.535
984.187
892.86
1018.92
856.998
979.065
1006.01
912.081
942.987
934.188
1069.06
955.365
913.052
984.113
913.361
892.458
918.061
928.716
852.095
912.626
970.185
981.822
910.428
921.728
947.169
1112.9
850.989
1057.25
902.961
786.602
981.114
888.898
960.18
976.346
959.107
970.333
955.641
821.048
988.96
959.901
1008.91
822.024
950.854
940.891
1051.77
847.868
914.927
899.069
984.388
891.678
906.489
1026.74
953.377
945.294
985.797
1070.08
928.612
1002.52
991.501
995.6
965.958
952.894
1102.95
1009.99
1051.18
991.295
1044.18
834.79
853.425
957.503
897.734
895.65
919.176
1065.24
924.465
833.667
994.415
1025.84
773.603
945.527
1011.23
822.113
990.791
1012.92
902.336
1013.13
1026.18
893.221
1108.63
1073.32
902.218
986.791
974.343
1078.33
893.833
830.647
872.893
1052.12
769.127
1059.87
936.663
986.654
922.423
909.87
883.125
1004.51
987.029
878.748
884.317
981.936
922.246
1037.24
1010.13
885.139
973.842
1009
962.168
913.73
945.771
979.888
917.785
950.013
888.493
874.094
987.285
999.201
911.82
943.775
913.626
891.729
858.904
900.781
999.621
764.695
954.319
900.976
903.743
943.709
989.62
1024.43
929.883
876.329
775.756
949.733
996.181
917.052
953.442
1002.41
1042.1
1015.81
808.511
929.684
1011.29
922.059
966.791
965.314
861.037
1001.54
958.551
934.185
961.271
977.25
945.566
916.885
1004.76
942.023
901.815
1113.94
966.933
978.481
984.234
992.513
977.965
931.538
913.157
986.419
890.055
1075.8
934.536
923.969
886.557
1006.07
850.332
892.078
886.657
913.847
976.745
961.383
965.3
962.565
940.677
986.659
983.392
928.483
1017.51
894.002
847.472
897.373
907.165
949.361
912.553
903.169
872.635
950.829
886.463
780.165
1010.96
936.3
941.085
899.121
942.965
997.937
976.651
1009.87
957.169
805.255
1041.09
970.493
984.289
965.585
935.183
1029.2
872.835
847.29
912.835
910.132
1070.57
981.7
903.723
908.146
961.568
965.323
947.889
897.233
984.694
992.358
1069.33
1050.07
950.683
928.827
863.662
1013.16
940.467
871.381
856.588
997.572
926.811
962.901
919.258
1011.44
969.664
903.954
1041.9
952.613
902.007
903.846
1034.55
999.726
954.033
1009.05
866.987
975.165
854.949
970.617
1011.53
950.152
897.043
916.863
941.615
965.355
913.316
916.455
917.972
888.935
1038.04
831.623
911.532
946.99
951.958
1032.76
922.981
903.286
879.45
944.542
880.706
910.193
826.848
975.533
1018.9
1046.61
889.587
960.86
911.961
977.202
940.633
927.56
853.686
944.893
958.021
831.347
935.755
867.724
925.7
942.248
988.243
996.684
832.127
988.226
1058.9
890.207
941.203
1016.48
989.044
1013.75
1005.68
954.154
942.236
942.107
960.629
937.419
995.046
894.96
892.53
956.623
915.783
939.704
922.124
901.386
870.328
1033.29
938.034
981.682
921.022
1054.69
899.174
1036.02
1012.38
955.15
902.195
1037.87
964.692
927.527
921.752
945.45
890.675
842.871
959.406
833.877
1037.69
857.106
941.57
975.817
956.131
959.194
934.713
1018.74
980.99
1009.84
962.804
987.392
899.511
940.165
986.452
980.36
940.298
947.23
808.023
1034.71
849.671
983.565
945.84
980.531
1059.41
1000.24
904.678
916.695
1020.19
906.099
914.342
1039.83
858.144
999.762
929.25
940.533
931.806
1012.69
1022.45
956.485
994.673
857.415
853.98
969.603
898.628
986.583
970.811
909.827
979.323
1038.73
1042.82
914.78
1009.76
860.263
926.509
984.298
983.887
928.737
901.642
956.997
958.88
923.545
994.426
982.189
984.469
983.631
857.256
882.933
871.058
991.024
849.173
917.354
944.022
903.092
916.511
1023.92
976.1
896.906
937.344
1025.59
1045.7
908.536
937.429
904.794
873.309
972.948
892.382
1008.53
908.832
969.41
973.893
847.771
978.572
1018.85
1007.97
989.169
973.658
829.6
993.888
936.54
939.472
986.102
945.587
1005.47
963.908
964.761
930.042
1069.11
939.348
990.862
980.442
879.278
949.219
1013.43
1053.62
862.286
897.113
1026.88
961.206
1062.21
1022.78
1068.14
1021.19
1002.55
859.916
963.787
974.777
911.933
1012.8
921.293
877.043
1012.84
851.103
929.926
1014.79
939.956
906.006
1020.03
902.992
933.763
932.046
943.383
1031.57
875.788
892.565
926.378
904.239
1001.12
939.006
825.355
880.702
930.273
1005.8
904.227
955.94
952.91
907.941
977.779
844.718
1008.47
905.523
991.867
955.661
951.78
984.494
990.134
1046.55
1054.26
864.74
882.109
923.534
988.177
947.276
943.883
852.441
966.354
942.202
903.57
935.11
1008.02
1011.59
984.07
970.543
932.794
841.059
1106.18
960.224
944.517
998.256
957.835
901.202
958.445
964.985
821.468
829.998
949.46
1066.23
831.178
938.577
962.216
897.03
870.945
882.243
986.143
913.239
943.79
903.152
1072.06
905.226
926.183
973.824
1074.58
911.919
997.039
908.581
944.096
997.989
1032.13
978.613
982.065
883.471
968.016
862.471
919.1
1012.63
959.479
926.68
949.159
857.314
976.265
948.007
1023.3
932.967
818.264
901.395
1033.54
936.818
954.85
951.825
990.752
1003.36
992.53
980.421
978.877
988.373
955.283
965.157
941.838
834.11
909.769
956.494
862.286
937.601
892.494
1078.36
883.603
934.769
938.684
914.272
980.459
912.626
902.73
956.274
965.069
945.978
971.605
923.411
882.887
915.159
900.636
1055.9
973.334
865.341
968.17
964.475
977.186
956.718
922.331
965.567
921.184
869.731
1017.42
949.452
900.348
953.475
985.206
1010.45
977.368
1023.73
975.714
938.323
1016.29
986.137
978.596
999.409
984.582
848.794
866.606
979.998
936.14
1019.74
883.541
962.035
1024.93
949.221
983.443
956.736
1069.78
963.99
828.084
898.569
919.252
901.969
1093.86
959.05
910.446
1033.66
947.52
843.491
916.657
1016.73
971.789
1032.81
923.976
912.08
983.02
936.037
1004.58
926.124
974.109
825.389
893.066
979.484
994.109
1015.38
909.487
961.022
922.85
880.637
885.675
886.185
953.056
851.219
954.554
953.743
939.526
1016.47
977.505
952.455
884.895
912.771
962.563
993.434
997.508
956.381
905.448
926.718
901.528
1028.67
951.693
965.929
1100.17
958.22
1006.74
942.776
914.562
890.218
906.331
896.87
859.953
1010.73
989.37
861.371
817.516
999.476
879.896
925.604
931.411
960.531
951.736
970.082
1036.74
916.68
938.191
926.689
967.863
912.845
1000.49
919.622
921.351
906.24
948.752
930.996
879.316
972.06
899.754
960.084
1031.93
999.447
971.399
1012.41
981.006
988.492
908.445
1049.12
938.993
880.609
972.548
845.796
998.469
987.749
1127.11
931.741
945.043
918.515
990.288
857.226
1001.45
943.68
897.174
1001.41
899.049
871.733
876.184
902.247
812.615
884.35
959.361
891.82
994.461
893.601
952.555
887.657
989.018
950.656
959.726
892.554
901.081
976.485
969.005
813.497
860.435
868.28
1097.27
955.209
1051.01
1022.64
910.689
956.437
853.436
885.632
963.289
850.302
967.805
893.254
1090.5
885.751
972.069
1037.27
898.335
1000.36
849.979
846.741
885.516
1044.66
1058.54
946.02
934.341
968.031
944.041
939.56
1044.18
867.796
863.996
882.585
968.734
895.893
892.591
810.872
961.931
959.601
880.976
950.47
1002.39
936.097
992.766
1039.26
942.987
928.182
923.977
953.535
927.592
878.286
859.563
979.494
971.488
982.244
894.94
1015.47
859.296
979.216
954.779
931.214
966.767
971.061
966.662
919.042
962.165
811.169
901.074
920.946
817.507
927.801
956.899
933.545
937.434
944.889
952.433
809.607
1008.32
919.446
946.199
949.038
1019.16
946.828
904.315
828.587
887.608
1001.84
929.547
1006.36
865.031
969.973
1004.59
1001.1
939.123
884.146
967.682
829.024
922.16
884.035
918.114
860.57
979.531
982.284
829.934
950.735
988.382
998.3
957.276
881.899
982.274
909.972
932.28
926.909
932.622
960.092
890.566
912.988
927.189
927.853
939.636
1022.22
978.937
1031.08
995.161
967.134
874.776
936.965
863.563
981.832
894.243
847.281
1025.95
1012.82
1003.47
924.418
980.286
928.71
974.38
928.844
840.701
1011.33
891.063
941.357
918.754
962.163
914.783
944.959
893.327
961.032
966.054
946.931
1022.96
1014.83
950.621
827.234
927.983
986.182
928.251
824.167
929.35
935.328
895.733
927.124
984.406
849.44
928.77
998.368
930.956
999.393
950.188
966.564
1026.77
984.799
852.804
1047.88
1018.42
909.659
975.636
849.498
1063.48
955.62
889.099
932.806
943.638
867.914
938.918
939.101
889.234
905.235
960.27
989.799
850.198
948.419
1003.69
946.022
906.782
957.657
965.349
887.567
909.921
982.875
861.727
1015.82
938.204
985.045
1021.84
1038.35
912.282
1103.01
966.272
983.565
935.884
899.674
935.785
884.154
917.513
926.483
963.661
981.556
965.403
990.087
1000.47
967.62
972.941
801.779
869.208
949.249
977.213
864.65
1002.4
872.565
911.793
994.179
877.904
895.21
1058.71
857.312
1000.58
828.359
930.371
927.748
943.167
934.714
906.199
868.647
914.277
962.611
884.499
978.69
974.522
1037.61
953.759
944.86
983.751
851.265
887.799
875.92
938.385
886.889
847.307
893.075
875.425
974.578
1071.78
1029.95
937.022
919.519
906.32
1088.62
918.299
828.124
824.698
1064.11
959.356
932.167
864.098
908.977
900.607
965.089
904.131
895.895
909.694
943.478
917.965
867.1
1045.98
929.144
973.029
972.622
1040.95
922.883
932.387
874.48
919.689
994.491
933.169
1036.32
1059.57
839.379
950.258
915.977
954.078
927.879
993.041
925.624
986.465
894.571
930.39
1020.5
1081.88
937.81
933.639
970.582
1109.53
956.293
970.89
953.595
973.144
972.71
945.845
1091.58
929.709
1018.52
946.083
995.619
839.37
920.375
955.149
1006.99
963.941
961.187
888.929
943.236
897.14
903.422
923.824
962.172
995.405
937.435
958.055
978.09
858.457
894.329
928.389
957.737
961.971
903.091
957.046
884.362
928.274
1009.6
1003.4
907.688
842.747
906.802
872.62
838.65
961.031
916.515
943.312
988.475
910.068
1012.57
955.454
966.252
895.771
879.297
896.571
987.577
928.872
978.268
862.268
1047.42
1003.39
840.168
1048.45
1060.98
958.163
907.622
885.342
967.411
991.96
879.499
909.844
983.35
973.154
1059.78
916.555
857.787
809.465
996.735
958.223
904.796
863.102
985.615
888.61
897.383
979.078
865.179
910.788
917.422
816.03
922.806
979.385
997.584
986.026
996.472
863.793
903.298
1002.37
847.467
890.718
930.236
951.944
962.562
941.68
932.806
1117.53
944.684
1011.24
951.861
1049.57
968.235
943.206
838.526
882.803
917.695
893.968
878.677
998.136
977.402
898.787
1010.15
946.568
911.826
890.573
894.474
894.956
910.466
893.104
944.039
1045.36
1000.99
986.731
998.331
899.461
1044.04
855.666
937.388
976.319
959.967
1044.88
830.904
876.659
896.861
969.789
902.857
973.438
925.406
995.014
862.068
923.696
855.836
921.238
937.307
1073.23
975.353
861.74
995.256
895.185
918.188
867.301
909.194
954.305
904.298
986.325
934.636
860.926
933.791
972.345
1071.89
1011.91
895.393
982.299
1075.85
979.816
979.614
1103.74
1010.06
869.357
942.722
1032.74
1081.16
951.039
932.943
967.984
928.808
947.603
907.924
854.195
944.206
1007.09
1077.23
919.687
1020.02
1032.21
925.59
979.136
963.006
987.154
867.656
982.777
961.004
990.973
1055.88
1063.35
934.995
914.507
899.33
910.658
813.32
954.003
1010.16
889.953
895.686
938.517
838.463
935.507
921.237
909.572
903.274
972.799
939.052
921.955
963.289
829.462
979.235
1022.38
1035.05
870.106
857.761
792.259
896.795
921.883
933.581
960.086
893.147
956.688
1038.64
1097.74
964.809
887.867
1015.2
980.298
781.849
946.517
967.152
904.096
837.933
902.901
812.864
917.366
980.272
989.741
864.929
975.588
969.337
975.32
880.005
1065.59
853.702
850.512
996.67
966.134
868.122
1013.53
1054.96
943.346
901.728
1021.08
885.117
1034.51
928.965
974.646
890.887
946.941
931.315
859.044
936.422
876.028
1015.06
964.722
1025.71
855.137
862.944
1025.31
904.538
909.935
953.401
864.329
921.27
990.107
927.923
966.901
998.49
908.649
894.642
862.562
930.056
954.981
901.812
949.128
940.231
894.645
976.711
920.274
886.62
880.59
878.816
921.849
905.731
844.572
868.08
881.002
824.116
978.172
929.916
914.964
1019.54
863.811
1003.13
857.35
975.07
965.242
900.78
1041.01
850.69
824.308
955.089
925.283
899.296
971.105
963.648
890.843
882.047
983.13
999.038
962.809
854.575
1002.43
999.221
1005.62
951.746
1009.95
1006.26
917.125
889.281
977.522
906.367
878.523
1025.76
912.179
965.832
830.508
918.289
980.031
1021.04
986.598
968.632
991.89
901.239
823.808
937.684
914.699
876.488
942.768
907.352
989.949
957.821
1030.39
896.273
1003.18
968.039
984.374
869.135
785.856
1094.22
1000.68
904.133
893.346
976.852
822.776
881.927
840.028
1038.77
1000.65
950.271
932.928
983.4
911.419
1006.55
913.346
931.008
896.635
979.504
972.124
937.318
995.273
944.556
910.176
970.05
1006.02
1011.31
909.094
987.713
941.902
886.417
918.047
955.418
990.78
993.256
910.698
889.716
1056.46
928.382
1034.99
1013.16
849.185
850.306
1090.3
849.745
1095.88
1031.5
917.301
866.175
932.567
990.926
1047.02
898.514
993.499
943.538
1019.37
868.897
962.817
989.183
1006.1
949.814
932.065
933.563
903.134
844.975
1015.83
1107.56
967.457
950.986
955.892
857.659
956.473
998.05
956.009
938.35
894.753
954.941
915.971
794.946
990.073
902.464
910.557
904.893
929.921
927.501
911.747
1029.08
998.934
952.325
804.375
978.983
1035.6
1015.54
898.136
1062.59
973.526
974.439
916.252
928.253
850.172
886.599
953.644
907.42
1032.42
950.956
930.742
865.577
862.65
991.692
1039.71
900.823
879.002
947.536
858.193
985.441
876.468
995.921
1038.13
1026.8
880.797
942.209
1073.61
992.312
932.222
929.666
1002.24
1017.65
788.4
939.399
880.972
985.045
822.667
1015.69
962.889
1035.85
895.892
821.029
1070.49
860.994
1057.73
899.298
1072.99
850.947
854.756
863.625
933.833
942.04
992.73
936.667
1004.16
956.732
974.426
997.281
974.987
1014.72
917.859
931.064
1001.56
1000.91
1024.96
832.633
960.227
904.224
982.672
946.409
1033.23
957.111
921.107
929.995
977.74
921.488
866.959
846.834
972.08
1016.17
896.003
957.36
1008.98
875.595
889.189
954.832
997.942
895.442
927.129
878.854
867.93
904.421
902.375
867.414
781.991
736.949
893.741
943.989
885.242
931.885
835.322
971.918
1090.23
911.529
951.783
835.091
811.425
890.427
950.742
803.709
1019.79
914.519
1002.08
896.055
942.61
985.018
968.838
924.037
962.159
976.155
855.784
940.283
935.422
981.949
917.344
973.455
852.741
889.642
936.558
894.058
1012.78
829.573
884.507
967.283
964.807
985.874
953.393
947.92
901.122
924.712
963.802
905.516
978.342
957.537
1007.76
972.147
900.76
846.208
981.658
994.092
998.623
973.909
1051.27
943.909
892.081
924.631
923.802
899.976
918.644
946.548
914.038
932.924
913.577
975.449
952.506
1013.2
966.21
988.016
957.873
1051.87
975.987
998.565
923.696
923.635
977.827
874.098
867.051
973.443
869.904
1006.11
916.235
951.098
995.388
865.51
912.293
794.858
1096.21
849.373
900.92
929.958
924.804
953.544
1039.31
972.503
937.564
1038.77
901.02
962.396
867.266
881.989
964.466
947.746
919.751
843.327
894.22
1013.46
920.525
944.061
992.285
990.156
929.435
832.034
1051.43
910.578
858.408
985.716
1077.77
865.882
989.939
930.051
854.317
929.745
1007.76
1027.77
826.763
1032.96
848.1
1027.92
927.446
997.394
930.667
872.589
1000.15
1018.92
950.584
931.614
932.571
893.044
1013.32
1008.39
901.552
972.231
799.264
942.216
895.235
868.194
912.575
905.351
841.674
887.048
1001.91
948.051
900.513
1102.36
989.668
1019.53
862.363
847.982
955.296
1015.19
972.25
911.105
934.259
911.548
937.338
961.927
968.721
869.174
865.508
942.811
982.887
951.841
974.85
902.511
1019.75
993.948
972.475
885.658
881.939
886.857
937.672
902.914
895.437
933.879
964.403
869.484
1005.82
1027.77
948.99
953.57
831.726
826.591
936.264
951.271
1032.51
956.805
1039.29
833.14
1009.78
1091.4
896.806
1015.67
904.53
980
1075.19
957.015
972.632
934.248
1001.12
1119.48
1040.86
948.482
903.762
935.602
948.364
871.478
949.634
921.401
919.95
1014.45
924.826
844.055
963.786
1002.48
1065.03
991.611
927.563
877.203
902.231
853.114
907.483
947.516
885.71
816.373
1011.69
888.11
918.08
1037.32
978.516
940.53
968.132
849.944
923.851
1051.99
937.655
873.392
945.431
1025.43
993.104
941.311
885.826
1067.58
985.817
875.63
943.841
931.354
884.932
918.559
963.38
956.589
1026.19
1078.49
968.557
890.811
942.208
1032.42
970.724
969.417
929.367
923.65
900.589
1029.86
1038.21
942.486
929.915
921.66
1003.99
935.676
876.46
1040.32
962.978
869.948
1044.03
1005.46
846.281
873.252
1000.72
990.69
894.986
850.272
918.029
947.215
976.092
923.692
973.822
937.128
921.226
946.431
877.614
1007.09
945.964
852.176
987.631
942.011
1075.16
975.672
899.236
976.099
1020.82
922.762
953.783
899.535
921.298
865.982
854.998
976.931
868.62
878.416
1025.01
997.363
900.397
897.554
1103.59
967.239
891.122
917.987
884.168
962.7
904.807
936.519
984.805
964.874
966.948
927.494
977.666
981.504
889.915
919.037
803.374
1022.5
918.923
891.608
895.061
869.627
905.796
1081.91
949.828
1006.85
938.914
964.741
952.171
956.989
882.578
1204.18
982.134
1007.67
995.461
986.018
889.79
956.027
920.676
875.485
1054.34
897.543
959.4
1080.79
910.762
1059.53
994.926
938.928
965.079
922.207
881.076
969.506
941.325
787.885
1014.32
1012.11
905.963
918.513
952.23
921.046
880.062
906.494
1001.78
915.353
922.537
908.99
1008.24
993.13
821.046
1049.46
1041.82
998.085
961.389
940.371
1007.6
895.178
930.55
899.343
926.551
866.183
944.162
1019.06
951.999
1033.29
973.705
861.024
959.95
1006.53
924.454
977.261
872.119
990.981
892.407
814.004
964.983
1050.43
999.454
831.212
931.145
894.865
978.832
943.128
943.898
896.012
889.587
868.425
949.953
1014.29
955.784
905.76
958.857
962.133
838.5
932.405
841.337
827.95
1002.21
1021.78
987.558
969.908
1016.11
886.344
938.712
1110.42
984.964
909.08
954.435
909.932
1023.22
917.252
1077.14
1014.18
1001.58
1035.14
919.762
868.916
925.578
889.226
851.144
980.538
984.617
1030.28
1015.77
853.295
1037.02
987.606
901.313
903.043
993.248
890.704
856.509
953.849
1013.21
912.073
942.31
870.658
970.453
879.167
894.058
920.926
893.932
975.044
1053.04
881.946
1028.61
1035.52
958.565
881.354
989.213
1058.86
888.724
988.917
955.602
864.098
1041.87
938.675
880.022
894.378
916.349
847.714
965.585
924.958
1018.82
930.423
947.152
895.961
907.563
861.681
885.971
949.362
959.499
883.742
915.202
853.849
950.727
1040.39
884.986
976.561
860.473
865.147
894.776
913.981
1008.95
1012.18
826.749
886.327
1066.26
871.987
871.953
900.684
930.396
934.862
882.843
902.033
904.535
945.882
1029.67
938.112
983.313
1033.48
971.645
1089.02
897.838
910.722
989.086
1067.15
950.245
905.685
1104.5
1077.35
977.359
846.264
1011.84
869.101
897.031
916.334
980.165
858.831
850.614
916.101
939.729
922.921
973.204
876.238
917.855
801.014
835.07
958.204
1015.99
983.93
982.417
1006.35
939.838
979.248
946.428
879.707
846.667
954.235
944.736
963.73
793.425
951.142
866.776
1035.73
910.662
1007.08
1036.63
988.029
955.983
987.261
991.485
891.825
921.998
1106.39
943.278
904.292
864.67
932.351
903.217
980.861
950.948
870.09
1025.87
990.926
925.249
1003.88
942.06
1017.57
1053.95
976.257
870.788
973.402
1052.51
981.671
868.38
999.449
1062.89
958.179
949.678
995.734
924.296
922.283
956.026
924.277
963.783
931.043
888.844
957.91
925.966
1012.03
1038.4
924.488
894.337
976.572
952.51
882.108
931.747
1022.69
966.411
892.226
830.387
814.584
939.369
964.756
886.16
1087.5
930.916
884.34
954.343
907.885
935.183
857.592
1097.25
1046.03
866.936
1035.78
883.266
891.779
905.284
947.032
1056.66
897.555
900.843
938.698
949.403
975.593
993.888
964.416
996.747
957.21
993.895
903.524
911.108
988.86
1040.51
845.912
957.157
1037.86
927.509
928.17
940.014
947.108
997.15
1043.87
989.674
894.566
948.758
942.961
944.475
951.741
922.434
924.334
929.134
894.741
939.725
1032.37
1001.1
933.47
934.277
882.635
934.23
986.749
903.573
1023.77
987.002
948.664
922.048
1058.65
982.426
920.71
828.577
993.884
959.577
966.52
958.391
913.038
821.961
838.15
969.991
868.13
926.06
1001.61
954.353
1057.41
1042.66
981.541
846.723
920.63
993.845
1031.28
965.877
1013.73
829.724
929.662
1027.93
937.155
909.064
931.579
824.214
1014.08
1091.81
1036.35
1013.26
928.391
892.153
877.315
946.822
985.551
883.327
966.438
905.475
916.746
1018.3
934.711
983.152
972.831
901.678
976.081
938.552
999.344
1052.03
907.028
891.921
1052.33
905.262
887.281
904.764
1021.31
994.875
921.666
978.509
944.052
867.098
833.288
950.452
1003.67
925.012
895.559
921.714
914.902
1045.24
995.095
989.779
938.345
874.722
836.315
951.582
935.919
951.747
966.39
945.099
938.257
1041.06
922.984
947.245
866.515
928.776
874.095
967.768
908.076
907.418
929.605
987.851
1057.12
907.632
999.036
764.205
1013.09
878.167
988.526
1089.84
1013.72
1033.78
891.063
923.948
930.202
953.78
1002.56
935.962
965.138
1004.5
1021.27
848.379
963.099
888.012
1037.21
837.32
1041
1056.48
1007.69
934.45
980.095
861.661
919.843
842.617
839.309
953.699
789.549
960.4
938.846
893.341
860.474
927.882
947.561
913.017
950.877
997.657
1032.66
922.035
912.306
980.588
864.337
934.281
982.845
1016.46
926.467
1039.16
1032.42
860.352
1037.45
1079.85
927.096
978.082
981.969
977.054
1007.49
931.166
1070.59
996.006
1057.59
971.918
934.02
899.083
979.276
977.044
768.815
996.055
886.919
959.882
982.725
1041.92
1042.12
937.035
897.906
958.449
1020.86
865.405
842.83
1033.26
968.845
901.4
911.764
989.592
904.125
907.235
857.657
974.98
927.019
950.99
990.658
927.679
1000.92
826.345
805.588
1014.46
994.248
842.845
902.754
923.518
867.717
872.209
911.338
1004.66
920.279
960.556
932.509
885.963
954.322
879.335
1010.66
958.326
832.857
820.535
982.389
1016.37
969.605
1008.5
923.688
872.271
989.913
950.714
875.674
1012.32
815.649
906.563
952.27
994.448
932.328
918.541
989.644
915.584
858.486
946.57
873.824
968.02
945.85
920.588
766.013
984.772
866.679
941.6
840.409
957.505
1037.04
927.156
1055.75
869.737
928.041
884.162
888.33
894.194
943.589
931.401
909.539
898.107
950.461
972.537
1058.99
932.69
878.634
1005.27
891.216
981.872
1140.95
979.078
941.715
917.402
1062.01
922.414
871.505
837.517
984.755
1059.41
974.945
874.537
875.555
858.279
1071.99
901.432
1033.86
990.481
968.176
974.079
875.052
852.436
886.658
896.055
914.639
947.737
873.694
912.788
966.299
1014.76
1053.41
866.228
887.34
931.568
989.587
952.613
939.771
960.28
927.655
823.918
856.713
860.744
850.697
960.203
934.968
925.611
962.21
922.939
895.986
851.746
1064.88
868.829
913.741
988.731
902.189
1020.71
943.536
991.248
1019.1
863.793
986.527
978.848
955.186
979.998
869.581
981.375
943.385
920.889
912.806
1003.03
957.243
938.277
1054.26
1028.23
923.54
934.841
892.389
950.391
992.869
898.286
878.372
989.361
954.339
982.879
963.594
1008.47
948.983
984.609
901.673
900.53
849.708
997.657
858.007
938.766
861.571
828.16
1158.06
1010.51
916.599
920.752
852.438
970.953
926.731
812.768
924.51
956.319
837.349
891.754
874.438
898.982
894.376
947.617
979.071
845.59
899.345
834.296
955.994
981.406
920.064
1022.69
1057.86
958.034
889.389
997.214
1045.8
1003.86
934.366
912.069
934.746
916.444
1016.35
926.451
897.816
979.147
946.455
861.173
897.256
732.173
936.028
989.2
826.677
1009.79
835.938
1043.3
976.225
987.817
802.635
906.847
1004.1
1040.04
968.023
942.76
938.995
946.602
901.967
987.937
894.825
1050.33
911.576
1011.92
1013.19
893.152
922.383
1093.12
963.975
946.334
1122.13
1016.04
803.641
878.974
899.794
933.597
934.056
881.668
914.314
901.558
973.438
950.538
940.237
970.871
978.403
986.831
935.244
964.378
941.323
928.706
944.681
1026.7
922.588
1016.12
926.43
1023.6
923.459
983.586
852.566
949.742
1010.76
943.544
969.877
932.47
941.759
1000.1
972.239
968.021
891.857
933.853
896.831
1002.42
1027.68
996.997
985.535
910.999
850.084
973.013
1022.87
843.604
914.813
953.216
930.569
1011.92
878.269
978.074
927.559
926.789
900.082
889.472
911.501
854.964
961.828
957.587
822.197
957.404
917.522
1013.33
940.847
905.626
956.751
953.874
937.991
972.924
944.007
922.326
904.456
919.351
1098.24
917.542
946.308
914.92
954.458
887.919
943.941
922.822
995.531
992.475
921.17
984.71
993.205
964.753
904.558
941.95
957.333
1016.6
918.245
905.956
948.06
984.174
924.677
911.368
990.752
917.572
932.255
885.024
1012.44
954.452
995.606
840.507
958.901
822.549
922.875
1018.79
879.297
932.815
912.89
941.884
869.677
901.68
868.936
922.769
1000.84
848.443
1039.96
980.722
898.655
935.225
948.552
1068.75
920.982
941.245
950.426
933.809
869.023
988.972
949.99
979.821
928.436
942.296
1018.91
985.849
918.582
920.846
860.134
967.862
950.094
1023.61
954.069
1018.11
1033.45
982.626
896.62
972.431
952.205
1007.86
894.703
927.697
879.541
946.868
960.558
923.424
872.528
940.335
922.991
920.638
1056.06
894.586
921.099
966.404
860.654
1035.9
1010.28
815.828
989.6
856.602
908.173
1011.27
1046.58
792.231
896.639
851.403
961.314
1023.89
982.463
959.965
972.605
777.941
893.181
1024.25
946.193
925.809
896.134
902.177
1038.72
882.153
980.667
1028.94
746.912
1027.2
871.824
914.436
1022.08
1042.19
804.163
847.011
996.851
986.666
910.944
908.066
812.339
981.147
945.511
1016.81
918.799
1047.47
884.571
936.773
1007.4
942.241
864.987
945.678
903.295
906.69
975.543
1012.61
987.372
888.522
963.412
973.1
828.811
1030.11
946.725
943.121
886.479
928.14
921.604
908.602
950.202
1063.11
896.602
899.11
1091.44
929.961
906.503
1046.56
969.488
950.444
884.329
979.763
1015.58
875.808
841.13
873.678
861.894
872.088
967.887
929.47
899.742
917.52
1035.22
951.403
918.361
975.888
1001.43
889.85
896.636
978.675
993.81
880.539
1018.86
888.172
959.581
1017.34
1012.36
918.141
1019.99
880.421
1002.83
930.721
965.601
970.016
957.922
953.678
857.828
912.236
931.53
919.424
911.623
907.153
957.072
950.626
901.045
905.658
857.861
980.456
854.035
1002.71
980.915
990.19
1002.67
1026.26
994.931
875.553
938.17
918.358
993.901
969.552
951.032
902.946
902.062
910.96
875.534
863.748
975.45
816.727
1039.35
923.122
935.539
846.077
891.331
1001.29
1000.3
1073.96
979.255
861.87
919.164
975.98
952.932
1011.9
996.972
983.695
880.161
940.681
996.018
905.271
945.408
978.696
907.61
1013.58
891.964
921.484
1011.54
974.969
996.161
803.378
906.039
996.923
1057.09
977.644
871.637
927.828
901.734
1005.83
900.145
1014.43
917.954
959.358
893.768
971.675
984.513
876.787
849.426
948.764
920.768
951.114
1075.2
918.775
1003.55
899.099
1071.19
957.629
894.561
964.166
920.283
923.988
867.933
907.002
911.801
860.587
943.795
986.738
949.584
964.202
1030.65
1046.8
893.665
975.832
840.766
964.699
883.439
874.877
928.353
988.329
890.409
1023.92
900.224
789.114
1051.86
952.197
1048.42
1005.29
894.204
1000.7
927.703
924.164
1026.27
908.626
904.471
928.201
976.392
939.869
925.625
1004.69
922.593
956.26
873.415
910.633
887.014
1021.59
982.252
939.348
1007.66
918.387
919.193
970.483
964.717
974.026
978.353
969.836
992.792
1007.44
1038.58
1004.17
922.553
936.614
978.402
933.413
1001.98
925.377
944.669
983.511
912.218
946.976
904.243
921.916
896.737
917.218
969.835
938.83
950.176
936.801
1015.79
988.202
1016.62
860.682
955.922
975.945
951.313
980.864
992.55
914.896
1016.84
968.776
912.451
861.627
1014.83
1034.1
902.994
959.048
955.332
977.569
1006.31
1068.6
850.208
819.029
835.323
1089.13
920.606
990.829
943.198
952.365
867.451
945.72
917.044
868.699
887.319
954.215
886.134
947.046
911.846
990.416
1107.85
961.724
978.277
849.68
1036.66
963.118
996.903
933.77
881.438
990.202
818.537
881.289
956.273
836.269
795.702
988.568
865.81
900.66
940.055
929.247
956.409
958.016
932.909
994.581
968.652
928.849
929.873
921.945
887.129
1070.74
931.053
964.075
956.617
1020.57
997.405
982.428
896.915
974.834
903.683
916.046
917.189
1102.38
1004.14
913.264
1090.06
917.638
930.527
863.791
980.39
846.727
1005.06
891.578
958.284
939.248
1003.99
987.013
997.131
987.499
1025.33
877.588
994.509
954.917
926.664
958.478
941.036
950.983
839.628
955.894
1095.77
869.269
793.068
1008.05
936.743
870.91
915.781
1021.11
1065.76
955.626
1011.97
934.317
937.246
975.108
867.144
887.791
960.469
867.835
909.291
990.781
901.174
930.659
874.705
962.5
815.745
861.628
937.71
945.74
947.673
977.942
884.527
1104.96
884.411
872.987
853.555
944.879
1009.42
1002.58
954.54
934.992
1013.65
937.285
911.746
1001.85
831.782
926.294
920.778
946.863
1025.43
918.048
981.879
879.005
972.943
894.525
962.951
957.907
852.33
957.19
1003.69
987.527
925.296
892.016
847.856
945.977
998.003
857.54
989.58
972.729
994.294
944.873
909.62
923.901
1022.47
827.883
1003.14
938.856
1008.52
1126.07
906.907
953.991
1016.8
1028.37
973.126
853.332
863.14
927.229
920.568
957.683
871.739
990.545
1028.43
946.072
918.968
935.223
1035.84
896.12
966.455
962.355
943.614
942.806
961.839
1028.49
933.22
993.88
974.621
1006.77
1003.15
809.167
936.168
1011.3
910.531
903.985
892.974
1000.33
1102.53
902.846
951.425
956.239
989.448
972.545
994.856
886.315
990.143
973.299
992.445
918.883
1037.54
944.917
862.264
984.151
941.319
806.311
951.991
928.59
1014.24
1040.12
893.645
968.413
848.61
937.363
993.113
1010.68
967.329
977.894
1036.66
936.127
864.448
939.734
890.761
1009.9
893.471
912.533
1012.88
871.219
991.775
882.152
904.587
848.808
876.963
857.68
886.029
986.429
995.467
885.248
954.815
914.5
894.023
1005.16
947.466
908.759
846.972
1009.13
951.738
951.103
855.294
893.5
981.41
991.175
894.466
894.112
962.596
987.654
1081.32
980.752
900.672
902.572
981.028
945.895
995.823
869.027
973.243
843.531
885.552
981.861
899.976
1031.1
991.551
987.593
923.874
902.667
983.188
985.278
932.095
965.76
904.288
1051.88
905.195
924.765
919.899
1021.96
884.828
952.235
969.212
962.321
961.925
922.525
906.659
990.321
1006.75
934.201
989.981
994.129
958.305
846.317
943.992
938.803
917.139
883.4
974.394
883.102
956.068
954.167
959.862
1040.42
942.178
841.345
931.707
910.629
820.113
828.817
916.799
913.136
912.485
934.462
964.251
903.924
910.558
890.363
764.735
788.527
1011.21
871.639
962.781
896.356
913.52
917.723
999.869
1021.93
979.669
990.683
918.866
993.708
880.536
864.398
931.542
974.896
913.685
992.918
1023.66
968.923
1106.37
895.121
1035.34
990.69
996.664
1024.97
878.073
1044.91
928.665
964.795
993.87
993.786
919.462
1054.61
919.645
937.47
1007.37
864.794
924.72
965.034
950.248
886.524
963.801
1030.91
887.66
945.586
992.991
866.371
1028.54
980.916
964.389
936.314
874.736
959.476
946.898
1098.19
920.893
1033.72
839.109
871.584
979.916
903.735
956.697
1039.55
1061.59
1045.48
890.412
819.357
970.738
973.819
958.469
1031.05
1020.94
938.264
910.329
957.505
886.789
879.089
844.304
1011.32
980.76
981.521
1027.19
989.319
886.337
962.431
950.261
986.802
1003.43
955.048
934.054
1064.31
932.79
992.216
939.534
1059.82
922.99
1103.25
1010.37
840.158
928.488
996.65
922.186
967.479
951.603
969.144
1078.52
1039.32
990.696
946.817
1029.97
985.733
1056.48
866.735
958.169
947.259
937.661
880.8
970.058
921.947
913.479
943.956
816.148
936.701
1010.22
1007.32
938.158
1097.55
1007.21
985.638
1017.9
1004.14
942.675
909.538
900.212
999.97
902.122
851.986
1014.92
910.409
1059.06
970.486
901.519
868.204
920.203
997.213
977.6
954.227
869.143
1034.58
951.034
898.698
992.882
953.554
963.861
832.329
920.059
1059.06
1000.42
902.834
899.112
947.945
932.134
963.078
833.455
855.146
910.172
818.236
903.944
840.957
1000.93
934.311
913.651
921.891
880.013
894.486
874.134
835.1
847.729
1025.24
928.105
1015.87
965.337
1010.01
871.647
995.895
974.172
1016.92
896.83
1001.3
961.992
917.384
921.811
931.69
1114.64
980.342
1010.29
920.577
951.268
995.177
942.529
931.499
956.696
1041.03
910.658
964.874
886.296
971.619
1080.19
942.376
1004.53
942.803
913.585
893.373
930.57
965.078
970.329
975.824
897.766
963.528
896.56
997.994
1041.35
935.147
1087.24
975.961
876.558
890.637
1003.54
936.486
1143.63
952.219
922.137
945.933
1000.35
886.333
964.878
1046.43
1026.43
899.528
961.468
878.664
923.983
969.364
877.476
939.924
996.997
922.322
1010.17
1056.29
918.069
965.384
863.276
905.653
880.369
960.811
1010.28
876.342
949.362
899.085
952.855
943.609
898.726
988.79
943.653
832.968
988.794
972.18
1013.09
875.471
1054.12
993.735
975.237
939.377
941.468
871.202
1098.58
863.304
993.088
956.289
918.37
1004.18
936.738
911.945
943.629
818.455
936.592
922.134
944.403
1006.71
1047.91
992.688
879.834
879.094
1085.36
941.78
972.785
857.509
954.865
873.566
1056.13
906.101
926.813
835.44
1007.57
944.132
977.923
1008.27
897.893
877.179
948.933
968.583
890.544
931.003
985.635
1074.43
957.829
929.932
913.494
1022.08
961.955
898.823
951.525
1084.58
907.928
928.258
973.931
918.869
953.186
998.725
889.956
944.094
927.017
908.053
927.965
985.455
959.419
863.366
909.498
961.627
973.566
1102.17
921.322
930.818
1024.44
827.305
840.616
914.276
940.907
807.078
866.099
1017.05
905.992
834.285
896.635
905.253
1061.91
1054.42
985.798
902.467
974.123
1090.52
930.232
956.725
961.354
934.421
978.191
917.538
998.036
1028.3
1002.7
1019.39
959.491
897.388
966.829
862.481
984.647
975.606
1032.85
927.875
901.368
957.094
849.581
1043.96
1062.36
1092.8
981.92
1015.92
944.852
938.412
965.143
1025.97
926.559
884.044
929.173
966.237
882.897
952.121
961.88
882.064
890.991
957.365
939.177
982.401
1001.73
878.36
1009.1
1002.1
995.538
994.704
994.064
885.45
942.552
968.996
1001.28
890.798
990.508
915.718
996.413
811.916
981.096
899.694
978.174
961.771
834.307
1044.33
945.958
894.258
1025.63
1039.28
931.238
946.866
989.844
798.504
963.765
991
903.171
947.295
973.661
999.314
912.163
956.404
899.531
847.351
954.704
998.61
941.717
931.357
938.641
1028.43
1023.61
1059.01
905.603
1059.53
874.151
969.591
1058.01
893.235
838.944
1004.57
945.06
912.239
849.704
1025.07
883.814
811.522
992.257
929.711
1004.89
942.201
893.785
944.83
967.748
1010.02
950.381
860.008
861.054
1000.09
1133.25
964.228
994.779
962.973
1090.62
1047.97
993.038
972.483
897.072
929.969
956.44
969.174
966.811
863.792
935.765
943.026
945.577
980.895
932.635
1029.03
906.265
928.111
876.71
925.765
931.728
896.611
873.928
862.994
972.308
921.577
949.155
1034.01
846.934
1000.02
962.668
1019.28
936.85
927.81
899.429
944.465
947.259
826.726
845.678
939.608
864.736
952.486
948.138
1001.46
969.462
819.576
906.011
888.31
954.599
880.309
1015.18
818.859
890.137
1021.91
1011.59
992.671
887.064
881.192
878.087
864.723
873.24
912.529
896.961
954.368
1039.45
1017.51
1070.44
926.916
967.427
919.099
1011.58
908.86
1013.25
981.424
952.906
911.651
1080.65
927.832
879.513
1068.54
908.492
937.007
1008.75
984.56
978.545
894.608
986.865
966.284
973.996
919.907
993.587
948.082
1038.58
938.965
914.107
910.904
981.911
875.115
872.687
867.771
955.879
820.957
999.201
973.298
850.771
970.369
919.382
881.535
1017.63
998.809
952.558
879.515
932.298
987.644
1016.01
969.87
1004.42
939.75
942.408
901.344
989.424
983.405
895.185
1058.12
1010.32
903.215
835.067
1014.48
901.349
830.365
996.34
876.381
882.228
924.742
1001.55
870.148
866.871
1032.79
847.79
988.722
920.338
830.506
936.156
838.56
954.095
989.177
1109.68
1008.94
1022.44
1010.01
808.974
939.641
960.617
948.277
931.434
950.607
966.624
987.046
870.174
891.397
869.387
943.758
964.315
941.903
937.231
851.431
1022.17
960.872
831.146
924.815
1019.77
997.483
897.801
960.789
1000.51
939.463
1011.56
985.947
1019.98
941.132
1055.18
977.634
880.127
962.421
974.536
985.317
990.003
877.007
947.497
945.179
1035.81
924.216
938.049
961.922
1055.71
847.915
940.964
1065.48
1004.36
963.673
959.393
1022.75
903.968
875.418
926.506
827.449
995.441
966.324
904.666
976.706
934.151
933.533
928.25
942.853
942.751
1125.08
1088.78
1007.08
966.082
929.948
958.401
985.886
930.951
880.029
953.443
989.295
950.07
938.067
976.767
943.819
938.718
991.024
958.594
999.156
950.479
972.365
891.59
847.582
965.312
984.971
928.339
810.994
995.903
915.366
971.841
1012.19
997.057
1002.6
993.956
907.47
959.014
1069.57
849.485
844.421
909.178
811.639
1040.36
910.173
976.032
945.109
886.892
965.401
904.045
962.723
969.66
1041.05
1000.94
1027.91
929.921
828.009
828.099
919.747
940.776
883.639
902.112
771.784
977.542
989.198
979.891
937.491
1008.04
1043.17
996.232
970.56
872.531
815.001
906.468
943.052
891.734
956.422
931.551
1038.27
872.463
900.045
920.452
866.457
932.547
954.42
906.678
981.646
901.602
801.128
998.888
836.453
910.751
951.952
1057.93
910.011
1009.45
1036.3
949.542
947.183
980.459
792.009
1020.43
891.396
984.314
1005.04
909.852
974.6
1085.42
984.028
983.246
996.575
1053.42
977.831
870.938
997.907
1068.14
880.984
1024.27
977.084
968.081
877.372
879.938
976.052
976.885
1013.92
924.432
1026.51
844.74
948.201
996.358
845.46
960.952
911.817
911.496
1029.09
895.734
835.645
964.58
970.955
835.882
974.906
965.292
923.932
974.672
909.142
927.945
853.065
1036.58
957.493
914.547
969.316
964.861
1080.61
815.207
948.425
926.943
889.768
910.42
989.514
902.667
825.571
946.671
993.689
936.327
878.489
1007.38
1056.83
1026.88
995.724
906.89
929.193
1084.54
937.271
959.513
876.671
913.114
897.113
912.496
842.404
843.935
902.002
998.102
1021.11
961.719
928.035
1062.04
977.475
883.259
985.462
976.002
1036.92
960.98
863.97
926.022
862.725
884.303
887.579
1056.25
878.622
929.312
958.881
941.009
954.852
991.535
915.338
1047.14
810.088
936.257
1049.2
1085.27
937.853
985.54
954.239
948.789
870.176
951.111
956.776
939.756
1042.31
947.847
904.517
881.095
1022.1
932.887
921.236
1014.32
964.063
1026.13
861.103
981.274
968.061
915.648
961.046
870.14
936.859
820.863
918.313
947.03
958.657
840.981
876.099
875.061
886.371
1000.92
851.628
964.065
909.868
980.046
955.203
956.471
926.151
926.258
944.306
876.322
959.319
1014.11
1039.79
826.232
903.51
1048.45
873.205
1067.16
1039.13
990.392
830.733
917.418
983.562
836.543
927.184
914.151
905.739
875.973
997.13
911.301
933.211
990.769
951.339
886.737
1012.4
853.182
864.484
1013.34
917.897
1001.59
929.989
1013.23
994.224
976.886
946.469
1133.94
934.117
931.448
835.063
898.172
966.534
984.617
839.013
869.973
885.29
990.664
945.624
910.655
963.208
893.272
908.432
882.46
925.484
889.216
962.502
924.983
911.903
1066.88
841.133
1043.35
998.585
935.425
1166.85
1024.61
905.41
912.916
947.226
851.265
1061.16
1052.42
1015.32
978.064
863.08
934.009
942.023
885.202
939.803
977.458
969.631
944.603
963.557
1026.22
939.164
867.842
1013.37
991.413
986.389
930.779
890.653
779.363
940.62
1048.45
903.479
882.922
939.358
999.769
927.39
1004.61
958.757
1001.27
922.638
1060.67
978.17
913.818
881.993
976.955
826.216
1027.88
818.863
968.007
955.816
1023.09
1010.85
1046.35
875.433
1016.53
1005.01
921.084
946.626
978.537
989.54
877.665
1083.16
852.429
926.325
970.089
897.889
885.144
860.442
887.201
852.314
1032.51
897.098
872.547
943.264
911.019
895.411
893.18
1026.01
968.724
928.469
948.565
1004.01
910.942
836.433
936.402
1049.27
864.529
1099.66
939.083
968.209
1056.97
976.924
926.061
993.654
914.284
895.32
944.461
851.767
807.748
899.597
878.98
989.536
1008.12
918.977
873.861
904.418
888.531
939.865
908.862
901.574
922.84
925.714
891.714
912.402
895.949
965.816
964.043
928.79
968.954
978.274
895.628
845.74
1157.02
885.115
947.384
980.743
918.392
974.754
904.747
982.677
895.307
964.074
880.929
988.945
884.017
950.381
940.016
930.726
874.663
946.679
934.5
997.32
943.512
932.801
818.123
1002.03
910.86
891.063
950.913
981.717
917.37
902.634
962.582
848.777
924.476
982.496
899.456
948.505
920.332
1111.64
972.752
957.636
900.36
884.658
879.015
927.697
952.68
1014.56
1014.24
940.617
887.158
902.419
900.311
1055.54
989.635
963.727
882.089
973.073
978.698
911.438
1009.52
1008.12
949.918
919.781
867.219
1006.5
974.921
994.226
1062.1
973.136
1013.25
994.154
831.004
983.126
808.154
1050.93
967.933
967.802
878.709
898.928
996.124
875.059
842.094
924.891
818.157
928.188
1027.93
831.169
926.852
877.31
969.868
1039.14
940.862
877.467
960.718
991.047
998.729
847.215
1038.33
992.838
874.381
905.771
982.885
937.432
1016.62
964.184
972.097
846.583
882.863
998.068
985.812
912.432
872.889
956.365
940.486
970.299
1031.65
958.899
945.433
981.05
887.008
913.124
939.41
928.343
953.656
939.079
943.188
926.729
1021.02
1040.29
945.163
1136.7
989.201
899.535
917.83
945.975
888.521
926.047
898.597
906.814
944.854
934.932
941.393
1008.42
902.901
938.772
1077.92
951.03
936.079
894.069
920.464
977.94
813.955
900.423
1051.03
1042.78
1058.04
942.361
980.173
1008.81
972.68
1013.77
1018.56
984.114
993.02
918.107
970.785
968.39
973.366
957.447
892.333
916.389
1036.22
981.184
989.389
950.052
903.647
951.652
935.862
861.596
1006.96
926.698
962.33
957.602
890.294
934.89
1029.55
955.007
945.58
953.208
883.39
931.879
875.277
957.854
1077.42
967.549
900.079
915.239
990.728
872.882
896.158
1036.68
982.032
873.033
962.591
894.486
1031.06
906.371
984.998
931.96
1045.44
896.552
953.073
956.337
973.993
972.523
818.758
948.164
883.514
912.315
827.323
1010.63
1020.06
832.857
967.104
959.46
905.22
974.689
927.066
920.73
920.556
859.5
869.461
1002.39
968.112
948.712
834.286
882.019
974.938
1012.79
914.742
891.236
800.517
903.147
1000.63
975.076
987.441
1017.64
887.831
984.335
944.77
903.218
1016.24
948.482
954.345
898.563
919.86
919.612
955.382
936.813
879.25
1013.06
951.44
1042.48
903.138
904.667
997.814
1051.7
895.902
826.944
961.373
989.617
1027.11
904.961
876.665
1006.18
1023.11
967.807
879.78
1007.2
898.816
979.566
891.049
929.402
967.223
919.432
872.49
844.82
1065.47
866.926
922.296
1108.96
887.379
999.267
1026.93
967.353
976.852
1046.5
869.88
926.69
862.183
951.786
881.778
974.122
857.45
973.597
1033.74
1142.95
915.706
1124.56
995.591
882.467
959.131
964.975
997.096
976.988
947.22
1023.55
896.577
896.429
864.902
919.695
980.76
941.511
856.302
938.107
1064.03
912.238
852.793
944.596
1030.53
938.375
932.228
826.604
1005.7
1045.55
870.679
920.861
961.611
1028.63
864.866
1054.36
914.004
1032.99
890.947
901.88
885.077
916.535
949.23
1051.26
968.044
991.73
925.596
913.505
1099.39
967.311
906.902
939.585
907.62
841.972
996.843
830.131
882.723
900.544
926.945
956.759
1087.57
1000.39
936.352
859.847
915.088
993.605
907.009
872.017
1054.4
901.713
911.484
928.785
994.316
1005.62
864.161
1044.9
952.82
1009.73
1024.23
1007.2
999.506
1002.26
863.783
918.594
945.194
967.061
990.186
820.91
896.702
958.552
927.084
818.019
1008.92
892.007
913.432
989.042
901.171
960.151
960.945
1077.24
989.594
1051.71
941.582
888.069
953.823
917.036
943.78
1029.89
874.692
990.198
931.896
969.354
961.056
1025.42
1102.63
948.301
958.712
898.596
977.408
1033.33
1028.99
909.618
930.899
1077.6
1004.39
1081.04
999.175
959.493
943.843
971.486
867.695
918.673
980.998
988.118
919.474
901.155
963.498
1029.54
947.972
926.633
844.44
947.665
954.992
942.763
971.174
954.998
826.377
982.292
931.253
944.235
883.193
1001.93
796.958
857.204
943.002
954.455
919.079
891.656
938.112
926.44
943.202
1070.66
903.939
907.574
861.884
868.087
862.567
946.701
926.428
886.388
908.564
953.863
950.973
1057.96
984.488
1078.46
865.118
915.671
932.101
1025.82
930.093
848.02
1026.72
935.114
985.34
1030.27
1012.69
924.343
823.419
923.135
897.765
1046.53
905.622
1039.19
1069.66
1066.97
920.927
962.966
879.45
891.409
1026.85
941.213
854.075
1021.8
1011.58
880.236
1012.26
942.86
896.801
956.809
886.367
1007.07
946.117
1006.71
884.552
1036.73
903.779
828.965
915.76
956.285
903.903
965.941
969.151
922.164
883.546
978.281
858.765
1069.5
1082.7
889.332
960.937
939.631
939.047
937.201
960.05
931.318
820.519
859.658
896.515
934.08
878.84
914.393
904.346
958.296
977.847
1014.49
961.139
824.712
1033.29
954.7
950.683
958.358
920.899
885.329
918.776
907.946
942.747
907.113
1063.66
881.28
970.204
859.637
897.167
1013.81
978.477
897.242
939.952
1060.21
1002.53
1034.28
968.6
1026.3
1012.68
864.805
945.899
988.351
982.952
916.534
888.931
988.729
1063.08
874.334
959.819
1061.09
1020.41
885.809
1053.53
946.933
997.813
929.196
1035.3
827.643
960.68
1005.32
888.209
895.498
984.638
936.726
982.947
859.812
974.863
881.145
954.554
996.336
927.271
937.333
1011.42
822.448
960.806
964.633
978.102
911.392
991.071
904.15
922.974
930.243
929.846
1019.94
961.602
842.576
1004.61
1037.28
928.587
1005.6
944.942
931.575
940.812
939.117
947.459
941.705
898.65
921.924
980.42
1026.99
1054.78
834.274
917.378
1029.85
856.7
968.441
1034.07
959.246
904.875
944.061
862.654
929.193
997.406
974.975
996.457
876.559
945.929
919.196
948.708
1055.56
904.433
906.4
920.655
895.612
997
1002.88
989.264
886.829
903.265
969.522
960.603
948.725
887.725
977.324
846.827
940.308
838.551
1024.63
980.548
1015.25
829.972
1016.61
853.837
1024.09
878.124
933.484
942.945
929.014
946.033
943.868
933.426
1030.99
1006.49
862.09
881.238
963.051
893.431
931.825
935.029
939.05
773.986
975.895
976.499
814.188
911.324
943.239
1004.4
893.908
1021.95
869.267
928.692
957.912
931.594
978.84
971.317
981.485
899.866
951.956
905.243
945.483
810.87
960.523
1050.68
1049.26
919.323
901.895
792.218
895.424
937.074
926.422
972.701
925.307
949.247
1027.87
1017.47
905.973
1003.82
1055.05
1011.02
985.152
973.636
857.633
894.227
995.908
911.867
970.962
1038.36
981.772
1047.76
993.469
929.515
972.219
934.901
988.104
927.518
966.485
1059.31
914.926
1011.59
1048.85
975.435
941.263
975.423
892.224
964.312
955.034
877.307
965.928
990.677
913.196
1070.84
956.536
911.731
895.318
932.4
979.74
949.316
952.297
1014.24
865.901
957.647
935.412
963.476
980.138
958.566
1166.39
1022.41
855.366
1008.69
1004.86
977.685
913.012
1004.46
950.893
995.589
934.039
851.203
900.682
948.579
932.829
922.899
909.165
961.22
979.386
979.252
1003.82
917.824
959.091
963.774
920.332
925.079
999.538
960.618
937.664
998.181
978.58
1015.36
984.358
1058.23
868.104
860.241
920.943
920.891
847.459
945.348
923.848
974.488
934.567
969.844
915.968
959.297
964.639
983.746
973.984
943.95
1007.09
904.657
1006.14
1012.67
1011.57
1058.75
914.081
986.322
989.075
909.592
1051.97
953.127
995.916
1030.48
915.599
1038.93
909.987
1061.46
883.13
1102.62
1029.13
898.007
946.18
952.591
1028.54
945.733
1015.7
941.523
921.144
891.097
950.254
1071.07
1053.68
1007.93
1031.72
896.572
999.492
984.642
1023.56
919.71
961.272
990.621
902.459
872.954
947.183
1036.19
876.648
998.034
872.16
1003.22
942.247
945.988
896.046
898.033
996.08
968.625
959.681
966.187
971.703
1008.95
886.114
1021.06
1058.62
854.394
882.924
944.802
969.857
888.531
1098.04
1042.46
960.876
1036.61
895.571
915.07
836.959
1002.86
847.422
1065.3
849.16
910.83
967.469
840.518
972.109
948.479
1021.95
971.89
974.564
974.523
807.412
839.395
883.488
842.647
1104.07
1005.43
906.365
905.151
898.779
1022.18
939.961
980.381
953.38
902.963
908.911
882.605
936.156
1097.5
973.142
963.204
936.167
899.068
896.095
840.413
891.099
869.517
1047.79
973.645
974.843
985.458
981.461
861.135
888.755
896.11
848.173
901.473
893.373
899.108
1039.21
880.479
887.221
1001.12
1103.5
1009.11
927.263
910.307
964.048
890.559
933.034
1011.94
975.727
1008.55
951.485
990.085
978.241
1064.32
1093.82
893.385
925.006
927.868
940.992
960.062
1031.76
928.449
843.576
948.237
957.121
929.285
1043.72
901.856
1010.94
1028.68
979.74
916.985
1031.45
997.715
1035.88
998.944
895.864
802.723
888.896
885.558
876.586
995.039
981.012
944.684
979.925
974.76
994.294
855.34
922.879
890.335
935.433
816.709
1012.38
933.646
800.45
762.438
967.861
887.594
966.764
949.829
971.419
996.988
964.412
1041.23
991.413
940.934
1005.59
986.499
953.105
884.769
953.339
849.946
858.358
964.736
1031.29
996.545
937.39
921.955
1006.74
873.418
936.034
951.067
889.913
918.782
818.937
991.472
899.481
936.092
931.404
869.143
932.687
933.732
962.147
992.681
1094.78
941.794
994.397
1007.04
901.374
915.971
817.692
1013.74
985.895
893.72
947.448
948.503
974.625
910.396
1015.26
952.057
779.64
946.019
909.998
949.242
1054.76
931.789
1023.21
962.962
1009.92
886.684
981.421
955.142
932.788
894.445
846.533
802.055
885.824
908.096
962.432
988.716
1044.86
956.662
923.949
1030.03
1028.76
1028.03
1022.49
897.21
1065.8
905.877
1009.47
904.337
974.8
921.952
953.782
847.121
954.213
915.01
908.01
974.239
960.065
957.017
897.284
825.984
794.82
875.598
921.464
944.713
974.933
964.79
967.96
1012.23
922.579
967.499
899.485
917.917
952.412
909.853
915.545
916.006
896.952
811.093
944.203
1008.25
861.901
937.137
924.993
957.195
1026.12
958.275
1015.17
1158.05
932.671
918.384
1119.57
1000.77
990.171
922.441
867.014
925.665
961.612
904.176
1041.47
1033.66
870.945
905.208
1015.08
961.233
859.831
960.02
855.534
864.188
957.228
1030.51
983.007
906.88
1012.23
998.654
899.514
967.137
1022.52
879.809
938.016
911.037
948.623
921.821
932.622
989.07
893.356
908.465
954.354
1009.24
909.156
860.437
907.614
962.462
929.055
949.124
981.904
988.694
861.832
1001.99
909.132
934.379
1091.05
875.235
1092.43
918.12
932.363
884.896
874.92
933.139
839.954
975.765
926.163
926.597
999.044
974.658
950.108
1009.94
1039.01
1072.37
907.013
1002.46
947.836
938.428
869.39
875.699
978.336
893.628
939.503
882.295
947.473
948.153
955.36
1027.37
902.291
916.001
879.31
989.692
881.639
800.256
976.863
928.231
917.258
840.908
1019.14
913.473
887.215
943.31
993.914
972.514
1006.97
881.498
898.107
984.169
937.732
942.528
912.863
1003.31
941.835
944.229
1004.52
974.698
978.577
863.464
908.106
940.944
879.32
950.896
904.159
841.628
1008.09
1063.2
877.624
954.315
987.639
937.611
897.648
1089.81
1060.77
863.997
914.901
932.057
953.578
968.061
888.292
879.047
1040.01
898.353
1004.94
983.892
1017.74
962.589
904.303
982.082
1038.72
933.198
950.007
850.523
974.588
888.937
859.57
955.874
912.977
856.671
1005.17
990.853
942.432
880.767
946.827
822.125
950.825
912.379
933.605
1006.95
1128.42
1003.11
914.7
894.679
959.736
998.092
899.21
920.57
916.033
966.211
942.148
975.902
828.167
948.704
899.021
1015.41
1014.54
923.543
984.493
987.669
994.715
952.104
973.084
982.152
942.135
1020.05
853.203
912.614
985.038
940.066
857.773
1030.31
985.257
1057.88
937.428
900.671
923.437
905.167
1026.42
920.519
876.195
1107.03
916.485
861.694
916.594
893.296
913.464
940.372
996.529
889.571
925.117
939.314
943.072
867.409
998.025
952.338
1001.87
1068.28
858.137
1050.9
1000
957.923
806.174
940.768
1051.43
985.738
1026.13
1047.73
1060.65
881.273
851.135
1023.24
985.075
1081.17
947.751
927.228
873.83
994.858
1015.36
978.055
869.309
915.36
819.417
947.334
949.953
932.084
955.193
917.82
948.198
944.233
929.69
913.941
1007.97
1024.93
943.469
1005.61
906.324
955.037
937.481
1038.15
864.683
910.849
910.713
952.029
989.892
1066.53
961.344
948.587
923.124
871.154
830.165
967.995
875.399
922.08
931.869
881.199
925.813
959.737
1001.77
974.527
965.58
934.484
870.363
914.006
1082.2
898.88
983.995
1011.02
966.523
925.897
895.45
842.137
960.524
928.938
931.474
835.575
1051.52
1006.01
1019.28
904.653
942.844
888.641
1005.91
922.271
977.634
895.485
841.598
969.664
983.923
860.993
975.381
861.095
998.006
1017.78
901.464
929.188
991.662
1047.41
979.028
1033.91
907.383
857.003
859.32
898.881
991.558
855.471
993.413
1017.46
822.179
933.41
941.914
1016.5
937.785
1023.03
964.232
1006.71
1010.11
917.205
915.596
991.166
989.827
893.19
985.613
1004.23
941.226
955.161
931.144
918.577
1036.07
1034.1
962.605
961.791
957.121
987.518
1029.64
920.816
817.142
983.907
914.506
1055.56
941.764
882.158
1022.5
890.988
859.575
920.884
918.07
1006.01
835.365
894.749
890.134
834.846
990.391
804.537
950.537
907.231
1064.7
925.61
934.802
884.755
971.36
1097.3
949.758
982.772
953.413
838.989
996.427
965.111
953.786
879.139
945.95
944.38
944.349
879.179
954.507
901.632
879.197
890.216
953.124
1080.09
856.712
959.725
962.001
975.86
941.131
945.412
925.016
971.873
1024.06
901.689
861.912
843.515
894.87
893.759
938.489
948.983
882.213
974.368
921.687
949.279
967.978
868.874
968.88
878.76
968.697
917.35
919.467
938.969
956.487
897.505
1020.8
926.629
954.666
787.409
910.32
816.451
1000.03
1044.51
1007.89
931.138
1046.87
899.852
886.397
1008.59
934.581
931.708
918.273
956.086
892.196
1015.66
1014.49
881.024
943.755
981.42
1066.98
866.449
931.387
901.403
807.343
1020.09
901.45
805.248
1129.25
948.051
1071.07
920.177
1058.57
1013.09
954.706
814.347
983.513
942.268
941.975
1027.89
885.265
972.161
873.636
939.63
1092.68
1073.2
909.597
818.531
933.128
901.6
905.183
850.409
963.984
1011.71
878.578
919.685
957.397
945.924
923.698
817.173
836.71
926.429
927.416
1033.71
1012.01
967.937
928.947
957.461
989.352
859.611
840.062
890.35
936.054
943.734
1013.83
941.309
859.89
827.437
962.383
1074.85
919.286
958.56
915.882
996.731
914.269
985.587
902.014
956.63
1003.6
886.697
1033.22
867.154
942.428
1009.26
893.078
936.585
995.064
1036.96
1008.95
879.267
885.072
934.845
933.432
1012.33
993.998
977.576
955.719
918.375
928.632
877.998
972.823
924.147
954.1
985.29
928.712
867.984
897.509
849.592
858.38
948.413
868.469
956.561
915.614
905.829
968.581
891.803
962.175
944.827
960.598
945.497
989.664
899.343
881.092
785.005
1039.68
999.193
887.414
991.594
895.64
998.893
879.463
882.97
936.174
902.123
945.716
960.858
944.251
1021.17
982.814
894.065
889.292
863.948
894.121
991.6
1097.9
902.308
884.917
975.698
929.129
985.052
921.225
980.581
957.732
1008.31
812.746
967.046
1008.49
932.999
947.009
943.934
1100.22
921.606
896.281
1005.91
834.972
994.665
849.616
945.895
919.119
969.447
879.403
989.391
963.535
915.479
942.591
909.281
987.583
934.488
843.353
1088.39
916.723
919.213
930.65
1009.05
884.504
984.855
982.564
1063.7
929.177
860.376
907.441
954.9
974.602
924.944
865.728
935.365
918.206
927.649
865.652
918.01
936.028
902.507
952.655
916.763
981.101
1036.96
894.557
900.331
1012.7
881.277
996.213
975.527
1045.8
920.127
835.113
946.651
942.609
888.442
919.839
931.17
976.806
931.985
958.249
1025.59
908.618
974.542
903.032
947.695
985.133
879.222
1028.76
982.502
896.087
1006.24
1003.72
999.508
988.288
975.244
810.134
960.927
938.335
1166.93
1006.02
1028.06
972.148
961.738
989.748
893.751
918.933
968.102
896.562
948.092
977.496
885.202
810.859
923.867
894.636
978.018
971.72
897.461
1027.79
983.594
1004.71
966.122
865.402
955.984
890.056
944.773
829.208
977.491
990.767
944.206
1041.75
919.782
1005.66
922.28
1053.19
974.979
928.929
983.969
903.784
991.077
963.326
1019.56
989.881
999.061
882.569
889.147
891.81
991.316
959.051
955.113
901.128
1032.69
974.991
931.726
1058.53
932.242
868.142
986.716
914.125
952.798
942.904
934.347
995.176
940.938
942.465
934.012
954.972
926.981
943.805
967.521
997.041
944.637
1038.52
877.079
831.652
937.745
950.693
945.155
932.383
866.55
850.623
837.3
927.028
852.709
935.971
1033.68
879.739
873.333
879.649
1015.38
967.081
920.162
987.252
977.606
1167.7
977.552
959.097
959.16
876.1
947.413
985.354
1053.09
871.59
1005.92
1030.32
854.54
999.766
949.432
966.835
749.112
956.121
902.728
895.619
999.714
1036.42
908.081
837.066
869.797
917.986
998.759
1019.82
959.24
969.145
888.079
835.544
1040.49
928.59
937.049
934.658
854.779
987.331
1062.27
903.263
876.727
998.703
905.958
833.074
888.506
927.179
961.08
1010.62
847.644
917.467
958.074
936.579
957.999
832.794
979.678
987.013
884.682
996.629
890.382
853.021
868.938
911.262
993.787
912.404
983.801
981.437
1024.05
919.248
975.548
971.636
1002.26
1094.07
866.569
901.355
1034.96
957.284
1038.39
949.648
913.739
850.554
859.36
913.225
988.491
1032.33
925.685
867.403
964.389
950.017
975.311
915.701
982.257
905.73
938.776
917.144
969.448
885.868
1002.71
982.377
969.437
907.263
989.206
896.12
909.153
875.398
960.773
878.474
894.577
1006.18
821.759
948.868
864.277
954.58
970.98
895.853
933.394
933.697
954.897
964.225
811.997
1006.12
948.47
979.158
996
907.832
876.143
938.717
1036.55
1049.87
990.15
946.743
933.36
998.162
1050.24
1025.88
880.867
900.279
956.33
953.016
941.998
1091.36
890.341
890.933
1030.59
944.347
972.581
952.671
884.9
877.959
1010.79
1021.58
865.396
896.896
937.109
895.529
980.25
899.607
1020.79
941.072
966.494
910.251
911.449
1043.64
981.957
1009.33
907.873
867.992
904.25
992.64
950.387
943.929
836.943
875.413
918.562
1042.33
909.191
960.198
857.073
972.414
969.078
1038.96
927.49
991.739
1006.46
960.589
890.879
978.872
886.756
939.893
862.637
851.838
939.402
987.153
879.113
972.254
1024.99
843.914
871.966
945.257
959.733
989.48
923.355
881.749
858.213
955.574
946.557
957.711
904.86
986.238
818.015
826.926
993.546
868.979
879.351
980.366
918.911
841.782
864.062
950.711
860.74
951.3
929.359
905.043
910.198
949.493
877.199
1011.84
855.283
964.255
828.611
949.851
832.121
900.846
925.72
892.23
978.563
937.653
885.834
894.715
1005.29
930.313
989.268
913.148
979.712
970.066
995.28
1011.86
870.4
1002.59
949.024
923.801
960.307
866.02
982.96
1030.84
1011.48
941.32
955.484
929.207
998.798
1088.09
953.617
904.454
925.117
919.727
878.612
1024.66
1004.13
996.118
1055.53
981.89
1004.54
905.07
1063.77
900.285
895.459
1017.58
962.783
880.792
1068.25
865.172
891.475
966.083
888.988
996.682
924.381
929.298
917.639
1011.39
975.786
1013.62
884.339
946.108
932.699
941.634
935.258
924.998
969.245
967.563
876.301
848.982
847.067
1051.95
960.311
861.693
923.155
920.175
1063.7
1008.09
803.85
908.961
948.516
969.177
839.091
1011.23
957.638
990.473
852.715
920.821
932.09
949.929
874.248
883.123
978.69
983.655
952.235
1075.66
933.988
985.524
903.192
921.884
919.085
928.493
967.91
924.956
988.979
932.471
1036.89
932.099
975.987
958.114
943.787
926.067
1032.94
887.976
947.316
960.909
962.139
962.707
1041.79
944.816
925.846
898.12
964.839
917.703
859.815
854.06
952.969
1017.2
972.359
927.071
921.408
883.616
975.947
1012
850.668
899.238
997.701
1011.77
959.253
899.063
921.967
987.422
1092.3
994.251
854.162
938.487
972.958
882.468
855.472
927.415
901.635
884.279
1019.62
908.88
1009.79
983.008
903.915
992.583
1008.52
991.119
904.038
939.645
1070.16
937.828
1065.77
944.971
783.118
896.671
1106.89
1091.03
871.976
1015.17
952.624
1006.42
845.952
966.24
1075.95
877.58
878.299
866.732
942.098
877.43
793.149
1014.57
966.725
941.957
1060.05
970.026
906.691
919.538
864.109
982.36
1099.96
1033.38
967.997
1035.7
866.03
1009.76
937.59
945.042
1034.94
965.803
813.484
1027.78
855.394
1035.38
963.417
1035.86
896.433
936.442
955.124
918.972
926.682
929.844
949.885
1007.32
963.067
891.388
942.42
1015.95
983.948
923.245
973.018
928.851
902.925
858.266
1017.65
970.03
998.458
962.101
999.304
966.518
1169.29
1025.29
1029.48
876.478
856.5
921.921
956.544
1047.25
1060
1003.68
946.839
934.399
887.029
849.799
990.794
927.12
999.789
952.493
964.228
928.774
1065.25
898.912
970.193
1014.82
949.098
979.746
905.119
955.517
914.458
982.557
960.679
921.439
919.038
1056.12
808.234
899.433
904.502
929.307
925.516
925.996
1008.37
1001.72
817.673
844.717
975.453
1034.73
1036.33
1039.08
1000.11
993.659
970.686
867.12
954.442
977.888
884.932
982.358
957.746
1015.7
998.124
906.123
876.293
973.197
1054.12
948.755
921.6
836.75
918.872
899.858
970.109
951.514
912.548
955.562
927.612
948.378
857.223
921.585
1009.6
1012.22
925.806
942.774
992.831
1036.05
971.559
958.954
921.314
989.992
997.413
1090.76
952.588
876.695
907.222
1049.15
845.159
981.961
882.746
903.165
990.689
975.594
900.359
1063.92
954.151
907.41
920.241
924.483
960.797
889.11
907.533
972.967
1018.71
877.985
916.811
856.112
981.584
857.388
971.456
1005.66
986.523
901.281
931.878
985.053
879.439
979.669
931.38
1029.49
1036.3
936.883
889.129
944.695
976.563
970.062
882.724
885.037
1006.49
798.747
950.066
1000.62
977.913
886.306
976.116
895.653
876.678
825.347
916.148
902.949
851.449
893.076
961.909
840.736
875.798
1014.94
912.276
1009.49
867.385
940.961
861.798
970.21
897.655
1019.55
984.82
1078.73
817.135
979.275
964.788
925.477
1049.44
858.486
813.053
965.016
956.303
1007.85
940.206
961.087
937.212
961.743
957.5
872.074
1010.67
1060.56
918.563
895.671
947.463
904.923
1001.08
906.23
970.016
914.492
907.752
889.279
993.882
1015.47
969.92
997.807
944.912
1017.83
988.274
870.12
899.666
971.881
924.81
1098.42
925.74
1023.31
853.776
920.779
910.31
874.244
1067.16
866.86
1065.23
896.785
933.797
933.625
991.715
932.075
979.676
1015.16
890.474
949.312
964.299
1031.88
902.511
851.723
1048.69
932.295
892.522
937.814
987.987
942.659
885.211
895.825
872.08
958.663
984.186
967.685
924.148
965.924
955.668
955.617
964.128
890.55
889.867
989.071
907.522
857.374
953.205
852.318
1036.02
994.68
951.927
921.922
998.57
852.068
958.367
887.377
1027.97
1008.17
862.786
924.234
939.069
950.85
899.772
928.638
887.957
978.594
973.069
920.409
927.93
993.482
941.138
1058.34
1005.66
924.302
948.264
859.149
885.724
904.697
872.388
989.098
902.857
918.238
923.759
1083.83
998.002
1064.55
932.113
980.385
942.4
913.867
947.245
810.544
939.726
937.912
910.534
976.126
1032.45
827.057
932.477
961.604
965.23
867.009
962.874
932.932
994.174
971.658
987.83
965.63
786.602
885.796
984.878
999.453
877.934
969.664
922.013
902.859
918.517
892.93
902.32
993.079
1029.78
935.122
1049.75
944.407
857.682
1117.2
915.878
938.146
881.893
812.548
871.053
870.27
910.86
987.735
918.657
927.215
856.836
999.969
881.98
945.544
932.951
944.022
958.24
880.263
902.443
925.775
808.566
979.024
1024.23
944.513
984.791
936.383
995.933
879.451
937.807
917.578
968.507
1038.5
916.939
970.904
1039.25
928.623
987.217
930.4
943.015
956.826
922.423
991.991
1080.25
987.298
1050.07
863.604
901.783
902.654
989.181
1000.22
1055.42
828.743
977.996
876.041
960.725
895.096
1020.7
1039.09
944.073
997.249
880.561
950.455
791.615
943.625
905.936
1079.46
969.157
875.496
1092.86
918.926
937.41
989.166
1060.98
971.402
1016
959.214
1020.58
1002.45
948.86
871.677
1065.76
847.564
795.337
922.901
1042.3
888.828
943.205
941.096
1021.5
1000.16
1059.94
975.157
876.194
897.033
1049.89
951.381
939.14
1012.1
950.517
1027.35
960.092
853.523
903.059
857.635
939.565
929.029
1002.77
1059.24
1040.85
981.822
989.677
977.024
984.933
978.096
1022.76
948.891
961.644
843.463
1081.56
880.268
1025.97
844.484
874.812
985.702
986.729
1042.34
927.992
927.051
903.369
849.445
904.56
1004.28
1050.36
956.102
907.691
919.363
1079.88
976.295
929.669
1144.44
1019.52
900.525
906.345
873.391
997.729
940.714
953.192
1004.85
1065.23
1036.89
928.096
868.403
988.414
890.135
878.916
966.272
1005.44
950.191
889.798
899.348
814.609
908.813
778.978
940.717
897.638
979.418
931.467
881.677
956.645
965.377
854.545
1048.08
835.328
954.707
930.663
906.349
917.513
817.333
1044.53
830.201
998.686
845.179
984.283
984.449
838.636
1062.45
949.155
957.058
1065.81
935.32
1027.74
891.833
826.121
1071.15
963.462
964.849
907.438
1005.68
892.176
898.039
885.221
1029.75
969.275
925.775
929.466
956.997
1006.72
916.353
982.889
943.487
967.587
979.583
1001.93
938.137
907.143
953.485
855.816
916.652
889.113
952.066
1004.77
1080.62
954.768
963.006
893.705
911.378
871.8
927.015
900.428
894.771
963.137
927.64
886.244
797.471
829.46
980.434
950.449
934.411
977.128
873.102
947.681
895.482
907.624
985.662
925.817
903.764
896.339
926.384
920.496
1006.63
866.091
940.825
949.021
886.205
916.448
983.156
928.093
910.154
932.656
920.97
856.054
1060.42
997.739
977.484
864.247
886.034
970.468
1037.34
955.833
964.607
957.441
953.338
778.477
1003.7
916.532
889.333
866.768
923.522
927.429
957.534
957.565
960.912
993.286
919.473
986.616
975.978
997.612
981.286
940.653
1020.68
790.722
928.62
1004.34
967.557
1015.96
875.918
976.266
891.94
1078.86
1060.86
923.515
895.896
954.605
938.022
842.184
837.228
947.649
955.219
1006.47
890.474
938.163
979.747
947.837
930.468
884.778
967.95
994.091
873.424
965.217
917.848
1022.18
980.986
960.924
912.18
1056.22
866.04
1025.69
977.85
926.976
984.984
902.175
1015.47
867.433
967.795
963.313
901.319
922.34
900.38
960.781
924.031
1015.69
952.995
1092.48
1002.65
989.608
947.628
940.631
989.786
1085.44
1026.51
858.337
916.773
1058.85
976.687
901.186
895.455
1033.75
995.048
890.768
969.764
981.848
1005.04
1018.76
1001.21
946.631
935.186
949.517
978.98
932.315
941.344
796.172
1034.15
942.381
858.422
892.271
890.515
951.404
950.629
999.699
963.959
966.317
853.879
915.239
953.98
888.055
997.496
940.155
940.089
761.638
979.853
892.551
1029.45
959.012
932.757
955.761
854.752
973.579
994.249
896.559
1073.59
1019.01
950.783
841.41
898.645
920.951
855.952
989.856
872.538
996.39
912.394
997.475
831.286
940.279
953.29
962.094
1006.06
905.601
870.993
995.854
1076.89
991.321
925.012
816.442
894.292
949.125
976.129
909.66
928.017
879.184
1010.5
878.14
1053.06
884.993
862.192
964.744
990.321
901.803
912.469
946.222
1032.17
1056.62
1007.84
992.535
970.979
894.494
904.455
973.541
1063.92
907.676
989.17
955.901
970.621
906.857
925.671
945.06
1044.8
968.192
1045.45
924.367
963.862
1007.72
900.577
972.17
982.094
851.868
890.259
1008.3
943.138
852.127
944.913
958.929
993.416
1027.77
975.857
948.91
1050.76
926.916
1065.77
948.502
936.521
1030.18
1038.55
991.268
1071.1
879.12
1079.23
924.267
981.906
917.731
875.311
922.459
922.024
1035.77
927.324
1035.4
771.411
922.95
1018.79
909.763
963.292
1000.45
856.642
977.331
976.084
829.456
1025.58
931.395
983.338
827.056
1021.77
809.512
865.041
836.778
940.263
975.979
946.008
878.08
1003.68
1002.34
905.833
891.59
892.169
901.553
895.659
951.275
970.907
939.721
955.214
1051.99
829.694
896.331
866.212
910.78
987.365
980.58
887.399
1006.13
934.375
1106.22
970.119
914.364
1001.62
868.62
1016.69
937.103
1047.42
878.927
1042.01
931.421
887.824
953.688
917.522
1002.97
925.421
882.777
962.803
960.903
959.726
961.446
977.369
966.368
906.883
933.825
989.099
894.92
958.921
964.134
876.013
1007.45
824.794
973.581
973.886
1030.93
964.147
945.068
907.729
1004.01
953.637
999.525
959.653
910.846
970.349
995.7
970.796
962.842
949.33
974.617
925.142
983.56
982.851
937.443
1038.74
1008.54
1009.41
1116.77
928.797
1000.79
1064.31
968.248
906.216
994.678
988.224
908.892
918.613
971.866
884.89
939.724
1043.07
818.168
832.834
842.831
916.855
855.897
969.715
1040.62
845.275
990.663
1061.09
982.177
1027.75
1035.23
959.261
855.361
1002.9
908.595
888.423
1032.9
1008.74
1144.1
926.561
907.305
956.757
968.311
1005.13
870.369
900.124
1045.03
975.852
867.239
936.749
955.013
941.11
859.342
1095.77
873.074
1005.75
908.286
977.05
948.035
980.346
955.89
958.035
1008.58
1036.55
1010.57
945.327
1005.09
972.64
918.14
1012.03
921.407
1005.31
946.863
946.107
943.374
939.615
858.673
1014.54
994.223
939.171
991.805
903.454
954.072
954.738
1003.84
1013.16
874.367
858.848
922.287
900.064
937.499
1032.94
875.278
978.052
925.211
845.689
915.916
887.347
961.752
940.196
991.745
999.013
884.297
1005.41
960.465
956.194
996.075
984.844
879.619
949.747
1016.08
965.195
934.701
914.658
963.205
986.149
966.531
908.677
969.908
898.542
1041.59
966.91
970.963
883.128
1012.19
1004.71
926.966
845.224
876.273
883.013
928.885
948.605
914.768
892.099
933.704
951.846
850.052
940.885
866.741
963.052
1014.14
965.623
833.435
871.772
936.022
916.924
950.449
938.446
999.938
1083.44
1050.38
941.005
978.626
1048.63
902.698
886.68
942.798
965.194
996.269
878.504
981.464
957.695
868.364
976.174
945.603
922.247
906.558
940.402
932.527
823.389
901.694
864.872
1041.28
978.784
963.357
952.153
1008.25
895.486
939.809
872.666
1034.04
998.854
1045.01
899.995
947.211
934.233
997.624
915.235
1037.04
915.111
998.123
926.588
999.717
839.273
957.739
876.138
952.263
909.335
1020.23
871.276
1001.95
1038.12
1045.67
878.222
928.202
963.012
814.365
936.393
883.729
794.485
932.54
823.457
876.01
915.563
778.862
1003.02
966.764
944.645
867.5
981.223
872.652
881.653
942.322
892.414
958.45
1048.78
1042.52
996.183
950.229
919.476
895.266
1026.97
952.984
897.825
836.791
782.939
903.949
909.696
929.46
912.763
958.461
989.18
986.509
863.09
1006.72
1042.27
921.978
929.672
935.048
929.069
1030.91
1029.92
1001.06
908.917
938.086
999.999
880.122
896.573
942.681
1040.22
935.736
959.461
945.347
1020.79
956.001
1049.45
1040.35
990.256
953.931
1000.99
953.127
950.225
924.24
886.034
941.59
969.066
1062
1049.48
970.487
1017.7
925.008
931.762
1012.15
971.897
820.925
951.521
942.233
886.716
934.367
999.821
953.429
1004.2
1024.26
932.712
898.35
900.345
995.318
942.058
1009.61
932.158
859.619
1125.11
880.907
1023.01
879.788
946.674
908.359
993.069
918.032
970.169
973.59
960.035
942.919
918.935
967.271
910.105
961.595
891.415
989.035
1101.52
890.781
866.919
913.417
945.051
1001.83
937.564
834.114
864.543
981.486
965.953
979.094
1019.32
1003.15
917.355
1031.42
873.357
968.526
943.413
949.657
922.332
918.459
887.264
954.691
952.192
943.073
878.093
901.913
873.834
889.223
993.566
864.393
952.719
875.663
964.954
892.347
871.382
942.866
1015.94
774.711
1047.62
883.042
856.927
904.118
991.646
1028.78
898.354
938.97
946.245
867.333
909.526
853.563
1108.63
877.819
970.82
897.549
905.143
924.6
976.767
884.295
896.556
858.052
988.1
882.255
1002.12
1008.47
936.461
953.162
890.707
940.999
907.83
944.205
984.77
943.3
889.354
966.465
973.392
1105.54
965.657
991.93
905.151
950.107
925.337
836.307
1081.6
940.095
884.444
1053.33
894.769
1015.76
925.701
912.956
940.19
884.705
1060.59
924.107
901.055
930.224
994.942
926.999
919.396
1048.3
960.064
926.903
924.367
1049.96
997.04
962.31
1019.13
1014
1011.31
947.167
842.251
899.407
938.962
944.004
912.245
881.268
993.325
884.349
867.441
939.301
974.254
984.601
965.026
904.128
864.2
924.444
979.539
840.927
959.422
981.701
946.09
985.472
883.327
949.234
913.444
1014.03
947.554
977.525
946.453
842.881
1035.58
1003.86
949.494
1000.34
993.686
913.068
1002.39
1002.9
968.307
1024.14
1011.72
980.128
1026.82
964.001
826.539
896.82
841.495
912.616
935.509
903.295
1001.42
887.492
890.59
913.404
935.495
1062.99
984.137
1014.38
874.368
996.021
880.811
998.53
884.038
1026.28
928.668
1083.14
959.658
953.694
1007.55
973.333
939.649
860.441
916.751
978.786
1071.07
881.866
1014.93
864.578
1063.75
959.695
910.453
1027.6
917.119
937.562
959.518
946.807
922.111
954.4
999.585
978.189
953.166
977.545
1099.05
983.794
896.515
972.473
1016.31
891.609
970.79
998.449
926.907
843.259
882.921
1058.48
965.519
828.582
754.807
972.04
965.12
971.771
928.793
950.056
983.806
993.093
883.849
897.424
958.504
897.717
1003.85
883.435
1019.77
1032.05
972.039
992.064
987.903
872.755
923.346
939.44
967.685
900.963
953.529
1138.16
903.905
945.525
887.482
938.299
929.277
1019.79
984.964
772.955
922.714
939.396
906.582
801.238
774.213
918.897
914.988
785
831.219
915.473
927.185
944.276
943.082
941.834
937.038
885.216
990.033
1029.28
922.329
886.877
932.375
895.215
973.907
923.448
919.848
875.849
971.365
959.047
1036.94
971.014
888.12
822.702
1049.7
822.943
960.911
993.662
949.444
953.715
924.802
1010.61
972.752
1120.06
918.073
926.996
920.711
835.047
958.384
1029.62
934.881
952.96
1008.27
948.489
898.08
1044.56
989.856
955.454
931.483
870.276
1022.15
833.99
1025.08
987.325
1029.59
944.285
854.733
952.392
960.149
977.511
929.31
1003.05
887.2
885.028
957.197
1023.06
1034.69
941.365
1033.58
924.458
914.934
915.059
910.064
933.69
930.506
944.529
948.48
973.849
872.041
894.735
1010.58
892.754
1037.08
1025.4
989.487
932.944
1081.54
942.673
977.591
933.183
866.163
933.401
910.395
942.582
857.076
901.046
939.583
1003.86
813.58
1002.14
929.009
930.813
1076.83
852.638
1031.54
1052.24
1001.64
901.271
951.464
881.443
990.042
919.633
890.873
997.443
933.345
902.335
1156.34
965.59
985.011
903.331
1044.19
909.358
1090.57
1000.34
988.593
918.474
859.112
981.701
914.259
805.201
961.714
933.967
912.131
950.882
859.955
975.499
980.438
946.751
1001.04
932.937
973.685
866.82
943.902
969.656
931.681
963.05
935.34
888.366
1001.19
976.657
921.449
907.824
986.527
992.105
1020.22
901.573
890.138
960.324
1027.78
882.758
920.963
954.48
979.381
939.649
898.843
1023.95
949.822
911.768
909.99
910.146
1083.23
975.293
892.566
842.396
954.536
1076.98
878.571
923.195
1043.4
940.932
1061.98
869.485
1035.02
882.503
1016.36
934.227
1017.99
930.668
904.917
966.154
890.237
985.365
904.456
929.9
940.69
977.744
1007.81
1035.72
995.326
946.749
934.128
996.687
984.264
935.012
958.107
964.006
1116.73
949.337
916.773
956.524
865.184
949.603
977.709
867.566
984.118
900.324
1071.84
959.475
962.249
852.367
833.526
884.205
990.013
960.059
910.575
1009.75
963.414
962.637
917.458
903.226
991.156
837.878
1110.4
997.591
1023.49
895.354
976.983
998.896
970.844
993.007
1007.9
934.771
901.709
967.454
957.42
995.124
909.196
933.519
909.303
989.312
904.104
988.691
928.061
951.466
946.056
963.164
985.259
949.556
941.26
984.973
932.38
920.621
921.216
940.175
907.464
926.179
904.807
936.684
964.586
1034.37
888.292
901.989
969.605
968.788
881.356
935.609
917.394
900.412
896.587
930.627
1022.3
1075.92
1024.28
996.81
985.082
1014.45
979.556
930.924
887.297
958.938
1024.8
1035.36
897.141
908.895
835.119
856.942
916.627
775.645
1021.71
835.055
965.668
899.574
1011.9
967.884
1087.7
907.323
897.64
892.812
862.297
946.55
930.434
959.056
1011.1
949.003
906.957
942.843
804.825
894.996
1007.72
991.079
872.707
937.036
853.613
1016.76
938.954
954.344
921.04
905.905
936.278
878.312
902.81
949.305
985.897
828.768
936.286
956.623
928.917
892.47
1060.14
995.02
961.879
997.793
903.83
933.449
936.742
999.275
828.742
839.857
798.808
932.614
893.336
924.513
915.313
1093.81
919.391
951.899
988.737
1036.86
1050.96
970.49
978.246
970.185
1065.8
911.029
905.783
1020.16
910.105
898.599
981.836
824.279
896.514
1086.06
1038.17
976.896
924.276
914.708
1048.25
1015.29
1018.82
796.958
961.538
906.842
958.854
1082.32
1037.32
914.852
1038.64
946.057
902.071
952.993
850.767
1041.67
798.721
869.608
886.009
905.301
899.868
956.775
929.275
905.778
894.935
1012.59
901.076
961.964
968.852
831.547
848.363
852.229
873.682
875.678
986.745
871.959
896.346
891.635
909.001
932.727
935.06
897.633
906.968
823.762
920.299
919.487
973.138
951.003
920.307
918.335
905.885
1076.1
1019.68
904.669
995.84
923.321
775.549
988.319
905.215
1012.67
959.24
931.225
970.086
943.019
921.054
983.42
986.62
937.388
942.201
974.646
1022.63
1014.87
867.043
977.866
948.754
1000.36
951.593
901.061
829.707
938.387
970.621
997.71
1048.19
842.891
880.542
974.58
905.782
929.352
959.539
908.782
868.771
862.102
878.468
938.577
939.35
983.062
945.771
944.107
1043.91
964.965
970.638
1023.38
1016
1007.41
1065.73
1046.41
928.153
941.781
1060.87
998.111
889.467
1053.77
965.478
970.093
918.3
972.706
881.694
846.056
881.687
978.59
1008.35
905.418
860.762
819.894
921.625
854.545
1024.61
1040.57
1032.28
957.978
976.709
932.672
906.907
831.075
1007.98
965.832
900.44
1001.6
930.699
976.711
935.188
1030.02
941.332
917.042
986.913
935.223
947.879
919.597
838.024
1024.21
995.113
1022.1
897.719
961.63
867.133
978.746
994.146
1069.31
1035.32
844.712
877.034
974.801
936.834
1001.5
960.694
938.529
976.445
970.983
1038.51
1087.34
902.651
892.935
931.455
941.519
900.105
883.84
880.707
1070.18
990.146
986.676
1010.75
870.543
887.294
990.375
1026.95
1004.26
886.022
971.012
920.846
1041.52
957.101
886.815
1224.32
898.171
1008.32
963.745
864.725
984.951
983.533
935.67
876.847
954.244
917.24
868.202
871.467
949.794
970.064
1020.13
983.159
1017.01
985.71
953.423
971.592
1014.82
895.185
958.937
919.998
966.137
876.496
951.229
825.154
917.3
1051.99
850.621
941.801
872.553
888.007
925.257
1011.75
995.472
889.14
876.053
961.328
927.699
1015.4
894.548
966.907
863.023
869.459
879.06
1000.01
1023.55
902.615
953.305
936.892
974.74
909.743
929.88
965.858
817.057
974.479
834.838
1012.07
990.574
873.329
967.757
994.168
1020.8
855.288
954.654
980.94
822.537
996.689
1080.97
964.327
975.138
895.815
986.143
989.474
932.589
773.487
849.418
1074.61
851.894
898.551
929.014
937.396
946.641
893.375
1016.7
1026.54
862.057
923.699
925.057
832.5
954.669
875.095
911.891
944.679
937.947
988.03
909.81
1012.03
969.162
959.235
925.613
996.689
876.541
861.68
963.26
978.626
952.329
1049.61
941.644
942.839
900.663
1067.24
998.796
912.518
890.194
962.35
898.817
869.356
948.019
975.059
949.6
942.343
1033.86
925.026
936.441
1070.73
1031.23
991.17
957.613
933.204
952.448
839.144
1045.49
898.023
1035.95
996.8
981.941
886.621
885.165
924.87
903.437
905.167
864.79
957.504
995.815
936.077
1128.72
865.916
1067.42
967.21
865.612
879.666
935.768
920.509
1001.15
966.938
875.011
807.46
854.867
948.196
935.36
942.727
914.164
951.893
918.418
1063.89
950.349
1002.11
862.022
929.538
979.029
883.32
944.347
909.213
983.691
990.92
975.935
869.788
914.522
936.582
1008.39
931.256
913.116
974.175
854.474
957.199
963.829
979.414
989.998
913.675
833.755
919.978
971.257
860.012
1024.12
1008.6
961.265
983.094
909.709
865.626
938.255
902.262
904.123
991.153
1070.8
871.658
1008.29
878.661
1008.82
972.262
910.778
978.914
911.986
904.148
882.241
842.209
939.082
990.879
849.451
962.064
988.882
974.574
973.977
920.639
974.992
1034.72
1086.21
946.213
1025.21
996.011
971.535
963.441
974.267
873.513
968.87
797.474
860.302
940.162
890.239
1010.53
912.396
875.645
884.754
807.853
943.555
876.03
925.523
938.576
955.193
845.798
920.981
970.517
906.464
1013.87
748.855
907.426
1008.72
934.945
943.802
840.917
949.722
954.894
905.269
932.828
796.38
938.123
942.62
956.023
1023.46
912.515
867.559
964.916
1026.3
786.469
880.639
956.92
969.007
852.839
825.065
945.858
893.149
969.666
878.909
978.691
922.285
1057.16
892.732
950.114
1015.83
965.758
935.926
940.588
978.172
918.077
885.294
987.164
942.712
993.082
938.056
935.814
913.038
931.11
979.382
896.783
1037.73
856.669
978.314
938.141
996.237
833.783
959.338
970.227
926.185
936.507
988.521
943.702
1020.63
990.12
861.566
878.898
1031.91
973.464
897.447
992.426
865.588
874.883
921.452
1023.01
1001.77
975.414
934.065
971.899
840.677
884.228
970.852
1047.26
1012.29
953.738
957.273
900.871
955.439
885.299
894.609
1000.64
1023.42
924.708
1025.12
942.346
865.677
1155.51
933.974
1001.6
982.873
1005.89
962.465
906.627
859.66
1067.78
923.973
1005.78
994.388
899.694
948.964
1005.88
914.778
994.988
983.886
952.356
932.766
942.147
850.292
1019.26
948.115
889.869
937.586
937.316
940.989
947.672
940.817
960.881
974.026
924.227
926.039
965.808
950.796
956.031
813.354
884.494
875.124
819.831
950.53
936.853
923.767
868.802
1029.74
860.151
885.87
1002.93
894.031
960.474
951.08
967.579
995.56
906.159
867.12
850.81
992.146
1012.91
970.723
1064.15
1000.13
903.606
1009.39
798.616
940.288
886.477
1047.9
915.665
803.22
960.759
901.046
828.714
977.95
909.102
940.48
1006.74
909.667
1014.87
1012.07
872.776
951.882
993.238
1013.84
890.159
909.396
941.72
926.756
958.973
846.266
904.729
980.755
902.143
1011.98
906.469
987.293
979.066
953.672
893.49
1000.77
925.578
973.542
1037.17
1016.75
924.015
991.939
920.557
1010.72
1050.92
1076.38
1079.82
1100.93
924.976
924.941
1022.59
965.492
858.751
954.884
901.022
1028.2
875.899
1047.24
959.313
896.721
985.008
986.007
957.784
944.768
976.229
976.154
935.597
1035.7
962.834
852.834
1019.97
1105.14
957.812
908.414
966.801
1040.97
932.537
1055.97
1063.98
866.182
910.526
1033.01
877.043
931.894
1011.89
826.539
813.488
1053.51
1000.74
928.453
959.961
944.507
859.414
923.637
887.195
1026.58
1030.14
947.121
867.115
868.696
1001.6
865.155
943.367
920.391
985.042
982.058
976.105
940.24
917.423
951.117
940.667
824.863
939.244
964.932
908.64
914.857
1085.91
989.335
806.165
788.135
870.123
894.953
953.805
1102.29
1023.23
1009.98
878.227
996.895
899.044
1069.95
849.128
824.549
951.529
1077.05
969.457
943.756
969.746
988.75
887.874
920.137
811.145
928.748
1037.82
998.378
1038.37
1021.61
916.569
931.949
970.489
975.937
931.029
874.843
913.908
912.403
989.876
1041.46
931.238
1038.54
909.418
945.459
980.738
951.824
966.363
875.306
944.322
899.554
963.56
1013.39
998.141
900.542
742.849
910.124
904.561
894.492
1010.68
880.974
916.7
874.885
872.867
896.492
937.954
932.79
836.197
995.661
946.009
985.131
930.057
956.714
1065.38
1005.19
868.338
881.086
1026.73
1032.69
1096.64
890.925
880.876
1015.59
978.474
961.935
1002.65
884.443
979.358
845.43
1012.53
1069.11
868.198
979.105
793.012
892.482
951.807
984.985
911.029
896.638
1081.25
1015.26
849.393
1047.55
980.32
880.401
944.662
1019.02
940.173
900.679
984.18
841.227
867.548
1014.49
940.701
860.149
972.674
958.152
960.089
980.984
941.772
976.779
919.547
945.308
940.479
903.687
1069.21
989.868
1028.37
1007.05
973.964
928.369
1067.06
912.975
942.002
935.26
904.2
935.594
1000.08
918.897
915.665
936.789
1003.09
1018.38
922.865
913.639
919.741
840.077
990.334
957.707
853.928
915.465
881.662
1035.9
996.083
998.345
993.538
846.004
881.575
882.202
912.921
910.918
926.347
979.159
913.787
903.74
891.267
1020.54
897.461
1016.92
930.094
912.08
862.162
1040.78
953.174
987.215
865.595
895.73
913.99
964.094
944.838
918.616
853.236
911.949
872.853
847.421
1034.13
943.41
929.178
1025.84
1063.93
962.873
980.601
878.738
1058.39
975.58
946.735
976.685
926.868
960.302
1057.56
994.891
945.38
948.798
1017.16
946.199
888.236
881.956
816.245
830.649
960.138
979.244
999.853
997.355
1019.92
1087.14
1034.3
920.069
871.525
880.397
937.682
758.261
873.727
958.722
1006.44
886.964
875.175
978.589
