628.943
625.186
679.008
585.722
568.779
562.282
666.546
638.731
623.017
666.978
617.231
615.907
640.275
705.341
645.837
559.321
560.243
533.79
598.371
635.454
663.483
681.659
630.818
670.024
589.051
624.606
653.333
709.698
500.653
634.093
652.928
636.064
644.53
651.388
629.472
621.845
567.395
682.437
731.018
602.852
746.556
599.441
610.572
614.022
577.84
574.77
588.264
614.948
684.716
636.867
611.237
583.819
552.742
680.534
634.317
586.717
598.435
661.715
553.388
638.157
594.891
702.707
659.322
628.639
647.851
631.095
663.481
540.098
712.118
552.165
575.508
616.876
690.773
684.261
632.388
676.337
580.054
586.644
616.239
561.651
592.357
608.621
617.263
693.121
698.691
588.595
564.709
651.718
659.801
685.409
642.892
573.823
649.527
604.568
621.52
635.406
686.202
707.889
713.498
505.443
607.289
640.94
642.774
665.462
639.254
665.245
692.221
673.855
577.15
660.807
655.087
581.553
697.148
610.276
638.022
687.371
635.815
578.471
589.438
637.624
643.092
685.962
675.506
599.744
678.581
622.241
514.69
735.067
607.934
680.298
653.368
539.718
604.792
629.76
685.471
602.069
645.031
651.456
579.26
625.074
623.02
659.709
610.584
514.654
685.033
583.322
645.671
571.343
705.717
627.022
659.632
649.61
609.533
676.547
649.319
550.652
665.432
563.244
673.704
584.874
618.102
643.467
673.741
639.108
633.435
643.337
675.921
640.684
552.177
719.274
570.761
601.314
615.698
658.734
666.648
629.038
630.362
619.108
607.463
653.046
591.357
737.983
612.486
673.615
690.193
671.806
615.329
626.617
688.585
680.121
553.715
646.298
573.2
556.768
605.939
635.577
652.607
701.055
662.153
690.5
641.464
661.132
556.188
628.973
582.43
598.125
646.786
612.577
623.183
638.213
669.114
572.775
649.935
609.583
689.798
635.325
506.878
577.905
639.872
702.556
659.095
562.37
610.697
611.381
602.064
603.204
675.861
632.11
579.619
680.885
627.129
596.091
652.806
660.8
583.835
672.716
653.748
632.698
588.161
554.733
641.638
597.447
664.507
647.746
578.972
641.081
669.57
712.44
689.859
665.295
720.885
598.302
684.55
564.236
606.113
663.22
544.175
652.086
704.045
561.47
607.462
651.192
675.981
647.018
591.037
597.835
599.734
652.578
574.937
664.642
581.981
654.506
637.639
554.494
639.361
654.903
625.699
635.221
737.067
534.091
676.145
604.145
621.822
571.966
632.287
678.674
608.838
621.554
668.971
705.626
631.131
607.34
572.416
673.6
610.412
664.944
689.17
583.286
664.706
599.623
585.396
690.419
614.492
571.47
697.619
570.314
601.343
649.067
636.453
525.402
597.539
614.088
582.973
619.045
607.352
606.735
645.663
737.564
632.174
690.067
634.936
681.046
662.091
770.18
631.026
623.924
654.503
530.525
672.318
716.512
625.437
568.548
649.214
574.637
630.973
684.969
598.519
572.682
574.406
585.117
615.774
583.256
608.475
571.658
707.344
744.232
687.66
634.637
679.539
656.733
683.656
680.98
638.656
623.034
653.778
526.599
710.856
704.368
710.371
541.325
642.028
720.046
577.905
621.899
612.214
624.691
713.197
675.4
683.345
719.293
617.884
672.333
625.508
660.698
710.264
649.352
598.403
692.237
525.617
606.667
554.387
623.465
694.757
681.343
578.452
622.279
618.63
623.068
744.485
673.649
566.405
584.818
635.015
583.504
627.006
642.33
607.227
695.09
686.326
651.263
569.136
627.448
647.371
601.534
641.634
642.468
590.688
602.717
674.113
597.204
622.641
619.645
617.477
646.239
578.845
638.341
623.78
625.444
610.407
630.519
648.478
632.445
641.858
639.423
646.589
667.957
664.995
629.545
600.627
540.793
714.711
652.944
746.247
628.492
721.514
624.681
570.991
598.26
596.892
557.858
695.068
754.013
727.124
612.527
625.261
637.763
614.98
659.936
653.967
629.317
623.009
586.707
569.803
674.042
676.44
642.709
637.37
612.4
634.349
513.87
623.716
632.704
603.771
659.185
608.295
647.697
749.06
568.746
599.14
528.434
636.258
535.295
677.15
682.28
698.553
649.147
649.229
625.939
680.871
599.718
634.746
589.009
553.739
614.851
659.696
562.223
713.023
657.307
734.697
564.989
642.999
604.916
621.609
695.626
713.929
652.77
583.463
575.291
603.723
571.473
691.953
580.59
666.982
634.102
626.116
724.913
677.209
558.889
595.431
600.257
662.262
680.534
609.936
661.993
534.903
581.626
640.849
653.654
617.482
618.057
711.692
616.639
627.714
605.68
618.286
608.1
626.493
684.292
659.849
534.177
604.539
620.523
645.857
559.074
607.674
681.828
593.241
564.393
657.662
592.286
690.124
621.586
515.539
527.386
661.161
579.733
740.513
651.631
630.445
629.478
648.774
608.79
725.84
605.101
611.209
592.263
662.542
604.714
664.414
660.737
595.491
510.027
580.401
618.916
609.97
646.255
556.345
675.149
652.187
599.074
689.109
645.279
633.613
701.12
646.682
622.474
644.791
649.096
675.794
489.194
556.921
605.773
598.338
581.301
688.69
569.11
557.52
652.319
532.098
658.374
600.215
672.093
640.065
600.075
723.73
578.166
583.13
595.008
618.616
666.028
677.242
681.816
631.113
636.205
658.825
705.912
731.96
651.374
628.047
642.981
644.402
584.461
647.11
680.308
645.379
649.558
570.789
614.022
541.904
649.05
592.218
744.36
675.492
673.871
614.289
665.068
604.366
605.023
672.005
647.428
767.786
667.605
532.695
646.379
572.555
603.838
601.967
622.869
716.353
575.291
632.738
595.406
672.285
659.76
606.39
722.269
567.408
632.889
610.171
574.167
669.178
580.884
629.008
634.422
654.135
508.201
619.73
684.105
558.217
710.997
587.477
603.143
691.923
681.232
566.879
569.527
702.503
627.826
601.823
586.972
617.244
621.978
601.659
570.937
629.828
658.698
577.962
595.097
645.814
659.265
661.937
595.414
652.617
570.234
734.587
676.777
646.995
699.443
569.561
614.304
708.597
714.481
547.642
627.634
618.269
649.004
568.937
616.687
620.799
578.282
664.982
588.253
673.663
603.114
631.57
602.587
640.435
674.116
577.398
652.831
569.434
619.814
573.937
596.633
603.652
665.34
643.831
630.257
718.508
652.197
657.083
732.352
642.413
696.9
675.332
596.982
725.717
713.075
540.572
663.068
639.721
650.073
611.1
696.827
613.457
652.244
636.602
622.086
664.57
700.325
618.723
594.214
619.294
623.096
561.798
609.189
571.457
631.952
595.058
708.235
639.449
650.312
652.032
637.389
671.131
659.353
638.017
662.387
647.79
600.413
555.091
582.529
538.924
671.935
621.65
606.255
672.584
740.813
670.095
677.96
593.389
673.733
557.625
623.394
705.289
740.739
634.075
630.989
560.946
641.066
496.686
675.536
556.241
641.5
620.52
591.673
568.51
579.157
602.144
594.231
637.708
620.04
550.679
577.78
614.168
655.504
630.904
617.84
687.808
749.502
694.353
634.235
558.235
720.423
635.433
633.145
625.231
702.504
616.562
590.3
696.505
598.093
576.215
638.602
583.412
607.79
638.004
607.066
671.65
601.655
519.969
722.459
636.668
568.037
691.322
540.685
624.628
622.19
614.374
565.899
663.684
681.155
644.489
688.253
751.811
577.98
556.501
630.423
659.881
680.374
562.416
579.174
694.928
656.582
563.239
631.278
622.234
720.525
610.324
657.246
681.727
568.494
608.055
670.208
737.16
591.76
639.661
681.29
569.193
616.158
622.112
635.135
604.08
559.707
599.031
662.723
664.131
566.738
589.096
579.746
622.764
623.674
652.334
614.612
604.395
605.015
559.673
604.943
647.738
602.31
688.237
579.93
562.576
579.532
571.802
611.558
640.994
574.637
631.385
638.591
624.061
676.943
557.485
588.105
592.873
576.971
624.448
607.749
694.303
670.794
677.543
695.269
648.527
659.277
693.111
727.323
667.927
615.03
641.089
550.709
653.142
607.559
584.438
573.84
706.403
578.628
587.312
591.055
625.539
605.08
688.949
569.946
567.657
681.813
583.463
611.745
636.84
564.693
635.468
687.802
643.833
618.287
608.492
543.217
653.204
672.699
570.995
592.25
641.376
650.779
559.831
677.904
691.847
566.199
657.675
728.131
625.25
629.43
686.414
600.298
641.549
619.989
633.537
669.577
532.904
585.872
675.018
717.846
673.903
679.154
684.266
650.074
705.837
578.009
667.308
635.2
633.308
588.302
684.691
604.242
673.633
714.772
650.848
629.2
643.47
614.125
578.864
654.578
644.748
613.754
632.256
660.924
612.398
579.725
740.467
548.735
679.001
639.227
545.868
627.209
631.311
658.697
597.551
647.056
595.085
659.538
575.964
636.545
665.735
638.981
704.569
674.141
663.838
682.241
577.069
622.162
622.557
711.855
644.184
629.261
662.588
701.821
636.848
674.287
615.088
597.875
569.335
593.637
571.299
670.347
736.65
567.527
573.802
589.736
663.156
649.704
572.911
602.364
606.395
578.809
553.517
684.251
576.603
527.185
656.153
576.307
690.554
625.08
664.079
637.819
622.529
665.267
656.92
601.01
635.972
742.617
566.75
618.78
641.675
627.221
557.265
651.71
660.658
702.419
641.974
725.65
601.836
676.832
546.416
655.045
623.888
633.608
618.217
681.672
571.886
633.47
603.729
572.836
609.27
619.591
680.706
632.273
658.114
684.18
664.74
556.568
659.087
731.214
678.568
568.719
596.001
601.358
629.526
662.134
540.048
720.611
609.821
614.964
690.359
551.929
571.098
605.143
639.62
732.501
715.125
666.718
642.748
629.697
679.144
658.764
570.016
622.983
618.52
558.657
648.064
705.813
647.213
605.824
647.371
623.229
672.199
611.378
621.696
704.012
699.838
602.536
692.13
658.258
720.99
619.82
631.792
730.145
534.662
556.714
645.955
520.254
561.122
566.847
622.679
628.547
623.883
649.684
586.637
699.147
638.534
677.706
674.667
645.513
556.191
582.684
564.848
649.333
629.564
623.274
627.403
578.825
715.925
727.851
601.521
623.705
641.361
600.711
589.755
623.343
655.505
649.657
651.597
680.814
629.705
625.835
661.287
612.318
643.945
587.312
618.079
739.924
670.044
695.37
589.21
587.281
685.815
603.953
595.903
553.884
575.365
623.867
567.77
667.38
588.242
560.093
575.929
701.122
551.881
609.884
613.18
606.994
517.602
537.166
626.771
565.051
637.035
646.67
632.366
584.706
677.723
642.173
537.156
633.193
597.603
594.369
647.194
617.177
588.95
626.983
727.596
619.537
609.967
626.612
617.267
701.778
616.604
608.469
699.926
574.05
635.807
607.787
570.516
662.79
666.382
566.571
594.192
603.78
564.037
529.51
672.083
709.506
646.612
612.223
587.979
661.088
609.113
658.621
628.752
649.695
653.707
541.187
644.627
680.438
619.383
535.904
573.454
687.905
579.751
532.977
620.615
641.742
593.196
588.091
585.532
561.7
642.234
543.732
628.483
661.262
563.844
583.118
628.545
516.737
596.584
523.768
667.411
589.722
616.031
595.654
614.856
567.259
580.148
720.127
627.035
628.804
617.199
644.178
655.426
697.891
592.13
686.822
674.029
626.354
570.824
638.908
569.123
553.241
542.319
569.3
617.459
572.734
712.62
674.399
652.011
664.743
587.787
627.783
691.55
615.746
521.349
629.361
641.58
618.838
644.875
566.079
532.47
593.533
570.771
517.612
587.4
594.835
567.786
673.52
664.353
579.452
653.964
594.832
621.618
651.341
659.327
647.048
683.445
647.866
606.268
606.953
678.948
605.314
673.23
534.496
673.679
778.195
613.699
604.942
692.173
663.232
713.481
547.868
673.601
627.861
673.002
660.194
617.069
644.682
676.158
619.7
581.94
632.787
633.794
696.451
657.497
593.844
735.782
625.065
612.853
662.361
610.496
571.589
719.166
548.96
565.581
656.455
543.94
624.036
547.56
646.282
618.757
495.504
643.849
608.863
604.675
572.082
572.986
621.467
622.955
573.252
640.224
652.935
574.913
566.08
666.04
596.872
616.983
594.802
645.074
514.668
609.589
573.9
674.81
647.935
580.027
564.381
675.863
602.017
630.655
707.88
622.514
692.769
592.511
654.942
617.371
608.75
655.053
653.121
563.948
578.175
630.553
663.822
583.883
742.737
573.152
592.249
636.715
540.126
563.585
725.646
623.979
626.768
595.807
606.566
623.062
649.924
635.53
695.095
668.558
564.974
599.883
589.944
643.762
626.042
717.398
556.7
584.876
616.325
699.848
629.837
612.33
636.946
571.564
672.649
571.516
634.077
652.322
541.658
474.033
666.666
681.708
561.328
652.655
486.246
715.48
565.934
604.266
647.126
620.929
497.681
529.082
724.022
662.699
617.097
705.84
645.66
707.337
692.973
703.47
683.914
626.031
572.805
711.32
659.557
653.805
718.505
665.528
655.243
612.177
634.057
647.224
617.903
685.339
774.593
546.485
623.109
605.348
573.255
595.51
627.674
612.215
563.68
631.609
629.745
621.17
644.234
538.506
690.153
691.492
632.467
633.734
676.032
630.269
748.675
678.998
591.5
732.289
590.565
630.355
594.99
690.078
583.155
543.526
689.555
628.709
610.5
590.776
665.642
556.995
697.633
618.921
632.888
593.248
604.478
724.326
641.83
620.67
657.16
582.887
584.078
600.355
591.239
657.073
565.878
564.027
563.662
611.391
568.385
707.225
594.733
599.849
598.774
615.557
619.424
736.899
548.65
549.948
709.768
547.919
696.224
574.423
528.656
593.688
616.612
671.755
617.412
608.105
656.974
726.688
626.881
610.058
675.238
598.782
584.43
580.144
671.154
601.738
565.255
669.334
682.543
647.424
661.78
615.451
577.94
613.599
659.931
519.686
657.263
575.366
640.756
644.393
612.485
695.488
700.757
640.373
629.695
646.368
613.253
644.079
670.632
578.503
644.067
629.872
577.136
644.081
658.75
608.749
575.757
662.201
691.554
581.582
592.487
600.311
542.872
649.378
656.222
732.345
621.838
617.725
686.858
587.371
700.3
642.589
538.032
706.534
541.493
720.809
620.746
606.719
685.992
628.193
658.858
644.235
661.752
596.8
564.587
543.263
638.978
636.777
674.187
705.785
625.518
648.856
580.833
607.695
549.177
637.258
629.977
648.102
621.052
693.174
623.738
611.856
624.955
692.735
653.028
638.699
679.517
596.983
643.374
688.187
662.115
616.871
647.077
639.843
616.214
645.568
639.63
571.395
681.311
643.581
604.955
569.208
582.418
633.812
664.895
644.723
554.586
567.839
724.137
613.45
595.229
571.522
616.392
567.772
557.965
622.903
652.948
652.375
563.037
579.146
653.275
699.184
696.093
672.557
629.639
535.293
655.509
665.815
613.731
716.382
619.296
532.678
612.774
644.456
644.018
620.708
580.097
654.566
626.93
627.325
521.953
627.423
655.66
546.336
567.009
599.23
655.803
537.686
584.737
631.78
552.679
607.267
625.294
661.687
563.013
648.554
678.524
644
643.727
699.25
575.362
594.378
616.125
618.753
617.869
637.315
675.414
670.639
661.55
617.001
595.615
622.325
671.433
621.32
545.674
643.735
637.059
698.192
627.137
606.061
591.465
626.775
691.025
591.214
676.017
603.279
621.887
672.065
720.188
599.964
609.096
641.756
613.12
710.659
624.236
650.655
625.623
640.302
668.532
570.178
663.503
592.139
631.387
630.064
558.208
570.478
603.823
640.609
528.009
708.166
726.329
510.907
707.181
650.689
630.687
600.608
660.994
550.447
594.201
634.67
589.575
626.312
562.939
662.474
688.266
577.728
699.222
681.538
648.996
574.855
674.425
665.044
729.782
510.322
663.058
632.398
625.446
629.588
611.273
582.98
680.05
662.281
658.036
575.234
610.35
618.769
666.158
621.372
625.51
599.105
638.827
704.91
591.609
627.544
608.217
738.955
623.962
719.407
618.827
576.366
664.559
701.874
559.374
636.031
574.57
588.23
521.84
575.562
587.435
569.721
659.361
570.839
610.237
599.6
632.932
653.823
669.134
527.487
642.917
667.974
590.929
581.089
586.822
589.136
563.002
635.901
647.388
685.533
651.344
531.742
613.75
699.994
582.372
617.556
672.449
561.288
601.641
671.426
630.895
618.88
559.967
538.182
581.554
701.691
620.796
577.438
617.805
590.978
712.993
675.7
588.335
642.559
600.873
718.808
601.806
638.194
681.758
591.854
663.764
675.263
530.604
582.98
545.452
671.655
678.98
630.457
586.536
610.58
652.722
660.466
634.354
569.62
658.007
626.727
639.797
692.415
570.573
713.803
680.267
620.6
679.068
579.696
629.18
635.095
607.096
630.549
636.038
612.443
542.308
615.045
619.667
581.612
619.195
621.175
648.477
667.238
615.984
595.073
690.032
739.389
560.549
600.536
734.461
612.144
676.677
658.795
672.865
671.795
635.281
579.379
600.184
609.065
677.102
594.108
611.77
725.04
627.104
640.925
678.952
635.744
662.51
558.094
606.79
704.253
531.188
672.845
608.908
522.858
669.379
614.42
546.702
572.553
631.176
524.595
527.65
645.146
780.47
646.786
653.899
592.903
649.32
684.827
606.907
596.932
707.811
601.048
667.51
588.473
683.102
592.491
614.903
542.959
620.203
692.716
596.158
587.36
638.672
634.296
562.117
691.687
565.923
621.49
603.154
706.045
666.084
580.805
631.228
622.394
631.167
658.628
665.997
625.513
577.107
563.907
619.173
607.827
653.858
632.716
592.32
539.878
620.92
652.788
574.157
635.291
599.747
735.43
635.564
599.68
703.251
695.341
561.467
604.35
564.38
591.425
630.205
608.192
752.915
610.361
620.911
570.231
637.846
571.012
669.524
626.736
695.069
635.696
588.352
683.924
525.56
656.618
668.379
643.498
669.282
721.181
716.88
639.79
622.073
689.968
583.21
611.068
697.577
567.903
713.367
609.414
565.935
688.647
536.04
636.798
665.9
634.977
652.342
600.357
618.759
607.617
578.093
711.932
630.166
644.836
664.978
629.732
670.356
486.762
682.096
632.222
643.555
635.689
607.097
718.559
653.477
711.352
630.502
619.295
583.231
580.52
672.4
560.532
526.822
614.971
549.738
634.022
642.691
701.272
589.231
665.238
605.317
568.266
599.58
610.723
615.027
644.862
606.706
615.229
626.356
660.753
588.146
640.992
635.648
657.11
586.375
662.139
615.203
701.58
619.279
632.962
670.617
555.619
580.808
662.473
578.171
715.596
634.083
643.695
621.918
600.003
682.878
651.514
614.321
638.492
661.613
652.347
663.008
685.081
588.82
692.317
545.417
597.936
774.824
563.555
667.37
691.724
608.21
576.611
589.925
671.677
579.621
602.498
568.983
570.915
622.749
684.567
577.984
659.502
581.912
646.646
588.873
652.33
663.693
627.127
577.307
592.285
679.118
503.309
614.195
619.895
598.924
628.292
740.385
624.784
722.821
648.903
635.39
612.245
676.52
819.803
565.671
573.191
603.736
687.478
667.699
760.005
628.6
653.69
696.286
644.116
682.326
659.073
653.562
681.048
591.375
629.833
653.36
674.749
662.084
574.365
578.148
619.09
649.61
590.891
664.022
680.437
639.532
717.305
599.534
538.71
558.822
620.681
635.85
669.527
670.586
660.762
591.993
661.701
680.691
564.349
663.711
673.459
603.894
680.813
620.04
681.261
601.169
659.469
610.451
572.362
586.414
769.023
603.06
581.056
603.138
666.516
643.429
628.975
627.859
553.682
649.801
613.815
566.177
673.282
695.72
625.83
679.496
621.132
578.799
626.545
624.577
584.782
634.927
677.956
631.722
652.749
620.682
567.842
558.004
572.013
578.288
545.104
650.311
548.253
641.093
627.912
575.494
608.204
603.837
595.555
652.917
495.786
572.772
602.536
649.736
683.74
567.227
657.544
656.594
645.252
677.308
667.925
592.238
620.797
603.661
702.594
668.312
691.417
673.332
727.236
623.88
605.209
594.411
684.878
676.585
630.521
668.939
611.009
643.757
636.931
625.351
676.813
577.418
644.536
615.205
647.767
622.763
556.625
585.831
644.039
598.47
596.449
631.323
627.002
640.657
676.717
602.524
555.599
672.079
699.82
574.853
600.621
630.381
576.345
587.084
651.932
613.017
633.129
560.844
643.335
587.976
670.549
592.106
681.96
762.948
622.242
584.926
763.025
591.781
653.144
668.513
729.83
712.336
620.507
710.657
654.371
624.916
691.834
617.547
710.686
638.226
563.129
586.591
621.134
667.728
567.785
508.518
662.71
630.683
650.566
590.381
646.528
582.365
633.711
634.088
662.541
650.444
581.951
614.246
673.176
603.089
583.95
655.403
653.501
685.919
616.393
685.029
536.436
613.863
694.437
607.855
582.378
640.201
617.808
696.488
647.886
606.024
650.616
628.696
671.166
600.005
688.528
650.357
707.894
663.264
684.723
660.995
677.408
634.736
641.5
683.152
577.867
627.639
660.635
668.45
600.821
610.666
635.855
529.053
622.632
650.989
622.771
611.342
626.334
698.284
661.687
625.816
579.109
573.953
581.658
594.956
656.486
627.587
594.106
610.835
691.83
643.462
648.819
617.632
607.201
622.107
658.904
620.436
641.184
593.06
703.857
656.815
692.981
697.532
552.21
590.628
556.086
620.99
607.425
633.466
601.566
642.192
604.179
604.609
652.073
606.441
614.977
661.656
602.721
689.748
624.865
571.957
577.012
602.915
707.33
650.709
624.417
726.418
583.06
564.739
551.144
615.136
598.444
586.515
728.899
585.664
604.667
533.921
635.584
687.977
617.216
583.279
650.132
619.728
693.813
602.223
672.646
609.098
669.904
764.974
588.864
615.742
560.861
650.896
624.618
567.345
523.702
540.12
620.271
587.972
628.336
696.099
693.704
689.784
640.022
629.33
605.978
652.491
600.045
670.924
608.087
741.373
658.225
618.993
536.991
726.943
621.765
637.358
583.601
592.455
640.071
549.707
635.396
692.929
664.903
584.08
686.666
623.559
613.55
664.178
576.922
619.003
659.75
647.042
605.845
649.395
645.416
629.808
617.843
601.987
605.503
562.702
655.128
627.872
662.723
622.88
672.85
520.586
608.84
529.27
605.834
686.558
709.838
635.193
628.41
564.019
580.664
577.345
669.711
607.404
626.7
590.51
644.566
594.259
690.117
670.172
699.753
679.779
661.302
660.076
615.892
592.705
702.131
664.546
516.821
660.83
658.325
624.981
596.72
721.361
654.402
555.409
720.666
717.608
627.514
669.331
628.129
656.811
617.163
569.653
639.37
603.42
573.881
633.113
642.793
647.984
619.957
646.092
623.278
593.464
708.251
563.228
655.182
651.255
658.237
707.323
632.33
741.407
645.399
571.414
639.299
648.615
632.473
629.164
665.877
614.49
615.285
718.984
781.519
698.399
657.182
604.691
625.916
625.131
623.292
622.151
719.444
581.384
526.245
667.732
667.639
614.249
694.302
679.439
672.012
639.554
535.351
665.414
689.904
630.836
712.663
574.696
537.558
601.272
607.353
660.47
627.808
580.837
602.434
600.375
551.169
584.269
588.288
637.854
525.412
658.331
683.536
608.618
633.42
646.72
652.799
643.416
657.193
600.842
635.153
573.149
561.118
645.767
690.52
590.675
575.669
655.636
627.754
587.157
675.288
541.533
551.115
625.066
552.377
588.757
679.342
647.88
618.734
665.533
628.5
653.315
685.395
580.716
585.453
745.338
653.463
648.57
635.371
642.286
678.374
668.492
682.597
530.673
639.701
583.929
576.894
640.789
659.897
615.194
659.803
586.874
761.113
649.261
742.456
573.052
717.248
681.194
605.038
590.749
604.813
621.665
653.442
629.368
579.731
570.139
708.854
634.967
545.296
686.452
614.719
715.361
581.434
576.555
624.375
645.908
671.12
620.27
555.984
698.162
606.645
646.393
538.962
615.386
690.221
684.061
643.917
614.931
564.854
671.258
635.769
636.747
572.154
588.193
634.907
632.878
633.065
600.917
625.862
636.299
647.56
732.615
579.323
535.397
577.525
599.128
690.821
607.182
631.617
591.243
704.907
575.659
569.919
680.257
736.361
695.641
663.126
587.216
628.718
654.034
660.279
602.636
625.406
544.938
558.052
717.148
660.071
629.666
567.07
607.769
580.308
644.815
636.571
638.104
602.582
676.456
611.335
652.665
638.871
652.261
707.909
667.658
585.02
704.619
588.615
625.857
639.251
678.606
671.579
662.204
671.057
608.455
659.437
595.807
605.111
685.43
685.373
609.182
648.857
712.07
558.741
658.31
661.663
633.653
511.826
578.811
667.056
592.911
584.314
716.939
628.714
617.627
545.697
580.591
558.115
628.34
591.565
661.609
608.729
594.778
657.691
693.861
629.019
670.356
586.269
548.498
713.94
589.847
565.739
668.885
681.65
572.062
601.764
610.197
642.109
584.482
671.15
645.48
645.813
609.326
672.358
630.679
642.461
616.283
683.367
649.995
573.549
626.376
595.019
621.269
659.533
631.381
720.914
651.716
708.411
598.491
570.012
650.583
599.618
630.385
589.271
633.49
654.465
642.022
556.772
685.525
604.295
623.812
577.352
657.035
614.948
687.143
604.53
584.131
746.619
623.57
569.913
695.453
673.991
656.437
710.271
641.19
642.173
658.765
676.957
648.793
583.291
574.456
591.289
627.566
662.579
780.144
676.332
583.836
662.929
590.351
605.157
573.624
655.72
478.716
599.875
580.39
667.537
618.963
623.111
591.89
643.105
626.334
601.895
642.903
615.491
644.596
607.918
603.06
599.163
616.301
540.315
626.094
646.769
716.824
569.134
627.65
569.768
593.612
573.12
550.926
614.099
623.756
662.96
570.942
621.795
531.03
708.627
651.269
646.958
620.407
635.796
553.515
652.363
671.792
542.284
661.198
573.007
535.258
660.902
638.833
600.553
644.958
587.154
660.124
610.001
648.577
611.647
614.096
721.087
663.785
648.69
612.647
566.688
568.321
661.643
558.444
657.758
599.874
624.48
647.093
584.382
602.31
546.875
571.944
609.478
631.7
606.159
598.627
665.678
646.037
605.3
568.376
459.911
664.732
690.26
649.231
573.733
698.735
589.342
515.042
680.641
687.144
591.641
609.193
680.357
646.894
611.872
607.29
692.464
643.795
676.881
697.192
621.53
707.829
622.7
634.478
532.748
686.234
795.729
691.375
580.608
620.163
608.926
612.861
695.096
534.748
588.73
574.229
609.85
609.216
587.727
687.401
562.759
596.643
722.838
572.553
614.092
657.376
684.807
596.438
614.223
606.683
538.539
746.348
628.317
701.672
702.43
530.78
629.83
591.646
640.437
632.882
572.984
550.425
565.608
644.784
677.944
686.81
769.782
538.173
608.219
583.231
599.147
613.186
689.322
662.518
591.437
548.973
731.619
662.936
595.259
625.26
629.802
587.363
722.835
661.543
583.08
657.451
559.044
589.338
593.534
572.546
599.823
596.961
651.233
599.296
614.977
517.406
674.337
648.685
597.75
676.747
665.144
655.211
563.335
629.851
634.779
573.598
704.039
626.111
606.406
651.999
615.679
581.552
592.973
620.145
724.555
611.5
585.243
643.137
631.824
607.406
698.659
656.926
566.516
590.732
565.325
698.321
630.827
571.583
600.999
713.296
649.8
673.313
621.049
609.832
630.103
598.056
616.121
673.294
614.365
621.471
550.143
508.303
571.321
644.32
688.435
691.489
580.871
571.491
678.003
645.053
600.129
659.899
613.202
615.477
585.479
635.875
628.291
735.7
585.888
616.137
643.031
619.215
655.399
680
735.941
606.425
632.123
593.69
625.461
579.754
620.475
609.673
662.553
681.885
582.436
647.766
651.395
675.924
608.492
655.903
695.532
669.344
587.541
644.074
624.887
665.735
620.359
655.339
589.933
635.647
600.433
613.458
653.626
633.567
627.246
687.04
599.309
580.28
652.313
745.987
659.289
673.029
604.156
650.12
551.241
604.214
628.833
597.113
600.348
624.5
592.38
537.167
635.913
746.71
613.164
524.586
666.42
607.919
623.239
663.955
576.385
569.838
618.405
655.412
625.767
693.766
554.962
657.833
577.379
538.792
585.628
549.04
598.502
613.74
598.812
604.518
701.996
648.519
642.369
594.009
618.567
618.083
614.028
603.072
677.748
595.325
586.485
576.943
638.97
732.86
639.257
591.404
614.79
633.269
570.169
677.556
645.211
599.452
711.429
606.83
597.216
716.433
610.049
636.314
643.691
591.217
595.087
643.183
614.758
660.991
628.724
609.443
598.254
589.978
698.422
627.011
624.93
621.637
620.894
677.391
638.224
582.371
561.513
653.437
604.943
589.96
685.291
552.336
674.815
603.996
665.619
606.425
690.195
675.078
582.181
539.91
500.487
515.787
589.485
646.848
656.29
545.693
612.863
588.161
597.195
598.174
658.029
647.65
576.761
606.816
741.868
649.496
524.919
557.209
603.021
727.63
511.812
659.919
652.517
725.641
681.889
720.846
586.941
682.849
637.748
676.411
641.077
591.112
579.084
653.415
612.431
614.42
571.806
632.571
640.401
646.245
654.363
687.79
648.268
789.988
683.812
595.793
610.682
715.836
651.174
675.932
678.691
674.146
550.072
627.619
637.941
581.124
586.514
589.755
625.258
651.497
625.593
619.518
617.845
733.947
618.684
663.291
610.218
578.876
621.802
649.283
657.961
529.636
681.214
646.909
599.307
621.238
711.801
668.069
593.271
684.073
645.325
603.493
599.41
682.178
647.208
662.016
638.87
630.278
646.18
608.562
608.708
712.212
588.349
639.043
599.891
507.634
694.978
615.904
654.192
580.07
634.011
682.659
641.661
706.276
783.981
659.594
712.891
611.817
669.429
666.866
623.149
661.148
607.731
647.912
606.094
621.05
558.787
702.622
609.965
617.286
667.554
704.362
581.184
599.421
585.209
604.256
675.841
654.234
672.201
643.919
632.88
649.971
810.773
611.032
612.571
524.063
732.933
774.365
575.378
657.829
635.924
677.8
598.513
582.58
545.708
620.866
636.731
606.555
639.156
647.441
646.123
729.404
634.493
611.552
564.454
605.451
565.004
568.485
631.612
594.217
681.708
627.98
670.118
629.216
648.419
672.093
676.749
623.782
600.229
650.653
611.773
680.674
701.875
553.111
619.675
686.572
684.758
622.325
628.128
593.421
671
597.022
604.767
529.215
632.009
582.191
638.049
621.484
726.531
617.346
677.07
596.06
724.799
560.376
598.989
575.027
632.784
633.912
648.594
663.009
565.294
581.076
563.882
651.077
717.074
624.129
569.091
729.307
652.62
636.944
613.925
592.858
669.103
647.039
623.956
667.286
559.824
612.795
666.915
736.31
673.982
693.644
588.16
645.234
685.653
653.231
669.392
579.435
681.909
652.585
667.16
701.885
618.492
608.741
682.057
581.836
644.922
615.264
603.21
719.892
577.64
608.028
731.774
676.052
653.782
632.219
617.953
568.749
577.658
720.435
552.881
638.818
628.197
605.645
601.883
765.198
625.603
660.793
705.528
534.102
623.84
630.428
638.474
584.063
653.898
641.372
628.776
652.014
687.142
599.114
654.225
555.634
643.86
622.49
649.452
717.479
697.94
592.043
628.541
711.98
593.432
610.35
753.784
600.271
639.681
670.69
751.085
634.602
713.53
560.918
642.952
648.32
593.094
673.013
634.766
652.896
653.209
607.189
663.02
608.309
573.629
559.927
644.541
656.32
667.354
578.128
691.225
601.487
679.96
646.923
665.063
566.642
569.669
545.869
649.787
661.106
585.333
696.211
629.573
611.247
610.251
601.694
657.144
624.115
648.165
635.791
681.646
602.334
584.301
629.282
561.615
684.199
557.955
603.794
652.078
567.53
527.83
608.766
564.896
564.7
595.213
620.247
728.343
626.195
658.317
542.331
595.037
657.312
534.847
600.061
585.357
588.162
626.747
627.145
602.076
622.728
610.617
618.48
645.636
641.571
688.42
637.558
618.173
575.218
563.176
612.427
635.965
629.036
667.157
683.363
589.601
624.2
606.675
637.11
619.906
678.404
651.444
690.414
611.529
573.339
635.097
632.942
675.086
549.489
590.817
571.394
712.784
655.44
550.455
598.271
721.566
669.411
595.717
558.724
525.207
617.7
630.657
617.91
643.036
612.621
595.154
608.13
624.637
654.479
561.069
576.589
552.952
585.465
535.366
549.29
576.711
731.586
685.155
649.432
634.832
603.825
644.114
629.322
680.004
615.957
666.646
594.974
625.041
654.059
709.911
674.349
564.274
723.425
583.026
603.482
650.751
558.992
631.437
628.764
623.337
631.559
654.183
692.887
595.262
603.932
632.499
570.149
634.402
662.88
559.071
727.106
677.072
659.679
540.411
672.885
750.561
659.654
648.738
627.414
635.871
685.469
657.457
588.386
633.551
697.487
659.368
610.474
673.684
631.913
595.04
544.906
547.452
699.098
688.691
491.094
596.465
709.698
606.021
581.735
591.886
585.954
570.874
642.785
582.348
653.18
659.688
628.144
632.898
573.155
716.991
583.841
610.255
637.74
549.037
576.926
580.133
568.584
662.468
717.821
622.651
548.777
545.9
613.431
648.247
637.259
656.963
630.982
592.132
618.285
561.226
649.792
563.818
620.383
642.856
670.19
583.383
720.819
619.788
689.495
629.12
686.056
673.314
669.302
637.206
661.448
622.835
623.696
633.815
600.868
623.183
702.103
717.149
647.307
707.442
711.298
703.552
602.816
594.796
619.727
620.193
563.867
714.632
599.336
645.549
527.112
515.322
664.871
656.039
687.386
710.029
646.758
619.747
542.774
680.459
602.26
588.654
692.126
627.528
568.247
630.66
634.226
616.359
538.974
685.084
736.464
617.376
620.306
594.174
594.76
649.477
693.814
629.648
642.578
671.804
575.595
621.083
577.805
785.079
541.957
645.967
660.111
667.105
653.104
556.007
665.703
632.447
653.39
697.529
677.354
656.786
636.967
619.258
661.646
653.256
668.102
679.974
685.733
679.297
634.768
637.92
564.656
645.501
652.916
621.219
631.25
632.4
614.49
724.518
644.485
723.235
619.902
655.586
586.404
684.248
709.663
666.135
640.812
640.806
623.85
552.641
556.442
689.481
624.373
522.339
611.95
674.168
602.331
632.697
607.227
573.928
648.654
639.874
648.49
646.461
597.265
686.802
640.555
671.242
696.655
664.526
694.87
685.743
626.216
660.12
618.569
652.751
568.054
624.422
686.604
630.827
664.662
545.205
576.499
579.103
676.644
527.378
623.267
650.628
606.159
657.758
632.79
605.128
614.051
636.908
562.635
543.343
714.108
605.639
605.882
637.691
581.814
671.101
574.263
582.865
617.716
617.87
631.966
640.245
692.374
616.961
620.669
737.584
659.621
543.881
696.263
671.361
588.418
660.735
607.581
617.603
635.901
673.916
651.341
667.467
626.624
572.365
752.893
650.773
599.559
540.367
675.438
546.799
622.518
682.08
652.004
607.916
559.471
630.203
676.953
623.942
632.167
576.016
692.632
619.655
608.347
545.731
619.15
682.744
702.57
656.927
566.854
610.451
596.439
631.325
518.663
716.221
687.351
607.804
625.201
632.945
599.323
701.727
597.645
604.309
550.335
638.562
639.285
585.102
576.736
639.793
628.74
596.235
689.299
579.17
613.957
551.091
657.408
648.127
525.412
600.112
553.005
656.74
614.753
575.267
667.852
637.917
618.591
673.258
631.906
605.587
576.207
676.672
634.288
670.577
587.203
687.955
656.802
604.052
585.225
459.948
579.299
582.576
658.075
621.78
609.375
687.025
644.955
640.116
646.483
701.249
604.365
663.349
597.31
635.493
651.993
673.152
577.347
668.688
582.393
623.586
739.269
673.475
566.304
633.708
624.525
692.965
666.9
598.807
685.643
594.228
721.096
673.824
724.918
580.573
582.275
620.988
612.594
623.958
588.529
640.253
649.469
552.907
672.742
651.692
702.823
712.818
700.665
640.397
634.96
632.714
641.827
540.845
717.527
595.843
720.879
513.503
658.738
540.692
595.05
619.081
655.628
514.468
626.714
583.9
662.352
664.141
633.963
684.958
550.947
588.145
773.567
676.304
660.017
594.261
682.98
638.849
705.704
575.72
584.637
631.237
564.084
670.702
611.022
606.753
591.862
579.541
632.866
559.26
556.374
625.715
616.569
601.229
547.037
696.125
655.117
741.694
618.027
618.807
573.009
676.575
645.71
636.456
623.667
500.39
578.211
599.842
661.073
671.871
638.34
560.878
582.985
677.261
600.846
634.683
655.991
658.759
671.768
623.02
700.559
615.328
639.56
666.205
652.359
580.167
716.182
664.466
630.566
700.398
550.845
609.872
673.732
650.536
606.57
701.583
721.521
714.673
622.21
637.872
606.133
660.727
679.046
632.859
738.877
709.543
612.588
618.045
664.205
616.213
611.828
629.977
666.73
623.096
648.755
645.503
653.608
606.76
698.361
634.869
624.402
607.017
564.467
676.607
676.69
698.011
647.009
563.624
601.79
647.838
675.719
603.628
566.794
538.217
685.672
651.55
668.912
665.523
663.887
601.925
727.313
595.278
578.783
657.98
614.722
639.807
679.286
651.444
617.002
619.435
742.698
691.058
676.899
674.219
682.852
594.63
704.392
630.471
685.635
686.555
558.085
659.794
675.564
621.509
743.008
629.209
647.697
628.992
702.473
667.612
607.421
616.38
718.334
602.834
693.031
629.459
633.797
748.773
639.451
613.97
587.584
609.098
566.798
633.424
727.565
684.543
673.209
683.306
610.814
583.859
631.11
586.61
653.977
626.774
642.499
625.133
659.935
678.4
586.716
728.711
536.286
692.79
622.703
614.649
617.868
542.176
677.969
602.612
635.025
747.384
615.09
790.515
698.238
603.787
726.032
682.644
658.758
680.54
581.817
506.607
579.198
580.032
584.201
721.251
706.557
629.963
649.442
619.99
685.73
626.67
625.952
646.872
638.615
609.499
614.703
667.969
625.436
653.683
728.97
690.245
709.554
684.673
654.568
620.076
650.289
703.913
568.048
571.849
660.065
681.485
540.616
641.472
643.501
743.79
624.604
585.626
652.055
608.815
577.424
607.382
612.036
601.723
615.422
699.803
687.246
542.654
596.207
611.906
735.621
626.88
627.409
633.41
595.947
602.032
528.647
606.94
593.433
633.069
615.927
692.897
598.759
558.561
558.879
600.769
705.878
608.059
622.76
664.563
680.161
680.594
583.987
675.14
728.848
535.782
562.085
674.158
588.658
708.797
682.43
565.667
639.536
628.583
578.341
610.299
603.513
642.583
700.238
655.658
657.94
638.159
537.223
660.073
728.514
598.373
567.91
583.722
627.286
673.2
598.579
686.06
566.143
535.871
622.64
596.4
614.683
591.072
599.873
596.626
531.145
654.839
641.158
550.996
655.689
656.837
674.705
593.453
566.279
588.861
640.918
661.741
599.489
644.946
552.393
607.072
636.165
571.794
636.422
682.878
600.863
696.611
672.222
630.868
608.252
739.107
630.478
672.149
594.667
557.862
614.712
611.005
663.547
599.855
568.041
636.495
670.471
637.905
572.443
599.205
556.877
604.69
650.105
690.326
571.737
643.322
645.548
662.39
614.539
624.156
711.462
574.795
665.374
694.552
603.741
671.243
717.047
640.831
651.727
562.953
626.579
659.935
601.196
683.289
620.974
559.97
548.855
514.962
651.756
682.749
656.53
639.946
585.481
664.798
633.964
558.081
638.723
705.552
633.332
552.418
555.439
630.611
649.246
768.871
499.397
585.074
637.855
578.786
567.954
624.769
538.634
654.179
646.462
516.283
683.713
620.736
633.681
619.811
623.017
615.484
634.098
593.841
599.008
551.511
632.076
698.119
641.336
604.333
702.751
681.682
619.373
527.937
576.446
649.788
558.795
670.39
553.64
617.886
698.857
561.586
592.949
522.365
706.61
608.709
674.25
688.499
616.788
585.776
654.031
666.203
634.633
649.554
651.52
536.305
576.579
570.58
599.924
590.592
608.121
645.641
616.023
594.591
571.033
585.864
620.895
647.147
636.97
615.681
622.271
650.655
655.615
661.463
652.101
565.367
620.216
585.738
556.492
634.919
556.442
618.388
655.333
525.976
598.859
678.378
647.845
654.853
667.339
601.168
653.901
620.302
674.888
571.814
628.853
637.584
549.814
669.469
594.405
607.275
563.468
588.694
621.828
689.629
575.929
654.135
587.916
588.443
674.285
579.668
646.407
626.686
557.279
504.529
646.593
604.669
623.306
589.48
645.324
587.208
618.19
597.715
573.825
541.43
669.973
598.506
627.884
591.447
635.012
601.861
579.942
643.073
670.767
729.809
665.868
559.597
572.295
688.073
628.339
556.817
648.992
637.016
649.713
747.542
679.712
623.405
677.851
635.448
618.472
568.646
674.961
575.391
590.406
580.837
640.896
593.845
569.25
617.556
570.944
649.529
605.741
645.751
633.857
646.828
663.539
666.98
611.644
635.937
646.23
636.977
540.899
596.587
627.487
522.433
721.759
605.096
612.863
652.745
628.423
684.979
568.188
645.868
582.744
641.892
565.641
656.502
614.531
658.302
646.261
660.81
627.54
558.831
695.528
631.803
626.389
565.685
668.652
617.809
608.812
577.132
577.23
647.654
566.384
577.616
705.268
652.721
704.203
692.806
566.279
600.342
595.822
760.653
589.131
651.026
565.645
572.092
614.45
600.321
595.786
669.881
767.432
718.391
674.308
622.28
686.401
637.088
647.652
616.413
520.806
668.705
610.042
737.244
554.012
555.251
666.024
627.998
643.287
598.845
671.833
637.602
576.476
583.966
674.725
689.313
564.418
568.982
642.948
594.923
646.741
566.575
651.774
579.334
673.257
549.77
604.396
709.95
605.048
670.695
628.955
610.311
619.276
648.701
585.088
657.033
577.54
668.379
567.02
598.965
616.878
576.587
591.359
643.961
540.4
692.374
667.936
565.535
612.703
553.43
735.574
650.491
627.247
708.758
686.541
628.223
658.875
687.388
623.397
551.903
646.875
575.246
607.74
632.167
659.309
525.563
563.684
616.222
720.439
586.816
714.405
596.308
654.918
647.156
559.241
621.901
560.907
577.067
613.787
677.307
632.097
632.471
619.899
569.799
589.257
595.678
641.127
618.948
662.933
664.437
621.036
654.101
590.756
554.311
659.277
573.59
563.069
697.063
680.78
630.681
632.246
581.507
633.139
664.281
647.787
708.408
638.881
591.627
501.932
613.969
655.912
560.778
638.105
641.316
536.22
698.26
673.542
609.457
667.66
576.692
640.288
625.933
628.563
634.68
686.715
659.293
607.204
622.361
566.955
538.608
693.137
581.961
624.577
738.688
641.684
670.699
699.758
656.885
636.905
668.755
651.327
629.912
566.147
611.082
716.558
649.354
687.671
618.222
653.864
624.37
645.635
584.315
608.276
627.666
541.237
677.68
614.25
718.18
629.166
586.293
696.479
587.576
635.695
659.875
649.08
621.617
636.874
643.252
620.606
628.559
637.02
745.332
538.589
638.03
694.223
618.105
646.686
658.433
597.241
623.639
630.334
757.195
719.267
703.991
587.545
693.83
677.544
623.419
610.201
559.31
707.192
675.619
696.511
589.498
556.347
658.316
627.366
622.288
637.253
676.817
622.136
606.246
626.137
591.047
647.535
652.243
624.464
639.813
614.174
667.745
624.872
578.087
586.338
683.986
617.294
614.968
650.154
660.609
608.581
650.865
659.805
578.983
628.849
637.283
613.257
535.775
611.069
638.293
674.537
562.469
589.176
664.985
642.935
641.692
577.434
699.475
652.745
651.5
536.811
609.787
612.429
676.3
635.074
599.094
604.131
624.423
566.296
623.855
626.012
573.442
633.526
583.359
709.376
660.298
670.099
679.47
594.771
715.755
715.861
699.12
592.737
630.179
657.108
611.038
631.728
618.218
635.161
560.343
634.636
661.097
580.074
654.723
647.859
564.043
716.044
682.591
594.928
653.203
762.057
565.911
625.334
571.436
642.282
593.493
733.034
633.179
693.5
590.342
665.292
558.803
605.505
625.123
643.12
704.874
581.891
587.201
628.468
533.729
652.364
633.149
694.008
485.017
641.849
622.72
698.84
701.874
683.459
630.896
596.973
625.688
687.818
560.392
566.264
586.387
618.154
610.502
666.188
577.724
639.811
654.766
687.327
695.694
625.015
682.769
610.465
573.504
676.924
621.291
680.026
603.082
639.954
685.241
624.702
679.212
601.9
604.274
570.498
568.929
658.958
560.162
586.949
628.27
637.696
636.311
608.512
553.864
608.296
553.456
725.669
646.85
647.935
564.623
559.897
624.382
676.575
564.508
609.173
612.065
629.368
633.276
611.736
709.703
651.161
825.183
563.132
608.656
641.703
698.845
567.149
583.129
602.701
717.786
624.232
556.103
574.621
570.024
683.516
695.588
567.871
629.782
567.366
641.737
653.812
589.261
717.863
540.332
626.158
671.517
559.899
573.342
659.023
563.106
650.85
515.23
618.725
597.011
658.269
570.986
564.858
649.02
622.251
570.822
596.487
605.703
621.339
606.532
620.809
596.354
576.514
583.833
637.822
586.701
619.437
576.016
606.561
649.211
534.593
643.128
584.771
661.008
554.576
684.805
605.001
591.317
616.917
568.985
671.168
644.006
627.035
646.377
613.189
619.193
603.445
620.264
596.851
644.29
694.148
675.019
632.15
637.158
645.681
569.39
695.252
670.338
708.682
619.539
668.853
685.656
594.281
617.123
614.666
687.117
590.243
598.756
547.163
567.059
601.447
570.39
666.308
563.709
594.241
602.546
691.909
696.324
536.45
508.957
544.277
650.161
612.558
598.663
627.261
620.792
723.563
571.07
740.597
643.831
563.778
626.075
593.458
647.304
590.105
735.932
653.502
591.712
646.118
578.642
671.037
610.406
654.513
653.107
590.329
636.759
616.109
584.154
647.418
585.097
630.722
638.47
706.516
585.07
649.686
644.052
630.616
652.967
668.207
599.796
611.754
561.282
605.033
627.064
625.777
633.58
553.055
643.948
686.656
617.284
623.148
637.635
613.515
569.294
660.518
641.575
693.375
542.773
604.455
750.615
607.731
594.298
737.324
597.082
627.162
667.717
575.134
561.15
636.41
593.406
661.043
680.875
715.671
583.64
618.001
583.365
618.202
585.565
656.416
595.049
597.798
610.614
633.183
556.078
738.621
602.991
571.339
588.622
573.754
525.864
674.56
619.284
638.732
743.206
646.248
549.989
607.03
626.925
671.118
626.123
614.938
644.679
649.112
693.142
602.576
663.9
706.7
633.69
644.778
683.363
600.089
611.381
526.903
561.249
589.932
554.951
674.856
591.282
623.096
683.26
598.021
703.633
642.299
624.274
583.899
643.738
607.146
666.922
572.896
546.015
616.937
622.441
608.856
609.747
638.016
660.254
756.024
632.931
570.376
606.072
631.691
644.557
639.672
640.119
655.757
598.255
597.859
558.634
555.377
613.208
560.483
628.725
599.973
681.744
499.678
706.1
643.645
665.586
569.058
617.992
589.232
661.17
584.616
598.583
720.076
536.592
567.495
638.361
589.626
633.15
640.443
612.099
641.732
567.11
626.885
610.217
608.879
646.166
626.451
633.201
742.858
613
671.073
717.096
634.903
585
638.345
765.593
674.711
652.795
593.946
680.096
665.328
630.868
713.026
546.516
628.992
657.343
614.227
590.123
681.831
581.86
627.172
640.835
652.737
621.983
700.266
608.548
551.499
676.571
554.128
599.006
617.051
613.721
687.543
678.841
640.608
540.044
593.247
648.249
733.314
495.962
622.157
615.529
649.64
525.507
616.839
686.7
669.273
648.172
574.155
667.257
656.516
625.687
593.004
592.15
649.549
560.3
664.163
571.189
600.415
605.046
600.245
622.724
515.976
662.321
651.345
645.88
605.644
666.384
630.281
619.91
639.819
617.926
662.924
620.529
675.317
665.156
635.902
576.033
619.949
644.058
630.56
653.061
573.374
650.381
530.571
648.762
734.661
710.956
558.636
703.907
637.544
613.345
582.63
648.72
612.371
675.761
637.066
645.442
569.98
666.228
611.129
699.296
675.029
547.422
647.403
659.165
619.434
618.281
509.917
561.194
726.252
602.136
760.424
675.296
604.901
586.911
573.928
645.751
682.207
611.251
645.611
634.117
667.086
647.675
602.126
632.986
690.738
761.819
594.867
608.138
616.034
563.504
666.229
641.059
625.509
611.654
548.839
603.813
528.051
652.916
591.348
659.204
631.966
627.917
548.673
622.058
647.273
639.205
611.195
643.457
639.601
558.132
721.045
552.557
522.459
631.166
593.681
602.541
604.298
671.983
580.503
641.885
619.876
592.256
550.673
544.961
629.273
589.472
615.138
643.244
480.273
687.491
616.489
615.722
556.837
562.948
670.415
650.684
665.531
656.374
547.193
700.171
603.163
687.391
537.806
701.7
674.523
596.637
594.8
550.717
654.632
609.352
587.434
636.947
603.59
603.514
656.139
571.987
584.622
616.43
627.478
576.314
567.186
566.832
667.679
642.247
590.02
537.776
562.893
650.018
616.753
570.85
606.292
626.344
613.549
503.49
668.549
749.136
587.252
680.796
626.242
685.569
688.033
618.076
681.255
652.531
637.373
664.982
613.749
625.027
641.02
603.951
651.946
670.702
575.844
654.854
566.013
606.578
604.545
630.388
675.235
584.498
601.521
639.364
573.813
661.642
656.71
624.091
669.816
611.503
665.355
599.424
614.367
600.544
671.251
590.01
625.071
611.604
573.098
581.175
581.356
681.582
672.574
618.273
699.728
614.632
591.43
599.442
703.448
594.186
606.331
625.358
669.118
645.633
709.288
638.032
665.493
651.611
620.123
630.849
637.136
687.521
693.226
538.507
607.095
721.071
641.383
645.381
787.01
550.427
686.348
644.219
648.667
662.924
659.32
575.865
655.508
664.185
657.831
625.352
586.91
565.549
606.444
560.535
557.467
655.999
607.501
605.727
625.116
618.873
641.505
601.626
703.745
634.42
595.303
639.011
644.957
553.566
678.068
589.537
552.712
636.062
608.267
542.617
642.446
614.514
644.894
569.101
647.185
700.035
558.647
517.489
640.83
651.163
641.983
693.445
624.721
677.635
606.9
615.242
658.813
605.91
656.098
587.694
572.734
663.827
595.446
593.674
687.571
678.794
598.552
680.177
655.425
578.872
627.216
569.812
611.229
680.695
628.688
604.917
569.476
691.699
630.892
626.94
588.96
571.006
640.574
683.878
600.749
653.015
622.011
610.352
714.081
599.177
601.639
614.585
588.206
646.171
638.614
578.859
645.952
556.236
690.305
689.944
550.922
690.435
596.4
548.03
672.814
601.681
644.201
629.536
672.658
641.621
617.911
588.499
645.022
604.834
570.493
621.315
700.18
607.999
676.021
608.912
607.718
606.959
570.407
643.882
561.667
672.093
675.401
613.682
671.511
684.3
660.951
685.218
672.795
614.319
639.147
692.778
614.277
630.937
697.83
707.896
620.842
638.941
606.303
692.276
562.212
667.701
594.883
664.247
655.115
636.401
646.31
615.902
632.605
560.191
597.865
656.38
628.825
668.449
553.447
595.917
717.599
671.046
668.326
602.575
663.315
549.487
551.133
583.13
613.386
642.217
583.841
589.61
706.815
688.323
652.132
679.48
670.226
653.006
580.589
661.008
730.311
624.789
583.319
611.085
605.474
710.03
628.848
642.033
597.376
575.733
611.151
642.712
721.876
689.652
713.997
624.512
645.575
589.307
588.885
589.375
639.498
626.684
630.037
612.94
677.13
697.415
689.468
575.78
622.027
673.921
706.403
571.985
683.302
627.847
696.973
490.534
681.219
575.846
642.008
559.193
576.528
664.428
581.069
567.727
668.234
657.564
628.582
590.899
564.101
675.043
624.936
604.07
602.308
621.91
598.738
604.321
664.866
614.464
602.576
545.683
604.413
686.063
672.04
702.638
697.376
664.917
660.02
646.614
563.644
605.236
663.186
631.682
606.175
661.602
585.062
566.023
600.104
670.551
684.49
719.853
596.069
709.365
611.189
655.813
673.416
656.967
596.961
634.628
574.491
615.506
597.59
531.085
708.686
668.029
602.052
603.431
602.771
730.458
614.094
597.032
639.906
649.045
675.376
554.328
557.398
654.659
525.692
635.613
616.177
596.403
695.854
665.078
589.33
657.129
665.493
648.314
597.952
650.07
725.697
593.017
577.852
587.425
673.173
704.519
694.467
574.083
643.612
672.561
627.009
646.352
615.772
669.248
658.189
704.582
552.404
727.257
611.694
543.226
598.261
573.108
560.646
679.425
686.155
682.197
598.6
706.124
677.452
655.571
754.351
599.242
665.824
694.776
643.774
759.12
632.783
658.004
565.111
569.972
630.435
551.192
607.664
697.491
665.088
688.264
605.329
606.384
637.366
640.267
726.747
551.319
634.717
642.247
628.524
601.057
616.331
653.135
622.978
584.566
616.284
583.57
649.763
641.175
606.081
607.922
603.716
663.835
701.68
668.662
617.442
574.895
557.797
607.902
679.98
622.357
610.829
658.865
641.104
625.504
670.274
702.014
653.641
647.264
720.903
599.333
565.861
657.463
544.375
521.806
639.41
601.358
552.608
678.724
659.027
547.663
648.819
585.719
726.083
535.07
727.239
610.783
583.338
573.283
653.93
638.02
510.376
561.99
599.032
625.109
654.511
602.798
639.776
585.219
688.516
605.523
642.555
575.252
626.336
609.444
607.803
500.436
703.362
629.307
617.437
695.134
594.835
593.815
610.461
656.425
610.706
573.71
588.814
620.135
588.543
624.835
635.217
662.83
629.365
633.448
607.114
648.436
569.045
662.076
588.644
625.16
706.068
594.599
656.733
583.778
615.988
698.347
569.98
689.207
673.368
593.518
596.736
590.256
667.109
651.972
633.819
584.766
623.995
538.568
620.582
667.899
690.702
580.876
600.161
684.471
535.517
611.674
752.396
738.871
645.312
572.779
717.09
647.779
575.515
613.905
694.661
676.534
583.327
643.714
713.192
552.903
562.496
628.112
646.26
526.015
562.393
664.268
658.186
567.839
692.108
714.613
668.709
699.034
611.486
628.47
606.148
677.609
548.881
585.962
647.419
576.274
742.174
612.559
661.497
634.555
579.162
622.259
623.008
651.762
603.911
584.842
606.673
585.049
668.143
663.641
613.988
662.025
541.137
593.615
624.749
634.933
673.136
735.952
709.252
600.009
615.759
600.634
653.076
631.056
631.89
579.295
575.866
571.129
673.599
623.823
634.455
725.81
765.726
605.826
604.704
671.153
657.977
608.124
702.296
704.3
652.347
639.696
608.776
628.893
723.904
631.526
600.304
573.119
609.754
627.755
671.801
625.898
561.778
629.053
570.971
630.656
644.54
619.564
606.948
697.113
614.91
617.932
614.374
631
661.414
690.038
623.236
672.488
527.521
704.492
640.97
494.399
584.862
669.868
635.417
623.19
690.123
557.388
536.949
635.654
732.152
543.81
733.759
676.662
635.918
561.207
677.208
578.196
696.032
596.571
688.396
605.116
604.387
616.831
607.869
706.125
576.45
643.75
660.624
702.905
576.39
635.442
683.567
566.464
586.333
667.861
653.096
626.19
617.988
615.17
557.411
731.958
752.955
641.182
640.483
687.219
570.298
608.085
659.197
616.692
575.979
628.192
741.477
612.074
533.95
624.327
661.547
609.039
662.748
634.782
550.006
608.266
689.154
594.228
568.175
688.927
701.401
674.212
556.179
598.61
577.335
686.333
645.984
618.529
563.133
615.523
590.058
600.63
683.778
621.116
552.445
620.642
669.773
677.687
624.571
681.639
684.075
652.191
563.575
634.348
561.293
634.034
650.393
534.385
623.278
637.698
638.648
727.224
584.563
525.405
631.969
722.578
629.147
640.015
593.568
623.666
679.302
663.717
607.325
695.92
653.53
598.672
513.649
690.903
608.028
655.101
674.962
628.348
648.055
698.095
630.03
720.936
607.223
601.602
604.376
536.826
605.014
548.967
648.889
658.768
656.308
642.399
570.918
645.621
617.464
675.223
570.947
541.03
682.16
601.338
590.353
760.167
534.476
651.825
688.842
648.933
583.998
618.067
571.365
593.729
650.361
627.304
616.125
603.958
587.382
660.428
698.707
594.477
597.65
580.974
665.908
719.49
590.654
687.943
678.718
571.26
655.653
617.636
708.427
601.223
630.181
506.551
674.784
596.765
595.144
702.59
604.35
539.018
707.82
599.691
654.877
620.979
615.087
605.018
506.948
589.514
532.98
616.506
687.253
739.982
566.625
778.498
694.57
661.144
727.208
584.37
600.128
627.041
567.932
577.506
589.848
604.777
607.088
589.173
661.534
509.697
665.827
623.194
574.978
603.159
651.086
647.812
613.606
595.762
567.62
636.949
645.837
611.328
727.292
657.423
650.374
528.019
665.616
672.64
664.616
629.217
681.695
570.555
608.559
595.738
619.077
635.045
677.601
717.564
600.825
666.188
702.085
614.155
631.711
592.353
550.559
611.151
734.256
588.083
553.262
654.231
602.571
611.649
623.648
617.927
655.497
615.01
615.393
671.338
584.804
702.982
645.39
631.794
640.691
638.514
540.65
657.709
609.229
567.543
592.841
636.12
538.367
603.444
659.887
623.802
637.758
582.367
553.79
591.099
685.474
567.141
661.469
566.606
692.082
523.365
687.506
596.706
579.948
580.968
613.286
682.222
566.581
666.219
570.376
701.263
644.12
597.273
578.593
588.014
641.858
575.518
609.932
668.946
643.424
582.645
556.562
624.696
598.858
631.23
600.891
578.832
635.408
568.299
605.606
609.559
665.355
664.73
620.129
669.243
688.029
590.576
653.896
670.892
657.141
616.969
682.641
623.922
658.052
626.101
547.22
633.223
642.53
627.555
709.141
628.722
663.553
738.409
621.474
669.661
613.977
703.288
610.868
647.059
718.783
673.521
619.094
619.687
611.201
602.56
644.173
654.679
617.806
571.085
642.153
726.483
593.955
635.322
660.533
666.677
661.387
637.5
654.418
707.591
595.397
607.221
571.52
715.134
587.4
554.669
632.607
549.84
624.938
560.699
630.655
598.852
575.266
585.917
578.562
561.158
621.912
660.211
577.959
654.883
579.661
660.652
648.959
629.917
565.947
603.95
669.073
583.087
597.712
653.705
616.696
716.102
669.997
631.724
603.5
669.317
604.526
678.28
585.13
587.933
720.611
526.206
624.263
652.073
494.101
686.739
575.231
724.138
650.118
694.429
710.886
611.601
629.918
671.185
725.608
561.815
693.876
659.913
678.831
608.929
556.37
687.458
601.306
708.849
583.902
607.595
588.405
510.552
603.025
621.641
693.039
684.402
620.555
761.431
669.609
571.796
568.872
616.902
570.862
652.807
625.644
588.193
623.726
630.415
707.788
638.383
620.341
629.494
538.277
639.272
619.474
638.396
516.442
647.014
574.436
503.544
624.041
610.242
750.833
570.407
645.454
590.117
623.316
579.681
589.503
597.507
712.514
596.479
653.908
627.244
549.07
671.414
583.821
597.894
669.293
607.552
611.606
575.456
762.179
634.176
641.735
539.236
683.499
593.089
552.822
596.032
617.845
649.028
597.676
584.29
674.442
717.018
571.755
623.621
617.301
642.364
597.554
605.305
524.82
584.819
588.06
648.125
620.023
688.603
688.933
628.054
590.449
641.335
674.438
763.909
652.568
666.42
710.153
579.59
529.563
637.893
514.177
525.779
683.54
646.915
727.399
678.626
605.429
622.628
617.406
523.353
637.631
722.714
636.633
701.306
632.458
645.399
607.442
628.931
646.398
592.051
616.235
575.373
643.723
660.353
540.335
546.713
614.4
607.272
639.286
629.957
639.993
639.378
687.938
658.406
623.196
658.46
589.927
692.172
663.835
615.473
662.309
581.134
588.581
654.674
617.429
589.345
613.444
726.092
611.163
696.996
602.046
583.119
648.638
677.662
615.344
672.051
598.622
665.855
617.651
593.902
622.296
646.717
596.528
612.409
667.981
599.851
670.202
668.028
677.687
695.69
584.309
601.059
606.983
679.073
688.251
558.462
685.437
615.654
669.397
652.917
685.415
557.642
577.5
519.797
690.102
576.78
536.576
633.322
524.855
567.833
659.201
594.771
701.569
666.849
659.212
636.832
614.512
665.566
598.805
593.165
617.838
590.297
676.64
545.767
540.754
649.85
626.545
666.214
637.904
621.459
629.924
616.904
677.944
645.048
761.313
675.67
614.698
687.718
589.952
691.675
621.947
735.475
582.548
562.412
581.928
616.613
634.995
625.314
659.159
653.576
670.778
647.073
620.497
663.539
644.115
717.857
564.273
669.307
584.555
683.812
631.772
624.789
636.086
648.012
717.286
607.717
677.648
632.554
578.255
592.832
556.216
569.972
657.282
633.993
647.383
626.659
574.553
733.476
769.473
597.185
594.896
737.15
697.11
564.605
672.831
574.604
613.686
690.332
608.499
639.277
572.67
681.137
651.775
698.059
640.643
626.668
610.494
681.711
547.53
642.779
630.502
487.971
617.015
623.033
656.486
607.835
656.446
677.523
552.362
640.301
609.787
665.677
583.261
585.193
642.996
587.702
636.882
616.912
670.615
604.187
566.058
679.73
557.167
614.886
657.995
626.892
619.592
553.619
649.757
665.479
660.429
600.393
603.248
518.39
677.359
647.81
643.765
587.305
673.141
602.246
640.66
554.799
644.971
634.755
599.128
561.192
679.867
609.497
604.156
658.135
648.844
563.752
580.799
533.389
682.097
583.922
638.003
611.301
664.168
613.696
609.464
669.88
578.985
677.946
593.323
646.244
629.866
589.378
615.741
679.585
570.548
578.461
557.407
604.731
689.15
653.024
550.206
656.355
594.073
563.027
617.681
642.765
574.509
577.053
612.181
589.711
637.415
552.842
605.247
686.266
630.574
627.196
639.414
686.78
594.023
631.701
705.351
644.672
672.037
635.785
649.041
626.453
570.576
610.642
578.181
734.996
614.166
596.572
609.503
645.343
711.938
531.009
601.752
657.778
688.561
665.272
647.622
597.72
665.651
610.291
615.189
624.615
622.426
654.471
584.906
660.924
632.566
668.351
600.34
687.59
571.607
494.408
659.168
622.256
638.107
608.083
642.576
650.226
583.228
645.566
569.259
659.688
579.599
634.171
664.244
610.826
685.103
615.116
632.397
617.772
655.086
630.752
600.94
661.53
660.963
625.713
566.091
622.738
670.452
523.829
639.59
607.943
646.233
662.264
566.833
574.624
669.548
588.005
544.341
668.516
560.68
604.089
692.085
754.743
606.076
562.801
615.644
533.985
647.665
690.786
616.788
502.775
626.779
605.189
536.863
672.422
726.871
632.076
699.359
676.368
579.354
643.129
644.049
722.631
642.621
690.737
641.589
600.587
594.955
568.316
628.722
605.233
571.993
533.013
647.775
599.462
574.095
656.794
599.915
685.688
620.074
619.479
602.364
653.956
731.006
525.967
630.469
675.598
612.709
596.798
581.522
651.845
626.747
591.98
702.416
642.701
610.5
555.286
661.13
602.363
621.39
566.984
573.13
682.735
552.45
576.876
600.307
609.455
612.302
685.734
621.638
643.083
662.868
612.229
556.46
639.567
656.162
670.57
611.914
621.318
599.093
643.44
655.469
698.812
651.245
594.624
675.346
595.539
594.715
679.688
619.273
582.801
686.601
581.382
650.385
696.917
568.312
592.05
727.265
600.054
623.781
662.591
690.855
615.402
664.721
581.896
597.559
600.695
734.345
591.575
635.164
622.77
597.39
562.006
611.371
544.109
663.937
652.215
594.198
622.21
674.528
640.231
632.137
702.936
625.737
631.381
638.344
544.159
588.497
746.197
577.983
553.43
611.641
717.781
511.237
652.519
672.182
618.664
611.914
629.842
612.879
727.1
690.75
589.07
616.254
646.64
635.734
590.456
653.787
629.47
679.046
642.856
518.182
658.692
666.4
726.898
696.14
589.298
608.461
582.455
646.552
750.643
688.226
607.657
622.791
619.741
607.043
569.171
634.626
693.709
556.724
577.331
593.7
640.254
729.856
730.283
662.183
611.872
648.799
661.964
564.899
646.767
563.698
610.864
618.015
609.31
591.956
609.893
505.998
650.664
588.518
719.115
593.525
666.695
633.258
633.968
638.105
615.003
698.339
588.103
708.02
605.173
659.332
687.849
758.135
625.284
651.978
602.635
598.827
530.424
705.468
630.556
701.763
569.111
679.761
593.903
659.664
630.912
611.704
663.38
609.747
592.739
673.902
533.458
562.23
607.268
669.879
669.487
664.722
621.802
743.697
644.751
660.663
670.137
686.372
615.621
612.88
613.886
629.667
697.827
586.237
732.99
586.731
583.762
636.979
604.14
587.676
687.351
698.473
597.789
679.92
647.848
632.458
609.285
628.141
539.195
693.691
676.944
687.425
621.41
617.34
568.276
554.427
599.246
630.5
667.946
607.888
640.625
662.521
541.368
564.245
653.184
595.083
688.271
551.967
596.774
637.425
548.619
601.034
680.24
628.915
690.851
589.432
623.87
690.664
625.7
667.127
612.992
728.442
602.228
656.464
617.708
625.125
716.802
570.514
600.577
592.157
619.48
645.226
673.795
681.141
531.8
618.397
583.23
560.446
672.899
569.46
607.848
650.404
600.797
531.569
660.373
640.601
580.568
641.021
743.07
738.134
663.697
657.038
597.59
655.677
597.162
704.627
673.734
525.639
632.684
571.744
672.064
677.538
599.262
557.069
702.64
640.337
581.899
626.164
656.254
648.615
692.134
651.172
525.543
628.056
704.796
641.028
699.377
561.676
597.682
578.78
537.462
643.15
560.039
562.957
603.888
620.05
651.619
668.793
694.17
716.38
598.145
642.598
679.743
675.733
632.399
596.487
603.012
668.498
664.622
567.052
674.805
656.266
643.459
644.558
494.249
664.542
614.15
579.329
650.491
608.186
595.269
616.457
623.55
697.842
578.868
678.196
615.013
641.223
687.989
681.475
658
656.418
602.719
622.959
644.85
653.228
534.042
681.694
664.021
594.267
704.074
578.439
611.06
624.296
606.117
644.849
698.479
660.811
619.621
616.987
583.32
589.136
678.404
590.825
589.135
615.235
691.455
599.854
644.58
771.25
708.153
603.648
677.66
637.359
658.798
554.019
678.921
531.801
699.874
653.03
723.355
616.749
655.935
586.991
587.136
737.021
669.053
706.966
687.937
615.074
676.475
579.996
596.632
637.134
675.51
514.576
608.464
612.443
700.941
643.906
661.14
609.499
663.421
657.962
610
572.343
574.6
616.166
685.051
603.572
633.042
522.491
606.504
712.521
614.899
650.033
592.002
661.088
625.537
606.971
662.325
662.594
645.607
680.446
609.621
673.211
579.407
594.728
626.251
654.784
611.335
699.332
636.432
662.197
656.977
694.701
619.292
643.565
618.655
702.308
623.228
619.047
657.428
587.218
662.844
670.08
664.612
628.686
657.236
659.666
618.028
594.299
652.33
563.628
572.847
651.634
697.088
605.675
595.494
616.789
637.813
633.477
637.32
667.991
606.508
731.402
677.545
573.709
631.724
595.645
642.976
529.811
700.083
681.212
541.925
672.608
598.327
691.63
618.275
634.243
600.262
725.789
687.163
639.121
667.707
631.236
638.919
693.114
622.219
659.531
740.291
626.829
551.44
567.608
590.443
583.378
667.225
659.452
703.803
583.764
601.622
648.328
556.665
627.884
605.002
604.92
571.084
631.537
684.604
567.966
648.192
696.051
680.268
642.533
684.448
703.49
631.6
693.387
683.181
658.259
531.041
624.326
664.619
550.357
699.427
649.837
639.441
564.29
698.469
648.887
701.248
588.007
724.359
575.406
686.413
744.314
576.913
666.517
688.576
746.322
601.822
660.349
672.243
707.156
703.522
585.101
574.263
676.008
636.597
543.596
674.603
644.338
703.098
672.739
689.513
642.996
590.963
703.085
667.382
609.09
577.98
606.801
664.091
637.558
700.467
600.969
515.941
661.988
586.713
659.18
615.431
708.254
595.384
646.415
620.084
592.439
634.778
657.934
568.092
591.958
621.11
610.07
662.827
614.934
575.825
714.124
653.999
679.435
616.453
609.792
589.598
617.464
665.343
610.374
526.095
628.777
522.646
607.052
583.535
697.251
666.196
589.987
550.692
575.889
574.226
516.36
653.736
562.937
561.14
664.412
607.682
608.247
576.41
682.011
661.853
634.427
693.721
606.414
596.905
659.284
700.296
627.708
601.731
651.905
657.535
644.256
729.861
603.54
586.974
706.195
561.419
573.875
700.025
576.581
607.746
574.634
657.058
615.625
564.931
669.463
634.293
605.865
651.017
633.397
685.723
569.958
577.685
664.237
691.232
676.26
576.298
556.333
539.49
686.983
638.761
678.86
668.71
591.505
653.472
702.376
635.568
598.608
667.501
730.726
658.492
571.33
611.608
652.936
653.221
591.451
555.256
548.152
603.714
643.457
639.793
657.792
588.457
629.947
584.573
654.642
722.832
669.686
625.098
640.922
530.737
626.479
683.006
690.684
603.22
613.021
594.1
540.643
574.87
601.038
613.481
587.957
589.711
673.818
591.176
716.101
671.795
610.409
702.932
659.977
646.903
784.948
608.388
653.513
657.815
649.946
566.546
600.274
683.85
616.846
561.407
590.923
703.209
584.686
670.295
667.642
613.242
637.147
614.682
592.783
720.911
581.646
588.622
620.029
619.87
670.224
654.232
597.133
606.715
763.188
606.074
552.902
611.791
654.525
733.161
710.885
667.413
637.699
700.643
693.801
657.725
565.612
705.442
635.593
674.213
617.489
619.473
519.343
679.083
554.505
649.446
570.531
768.545
633.756
585.117
581.742
576.412
603.757
679.565
647.387
585.819
638.028
591.957
579.386
546.524
565.313
570.54
607.86
691.69
591.906
621.095
605.53
602.125
617.212
557.129
636.237
639.894
687.966
643.302
614.871
552.183
670.725
534.481
589.966
725.201
673.052
678.641
677.37
601.535
559.36
639.053
546.49
607.757
628.407
715.772
582.494
595.037
618.194
670.856
660.296
715.854
589.087
670.233
555.109
578.356
593.628
567.454
614.393
588.111
596.472
631.604
564.926
571.036
558.187
630.693
537.76
650.473
537.713
632.197
555.336
604.541
615.633
604.52
614.884
512.39
598.847
681.087
643.178
691.092
635.3
626.587
634.033
650.901
687.732
616.213
673.249
628.186
584.154
638.285
566.295
602.619
707.585
648.87
583.311
718.968
602.383
575.858
665.361
609.695
612.364
675.058
654.233
629.019
617.448
590.151
539.26
569.722
562.125
647.391
660.107
591.13
669.848
616.813
564.101
637.986
651.679
599.903
670.489
580.865
638.379
602.314
640.93
574.789
638.741
591.931
662.054
608.658
708.609
615.466
554.675
625.178
625.216
577.219
579.568
684.156
698.563
650.029
616.285
566.478
635.195
585.463
667.688
641.623
648.601
575.545
653.781
594.745
611.443
598.657
599.566
621.791
632.091
643.753
742.954
596.028
630.011
684.253
642.149
648.109
566.706
605.285
613.291
626.59
584.329
643.192
679.696
594.032
593.875
598.137
656.588
622.738
638.641
634.987
653.421
650.099
621.419
651.405
609.034
625.141
573.479
697.935
623.59
646.116
562.188
665.315
644.945
584.448
619.816
631.847
630.607
605.753
633.387
582.565
724.917
676.534
615.875
654.38
591.149
585.129
627.725
618.477
723.052
581.617
565.662
638.084
621.853
608.788
678.549
652.44
691.423
563.179
687.711
640.079
565.705
640.92
658.237
679.555
678.683
591.233
634.053
663.253
661.624
624.713
588.5
553.427
632.725
594.99
729.548
625.665
674.506
544.578
641.532
654.527
692.768
650.255
673.386
608.753
667.895
636.485
650.427
613.329
699.836
721.005
648.157
594.979
635.498
652.99
569.409
637.163
608.3
605.128
625.366
669.581
691.792
656.781
679.69
726.968
685.145
718.61
586.085
735.668
665.74
640.484
597.626
677.882
689.779
616.026
640.031
578.324
625.853
572.044
725.126
583.597
603.982
664.481
619.483
562.1
657.721
535.431
599.462
695.734
710.548
568.712
628.88
623.513
625.057
634.032
618.131
545.866
605.105
638.256
603.096
682.378
553.165
614.321
648.453
572.453
631.205
700.539
722.114
604.743
672.851
654.188
601.464
637.947
572.52
695.58
672.965
618.085
601.225
726.796
651.605
567.228
721.357
625.976
605.564
591.489
630.152
650.093
612.827
571.278
566.543
607.631
625.569
646.37
652.802
570.996
602.974
620.965
616.369
597.807
544.378
670.902
635.537
635.105
678.618
644.554
600.707
641.202
631.473
657.507
621.415
641.912
674.302
655.223
630.827
684.455
656.899
630.906
624.217
592.461
604.964
580.875
473.479
709.521
652.705
633.554
587.955
535.17
601.592
577.395
616.451
693.508
703.503
605.094
571.915
657.106
646.135
634.192
658.772
633.663
618.665
626.769
594.546
712.903
680.315
645.679
598.545
602.592
667.254
590.348
686.95
627.641
589.351
690.2
624.287
589.317
608.776
563.41
630.69
581.38
656.595
527.832
637.382
592.648
613.779
630.896
557.404
606.572
697.018
680.837
528.872
668.962
576.624
603.137
575.292
675.352
689.624
662.868
637.027
669.217
591.552
646.041
606.22
624.717
551.497
658.869
717.266
590.421
642.438
621.979
558.017
614.75
640.994
627.965
565.95
670.76
558.749
649.299
614.274
728.899
619.627
676.291
631.065
600.157
675.284
573.998
505.263
706.96
703.558
666.456
603.091
677.043
742.224
639.806
660.45
616.909
613.274
567.365
611.671
621.958
580.044
679.962
623.031
579.328
607.362
685.082
629.151
646.488
670.625
586.936
579.053
652.726
726.789
570.21
655.003
688.178
564.23
605
562.874
551.577
563.623
591.816
659.403
648.506
673.111
660.169
582.423
562.202
629.271
491.696
689.404
619.704
622.569
635.209
526.844
668.688
670.74
584.858
671.239
636.704
635.748
563.45
545.046
600.883
663.484
521.875
737.11
710.973
626.239
667.604
588.583
729.274
616.671
594.67
729.018
632.575
638.303
543.861
735.073
537.919
630.794
679.992
692.25
545.42
649.286
574.155
639.049
618.615
652.095
664.116
685.358
652.047
597.344
611.845
559.773
620.559
636.562
643.281
525.806
594.425
696.042
632.959
647.31
628.489
610.954
651.173
576.012
671.391
605.604
634.235
645.705
646.718
600.094
647.371
599.935
728
563.395
753.327
598.74
583.818
638.134
600.692
704.216
548.887
624.694
633.38
661.449
621.977
632.54
684.402
604.35
578.66
606.269
650.191
618.456
587.906
550.942
672.751
588.605
591.656
581.629
678.146
615.353
678.761
685.724
662.248
607.356
530.163
645.783
606.751
621.328
631.303
617.559
708.208
520.538
608.447
647.705
660.843
590.977
613.049
610.047
650.332
636.96
550.063
623.753
647.733
648.618
545.951
675.846
592.257
594.738
651.894
654.741
697.878
580.157
581.723
582.148
630.365
708.045
686.127
590.881
563.023
547.849
616.468
650.292
708.919
621.729
620.48
625.418
692.272
610.911
647.912
693.855
740.901
578.127
659.465
712.38
633.97
612.396
651.04
620.523
525.585
582.125
659.217
678.146
589.537
678.915
581.298
572.819
655.91
693.309
732.915
585.545
638.491
632.131
595.26
642.906
592.479
590.263
623.429
568.689
644.269
568.236
685.305
624.815
586.632
673.479
646.476
614.439
563.464
642.221
610.365
589.221
617.21
596.639
571.439
668.154
587.26
595.809
547.186
588.993
652.788
611.549
633.557
646.814
650.273
629.515
573.54
608.925
686.362
561.359
607.062
662.077
597.477
602.832
662.403
572.756
561.376
642.045
622.352
618.1
725.765
618.994
560.097
581.119
659.627
616.364
656.329
575.213
587.094
640.199
655.622
684.718
547.895
562.214
545.348
672.307
598.429
592.474
628.636
577.907
625.665
606.244
657.813
600.356
627.84
681.969
633.175
665.728
625.909
637.316
643.96
629.689
552.771
723.867
601.08
613.097
612.473
688.371
623.461
696.478
665.325
699.854
641.854
652.031
666.955
578.755
545.898
676.327
616.551
599.913
613.786
591.931
617.447
578.993
611.603
723.652
671.672
632.894
576.307
648.75
643.132
622.285
726.242
712.528
665.244
596.24
653.364
496.552
629.154
679.467
680.41
638.725
680.91
605.892
583.167
530.665
643.51
552.365
597.871
583.492
645.067
662.359
580.038
668.673
599.319
611.531
587.556
636.028
706.458
566.866
656.844
702.923
654.647
762.541
667.302
617.909
649.507
617.698
616.195
546.991
747.486
644.057
625.828
603.657
657.376
503.798
601.131
521.619
613.348
651.777
613.288
692.772
643.569
660.233
556.244
597.175
703.788
654.694
613.072
575.6
641.826
668.048
593.694
639.916
614.064
530.162
636.239
644.511
614.536
623.18
644.201
541.678
676.071
580.708
716.097
648.226
577.478
589.061
632.742
626.086
704.398
578.582
744.057
631.253
582.434
633.364
608.031
590.814
689.864
666.99
665.374
651.449
508.596
619.552
669.072
583.428
672.516
672.458
608.353
565.379
565.057
632.265
563.245
582.062
653.167
658.297
650.264
760.385
663.127
610.316
736.382
582.164
604.651
808.145
611.597
647.335
621.518
606.448
611.644
667.876
593.52
700.366
535.422
759.043
793.536
594.404
541.493
605.985
636.97
663.947
552.01
595.68
645.305
614.644
567.618
694.61
586.543
566.782
536.721
608.293
619.201
698.328
687.141
520.749
536.686
633.538
561.34
603.344
635.825
542.592
560.098
653.621
648.709
658.773
646.791
691.387
651.365
670.252
618.847
597.302
579.775
621.605
662.324
599.969
609.349
620.565
770.378
613.966
639.3
592.068
637.119
689.025
595.065
586.497
600.141
626.943
641.399
584.239
671.569
630.59
565.806
721.346
672.636
627.201
654.662
675.47
684.348
629.62
594.452
662.764
658.338
570.654
659.689
673.538
615.438
704.79
550.031
686.575
630.129
608.276
555.751
662.117
639.357
560.047
718.061
629.522
563.692
647.749
663.157
582.542
635.463
601.83
592.485
506.784
657.798
562.029
619.479
625.877
654.257
616.171
661.027
573.563
653.205
628.909
623.58
690.015
608.768
681.85
681.346
633.816
674.279
612.273
564.006
621.838
613.91
601.074
662.688
616.651
589.341
610.445
672.195
667.731
683.315
566.066
613.389
549.597
687.034
568.662
648.276
705.948
612.942
604.345
662.742
631.859
613.524
536.204
608.423
601.602
605.428
571.151
689.023
663.044
679.231
568.279
619.703
646.082
622.936
654.383
605.685
603.803
618.824
639.248
647.238
646.187
585.348
654.54
570.498
570.776
589.127
600.051
677.055
586.168
657.395
552.916
617.351
686.165
584.543
634.217
515.437
605.952
634.717
644.277
636.255
657.24
555.221
708.331
610.62
599.5
604.387
655.674
630.818
606.162
543.429
552.957
700.45
643.582
546.72
600.118
488.608
644.811
654.424
595.856
675.714
522.487
577.392
579.767
572.295
758.31
630.281
649.793
659.64
641.77
601.487
592.99
697.255
725.642
650.104
593.121
659.361
666.317
589.558
652.504
572.206
685.816
663.791
656.463
618.363
646.31
672.488
590.792
570.337
580.512
629.412
565.129
610.18
693.312
613.799
607.369
586.592
569.5
637.662
711.145
766.289
638.602
677.304
616.394
552.576
679.707
601.587
572.803
595.63
601.811
597.782
627.519
603.472
662.842
591.751
551.047
687.468
638.374
659.211
549.217
532.301
658.387
651.8
664.984
577.021
605.473
644.283
641.737
539.198
640.975
498.921
587.626
619.042
669.558
610.961
693.843
559.514
557.933
682.23
669.877
572.996
571.965
629.142
748.217
747.867
618.518
640.174
637.029
656.938
587.721
689.172
635.619
630.402
559.809
721.814
666.979
689.05
620.244
671.479
685.529
629.633
685.547
640.293
611.58
672.525
604.896
646.659
643.011
697.853
736.861
499.936
556.903
606.027
691.175
631.433
590.147
557.445
574.778
476.726
610.942
620.075
589.123
572.486
533.71
612.899
544.049
577.521
734.863
603.681
701.703
632.34
642.834
561.976
649.107
647.872
578.174
655.92
614.497
703.767
602.15
706.529
601.537
562.682
654.302
642.562
657.467
673.049
620.056
551.113
648.98
617.313
646.628
679.963
653.199
532.215
592.19
577.895
597.821
543.36
710.51
782.381
566.992
650.926
573.572
617.976
674.321
639.062
668.168
628.805
689.196
612.58
734.167
660.988
602.606
618.609
686.438
593.105
616.414
614.084
620.136
578.826
604.753
620.044
626.349
570.786
545.924
567.626
609.379
646.173
633.22
604.189
664.099
658.002
600.426
626.896
693.821
529.683
572.198
613.763
599.959
625.24
559.834
574.01
625.924
575.865
608.313
601.15
553.382
673.243
599.722
643.313
758.714
614.041
613.36
682.688
676.759
668.599
549.859
619.928
587.909
639.348
604.506
619.536
613.554
589.288
597.998
635.015
616.34
516.998
738.749
738.277
602.157
600.496
654.11
578.207
635.752
693.53
615.748
526.062
574.69
565.725
685.259
627.988
531.801
667.021
559.358
689.675
575.882
587.103
638.977
549.999
559.269
631.781
594.569
642.106
624.427
674.397
597.902
658.103
608.157
641.441
645.072
657.233
598.846
627.172
601.812
674.179
606.706
664.486
709.512
617.624
742.264
606.896
670.001
583.507
623.126
582.105
626.253
714.016
595.058
546.806
574.25
644.51
605.831
799.692
671.988
709.294
606.698
593.689
528.947
643.379
648.858
609.27
553.532
590.149
541.491
613.534
582.138
683.865
659.232
641.939
704.348
590.124
591.73
714.134
614.671
661.841
679.476
684.493
643.689
629.084
601.358
633.783
518.892
617.766
639.712
606.842
606.42
656.406
649.208
662.777
605.553
632.676
635.096
625.858
672.315
728.216
617.212
586.916
687.542
641.202
631.293
583.487
637.428
594.166
551.832
663.42
596.655
617.97
533.086
584.774
634.385
637.842
623.28
654.775
640.688
660.175
611.586
628.413
666.616
567.108
658.623
617.151
648.554
563.728
609.697
627.221
625.651
530.267
605.338
607.797
649.387
619.417
584.535
548.09
651.647
693.416
737.428
713.254
579.061
616.115
530.786
690.862
629.31
585.978
690.129
666.275
578.658
705.498
586.675
630.178
609.748
591.267
663.955
603.565
562.838
569.604
622.353
671.253
567.581
646.661
622.629
582.169
637.576
648.328
639.48
634.33
619.234
706.238
591.742
536.164
637.681
634.601
637.167
693.34
652.094
561.557
701.445
592.608
631.468
587.608
702.451
636.839
601.47
602.066
567.594
646.024
682.881
606.27
652.459
691.764
649.028
665.221
599.307
607
594.778
710.385
582.282
652.602
645.1
666.389
758.772
656.897
610.011
609.081
567.919
622.167
643.78
608.571
629.621
697.624
664.365
729.586
667.242
562.548
616.351
574.41
673.423
637.589
658.429
702.015
693.771
581.088
593.568
638.536
608.096
640.529
607.41
617.814
623.307
650.12
574.258
645.974
530.522
625.557
665.95
670.243
588.305
593.058
604.656
736.632
567.248
579.772
631.538
654.986
584.115
603.974
810.276
559.394
518.025
642.247
629.562
624.65
645.665
670.026
562.858
650.921
643.197
615.14
509.873
641.079
672.887
601.487
698.115
585.463
748.495
705.3
602.909
590.756
609.719
554.099
622.577
673.497
583.554
576.429
627.73
646.382
669.96
645.335
599.573
578.368
618.592
598.01
607.213
621.89
638.096
575.729
753.535
649.936
676.802
719.247
581.154
638.268
620.201
597.835
622.147
636.345
595.464
646.65
602.416
606.039
653.555
706.24
597.186
736.652
588.361
573.481
656.387
693.31
673.004
665.958
633.567
698.484
660.403
575.039
599.395
659.691
725.833
638.644
613.085
600.751
645.014
615.049
632.056
568.075
688.242
615.234
634.083
580.404
522.661
593.252
651.083
620.482
549.662
587.984
613.052
613.183
616.708
667.29
666.8
698.846
664.313
644.653
693.284
553.559
574.159
639.18
605.074
629.698
729.792
619.847
497.415
600.014
689.742
607.799
610.095
683.112
635.071
625.738
741.212
781.594
644.437
582.395
631.26
620.749
713.302
599.719
639.282
586.598
706.584
604.86
691.1
720.125
674.551
667.398
643.509
589.264
610.71
659.444
623.148
556.508
565.666
607.217
699.198
627.547
564.384
592.548
576.94
588.605
766.485
608.294
611.737
637.315
578.183
545.846
563.63
689.636
595.622
530.065
641.172
555.774
560.53
688.291
541.349
613.691
656.959
644.528
664.811
651.644
658.695
647.262
632.782
644.669
644.247
679.369
668.704
615.505
559.957
690.249
616.888
570.79
602.138
623.039
590.331
602.819
612.125
685.662
658.378
672.518
674.034
646.355
599.288
652.317
633.838
649.168
626.713
583.726
580.296
664.946
594.26
699.963
651.683
582.506
618.581
617.481
679.863
755.287
554.271
721.552
574.161
698.547
525.058
516.918
655.321
691.202
592.77
570.137
656.783
606.777
643.463
620.052
723.872
604.386
610.84
640.738
673.781
692.652
575.324
597.074
641.657
570.864
585.56
603.195
648.017
638.674
622.56
625.194
584.893
588.411
663.104
735.753
582.562
698.614
555.412
568.151
661.703
588.781
585.878
604.684
738.361
699.219
675.297
626.943
687.54
623.47
708.997
653.826
633.339
523.387
597.427
624.008
534.376
590.018
658.341
629.155
631.999
633.082
676.476
672.591
667.449
554.236
693.072
630.505
567.942
545.897
573.724
639.826
632.036
607.813
539.657
639.791
684.465
698.745
608.73
639.24
535.41
588.181
608.633
613.63
639.572
682.033
570.345
663.062
596.089
622.253
623.528
629.94
562.214
578.271
659.438
610.965
642.78
636.442
734.552
708.4
601.824
618.812
626.555
685.352
598.282
662.204
586.622
661.467
572.439
589.433
618.93
651.93
573.173
612.824
683.243
597.287
589.006
708.943
707.612
608.821
694.059
748.941
650.697
682.623
552.121
680.128
652.851
643.765
636.925
682.259
636.997
558.14
607.01
605.405
649.202
702.059
667.647
566.192
652.945
611.923
648.635
679.184
578.333
596.276
640.201
636.949
613.855
561.863
684.957
663.047
688.364
681.093
729.986
587.895
633.354
615.206
711.331
644.9
568.489
541.366
517.909
567.322
591.374
657.013
647.734
515.177
586.998
667.932
725.574
596.876
597.472
654.384
748.772
562.34
643.07
621.162
692.916
611.361
588.36
608.066
684.3
578.702
633.193
676.701
678.81
613.43
669.874
577.108
585.32
678.309
640.646
593.789
714.197
732.738
552.403
706.689
624.306
643.104
580.507
618.933
719.282
628.194
665.408
681.264
649.839
676.887
643.528
623.083
596.621
708.686
626.865
663.65
652.895
657.795
618.081
632.911
674.391
648.545
655.081
678.238
688.082
734.864
543.964
615.86
653.907
558.13
711.166
600.541
663.335
702.997
609.695
610.465
673.916
559.623
606.621
643.69
660.687
559.051
630.016
640.397
653.435
585.419
614.505
624.965
575.296
645.682
619.189
711.514
537.401
662.264
604.793
628.434
543.726
598.275
598.073
595.006
625.25
550.737
539.196
681.152
609.584
609.403
516.827
634.398
673.236
490.297
585.017
696.488
606.654
575.21
685.89
729.521
653.57
614.141
613.568
661.152
625.735
637.328
546.988
543.324
653.478
558.593
585.397
633.911
622.262
709.758
541.238
589.116
557.373
650.637
614.713
699.029
649.679
587.997
639.039
678.709
646.717
710.63
657.312
698.999
619.554
600.058
585.515
610.399
654.081
683.08
632.578
657.156
641.368
625.001
736.652
576.905
585.732
659.036
696.309
597.88
634.531
632.482
646.804
602.293
726.453
632.416
607.754
677.501
639.555
697.818
611.324
574.002
588.487
644.052
560.873
560.48
705.883
570.063
649.941
599.545
711.122
649.809
575.512
603.637
607.758
639.85
623.569
589.928
594.835
628.63
621.832
591.954
593.393
682.908
567.348
636.862
644.185
662.964
586.792
631.213
651.349
624.499
707.266
634.919
573.443
562.749
649.584
600.804
647.993
679.274
582.329
662.526
634.617
618.283
576.167
631.29
618.947
684.846
672.024
567.936
650.371
621.648
641.826
628.367
602.852
678.162
647.686
563.555
570.661
675.175
531.867
676.801
551.379
541.644
663.089
