3622.43
3600.63
3533.05
3587.14
3474.88
3634.18
3597.42
3628.52
3796.87
3547.57
3641.4
3535.82
3716.41
3483.91
3521.97
3519.87
3710.23
3628.05
3584.52
3570.71
3554.84
3559.23
3589.97
3582.22
3582.28
3483.17
3797.39
3394.09
3592.87
3496.9
3578.3
3493.02
3469.24
3485.83
3300.75
3377.13
3373.94
3533.37
3554.44
3508.75
3711.82
3415.28
3690.77
3437.21
3397.15
3661.78
3722.3
3552.56
3590.97
3570.69
3708.23
3440.07
3573.02
3559
3764.23
3537.59
3674.32
3532.57
3371.81
3541.82
3703.92
3448.07
3745.67
3431.58
3628.25
3411.37
3464.81
3509.71
3725.83
3454.54
3584.07
3507.37
3531.81
3677.24
3789.63
3625.06
3653.38
3715.74
3486.08
3647.62
3447.12
3513.47
3749.58
3430.55
3741.72
3373.44
3554.21
3715.74
3544.71
3768.81
3665.65
3477.28
3672.04
3453.93
3779.71
3586.19
3564.97
3519.9
3667.87
3552.43
3598.11
3652.64
3650.75
3656.74
3644.46
3475.83
3604.02
3493.03
3668.89
3490.97
3597.72
3528.96
3385.57
3564.72
3495.43
3335.49
3443.57
3474.11
3662.89
3400.53
3526.76
3582.42
3538.76
3457.91
3661.75
3675.49
3496.89
3751.18
3564.94
3600.91
3570.39
3591.88
3506.94
3638.28
3502.01
3381.94
3648.03
3643.94
3517.09
3181.89
3506.45
3470.47
3741.38
3553.65
3530.19
3505.24
3514.2
3818.04
3779.1
3339.34
3396.89
3400.56
3514.6
3498.82
3506.23
3565.56
3540.79
3385.06
3391.67
3535.83
3375.86
3455.88
3552.55
3606.36
3632.07
3680.55
3460.77
3574.05
3671.67
3406.34
3434.76
3452.77
3281.33
3543.13
3609.73
3551.28
3683.46
3658.09
3640.25
3488.04
3455.99
3768.07
3544.93
3513.09
3611.33
3562.62
3616.46
3434.89
3417.41
3716.54
3459.96
3365.54
3574.27
3602.94
3554.76
3744.94
3492.53
3625.12
3522.77
3619.09
3526.99
3204.15
3398.39
3573.84
3650.75
3341.97
3586.95
3676.91
3492.35
3504.89
3556.66
3536.03
3766.92
3341.92
3366.29
3758.98
3519.94
3716.26
3583.32
3448.01
3603.01
3512.47
3493.18
3850.96
3444.7
3385.26
3569.48
3818.29
3443.96
3703.42
3520.5
3555.39
3591.24
3455.78
3481.38
3651.34
3520.22
3708.96
3462.5
3611.4
3425.92
3527.83
3477.78
3516.89
3628.63
3641.6
3719.02
3576.77
3592.36
3752.5
3414.18
3363.2
3422.45
3358.07
3457.01
3639.81
3531.8
3465.33
3653.14
3568.75
3540.2
3607.85
3664.62
3521.19
3486.52
3514.29
3710.04
3604.85
3472.32
3467.4
3625.82
3529.1
3677.55
3545.72
3409.49
3637.01
3591.27
3851.42
3346.46
3682.36
3432.46
3654.26
3381.03
3543.69
3782.66
3644.12
3608.11
3648.88
3580.82
3467.77
3548.73
3707.85
3553.46
3525.63
3541.22
3695.03
3758.66
3335.62
3384.46
3684.41
3810.74
3652.92
3636.95
3470.32
3496.69
3618.3
3513.78
3418.15
3651.11
3529.26
3663.88
3337.47
3549.76
3681.26
3659.97
3590.45
3654.18
3848.94
3382.07
3500.27
3515.18
3621.91
3472.82
3517.47
3617.09
3487.34
3445.73
3765.84
3399.45
3445.84
3394.19
3554.38
3212.69
3518.68
3460.52
3584.96
3438.01
3557.93
3545.48
3891.33
3642.52
3521.9
3596.83
3623.05
3808.29
3365.69
3523.22
3664.74
3487.46
3713.91
3572.85
3672.42
3602.34
3647.57
3597.63
3635.26
3704
3448.77
3448.46
3734.46
3403.52
3396.98
3746.69
3344.22
3347.82
3413.16
3794.44
3485.73
3776.08
3525.52
3574.11
3688.88
3682.87
3671.01
3686.57
3693.15
3645.67
3630.69
3671.3
3485.35
3670.89
3426.76
3313.07
3714.02
3586.2
3655.52
3456.88
3527.19
3534.4
3624.02
3424.76
3513.36
3556.79
3606.81
3429.52
3709.17
3649.36
3808.21
3479.19
3559.33
3412.66
3556.89
3652.7
3699.76
3473.04
3320.35
3437.16
3772
3775.85
3478.68
3533.04
3513.22
3606.84
3683.72
3507.41
3722.58
3639.52
3502.9
3561.49
3477.24
3741.25
3688.95
3724.94
3671.77
3671.71
3546.85
3234.5
3612.84
3663.19
3472.04
3544.28
3505.41
3622.8
3527.81
3737.32
3354.81
3609.74
3600.66
3533.74
3664.81
3368.97
3489.91
3693.98
3484.29
3639.78
3578.71
3282.35
3459.56
3515.67
3491.15
3400.64
3775.36
3620.49
3642.1
3416.31
3332.57
3549.7
3280.38
3507.3
3591.53
3688.94
3554.08
3373.62
3593.95
3726.1
3658.74
3615.64
3348.57
3472.13
3781.21
3552
3483.39
3426.45
3795.58
3631.69
3542.35
3553.78
3696.23
3469.29
3470.2
3454.72
3560.54
3677.47
3522.31
3556.45
3456.19
3778.38
3532.67
3548.18
3744.37
3561.13
3587.71
3495.16
3414.12
3496.46
3578.55
3371.07
3477.58
3475.45
3260.21
3520.65
3587.45
3621.66
3634.46
3645.57
3479.49
3622.26
3495.85
3641.5
3671.93
3414.17
3587.54
3445.52
3607.02
3408.98
3438.02
3470.61
3681.28
3499.51
3502.62
3715.61
3431.86
3666.54
3427.59
3515.24
3601.62
3936.48
3381.97
3702.1
3530.25
3798.77
3361.12
3476.83
3576.97
3585.67
3482.62
3570.49
3573.97
3401.19
3754.01
3538.44
3626.61
3459.13
3425.56
3564.44
3470.68
3457.93
3728.98
3561.16
3426.26
3569.65
3563.59
3364.79
3507.84
3642.66
3681.46
3431.44
3549.7
3793.52
3772.85
3568.51
3458.94
3842.36
3605
3386.75
3500.41
3626.79
3565.17
3347.54
3362.36
3574.26
3352.28
3539.44
3506.47
3480.18
3472.23
3699.63
3522.75
3528.95
3461.4
3443.6
3684.93
3560.04
3678.56
3513.61
3769.51
3704.05
3502.02
3636.26
3596.04
3895.73
3629.24
3659.85
3603.51
3515.61
3578.28
3644.11
3634.63
3499.76
3428.32
3590.19
3747.19
3761.74
3745.1
3798.37
3579.35
3304.27
3637.07
3625.53
3510.46
3493.97
3595.6
3579.7
3561.69
3416.7
3590.01
3496.46
3550.57
3623.87
3693.77
3757.55
3782.56
3625.85
3421.16
3686.9
3504.85
3498.81
3674.47
3575.29
3929.32
3619.27
3772.81
3514.28
3787.81
3654.13
3532.68
3445.96
3676.83
3352.78
3574.11
3450.48
3530.76
3527.07
3491.41
3615.26
3517.86
3467.01
3555.93
3661.87
3376.7
3796
3392.62
3426.27
3483.8
3676.64
3440.49
3426.88
3653.24
3640.82
3468.78
3728.23
3467.3
3534.4
3893.46
3317.9
3652.26
3725.31
3570.68
3644.31
3345.86
3465.19
3419.23
3524.31
3377.13
3399.13
3391.39
3541.12
3654.69
3810.07
3455.03
3415.4
3440.81
3391.83
3552.52
3665.64
3494.32
3677.33
3659.03
3730.49
3538.39
3595.44
3558.36
3538.42
3502.94
3570.58
3553.74
3699.26
3687.28
3447.67
3698.67
3760.91
3493.76
3614.13
3405.94
3446.11
3643.68
3380.14
3485.13
3497.68
3675.73
3453.63
3573.63
3631.47
3439.35
3487.22
3399.11
3645.24
3563.04
3461.53
3526.41
3587.52
3590.12
3578.86
3650.79
3558.62
3695.1
3619.61
3330.6
3458.14
3354.29
3822.51
3657.74
3694.83
3499.41
3407.38
3601.64
3560.56
3418.99
3595.92
3663.64
3577.61
3576.49
3398.97
3591.77
3562.9
3641.58
3519.34
3406.08
3432.7
3577.22
3483.73
3489.04
3732.28
3736.64
3519.67
3427.8
3468.73
3503.03
3511.44
3640.65
3574.96
3607.93
3443.68
3800.42
3721.85
3757.54
3633.44
3629.04
3641.65
3820.48
3672.99
3607.02
3629.91
3774.61
3553.95
3450.84
3456.57
3437.28
3445.76
3525.04
3654.68
3664.76
3764.92
3349.26
3695.33
3264.53
3545.36
3638.97
3491.35
3264.68
3347.27
3681.58
3596.75
3686.3
3499.47
3627.04
3674.07
3577.64
3455.79
3648.75
3671.91
3437.98
3770.75
3339.04
3410.43
3668.78
3483.14
3504.61
3678.83
3484.45
3822.79
3536.86
3577.24
3353.26
3441.68
3730.74
3485.87
3512.2
3476.96
3435.25
3483.34
3579.5
3630.17
3595.4
3327.42
3599.63
3461.51
3598.2
3527.73
3383.42
3553.67
3650.86
3716.54
3536.95
3744.72
3393.49
3638.78
3759.73
3701.8
3266.04
3635.67
3562.2
3290.99
3482.95
3611.62
3421.06
3550.38
3445.37
3728.63
3330.69
3561.47
3394.79
3389.85
3640.18
3666.66
3541.2
3148.09
3618.95
3537.44
3499.81
3542.57
3546.38
3588.48
3555
3522.2
3648.25
3759.83
3603.71
3450.96
3756.02
3563.01
3495.5
3813.92
3412.32
3434.07
3526.56
3502.09
3769.71
3617.15
3361.25
3579.01
3500.23
3433.95
3763.32
3641.76
3718.63
3280.68
3328.17
3677.08
3554.11
3637.92
3535.23
3563.06
3497.48
3614.8
3267.29
3496.9
3567.98
3488.54
3657.77
3710.24
3742.83
3586.43
3442.82
3427.71
3633.03
3640.5
3514.08
3427.83
3276.25
3682
3592.78
3621.67
3409.67
3407.55
3459.29
3507.61
3384.94
3539.3
3606.43
3553.42
3637.24
3557.47
3665.91
3567.77
3423.38
3572.46
3825.41
3419.73
3509.66
3624.37
3586.4
3376.23
3436.44
3649.12
3617.73
3685.83
3477.38
3667.48
3364.2
3391.19
3646.8
3405.33
3650.78
3676.27
3407.48
3568.65
3692.06
3391.76
3347.1
3244.88
3483.51
3534.6
3410.26
3914.07
3725.9
3452.73
3711.14
3363.38
3501.13
3565.85
3427.21
3525.08
3640.1
3648.46
3735.96
3474.66
3506.04
3526.64
3398.06
3878.92
3519.2
3755.55
3496.58
3664.97
3579.77
3533.93
3526.7
3744.21
3544.52
3556.56
3671.29
3920.44
3517.41
3556.14
3608.97
3808.76
3392.83
3779.36
3292.52
3593.08
3441.28
3792.28
3491.31
3497.02
3631.73
3762.72
3652.28
3472.41
3569
3505.55
3589.29
3697.5
3585.95
3620.11
3592.67
3474.44
3517.7
3600.25
3582.95
3721.01
3653.03
3763.91
3609.28
3427.3
3589.49
3517.75
3369.54
3601.72
3640.68
3463.48
3428.66
3765.34
3465.82
3798
3558.74
3688.57
3359.84
3666.58
3674.07
3559
3638.06
3426.18
3374.84
3146.17
3449.46
3620.04
3630.06
3638.46
3521.19
3462.63
3727.76
3559.87
3605.54
3527.25
3630.82
3571.89
3294.65
3498.75
3520.88
3432.64
3474.34
3647.13
3478.3
3952.73
3471.12
3374.63
3511.69
3457.44
3612.25
3729.2
3642.18
3735.34
3707.57
3784.42
3649.11
3456.2
3477.52
3512.26
3433.01
3582.31
3628.14
3312.85
3507.64
3719.8
3686.86
3760.55
3424.33
3696.92
3403.88
3478.62
3519.02
3247.75
3391.5
3471.05
3564.09
3730.69
3792.58
3600.85
3371.61
3477.32
3659.45
3618.29
3629
3527.07
3524.99
3447.82
3449.45
3682.59
3440.87
3710.12
3641.18
3547.16
3548.05
3640.71
3497.91
3424.64
3666.81
3604.64
3763.93
3669.88
3462.38
3524.45
3492.42
3466.54
3724.55
3605.93
3657.57
3549.04
3391.06
3560.72
3402.88
3658.91
3507.45
3584.17
3650.62
3578.05
3841.14
3669.71
3412.98
3785.59
3548.77
3639.13
3704.01
3689.19
3528.71
3591.91
3481.94
3825.75
3391.02
3457.95
3359.85
3414.03
3496.06
3511.6
3740.02
3494.43
3751.36
3667.32
3573.15
3315.31
3608.93
3443.15
3743.6
3477.21
3556.24
3755.15
3386.48
3478.64
3363.26
3383.43
3840.2
3458.4
3678.64
3429.83
3622.89
3646.71
3783.5
3517.62
3468.33
3379.33
3352.62
3555.54
3286.52
3473.34
3554.85
3436.13
3572.71
3608.86
3538.45
3492.33
3554.87
3318.6
3155.87
3457.95
3575.27
3528.89
3606.89
3426.33
3420.73
3530.87
3607.05
3361.24
3511.54
3592.15
3624.45
3624.83
3600.29
3348.69
3547.42
3512.06
3656.95
3425.5
3475.79
3797.79
3689.27
3590.33
3501.22
3519.11
3621.53
3590.72
3386.07
3429.89
3576.71
3405.98
3684.17
3473.47
3482.18
3524.17
3766.37
3411.72
3612.27
3448.49
3544.16
3340.56
3557.77
3626.68
3505.54
3601.53
3643.64
3409.5
3504.43
3696.22
3621.55
3479.21
3528.82
3564.03
3420.74
3629.39
3575.4
3440.58
3458.98
3574.8
3588.49
3543.55
3536.2
3560.22
3587.57
3570.59
3579.32
3683.45
3467
3710.53
3539.35
3393.42
3521.84
3704.85
3393.71
3489.66
3484.32
3687.49
3433.23
3402.6
3604.88
3529.47
3503.72
3653.27
3570.12
3724.38
3491.08
3499.17
3602.64
3562.09
3530.01
3472.9
3521.64
3752.54
3567.38
3471.72
3645.53
3649.47
3480.74
3433.87
3657.83
3496.2
3461.05
3455.31
3669.69
3762.6
3669.76
3804.76
3594.64
3687.01
3650
3571.15
3541.2
3554.18
3655.4
3555.47
3585.1
3695.6
3404.34
3514.83
3578.07
3664.53
3604.46
3697.67
3262.99
3592.39
3558.56
3915.2
3645.41
3492.78
3446.89
3594.87
3908.03
3520.15
3812.25
3426.15
3471.91
3556.67
3580.11
3846.19
3354.63
3476.66
3718.36
3739.56
3591.61
3448.95
3593.99
3783.54
3474.97
3409.09
3472.84
3565.06
3720.16
3560.81
3493.87
3577.2
3661.08
3595.01
3693.21
3562.36
3369.27
3749.88
3548.04
3434.38
3545.16
3345.09
3439.16
3653.82
3544.79
3506.76
3395.33
3630.27
3515.56
3490.44
3774.94
3699.27
3715.16
3645.02
3681.51
3700.95
3379.06
3489.54
3652.75
3522.28
3749.5
3517.57
3595.15
3662.65
3731.97
3363.83
3534.3
3499.1
3558.21
3622.83
3513.08
3459.49
3573.26
3629.61
3702
3583.19
3695.11
3330.04
3731.02
3486.71
3415.69
3582.05
3679.87
3560.03
3719.27
3609.39
3529.65
3697.59
3516.43
3858.04
3572.34
3556.34
3565.61
3496.44
3557.35
3571.59
3592.39
3418.84
3635.11
3454.41
3628.33
3705.62
3684.29
3770.46
3504.53
3569.38
3756.85
3523.15
3361.5
3677.9
3395.61
3406.41
3391.26
3501.77
3698.92
3452.88
3441.35
3594.62
3491.06
3715.61
3385.35
3680.25
3495.04
3445.82
3715.15
3331.91
3728.91
3530.54
3467.18
3566.89
3780.87
3386
3537.37
3441.8
3795.13
3306.16
3777.08
3512.56
3379.77
3536.72
3634.68
3511.4
3592.39
3675.28
3530.38
3759.89
3627.07
3620.86
3546.8
3515.97
3522.92
3557.26
3530.55
3558.54
3631.35
3672.69
3289.99
3548.55
3462.97
3545.88
3557.94
3495.02
3589.21
3604.76
3423.32
3602.65
3513
3613.35
3539.52
3484.08
3702.08
3521.18
3709.01
3619.51
3457.3
3594.18
3464.99
3523.64
3566.47
3360.14
3560.09
3602.24
3459.24
3751.56
3496.96
3442.13
3540.25
3477.87
3687.69
3559.9
3517.9
3326.56
3639.39
3339.82
3610.12
3559.65
3662.04
3436.74
3816.86
3458.59
3761.31
3592.37
3525.5
3815.73
3689.54
3175.83
3584
3517
3520.2
3565.17
3412.37
3648.55
3620.95
3574.01
3476.87
3436.06
3547.61
3503.02
3536.01
3381
3226.4
3785.35
3570.01
3367.54
3579.46
3683.58
3870.81
3555.89
3687.71
3454.81
3651.98
3599.2
3523.41
3436.39
3419.56
3353.54
3614.42
3383.51
3546.2
3438.81
3881.12
3662.5
3514.32
3552.12
3515.3
3565.64
3417.34
3781.47
3492.02
3676.56
3521.45
3378.14
3558.46
3666.68
3376.08
3635.72
3539.68
3490.02
3446.57
3544.24
3647.6
3368.31
3407.59
3553.39
3739.4
3602.43
3720.72
3619.9
3592.95
3425.8
3301.37
3644.65
3390.07
3292.07
3528.09
3510.41
3585.71
3449.3
3650.58
3591.67
3434.69
3585.89
3555.05
3548.9
3553.73
3581.71
3488.53
3646.4
3667.96
3709.82
3644.08
3475.26
3513.89
3686.37
3267.05
3654.94
3425.7
3740.39
3323.76
3184.57
3466.92
3681.38
3498.09
3510.33
3514.61
3719.13
3418.64
3568.05
3482.88
3898.7
3462.85
3747.4
3590.2
3599.3
3474.95
3759.16
3405.36
3695.67
3529.85
3576.1
3558.71
3467.57
3698.85
3610.1
3488.36
3522.61
3670.06
3653.61
3449.02
3576
3783.28
3566.62
3680.25
3553.02
3468.87
3652.43
3534.61
3517.23
3522.47
3507.68
3496.1
3654.29
3436.54
3579.22
3694.53
3357.73
3758.36
3657.81
3556.23
3468.37
3794.66
3570.48
3459.33
3551.1
3634.66
3613.61
3325.04
3467.03
3616.47
3568.53
3715.35
3610.35
3768.66
3563.19
3610.07
3539.2
3619.25
3690.22
3442.71
3616.98
3657.9
3663.2
3628
3555.98
3505.7
3817.66
3791.87
3638
3611.57
3589.41
3602.82
3826.7
3596.6
3809.28
3408.62
3579.37
3474.94
3425.05
3437.15
3542.66
3609.37
3518.94
3514.57
3497.29
3539.82
3534.6
3723.29
3643.47
3611.22
3758.23
3652.58
3406.14
3525.97
3295.38
3504.6
3439.72
3530.89
3468.05
3414.93
3647.81
3466.43
3637.29
3631.77
3532.08
3565.57
3617.07
3478.49
3626.94
3502.5
3317.6
3432.19
3631.44
3536.93
3659.82
3353.15
3467.86
3709.59
3637.1
3704.08
3470.71
3354.57
3304.57
3746.79
3402.86
3528.28
3452.23
3604.79
3488.41
3597.53
3499.36
3592.4
3497.48
3531.03
3397.49
3522.23
3601.64
3489.49
3503.17
3442.69
3762.51
3618.56
3844.42
3529.58
3670.46
3522.62
3489.93
3756.42
3478.09
3514.65
3706.65
3629.04
3640.2
3492.12
3575.95
3422.04
3729.38
3502.56
3826.98
3405.16
3371.83
3585.66
3575.07
3383.53
3218.89
3448.53
3497.08
3703.84
3540.25
3592.9
3450
3616.78
3373.42
3694.23
3754.99
3545.34
3710.74
3271.17
3508.98
3504.56
3488.5
3593.56
3422.46
3464.92
3422.84
3706.56
3217.55
3521.19
3671.58
3678.3
3329.04
3586.37
3587.19
3339.32
3644.34
3590.07
3855.05
3423.68
3623.46
3535.28
3544.52
3687.04
3450.73
3630.6
3677.26
3527.37
3529.38
3624.28
3696.32
3604.07
3678.66
3663.97
3539.84
3571.34
3435.14
3620.64
3566.63
3597.63
3495.25
3720.52
3634.34
3847.52
3420.3
3602.83
3518.4
3346.77
3563.76
3531.86
3483.19
3760.48
3478.76
3581.87
3858.89
3596.85
3517.21
3571.56
3472.18
3740.88
3476.99
3589.84
3628.8
3382.05
3479.9
3334.07
3334.81
3344.81
3618.35
3393.56
3795.38
3471.36
3584.16
3370.7
3499.69
3665.22
3560.57
3615.96
3654.83
3417.62
3714.15
3663.85
3457.45
3456.62
3524.41
3583.44
3730.7
3564.94
3568.09
3566.96
3449.76
3526.29
3724.14
3573.42
3390.04
3666.08
3776.44
3739.04
3461.34
3499
3631.86
3459.86
3415.52
3692.34
3545.5
3504.12
3534.96
3645.3
3456.62
3493.73
3619.62
3503.96
3577.41
3672.34
3539.29
3613.71
3520.86
3698.74
3758.12
3486.86
3525.23
3706.22
3589.42
3494.8
3607.01
3615.27
3697.47
3617.37
3508.53
3512.74
3517.36
3611.56
3532.76
3710.9
3499.8
3416.37
3685.22
3422.32
3623.02
3604.65
3647.16
3443.54
3664.7
3468.2
3759.72
3654.78
3338.71
3442.52
3374.42
3790.99
3388.23
3516.04
3674.75
3567.51
3683.79
3623.5
3349.32
3351.86
3683.82
3365
3581.1
3546.45
3683.02
3703.28
3557.28
3719.22
3561.72
3447.71
3441.53
3519.69
3823.65
3504.95
3454.24
3455.35
3440.8
3421.27
3545.2
3661.63
3294.37
3631.15
3472.02
3456.7
3522.73
3583.36
3497.8
3584.95
3444.55
3526.47
3555.07
3645.42
3638.75
3526.37
3541.74
3505.59
3721.26
3383.07
3474.78
3679.65
3419.6
3483.55
3424.79
3658.64
3559.22
3322.36
3629.13
3266.33
3505.78
3430.27
3530.5
3659.11
3509.79
3455.26
3559.25
3572.05
3816.6
3511.82
3711.09
3669.59
3793.38
3516.57
3589.22
3580.25
3585.43
3531.54
3563.64
3219.85
3703.01
3224.11
3631.94
3585.57
3369.81
3656.24
3593.75
3738.74
3422.85
3680.65
3510.99
3672.77
3483.15
3216.51
3476.94
3766.95
3525.79
3473.68
3451.5
3667.71
3376.32
3459.97
3415.74
3843.2
3780.88
3469.35
3526.61
3584.22
3786.07
3424.11
3470.73
3378.44
3672.94
3633.51
3587.61
3717.51
3725.02
3862.2
3634.66
3420.2
3595.4
3542.23
3373.96
3632.34
3656.22
3685.14
3580.58
3157.65
3661.14
3538.28
3511.28
3598.43
3724.05
3446.2
3631.52
3666.1
3381.81
3575.56
3779
3807.59
3744.14
3688.81
3534.79
3442.29
3442.8
3639.55
3770.18
3542.31
3572.01
3333.16
3707
3366.14
3519.31
3557.77
3564.41
3524.86
3497.88
3637.89
3692.5
3630.87
3380.94
3548.48
3443.38
3600.22
3611.06
3436.77
3803.75
3527.06
3551.89
3589.27
3491.12
3572.26
3605.07
3537.57
3617.24
3605.85
3571.88
3441.21
3498.33
3671.98
3495.33
3584.99
3478.51
3585.37
3750.7
3724.36
3445.27
3539.31
3456.79
3454.66
3522.18
3686.96
3704.26
3463.69
3740.11
3533.62
3361.92
3248.1
3550.86
3352.73
3782.07
3541.09
3607.71
3370.82
3664.84
3398.44
3608.03
3286.65
3485.35
3733.7
3470.48
3390.17
3627.2
3354.81
3585.34
3647.75
3664.4
3762.69
3512.92
3589.72
3424.71
3534.19
3492.98
3667.71
3462.86
3707.49
3529.98
3613.13
3386.7
3408.86
3710.44
3407.51
3738.63
3749.99
3661.74
3374.59
3378.3
3572.09
3531.75
3453.02
3447.9
3475.41
3679.31
3718.41
3551.42
3539.21
3622.91
3669.06
3556.17
3526.2
3551.58
3601.75
3272.1
3852.38
3692.44
3438.47
3450.41
3769.89
3317.31
3591.76
3485.26
3328.64
3526.8
3735.13
3286.48
3412.14
3593.14
3297.9
3542.72
3762.45
3112.92
3439.49
3478.87
3349.66
3407.42
3795.89
3667.33
3642.39
3223.47
3545.86
3551.91
3609.92
3492.45
3587.21
3652.11
3164.37
3491.16
3598.29
3580.07
3710.61
3529.08
3816.97
3790.33
3567.3
3731.73
3626.32
3479
3474.21
3580.49
3505.78
3580.6
3573.76
3377.37
3612.97
3376.38
3430.62
3494.33
3578.74
3374.65
3512.09
3750.12
3421.93
3382
3610.19
3566.39
3750.04
3397.29
3581.91
3484.86
3625.31
3646.52
3626.07
3375.6
3516.34
3730.58
3558.4
3667
3572.81
3423.52
3620.76
3490.05
3678.21
3509.06
3310.19
3614.14
3418.3
3458.4
3527.56
3511.55
3726.79
3458.81
3525.92
3711.47
3342.61
3385.17
3638.8
3378.98
3578.44
3564.96
3588.74
3827.31
3772.61
3659.05
3641.4
3628.37
3616.38
3585.8
3377.1
3598.18
3545.49
3870.04
3541.1
3776.23
3409.19
3451.91
3646.4
3515.6
3687.89
3674.73
3496.53
3536.23
3610.09
3645.67
3632.52
3535.31
3459.6
3551.08
3754.24
3561.1
3481.05
3444.65
3762.75
3553.67
3725.3
3639.75
3284.13
3769.6
3559.91
3532.39
3615.14
3442.43
3601.92
3761.67
3642.86
3733
3567.36
3646.46
3450.53
3661.1
3815.41
3422.25
3671.17
3536.43
3460.84
3421.02
3318.52
3510.8
3452.98
3871.34
3831.65
3600.31
3521.66
3601.5
3562.7
3546.36
3566.96
3608.75
3727.33
3738.07
3457.83
3420.61
3464.33
3580.36
3599.1
3624.98
3364.01
3566.5
3670.25
3596.03
3695.33
3510.6
3743.12
3630.89
3404
3444.99
3603.95
3644.25
3595.71
3542.13
3721.01
3385.9
3534.11
3527.83
3514
3411.12
3585.18
3521.6
3611.33
3588.16
3526.26
3686.43
3657.61
3525.55
3605.68
3552.65
3669.58
3599.15
3638.06
3629.86
3479.72
3597.25
3678.85
3783.66
3485.49
3508.25
3799.74
3624.96
3473.06
3759.62
3392.7
3679.28
3516.26
3474.7
3388.41
3635.04
3587.08
3801.98
3714.04
3385.69
3588.06
3754.76
3622.87
3315.72
3579.63
3541.5
3707.24
3398.49
3682.14
3896.06
3595.02
3545.19
3472.83
3647.91
3528.14
3721.28
3700.61
3529.85
3522.39
3509.68
3712.76
3614.91
3422.07
3395.96
3543.15
3597.78
3387.21
3501.58
3454.65
3376.39
3578.45
3402.8
3446.5
3512.7
3813.28
3592.85
3664.03
3523.72
3699.42
3554.21
3778.82
3494.32
3352.38
3502.34
3514.35
3315.82
3556.76
3710.23
3618.73
3582.39
3446.17
3602.97
3755.98
3316.6
3623.83
3614.86
3577.99
3564.23
3475.55
3568.77
3547.14
3548.64
3608.86
3487.18
3592.2
3518.17
3542.31
3468.91
3679.72
3442.07
3460.57
3445.57
3448.04
3559.23
3563.04
3526.98
3575.28
3646.65
3703.04
3616.17
3572.15
3579.47
3825.2
3466.58
3724
3508.5
3332.92
3557.93
3499.12
3501.53
3707.5
3639.92
3517.75
3478.16
3617.7
3913.44
3717.31
3697.81
3595.45
3677.87
3574.84
3503.82
3481.83
3538.47
3388.92
3438.37
3318.23
3653.72
3430.01
3483.48
3524.49
3469.76
3569.68
3492.22
3758.43
3642.69
3593.79
3410.84
3590.26
3636.38
3474.99
3734.3
3790.74
3586.67
3582
3501.31
3434.8
3581.22
3675.37
3585.71
3491.75
3280.17
3432.37
3455.78
3779.8
3621.59
3516.29
3607.9
3618.62
3643.73
3292.43
3596.62
3842.55
3944.66
3515.41
3564.15
3513.22
3554.57
3662.49
3531.63
3635.64
3721.92
3338.95
3708.55
3493.86
3701.73
3682.93
3623.14
3419.52
3733.48
3265.48
3529.63
3525.28
3525.72
3566.51
3627.56
3513.02
3691.77
3567.52
3382.16
3588.09
3513.67
3775.33
3373.03
3584.94
3505.85
3577.39
3351.89
3751.61
3476.3
3572.1
3453.27
3761.9
3727.18
3576.29
3545.55
3630.84
3678.65
3569.42
3733.52
3603.76
3429.04
3398.57
3506.73
3568.04
3447.57
3669.33
3741.06
3811.64
3421.77
3489.83
3562.08
3673.21
3673.99
3473.73
3615.62
3530.96
3772.07
3802.85
3483.77
3550.33
3596.25
3552.58
3250.38
3583.84
3435.65
3544.25
3667.96
3524.6
3601.54
3655.1
3558.64
3562.45
3543.72
3706.69
3708.5
3590.19
3668.97
3602.28
3637.15
3598.85
3697.29
3368.59
3535.86
3406.76
3502.41
3560.73
3448.54
3516.77
3747.99
3601.15
3401.56
3733.13
3362.27
3595.46
3625.37
3475.81
3476.86
3481.38
3478.12
3603.7
3728.35
3634.49
3352.67
3467.97
3510.27
3442.55
3638.71
3435.41
3493.47
3609.19
3603.31
3673.39
3690.96
3618.95
3430.7
3404.74
3652.6
3727.71
3488.69
3635.01
3451.19
3292.85
3596.39
3603.69
3623.75
3579.19
3681
3675.27
3646.1
3517.51
3578.69
3773.68
3618.01
3669.77
3465.7
3770.86
3661.01
3325.66
3378.67
3404.74
3404.67
3523.14
3669.07
3689.09
3471.23
3573.48
3760.72
3607.02
3513.41
3705.53
3550.64
3349.47
3488.44
3624.8
3444.54
3423.42
3646.93
3622.29
3364.58
3403.42
3448.95
3804.38
3665.98
3658.68
3431.99
3494.54
3536.92
3640.94
3593.06
3717.94
3710.15
3732.43
3613.94
3422.75
3715.56
3695.19
3543.17
3529.66
3501.25
3497.18
3692.27
3496.33
3536.7
3481.11
3395.82
3581.71
3602.89
3706.1
3387.18
3619.86
3641.56
3637.29
3502.58
3325.39
3424.41
3627.27
3512.25
3331.58
3686.81
3630.07
3497.31
3705.77
3517.25
3699.85
3680.58
3427.6
3331.47
3648.82
3497.02
3609.83
3660.46
3306.8
3710.44
3472.73
3570.45
3610.5
3442.84
3618.03
3413.9
3531.33
3662.54
3479.24
3584.49
3623.92
3618.89
3462.43
3657.03
3542.7
3653.71
3632.16
3656.87
3463.74
3638.26
3764.32
3544.46
3532.34
3682.34
3614.4
3664.69
3341.34
3544.18
3942.2
3275.62
3578.17
3678.38
3810.01
3686.1
3533.5
3619.73
3330.71
3632.52
3641.48
3390.46
3478.89
3627.14
3661.05
3569.85
3686.5
3420.36
3498.94
3425.44
3689.4
3527.8
3471.05
3656.39
3755.6
3537.3
3597.8
3381.53
3467.21
3687
3427.88
3648.29
3468.35
3421.55
3538.7
3418.59
3401.36
3688.08
3620.72
3409.52
3603.21
3554.47
3492.72
3578.65
3694.58
3667.38
3713.74
3582.08
3531.77
3412.51
3386.13
3538.78
3643.83
3468.8
3523.75
3555.62
3404.64
3664.66
3536.05
3789.65
3550.64
3436.74
3560.68
3528.91
3671.46
3525
3515.79
3628.19
3233.76
3970.02
3645.02
3687.02
3573.84
3541.88
3535.61
3647.33
3553.95
3455.16
3716.32
3678.97
3502.27
3544.94
3616.74
3461.01
3656.44
3776.55
3534.7
3506.8
3451.86
3618.82
3523.74
3564.34
3449.28
3602.04
3437.2
3599.79
3582.61
3798.35
3512.4
3857.57
3758.68
3479.16
3647.54
3502.68
3760.03
3561.43
3582.65
3529.02
3524.24
3661.89
3571.43
3664.88
3209.46
3527.3
3818.87
3562.45
3547.32
3736.39
3565.91
3514.53
3654.25
3309.44
3653.31
3568.65
3339.1
3547.86
3483.81
3664.71
3537.08
3312.68
3509.7
3631.65
3507.51
3470.89
3644.68
3825.9
3521.8
3475.17
3981.89
3601.06
3550.63
3726.38
3449.68
3228.21
3526.53
3538.76
3481.02
3574.79
3569.98
3512.63
3353.02
3525.35
3653.71
3514.28
3392.27
3682.32
3481.21
3491.97
3476.16
3528.18
3576.99
3331.24
3408.16
3719.54
3433.49
3610.45
3590.18
3620.15
3660.89
3624.28
3616.39
3680.02
3606.13
3587.63
3585.39
3649.7
3478.84
3497.69
3566.38
3494.81
3608.15
3609.99
3483.46
3599.03
3591.88
3674.39
3536.67
3746.93
3690.25
3647.78
3710.27
3727.72
3639.9
3584.07
3455.72
3616.01
3748.93
3328.89
3444.77
3549.44
3449.02
3508.85
3481.14
3604.09
3624.94
3417.8
3623.52
3635.78
3669.27
3572.1
3486.43
3377.84
3346.48
3436.67
3593.17
3539.63
3748.4
3491.42
3601.99
3440.81
3347.34
3357.76
3600.45
3379.25
3394.9
3628.28
3597.09
3300.86
3821.98
3448.1
3503.37
3240.25
3407.58
3349.74
3581.52
3459.15
3390.42
3515.04
3517.91
3515.02
3712.22
3507.38
3714.81
3620.3
3675.46
3360.16
3421.36
3662.17
3561.05
3640.92
3638.38
3544.26
3711.77
3576.74
3632.29
3541.18
3517.37
3417.1
3411.83
3556.75
3731.32
3496.07
3387.93
3732.23
3467.93
3538.37
3256.87
3615.96
3506.46
3553.08
3553.16
3512.68
3662.8
3695.87
3442.83
3663.22
3400.16
3239.5
3666.21
3762.39
3542.06
3565.74
3334.29
3486.41
3406.24
3522.16
3449.92
3762.95
3600.89
3516.22
3590.61
3701.71
3449.28
3533.91
3447.09
3454.87
3729.06
3812.82
3642.17
3631.62
3500.86
3601.58
3353.53
3299.21
3372.38
3554.07
3457.59
3686.59
3600.82
3445.91
3530.66
3698.59
3485.86
3382.95
3437.52
3611.55
3603.1
3581.14
3472.6
3428
3368.2
3546.18
3617.18
3663.95
3398.13
3594.27
3464.17
3348.47
3542.87
3535.11
3603.18
3492.33
3408.65
3573.9
3340.69
3546.36
3541.89
3616.36
3486.25
3573.39
3516.5
3380.17
3404.57
3589.08
3489.68
3618.76
3728.28
3614.68
3537.71
3631.24
3382.5
3667.65
3486.85
3617.04
3721.31
3593.14
3691.15
3597.38
3221.28
3376.3
3594.4
3502.43
3534.99
3778.65
3733.27
3558.79
3724.05
3614.75
3428.35
3472.9
3526.63
3325.38
3808.29
3602.37
3549.08
3402.26
3541.05
3613.26
3796.97
3513.67
3542.89
3260.22
3688.78
3597.8
3621.69
3485.11
3520.18
3551.37
3470.41
3485.1
3422.4
3459.89
3583.46
3489.92
3567.64
3616.27
3667.59
3531.05
3508.06
3508.26
3597.23
3445.44
3672.66
3400.13
3444.92
3632.5
3327.57
3431.2
3489.44
3600.44
3600.16
3710.35
3640.3
3791.71
3511.09
3370.66
3506.58
3327.1
3654.16
3633.98
3663.21
3481.69
3818.93
3419.39
3540.24
3451.55
3635.67
3572.1
3610.9
3521.73
3636.41
3697.5
3431.56
3489.04
3638.98
3479.15
3443.66
3666.44
3524.87
3616.04
3567.72
3386.88
3667.31
3682.45
3509.33
3773.63
3400.8
3576.69
3488.35
3483.13
3462.6
3404.44
3537.84
3782.72
3785.88
3449.99
3759.44
3644.54
3671.37
3608.08
3537.19
3525.16
3482.17
3729.56
3554.21
3450.12
3743.04
3593.56
3482.74
3761.11
3556.66
3610.18
3631.07
3590.64
3513.33
3663.5
3367.29
3564.37
3469.86
3544.68
3730.52
3542.78
3371.41
3560.94
3357.71
3370.13
3555.19
3727.18
3717.36
3737.25
3668.69
3496.17
3567.43
3506.79
3446.29
3575.64
3602.97
3493.77
3661.43
3587.78
3512.47
3779.77
3726.12
3487.76
3576.21
3566.27
3509.85
3566.38
3399.88
3775.86
3642.45
3681.58
3906.37
3462.72
3578.41
3507.29
3518.8
3482.2
3802.31
3497.93
3635.63
3570.66
3570.43
3576.12
3621.61
3649.75
3668.52
3447.35
3681.16
3751.66
3578.22
3559.75
3590.41
3447.8
3599.94
3535.8
3580.81
3660.98
3473.43
3721.25
3626.86
3734.23
3699.08
3544.12
3552.29
3540.26
3649.7
3642.07
3534.03
3483.02
3476.98
3664.88
3709.12
3537.14
3565.5
3679.68
3561.79
3537.68
3382.43
3400.09
3297.52
3505.79
3588.67
3568.93
3848.55
3587.66
3689.42
3424.18
3304.17
3603.47
3485.46
3431.83
3697.2
3576.33
3600.33
3571.18
3813.18
3514.33
3357.64
3582.77
3510.66
3675.14
3587.26
3483.81
3412.16
3792.6
3760.61
3399.2
3423.28
3343.99
3735.67
3640.52
3655.14
3454.4
3682.8
3643.37
3523.09
3615.46
3699.09
3635.55
3436.58
3669.05
3345.85
3690.58
3560.11
3603.18
3650.07
3489.74
3359.63
3562.04
3622.61
3580.32
3645.3
3516.07
3481.2
3757.59
3550.94
3476.64
3704.57
3507.51
3567.9
3735.52
3486.17
3451.84
3614.23
3518.54
3570.99
3739.97
3776.76
3420.08
3627.23
3435.72
3459.07
3791.33
3484.93
3352.14
3345.54
3637.27
3581.02
3417.21
3704.61
3676.04
3520.08
3635.69
3624.38
3664.25
3557.85
3647.65
3470.58
3575.06
3546.71
3480.39
3499.79
3587.85
3217.44
3641.87
3558.69
3302.63
3804.38
3529.69
3358.75
3732.59
3618.16
3659.12
3458.59
3300.87
3742.14
3445
3623.78
3915.41
3404.18
3577.29
3481
3563.69
3557.75
3691.84
3413.03
3499.88
3713.53
3765.61
3428.65
3688.75
3554.51
3429.53
3609.42
3588.31
3646.15
3798.75
3394.93
3511.59
3546.96
3394.13
3532.77
3555.59
3476.41
3375.37
3659.88
3668.52
3301.38
3839.73
3800.3
3775.86
3503.57
3582.32
3698.73
3687.42
3515.47
3739.61
3703.68
3490.2
3488.34
3530.24
3574.97
3534.22
3698.94
3498.75
3768.37
3586.82
3313.85
3617.47
3472.94
3413.51
3549.8
3550.84
3387.8
3551.48
3682.21
3337.29
3635.45
3534.84
3560.99
3674.35
3803.15
3553.43
3627.07
3481.5
3878.16
3396.43
3482.25
3477.34
3498.3
3758.18
3449.18
3945.52
3430.4
3601.15
3618.45
3503.37
3488.05
3423.66
3426.98
3425.22
3805.29
3449.11
3474.84
3346.82
3569.66
3412.27
3785.97
3688.33
3286.14
3508.57
3636.18
3694.5
3903.84
3622.58
3716.24
3470.93
3395.69
3548.93
3414.3
3575.72
3457.12
3477.05
3777.59
3534.92
3623.27
3681.05
3745.88
3531.73
3651.38
3559.74
3808.96
3375.83
3538.61
3556.4
3587.96
3431.38
3539.06
3650.5
3665.88
3328.29
3524.03
3484.65
3519.16
3586.07
3598.99
3622.06
3595.81
3487.01
3806.54
3459.56
3384.1
3564.1
3889.42
3510.97
3493.95
3597.68
3700.74
3820.67
3509.19
3473.64
3518.08
3433.75
3596.68
3618.7
3451.44
3373.18
3638.63
3494.27
3417.13
3582.47
3616.85
3559.76
3561.78
3437.44
3482.24
3635.09
3500.11
3381.08
3478.62
3504.8
3564.24
3655.97
3365.17
3448.22
3706.43
3637.57
3582.07
3416.68
3803.48
3652.54
3605.12
3597.49
3555.07
3381.25
3370.5
3594.71
3368.62
3638.75
3509.82
3722.19
3339.97
3607.71
3610.69
3607.7
3580.63
3387.2
3474.9
3655.01
3513.09
3768.35
3478.44
3475.51
3672.47
3420.3
3448.3
3465.63
3656.82
3628.99
3463.42
3509.68
3621.77
3385.73
3511.19
3496.85
3752.02
3398.3
3422.23
3575.97
3446.06
3635.4
3578.26
3613.46
3806.54
3503.91
3692.1
3727.52
3414.4
3447.31
3374.13
3583.68
3685.25
3757.33
3429.27
3789.06
3649.17
3648.2
3417.5
3521.69
3426.53
3611.83
3548.43
3665.51
3543.71
3702.5
3407.27
3562.95
3610.74
3591.37
3654.97
3553.73
3279.15
3606.28
3431.66
3577.11
3535.76
3721
3401.18
3939.31
3405.29
3701.49
3494.6
3720.35
3494.35
3685.64
3647.9
3501.73
3482.49
3455.59
3660.74
3372.88
3616.62
3660.92
3506.16
3568.97
3819.33
3631.64
3417.67
3627.53
3396.49
3558.87
3393.16
3470.19
3661.67
3586.42
3465.47
3306.36
3652.51
3550.95
3758.15
3560.63
3490.38
3822.24
3801.89
3670.41
3432.71
3386.8
3576.26
3590.23
3276.28
3552.39
3572.18
3455.04
3673.23
3667
3557.05
3519.88
3545.35
3663.58
3535.28
3422.09
3546.39
3467.3
3531.4
3652.46
3652.14
3523.91
3615.42
3402.08
3550.95
3332.79
3751.94
3658.71
3409.65
3330.17
3586.58
3606.77
3471.56
3662.05
3314.39
3326.52
3413.65
3460.19
3393.56
3687.57
3538.47
3642.94
3706.1
3763.13
3567.72
3389.37
3709.15
3578.73
3759.31
3577.78
3680.67
3630.76
3375.94
3613.18
3417.22
3514.07
3630.92
3543.19
3353.9
3592.05
3440.52
3782.26
3594.15
3723.38
3747.93
3474.81
3457.74
3412.93
3607.78
3499.63
3559.76
3680.86
3519.3
3622.43
3597.73
3539.05
3549.97
3650.64
3515.11
3468.71
3409.37
3507.81
3603.42
3993.04
3382.73
3463.11
3658.8
3578.41
3587.53
3572.84
3703.09
3436.21
3594.24
3651.13
3750.72
3363.24
3533.29
3515.52
3541.43
3712.17
3794.21
3466.75
3727.73
3577.01
3356.76
3596
3523.93
3578.94
3392.23
3523.97
3466.78
3569.34
3481.22
3675.16
3408.54
3617.61
3729.45
3513.97
3561.55
3656.41
3713.58
3440.52
3477.29
3244.84
3717.22
3554.02
3786.25
3318.43
3556.88
3393.82
3622.52
3472.27
3571.31
3656.3
3429.17
3499.83
3671.29
3470.42
3369.96
3635.38
3521.94
3533.9
3592.2
3530.8
3661.68
3620.03
3546.02
3597.19
3542.94
3601.15
3745.48
3476.01
3620.18
3483
3580.74
3567.02
3295.31
3686.51
3539.14
3476.67
3687.38
3634.61
3758.32
3728.03
3855.87
3412.19
3396.2
3578.76
3448.25
3606.53
3566.59
3537.44
3623.82
3360.02
3435.33
3457.22
3460.18
3575.57
3733.69
3371.39
3470.03
3475.28
3324.35
3628.07
3498.08
3539.72
3509.79
3619.64
3653.18
3418.56
3638.63
3667.73
3606.61
3323.05
3563.69
3654.86
3636.15
3682.85
3645.27
3527.69
3475.98
3659.98
3592.81
3691.23
3712.07
3609.96
3600.15
3561.28
3568.33
3461.41
3716.55
3622.93
3501.02
3553.7
3896.9
3518.75
3516.39
3676.29
3509.7
3768.54
3446.76
3431.25
3564.64
3574.15
3513.37
3503.83
3586.13
3524.78
3570.93
3376.8
3729.87
3631.71
3632.12
3562.91
3590.5
3510.82
3562.01
3683.86
3612.99
3419.18
3496.09
3704.31
3627.11
3591.85
3531.27
3490.9
3704.26
3728.92
3637.67
3472.34
3591
3429.75
3642.58
3263.94
3562.08
3245.09
3439.27
3665.64
3591.64
3500.47
3398.04
3385.98
3739.71
3591.27
3477.55
3628.44
3633.94
3581.61
3629.27
3353.22
3584.83
3632.91
3757.68
3688.4
3838.04
3590.45
3521.29
3629.83
3804.05
3628.63
3412.01
3683.72
3509.09
3472.77
3586.99
3396.1
3600.28
3612.56
3429.11
3781.95
3516.65
3745.09
3623.94
3465.6
3728.38
3625.48
3678.86
3590.51
3513.43
3686.13
3381.54
3624.71
3492.36
3587.28
3514.28
3431.12
3392.99
3548.81
3637.42
3559.82
3506.26
3619.8
3513.87
3426.88
3493.59
3616.08
3467
3349.31
3649.24
3530.17
3584.59
3492.93
3639.27
3363.6
3383.18
3430.54
3685.4
3690.8
3455.21
3438.25
3699
3634.46
3325.01
3452.14
3562.28
3384.09
3535.95
3723.87
3465.41
3577.21
3548.03
3560.48
3653.34
3519.66
3530.24
3224.09
3542.47
3915.65
3613.92
3563.37
3495.73
3700.48
3417.75
3338.4
3375.81
3336.1
3639.22
3609.63
3395.87
3496.3
3554.36
3614.57
3431.94
3641.97
3687.24
3443.73
3779.9
3545.45
3603.49
3408.11
3476.81
3553.21
3549.63
3518.72
3785.32
3441.22
3823.83
3706.7
3534.45
3334.56
3475.73
3771.83
3441.04
3494.23
3392.93
3555.23
3481.16
3660.62
3777.86
3614.68
3605.16
3513.64
3537.75
3665.15
3573.83
3722.38
3838.56
3528.86
3726.1
3502.48
3558.02
3351.71
3691.7
3478.13
3642.81
3462.26
3576.52
3713
3460.37
3571.79
3513.92
3519.44
3497.63
3452.29
3506.47
3418.16
3753.74
3617.86
3491.93
3586.25
3468.7
3513.98
3557.42
3669.52
3605.92
3525.6
3568.82
3560.53
3353.08
3870.41
3449.68
3714.57
3453.65
3558.95
3383.12
3560.85
3616.25
3674.91
3674.27
4014.18
3864.3
3700.85
3593.76
3427.27
3648.59
3835.41
3730.41
3567.03
3601.2
3459.85
3658.61
3572.46
3468.28
3692.78
3600.72
3798.84
3445.32
3744.55
3832.31
3512.95
3597.44
3652.54
3495.95
3698.54
3665.76
3257.71
3430.25
3611.03
3508.75
3779.29
3666.53
3498.67
3435.46
3299.44
3327.7
3773.54
3685.05
3232.13
3441.98
3622.49
3397.85
3479.04
3660.65
3628.41
3509.58
3578.27
3662.21
3569.53
3559.37
3560.88
3546.6
3654.02
3606.43
3448.28
3422.99
3621.62
3496.18
3664.88
3707.35
3676.29
3355.12
3501.53
3501.57
3508.37
3609.67
3339.73
3602.16
3435.81
3532.65
3601.21
3768.27
3472.13
3366.94
3479.79
3402.22
3412.55
3538.68
3395.07
3367.87
3578
3542.71
3609.91
3718.44
3644.05
3640.99
3424.85
3420.11
3353.25
3574.84
3362.45
3418.48
3648.85
3739.96
3624.47
3457.49
3630.25
3414.14
3624.84
3711.96
3531.65
3697.17
3485.26
3616.8
3642.57
3418.43
3561.86
3467.46
3684.06
3242.11
3673.81
3379.47
3676.42
3481.36
3526.8
3438.19
3742.89
3501.73
3542.73
3704.17
3400.13
3481.49
3567.95
3443.98
3687.4
3577.71
3593.91
3393.49
3530.84
3708.69
3386.75
3492.01
3730.02
3587.01
3419.73
3550.24
3601.34
3896.99
3675.07
3519.98
3592.02
3623.76
3530.97
3350.37
3422.68
3725.46
3239.13
3385.51
3528.8
3554.95
3358.86
3483.6
3385.25
3526.4
3662.47
3474.91
3563.73
3535.72
3551.42
3454.81
3566.74
3524.07
3463.96
3534.77
3683.73
3639.55
3280.35
3477.19
3929.8
3478.07
3691.91
3445.7
3786.4
3758.95
3499.18
3357.01
3378.54
3368.19
3609.48
3449.4
3574.34
3451.78
3537.54
3694.26
3658.57
3664.67
3571.85
3580.99
3716.06
3389.24
3467.8
3555.56
3396.65
3410
3230.13
3458.21
3359.3
3556.31
3810.56
3495.41
3820.57
3755.23
3521.41
3579.53
3569.73
3638.38
3458.97
3320.64
3640.65
3598.42
3611.42
3531.96
3657.41
3485.64
3790.05
3497.98
3560.6
3602.99
3311.44
3515.23
3487.65
3551.21
3509.42
3607.5
3314.27
3809.74
3379.2
3356.69
3703.32
3446.01
3424.55
3594.01
3635.44
3739.75
3593.87
3678.68
3607.78
3788.66
3168.33
3631.65
3343.07
3596.6
3502.91
3549.18
3524.24
3527.04
3780.27
3547.92
3560.58
3726.71
3667.91
3538.67
3322.47
3560.89
3755.06
3639
3506.81
3538.5
3374.1
3427.67
3629.99
3572.17
3558.79
3528.63
3910.57
3429.04
3416.16
3610.95
3356.05
3538.66
3500.92
3719.03
3493.69
3281.79
3612.83
3576.13
3591.39
3450.22
3531.32
3482.13
3521.43
3603.57
3573.92
3555.43
3606.91
3817.43
3597.25
3473.85
3458.68
3622.11
3777.53
3558.77
3677.12
3695.15
3663.49
3580.59
3564.67
3485.66
3608.37
3598.41
3479.96
3561.11
3568.34
3491.65
3610.95
3631.57
3435.95
3435.23
3519.73
3726.4
3550.4
3632.4
3645.49
3385.26
3606.92
3453.95
3303.01
3355.94
3561.33
3604.76
3621.75
3418.71
3414.87
3544.52
3654.14
3634.55
3447.34
3727.18
3790.87
3333.18
3522.18
3584.76
3534.52
3651.28
3630.56
3468.74
3561.52
3356.21
3728.87
3674.86
3497.61
3544.99
3607.63
3623.39
3646.01
3481.48
3540.72
3745.18
3651.24
3491.3
3816.38
3402.76
3616.63
3505.74
3517.47
3581.25
3426.65
3635.57
3636.48
3544.82
3691.74
3671.54
3245.99
3606.89
3623.82
3576.31
3373.59
3246.69
3506.1
3460.74
3660.51
3472
3666.14
3562.3
3673.91
3641.59
3616.91
3702.18
3582.11
3887.47
3640.71
3590.92
3528.73
3336.2
3499.99
3566.04
3576.41
3485.21
3809.57
3621.65
3472.44
3937.17
3490.45
3537.53
3476.67
3465.75
3592.4
3576.52
3523.17
3579.92
3449.14
3655.43
3558.86
3753.4
3734.96
3411.2
3416.45
3511.61
3446.74
3570.78
3546.29
3422.6
3498.89
3683.01
3667.64
3665.83
3649.37
3471.35
3658.79
3763.5
3416.07
3780.13
3360.79
3629.44
3486.47
3431.82
3800.49
3632.41
3635.68
3267.2
3363.93
3565.1
3422.09
3615.83
3535.84
3542.9
3412
3479.16
3563.46
3413.15
3368.96
3638.51
3729.87
3666.32
3483.31
3565.36
3679.11
3324.63
3649.03
3490.87
3621.8
3523.52
3689.97
3673.52
3562.64
3640.52
3842.89
3523.6
3610.5
3815.18
3720.09
3557.41
3469.82
3617.21
3439.66
3629.07
3599.22
3438.51
3463.01
3715.31
3430.32
3851.01
3566.26
3678.59
3465.89
3523.8
3856.74
3204.21
3404.1
3517.31
3579.35
3378.08
3834.57
3693.08
3619.59
3795.27
3519.44
3470.8
3637.46
3738.64
3476.7
3535.11
3622.85
3702.59
3472.62
3536.13
3627.14
3668.56
3236.35
3578.68
3609.65
3637.21
3470.33
3667.23
3663.94
3561.88
3414.53
3586.64
3347.71
3481.73
3513.94
3511.27
3414.29
3523.17
3692.65
3636.02
3570.18
3602.33
3295.1
3375.42
3543.98
3348.41
3573.51
3454.06
3546.28
3491.81
3508.38
3477.99
3584.7
3530.74
3537.69
3373.54
3513.81
3437.37
3323.61
3317.82
3457.11
3536.43
3704.52
3451.73
3605.65
3344.14
3649.56
3462.64
3546.78
3313.31
3754.16
3520.66
3569.99
3713.55
3477.78
3619.97
3579.59
3329.55
3628.83
3500.92
3471.9
3443.04
3450.18
3651.67
3528.32
3573.75
3479.11
3657.89
3594.65
3750.89
3439.28
3519.26
3510.85
3533.68
3474.22
3413.4
3595.92
3835.69
3606.94
3583.46
3537.44
3568.53
3763.57
3585.84
3672.08
3449.24
3612.48
3662.42
3485.41
3643.16
3826.14
3317.47
3550.76
3615.22
3577.52
3389.9
3431.75
3528.46
3517.53
3609.38
3681.3
3412.94
3798.4
3441.57
3632.65
3614.27
3731.7
3582.38
3710.6
3417.1
3321.48
3465.63
3467.53
3354.08
3575.88
3685.92
3632.46
3558.21
3707.62
3615.81
3554.98
3631.45
3519.2
3483.28
3535.94
3464.89
3585.69
3543.28
3458.07
3595.76
3602.7
3624.06
3580.21
3386.08
3560.78
3546.95
3509.62
3716.39
3441.85
3515.81
3642.84
3546.15
3888.63
3481.02
3705.63
3837.28
3506.8
3689.98
3574.28
3808.62
3493.82
3551.6
3429.08
3407.08
3275.8
3399.33
3684.27
3629.08
3637.52
3471.45
3511.75
3640.66
3628.87
3337.16
3617.87
3534.24
3641.64
3582.98
3545.49
3444.71
3520
3399.54
3652.27
3734.3
3658.45
3529.5
3732.69
3898.29
3605.41
3409.35
3586.1
3688.11
3648.27
3445.08
3717.72
3777.13
3513.04
3383.08
3458.63
3582.43
3543.56
3605.92
3536.05
3342.1
3600.87
3647.22
3551.93
3368.28
3482.59
3446.79
3594.58
3586.46
3468.69
3318.84
3642.81
3533.05
3464.44
3553.82
3744.38
3567.81
3517.21
3681.93
3629.62
3379.38
3775.15
3654.15
3548.17
3460.61
3505
3520.02
3463.32
3656.95
3411.36
3513.22
3601.64
3458.15
3590.39
3492.98
3497.04
3464.23
3625.97
3460.11
3683.51
3611.97
3360.18
3522.36
3538.3
3456.92
3648.83
3422
3608.65
3408.24
3686.09
3641.52
3611.59
3741.26
3341.35
3330.89
3595.96
3441.13
3446.06
3719.05
3632.48
3489.29
3622.06
3545.57
3736.2
3465.08
3653.7
3664.18
3541.67
3449.84
3526.41
3568.27
3629.49
3417.62
3512.98
3598.31
3544
3499.74
3770.42
3463.68
3567.37
3582.04
3690.1
3441.31
3590.57
3328.68
3646.4
3470.69
3214.66
3148.45
3687.01
3498.65
3454.78
3699.63
3526.89
3545.59
3475.81
3618.45
3635.3
3458.57
3552.27
3591.82
3541.86
3582.39
3499.17
3691.86
3659.77
3438.33
3539.17
3687.91
3642.35
3537.53
3657.57
3335.95
3436.43
3495.91
3295.11
3804.25
3616.64
3482.27
3304.85
3567.48
3510.28
3492.85
3368.31
3506.21
3591.04
3598.66
3419.28
3632.49
3753.45
3586.41
3509.52
3721.75
3617.16
3317.74
3476.55
3543.2
3506.36
3656.12
3536.13
3592.75
3573.78
3451.73
3458.18
3677.67
3344.29
3750.44
3697.48
3570.26
3775.8
3487.42
3672.37
3413.09
3897.07
3509.05
3628.74
3498.43
3579.42
3472.16
3376.32
3673.07
3714.69
3556.98
3611.49
3662.84
3602.32
3408.65
3743.33
3661.42
3496.28
3482.04
3570.39
3475.33
3393.83
3551.71
3356.6
3612.11
3465.54
3453.45
3576.88
3645.94
3613.9
3340.05
3646.61
3527.93
3331.13
3570.32
3479.73
3541.58
3572.09
3517.63
3381.57
3762.05
3619.58
3488.34
3466.2
3540.49
3565.41
3713.87
3624.67
3694.15
3268.14
3571.65
3560.15
3466.09
3387.46
3527.51
3482.59
3543.18
3327.19
3569.34
3545.01
3646.21
3534.22
3489.14
3724.68
3695.13
3447.94
3497.53
3477.11
3501.86
3571.61
3585.53
3503.5
3601.09
3458.47
3405.29
3495.07
3612.68
3626.53
3509.16
3461.53
3598.9
3501.17
3544.38
3548.14
3461.23
3514.17
3550.76
3390.29
3686.55
3686.49
3594.93
3765.39
3521.32
3482.44
3608.53
3695.16
3598.28
3603.76
3574.97
3466.62
3573.81
3448.6
3591.68
3551.32
3572.35
3510.06
3377.44
3618.72
3552.94
3466.69
3455.11
3469.47
3653.14
3437.91
3334.8
3925.31
3667.86
3570.79
3439.69
3452.44
3532.07
3977.45
3727.75
3748.55
3593.03
3582.87
3384.61
3478.8
3370.98
3613.29
3329.74
3626.04
3548.14
3645.99
3670.07
3494.87
3489.77
3765.84
3618.99
3549.24
3609.89
3701.69
3738.81
3620.81
3862.36
3546.7
3520.34
3547.8
3574.89
3626.66
3592.52
3676.82
3443.13
3534.65
3597.63
3432.18
3344.43
3548.8
3645.2
3659.06
3429.21
3762.91
3602.03
3563.67
3338
3672.97
3409.62
3481.34
3614.66
3744.58
3367.69
3668.65
3610.12
3432.03
3476.45
3599.53
3693.06
3440.78
3886.64
3511.34
3580.51
3471.22
3379.09
3489.97
3705.38
3344.03
3581.11
3424.08
3463.68
3526.47
3583.25
3541.57
3620.59
3563.9
3237.89
3527.57
3613.23
3484.71
3549.25
3575.33
3550.81
3442.01
3521
3315.23
3494.31
3590.22
3630.23
3659.82
3639.53
3432.04
3638.92
3416.69
3539.1
3600.7
3384.71
3520.53
3620.19
3561.06
3472.1
3649.94
3568
3685.34
3392.97
3584.47
3551.77
3688.99
3770.16
3550.07
3300.41
3392.95
3440.06
3523.96
3513.86
3361.22
3438.75
3713.81
3545.9
3602.8
3376.62
3668.88
3639.83
3613.97
3800.63
3795.81
3644.39
3528.32
3493.82
3257.4
3602.57
3333.1
3528.74
3631.07
3620.85
3490.98
3682.89
3614.96
3546.77
3620.18
3684.95
3577.83
3200.92
3606.36
3425.39
3532.44
3575.46
3457.37
3657.32
3616.28
3530.91
3517.48
3363.8
3499.05
3525.47
3541.43
3352.52
3462.71
3499.75
3622.1
3406.36
3413.5
3574.69
3562.69
3675.84
3671.53
3458.63
3454.48
3506.97
3666.86
3354.38
3387.33
3539.56
3664.29
3545.73
3652.7
3430.91
3624.28
3621.57
3608.64
3561.83
3528.38
3558.13
3435.3
3569.03
3609.07
3550.36
3469.96
3701.99
3625.98
3493.7
3763.25
3459.75
3400.59
3741.31
3379.34
3759.12
3677.99
3695.31
3404.65
3703.12
3498.53
3677.26
3514.46
3462.48
3412
3618.96
3292.35
3716.85
3601.33
3678.09
3531.97
3357.37
3455.73
3388.86
3622.96
3426.95
3687.72
3614.47
3715.14
3498.35
3543.34
3526.53
3581.37
3732.6
3506.86
3382.54
3650.9
3524.2
3537.15
3449.85
3468.41
3436.2
3641.86
3588
3598.02
3310.63
3504.23
3561.96
3640.62
3724.55
3544.02
3667.05
3631.03
3640.32
3743.94
3495.66
3336.14
3669.09
3501.78
3608.39
3766.59
3365.58
3496.74
3527.74
3515.33
3422.8
3586.98
3641.23
3545.31
3463.33
3627.12
3494.95
3239.81
3647.62
3759.53
3686.28
3736.11
3477.36
3319.06
3656.74
3507.16
3329.49
3678.72
3686.44
3501.85
3752.13
3467.67
3699.05
3504.61
3774.09
3532.93
3618.29
3525.79
3436.47
3615.66
3336.08
3411.72
3603.92
3518.87
3638.91
3695.91
3407.21
3484.76
3537.63
3535.85
3614.66
3584.45
3509.26
3601.37
3686.78
3635.29
3325.11
3538.88
3444.55
3617.77
3609.36
3744.07
3623.92
3728.29
3546.78
3512.2
3480.55
3531.93
3352.68
3609.48
3493.15
3795.24
3630.63
3475.58
3562.86
3988.19
3667.32
3366.92
3403.88
3556.96
3317.48
3536.38
3730.5
3526.08
3580.89
3872.41
3598.17
3370.27
3561.31
3520.88
3531.76
3442.13
3531.53
3775.67
3808.74
3728.74
3704.57
3611.54
3776.29
3212.89
3413.08
3687.73
3701.15
3555.02
3561.39
3633.99
3582.69
3465.44
3496.35
3605.98
3614.25
3415.52
3369.21
3256.46
3584.97
3694.55
3492.46
3602.54
3649.36
3656.05
3613.2
3586.21
3715.08
3489
3274.07
3517.3
3581.15
3477.18
3738.03
3507.14
3370
3630.99
3550.01
3540.14
3532.59
3598.22
3571.53
3506.73
3675.14
3564.18
3693.98
3626.29
3568.53
3571.33
3528.75
3504.42
3356.28
3634.53
3743.52
3556.58
3763.27
3789.03
3595.55
3518.59
3571.88
3538.37
3685.99
3836.84
3587.27
3466.94
3655.83
3442.68
3696.37
3677.53
3531.54
3674.97
3667.44
3794.13
3630.42
3471.99
3602.45
3654.87
3625.68
3445.83
3493.86
3350.6
3749.53
3529.81
3275.56
3867.59
3599.19
3580.41
3485.34
3702.68
3525.21
3628.21
3901.73
3418.17
3435.59
3486.42
3733.64
3661.34
3475.01
3516.79
3611.23
3644.94
3589.69
3553.88
3453.95
3435.55
3402.5
3823.74
3358.01
3572.21
3722.89
3620.33
3357.82
3460.1
3332.4
3612.11
3369.68
3490.46
3771
3469.7
3722.4
3710.31
3485.25
3720.97
3626.8
3472.8
3424.35
3520.61
3653.71
3541.05
3706.97
3287.96
3607.22
3710.72
3359
3605.8
3776.27
3637.08
3589.05
3358.18
3442.59
3400.25
3370.69
3537.47
3721.08
3467.88
3520.77
3519.91
3518.94
3678.38
3346.1
3544.65
3703.53
3631.35
3704.98
3594.22
3464.83
3536.35
3417.34
3468.3
3543.15
3509.92
3643.75
3592.46
3495.34
3545.17
3450.25
3397.21
3666.29
3582.37
3366.49
3559.44
3592.08
3320.24
3581.83
3465.67
3665.79
3671.72
3492.37
3406.03
3441.49
3599.01
3311.75
3721.65
3540.46
3648.92
3479.96
3340.67
3562.49
3688.39
3686.79
3575.85
3464.97
3554.95
3397.26
3550.97
3531.58
3590.91
3485.76
3356.25
3356.26
3688.88
3362.93
3582.67
3529.48
3583.31
3742.17
3652.2
3224.84
3738.68
3448.93
3627.16
3389.02
3599.87
3425.97
3519.79
3475.5
3506.73
3390.09
3521.28
3524.7
3460.36
3542.58
3625.64
3403.16
3471.43
3412
3762.64
3775.36
3610.03
3724.68
3589.12
3663.16
3621.78
3550.15
3532.08
3775.4
3717.65
3664.74
3551.42
3786.88
3504.01
3671.5
3530.08
3395.81
3681.1
3628.12
3444.58
3486.71
3820.79
3784.99
3325.43
3256.24
3682.17
3764.57
3550.62
3439.37
3774.46
3597.59
3506.5
3408.97
3704.2
3545.24
3524.32
3655.56
3613.22
3463.11
3537.85
3659.68
3534.09
3528.39
3687.96
3370.46
3497.57
3648.47
3580.2
3533.04
3527.07
3420.76
3446.46
3541.51
3725.44
3573.6
3603.29
3302.17
3275.87
3344.93
3512.86
3589.7
3550.83
3187.88
3542.49
3468.46
3471.7
3831.08
3474.8
3249.01
3622.25
3831.35
3298.22
3560.3
3709.94
3703.07
3647.58
3426.92
3651.49
3562.36
3632.25
3663.28
3567.96
3304.85
3566.73
3515.34
3559.18
3273.5
3644.71
3689.43
3613.96
3455.04
3697.25
3720.3
3288.87
3433.6
3699.65
3582.29
3695.16
3584.21
3604.4
3442.6
3615.49
3737.73
3497.11
3520.39
3329.96
3603.88
3498.59
3491.31
3528.22
3394.9
3545.3
3544.92
3716.09
3387.24
3647.64
3687.3
3652.05
3577.29
3689.68
3651.47
3646.63
3436.38
3575.39
3422.01
3515.4
3474.92
3539.16
3692.63
3452.6
3278.81
3626.34
3693.18
3587.4
3655.35
3713.47
3729.27
3475.63
3632.61
3601.87
3712.73
3611
3324.19
3774.92
3451.64
3509.46
3444.94
3700.5
3562.58
3511.06
3498.1
3695.75
3362.93
3630.02
3432.39
3654.86
3887.94
3608.78
3537.71
3564.74
3500.25
3495.35
3431.04
3647.09
3336.69
3594.47
3596.46
3535.93
3698.59
3477.28
3311.24
3644.41
3507.65
3548.35
3603.11
3421.43
3513.35
3486.11
3481.94
3545.95
3703.61
3335.62
3640.49
3554.69
3618.71
3539.82
3491.59
3509.52
3598.42
3500.5
3726.8
3611.52
3526.04
3699.44
3803.7
3443.07
3377.88
3687.89
3574.57
3578.56
3425.77
3513.14
3458.1
3708.32
3720.13
3553.66
3315.65
3481.72
3482.36
3539.06
3703.61
3329.86
3599.51
3583.17
3413.54
3467.91
3472.83
3556.52
3615.49
3574.26
3678.82
3397.55
3530.72
3543.36
3448.51
3664.81
3545.21
3550.73
3418.47
3375.38
3446.05
3608.33
3613.2
3636.38
3651.6
3582.22
3724.45
3543.07
3630.73
3516.78
3555.3
3750.37
3386.51
3386.34
3578.8
3569.69
3401.63
3616.94
3297.3
3394.07
3478.91
3344.31
3629.23
3685.29
3609.02
3514.7
3653.71
3585.58
3621.28
3504.69
3692.53
3566.72
3400.29
3635.39
3564.62
3782.73
3460.99
3859.05
3541.12
3629.45
3733.44
3508.6
3457.12
3490.45
3637.15
3615.62
3636.69
3295.92
3582.74
3376.26
3683.7
3531.74
3669.86
3395.18
3708.88
3310.06
3580.21
3468.96
3540.75
3662.27
3582.53
3703.57
3734.28
3710.31
3502.86
3446.45
3685.08
3589.41
3428.34
3249.61
3372.76
3717.48
3594.73
3550.76
3742.38
3535.8
3657.8
3423.38
3488.75
3420.9
3554.93
3469.83
3473.54
3566.44
3567.61
3404.32
3528.64
3478.87
3604.75
3539.91
3418.45
3579.67
3633.42
3540.49
3581.7
3812.18
3674.72
3462.38
3718.29
3470.18
3551.53
3569.1
3577.33
3701.49
3522.81
3616.4
3660.12
3433.28
3643.16
3548.53
3465.1
3443.02
3412.96
3498.86
3619.57
3446.83
3285.04
3498.11
3568.17
3453.11
3522.03
3321.33
3771.9
3821.46
3486.39
3623.62
3567.82
3708.86
3366.67
3726.6
3639.01
3232.4
3445.72
3666.21
3801.37
3671.92
3438.89
3724.75
3604.75
3499.69
3413.33
3498.37
3556.74
3629.85
3429.83
3721.05
3735.56
3691.06
3624.18
3352
3306.39
3377.17
3554.16
3724.66
3506.6
3452.47
3816.89
3708.76
3434.03
3577.73
3487.04
3634.97
3584.38
3560.23
3679.69
3329.84
3459.53
3628.06
3501
3431.26
3758.89
3638.56
3641.32
3594.5
3345.55
3491.91
3464.38
3511.61
3644.64
3683.91
3565.11
3614.41
3308.82
3656.93
3764.4
3390
3499.39
3746.05
3555.24
3401.15
3623.24
3497.84
3469.83
3717.5
3578.74
3896.15
3444.95
3717.79
3518.08
3588.75
3513.67
3212.56
3484.43
3713.19
3412.86
3679.99
3508.93
3641.37
3636.28
3576
3706.84
3534.2
3631.58
3830.07
3377.53
3650.27
3830.54
3425.33
3478
3355.56
3585.23
3664.71
3438.99
3523.25
3408.36
3308.09
3638.85
3494.65
3423.57
3510.91
3705.87
3706.56
3400.06
3540.25
3486.66
3684.77
3479.32
3736.56
3465.84
3774.55
3352.96
3448.74
3598.48
3585.2
3480.41
3416.76
3469.9
3824.21
3611.12
3447.23
3528.98
3524.49
3338.32
3714.79
3468.17
3604.14
3598.25
3376.96
3356.77
3781.1
3496.49
3720.18
3312.71
3400.2
3715.59
3714.15
3509.03
3682.52
3629
3568.87
3506.69
3206.06
3552.91
3493.5
3443.68
3687.74
3617.65
3587.28
3339.16
3369.45
3628.86
3581.23
3503.9
3686.54
3419.04
3548.5
3388.83
3604.38
3585.46
3386.46
3326.42
3659.46
3727.66
3669.08
3607.05
3543.36
3594.41
3423.65
3472.23
3516.41
3607.1
3573.27
3723.27
3522.93
3563.12
3491.55
3630.95
3587.11
3482.92
3613.07
3608.9
3384.8
3569.73
3423.83
3623.08
3472.67
3682.31
3495.02
3649.21
3696.53
3501.15
3513.82
3459.25
3410.98
3666.34
3520.74
3699.41
3659.49
3533.82
3628.65
3766.19
3560.53
3475.89
3619.69
3498.25
3636.75
3437.77
3588.85
3569.7
3564.7
3549.8
3480.78
3794.3
3524.41
3683.67
3484.08
3631.09
3424.21
3604.63
3736.51
3529.35
3783.35
3518.35
3562.6
3737.64
3635.51
3719.13
3611.82
3508.04
3685.71
3422.77
3586.66
3394.83
3409.56
3485.86
3593.23
3673.3
3667.11
3455.88
3521.73
3770.84
3508.18
3531.57
3533.94
3431.5
3447.57
3440.5
3721.38
3524.8
3471.2
3299.45
3708.21
3682.17
3538.55
3447.79
3609.46
3712.32
3569.78
3470.62
3529.37
3513.33
3373.13
3581.33
3755.9
3308.98
3614.15
3438.15
3437.62
3176.22
3589.92
3486.85
3672.91
3541.73
3423.34
3652.59
3620.31
3579.74
3478.28
3523.63
3589.06
3488.9
3556.78
3639.92
3651.83
3265.94
3477.82
3322.61
3456.06
3453.03
3542.06
3591.7
3405.31
3567.02
3499.9
3856.09
3371.11
3395.06
3591.12
3825.86
3580.67
3483
3529.33
3570.39
3650.5
3471.66
3674.09
3746.18
3541.74
3524.45
3500.84
3342.93
3557.73
3579.58
3643.38
3344.33
3699.13
3627.65
3464.72
3639.57
3461.38
3576.53
3590.68
3284.53
3592.81
3753.46
3393.46
3566.48
3390.38
3450.44
3603.57
3693.61
3391.72
3445.62
3520.58
3644.88
3580.14
3573.23
3236.94
3661.5
3495.68
3599.23
3680.53
3411.75
3638.97
3589.79
3464.67
3525.08
3440.95
3631.1
3684.54
3455.69
3525.59
3533.82
3395.03
3562.04
3691.01
3585.88
3521.74
3709.7
3653.96
3508.64
3501.59
3695.11
3689.52
3746.82
3488.36
3768.84
3329.5
3435.87
3650.22
3495.28
3445.86
3522.37
3496.03
3580.05
3568.2
3480.65
3660.81
3739.49
3561.14
3654.69
3461.84
3376.38
3366.1
3480.68
3505.1
3696
3436.29
3659.33
3509.9
3670.61
3695.91
3514.72
3554.51
3552.25
3561.51
3436.19
3341.26
3599.75
3408.64
3518.05
3549.8
3585.08
3581.39
3444.07
3584.99
3358.8
3422.89
3551.14
3573.16
3563.02
3679.36
3581.65
3552.95
3466.36
3500.64
3233.88
3415.14
3543.44
3261.93
3763.46
3525.31
3481.69
3433.01
3417.48
3728.43
3424.66
3615.36
3393.08
3443.27
3651.51
3556.6
3503.02
3334.89
3521.81
3716.42
3606.15
3883.27
3530.48
3372.46
3670.08
3456.25
3526.54
3521.85
3551.96
3365.24
3657.67
3696.13
3595.11
3435.8
3481.56
3678.71
3687.35
3512.02
3443.45
3628.4
3549.32
3479.81
3355.59
3622.86
3556.71
3523.44
3424.28
3667.21
3535.77
3623.16
3717.31
3688.16
3527.34
3764.11
3630.26
3660.51
3574.05
3459.64
3533.51
3458.14
3380.63
3560.68
3679.46
3414.93
3585.75
3784.48
3482.43
3647.71
3432.76
3335.49
3615.86
3554.92
3705.22
3526.89
3612.2
3582.76
3655.8
3368.06
3714.07
3616.55
3547.87
3507.04
3567.7
3613.05
3617.66
3400.65
3542.68
3687.25
3606.79
3632.97
3609.71
3470.28
3682.1
3627.74
3844.45
3611.22
3682.53
3445.89
3542.19
3556.89
3772.16
3297.83
3431.35
3427.84
3711.1
3649.37
3627.28
3802.25
3842.21
3474.42
3574.27
3645.51
3319.84
3508.06
3697.35
3586.5
3691.22
3245.8
3601.31
3739.54
3580.44
3529.18
3575.94
3581.39
3671.1
3432.19
3562.89
3812.73
3457.41
3486.23
3438.52
3477.86
3425.64
3545.7
3431.02
3735.85
3809.74
3566.42
3552.84
3366.05
3189.52
3609.38
3463.81
3640.78
3622.64
3608.39
3623.45
3724.73
3296.62
3511.33
3494.09
3418.37
3520.29
3644.15
3765.05
3479.13
3646.76
3459.84
3484.84
3608.04
3578.24
3577.81
3582.55
3448.61
3442.66
3642.48
3379.33
3356.26
3707.01
3770.62
3652.11
3512.43
3425.23
3818.76
3568.35
3544.3
3599.78
3424.53
3444.76
3623.76
3488.29
3523
3572.19
3752.68
3526.05
3440.75
3402.92
3433.44
3528.8
3573.95
3477.5
3567.51
3674.92
3617.67
3526.33
3619.96
3653.52
3697.96
3629.3
3375.42
3506.86
3343.22
3644.13
3419.35
3702.3
3707.51
3786.94
3579.79
3531.17
3752.48
3593.31
3662.41
3488.89
3454.22
3475.7
3444.72
3661.14
3460.55
3370.01
3717.47
3511.89
3532.54
3619.27
3675.19
3586.35
3508.34
3473.91
3368.75
3550.73
3710.28
3979.61
3447
3457
3660.75
3472.81
3868.7
3614.41
3629.77
3556.91
3523.02
3730.87
3629.62
3660.09
3691.58
3407.57
3419.59
3650.73
3518.03
3562.86
3869.62
3505.26
3434.5
3533
3525.75
3461.48
3289.93
3694
3686.87
3557.06
3661.97
3736.27
3455.46
3374.58
3471.71
3467.2
3506.21
3565.54
3586.75
3487.24
3559.13
3593.95
3564.7
3620.88
3517.13
3535.4
3637.98
3395.51
3381.51
3472.98
3552.68
3409.6
3569.3
3612.74
3425.65
3679.65
3495.01
3436.82
3468.3
3483.45
3436.41
3607.44
3663.6
3511.32
3375.42
3524.62
3598.38
3557.28
3422.48
3388.43
3577.68
3632.73
3599.23
3267.77
3510.37
3570.64
3378.25
3661.45
3453.79
3673.32
3510.49
3423.69
3710.01
3736.36
3568.85
3366.76
3630.08
3661.92
3473.66
3393.12
3624.37
3513.67
3650.31
3623.44
3525.67
3659.67
3653.19
3474
3573.47
3688.19
3510.77
3662.03
3494.01
3436.14
3618.09
3647.58
3645.73
3463.23
3548.92
3632.71
3570.84
3689.77
3531.05
3591.06
3727.31
3608.95
3657.78
3511.96
3545.37
3469.39
3633.49
3433.57
3233.8
3651.38
3563.11
3607.49
3604.79
3487.01
3657.24
3440.83
3507.88
3723.7
3707.81
3658.35
3579.79
3464.56
3688.83
3553.91
3633.09
3425.39
3651.58
3628.97
3605.03
3490.42
3559.73
3606.02
3528.48
3523.92
3545.03
3492.59
3673.27
3619.6
3662.13
3568.88
3643.65
3666.65
3297.52
3395.55
3734.33
3438.58
3559.58
3479.68
3605.13
3739.35
3522.33
3592.91
3777.44
3478.09
3419.13
3617.99
3430.98
3481.47
3459.78
3476.78
3670.72
3663.19
3570.96
3320.98
3598.24
3588.55
3471.55
3571.96
3490.12
3515.49
3782.14
3493.94
3459.97
3493.47
3445.18
3499.87
3339.89
3482.08
3481.47
3615.72
3532.97
3168.07
3444.89
3569.16
3371.68
3802.51
3595.33
3417.8
3340.38
3574.58
3531.08
3633.6
3385.8
3553.78
3632.39
3747.95
3636.31
3416.94
3530.94
3412.77
3676.94
3506.31
3453.29
3356.14
3686
3753.16
3486.13
3732.79
3395.64
3813.11
3357.45
3484.53
3365.62
3604.51
3599.53
3618.3
3484.61
3618.96
3612.06
3343.09
3531.27
3669.86
3584.8
3248.04
3741.33
3845.03
3451.15
3420.62
3500.22
3419.53
3413.72
3432.89
3492.51
3798.09
3543.86
3618.33
3430.02
3786.79
3653.84
3457.57
3803.41
3485.47
3624.39
3561.77
3721.66
3767.34
3543.35
3651.53
3724.13
3560.96
3638.92
3439.56
3427.57
3459.67
3599.86
3341.63
3407.96
3646.85
3611.91
3326.93
3342.26
3427.13
3775.8
3518.91
3837.38
3658.24
3558.19
3543.99
3586.37
3561.38
3312.06
3616.55
3566.88
3503.59
3606.85
3496.36
3448.33
3665.97
3530.8
3514.17
3611.67
3469.43
3700.02
3676.34
3730.38
3434.31
3746.03
3652.97
3568.74
3556.25
3400.72
3578.65
3618.71
3635.1
3521.54
3570.02
3830.68
3472.01
3599.99
3675.58
3562.03
3680.89
3492.99
3545.03
3432.71
3446.51
3566.87
3666.53
3464.39
3637.78
3754.87
3607.13
3520.91
3632.05
3433.26
3433.76
3723.31
3543.74
3692.7
3635.72
3565.91
3777.34
3595.1
3699.51
3367.94
3438.12
3809.63
3819.56
3445.12
3529.85
3440.33
3452.6
3811.52
3569.72
3509.93
3550.73
3339.79
3541.05
3697.85
3634.03
3879.14
3480.75
3548.34
3501.63
3534.9
3585.24
3832.77
3498.94
3566.94
3763.51
3460.33
3598.32
3622.92
3415.63
3587.06
3671.18
3664.74
3597.46
3776.34
3488.41
3518.53
3496.46
3406.32
3611.68
3629.75
3668.12
3463.08
3633.05
3751.98
3540.74
3740
3586.49
3587.12
3529.81
3667.54
3478.83
3572.18
3646.94
3662.44
3555.55
3393.18
3538.43
3604.87
3458.44
3578.66
3421.27
3767.94
3437.22
3571.91
3661.98
3639.04
3512.52
3503.97
3554.47
3341.22
3711.11
3479.99
3619.58
3238.84
3475.21
3528.16
3452.54
3586.36
3642.9
3503.19
3743.88
3353.19
3699.12
3446.83
3604.06
3531.05
3423.94
3581.05
3412.91
3654.32
3464.71
3541.47
3475.16
3462.47
3405.91
3532.43
3626.5
3748.04
3437.63
3698.97
3413.48
3626.61
3366.31
3527.71
3463.46
3508.76
3561.95
3637.06
3598.38
3533.54
3588.05
3513.42
3633.34
3502.52
3612.79
3557.11
3604.71
3655.55
3419
3677.06
3833.05
3349.43
3483.88
3653.52
3343.95
3328.89
3460.1
3243.33
3488.41
3675.42
3557.69
3621.62
3441.31
3481.72
3611.4
3750.14
3647.56
3440.92
3744.34
3563.47
3369.43
3491.53
3535.04
3542.23
3674.65
3675.9
3599.11
3661.79
3513.12
3593.53
3497.53
3702.54
3667.91
3397.81
3467.12
3515.16
3699.47
3539.66
3527.94
3587.43
3559.65
3329.44
3523.02
3790.24
3682.14
3361.83
3483.12
3430.34
3669.78
3551.49
3694.37
3475.2
3500.14
3587.54
3606.8
3488.03
3562.41
3484.54
3649.96
3309.53
3490.84
3602.71
3581.37
3598.85
3824.98
3600.86
3640.81
3412.31
3658.5
3511.5
3520.51
3510.1
3772.2
3577.9
3729.44
3483.5
3439.59
3565.12
3413.82
3591.54
3603.19
3635.75
3498.74
3767.36
3605.42
3764.58
3353.97
3679.91
3570.23
3567.33
3440.78
3706.51
3521.27
3458.68
3393.7
3496.17
3422.77
3398.08
3625.32
3680.15
3759.77
3631.03
3405.53
3529.77
3647.02
3461.26
3555.53
3550.56
3771.35
3343.63
3688.1
3747.41
3815.85
3699.67
3642.76
3475.99
3837.2
3566.42
3739.83
3556.89
3642.89
3358.19
3512.19
3519.35
3408.58
3547.65
3643.75
3562.75
3488.59
3505.96
3735.98
3737.75
3438.87
3548.58
3449.16
3541.58
3450.24
3423.44
3684.43
3633
3655.38
3808.21
3592.52
3439.74
3721.31
3661.69
3653.93
3578.37
3588.79
3576.82
3483.29
3652.46
3560.56
3509.63
3509.38
3591.94
3452.09
3620.87
3731.94
3444.27
3697.92
3590.89
3393.16
3464.56
3750.81
3474.1
3582.89
3700.79
3529.55
3777.38
3340.91
3798.43
3471.51
3611.59
3544.37
3647.81
3585.51
3606.24
3515.01
3597.27
3459.61
3567.77
3654.86
3453.95
3540.67
3423.71
3509.63
3526.01
3612.67
3675.91
3705.66
3486.07
3561.99
3524.18
3444.17
3696.19
3514.18
3526.56
3632.49
3562.65
3762.18
3572.4
3485.23
3386.69
3484.9
3563.72
3548.56
3611.04
3485.08
3579.6
3302.02
3691.57
3633.59
3826.58
3448.5
3421.36
3817.54
3375.14
3696.77
3507.34
3610.04
3767.22
3798.99
3400.7
3615.18
3305.43
3725.66
3479.01
3605.38
3368.97
3531.45
3511.34
3684.44
3503.92
3696.23
3591.83
3695.3
3546.34
3568.81
3702.47
3526.58
4001.13
3516.24
3797.33
3373.63
3579.91
3617.59
3786.7
3642.37
3530.35
3776.33
3519.8
3585.94
3786.91
3743.01
3683.51
3557.33
3453.69
3590.57
3494.22
3454.2
3721.6
3208.06
3483.45
3561.95
3707.86
3438.8
3668.55
3719
3618.24
3634.61
3469.44
3375.64
3690.3
3616.62
3743.27
3527.05
3828.56
3445.02
3617.29
3814.04
3611.16
3601.83
3303.26
3537.23
3526.52
3373.2
3501.68
3656.74
3830.14
3702.92
3670.62
3410.08
3598.23
3476.72
3411.36
3517.81
3647.89
3581.32
3562.14
3762.51
3587.05
3415.72
3798.86
3275.98
3566.61
3530.85
3690.7
3385.41
3404.56
3589.01
3657.32
3584.38
3507.78
3565.19
3544.31
3501.18
3424.62
3544.46
3474.2
3484.39
3407.46
3751.62
3658.23
3518.31
3621.75
3444.04
3258.91
3191.03
3760.82
3780.85
3478.14
3494.06
3511.09
3649.82
3589.43
3656.82
3486.43
3424.2
3613.34
3703.24
3746.02
3520.76
3800.32
3403.85
3644.2
3436.03
3605.67
3548.72
3580.84
3467.81
3357.25
3567.41
3413.35
3580.33
3475.61
3594.91
3518.9
3509.1
3337.3
3615.58
3509.05
3397.03
3482.94
3545.91
3566.76
3409.8
3484.72
3392.51
3503.43
3423.65
3433.41
3650.83
3691.01
3727.25
3663.42
3517.22
3616.63
3560.98
3427.36
3592.32
3670.67
3670.69
3644.18
3623.71
3477.71
3584.05
3615.68
3422.88
3514.26
3376.4
3716.88
3558.39
3494.88
3592.38
3610.29
3452.25
3797.04
3453.04
3703.49
3519.3
3567.66
3541.73
3595.99
3517.11
3396.49
3759.43
3391.93
3525.06
3682.15
3534.92
3709.44
3570.87
3657.5
3409.58
3718.29
3754.49
3589.94
3643.61
3591.39
3794.96
3696.28
3645.1
3555.33
3786.69
3633.73
3478.46
3726.99
3574.85
3542.72
3529.08
3583.76
3329.2
3472.73
3629.1
3584.06
3700.27
3293.25
3720.3
3605.44
3479.7
3641.4
3332.49
3726.16
3782.52
3407.5
3700.98
3741.97
3355.39
3375.79
3654.78
3534.94
3477.55
3621.38
3568.48
3516.99
3421.62
3448.98
3408.05
3606.37
3352.88
3660.69
3707.15
3551.29
3506.56
3474.23
3430.43
3432.2
3576.23
3625.71
3604.13
3389.92
3743.27
3685.68
3550.86
3374.08
3566.33
3655.26
3284.3
3497.37
3407.05
3529.46
3503.18
3647.06
3517.15
3509.02
3576.25
3661.69
3772.34
3607.16
3477.99
3487.9
3636.16
3526.62
3509.46
3539.23
3480.39
3645.22
3469.31
3494.25
3535.66
3563.52
3605.28
3442.18
3444.01
3426.04
3547.02
3704.77
3581.16
3342.24
3571.24
3617.4
3471.61
3601.55
3595.27
3668.25
3655.99
3641.66
3533.99
3714.46
3437.33
3679.44
3349.31
3375.42
3563.39
3738.02
3478.58
3575.62
3703.71
3438.02
3510.13
3686.33
3387.2
3484.15
3782.68
3444.45
3697.11
3740.2
3530.05
3826.57
3759.9
3661.36
3445.01
3302.13
3542.94
3524.23
3710.95
3390.76
3466.38
3537.46
3473.4
3701.16
3334.44
3767.59
3601.02
3546.69
3353.29
3527.45
3687.36
3432.49
3747.62
3464.21
3492.86
3582.42
3535.4
3670.73
3581.32
3719.32
3342.13
3477.96
3426.75
3532.57
3467.23
3426.99
3470.05
3596.63
3476.54
3626.58
3507.01
3792.87
3640.2
3480.58
3417.6
3274.34
3395.34
3612.74
3644.51
3651.65
3436.92
3523.84
3456.37
3727.02
3344.66
3607.78
3604.88
3431.29
3642.32
3627.84
3963.36
3442.53
3407.26
3599.05
3454.07
3624.68
3632.83
3542.58
3674.65
3557.72
3250.64
3575.28
3605.82
3712.52
3561.1
3444.45
3738.32
3482.37
3721.18
3730.78
3588.61
3239.86
3301.74
3471.08
3366.1
3461.47
3567.72
3564.57
3618.39
3554.15
3500.07
3627.53
3453.69
3674.93
3716.47
3612.04
3637.07
3203.56
3689.05
3571.72
3604.23
3684.97
3613.6
3679.38
3467.9
3490.34
3418.45
3782.14
3502.95
3541.61
3671.79
3457.25
3476.28
3481.9
3709.91
3431.14
3616.45
3504.04
3570.39
3629.4
3760.74
3629.57
3519.37
3898.08
3530.32
3432.46
3445.64
3481.3
3795.77
3591.04
3393.24
3587.37
3452.55
3447.19
3511.2
3510.96
3466.18
3407.98
3781.68
3633.52
3461.69
3370.02
3506.14
3570.94
3658.37
3555.8
3606.22
3592.28
3422.64
3646.62
3345.31
3787.28
3610.02
3595.31
3768.55
3448.21
3457.66
3604.05
3406.99
3592.07
3702.61
3492.82
3491
3442.11
3668.44
3396.02
3508.05
3366.12
3591.75
3443.91
3688.33
3717.05
3422.57
3455.88
3783.02
3536.38
3673.88
3390.05
3430.85
3540.68
3530.42
3617.51
3616.09
3523.91
3425.75
3686.85
3364.51
3505.11
3670.64
3578.27
3399.21
3525.18
3683.17
3610.78
3446.41
3539.24
3550.93
3744.03
3482.88
3472.29
3694.64
3437.08
3661.45
3587.96
3434.69
3730.88
3512.75
3626.26
3659.63
3669.97
3497.15
3581.22
3565
3373.1
3562.54
3452.51
3899.58
3486.65
3547.55
3568.29
3341.78
3437.7
3628.38
3694.98
3791.42
3544.2
3604.25
3481.04
3322.54
3507.32
3491.36
3388.02
3478.04
3570.41
3606.24
3596.66
3430.57
3456.25
3523.6
3349.76
3456.61
3406.3
3432.89
3544.06
3653.05
3360.3
3463.57
3541.97
3571.3
3618.75
3577.84
3402.09
3550.3
3463.69
3663.35
3780.54
3316.27
3750.92
3768.1
3546.61
3488.41
3813.34
3613.28
3498.95
3470.01
3237.66
3570.29
3651.49
3612.47
3701.75
3591.24
3587.01
3539.7
3613.83
3600
3646.68
3794
3755.62
3627.15
3634.26
3686.91
3391.48
3606.85
3483.26
3583.68
3574.77
3605.91
3431.29
3743.85
3559.94
3583.54
3479.39
3326.78
3700.61
3675.92
3653.5
3524.52
3497.02
3619.36
3594.81
3809.49
3468.21
3380.45
3654.39
3743.54
3578.52
3642.49
3607.9
3663.53
3580.93
3594.33
3483.56
3665.71
3643.99
3652.02
3638.89
3355.47
3652.6
3447.7
3557.34
3527.56
3664.7
3607.34
3678.53
3466.32
3653.92
3803.29
3533.92
3347.11
3527.2
3519.15
3301.06
3655.06
3498.87
3481.77
3533.72
3450.66
3480.2
3320.64
3611.27
3539.41
3492.41
3627.24
3573.46
3729.22
3669.05
3451.95
3636.96
3703.2
4011.28
3537.65
3470.31
3622.8
3317.83
3519.69
3628.18
3663.83
3451.78
3653.06
3568.25
3659.37
3628.91
3578.66
3645.81
3588.78
3463.83
3433.54
3537.41
3393.55
3699.94
3498.91
3359.75
3618.69
3593.74
3644.14
3647.68
3707.8
3401.3
3790.22
3476.4
3679.07
3616.9
3656.16
3549.9
3808.2
3229.53
3516.85
3525.66
3721.99
3733.18
3327.95
3556.88
3497.36
3551.87
3615.34
3566.28
3475.81
3600.46
3651.42
3619.27
3639.45
3669.86
3591.92
3451.15
3984.18
3912.82
3619.59
3707.86
3585.88
3351.17
3736.1
3698.06
3545.74
3702.52
3799.21
3494.46
3647.55
3545.4
3565.61
3369.82
3522.41
3597.66
3381.99
3643.36
3624.98
3834.07
3531.35
3423.35
3457.55
3994.26
3508.68
3756.95
3776.72
3391.73
3480.98
3478.09
3505.18
3431.19
3803.43
3680.07
3503.49
3700.67
3509.49
3752.98
3460.71
3604.27
3450.72
3541.16
3674.01
3435.64
3655.46
3558.36
3570.33
3625.2
3469.81
3730.94
3660.98
3556.79
3726.15
3709.76
3458.94
3604.77
3329.32
3572.83
3629.98
3720.9
3500.24
3561.88
3461.19
3530.97
3560.26
3577.49
3519.86
3715.15
3573.31
3676.21
3415.86
3433.59
3688.58
3415.95
3499.81
3261.87
3644.72
3542.22
3732.78
3374.93
3588.26
3628.8
3487.44
3621.56
3843.9
3422.7
3557.11
3536.55
3774.14
3477.01
3506.37
3591.11
3558.62
3463.35
3490.73
3278.44
3698.74
3722.95
3724.33
3549
3458.26
3703.3
3743.31
3748.55
3620.87
3662.32
3476.3
3474.32
3663.3
3603.35
3525.41
3686.53
3717.8
3525.28
3672.37
3617.61
3543.77
3599.8
3445.34
3533.29
3582.31
3638.15
3557.92
3606.04
3589.66
3519.42
3425.09
3551.92
3586.38
3446.94
3502.45
3668.07
3580.67
3645.02
3526.05
3671.13
3521.72
3444.78
3568.09
3533.19
3553.11
3494.45
3672.13
3437.96
3393.92
3442.83
3590.03
3517.03
3359.45
3484.64
3623.72
3497.25
3478.29
3625.38
3473.2
3500.59
3683.6
3459.56
3760.73
3507.95
3844.03
3536.05
3320.48
3564.58
3378.94
3393.7
3499.01
3517.55
3422.39
3475.79
3429.79
3415.33
3486.37
3527.41
3483.24
3436.38
3785.73
3357.07
3601.18
3437.94
3595.02
3390.58
3506.44
3607.88
3347.94
3486.75
3459.74
3550.19
3593.43
3433.28
3557.11
3588.47
3686.79
3569.77
3418.28
3659.97
3498.3
3687.1
3439.24
3302.55
3490.07
3557.87
3611.63
3370.95
3600.03
3513.95
3928.74
3634.83
3754.01
3507.98
3483.29
3488.75
3602.23
3858.36
3514.16
3545.92
3568.47
3782.61
3615.34
3591.87
3475.22
3482.77
3753.48
3631.17
3469.31
3420.18
3583.98
3541.96
3428.51
3563.14
3416.9
3670.64
3758.45
3556.34
3690.61
3422.38
3406.44
3675.44
3463.19
3394.17
3438.94
3682.47
3260.82
3498.59
3482.29
3390.12
3573.36
3547.5
3604.77
3454.56
3608.71
3782.81
3653.14
3537.3
3608.55
3518.18
3497.29
3437.66
3675.69
3446.22
3728.96
3536.68
3490.9
3619.21
3579.79
3646.82
3718.6
3401.87
3488.18
3708.27
3885.4
3682.39
3582.1
3489.32
3712.98
3377.16
3522.91
3513.07
3833.22
3424.71
3369.57
3535.92
3675.52
3686.04
3472.54
3512.6
3289.48
3799.93
3369.7
3665.82
3759.74
3704.24
3636.3
3387.36
3715.93
3750.53
3401.47
3632.31
3381.57
3536.13
3584.82
3766.98
3449.09
3374.68
3569.36
3608.69
3659.35
3661.36
3587.86
3689.28
3170.47
3294.74
3338.51
3458.27
3526.84
3470.45
3506.61
3534.42
3559.1
3460.08
3703.53
3714.25
3756.83
3631.36
3517.5
3367.89
3581.83
3559.33
3484.27
3490.03
3628.45
3659.4
3679.85
3760.04
3652.46
3650.15
3478.6
3630.79
3548.9
3435.54
3814.52
3726.28
3514.02
3469.11
3779.4
3272.02
3524.41
3579.97
3701.48
3556.03
3369.82
3666.82
3585.13
3365.36
3401.75
3483.87
3359.33
3516.44
3692.64
3636.07
3635.56
3522.89
3434.74
3941.84
3645.05
3526.16
3511.89
3717.33
3622.06
3515.11
3498.58
3413.67
3595.18
3635.88
3414.38
3472.36
3399.21
3680
3409.64
3534.88
3538.49
3493.85
3451.65
3518.85
3577.49
3696.41
3523.49
3510.62
3535.41
3480.27
3475.92
3489.74
3527.06
3561.02
3605.08
3402.39
3534.43
3589.79
3699.89
3638.81
3485.37
3608.88
3522.06
3577.2
3657.41
3600.04
3403.33
3554.55
3815.21
3423.89
3641.22
3707.63
3786.1
3733.84
3718.45
3476.99
3684.34
3449.43
3493.57
3368.89
3380.75
3609.98
3601.16
3439.95
3550.31
3440.19
3371.38
3327.03
3526.52
3591.2
3510.96
3350.38
3492.58
3437.44
3771.61
3459.59
3490.87
3560.49
3359.9
3679.96
3604.98
3521.67
3485.32
3415.95
3559.06
3773.54
3863.38
3714.95
3574.99
3463.08
3408.5
3600.01
3497.51
3652.71
3437.54
3752.41
3699.43
3694.37
3547.62
3592.19
3389.62
3741.47
3448.82
3508.45
3529.27
3498.82
3759.88
3731.43
3863.41
3622.99
3597.13
3577.44
3627.25
3465.7
3539.6
3393.91
3606.56
3301.83
3598.87
3452.88
3651.85
3537.35
3507.6
3572.17
3588.42
3531.75
3679.9
3703.75
3627.92
3623.83
3535.5
3726
3829.35
3461.09
3487.86
3547.47
3474.82
3471.07
3536.51
3430.51
3386.86
3432.68
3556.23
3459.95
3523.51
3513.17
3609.46
3561.08
3508.03
3686.82
3691.58
3429
3489.73
3759.09
3407.93
3667.74
3444.29
3417.25
3616.94
3463.18
3555.74
3476.64
3546.27
3657.33
3539.94
3622.67
3760.46
3560.82
3710.35
3443.93
3779.82
3494.9
3440.65
3483.58
3659.21
3592.77
3359.53
3546.77
3527.97
3644.41
3720.08
3659.82
3723.33
3519.38
3692.65
3594.08
3404.85
3387.98
3572.35
3519.14
3478.1
3620.8
3556.05
3547.22
3869.58
3443.64
3696.73
3274.55
3555.84
3553.71
3724.84
3637.09
3657.49
3334.64
3423.1
3741.98
3457.54
3439.72
3682.75
3563.73
3714.18
3453.17
3502.52
3675.53
3511.27
3481.39
3660.53
3613.39
3786.9
3633.98
3495.22
3654.1
3512.95
3578.77
3743.51
3414.58
3529.77
3578.9
3692.89
3566.24
3579.93
3457.3
3527.5
3630.09
3417.58
3801.64
3629.14
3652.14
3734.54
3495.86
3468.34
3584.08
3562.1
3609.98
3546.93
3612.68
3560.84
3367.16
3605.63
3371.04
3588.66
3490.82
3631
3516.46
3509.31
3326.88
3591.17
3413.13
3459.32
3394.68
3460.21
3570.01
3651.83
3556.56
3782.18
3611.98
3477.75
3740.76
3418.94
3428.31
3351.38
3738.54
3579.89
3296.66
3582.75
3570.12
3523.82
3632.33
3690.98
3531.48
3496.28
3542.45
3632.55
3569.21
3519.03
3433.67
3495.4
3521.52
3587
3500.58
3648.68
3387.3
3573.49
3792.75
3570.81
3493.07
3578.07
3667.06
3361.46
3726.19
3743.58
3603.21
3471.87
3508.82
3679.17
3560.9
3433.66
3643.74
3529.2
3435.93
3642.15
3445.18
3360.19
3719.98
3560
3724.58
3382.08
3656.89
3515.68
3509.97
3453.79
3826.58
3590.59
3648.41
3760.3
3739.16
3595.87
3455.37
3533.98
3554.05
3624.48
3518.35
3518.82
3365.91
3786.54
3565.79
3431.2
3614.13
3572.87
3673.92
3620.02
3690.35
3692.02
3483.5
3496.39
3667.81
3518.45
3445.37
3569.36
3553.85
3812.4
3597.38
3548.26
3576.44
3486.6
3526.63
3620.5
3713.02
3296.04
3532.61
3426.92
3668.99
3517.27
3654.68
3718.78
3690.07
3417.9
3598.97
3532.78
3445.68
3572.08
3443.88
3411.64
3434.86
3660.8
3733.66
3459.94
3566.12
3560.03
3466.93
3634.12
3656.38
3465.66
3500.52
3632.81
3566.65
3434.74
3690.57
3572.87
3441.73
3861.76
3594.93
3657.79
3385.88
3381.34
3263.19
3439.96
3638.99
3561.23
3590.2
3648.29
3430.45
3514.93
3625.65
3672.12
3503.79
3659.26
3743.34
3461.85
3819.62
3587.95
3798.82
3761.91
3788.32
3580.83
3516.36
3630.2
3464.66
3593.54
3664.89
3742.1
3763.94
3338.72
3548.88
3657.33
3570.71
3516.35
3498.69
3203.81
3589.17
3769.29
3499.82
3506.23
3645.12
3706.39
3473.04
3606.19
3564.04
3792.85
3612.68
3559.22
3577.16
3715.09
3532.02
3587.57
3527.48
3418.7
3519.4
3673.13
3384.64
3887.07
3471.77
3455.86
3617.73
3560.42
3734.14
3467.56
3678.2
3566.08
3503.01
3631.97
3477.61
3556.72
3435.79
3707.88
3677.07
3510.22
3578.23
3541.95
3526.2
3642.35
3553.9
3705.29
3499.81
3580.42
3695.63
3557.09
3531.19
3626.91
3492.01
3679.31
3542.81
3694.57
3493.36
3412.82
3427.78
3462.51
3717.14
3485.05
3467.5
3604.3
3578.58
3569.76
3559.72
3532.52
3649.99
3540.39
3561.05
3567.14
3414.47
3401.52
3520.26
3616.26
3545.84
3487.26
3612.15
3509.9
3502.28
3678.7
3853.62
3494.29
3564.59
3534.6
3428.98
3733.65
3590.42
3628.99
3575.59
3616.05
3596.98
3572.31
3577.2
3588.13
3562.3
3723.74
3579.74
3703.12
3779.47
3411.46
3537.38
3493.09
3544.17
3398.97
3795.42
3554.31
3552
3425.68
3571.66
3770.64
3570.16
3753.99
3408.54
3718.92
3619.8
3610.34
3426.09
3464.63
3394.48
3542.71
3332.78
3516.32
3492.61
3517.75
3814.9
3513.26
3729.15
3640.16
3647.68
3641.24
3859.65
3456.88
3513.52
3509.56
3598.73
3565.17
3636.08
3632
3723.32
3617.22
3264.24
3616.34
3772.4
3351.84
3513.44
3673.74
3541.2
3575.72
3532.77
3468.19
3669.32
3767.95
3910.55
3551
3551.78
3603.71
3332.91
3709.9
3559.86
3621.28
3663.7
3570.07
3337.17
3632.9
3428.07
3600.69
3532.52
3649.06
3745.74
3773.49
3525.03
3528.43
3505.32
3578.27
3437.45
3355.22
3289.84
3516.3
3552.4
3589.93
3780.46
3797.73
3539.7
3549.01
3509.37
3619.5
3472.52
3566.94
3568.39
3539.39
3580.93
3500.15
3681.22
3325.94
3728.78
3579.32
3457.55
3708.55
3469.86
3617.48
3347.48
3517.32
3525.43
3696.53
3530.01
3676.87
3645.88
3692.38
3391.09
3667.3
3589.32
3646.69
3695.48
3376.78
3584.07
3493.48
3562.62
3498.89
3583.9
3575.54
3523.89
3477.08
3807.57
3406.34
3471.25
3636.44
3543.47
3472.06
3688.48
3604.06
3537.84
3637.55
3435
3652.97
3664.17
3566.45
3720.16
3637.44
3551.29
3581.21
3525.79
3459.38
3593.24
3711.02
3396.77
3832.93
3712.63
3509.76
3593.04
3607.73
3577.94
3621.27
3414.46
3511.53
3272.83
3608.41
3755.73
3640.27
3603.72
3412.76
3486.97
3417.28
3371.65
3315.04
3577.16
3729.07
3649.82
3383.58
3517.02
3610.16
3676.5
3718.67
3668.19
3363.19
3571.92
3608.8
3471.75
3544.15
3599.83
3366.91
3439.59
3498.18
3339.75
3749.09
3511.15
3633.77
3557.36
3828.78
3674.01
3680.56
3544.31
3471.69
3512.2
3695.17
3656.12
3598.38
3318.13
3452.56
3510.16
3480.57
3439.23
3644.04
3610.33
3545.22
3634.62
3427.02
3601.15
3773.66
3642.71
3792.3
3646.72
3387.98
3685.02
3464.24
3629.8
3751.16
3554
3607.98
3762.2
3415.63
3380.71
3531.5
3724.62
3436.29
3671.56
3500.8
3681.27
3490.7
3507.68
3490.46
3579.96
3513.36
3463.95
3638.11
3597.92
3518.99
3621.39
3495.05
3503.55
3609.3
3753.55
3553.64
3755.68
3552.72
3708.94
3725.35
3542.55
3485.06
3494.24
3566.54
3413.18
3479.18
3669.06
3557.3
3589.81
3620.21
3596.78
3573.78
3667.94
3440.21
3688.14
3465.43
3670.21
3407.22
3138.58
3771.45
3655.48
3601.35
3409.14
3711.89
3718.59
3249.35
3759.13
3553.39
3451.39
3401.54
3429.14
3568.66
3762.88
3432.88
3558.51
3603.84
3737.1
3588.99
3730.27
3518.83
3649.67
3510.55
3487.07
3707.98
3480.54
3415.04
3709.24
3578.96
3486.82
3324.73
3447.35
3470.87
3911.88
3727.14
3369.95
3818.89
3827.43
3591.41
3425.98
3621.84
3582.28
3558.59
3638.02
3593.42
3707.48
3462.12
3385.06
3484.77
3594.52
3663.77
3585.41
3631.64
3416.53
3654.27
3663.72
3453.11
3350.67
3590.56
3649.56
3298.91
3863.21
3863.06
3743.57
3518.36
3581.6
3535.94
3573.06
3547.67
3584.25
3470.85
3692.92
3519.55
3399.19
3564.82
3633.9
3509.66
3442.19
3677.86
3636.13
3553.59
3605.97
3662.06
3532.88
3666.55
3305.4
3372.4
3477.46
3436.11
3525.84
3335.15
3478.4
3611.38
3421.98
3776.84
3531.89
3580.41
3773.06
3553.34
3535.18
3600.99
3631.77
3656.53
3699.94
3670.29
3472.04
3574.41
3405.62
3340.32
3714.88
3706.87
3386.14
3633.17
3705.57
3547.51
3583.23
3262.66
3374.33
3336.82
3505.55
3624.16
3507.35
3547
3617.57
3470.8
3363.79
3808.36
3447.39
3488.22
3430.61
3399.31
3670.44
3759.01
3559.35
3405.46
3508.54
3782.54
3508.73
3619.53
3387.11
3609.62
3425.57
3473.68
3609.18
3481.95
3380.99
3547.12
3546.96
3539.52
3716.8
3415.05
3516.66
3744.16
3693.57
3699.94
3622.08
3335.38
3473.42
3567.92
3731.59
3636.74
3498.45
3302.11
3609.65
3343.44
3645.32
3676.73
3445.74
3613.65
3406.94
3439.84
3623.92
3344.84
3573.52
3545.4
3696.81
3763.21
3493.97
3521.94
3676.98
3654.72
3565.56
3630.62
3542.7
3593.63
3514.73
3470.22
3473.68
3438.7
3513.36
3653.14
3466.2
3450.96
3557.82
3430.15
3391.63
3526.95
3528.27
3610.47
3425.07
3598.02
3599.01
3437.38
3646.77
3497.82
3612.02
3600.31
3656.49
3495.24
3657.48
3562.79
3544.48
3709.6
3543.97
3569.19
3686.11
3541.95
3743.04
3609.21
3720.35
3593.72
3458.96
3612.38
3657.09
3689.16
3567.96
3444.54
3603.32
3666.73
3579.53
3566.66
3569.87
3570.07
3552.88
3591.06
3564.78
3492.41
3647.52
3714.32
3526.71
3582.39
3727.7
3582.39
3372.33
3421.13
3450.37
3464.96
3388.7
3482.17
3742.36
3628.7
3873.22
3494.5
3478.75
3657.03
3562.71
3632.92
3770.47
3422.5
3516.96
3524.5
3333.28
3436.34
3503.45
3752.96
3431.43
3354.31
3584.54
3548.83
3484.43
3527
3619.04
3386.79
3459.83
3608.32
3525.55
3474.99
3613.46
3457.42
3480.25
3622.74
3356.08
3686.33
3585.39
3385.52
3352.88
3542.74
3699.38
3794.27
3548.3
3482.11
3892.09
3488.72
3564.3
3597.63
3542.71
3415.07
3616.01
3434.56
3489.63
3487.25
3712.92
3566.57
3558.23
3675.4
3638.55
3512.94
3394.12
3572.97
3549.1
3548.39
3505.74
3524.35
3593.16
3610.64
3357.31
3540.84
3487.92
3807.16
3515.93
3423.31
3726.83
3712.22
3629.07
3201.84
3638.13
3498.45
3653.63
3794.86
3682.23
3448.82
3485.53
3600
3483.45
3594.56
3695.54
3591.49
3605.07
3636.32
3392.01
3441.3
3385.39
3620.93
3728.18
3384.93
3733.34
3373.74
3284.52
3399.73
3638.88
3522.25
3713.64
3733.99
3533.86
3487.76
3470.49
3291.07
3561.92
3502.11
3663.59
3596.34
3385.67
3522.99
3723.35
3535.82
3585.7
3404.22
3722.19
3505.74
3448.58
3647
3490.3
3661.53
3459.05
3608.31
3660.1
3594.74
3775.2
3523.21
3524.5
3662.59
3383.6
3460.73
3325.11
3422.63
3485.17
3684.58
3838.4
3400.43
3533.77
3470.52
3509.67
3638.72
3594.85
3440.05
3670.66
3578.67
3490.18
3683.4
3757.76
3606.32
3502.58
3598.22
3427.69
3619.89
3503.57
3687.19
3563.89
3383.53
3405.17
3523.97
3734.92
3694.45
3711.31
3638.99
3631.96
3513
3509.3
3609.92
3552.56
3507.98
3723.19
3603.36
3576.81
3498.39
3415.06
3718.01
3603.76
3629.3
3445.85
3646.22
3587.91
3567.82
3645.49
3435.02
3824.26
3549.27
3401.01
3616.02
3512.54
3508
3411.7
3407.95
3292.2
3681.9
3526.72
3612.84
3670.8
3434.14
3589.95
3610.11
3454.3
3529.1
3596.13
3610.68
3309.59
3707.33
3750.14
3479.56
3418.05
3376.95
3536.7
3537.88
3367.36
3599.94
3628.37
3517.78
3703.75
3678.02
3626.22
3413.2
3707.08
3416.77
3642.75
3741.97
3278.49
3668.91
3618.73
3626.16
3583.32
3409.98
3701.06
3495.38
3902.88
3582.73
3660.99
3588.69
3553.32
3376.36
3684.71
3535.46
3635.01
3527.16
3422.71
3512.79
3172.8
3438.43
3626.03
3665.89
3224.25
3561.1
3529.99
3537.92
3557.53
3570.16
3423.83
3495.09
3552.96
3550.42
3719.22
3394.22
3457.84
3350.37
3527.77
3645.53
3444.1
3640.77
3677.56
3661.88
3501.1
3668.62
3426.02
3565.26
3431.18
3717.01
3468.37
3534.2
3409.69
3482.62
3384.24
3387.06
3606.13
3535.42
3722.55
3582.43
3559.83
3744.55
3491.9
3872.94
3557.94
3634.51
3405
3639.97
3453.88
3546.02
3506.03
3265.26
3569.91
3527.06
3426.1
3577.25
3589.64
3274.53
3603.37
3581.73
3431.84
3646.14
3688.71
3563.2
3788.05
3723.95
3645.92
3678.99
3498.25
3630.26
3732.45
3568.16
3350.07
3418.65
3689.6
3520.17
3674.7
3645.13
3682.78
3498.37
3486.33
3478.42
3576.47
3391.42
3597.26
3402.63
3491.92
3350.65
3382.25
3485.29
3456.28
3626.15
3568.02
3657.57
3659.31
3671.33
3464.07
3635.34
3648.9
3782.09
3410.56
3640.33
3576.37
3492.9
3407.14
3784.76
3542.79
3356.29
3430.24
3445.11
3561.4
3597.42
3537.3
3514.44
3723.91
3503.05
3720.5
3668.12
3693.47
3366.19
3514.53
3388.46
3536.94
3527.12
3503.61
3572.33
3687.1
3868.2
3579.1
3804.98
3610.06
3564.44
3498.62
3506.86
3393.16
3445.15
3821.67
3506.72
3551.66
3853.33
3581.67
3707.95
3595.33
3421.48
3438.04
3545.18
3449.44
3360.15
3629.42
3511.72
3604.55
3673.89
3516.01
3743.73
3458.17
3682.57
3581.31
3666.64
3687.79
3481.13
3682.09
3648.13
3444.36
3735.69
3369.18
3556.12
3489.06
3697.07
3278.59
3506.04
3590.47
3528.72
3670.05
3765.04
3465.91
3667.23
3690.78
3586.42
3404.96
3655.53
3355.32
3533.43
3564.2
3602.99
3453.42
3499.75
3598.56
3642.76
3303.62
3659.36
3551.23
3721.72
3645.25
3741.18
3583.67
3465.64
3445.41
3446.06
3568.29
3485.41
3405.47
3537.39
3559.35
3589.89
3658.57
3684.74
3288.02
3506.72
3515.85
3531.67
