744.949
732.628
713.925
751.909
709.846
799.608
724.021
789.092
798.1
884.656
735.637
794.336
659.274
724.465
725.684
738.246
676.738
822.598
793.912
831.455
712.655
767.271
679.481
688.666
713.884
753.935
735.075
704.288
780.04
701.53
729.543
682.538
802.492
842.535
729.545
652.853
722.733
815.992
635.488
809.936
902.815
740.032
750.977
782.644
753.14
731.69
671.624
683.618
804.858
719.558
739.521
764.528
724.999
802.202
820.658
675.304
718.019
788.164
705.46
765.797
725.888
626.071
888.847
797.567
730.275
813.017
734.326
693.076
790.867
689.787
709.949
740.537
760.918
732.889
766.743
654.95
711.901
680.347
794.882
724.034
722.321
794.107
763.328
691.829
724.061
715.645
759.079
708.119
761.746
786.5
781.171
758.852
738.583
784.274
775.533
798.147
735.238
850.482
801.79
796.885
737.293
760.803
853.731
749.307
695.232
756.697
689.43
801.524
743.127
758.26
730.741
681.29
884.877
850.732
780.25
795.266
772.202
629.38
699.596
709.324
775.604
646.551
831.933
745.171
749.917
816.955
837.8
734.271
765.119
741.054
779.17
735.222
750.531
838.027
821.777
675.575
785.651
737.529
745.14
702.377
696.61
781.176
764.531
679.038
793.243
789.557
737.988
688.083
783.728
624.297
851.187
667.32
803.278
683.978
774.138
805.275
719.099
717.001
722.645
668.551
734.677
744.973
646.758
746.124
788.317
754.802
733.521
803.875
705.172
693.125
783.402
718.191
769.226
731.057
706.272
704.587
682.889
723.095
716.171
760.354
814.349
828.261
781.716
807.718
757.752
730.666
823.867
825.344
820.626
723.389
811.822
635.601
801.565
777.473
829.817
787.621
666.192
723.021
661.876
834.488
733.096
693.163
779.725
738.954
755.023
786.68
781.143
758.131
806.538
622.938
808.451
777.021
745.881
730.838
746.131
782.998
639.797
785.222
834.418
756.246
717.349
688.529
682.777
782.42
809.013
583.503
756.059
664.483
802.489
721.166
707.078
856.479
869.242
801.021
898.493
672.853
708.6
807.983
709.661
679.891
714.219
787.131
697.028
818.489
724.687
759.662
761.721
809.295
703.038
721.776
709.547
699.983
650.208
778.511
848.576
717.713
772.525
677.041
761.733
798.209
712.106
669.009
798.211
731.481
739.523
751.006
685.429
792.618
732.973
760.127
731.828
750.356
636.198
856.745
783.818
811.555
764.199
771.64
864.282
755.872
811.097
694.637
774.618
719.648
717.322
705.268
774.742
689.95
781.167
820.181
756.858
747.348
751.089
786.913
692.775
760.636
645.731
876.883
752.473
846.627
692.927
763.446
712.085
707.395
815.496
706.065
721.747
801.284
799.517
809.396
701.83
780.37
763.464
653.004
696.8
802.769
748.562
717.691
727.647
752.061
689.729
774.99
654.091
809.723
801.547
788.115
764.093
658.8
772.774
757.944
730.094
843.084
837.005
785.741
806.787
766.936
763.723
715.009
709.068
679.207
739.899
779.488
799.692
773.71
709.958
864.966
667.645
718.589
897.163
795.204
780.668
752.508
806.543
795.342
720.91
627.654
734.42
748.31
739.81
771.3
779.434
766.072
607.201
694.132
773.369
698.751
809.696
680.303
763.363
788.26
781.357
749.518
738.615
870.276
785.64
716.68
769.755
846.49
762.369
867.159
746.84
692.106
665.894
793.029
775.542
743.125
769.345
768.951
729.626
785.156
679.207
809.149
654.735
692.334
705.852
687.634
714.851
645.043
782.294
739.679
671.7
763.209
737.273
801.024
819.37
649.902
854.044
769.971
781.114
785.5
704.966
882.981
655.367
760.441
693.319
841.786
770.101
741.323
698.566
792.301
804.384
712.685
769.188
886.423
730.896
752.325
814.828
681.464
770.778
770.551
772.225
817.224
788.614
701.75
753.093
750.363
756.699
823.694
773.517
687.769
751.233
702.166
674.801
749.621
791.283
776.07
682.041
741.252
745.514
701.793
707.96
699.678
620.254
650.12
780.032
691.905
773.574
713.399
772.37
780.718
786.528
836.217
705.477
668.75
745.81
797.39
730.77
723.41
687.352
788.495
724.084
737.418
710.676
714.974
810.255
831.048
721.185
760.411
764.245
769.282
657.691
734.945
737.819
799.703
754.546
801.46
834.319
714.631
717.415
751.684
729.796
791.779
756.826
783.486
773.537
779.418
638.098
786.645
757.127
776.271
660.67
759.265
804.077
622.007
792.653
744.092
790.738
772.904
888.487
788.897
701.603
761.917
720.31
744.965
725.689
748.101
728.711
627.765
802.398
835.492
796.188
776.158
770.939
790.319
642.859
719.339
763.511
766.132
757.408
724.698
730.373
795.382
696.78
764.337
676.03
556.821
823.748
806.285
770.7
717.688
709.442
695.642
624.815
627.175
796.085
840.345
727.497
770.84
819.139
725.491
721.62
805.012
845.211
752.29
699.083
656.053
680.376
812.916
750.78
843.372
780.292
693.835
664.766
765.212
783.361
744.313
779.16
768.134
803.942
832.275
753.56
631.903
683.208
755.612
807.571
720.268
751.5
773.366
752.241
752.538
658.195
719.941
729.487
756.227
729.025
677.866
734.706
788.92
694.344
723.928
756.046
712.421
749.744
647.685
769.548
768.792
680.828
906.702
782.272
792.334
774.753
781.624
888.612
743.615
794.437
709.23
710.686
747.369
735.539
752.987
810.25
746.933
788.107
771.848
772.553
784.026
730.518
679.032
782.049
836.052
732.816
814.552
805.521
795.903
796.554
735.565
842.402
730.201
684.648
719.373
823.37
696.39
799.113
674.682
805.447
725.659
736.583
740.093
767.053
706.872
813.027
868.255
659.072
587.108
745.499
710.345
699.525
721.517
701.487
751.396
736.911
771.598
758.892
818.419
764.038
798.135
666.866
735.382
780.035
828.937
797.018
723.38
673.775
790.2
774.936
753.567
657.723
688.865
780.262
780.621
707.708
744.159
845.288
704.748
844.314
713.705
767.744
773.578
805.482
826.965
702.442
646.133
771.811
796.955
701.912
790.808
811.033
706.946
803.704
715.409
790.793
769.745
801.202
741.041
734.207
716.215
746.678
696.436
708.433
656.214
725.61
653.924
715.916
842.786
759.618
667.619
745.936
814.055
731.162
735.828
741.417
717.351
672.834
733.827
720.328
706.278
761.558
737.097
761.091
682.985
733.578
704.962
716.402
753.529
784.873
704.885
760.722
777.952
778.031
783.65
800.512
807.077
669.601
682.417
694.992
721.97
763.245
883.346
767.927
682.878
864.846
728.024
677.917
770.765
752.803
767.048
774.722
710.382
665.904
826.628
708.252
758.97
645.541
781.152
758.821
725.725
717.346
599.172
720.907
822.116
707.398
703.474
675.133
822.725
694.027
646.634
759.691
761.732
820.835
737.389
788.038
834.558
775.172
820.413
700.677
823.717
852.475
748.109
778.016
648.624
757.428
785.388
741.066
711.329
790.52
717.257
650.957
690.172
737.042
782.167
816.365
724.093
658.327
733.114
723.34
741.99
727.18
684.714
735.385
670.428
763.253
748.043
796.706
705.87
719.436
649.498
754.856
696.027
675.46
708.988
646.213
721.279
767.973
788.117
773.604
693.299
689.604
698.662
719.747
733.865
825.312
727.232
788.911
713.667
812.856
754.643
777.59
669.976
792.059
725.426
762.273
695.759
718.059
706.647
774.993
717.839
702.809
710.968
817.887
759.379
800.192
775.818
794
776.532
689.214
747.834
798.978
759.3
805.374
842.161
694.981
751.954
753.69
802.194
727.391
773.623
766.528
774.289
736.484
853.914
856.237
776.606
769.39
753.665
793.061
685.432
781.288
691.135
754.44
800.725
780.788
806.428
793.172
785.703
713.174
799.162
777.803
754.419
694.736
739.016
741.546
739.373
647.555
728.655
737.704
669.588
740.711
806.066
769.029
720.852
817.355
731.015
733.021
690.324
731.464
695.925
715.564
684.477
801.526
745.564
808.605
658.625
803.665
637.067
692.218
795.024
773.003
778.211
783.566
692.118
703.079
663.515
705.222
820.472
717.285
649.434
776.884
710.467
745.422
781.924
837.276
767.135
717.492
740.167
666.86
738.581
697.619
727.537
711.436
834.871
860.356
769.371
774.715
706.996
735.631
749.332
807.728
767.488
796.984
698.69
837.362
781.922
761.782
775.593
750.641
725.845
719.089
732.312
831.84
863.979
798.714
767.346
724.458
724.909
831.119
679.879
697.597
709.802
790.834
869.213
720.958
707.206
796.075
659.403
763.809
719.755
750.311
765.429
801.847
742.679
729.506
717.944
674.547
696.585
809.867
701.764
727.436
741.118
776.144
730.895
655.946
712.565
783.76
741.291
715.19
706.978
636.621
731.371
642.764
716.243
691.323
873.433
678.741
700.309
754.448
844.341
777.052
773.476
868.126
725.04
747.017
727.209
679.851
767.725
756.654
692.747
773.655
668.318
760.454
735.322
774.692
721.795
742.297
747.45
723.831
727.18
752.7
681.952
700.583
801.424
752.281
738.724
742.535
702.952
762.285
762.424
723.555
684.673
676.39
799.696
692.199
686.87
768.674
747.445
773.779
758.908
767.693
705.811
759.202
757.355
803.263
681.565
730.989
683.692
752.368
841.94
631.508
679.053
713.467
764.077
663.649
681.815
772.096
720.288
771.038
807.008
697.485
778.579
772.377
750.305
833.736
711.625
660.454
794.396
791.615
637.597
661.911
722.761
852.74
817.273
719.807
680.867
879.092
796.424
746.047
676.32
770.688
680.655
880.986
743.439
701.879
709.724
678.091
719.285
685.182
783.59
756.581
720.356
876.246
720.763
859.302
843.422
717.335
842.133
776.48
710.825
696.863
708.469
612.713
770.007
758.829
709.412
623.082
821.182
726.345
844.923
802.158
640.724
704.644
825.926
762.039
679.084
811.292
764.021
739.607
728.764
745.934
754.79
702.955
666.564
726.896
642.3
687.688
728.758
732.331
687.667
737.513
710.486
784.618
717.989
829.742
735.061
791.268
687.103
696.592
708.077
815.648
724.043
810.714
874.843
785.498
753.491
747.575
746.357
768.985
730.646
710.698
747.635
729.158
772.494
734.287
806.524
803.893
749.948
749.876
776.122
770.074
741.402
754.348
725.418
747.596
663.955
800.657
749.225
623.582
730.288
633.653
662.099
741.254
777.141
739.537
784.605
663.102
807.701
705.784
681.788
681.109
682.585
783.752
724.214
680.962
709.597
709.721
692.679
819.938
759.531
669.265
742.392
792.989
687.444
780.226
648.089
762.341
760.186
689.296
688.23
729.789
802.624
792.154
743.459
768.887
701.729
700.651
789.115
696.235
665.561
747.757
834.133
730.164
731.478
744.475
742.962
799.194
735.083
686.052
757.717
700.018
800.145
732.352
698.56
822.822
718.417
633.108
651.388
829.214
733.477
693.662
693.771
815.148
671.338
773.69
739.889
717.592
797.68
769.889
724.583
787.959
655.783
776.284
735.333
717.551
724.226
786.347
779.087
708.88
742.236
791.409
774.843
796.127
677.832
734.855
780.171
718.916
741.67
755.9
664.791
725.444
735.523
755.344
778.999
747.038
702.778
795.603
684.974
795.947
692.193
879.562
811.716
743.764
758.598
735.854
762.098
790.371
744.895
727.834
748.852
765.905
668.268
724.027
832.609
624.173
763.689
667.893
732.183
783.688
842.007
799.954
846.011
773.092
732.901
714.159
835.238
645.536
767.792
827.106
761.522
691.407
729.023
762.927
709.017
757.202
772.194
757.871
766.448
794.278
690.551
709.787
679.948
869.423
637.67
741.636
679.294
698.586
855.468
802.338
785.814
722.321
759.135
748.056
761.344
594.882
721.626
740.168
743.525
722.831
719.75
689.411
741.971
753.875
733.027
744.133
825.986
684.383
916.342
668.105
725.915
777.676
797.225
744.827
713.114
678.255
739.338
752.726
791.692
775.58
775.979
729.905
755.956
710.278
751.109
753.096
780.342
641.629
714.086
698.831
752.815
757.354
744.667
777.132
773.213
711.729
680.508
812.9
795.817
786.17
853.167
772.486
755.768
703.445
734.991
774.254
730.198
729.804
771.845
591.037
692.074
698.674
791.633
708.021
796.251
710.902
698.923
865.27
692.787
794.888
759.575
775.527
648.271
744.875
861.26
761.659
726.378
683.046
774.384
791.933
687.431
725.817
819.269
772.281
832.785
747.831
745.216
751.157
798.803
750.279
824.311
734.852
772.604
710.871
769.091
688.787
706.05
733.546
724.676
689.732
806.766
678.734
803.819
817.318
789.25
785.344
724.938
770.353
734.911
723.129
736.258
783.221
713.101
750.017
689.267
776.333
722.858
843.397
732.8
840.443
827.904
755.085
770.049
682.066
855.273
718.345
876.007
873.424
669.208
787.658
759.944
737.664
776.053
769.781
777.095
718.335
658.224
736.358
710.491
799.013
688.774
802.264
822.551
733.349
725.197
763.966
742.533
747.52
767.61
726.43
739.406
782.68
687.202
787.825
749.368
714.015
789.358
824.394
769.835
800.196
736.565
762.438
810.566
769.956
717.585
713.584
832.506
820.445
713.034
874.96
669.33
661.412
816.899
811.41
857.991
749.606
753.315
655.037
836.448
766.564
689.387
803.68
743.387
640.961
761.551
650.415
756.678
721.532
763.055
679.647
797.068
800.841
813.61
755.727
721.848
727.573
690.528
732.207
740.675
785.992
827.108
733.891
731.284
800.944
787.649
727.763
696.353
768.564
614.038
765.677
799.42
680.382
755.529
757.984
851.28
729.051
672.612
749.462
714.507
727.41
771.363
725.058
836.167
751.144
888.35
750.579
761.852
725.618
698.608
788.416
798.455
709.142
749.896
711.253
772.788
711.728
750.685
764.261
770.449
807.683
708.613
715.718
747.004
702.567
748.901
764.256
660.221
713.426
809.674
766.929
767.849
689.143
742.119
808.771
775.012
728.148
784.553
679.108
704.321
755.735
795.162
737.341
732.948
719.572
774.018
712.843
781.378
808.447
713.622
799.085
764.35
785.621
705.535
671.382
808.998
835.162
805.37
767.951
817.924
727.012
714.056
711.985
717.853
702.609
697.194
792.486
825.992
767.008
816.833
744.267
757.385
739.284
796.023
785.508
773.739
748.778
804.42
677.128
757.853
807.421
779.51
845.787
675.219
795.263
685.333
694.042
771.784
657.822
719.226
795.809
702.826
790.314
806.677
787.134
784.497
676.26
721.051
765.064
748.441
724.105
822.193
736.008
847.926
779.941
719.984
767.492
696.904
721.327
713.363
734.838
754.943
683.921
786.342
765.33
696.18
797.605
773.861
709.664
747.228
686.274
745.518
804.474
633.522
721.485
772.034
688.35
791.348
758.224
761.653
871.664
772.28
705.581
762.208
692.269
831.19
813.728
769.739
762.474
650.534
823.006
755.117
728.031
735.035
762.718
650.116
843.484
779.457
781.214
704.916
822.036
700.08
732.479
694.467
891.301
728.177
726.177
773.932
766.125
756.733
699.781
761.82
773.647
677.13
729.087
678.497
796.637
725.202
810.512
707.537
782.437
800.518
767.65
718.197
803.627
752.652
721.244
689.694
669.686
775.583
720.371
742.825
648.63
738.697
706.981
746.145
724.749
697.327
699.801
783.765
747.231
748.806
785.037
759.496
792.909
817.028
766.834
725.472
771.12
829.288
750.982
710.23
665.429
739.495
759.432
771.14
717.511
794.743
788.951
667.858
686.061
741.836
861.324
750.937
812.39
784.308
804.721
744.853
654.017
744.495
720.005
741.237
729.119
724.78
701.811
671.683
819.577
770.181
822.632
792.87
734.569
650.064
774.212
706.514
753.529
669.382
797.349
743.838
744.037
726.346
749.637
691.431
804.291
781.331
763.514
773.042
777.014
626.586
753.888
782.753
715.247
809.986
677.304
666.635
792.848
716.26
724.849
688.767
755.5
651.019
612.273
709.86
788.741
742.931
747.109
714.498
790.135
720.146
744.024
747.108
710.198
765.112
725.824
808.614
816.516
653.295
759.04
737.125
731.304
749.504
898.684
695.047
737.978
726.147
671.554
706.083
724.201
704.494
814.377
721.112
726.112
738.598
737.863
817.441
768.856
723.729
767.545
818.055
871.44
773.569
772.299
694.929
677.531
673.495
682.908
751.837
663.681
772.982
748.99
784.438
690.763
718.356
678.037
730.81
735.407
836.136
713.68
685.792
720.187
747.198
813.817
663.603
728.548
725.713
674.984
805.51
844.576
709.472
753.492
708.584
764.261
691.942
636.183
700.596
784.036
743.928
761.193
661.304
777.213
702.397
690.606
729.381
767.421
711.059
752.109
730.493
807.772
719.991
746.986
725.054
745.129
776.711
747.146
779.185
707.122
872.069
776.355
783.318
782.837
762.625
670.612
726.639
759.767
800.11
782.912
699.445
762.514
717.498
765.522
739.055
630.49
684.619
690.001
809.577
796.677
824.02
872.808
683.742
778.922
742.882
662.397
721.758
760.544
702.417
697.531
865.824
759.89
737.949
843.531
694.119
748.693
723.561
740.505
653.535
786.005
792.914
683.463
695.12
756.611
761.295
770.876
701.686
766.978
779.328
728.253
733.686
752.077
831.693
739.83
727.792
717.04
762.759
870.409
841.737
758.327
712.166
777.128
756.69
812.215
773.635
691.945
791.088
797.78
670.911
767.646
741.571
875.339
832.288
701.613
665.469
694.808
754.024
665.36
812.799
690.827
671.499
745.871
770.87
774.957
670.906
750.353
665.039
755.648
778.888
752.922
676.942
778.617
847.217
712.474
689.092
765.038
867.989
770.414
738.621
759.196
731.233
687.966
826.851
673.28
800.86
755.397
603.838
712.463
674.357
800.793
810.242
736.39
766.345
727.804
640.283
650.608
882.934
800.913
752.42
805.971
818.829
730.576
784.029
821.889
792.334
834.606
709.826
795.537
775.991
850.13
739.603
665.591
714.291
767.857
813.857
651.077
776.97
691.092
831.147
745.886
773.137
795.543
805.151
857.659
726.825
723.907
812.991
647.302
694.97
722.839
832.776
709.634
751.443
776.424
793.311
735.896
724.261
838.673
733.871
673.01
722.059
753.806
756.276
647.288
731.29
809.697
777.38
743.924
740.87
739.981
684.172
729.754
829.174
752.366
709.546
791.743
833.316
817.284
760.579
753.376
746.352
746.491
823.201
786.925
772.232
794.149
850.531
725.518
714.991
768.324
740.828
719.248
790.841
773.445
791.676
831.873
746.604
753.856
778.817
706.601
767.577
778.991
771.556
798.226
641.635
671.506
706.343
711.152
703.746
754.218
656.048
721.269
807.02
799.617
724.313
741.271
724.735
786.399
780.836
712.399
822.35
864.947
786.569
700.833
745.637
753.257
747.389
739.404
813.5
677.159
754.576
730.554
777.974
725.318
676.714
779.083
679.098
730.23
765.586
641.168
795.11
788.63
727.572
784.839
715.091
692.973
796.8
849.145
809.848
797.483
681.44
776.105
854.531
719.318
804.749
790.643
712.259
761.308
654.159
767.9
727.068
834.78
862.127
790.04
759.142
683.266
802.711
751.677
773.102
726.698
710.942
839.393
774.586
778.589
718.18
761.971
799.96
807.282
742.261
789.791
659.571
813.4
851.512
683.584
742.152
726.755
757.981
763.983
776.002
661.688
759.458
717.604
856.018
676.316
748.792
810.163
739.154
729.56
732.021
779.233
787.169
700.776
789.86
771.178
664.544
705.907
716.696
737.394
701.886
715.314
749.307
701.239
784.721
697.199
734.347
783.492
764.446
756.687
773.605
693.741
647.762
734.348
756.781
665.712
751.411
762.626
733.928
745.975
676.881
679.965
696.425
672.713
735.274
693.56
758.869
760.554
777.793
795.707
822.324
683.487
714.834
758.702
693.503
767.024
795.687
693.99
736.894
721.185
716.818
745.008
676.861
837.934
787.962
788.807
697.585
696.556
715.599
772.294
750.691
782.521
697.895
745.489
764.618
820.637
740.816
824.01
703.083
827.206
762.82
725.518
820.183
787.542
731.309
667.517
870.44
782.126
747.816
751.494
653.589
716.284
771.888
730.871
748.142
799.161
662.832
745.925
667.738
718.107
726.278
695.346
788.043
678.053
749.676
779.687
832.14
728.915
768.166
716.006
761.299
639.321
717.726
823.161
746.806
751.484
791.611
757.445
785.132
739.904
698.326
692.325
681.687
782.658
734.751
679.392
750.33
726.916
782.207
725.756
693.298
812.022
844.849
752.418
768.485
770.6
651.082
746.462
673.897
782.915
862.026
728.695
860.473
750.176
741.344
831.957
773.488
716.677
623.214
674.88
670.545
747.264
734.328
815.744
805.303
664.16
772.3
741.994
771.859
719.989
782.512
780.749
700.852
802.476
740.673
823.253
687.293
796.085
791.087
818.3
835.206
756.435
766.597
697.843
687.586
698.914
729.449
807.985
760.837
805.279
828.763
717.735
806.388
744.552
730.698
818.857
822.019
863.955
780.176
688.341
685.905
724.226
725.444
777.137
742.608
779.164
771.955
711.458
685.369
714.431
769.082
774.125
863.305
680.206
762.49
709.458
763.948
709.652
768.085
719.805
658.231
708.663
767.336
790.639
748.587
740.7
769.863
788.658
686.114
749.35
776.236
704.433
665.753
800.697
725.801
798.919
812.046
741.64
730.059
798.542
782.806
754.356
683.598
780.133
764.241
719.954
731.725
708.137
715.849
713.125
705.967
774.574
799.564
737.052
678.917
732.541
665.544
683.586
840.872
651.842
751.52
741.136
737.651
726.474
716.452
834.772
748.914
742.445
782.096
695.747
775.595
812.905
710.233
808.664
759.797
808.386
734.337
749.667
703.856
726.431
671.984
824.143
703.242
785.502
751.454
757.205
677.054
795.517
819.993
805.164
780.966
725.963
782.467
740.797
675.336
761.771
704.729
763.815
789.18
731.871
825.135
638.815
821.877
805.817
790.516
849.614
745.766
713.96
756.103
726.365
735.369
687.733
653.518
779.961
740.577
707.943
747.033
753.83
763.653
836.23
802.118
846.28
650.843
779.153
706.561
767.48
814.103
736.367
677.968
735.947
786.552
798.684
718.121
675.478
756.099
809.155
633.722
750.876
849.394
762.675
817.297
772.658
702.908
695.482
731.199
749.403
713.168
809.66
827.175
803.55
693.975
801.048
751.488
788.928
721.484
698.355
729.558
774.636
752.502
694.257
735.939
720.435
706.199
762.378
779.517
715.568
787.944
800.477
784.925
834.217
782.974
800.337
772.294
729.406
716.884
836.445
700.728
732.313
822.342
730.866
685.352
784.458
921.693
781.563
734.469
731.065
729.309
750.775
736.736
734.887
772.249
798.009
868.229
836.297
749.646
720.364
664.91
775.906
865.276
773.725
814.571
869.825
625.243
806.518
733.066
683.995
764.073
763.345
689.004
663.192
709.931
838.669
741.74
805.669
855.012
751.065
754.005
747.006
905.571
686.475
867.695
776.941
699.829
773.169
789.74
711.927
793.089
684.305
753.356
700.062
684.518
726.185
741.463
819.12
821.154
810.337
687.356
691.996
583.304
817.994
668.49
724.414
713.065
689.884
665.638
764.619
775.084
801.082
744.005
712.255
658.61
828.35
758.465
817.786
746.16
712.199
774.931
678.352
765.515
690.61
756.421
733.647
796.956
893.932
763.517
723.743
826.751
743.192
704.051
736.017
845.196
735.016
794.447
748.792
771.737
723.407
791.543
713.768
815.18
835.383
708.947
766.996
678.987
755.022
704.098
775.889
812.16
734.532
776.719
829.868
811.557
633.207
781.802
741.432
807.563
731.311
800.029
778.209
803.672
819.913
684.168
751.149
720.914
710.216
813.032
781.732
735.01
669.567
701.066
716.896
703.059
817.525
713.303
628.662
700.343
741.321
810.024
840.907
671.753
745.215
787.186
700.526
636.697
783.242
757.248
744.911
793.906
769.588
753.708
676.874
670.813
637.064
721.993
810.564
693.145
890.37
757.607
718.941
663.66
690.093
665.937
800.244
765.676
741.511
703.746
736.492
822.759
740.507
808.766
696.656
791.672
817.007
730.21
746.44
759.32
804.408
757.607
720.51
656.421
709.71
755.134
813.858
762.796
784.673
677.904
737.251
840.066
786.111
788.556
753.194
794.845
761.516
866.618
743.314
622.923
791.358
787.008
738.734
812.204
680.064
719.892
745.132
792.869
709.635
656.715
653.685
775.347
784.643
688.466
737.353
740.361
728.304
704.539
658.825
658.999
740.677
777.929
783.978
716.656
741.855
679.021
716.413
746.389
746.575
771.037
739.874
687.631
628.363
721.818
732.854
768.292
749.406
690.222
783.058
808.983
781.077
743.313
769.052
872.839
709.752
819.551
674.88
776.402
752.066
762.173
690.546
761.406
705.597
667.569
687.122
703.928
873.69
723.814
736.146
767.456
703.765
905.43
737.249
676.549
786.397
762.146
761.157
743.098
930.513
740.195
678.1
754.499
819.503
823.79
792.003
664.242
743.402
642.309
755.885
749.796
702.281
761.636
738.113
688.653
650.656
729.092
774.929
709.8
753.977
717.234
827.307
769.556
854.023
792.359
716.218
725.735
649.301
760.432
724.344
740.709
668.795
684.493
722.604
758.785
798.351
721.739
663.517
808.939
665.231
809.793
690.634
764.86
778.425
768.633
745.541
785.073
730.397
739.795
717.012
792.175
745.966
780.071
826.068
779.93
727.418
728.712
788.272
700.373
680.352
745.793
674.739
745.564
704.51
779.504
694.365
742.921
779.517
705.762
776.852
731.02
789.497
684.539
822.481
759.768
691.672
714.864
788.22
738.668
813.818
654.022
750.833
732.373
836.165
816.237
781.767
802.465
732.075
676.98
785.578
756.791
686.45
817.519
790.192
778.454
667.316
801.369
757.907
737.567
785.967
742.132
687.148
644.402
689.646
701.929
765.739
765.905
801.647
809.273
811.873
672.783
687.051
754.856
729.877
725.467
746.636
702.732
708.006
750.742
655.182
719.207
710.652
676.414
729.962
743.725
842.112
775.801
798.91
723.986
816.228
901.402
723.532
816.102
807.552
790.838
781.374
759.294
595.774
777.687
675.285
734.079
713.654
731.368
820.745
767.094
746.125
694.362
754.139
720.182
772.756
701.985
689.429
776.652
754.118
807.836
795.843
696.728
740.279
793.801
779.667
721.026
737.013
765.823
793.975
842.96
712.68
787.556
704.755
732.294
710.617
693.242
749.049
781.49
745.421
776.846
793.802
713.484
740.15
735.534
651.216
761.001
696.257
784.318
675.91
790.039
750.037
646.311
660.178
772.52
780.672
812.88
857.917
772.968
689.278
671.278
718.944
638.157
715.229
751.82
754.619
712.222
751.93
802.631
798.48
778.3
676.213
706.663
723.438
712.34
817.437
760.918
784.618
715.623
721.228
766.415
832.023
752.553
747.003
713.964
631.969
830.23
829.525
726.226
724.057
784.151
796.5
684.306
751.052
731.232
720.971
710.571
673.627
689.641
770.15
752.267
889.308
750.598
570.086
748.699
826.717
586.103
821.567
860.535
803.783
821.878
736.734
778.152
762.233
769.139
774.213
718.499
683.533
709.537
713.53
717.118
707.842
770.96
732.497
749.387
762.821
753.628
856.62
742.173
838.218
758.342
638.763
733.545
821.148
631.779
701.888
792.034
699.339
774.59
678.266
749.836
799.763
721
738.717
720.427
833.466
750.697
807.441
637.269
734.582
790.583
745.787
701.464
817.224
800.728
771.173
817.213
628.895
756.173
664.661
793.584
815.731
739.396
810.821
760.875
783.051
703.028
727.947
744.344
824.326
731.163
734.671
752.469
842.805
698.549
723.454
719.959
785.293
728.054
776.869
770.384
706.497
682.463
673.388
750.396
670.261
690.014
730.596
824.123
720.901
659.895
804.286
762.424
675.485
732.953
690.167
773.316
627.438
712.518
738.455
799.997
629.407
764.003
863.825
783.588
671.522
761.809
727.634
758.866
699.132
755.855
725.967
696.523
745.041
779.582
779.335
735.367
787.532
674.873
781.468
759.82
767.013
806.419
704.944
714.892
752.999
736.248
643.237
713.537
709.479
777.551
772.215
753.696
751.98
771.903
711.188
768.751
629.098
759.753
711.29
788.324
728.69
768.09
731.506
713.909
888.377
753.432
665.308
772.134
834.217
659.033
734.261
632.462
773.744
726.466
759.222
645.24
753.044
813.904
739.845
714.385
768.54
737.323
785.518
784.677
739.584
803.116
722.517
715.401
675.229
786.472
773.924
621.478
645.322
761.939
724.864
692.549
592.23
741.052
666.39
723.483
781.383
704.52
676.646
794.445
738.564
716.194
769.492
717.722
779.303
731.224
783.705
757.129
679.478
715.173
808.97
735.889
734.365
752.025
760
768.462
737.097
736.622
685.694
771.777
785.063
795.345
811.669
828.267
767.273
797.245
801.311
663.986
738.925
681.961
781.701
853.39
729.272
676.56
880.997
757.932
728.007
661.254
737.207
659.58
783.053
723.96
850.155
690.728
760.02
797.387
851.45
803.661
751.002
802.796
782.13
732.371
717.163
812.047
725.009
772.553
735.169
851.382
748.03
720.793
700.059
816.806
726.7
742.813
823.396
654.066
773.296
753.042
692.862
772.653
754.054
802.647
731.67
873.481
769.707
662.91
681.085
894.285
788.824
774.712
785.245
778.478
882.944
677.228
805.843
776.855
763.64
757.879
777.322
674.234
699.469
743.937
747.279
793.714
792.636
712.86
753.937
764.014
822.627
743.64
853.751
680.775
776.933
648.409
836.1
770.073
660.401
734.871
728.856
791.098
731.411
585.311
764.143
886.628
762.805
691.098
770.774
711.639
769.896
761.38
694.413
763.987
770.398
734.376
712.026
753.976
725.323
699.214
751.122
819.643
790.755
691.596
722.688
817.967
794.654
818.037
804.911
760.871
687.829
821.542
735.324
711.582
637.091
755.449
683.923
774.266
683.261
704.483
756.847
760.806
752.705
723.486
862.711
736.913
850.25
645.597
761.722
681.241
761.628
785.156
788.281
738.851
735.13
731.327
798.87
871.859
749.655
711.792
689.363
690.92
787.877
743.439
685.717
621.053
701.287
863.572
729.928
711.394
805.258
775.173
818.206
668.468
776.144
764.209
741.411
740.445
688.523
802.748
781.426
829.743
657.697
689.87
666.205
831.786
726.854
688.855
731.958
685.764
735.449
719.04
724.782
658.705
657.177
785.334
717.956
817.704
804.932
769.771
666.411
695.538
761.524
754.853
724.167
805.224
676.795
696.84
730.549
814.874
851.699
840.157
759.397
672.62
761.815
743.068
657.002
777.895
712.441
768.073
736.722
801.391
796.095
743.249
772.233
700.819
766.998
810.841
731.054
742.952
675.172
802.062
750.17
790.56
730.395
776.663
709.915
720.455
672.576
633.936
722.633
642.778
735.712
719.031
780.999
752.99
812.11
772.963
723.714
663.141
732.104
749.78
657.973
747.76
655.74
761.155
674.739
684.039
765.066
812.146
721.148
643.661
780.211
688.94
850.654
687.612
702.567
719.219
843.185
787.295
737.288
718.477
786.198
893.021
767.976
773.869
781.153
728.493
733.792
818.419
698.594
725.26
858.755
760.985
715.951
686.139
716.238
752.206
774.722
807.923
571.169
698.697
823.967
748.579
841.451
774.695
807.466
799.605
751.867
805.043
638.746
843.305
726.238
826.017
709.723
661.411
754.076
787.172
780.92
697.439
760.874
744.314
737.712
760.669
684.483
773.452
762.584
753.834
810.862
805.395
705.79
752.23
763.05
756.23
747.883
749.169
810.283
757.999
831.341
741.559
837.245
659.508
711.399
781.973
741.779
765.401
760.038
762.717
720.885
773.075
700.194
765.384
731.079
772.641
793.244
758.694
779.759
681.191
829.581
725.114
672.577
786.683
801.713
697.741
818.219
718.993
772.721
690.937
806.188
709.114
803.965
693.742
717.699
772.451
834.294
756.614
761.557
740.651
704.039
769.199
722.055
746.104
708.927
819.676
730.042
766.177
670.972
762.451
663.728
765.217
817.659
855.352
724.629
685.633
770.914
701.923
682.626
758.354
711.5
772.439
775.817
785.545
806.142
676
740.014
846.405
729.431
775.133
703.941
643.581
673.388
821.813
748.125
752.963
867.12
702.362
729.137
767.518
809.443
738.187
735.419
788.615
665.231
732.565
724.684
741.358
642.401
702.373
680.349
794.441
856.685
760.839
781.614
695.201
649.894
744.84
808.902
719.071
670.948
710.297
777.773
808.89
864.456
793.608
759.672
779.04
763.524
713.619
753.463
791.234
698.775
727.834
749.465
706.069
716.301
829.214
654.683
801.616
620.761
802.468
763.932
637.005
790.251
764.601
743.404
804.27
637.086
695.812
768.932
727.539
688.254
793.851
692.68
748.289
870.816
733.183
710.458
754.837
713.644
774.436
723.17
764.853
765.823
744.822
697.64
770.393
636.835
699.872
658.894
785.427
663.63
767.188
711.392
779.021
765.879
830.121
713.426
758.961
655.357
703.95
667.418
693.418
758.88
786.41
814.709
759.228
808.782
729.861
683.171
787.765
743.291
825.043
697.086
688.71
779.311
746.341
744.09
678.108
756.528
682.624
808.582
795.934
745.938
713.599
792.842
759.976
699.938
743.102
839.961
778.602
693.237
758.092
704.36
786.216
741.784
674.002
746.239
720.365
833.762
665.216
823.798
781.317
700.266
738.004
750.671
788.247
879.376
733.504
644.632
775.028
716.431
782.367
764.826
722.201
725.129
750.487
779.158
813.909
762.118
778.675
681.279
765.219
780.809
711.778
693.673
819.883
729.905
720.998
841.821
787.871
806.688
824.575
759.377
771.44
719.303
705.563
641.379
662.413
738.619
799.32
694.994
784.812
810.312
680.871
654.77
763.732
674.964
753.557
875.285
791.676
805.294
771.6
698.823
744.345
682.079
703.793
662.587
848.307
732.978
730.643
737.948
717.185
770.734
652.929
738.153
768.851
741.163
736.429
702.81
716.699
798.075
762.256
793.248
863.614
765.353
766.278
623.824
743.095
731.431
742.693
689.12
775.501
744.667
760.201
754.186
799.871
773.128
730.988
689.687
768.12
700.212
828.36
654.934
667.236
720.813
708.01
741.303
752.176
717.885
693.008
778.984
620.878
750.166
671.359
826.014
695.356
727.129
720.948
701.419
713.696
643.774
834.18
735.189
656.635
898.363
739.991
826.963
774.701
824.209
691.341
826.68
766.621
701.679
650.975
754.462
775.487
787.718
778.246
809.527
810.171
689.677
743.697
740.822
691.022
754.976
654.576
829.168
791.94
664.168
786.035
752.623
752.244
757.108
722.108
706.104
792.857
741.885
796.451
694.356
656.996
773.713
852.088
781.452
783.68
731.933
705.633
811.704
707.825
742.602
745.824
785.477
712.42
773.951
850.032
742.475
728.981
780.977
644.349
702.222
775.92
744.973
908.78
708.329
792.01
765.425
745.518
782.8
818.502
722.722
644.109
727.613
776.568
696.205
785.664
660.039
764.385
730.988
707.674
798.883
745.211
723.643
693.683
781.7
747.108
829.652
732.321
705.24
724.953
748.411
828.68
817.111
725.13
746.747
768.365
810.488
851.441
697.395
806.701
718.466
679.889
866.314
748.971
643.745
727.148
674.517
767.934
686.605
767.638
709.272
687.675
827.258
895.431
726.615
736.407
720.117
752.424
670.922
692.883
754.65
665.872
753.079
820.422
744.026
714.729
790.313
705.488
857.829
782.351
727.861
762.221
764.856
764.254
739.594
703.595
779.399
749.982
734.84
624.553
775.697
772.255
778.82
779.239
695.624
753.818
670.322
823.737
945.601
787.439
610.564
769.253
737.407
798.503
724.452
813.29
752.466
778.177
722.332
722.269
777.142
669.128
797.755
690.199
641.537
791.146
798.45
734.853
772.743
715.287
720.436
731.949
771.01
814.061
756.104
689.914
718.698
672.213
754.232
800.025
736.971
859.748
740.858
689.423
702.087
754.911
773.004
764.196
818.363
731.227
814.567
727.04
762.372
729.172
692.656
704.004
685.703
775.268
820.77
724.808
744.43
626.573
789.649
777.435
710.912
720.485
837.053
757.925
666.314
681.307
791.67
776.083
683.556
842.979
715.17
754.247
798.856
703.794
715.55
648.304
723.419
751.761
848.97
741.535
749.671
766.385
702.469
609.476
711.151
715.053
626.361
803.92
767.086
768.12
672.325
695.232
713.413
740.78
638.37
727.412
813.408
802.55
774.439
850.305
732.293
697.118
706.682
807.746
745.739
750.171
664.7
770.496
740.311
757.12
673.117
729.876
702.744
896.221
782.641
749.681
753.647
667.259
832.255
805.488
787.607
793.674
726.633
814.724
789.276
835.126
888.339
664.864
685.243
710.256
793.767
709.496
681.738
669.008
761.136
757.063
620.709
822.875
787.527
731.136
731.714
769.611
742.455
744.057
752.941
722.77
812.446
645.984
687.851
684.522
662
626.25
745.938
786.775
756.404
687.751
668.06
696.267
692.268
722.535
778.922
679.249
626.797
727.694
814.759
729.946
680.189
791.066
734.412
716.703
819.872
863.835
683.943
720.593
804.099
758.472
720.528
805.877
691.792
677.122
719.114
788.626
737.867
670.164
816.485
745.519
726.425
707.357
771.782
718.62
806.766
780.137
688.177
722.521
708.801
791.195
742.516
777.758
808.333
818.158
755.925
709.241
802.636
832.066
715.646
911.027
704.937
796.745
676.898
788.641
742.079
773.827
793.33
782.335
689.704
674.46
698.913
760.781
767.835
685.065
648.05
741.098
784.452
714.957
805.776
810.37
675.127
807.881
696.223
702.078
712.301
750.647
795.828
766.855
836.648
734.957
796.854
734.303
732.189
695.507
752.565
795.997
733.691
740.82
701.051
748.549
734.572
750.595
776.814
700.304
673.251
783.918
815.337
779.353
741.609
684.115
749.702
754.305
736.731
722.399
721.656
686.297
754.944
709.236
837.397
676.814
812.876
766.351
795.931
804.555
794.154
743.216
796.924
756.746
758.645
783.167
777.192
696.451
800.983
608.121
814.231
650.463
751.815
669.858
661.438
637.326
864
794.205
689.578
865.126
816.629
656.944
777.335
728.513
860.421
729.419
695.219
783.669
672.203
748.231
737.381
639.746
729.206
796.191
698.438
622.244
723.449
736.883
733.755
688.587
770.44
653.325
761.627
790.509
690.16
709.462
683.734
770.041
703.707
659.7
822.93
757.26
702.866
720.183
655.805
862.858
664.736
647.786
739.41
741.87
753.676
702.815
840.505
778.832
799.345
751.587
745.98
773.644
821.832
951.549
794.156
700.152
663.615
716.12
675.345
710.799
755.964
794.27
809.355
670.541
721.429
767.914
774.937
773.592
761.758
686.016
793.082
737.118
724.785
701.319
729.922
741.057
780.7
653.846
812.294
808.55
752.688
695.071
734.129
679.363
669.618
719.965
595.874
724.295
709.55
739.106
707.308
845.694
630.476
769.707
837.915
883.594
785.622
760.617
776.507
703.601
755.957
711.11
816.473
800.315
764.767
809.278
735.755
694.718
841.826
883.998
812.489
774.975
768.167
808.552
865.127
839.119
768.852
827.258
783.56
861.134
830.467
754.444
739.367
690.683
819.484
798.122
736.467
730.224
696.081
747.806
738.089
758.118
738.103
675.315
753.858
719.026
730.102
678.161
750.094
753.977
733.468
792.314
681.982
780.651
782.936
734.664
703.511
772.463
810.111
747.049
618.306
698.993
860.126
683.861
743.985
735.709
750.756
825.028
731.683
742.071
727.66
773.476
779.926
809.072
743.332
725.212
679.103
777.205
746.533
794.809
786.574
762.345
759.444
786.22
725.21
716.323
699.776
728.182
675.322
859.364
752.167
648.901
685.545
671.016
754.191
781.007
673.745
723.326
662.638
741.06
738.204
793.981
737.171
743.87
700.064
772.845
702.634
714.882
749.097
736.786
732.808
836.595
808.134
752.169
790.809
741.036
815.549
778.363
854.638
635.561
853.796
799.464
761.299
736.823
736.709
763.294
676.276
632.431
811.554
724.086
806.693
793.2
826.428
807.214
713.672
651.245
789.441
694.008
686.924
805.159
762.602
851.54
743.645
689.913
870.848
808.687
666.115
811.625
778.291
743.072
740.078
769.789
684.262
697.335
781.7
787.975
731.764
823.008
752.483
742.554
717.795
798.487
744.702
778.569
747.024
693.488
689
707.918
791.707
732.097
756.603
738.495
716.642
778.874
706.71
811.344
710.589
792.969
743.6
702.596
775.967
694.517
793.436
798.605
799.946
763.175
680.099
704.72
689.674
676.107
695.495
773.955
801.553
672.096
779.65
688.692
663.417
713.533
808.759
699.99
731.591
775.086
798.355
700.741
723.702
780.328
812.04
707.983
823.296
797.366
723.771
675.197
743.73
746.287
783.651
726.146
818.018
810.366
736.698
762.953
760.893
710.856
789.311
833.126
651.429
758.154
685.278
683.971
670.18
661.126
664.374
716.613
743.138
639.465
819.629
745.811
754.147
736.888
713.907
779.585
770.562
777.519
818.414
754.712
741.668
748.613
779.015
805.179
859.261
831.759
768.531
735.028
727.848
763.428
742.301
715.472
722.808
813.013
702.098
782.082
705.368
830.222
769.323
726.475
745.732
692.554
619.639
769.565
751.681
732.932
747.986
787.895
712.698
711.049
787.293
840.522
615.019
718.31
814.558
868.794
798.713
831.884
847.756
676.013
712.233
694.553
734.017
757.421
726.167
678.776
755.671
839.528
732.619
780.713
756.307
838.729
703.261
839.071
692.096
826.643
799.89
826.094
705.499
706.539
739.301
795.661
710.679
738.697
711.805
789.745
785.267
708.668
659.259
767.015
648.977
604.587
697.379
771.73
659.358
772.477
693.846
709.601
709.653
648.568
764.084
718.252
779.362
740.71
788.862
680.314
650.429
834.545
749.553
768.57
756.143
758.422
729.844
676.208
713.496
745.08
652.501
758.827
758.255
773.943
659.879
654.693
795.76
687.911
678.823
775.57
716.429
702.913
725.131
719.429
796.34
773.52
728.161
753.877
703.255
697.883
720.961
753.749
808.313
666.955
744.384
640.963
781.208
828.132
778.533
878.26
701.238
745.534
797.623
777.352
711.219
712.709
682.768
792.96
746.208
723.895
668.441
736.607
751.908
741.094
675.729
781.631
791.971
752.187
862.505
704.451
739.994
657.612
720.741
762.781
708.663
794.139
823.101
734.069
717.472
733.666
724.501
662.32
675.055
721.867
933.152
706.363
792.465
711.257
909.146
749.753
684.646
622.751
732.87
701.416
764.098
702.477
708.195
759.109
896.674
665.645
762.417
732.42
616.998
708.083
691.52
714.372
757.329
732.429
722.499
690.6
917.193
650.883
811.67
770.812
752.266
754.276
809.425
794.183
685.592
702.959
748.548
704.696
703.871
765.995
775.13
711.055
742.071
764.549
777.671
701.066
719.337
825.761
702.428
718.7
744.411
832.883
728.413
744.912
767.377
854.41
766.622
836.957
695.535
786.233
714.345
689.495
792.29
767.029
820.268
673.79
699.242
744.142
798.267
732.506
733.76
696.233
694.848
711.728
764.909
592.913
833.407
741.401
790.231
690.867
737.594
685.487
739.461
710.652
800.963
879.053
739.395
734.266
700.017
686.425
754.323
652.22
719.481
755.479
686.91
786.625
727.326
755.941
698.943
721.387
764.284
751.65
681.536
750.86
715.964
802.315
754.704
743.062
750.454
694.402
812.54
842.741
647.38
669.34
761.989
784.677
742.828
721.857
651.737
672.108
738.442
754.598
757.853
831.234
791.365
726.875
803.676
735.791
728.582
745.187
657.312
803.823
736.746
690.337
729.96
720.86
752.403
709.504
737.602
840.291
717.084
753.641
666.186
810.357
848.21
741.993
768.29
844.089
785.639
776.426
795.768
791.996
701.081
724.395
822.293
695.949
712.823
708.614
769.372
851.146
825.652
669.623
672.902
821.835
653.898
763.855
865.87
784.089
741.961
656.637
783.58
718.969
738.937
862.257
808.135
804.847
696.071
739.408
711.755
755.271
691.581
735.164
748.832
686.044
712.168
826.642
715.868
685.141
786.899
657.171
686.066
809.139
779.398
776.208
690.915
800.452
870.508
742.544
794.344
761.406
729.044
740.978
694.63
776.929
734.192
730.141
749.271
710.039
785.641
759.607
770.358
808.498
745.041
717.117
611.939
806.259
694.341
768.91
722.112
737.683
688.66
730.806
736.337
678.25
735.529
873.862
633.341
722.116
762.687
817.209
670.326
710.719
751.376
678.413
744.271
821.305
735.022
662.541
770.967
773.15
785.944
740.003
699.64
832.024
789.566
658.839
692.323
711.849
689.175
695.805
709.62
754.011
794.442
719.396
684.379
871.149
792.566
749.826
723.399
744.462
811.092
736.671
744.097
692.072
736.047
761.852
833.941
703.2
770.318
684.916
774.416
742.454
889.28
725.862
727.626
832.743
721.617
746.97
625.133
704.434
760.232
792.749
850.913
837.59
780.65
689.93
652.375
768.537
723.08
671.1
916.68
765.739
740.43
741.018
627.162
758.569
721.096
735.623
748.032
794.768
733.629
799.259
681.483
691.275
693.353
751.916
656.877
685.037
731.774
830.589
799.89
688.89
724.733
736.042
878.129
761.788
773.126
644.668
761.837
756.298
712.04
721.155
731.063
837.528
736.352
737.033
670.412
715.798
790.555
705.234
780.506
761.509
848.546
737.724
758.393
807.289
764.841
853.882
791.782
685.294
682.575
709.966
790.521
820.476
724.841
755.184
729.322
710.856
743.2
718.342
709.051
849.414
707.356
803.408
662.713
702.467
769.866
768.959
729.316
731.764
809.998
732.881
786.541
680.96
771.137
788.281
743.633
773.728
743.763
734.108
807.916
724.049
714.523
715.561
813.063
765.435
705.302
674.588
733.358
743.141
678.005
649.233
821.04
736.474
756.637
715.507
709.013
824.825
738.553
709.502
862.383
734.932
709.609
705.168
676.525
771.132
712.038
808.18
775.15
674.108
804.623
669.876
806.61
784.012
756.502
867.528
676.26
695.664
755.448
805.306
734.801
778.385
680.138
737.497
710.225
742.552
849.634
812.907
712.969
650.832
784.915
714.759
853.45
713.154
831.08
692.747
752.873
687.591
794.566
784.23
759.639
761.602
773.842
771.667
680.826
786.53
665.116
788.944
766.152
789.269
690.789
697.568
893.836
788.67
715.86
790.235
672.833
707.938
688.378
724.63
679.529
733.081
800.25
762.329
747.265
766.986
718.894
759.611
791.18
738.839
697.534
784.47
721.973
738.884
766.366
838.013
709.009
750.804
760.767
707.805
705.916
703.779
743.022
616.515
773.391
669.314
712.264
732.869
778.722
790.138
696.988
746.901
732.835
734.941
906.968
821.803
785.205
753.739
669.54
774.796
741.816
741.801
758.48
743.289
751.971
784.296
678.032
698.169
662.535
694.916
803.156
768.505
689.846
781.403
783.507
903.565
681.315
820.194
750.101
745.813
822.905
860.363
713.081
765.761
712.623
694.996
775.557
716.854
870.151
744.712
723.712
765.236
713.663
726.362
680.976
746.688
587.666
743.958
692.064
805.817
744.022
755.016
714.288
721.945
730.538
626.319
738.218
838.269
737.259
711.369
737.239
789.57
698.818
747.26
710.084
668.618
693.452
829.982
753.777
725.279
862.527
773.22
783.46
734.956
689.461
711.164
649.873
656.875
763.208
681.188
703.799
732.422
656.923
776.73
759.682
747.386
674.077
731.988
801.101
623.025
789.12
843.547
785.191
726.991
762.235
758.933
822.823
702.323
742.405
761.387
765.323
779.48
772.746
645.087
741.922
776.626
797.936
656.543
711.467
760.956
845.541
743.896
693.536
625.78
789.169
754.098
817.599
731.261
773.824
836.093
732.124
746.178
724.91
771.363
774.457
801.87
751.508
750.693
666.265
666.355
714.728
714.948
760.558
691.201
719.089
655.619
699.583
768.472
768.542
796.225
764.858
737.423
671.288
615.131
813.768
752.77
715.516
794.908
654.105
785.77
875.789
755.49
737.867
762.203
752.318
717.417
752.402
725.11
655.254
668.548
672.933
631.237
769.778
711.484
708.054
732.163
755.825
718.991
802.105
712.84
764.678
788.811
835.031
719.87
717.482
794.372
793.482
784.216
782.431
837.842
829.884
721.05
900.803
774.184
744.534
690.012
861.719
709.225
745.671
808.814
743.044
795.466
793.807
661.195
732.674
727.344
751.905
761.532
675.691
699.248
744.581
684.684
838.554
645.223
820.251
724.879
770.898
777.237
706.328
789.963
715.442
773.574
805.488
711.516
790.505
718.841
798.9
708.122
653.183
756.942
714.408
757.433
749.403
646.433
643.394
729.706
708.974
772.483
745.016
700.146
655.635
706.963
767.661
737.875
782.967
720.915
746.266
843.889
731.901
758.826
771.051
770.355
691.888
793.274
812.634
878.173
854.636
801.04
805.624
710.844
769.484
737.631
702.653
807.215
766.946
704.259
685.389
724.986
752.835
705.395
738.58
785.718
692.239
788.087
787.864
719.694
839.66
836.605
704.301
769.948
741.034
797.326
746.877
778.73
721.508
759.475
621.301
642.415
724.289
874.827
705.941
718.306
823.87
747.58
750.472
806.625
724.413
737.394
755.106
707.116
813.743
763.816
702.143
749.747
787.884
764.627
928.822
739.234
763.193
750.049
720.175
714.482
734.192
713.416
767.469
748.292
738.757
698.28
727.754
837.584
690.72
828.631
731.945
748.516
702.525
736.804
723.887
771.666
708.885
682.196
718.77
754.949
799.075
793.262
647.591
755.218
787.534
769.364
758.268
692.526
652.91
817.537
775.574
793.602
798.429
797.711
651.638
711.155
666.979
755.264
782.483
791.906
714.586
686.016
890.467
717.949
805.63
735.774
759.266
664.205
665.322
707.313
657.94
856.785
772.274
683.16
746.967
785.776
749.601
694.901
658.518
739.642
701.669
643.327
837.54
708.293
735.476
781.233
784.664
831.636
799.575
736.322
748.276
713.95
691.868
730.989
846.006
685.684
681.724
761.074
784.36
773.02
809.107
737.351
744.437
730.942
785.078
708.892
817.457
731.917
690.621
789.94
551.353
746.093
793.775
776.81
747.415
773.533
814.24
731.24
803.895
852.83
728.154
759.394
755.915
713.729
773.587
713.017
773.601
749.103
660.4
697.558
756.896
705.93
771.607
674.888
827.813
742.488
744.102
787.16
736.24
722.805
759.587
717.222
781.726
654.936
791.981
814.025
795.09
809.945
802.651
726.894
650.451
685.462
735.214
731.323
716.425
733.404
709.722
715.48
783.847
847.027
635.153
739.476
728.171
792.572
766.649
761.599
709.242
723.515
687.517
795.496
790.568
824.74
760.021
762.753
751.261
766.986
661.342
668.824
693.33
651.065
739.925
694.721
701.641
732.846
709.352
661.987
709.574
734.534
896.948
636.528
761.257
656.763
720.578
737.382
742.766
767.044
754.78
792.68
854.577
819.185
771.633
733.624
749.217
770.06
719.696
755.602
762.802
838.922
746.672
747.746
686.112
904.625
642.761
817.148
715.942
780.665
800.662
767.599
670.229
765.553
864.643
709.458
796.466
817.194
656.422
769.141
779.021
754.248
743.597
689.045
691.939
769.158
748.105
716.502
757.859
866.164
766.325
770.161
859.338
741.331
738.291
838.046
789.062
671.909
743.859
670.506
752.763
717.835
664.713
747.297
841.03
702.258
731.86
650.317
705.975
769.836
686.798
726.601
772.72
819.381
747.725
770.588
756.938
678.586
641.773
679.011
776.21
660.624
717.666
744.813
717.25
734.479
794.469
830.973
699.634
715.511
700.134
738.356
722.019
790.356
702.058
728.795
728.809
735.364
749.855
722.725
724.364
714.901
764.536
721.746
721.046
670.832
754.039
698.335
766.719
762.742
722.658
733.618
677.878
846.134
616.946
748.273
696.568
682.276
751.143
732.44
697.246
767.514
726.92
644.126
839.723
788.286
772.487
673.836
781.303
787.606
662.504
783.1
781.168
678.253
822.423
698.321
726.763
789.548
757.54
784.553
740.619
731.334
687.836
745.342
702.59
830.025
813.199
741.297
730.002
614.358
674.8
786.513
758.53
830.56
743.459
719.991
782.735
692.149
769.041
649.203
695.935
762.161
719.499
765.274
724.492
715.385
790.583
741.642
769.285
771.448
771.285
759.662
756.597
703.33
769.068
803.563
721.97
772.708
752.672
744.123
703.378
758.443
744.088
781.54
740.261
823.859
708.188
840.903
678.535
659.74
661.935
792.985
851.955
713.036
809.648
705.798
738.984
676.294
752.264
720.732
824.782
715.241
747.983
801.875
772.748
655.93
669.874
766.654
721.833
842.098
808.155
813.824
757.591
737.321
781.849
675.469
717.509
693.588
861.111
662.031
842.732
661.102
871.834
767.405
763.587
756.303
715.449
791.009
768.444
699.641
793.911
720.973
666.221
761.049
773.018
806.712
802.399
954.862
735.746
699.254
782.541
720.286
682.735
632.157
790.295
834.3
774.832
792.02
702.591
714.953
727.697
751.808
791.191
715.228
737.652
644.136
781.648
681.686
689.012
737.189
669.428
824.909
728.847
618.309
752.464
699.258
720.841
717.093
754.24
804.214
680.35
703.191
698.877
753.979
848.753
657.913
750.433
853.459
804.403
769.518
656.886
718.49
704.986
676.361
771.339
723.165
929.422
757.331
746.86
746.862
895.078
731.258
818.072
805.24
743.82
913.81
664.867
727.754
668.405
688.624
889.396
764.284
751.003
783.888
766.318
767.243
691.103
811.518
824.582
787.663
729.55
792.696
798.599
705.299
666.647
715.192
674.644
801.591
739.205
846.407
690.685
844.458
762.558
743.112
743.68
680.26
728.486
771.494
725.821
767.76
860.03
823.338
769.456
824.908
808.088
716.781
843.477
768.263
817.996
880.332
821.838
731.11
734.689
725.963
726.94
723.206
747.101
801.071
678.647
723.951
710.762
728.689
739.898
789.937
712.909
673.06
791.852
738.109
746.826
759.274
889.474
808.863
741.287
644.349
732.503
750.77
831.89
740.585
711.915
759.789
752.759
799.338
833.607
689.172
734.447
697.222
711.21
738.154
743.735
695.32
702.797
764.499
778.762
724.429
743.93
763.058
754.138
732.148
798.046
759.008
740.544
758.302
698.568
662.798
698.019
696.416
766.9
695.418
748.58
612.721
794.059
717.618
716.5
746.001
719.219
761.692
673.219
713.817
627.615
793.489
789.041
790.225
788.344
763.832
794.546
736.892
731.068
722.055
765.104
761.773
654.511
823.913
670.9
775.576
695.597
619.548
810.944
779.719
677.065
712.725
608.823
731.821
806.777
854.334
766.085
681.031
755.327
704.147
854.97
750.244
722.422
684.113
762.854
661.973
759.881
711.07
766.591
685.957
712.591
808.269
638.903
704.943
724.005
686.161
780.807
736.621
735.493
744.084
768.742
674.271
849.963
785.91
764.24
674.226
681.35
593.932
762.822
695.812
754.123
771.677
717
806.441
831.552
722.531
779.067
742.165
749.549
673.144
743.732
665.955
707.735
681.368
785.811
774.708
803.01
741.524
740.957
764.716
723.881
682.689
736.835
698.223
686.253
757.469
717.239
756.096
648.085
676.004
725.626
788.516
704.345
763.783
797.925
733.605
820.126
685.895
667.669
767.244
771.924
773.183
731.428
743.428
729.523
767.87
700.844
737.388
762.415
733.757
668.858
757.036
723.776
767.379
691.475
798.949
783.099
778.04
772.98
731.309
755.465
725.114
706.448
725.482
817.106
742.098
779.621
747.545
703.968
761.044
810.205
777.471
787.29
721.881
859.61
826.63
690.053
794.763
800.836
810.123
692.452
684.825
756.551
763.184
776.725
745.838
738.766
761.117
642.152
728.335
810.403
745.146
692.217
724.25
620.754
708.787
676.051
688.837
817.902
825.814
858.864
722.288
811.547
831.599
725.728
773.75
780.897
782.077
662.708
726.825
664.102
769.332
745.813
720.447
805.039
719.151
707.123
730.661
743.416
793.105
737.536
736.301
691.75
746.472
683.477
852.486
832.323
735.302
658.517
783.36
722.662
837.32
710.323
842.714
803.849
747.929
749.209
728.889
654.125
835.638
688.478
727.762
725.511
702.944
805.976
737.088
709.043
668.509
750.414
824.481
745.313
736.055
841.588
699.602
841.544
724.94
779.076
828.721
702.234
700.412
740.434
666.144
648.246
693.328
808.853
674.678
691.679
791.853
658.561
645.483
686.131
749.506
728.086
647.242
679.808
774.062
686.3
701.316
718.257
630.959
739.784
707.15
661.511
797.003
765.587
655.553
713.639
681.368
714.18
766.174
754.702
746.494
744.412
874.339
695.312
687.918
688.511
718.708
733.215
693.31
753.742
783.892
801.494
682.295
785.578
831.547
674.007
667.288
841.447
693.07
845.393
790.806
731.283
809.094
767.95
733.642
697.646
765.275
787.664
723.604
798.206
793.591
783.48
639.563
727.784
644.349
695.833
739.442
766.317
766.127
777.614
686.779
639.975
748.437
886.044
726.126
676.552
675.251
739.673
796.24
720.157
761.706
874.686
769.676
747.714
752.765
707.215
697.944
791.473
722.242
827.431
753.698
805.416
797.319
793.313
760.086
792.367
665.905
732.969
741.46
900.396
736.853
755.443
778.28
702.53
715.851
648.793
757.15
754.823
841.184
697.537
746.124
791.681
817.228
777.628
783.8
706.822
759.905
752.578
745.999
699.63
649.06
705.539
685.046
787.612
729.404
729.32
772.174
801.317
781.984
745.736
606.121
715.5
742.709
778.076
743.75
776.018
784.413
680.387
691.58
736.27
754.137
783.135
754.136
788.5
863.218
667.798
786.866
782.045
751.497
733.419
760.604
819.261
738.883
689.458
674.72
707.041
786.525
660.832
844.975
734.137
753.268
720.994
672.845
732.69
810.856
734.287
753.904
851.434
745.954
820.991
827.769
760.557
881.729
779.093
797.426
767.591
832.724
825.761
737.871
678.645
765.386
805.881
791.725
726.573
712.705
781.774
723.812
771.196
750.993
877.52
683.301
825.13
689.858
683.771
738.893
736.108
784.996
750.975
711.899
705.796
735.746
680.857
856.905
764.792
769.097
820.407
727.031
823.958
773.534
716.485
640.347
814.487
716.855
701.268
829.009
842.721
779.115
788.356
676.448
810.341
833.341
763.892
745.295
736.962
795.626
727.28
694.584
760.653
753.482
696.608
783.529
698.921
736.546
643.786
816.496
774.132
724.674
805.183
723.754
735.169
660.175
839.953
765.653
684.581
753.118
732.803
825.386
706.35
779.535
719.239
733.498
694.956
689.135
694.69
791.311
702.117
648.416
758.803
814.32
725.976
823.112
777.62
703.14
581.509
672.049
845.948
706.572
660.992
802.047
714.26
711.077
766.829
646.743
677.007
731.457
772.901
664.107
734.905
719.4
870.189
675.819
764.78
638.233
723.578
709.273
739.39
693.98
784.761
696.486
680.16
748.879
694.174
725.789
804.314
772.029
639.182
717.377
788.56
720.808
674.7
605.945
763.076
693.939
731.208
727.623
682.334
690.187
765.755
786.738
781.491
698.268
783.894
697.089
741.39
694.104
778.948
801.297
833.847
758.042
722.152
760.244
691.599
919.877
752.415
668.099
663.156
696.495
814.731
733.96
697.564
705.006
691.698
733.704
738.961
675.853
743.214
687.555
763.219
746.695
753.164
811.443
779.774
814.14
771.083
801.421
734.546
817.383
766.671
799.298
687.382
765.246
743.527
722.19
729.711
796.609
881.198
703.237
669.131
730.67
729.151
741.48
713.499
850.103
768.977
726.773
763.035
682.575
705.003
679.163
790.407
814.058
718.118
671.405
757.02
746.974
728.429
770.736
753.481
706.888
784.576
733.299
750.248
812.333
679.951
705.526
786.198
744.742
723.938
778.477
748.225
763.532
721.146
712.514
699.531
733.128
741.405
776.54
673.6
824.453
847.735
677.8
685.189
692.965
692.104
809.59
661.442
679.288
797.686
756.44
835.116
905.274
784.455
639.653
725.098
693.184
819.393
730.661
666.116
803.046
690.515
757.284
779.657
774.804
650.437
651.702
774.753
752.072
754.224
674.873
749.119
745.437
719.034
738.22
735.728
694.444
695.703
785.185
799.448
802.085
747.626
667.39
653.111
771.71
853.196
705.751
731.319
727.635
669.328
730.165
701.779
724.847
754.317
711.262
654.522
842.622
794.054
808.217
765.412
732.821
747.355
721.819
675.412
695.644
739.607
755.843
748.789
785.407
734.794
686.221
659.909
849.921
729.86
744.597
843.698
772.138
785.41
715.878
722.779
658.105
710.893
725.185
790.126
758.8
729.294
830.692
700.256
668.573
698.426
711.561
689.873
785.756
763.819
756.169
777.171
796.12
772.8
718.49
696.518
719.326
787.338
816.564
755.425
719.803
676.792
756.76
809.686
721.418
833.024
684.69
782.666
791.4
740.186
682.729
653.373
740.708
827.892
632.452
818.002
681.026
767.555
772.031
737.73
726.369
810.712
730.435
673.142
763.822
840.43
794.49
811.863
775.723
707.434
795.383
744.659
714
776.013
745.842
842.204
686.78
697.605
696.932
737.863
750.808
813.299
745.133
727.992
805.637
704.951
803.009
722.489
709.04
736.14
647.062
719.359
730.125
787.88
817.84
803.118
700.982
709.263
777.115
795.046
677.657
755.443
672.351
694.503
787.404
675.552
704.968
673.739
726.551
701.774
651.024
866.553
669.563
786.976
752.203
743.938
753.043
792.024
772.682
709.771
771.965
740.603
840.508
659.198
727.956
734.816
811.673
777.683
701.601
754.772
715.986
813.66
772.718
636.049
787.332
727.415
734.016
791.041
895.779
724.315
794.655
717.347
687.957
720.638
717.451
757.66
675.372
765.062
808.455
781.508
734.208
740.033
856.986
648.278
661.273
842.606
776.934
674.853
749.25
688.921
781.266
715.843
734.531
725.172
833.333
760.027
768.912
727.835
698.738
741.017
657.296
740.203
745.114
682.809
819.184
814.792
689.189
770.947
767.109
770.53
750.48
723.467
789.493
722.405
718.571
906.682
738.935
731.488
735.316
795.95
743.495
743.284
776.718
790.036
747.085
732.262
729.812
791.109
778.064
775.381
708.227
779.302
646.16
857.079
751.128
732.738
739.727
761.165
766.062
665.514
686.272
729.573
695.675
653.956
650.12
814.465
791.717
800.233
818.394
767.284
806.756
759.875
692.125
751.455
730.808
742.988
695.443
739.536
702.983
830.548
680.396
764.1
821.519
726.624
744.537
796.289
762.403
756.574
687.361
665.374
720.648
761.602
726.419
779.425
773.94
812.044
698.12
630.086
696.076
805.401
717.401
730.477
785.627
725.51
754.865
768.662
805.551
778.966
670.545
722.279
718.57
733.894
762.343
745.265
673.415
841.044
725.521
850.866
709.821
780.848
729.589
886.148
830.411
785.929
808.652
742.093
783.414
798.625
738.794
807.909
726.262
879.768
785.339
817.63
707.364
803.799
698.65
790.855
738.52
692.585
841.267
663.43
748.464
670.212
632.996
804.59
695.489
713.409
829.544
713.633
798.56
780.954
762.644
835.394
695.786
764.797
727.683
834.996
706.916
779.317
691.152
750.784
794.378
784.737
693.715
736.401
708.907
837.92
714.114
805.757
688.936
694.495
770.614
737.187
769.413
797.348
770.289
727.506
818.259
738.709
719.694
756.271
672.179
811.568
733.38
757.256
776.295
670.003
830.997
758.678
758.374
764.433
680.551
773.719
805.976
723.987
744.526
803.689
775.156
642.889
701.297
759.581
732.987
765.08
761.962
794.644
662.366
748.572
770.931
804.521
785.703
662.108
756.752
738.051
736.178
743.212
742.58
766.589
726.915
714.035
764.104
806.167
760.768
769.38
749.439
771.919
728.408
712.307
799.592
746.141
795.206
750.229
680.674
788.104
742.634
679.974
623.501
736.515
704.02
670.083
726.527
767.054
787.359
711.301
832.524
760.12
805.472
735.905
817.463
805.731
748.693
842.57
740.474
810.535
703.446
777.86
706.559
783.325
776.488
773.5
728.247
855.804
849.28
678.137
792.168
774.768
820.448
661.202
646.984
723.594
734.503
779.106
725.882
783.531
751.18
808.739
884.202
684.955
780.306
718.91
829.919
779.426
798.893
669.567
666.532
793.471
764.397
745.401
729.585
681.17
844.471
710.885
835.264
746.292
832.729
788.856
698.863
718.486
800.378
761.36
708.294
751.577
687.184
711.36
766.492
719.723
773.854
844.486
832.963
655.093
675.58
776.559
785.792
710.756
705.219
757.619
732.555
845.285
886.135
673.219
729.152
740.668
732.841
732.519
721.984
644.586
764.762
731.273
757.597
719.152
741.543
769.49
681.327
802.025
779.131
790.651
729.162
770.587
732.291
771.332
823.204
739.421
715.563
834.177
672.685
704.935
685.639
788.531
808.835
813.953
709.492
757.673
783.615
841.566
760.663
701.349
845.718
719.896
796.927
715.808
788.324
841.355
753.097
771.605
719.584
764.099
747.219
799.393
745.004
775.221
738.697
720.536
743.913
749.553
763.504
705.243
687.831
721.056
733.286
759.891
827.217
783.084
726.659
777.05
761.832
769.367
705.993
717.34
834.147
662.149
886.638
809.938
749.531
816.682
794.763
779.363
689.632
798.817
783.269
761.147
779.722
827.043
711.133
823.714
736.845
689.07
719.528
805.466
719.731
698.682
696.762
706.18
629.874
726.98
788.717
784.684
836.3
715.987
692.611
798.288
759.582
777.533
819.603
799.492
710.733
783.086
686.66
732.929
789.009
702.831
697.621
711.513
724.319
751.748
700.057
730.308
788.132
802.924
795.852
702.018
817.218
795.657
720.172
751.897
713.858
734.807
765.446
752.932
766.323
804.752
813.215
737.883
793.229
839.487
675.348
740.264
758.379
686.932
738.323
749.22
713.682
732.754
777.259
765.786
751.434
791.092
621.766
669.296
670.668
801.439
736.221
741.046
678.976
690.447
664.202
811.423
695.524
768.169
710.205
777.573
714.271
642.002
635.401
789.189
839.208
738.617
785.781
783.769
750.806
651.045
748.96
718.687
814.824
732.26
775.248
722.16
740.278
725.576
812.089
738.538
712.132
784.185
731.734
666.376
857.032
770.449
803.993
806.071
739.876
801.756
699.757
783.169
832.344
741.305
826.173
728.206
712.298
876.598
672.702
806.536
703.944
698.687
767.838
763.75
847.003
774.931
876.886
653.9
768.838
738.048
668.744
780.092
662.056
843.479
755.505
733.475
722.27
665.045
762.942
783.136
781.92
707.514
886.097
815.675
671.409
735.957
606.902
809.371
670.887
699.324
797.216
725.189
725.271
662.581
734.147
717.31
720.626
797.244
671.95
717.944
718.313
773.813
691.429
851.897
786.552
655.556
834.544
673.341
721.358
759.866
762.596
722.541
706.292
851.163
728.755
771.096
780.516
725.864
775.743
792.925
745.61
767.134
735.493
884.228
735.169
768.315
691.006
855.061
884.398
778.983
775.731
749.653
831.621
778.339
658.269
782.291
716.459
820.234
751.626
730.47
646.27
702.278
768.387
773.494
775.354
764.668
735.973
725.592
759.043
774.814
657.935
729.822
697.144
736.22
715.546
662.874
745.397
791.084
717.027
803.834
688.831
734.324
670.328
720.714
886.397
855.294
775.94
767
712.976
696.405
819.895
727.752
703.117
827.424
698.73
768.765
756.085
743.964
935.231
771.655
851.282
761.244
763.742
696.658
842.499
785.609
724.174
769.996
769.62
760.784
746.379
694.854
766.604
750.138
708.505
766.348
824.678
660.799
658.926
689.849
706.506
741.124
733.486
710.619
742.784
751.71
781.764
788.634
880.82
728.855
754.822
790.419
733.688
742.731
798.556
806.589
735.767
712.264
670.693
699.633
676.478
736.475
824.471
703.112
691.115
690.94
816.392
776.527
720.794
741.638
887.863
788.245
738.273
755.601
714.102
727.229
831.186
769.741
890.109
772.175
810.49
680.903
794.121
727.234
861.05
780.614
738.127
639.753
690.61
916.061
688.333
819.305
775.415
819.699
646.378
764.52
640.918
673.016
779.889
796.613
885.812
709.331
789.511
754.432
778.033
828.41
737.325
745.538
724.703
822.581
735.871
751.377
787.356
606.553
647.309
726.449
837.681
726.16
746.85
760.472
751.894
711.75
682.079
794.195
753.322
746.284
667.298
700.385
761.192
746.689
711.097
802.238
715.743
718.334
749.866
697.331
773.274
697.389
813.056
608.734
735.413
792.226
705.244
655.45
717.312
791.289
754.151
752.617
686.475
726.527
689.23
690.1
838.547
763.434
705.29
748.709
695.911
834.504
718.494
767.764
804.807
703.298
701.16
727.759
736.815
703.312
801.591
656.474
745.984
721.815
796.668
818.91
749.838
793.592
786.592
819.05
615.658
742.065
725.918
748.884
734.016
701.083
785.305
710.214
698.829
744.823
772.889
749.965
790.547
736.656
696.45
712.743
687.868
738.159
794.347
755.598
752.985
738.657
791.163
757.298
669.06
707.3
687.714
715.524
798.402
839.551
719.478
680.048
700.015
703.252
833.583
764.168
732.853
739.734
750.984
723.787
804.998
694.963
780.934
895.35
741.024
734.154
757.76
711.635
812.827
802.1
665.564
837.348
776.926
690.633
752.431
726.385
790.705
720.678
734.851
857.197
746.561
799.078
727.295
820.18
758.483
734.978
699.024
722.99
832.071
764.366
822.161
752.132
860.386
795.923
776.275
715.299
683.424
681.921
644.863
701.759
753.98
817.077
695.76
802.449
749.087
798.691
759.991
815.124
849.881
731.363
767.492
676.092
778.956
770.831
699.464
706.224
766.901
782.628
724.322
721.627
707.277
767.86
819.555
750.951
684.108
884.353
755.024
714.953
816.791
769.738
737.371
785.712
720.077
807.701
794
849.362
749.335
766.452
735.351
780.624
737.816
778.659
761.488
822.595
700.307
680.18
774.184
750.908
715.555
733.921
818.734
790.036
792.923
808.124
757.636
794.307
742.892
790.098
722.35
690.524
655.047
696.296
708.099
705.749
675.666
755.429
747.771
715.389
747.724
756.674
717.301
643.7
808.98
802.365
770.184
669.644
606.327
807.471
718.926
741.753
695.251
675.151
785.23
871.485
730.037
736.748
689.845
705.156
721.809
750.553
733.93
758.8
754.105
765.969
734.51
705.911
731.584
770.544
787.605
746.409
789.613
755.2
767.731
757.885
620.202
660.141
707.131
767.346
765.954
681.089
721.531
732.066
769.908
792.882
754.961
648.548
728.834
781.619
754.358
800.925
769.536
747.495
730.49
750.839
775.267
708.17
663.005
677.854
706.952
743.679
712.596
729.952
655.002
749.612
693.426
707.204
786.465
724.661
790.304
703.863
799.724
647.925
816.822
667.531
733.281
801.391
716.661
703.112
774.73
725.318
761.039
692.169
721.599
735.334
651.991
786.126
792.985
792.074
711.611
808.896
758.907
716.062
790.342
685.299
678.278
734.58
786.607
736.562
755.642
697.579
777.502
783.126
793.438
708.937
896.436
820.31
765.773
775
684.453
787.619
794.345
768.091
639.326
822.83
797.983
799.529
695.074
680.663
714.256
783.702
757.325
795.52
706.699
756.604
686.014
738.245
669.102
807.547
712.885
661.316
717.545
743.155
728.549
794.171
743.933
797.147
643.346
745.128
755.537
732.994
757.315
724.868
815.877
762.995
792.374
773.07
735.658
765.286
662.824
738.302
663.498
759.968
785.713
693.772
775.342
763.986
798.538
793.669
676.094
662.981
835.057
771.562
733.371
700.907
725.505
703.094
911.857
731.813
744.081
817.442
767.136
844.606
746.871
709.686
791.312
693.319
783.95
749.966
692.672
833.319
758.427
727.075
748.921
762.76
657.989
803.024
666.972
708.867
745.071
884.836
695.913
782.088
801.049
705.736
776.687
768.527
705.153
690.542
670.795
771.236
698.713
641.556
760.341
735.789
804.176
778.154
739.577
673.587
767.2
724.522
660.107
711.23
768.961
717.437
605.646
733.962
770.533
762.548
652.784
687.239
762.926
724.173
736.916
753.757
717.134
843.455
739.833
731.701
789.986
816.841
837.3
699.166
696.372
750.54
779.68
777.292
734.157
738.863
727.637
683.669
761.039
703.165
827.911
719.586
730.095
758.48
743.786
685.057
681.298
827.952
832.793
719.782
819.28
764.449
731.733
662.596
735.358
656.332
726.533
688.891
696.201
651.095
754.336
729.754
730.43
773.638
704.853
745.269
715.586
818.023
672.732
742.303
763.046
731.808
739.779
687.099
749.66
728.755
836.842
798.761
788.762
778.148
776.679
747.041
924.755
777.586
810.829
785.858
693.109
740.985
739.855
862.79
708.98
739.401
736.109
731.302
661.407
735.836
844.316
725.929
725.086
792.413
827.193
776.325
736.703
733.155
783.224
659.293
670.662
731.041
717.342
659.964
842.338
773.375
731.959
742.769
756.913
684.93
802.976
742.579
775.286
722.847
833.133
724.363
659.165
712.255
763.386
746.608
701.407
757.167
733.267
669.781
765.709
700.944
760.12
748.466
713.206
745.86
850.557
750.599
766.029
813.576
714.011
800.815
886.138
670.3
711.127
796.351
766.153
776.276
715.533
755.64
709.24
702.201
813.498
804.34
756.927
761.894
746.004
683.535
745.611
729.723
727.84
817.716
832.717
761.06
718.506
710.457
686.434
832.382
810.152
804.576
666.985
757.45
684.674
773.296
682.893
756.878
804.3
783.093
738.712
703.638
715.857
713.228
762.463
736.524
762.241
755.798
761.382
744.563
806.668
723.506
810.009
682.117
767.98
811.555
831.585
677.972
704.888
717.532
680.898
700.399
656.989
802.3
785.916
725.195
821.759
724.396
836.24
831.731
753.307
749.507
690.399
788.777
710.744
732.114
849.872
715.419
739.8
796.076
759.611
726.534
759.049
700.342
709.033
801.039
768.769
867.605
780.742
706.192
721.238
675.916
828.912
706.049
729.099
750.068
704.851
722.559
793.255
810.235
873.667
672.953
780.821
794.284
717.22
703.664
761.473
740.476
761.73
716.158
730.203
771.302
705.067
761.311
860.006
711.184
763.739
797.907
831.407
790.558
802.002
739.606
736.061
694.164
759.227
732.524
793.417
811.876
885.247
811.844
745.398
739.095
745.774
750.427
813.68
791.115
787.816
721.616
696.14
795.275
684.71
775.624
783.821
820.974
776.466
772.877
708.521
875.738
713.026
683.332
750.301
699.071
695.796
725.589
860.272
746.868
756.308
730.929
823.633
783.823
734.906
756.581
637.221
744.577
695.82
729.884
798.017
754.03
800.51
750.389
758.852
680.037
740.487
685.387
674.508
785.89
854.277
703.155
633.937
777.178
837.968
742.766
822.395
707.052
806.38
804.384
768.793
640.926
712.38
802.937
782.89
783.78
689.287
740.547
794.381
791.902
736.993
758.746
799.198
702.024
786.05
762.663
673.905
791.951
729.628
775.702
830.872
693.319
651.73
712.038
696.62
718.541
776.119
788.1
830.142
741.151
777.046
750.701
758.14
791.55
743.068
770.39
734.348
859.425
732.916
730.382
745.646
703.012
778.483
778.273
698.082
730.083
723.329
713.856
808.121
727.658
801.35
743.84
677.401
824.07
711.974
724.169
777.556
713.58
751.474
663.554
784.067
719.632
713.222
691.486
775.033
794.35
793.175
797.646
732.673
690.441
845.107
748.647
679.168
704.409
726.449
701.22
695.363
765.447
731.783
733.207
662.911
737.17
761.74
756.533
681.568
900.142
806.239
751.611
735.975
728.288
705.933
693.322
726.521
687.096
787.281
750.327
698.221
726.821
771.046
761.027
762.105
758.989
687.457
914.61
678.765
746.717
805.332
622.603
727.222
733.261
819.419
800.676
724.315
600.817
760.522
746.533
761.248
735.83
846.393
719.972
786.188
702.774
658.717
680.892
811.162
749.673
753.216
736.89
819.857
662.631
751.981
790.059
741.791
695.309
732.128
715.054
887.862
773.422
768.403
771.295
724.56
784.443
779.775
800.487
639.08
716.56
675.944
786.685
865.36
696.957
633.572
703.616
720.829
821.608
714.686
768.117
726.737
739.769
778.227
657.791
778.273
816.424
656.537
794.442
703.121
807.001
757.72
790.58
698.107
711.04
733.829
732.045
707.819
776.549
736.274
821.257
749.517
779.8
684.304
796.864
767.22
756.246
821.432
668.149
733.05
722.787
684.134
753.37
744.358
796.026
740.906
846.748
745.724
739.238
741.864
712.695
709.599
752.382
729.4
779.103
701.175
776.548
749.039
840.453
808.174
785.692
763.057
770.518
727.375
751.011
834.253
708.339
728.952
725.677
750.222
777.589
715.871
750.574
837.611
704.859
769.806
820.4
769.576
731.853
770.249
660.25
717.572
759.251
729.773
831.853
759.094
693.113
762.201
662.68
759.901
737.746
766.848
740.944
653.095
679.861
685.021
748.702
755.917
767.799
782.711
722.16
782.335
798.654
797.041
734.638
815.682
764.449
674.502
820.69
783.629
741.344
818.86
829.424
689.947
728.59
777.123
676.914
794.007
713.632
707.073
784.629
831.769
737.466
744.479
708.967
735.778
770.26
705.899
752.454
708.901
748.376
790.568
723.13
695.443
734.038
872.962
751.839
715.879
811.494
735.071
775.217
784.807
692.223
759.954
691.175
865.622
720.054
776.784
781.132
699.265
749.92
754.345
751.9
663.737
750.424
721.961
782.952
747.573
750.125
782.053
763.032
717.495
819.973
680.684
765.019
771.019
727.165
770.54
758.638
836.154
773.758
839.143
755.634
813.076
766.255
702.581
671.75
666.96
859.913
719.734
786.073
861.022
688.644
794.252
783.54
778.08
768.3
755.27
697.117
721.973
699.402
690.656
764.761
705.597
773.596
752.358
656.682
745.237
763.078
708.087
738.596
749.014
665.036
809.75
754.914
622.97
659.695
727.779
743.276
735.389
727.266
671.616
734.148
765.481
709.253
651.075
792.995
691.011
799.991
650.839
766.466
640.722
789.473
758.661
708.494
788.996
701.064
751.178
749.981
741.306
692.203
771.629
842.18
797.611
709.304
645.767
724.502
700.097
732.379
737.115
852.529
746.933
822.308
813.905
781.25
796.534
686.346
643.463
769.21
765.342
729.766
768.369
800.858
740.605
741.726
764.659
674.801
747.016
726.82
718.188
783.558
682.078
730.877
684.217
675.945
753.113
696.51
745.589
900.529
690.986
656.565
656.09
788.443
750.409
807.535
798.956
598.924
803.889
759.973
777.918
786.13
739.531
704.777
807.109
651.646
708.901
810.246
719.348
771.032
731.76
729.288
692.098
602.237
825.213
739.43
743.89
740.672
810.543
758.365
723.219
730.251
786.636
738.638
867.567
748.682
833.669
728.996
763.434
794.55
786.016
757.338
692.832
793.446
714.624
826.159
793.737
818.634
793.315
740.644
734.818
748.095
771.56
727.867
689.905
735.025
754.118
746.68
766.603
738.72
782.555
759.289
779.714
780.875
699.434
714.612
697.308
798.303
831.869
735.047
756.224
852.209
693.746
862.681
717.209
719.07
737.94
770.554
794.866
704.858
765.178
659.749
709.18
705.112
747.005
727.854
730.976
740.481
819.175
724.217
669.711
625.596
734.494
763.84
738.719
659.255
694.06
725.813
674.589
788.484
688.702
728.694
674.014
786.833
806.398
751.731
680.301
683.673
706.052
767.75
720.998
754.299
716.365
794.37
678.636
732.993
760.732
737.889
686.086
680.743
860.45
815.671
761.195
717.334
753.831
756.915
779.525
714.985
732.715
724.03
705.855
687.286
766.962
741.118
832.491
701.864
712.327
760.433
727.916
656.88
760.96
680.268
780.384
738.557
682.424
739.5
811.855
688.32
661.7
676.406
771.18
743.955
793.236
736.107
814.878
784.928
759.935
716.461
768.129
757.317
775.012
739.49
702.719
772.648
864.085
777.05
731.025
808.205
711.96
807.344
672.264
791.034
805.191
776.326
675.887
788.744
751.664
690.611
779.413
690.976
686.792
659.978
696.502
789.762
777.266
771.201
763.154
785.805
835.232
751.535
857.089
711.611
735.529
696.655
778.657
761.562
738.035
716.717
720.021
785.034
637.042
771.419
725.385
804.223
678.427
850.58
871.528
727.941
776.911
738.482
699.473
753.684
758.275
739.825
792.467
770.967
758.268
747.598
725.142
719.1
645.686
752.855
729.276
706.241
769.238
691.338
823.18
808.075
819.55
838.101
745.715
722.104
789.763
804.914
672.911
648.611
703.266
836.714
781.193
755.064
817.236
745.464
714.141
840.741
783.822
652.248
741.679
785.173
778.932
660.777
733.135
809.284
695.13
814.629
686.992
716.236
709.841
734.122
771.383
770.047
795.213
697.324
696.805
864.804
751.41
756.622
695.95
790.005
731.017
748.046
688.971
647.682
740.877
729.613
742.196
653.122
805.578
814.428
695.332
730.476
702.832
672.274
713.974
883.553
756.061
716.395
734.388
771.767
868.186
699.216
783.832
765.278
689.086
806.404
794.638
781.797
815.785
839.053
728.706
678.329
802.971
760.256
800.693
751.013
756.161
768.297
815.022
756.708
679.204
845.54
748.203
725.7
802.809
732.855
680.679
906.955
784.154
751.171
778.132
693.141
798.759
762.173
852.487
711.109
819.692
699.121
723.974
710.316
692.497
819.946
734.817
741.779
725.953
689.043
742.211
698.194
812.084
679.252
799.767
745.774
815.164
851.642
730.985
761.927
698.82
828.87
705.291
641.341
662.884
760.173
647.668
752.366
705.962
668.194
751.352
743.226
747.005
737.841
764.162
827.129
704.679
661.474
733.536
696.576
697.864
848.152
671.802
704.627
739.662
650.401
742.849
722.38
648.026
790.255
709.067
816.547
778.833
676.385
704.069
684.189
751.062
705.807
751.133
820.116
754.847
730.609
738.594
675.312
840.969
751.829
736.031
776.354
708.994
693.923
825.683
768.991
722.829
724.67
703.793
687.928
822.055
759.811
741.593
743.295
775.001
654.06
775.916
750.734
693.235
688.839
689.821
678.414
791.643
873.836
787.874
749.373
733.585
673.937
753.149
792.647
717.347
790.662
701.486
676.605
813.615
726.279
829.413
766.683
849.704
659.255
743.478
753.341
684.957
790.059
787.201
732.151
792.596
730.912
689.698
853.866
853.835
707.344
766.04
699.82
684.091
701.472
781.802
771.694
779.155
760.105
790.156
676.161
759.424
754.005
676.826
725.694
763.88
753.534
757.403
719.96
680.649
648.708
780.769
748.952
744.118
612.201
820.47
627.547
718.711
750.574
704.363
791.918
725.235
738.137
836.924
767.995
730.887
647.611
741.949
820.754
706.523
782.124
688.908
749.805
786.943
727.059
824.979
910.176
703.116
756.951
759.974
708.539
679.486
771.936
753.204
766.485
655.734
760.016
874.541
707.295
688.91
710.028
698.809
714.62
730.194
788.251
706.885
765.213
756.817
905.181
872.591
673.983
706.815
736.288
669.537
781.487
839.649
618.058
727.393
734.964
718.778
766.006
748.341
796.291
900.144
717.864
728.555
677.992
716.074
706.148
693.452
750.063
745.507
755.383
785.096
669.71
833.711
688.478
781.279
775.735
711.687
716.748
712.785
756.303
676.26
780.992
740.811
711.508
811.625
663.566
787.114
721.467
786.817
780.666
741.23
830.045
740.24
712.749
865.984
767.354
651.266
701.754
659.453
699.031
643.978
787.899
699.522
748.553
649.575
754.192
798.483
758.86
669.319
749.626
832.697
753.028
670.297
769.225
772.034
752.558
666.044
777.906
728.618
819.135
753.556
782.288
740.049
783.801
598.966
813.388
723.507
706.33
649.967
790.834
683.038
700.991
668.224
712.176
754.807
886.715
743.128
694.482
768.889
737.237
813.242
736.282
747.495
756.753
636.185
625.659
730.717
695.006
661.884
782.206
747.586
762.414
678.531
664.41
606.483
782.918
777.012
711.992
781.318
725.134
713.182
717.811
699.611
759.569
683.861
816.957
676.01
774.35
684.541
808.56
849.349
758.99
743.975
680.24
760.026
744.747
699.473
765.751
690.908
879.922
765.037
647.383
665.435
797.74
789.845
787.443
781.732
690.798
729.462
709.258
772.789
709.605
784.064
753.874
823.761
876.866
716.541
782.696
756.525
720.885
790.205
848.846
718.879
764.787
756.935
623.008
658.781
737.614
771.602
776.697
760.704
816.191
706.871
751.4
832.455
789.197
694.278
719.322
666.091
794.289
677.335
709.061
650.311
786.869
689.075
884.182
660.322
794.237
644.929
744.074
816.28
776.928
749.125
756.501
743.585
766.298
690.372
784.646
740.624
768.609
776.639
753.141
703.511
803.468
784.291
777.496
752.292
768.036
766.848
818.319
682.92
747.739
721.59
762.582
712.211
826.377
588.841
855.888
852.888
666.3
690.203
809.102
739.62
695.331
754.136
708.095
671.831
727.197
733.866
845.55
654.382
733.821
870.461
778.629
689.502
755.656
859.784
824.13
741.917
595.169
762.429
771.583
735.529
726.38
760.696
780.588
692.659
841.128
755.347
738.011
798.261
740.695
727.572
720.041
737.758
797.485
670.824
713.371
793.239
615.387
809.041
822.597
719.009
848.045
740.041
688.421
711.787
750.064
701.628
738.308
690.857
704.919
700.754
723.943
703.913
727.734
870.186
714.915
714.061
770.514
740.201
679.285
729.355
778.492
801.12
722.13
710.873
689.194
722.154
760.71
732.528
751.818
692.251
827.952
810.177
675.12
824.823
766.474
753.155
721.9
815.479
742.748
720.5
780.31
817.936
786.003
734.224
659.795
696.112
783.594
678.933
806.929
717.152
854.385
740.736
774.088
747.541
703.496
702.218
739.354
736.63
727.186
804.81
700.05
683.263
733.408
756.126
707.219
846.326
801.543
708.851
767.174
764.278
647.144
755.734
694.294
781.691
741.963
790.546
677.72
760.11
733.624
738.64
658.373
732.021
683.479
753.709
902.978
760.573
746.415
696.429
808.271
774.768
791.921
757.416
728.408
772.878
751.034
681.311
768.9
751.61
846.597
704.807
650.817
788.642
816.552
701.339
797.134
723.839
793.208
782.488
750.931
685.257
748.444
679.675
640.335
772.767
813.728
668.935
870.974
787.642
774.272
720.207
746.103
815.879
695.631
774.887
709.758
704.381
822.974
678.138
712.027
710.062
763.889
768.754
716.128
597.727
780.973
797.578
794.574
752.265
777.335
722.258
776.643
730.81
726.675
752.257
707.139
771.961
791.313
756.394
730.045
775.746
633.365
669.613
754.103
729.641
803.023
799.065
618.699
712.395
651.606
709.582
721.044
726.37
750.934
774.876
758.528
775.848
732.198
754.497
788.949
760.532
750.951
655.091
670.729
788.952
699.052
775.57
684.246
782.73
712.559
719.236
767.824
772.346
823.34
689.2
802.181
748.886
711.027
753.721
829.34
719.056
680.73
702.841
695.835
861.096
831.906
756.877
751.018
786.31
724.16
728.356
739.888
743.617
815.169
682.37
667.582
854.816
741.672
820.73
638.213
766.467
718.3
804.038
684.072
692.931
679.999
714.765
700.16
706.231
762.29
629.141
739.512
813.433
774.705
778.943
704.213
685.939
771.58
791.851
718.411
734.694
762.579
692.072
707.327
810.235
810.013
708.094
749.923
699.931
752.092
762.016
790.02
699.757
765.267
707.458
724.94
740.722
710.21
715.57
716.371
827.622
681.919
722.02
817.185
738.712
750.232
725.135
781.769
723.515
742.076
727.533
801.852
754.931
705.477
718.161
794.474
768.63
779.927
743.938
690.78
691.689
791.345
862.82
797.329
733.502
742.347
705.473
735.648
771.236
683.6
786.636
719.803
746.936
749.425
697.465
777.942
736.855
736.138
753.629
817.765
665.307
783.876
684.279
751.001
823.789
713.373
693.442
743.573
765.257
578.605
768.969
783.388
772.129
698.575
739.868
756.265
741.911
685.903
664.962
713.27
684.034
725.143
675.874
646.997
742.657
782.107
768.535
685.968
689.518
709.762
676.798
809.706
780.312
809.902
685.908
661.604
818.535
740.431
727.764
640.981
636.504
783.101
753.331
820.932
659.143
765.369
804.874
746.136
784.984
740.139
669.687
787.145
680.176
719.153
763.342
704.742
703.986
809.569
787.83
792.174
750.271
704.244
850.034
683.383
650.653
704.898
664.972
874.109
870.624
