2253.02
2298.46
2239.61
2157.42
2169.74
2229.06
2142.48
2181.83
2409.1
2355.03
2288.24
2247.72
2124.9
1989.43
2074.76
2384.02
2210.98
2276.06
2343.51
2165.33
2127.08
2279.44
2146.61
2260.16
2226.76
2195.01
2257.83
2269.92
2328.6
2301.56
2197.43
2164.24
2205.33
2168.18
2314.39
2196.81
2172.25
2165.87
2155.72
2425.83
2620.96
2266.29
2190.75
2174.22
2063.09
2171.11
2241.21
2176.49
2097.2
2302.71
2329.11
2202.75
2164.96
2275.95
2216.09
2054.07
2298.67
2260.21
2209.57
2219.33
2213.17
2299.14
2266.57
2303.66
2244.71
2213.8
2235.96
2221.54
2536.59
2357.31
2200.42
1985.97
2104.51
2362.9
2292.66
2301.85
2226.26
2120.28
2149.09
2181.5
2263.16
2261.5
2284.3
2121.61
2324.39
2196.24
2352.56
2036.35
2094.99
2320.68
2292.85
2104.65
2267.1
2292.16
2170.66
2337.57
2370.27
2239.3
2117.52
2292.54
2163.63
2117.39
2259.98
2044.59
2198.75
2216.72
2336.31
2260.49
2198.69
2233.02
2365.87
2147.64
2160.2
2254.76
2072.87
2009.78
2184.88
2120.19
2091.09
2173.64
2149.5
2256.92
2229.3
2102.13
2265.43
2240.83
2348.45
2313.64
2092.12
2057.9
2329.35
2210.57
2239.43
2029.09
2238.45
2377.82
2252.04
2418.37
2314.75
2260.36
2145.64
2232.14
2167.95
2147.91
2136.93
2147.81
2304.13
2391.15
2196.35
2325.16
1926.47
2184.78
2177.78
2354.32
2260.17
2283.41
2242.01
2122.5
2029.34
2185.04
2252.63
2235.95
2278.33
2197.53
2201.73
2407.69
2203.58
2300.9
2453.44
2199.06
2220.29
2336.15
2120.18
2411.97
2135.48
2138.71
2422.39
2134.38
2290.94
2212.54
2119.51
2280.58
2199.55
2059.28
2293.33
2191.92
2338.47
2156.46
2128.08
2276.78
2298.24
2250.38
2188.05
2198.28
2283.69
2269.05
2137.12
2183.67
2430.09
2294.02
2241.04
2067.79
2318.79
2121.86
2216.29
2169.86
2217.62
2347.06
2062.48
2285.49
2285.83
2198.17
2092.63
2222.63
2143.75
2207.05
2250.9
2094.66
2143.65
2162.99
2305.41
2080.69
2283.73
2078.46
2080.48
2207.82
2249.35
2294.59
2295.58
2317.45
2273.04
2247.73
2259.18
2329.31
2236.9
2112.67
2285.04
2326.77
2093.75
2224.46
2361.76
2313.05
2391.59
2013.29
2240.68
2139.97
2289.4
2304.28
2239.84
2227.99
2283.04
2225.21
2128.8
2229.99
2132.17
2312.01
2204.15
2322.2
2165.53
2291.6
2158.56
2466.23
2249.12
2177.55
2104.09
2057.74
2495.25
2228.54
2275.14
2214.26
2242.67
2268.13
2308.3
2305.54
2456.35
2226.01
2234.62
2227.54
2297.06
2150.2
2067.98
2203.54
2245.11
2198.1
2235.88
2244.24
2125.22
2286.97
2096.37
2289.17
2227.85
2117.71
2145.7
2263.66
2219.87
2133.67
2265.53
2278.12
2306.26
2243.1
2456.43
2122.99
2227.59
2097.01
2092.18
2080.78
2299.42
2236.27
2290.65
2296.47
2153.03
2347.36
2090.73
2257.03
2173.12
2246.82
2237.17
2231.6
2067.83
2256.13
2283.59
2349.03
2225.26
2280.53
2143.99
2236.4
2279.08
2341.95
2167.66
2000.69
2215.11
2122.01
2277.65
2129.98
2257.72
2284.36
2145.91
2154.53
2139.86
2092.59
2265.45
2181.9
2400.34
2098.26
2247.6
2198.82
2198.48
2209.58
2070.1
2273.41
2294.52
2201.3
2229.83
2268.51
2283.62
2089.95
2190.63
2050.51
1971.79
2196.49
2256.86
2334.81
2302.87
2102.11
2172.62
2083.28
2342.08
2342.37
2142.97
2259.61
2287.96
2164.73
2425.53
2272.08
2202.67
2384.39
2136.68
2196.99
2310.35
2209.4
2220.04
2113.33
2076.52
2270.05
2143.95
2201.15
2193.43
2227.99
2239.97
2223.65
2261.72
2263.63
2310.88
2295.44
2327.4
2005.81
2287.46
2282.08
2224.56
2223.75
2134.71
2221.49
2029.2
2332.72
2292.03
2142.73
2105.29
2309.77
2206.4
2210.03
2199.28
2291.25
2120.79
2084.94
2328.33
2324.34
2326.44
2206.6
2178.76
2169.88
2145.46
2347.13
2275.16
2395.06
2189.3
2338.85
2264.25
2262.73
2082.48
2200.05
2324.12
2108.27
2185.98
2200.81
2211.6
2009.84
2101
2433.45
2348.01
2350.68
2141.79
2132.06
2499.07
2228.79
2143.66
2143.14
2222.8
2113.61
2078.23
2146.44
2166.32
2404.52
2093.02
2153.97
2181.43
2197.65
2137.8
2202.23
2175.81
2186.2
2322.42
2120.79
2219.14
2216.02
2199.5
2301.12
2095.14
2274.23
2282.75
2192.01
2291.91
2107
2320.98
2351.97
2235.81
2170.54
2156.7
2217.03
2327.13
2229.65
2047.89
2048.55
2141.27
2223.85
2153.41
2198.99
2244.15
2358.44
2208.82
2177.28
2305.6
2114.75
2383.77
2120.65
2150.5
2235.38
2094.6
2264.69
2178.02
2255.42
1991.7
2195.91
2220.53
2189.18
2137.9
2351.15
2159.9
2210.5
2067.34
2360.96
2297.18
2083.72
2315.7
2376.41
2322.32
2100.65
2110.49
2145.74
2171.03
2268.22
2179.28
2199.17
2350.98
2222.02
2289.98
2171.07
2336.8
2207.18
2089.76
2266.75
2078.46
2260.34
2200.89
2235.7
2124.89
2260.85
2416.91
2209.22
2303.04
2259.1
2235.4
2199.97
2291.89
2221.38
2247.43
2203.68
2215.75
1993.92
2226.43
2325.48
2104.41
2314.94
2196.75
2122.5
2192.99
2147.24
2155.71
2139.35
2240.09
2173.32
2379.07
2090.84
2274.73
2275.74
2257.84
2209.5
2305.32
2298.72
2263.32
2040.56
2372.27
2185.85
2059.45
2145.34
2260.74
2253.53
2347.86
2249.54
2220.33
2125.97
2263.67
2227.51
2304.43
2033.79
2254.94
2324.54
2348.38
2198.08
2207.42
2202.04
2250.14
2227.28
2369.94
2057.79
2138.79
2142.19
2437.42
2203.83
2335.68
2314.88
2244.38
2219.99
2052.56
2176.29
2225.14
2146.15
2182.77
2192.39
2169.57
2161.33
2252.75
2198.33
2469.41
2257.05
2236.18
2046.12
2181.57
2118.65
2108.21
2410.88
2166.66
2316.33
2310.92
2292.58
2198.82
2161.71
2199.49
2254.05
2112.15
2212.58
2095.84
2350.18
2209.64
2380.3
2316.44
2343.58
2156.52
2414.88
2330.29
2295.4
2173.41
2182.68
2228.79
2209.85
2238.17
2220.03
2133.33
2320.48
2226.2
2255.82
2150
2279.56
2099.41
2201.93
2264.59
2244.21
2328.94
2111.08
2407.48
2322.24
2335.71
2347.67
2208.16
2268.4
2166.64
2225.54
2294.88
2183.59
2231.27
2249.42
2247.59
2347.06
2063.21
2287.33
2210.85
2194.82
2063.34
2177.69
2132.71
2321.32
2375.55
2340.2
2165.01
2153.95
2243.84
2265.72
2167.68
2222.41
2130.59
2163.12
2094.95
2332.21
2302.12
2389.36
2143.43
2234.1
2050.59
2240.92
2172.93
2151.45
2314.08
2313.29
2088.69
2224.55
2247.99
2073.64
2270.44
2250.94
2228.03
2168.3
2021.49
2211.04
2132.78
2357.84
2294.01
2051.08
2174.77
2384.32
2405.37
2167.94
2397.63
2330.44
2224.51
2001.35
2234.41
2249.45
2184.3
2300.26
2265.36
2123.25
2136
2300.78
2060.88
2109.12
2368.35
1970.3
2187.44
2261.46
2054.55
2256.12
2106.42
2403.64
2303.78
2159.65
2229.68
2294.3
2325.43
2232.66
2357.65
2060.18
2144.6
2273.86
2263.84
2214.19
2137.38
2242.32
2146.51
2200.37
2183.93
2168.68
2259.67
2248.38
2258.86
2362.07
2170.37
2192.83
2213.57
2160.1
2433.76
2167.74
2173.61
2142.42
2178.06
2314.12
2411.87
2376.31
2106.53
2127.35
1949.56
2311.77
2044.11
2240.13
2263.7
2206.36
2261.99
2156.26
2154.87
2157.87
2003.72
2313.52
2299.94
2292.59
2069.37
2317.91
2466.84
2331.25
2246.47
2246.16
2284.41
2236.97
2272.84
2430.03
2171.44
2170.48
2206.24
2003.79
2284.61
2321.02
2185.66
2481.66
2315.3
2040.12
2186.55
2134.79
2215.49
2227.04
2043.58
2334.22
2173.46
2305.5
2060.56
2082.93
2128.07
2166.7
2365.3
2225.87
2406.83
2174.52
2272.76
2274.82
2060.72
2191.94
2117.57
2212.95
2271.33
2217.86
2136.12
2335.44
2317.56
2189.65
2263.75
2372.83
2194.93
2117.2
2166.44
2313.39
2448.54
2209.89
2547.69
2422.3
2279.91
1988.58
2281.43
2102.16
2156.51
2016.77
2214.71
2075.32
2120.26
2119.34
2190.51
2179.57
2284.35
2102.12
2212.91
2065.19
2424
2343.96
2252.5
2203.23
2143.9
2097.03
2267.46
2071.24
2333.23
2168.24
2205.81
2262.17
2102.55
2146.78
2194.8
2162.36
2271.48
2084.17
2218.55
2245.83
2119.13
2168.51
2145.72
2383.53
2110.58
2269.25
2432.6
2382.09
2132.3
2296.07
2076.99
2152.63
2328.79
2288.69
2325
2158.29
2272.91
2277.47
2201.76
2331.27
2144.02
2189.39
2317.11
2267.56
2138.19
2274.43
2160.3
2352.52
2321.96
2188.74
1968.55
2207.24
2075.61
2228.38
2218.86
2173.73
2113.55
2402.02
2222.56
2164.75
2148.4
2096.62
2274.99
2219.34
2231.09
2193.26
2294.22
2307.35
2207.42
2316.21
2211.3
2244.9
2211.81
2013.42
2137.05
2217.81
2141.59
2357.66
2328.85
2112.16
2167.34
2337.41
2340.47
2058.5
2071.97
2147.73
2282.38
2090.62
2281.52
2249.79
2285.26
2196.92
2286.53
2223.62
2284.2
2282.63
2194.04
1979.39
2248.19
2267.34
2247.58
2176.03
2253.49
2196.62
2168.71
2256.43
2096.44
2175.53
2278.69
2302.14
2140.86
2384.79
2130.9
2276.09
2064.82
2141.63
2232.06
2332.43
2031.71
2196.81
2134.73
2225.27
2321.32
2361.62
2091.36
2263.17
2251.19
2150.44
2286.17
2252.79
2297.92
2408.66
2322.14
2275.96
2197.71
2259.77
2074.14
2280.29
2159.23
2167.15
2339.16
2106.84
2288.61
2331.84
2260.68
2326.93
2331
2431.81
2239.8
2330.46
2081.14
2125.16
2294.38
2314.13
2053.92
2086.66
2247.61
2139.49
1930.1
2122.49
2099.79
2222.55
2224.48
2151.15
2297.39
2153.64
2255.81
2149.53
2154.93
2203.27
2163.49
2273.8
2118.08
2068.04
2229.08
2212.6
2122.08
2447.88
2325.6
2262.63
2228.14
2341.16
2217.6
2087.54
2083.23
2097.81
2327.26
2441.86
2035.48
2368.49
2227.5
2314.88
2162.04
2135.61
2359.91
2272.45
2222.67
2233.16
2171.02
2276.47
2334.87
2141.57
2356.39
2069.93
2276.75
2116.19
2247.46
2370.19
2203
2231.82
2298.35
2257.44
2354.3
2033.41
2130.32
2269.33
2124.84
2150.28
2058.96
2111.14
2235.7
2307.26
2458.09
2278.78
2146.94
2071.31
2191.48
2119.04
2234.94
2165.99
2326.67
2276
2113.58
2147.26
2209.44
2272.37
2161.34
2148.66
2125.93
2297.42
2177.34
2144.5
2238.23
2155.3
2188.95
2330.42
2339.76
2227.92
2300.01
2499.51
2406.28
2129.56
2284.75
2400.78
2186.68
2382.64
2209.17
2222.75
1996.51
2300.19
2366.1
2067.12
2196.29
2246.33
2264.2
2232.63
2150.21
2320.14
2241.43
2023.63
2127.14
2211.88
2347.44
2320.2
2449.59
2324.13
2167.9
2205.53
2233.24
2222.67
2064.49
2221.44
2345.33
2225.24
2440.88
2227.49
2218.48
2154.3
2144.78
2362.99
2235.84
2331.36
2260.22
2206.43
2050.04
2190.4
2271.59
2402.52
2251.29
2139.95
2240.08
2157.12
2238.9
2005.32
2270.3
2287.81
2000.45
2328.58
2139.05
2118.01
2134.42
2094.25
2171.67
2140
2240.17
2201.1
2190.99
2226.03
2181.35
2262.75
2462.33
2180.27
2183.68
2250.59
2161.45
2244.06
2170.25
2232.79
2187.94
2302.49
2097.59
2191.1
2110.24
1988.88
2168.29
2136.48
2231.56
2135.37
2214.69
2221.93
2108.36
2328.61
2265.88
2324.28
2260.4
2267.55
2261.35
2283.63
2048.46
2395.58
2338.58
2182.49
2180.96
2149.77
2356.44
2171.67
2148.48
2267.72
2285.09
2083.3
2341.85
2284.29
2144.7
2303.41
2286.22
2421.33
2242.8
2255.98
2148.71
2300.44
2202.7
2192.72
2121.49
2103.85
2199.7
2246.68
2345.16
1957.11
2213.83
2256.26
2146.88
2460.49
2272.37
2103.27
2246.36
2399.45
2177.6
2206.31
2100.43
2003.95
2100.3
2128.15
2171.53
2267.16
2137.15
1995.55
2269.23
2336.94
2286.44
2384.02
2208.22
2491.08
2358.94
2244.73
2078.29
2407.6
2100.32
2317.36
2261.88
2385.2
2165.24
2279.23
2205.52
2175.72
2310.47
2281.74
2213.3
2199.49
2138.12
2236.74
2230.47
2110.12
2402.9
2127.71
2185.92
2276.8
2156.76
2232.58
2300.39
2243.93
2148
2110.12
2359.78
2259.09
2304.13
2192.59
2096.29
2171.51
2186.51
2215.4
2164.3
2090.23
2087.93
2218.94
2102.39
2343.9
2362.72
2244.82
2134.84
2186.91
2236.67
2192.35
2079.94
2165.67
2227.78
2251.99
2255.53
2341.72
2165.86
2243.06
2250.55
2183.42
2367.49
2310.7
2132.3
2286.72
2326.51
2167.14
2200.28
2142.41
2216.36
2179.5
2072.72
2288.59
2254.26
2327.64
2299.8
2297.26
2228.93
2294.46
2160.23
2112.51
2297.91
2109.62
2206.51
2169.31
2160.51
2244.31
2131.82
2182.98
2141.47
1972.42
2195.1
2079.9
2250.57
2192.19
2256.38
2236.48
2247.65
2192.11
2333.2
2101.96
2180.47
2149.43
2314.6
2151.55
2306.45
2410.03
2296.66
2219.61
2151
2099.93
2273.8
2257.69
2336.11
2477.33
2238.22
2210.27
2320.29
2221.19
2022.12
2137.8
2293.98
2155.22
2253.16
2330.86
2232.89
2045.83
2357.26
2209.6
2155.81
2247.04
2272.27
2162.6
2330.01
2240.65
2405.83
2239.32
2239.24
2158.82
2302.84
2186.32
1941.25
2250.15
2269.04
1973.42
2076.47
2366.83
2133.64
2422.05
2287.43
2049.8
2247.55
2308.33
2283.55
2236.75
2349.07
2342.91
2290.88
2188.69
2247.06
2182.01
2140.03
2241.84
2204.01
2198.33
2177.1
2297.99
2104.36
2380.18
2288.27
2128.83
2301.58
2214.09
2110.47
2229.36
2405.61
2344.1
2283.66
2251.28
2281.02
2194.03
2092.47
2189.19
2335.9
2037.85
2426.91
2193.24
2399.61
2215.77
2143.39
2260.26
2221.51
2189.18
2250.62
2338.95
2093.25
2390.67
2412.63
2093.94
2251.16
2024.71
2342.99
2270.41
2066.84
2202.37
2314.9
2140.06
2303.57
2340.77
2065.36
2401.04
2172.01
2277.34
2282.13
2126.25
2309.97
2297.11
2314.05
2079.48
2374.22
2267.77
2231.56
2146.99
2245.24
2162.44
2309.1
2338.89
2209.1
2318.61
2299.64
2288.24
2248.36
2259.23
2062.03
2338.56
2179.86
2078.06
2250.11
2174.58
2187.59
2218.15
2176.01
2136.03
2109.61
1978.86
2294.97
2298.1
2226.62
2245.11
2338.4
2051.84
2182.67
2219.6
2300.3
2265.01
2098.94
2220.73
2091.86
2223.84
2159.44
2177.54
2155.1
2134.86
2326.98
2164.73
2312.67
2320.96
2220.18
2253.81
2271.27
2262.27
2256.33
2374.8
2342.09
2195.03
2312.2
2217.67
2307.55
2178.52
2208.57
2271.1
2372.83
2142.96
2006.5
2035.58
2319.29
2283.75
2354.16
2140.95
2355.15
2105.49
2152.04
2321.98
2352.47
2061.8
2242.08
2064
2237.07
2166.54
2108.29
2188.34
2354.73
2246.53
2149.09
2364.3
2428.66
2210.68
2217.97
2228.35
2294.07
2310.34
2139.43
2237.97
2349.65
2012.82
2249.35
2348.32
2316.57
2203.85
2268.69
2329.46
2086.67
2068.34
2185.72
2277.14
2151.61
2290.22
2237.98
2151.39
2217.97
2246.58
2301.31
2250.25
2108.44
2306.37
2334.37
2100.48
2168.17
1978.95
2163.94
2306.18
2291.11
1941.95
2114.79
2254.05
2230.63
2206.43
2334.05
2140.13
2550.73
2072.48
2258.02
2234.77
2221.59
2084.12
2187.47
2365.68
2107.94
2253.2
2079.42
2254.56
2233.82
2380.3
2081.19
2141.72
2329.9
2442.83
2243.96
2308.86
2392.47
2184.65
2094.47
2098.24
2333.36
2209.23
2292.07
2207.65
2278.45
2181.51
2056.86
2095.73
2262.1
2237.3
2204.08
2141.68
2432.44
2296.22
2174.35
2214.51
2107.29
2302.66
2399.71
2076.56
2189.48
2333.79
2177.04
2162.47
2363.36
2247.75
2220.46
2432.13
2209.42
2493.54
2051.62
2234.73
2340.49
2423.77
2278.34
2269.56
2112.99
2216.85
2252.48
2181.46
2181.31
2145.77
2105.64
2294.18
2281.72
2380.97
2205.49
2225.33
2435.81
2182.56
2165.84
2293.61
2298.45
2301.7
2148.36
2196.83
2206.73
2438.23
2201.49
2185.47
2127.99
2202.42
2082.2
2083.37
2085.98
2352.08
2220.76
2318.46
2386.01
2276.81
2251.7
2341.09
2099.4
2233.55
2213.35
2275.14
2176.41
2298.92
2224.46
2204.39
2318.43
2151.48
2151.01
2202.52
2131.49
2313.4
2096.55
2203.92
2296.66
2305.95
2151.59
2296.49
2268.92
2238.51
2006.97
2209.68
2234.75
2283.96
2232.92
2117.9
2032.4
2232.85
2156.05
2069.16
2238.51
2152.36
2126.4
2298.57
2160.34
2146.31
2224.16
2090.26
2140.11
2152.34
2248.9
2331.69
2289.18
2166.06
2290.12
2275.41
2067.15
2375.67
2156.13
2141.76
2271.43
2200.83
2145.97
2251.48
2191.76
2085.91
2348.18
2075.58
2271.08
2105.46
2525.08
2041.36
2176.34
2146.88
2331.54
2190.23
2321.93
2123.95
2154.9
2280.24
2101.64
2219.21
2299.29
2316.03
2396.33
2099.34
2164.01
2201.41
2229.73
2153.85
2311.89
2337.88
2201.83
2287.03
2254.52
2176.75
2272.69
2313.89
2103.79
2224.25
2110.83
2222.47
2050.39
2311.53
2133.57
2150.16
2196.79
2109.83
2205.23
2250.46
2176.95
2169.38
2293.22
2130.98
2158.66
2229.61
2228.25
2206.43
2289.57
2209.42
2096.47
2277.82
2252.7
2321.92
2315.4
2204.41
2123.36
2056.57
2340.48
2322.79
2122.63
2125.42
2072.95
2240.98
2140.57
2160.89
2284.88
2092.94
2294.82
2132.8
2189.06
2389.13
2152.99
2244.7
2106.63
2200.03
2269.88
2206.21
2311.63
2284.55
2266.3
2147.41
2210.83
2241.22
2306.24
2218.84
2081.58
2102.26
2087.07
2027.11
2251.6
2298.25
2212.21
2320.52
2157.14
2353.11
2273.49
2306.4
2276.01
2246.21
2141.7
2063.39
2228.34
2265.37
2206.09
2283.85
2117.43
2260.95
2128.68
2141
2137.39
2239.39
2300.71
2378.26
2163.18
2261.82
2238.26
2164.22
2353.45
2346.12
2280.14
2275.9
2084.92
2329.19
2123.54
2316.61
2225.93
2038.26
2197.46
2223.89
2166.77
2250.56
2217.92
2326.95
2211.98
2197.84
2283.73
2250.15
2161.98
2257.36
2303.06
2148.87
2185.01
2181.05
2328.79
2543.25
2134.7
2193.32
2184.7
2238.13
2273.9
2153.52
2279.76
2161.51
2117.48
2083.61
2143.19
2192.25
2161.58
2295.26
2199.79
2417.01
2125.25
2204.34
2165.81
2165.48
2315.49
2059.21
2018.37
2198.96
2077.38
2362.52
2177.95
2270.61
2356.12
2038.1
2166.34
2263.14
2128.72
1950.15
2248.79
2084.61
2123.34
2325.8
2308.88
2120.17
2234.46
2268.85
2181.62
2190.85
2264.91
2218.6
2238.25
2309.32
2395.93
2263
2101.83
2139.42
2240.02
2147.04
1998.91
2145.57
2388.56
2325.11
2127.65
2314.6
2311.01
2259.2
2269.79
2354.16
2420.79
2171.09
2170.28
2228.25
2131.74
2059.12
2222.61
2088.12
2155.02
2198.94
2150.19
2151.18
2162.65
2452.1
2161.03
2300.02
2226.69
2373.52
2158.28
2196.9
2160.43
2349.37
2336.81
2264.76
2362.43
2121.95
2154.14
2225.52
2163.74
2357.75
2189.3
2238.03
2112.68
2245.91
2251.74
2197.65
2415.03
2219.62
2198.17
2220.99
2156.87
2148.75
2171.27
2254.02
2305.17
2374.38
2075.91
2413.08
1996.5
2233.32
2055.02
2245.74
2123.41
2458.43
2225.72
2182.43
2112.07
2198.95
2155
2250.53
2207.38
2390.79
2293.74
2050.04
2041.5
2192.76
2273.92
2184.37
2304.05
2185.04
2241.98
2110.37
2270.45
2273.37
2242
2302.94
2257.36
2284.39
2143.71
2131.74
2173.55
2254.67
2288.85
2330.79
2177.69
2275.5
2138.01
2316.17
2423.2
2448.94
2272.67
2164.42
2178.02
2046.47
2364
2110.64
2291.85
2347.75
2266.61
2364.73
2220.51
2303.71
2197.05
2234.5
2010.38
2171.19
2316.29
2199.33
2260.72
2165.98
2234.02
2164.49
2073.2
2342.73
2215.08
2116.19
2106.45
2263.32
2256.7
2063.74
2214.85
2040.98
2182.05
2321.99
2297.68
2280.12
2159.41
2439.1
2167.79
2207.54
2257.19
1980.35
2088.73
2194.79
2242.79
2368.83
2148.62
1993.09
2052.58
2280
2117.64
2031.75
2320.43
2240.77
2126.08
2266.21
2218.15
2322.77
2247.71
2177.56
2119.58
2191.97
2013.5
2172.73
2292.21
2298.82
2186.43
2049.18
2173.15
2341.88
2186.09
2190.24
2334.57
2186.65
2247.94
2099.37
2087.33
2237.88
2174.65
2415.03
2139.94
2219.48
2240.54
2266.14
2275.3
2165.94
2091.86
2208.79
2177.43
2286.74
2164.89
1997.29
2256.12
2154.67
2364.17
2185.42
2256.73
2261.59
2141.52
2188.85
2158.74
2194.41
2217.74
2064.34
2392.25
2211.43
2074.15
2174.94
2244.81
2132.43
2174.17
2192.74
2185.74
2320.86
2282.3
2341.99
2198.35
2093.14
2265.89
2212.56
2140.67
2407.58
2260.53
2125.71
2243.49
2075.27
2201.86
2156.04
2257.95
2325.04
2256.19
2227.08
2126.45
2235.35
2088.9
2333.29
2086.94
2060.72
2314.17
2131.12
2106.06
2144.53
2014.05
2260.27
2175.01
2137.4
2100.53
2116.98
2219.12
2264.25
2277.19
2253.01
2295.46
2249.39
2236.82
2237.68
2314.64
2326.46
2270.85
2288.33
2068.49
2172.99
2357.59
2124.74
2216.74
2196.3
2340.08
2212.4
2141.35
2371.38
1981.85
2362.45
2368.13
2269.98
2290.32
2151.41
2214.37
2335.99
2268.54
2227.75
2097.71
2287.62
2175.78
2248.6
2059.91
2136.12
2157.09
2102.62
2055.47
2242.39
2017.54
2190.56
2291.99
2192.73
2119.22
2211.83
2174.53
2147.74
2256.76
2106.51
2088.86
2290.12
2239.88
2259.32
2127.2
2190.8
2220.16
1993.16
2141.71
2252.2
2285.35
2105.71
2428.17
2159.95
2239.38
2144.94
2390.42
2166.62
2105.09
2216.76
2216.97
2181.42
2141
2320.12
2327.56
2195.06
2121.19
2302.7
2368.57
2218.55
2297.01
2163.64
2262.42
2276.97
2267.34
2341.98
2148.48
2134.96
2270.28
2287.43
2160.27
2195.1
1986.07
2293.41
2342.47
2270.06
2196.31
2275.85
2030.61
2143.26
2152.87
2274.71
2243.85
2147.31
2257.57
2308.45
2308.6
2191.39
2225.83
2171.29
2215.23
2271.25
2214.62
2225.95
2094.14
2195.89
2270.51
2319.99
2279.59
2268.17
2279.51
2102.91
2033.76
2141.98
2286.3
2174.5
2347.98
2269.35
2246.6
2237.63
2087.85
2318.82
2283.1
2192.31
2183.23
2226.55
2128.32
2159.09
2306.47
2314.77
2188.93
2248.19
2235.6
2104.41
2015.46
2375.77
2132.98
2068.94
2332.9
2239.39
2201.81
2314.92
2192.88
2465.6
2223.44
2205.31
1994.1
2137.21
2364.72
2231.82
2242.5
2302.01
2168.34
2060.91
2262.65
2101.07
2180.58
2210.07
2197.75
2286.88
2274.4
2324.03
2142.75
2291.38
2274.59
2279.93
2389.32
2312.78
2216.82
2173.08
2301.25
2223.88
2299.82
2102.18
2300.7
2066.67
2085.76
1890.23
2447.25
2177.28
2186.3
2171.06
2062.41
2066.79
2295.88
2274.67
2158.86
2212.12
2306.67
2335.82
2104.68
1977.31
2037.04
2262.69
2243.93
2238.69
2200.93
2465.31
2236.09
2141.37
2305.95
2318.68
2146.37
2141.81
2295.08
2264.21
2232.84
2337.53
2041.89
2191.39
2326.59
2258.81
2306.46
2219.84
2109.76
2192.59
2229.75
2404.8
2324.89
2255.04
2212.55
2289.59
2160.87
2130.43
2132.86
2186.25
2059.21
2133.95
2196.4
2080.94
2201.31
2343.26
2375.37
2361.01
2413.41
2206.15
2314.04
2119.12
2233.44
2186.78
2151.49
2219.53
2200.43
2237.61
2168.62
2296.32
2230.96
2302.77
2131.11
2186.74
2144.86
2333.83
2192.1
2139.94
2161.99
2148.21
2204.74
2152.39
2274.42
2198.56
2372.93
2431.34
2341.19
2412.72
2160.55
2228.95
2066.48
2155.82
2191.54
2036.65
2203.51
2126.3
2359.21
2235.62
2223.44
2236.44
2324.52
2137.99
2212.78
2027.35
2176.46
2206.34
2346.5
2270.17
2234.39
2164.94
2238.43
2264.38
2321.04
2340.07
2123.17
2393.01
2217.22
2211.65
2203.8
2005.43
2338.76
2086.54
2280.63
2264.08
2268.13
2148.03
2288.41
2219.72
2204.75
2098.19
2111.97
2260.98
2281.11
2308.18
2100.37
2331.21
2083.58
1988.53
2219.05
2386.17
2162.28
2144.45
2299.03
2160.44
2335.71
2204.08
2333.29
2185.32
2120.92
2220.46
2232.86
2305.6
2257.28
2286.02
2057.45
2256.44
2127.01
2159.13
2195
2250.18
2538.62
2215.22
2269.38
2276.41
2207.79
2063.34
2330.65
2245.33
2189.36
2276.32
2132.22
2232.51
2139.42
2184.09
2042.8
2076.31
2270.13
2232.94
2170.03
2263.27
2146.88
2281.97
2189.53
2353.87
2085.95
2001.27
2318.28
2364.18
2152.94
2372.31
2119.37
2291
2089.88
2374.04
2173.21
2256.69
2077.79
2244.77
2359.8
2368.17
2257.97
2416.58
2159.86
2257.43
2217.92
2099.3
2276.41
2196.96
2311.22
2430.33
2221.77
2217.23
2120.51
2367.22
2023.35
2189.38
2415.6
2098.83
2086.06
2426.57
2146.02
2152.9
2175.38
2173.31
2132.62
2196.98
2355.54
2181.25
2098.23
2294.34
2103.59
2177.83
2208.77
2107.76
2067.62
1959.61
2084.23
2346.89
2278.86
2139.69
2239.57
2231.65
2384.74
2098.23
2222.42
2217.94
2133.52
2268.06
2160.56
2386.16
2372.43
2074.33
2276.43
2193.68
2169.28
2106.44
2228.42
2288.51
2199.58
2222.29
2099.31
2191.71
2233.3
2161.96
2012.5
2235.89
2163.37
2145.47
2265.76
2128.47
2233.32
2081.59
2213.07
2297.83
2284.26
2336.65
2042.52
2304.97
2264.87
2434.05
2275.27
2261.13
2130.51
1996.25
2107.71
2158.11
2317.14
2256.85
2222.83
2221.27
2259.71
2266.69
2315.3
2305.52
2392.65
2275
2138.81
2341.35
2246
2088.99
2183.59
2103.56
2270.99
2302.51
2343.64
2267.5
2229.54
2252.79
2140.18
2216.94
2077.86
2144.59
2200.83
2257.03
2113.03
2155.11
2041.65
2214.96
2093.37
2240.73
2298.4
2149.89
2157.41
2054.49
2202.28
2364.68
2261.43
2168.73
2143.26
2307.66
2065.66
2394.56
2248.12
2247.6
2174.12
2217.03
2328.38
2306.75
2175.01
2096.28
2078.15
2329.01
2305.63
2211.6
2013.9
2057.02
2362.5
2095.34
2185.7
2240.18
2285.42
2198.1
2315.69
2260.81
2194.21
2237.01
2201.73
2281.96
2288.98
2141.55
2271.04
2139.37
2227.02
2254.54
2251.09
2268.77
2152.77
2328.16
2267.92
2319.02
2289.33
2268.2
2226.89
2402.11
2163.91
2338.92
2203.44
2249.91
2338.84
2209.31
2201.55
2239.16
2207.3
2105.23
2348.21
2356.69
2024.99
2232.94
2158.54
2319.32
1958.81
2273.15
2083.74
2124.07
2162.83
2114.73
2277.6
2212.2
2183.38
2318.62
2167
2254.22
2145.14
2213.61
2265.03
2317.76
2249.25
2042.37
2319.2
2055.16
2133.4
2126.67
2185.63
2256.29
2239.51
2128.64
2298.44
2344.12
2150.38
2413.61
2197.32
2117.48
2190.86
2139.6
2232.6
2187.86
2202.69
2141.13
2359.91
2196.8
2185.22
1968.81
2202.13
2356.1
2307.99
2378.82
2077.13
2116.02
2047.08
2155.66
2169.06
2369.01
2195.17
2236.86
2228.09
2339.4
2204.37
2362.91
2220.07
2494.77
2196.86
2248.21
2194.45
2259.93
2058.86
2213.76
2168.47
2184.82
2412.08
1995.28
2266.65
2255.51
2199.07
2031.64
2411.65
2334.73
2241.36
2253.95
2374.62
2158.76
2304.3
2051.24
2097.58
2486.8
2159.88
2447.03
2147.61
2152.46
2123.08
2175.73
2269
2407.54
2207.52
2205.43
2283.92
2325.12
2063.98
2300.62
2188.51
2178.07
2370.27
2203.51
2082.75
2094.08
2164.53
2134.66
2132.58
2022.51
2130.07
2235.93
2175.88
2159.63
2311.88
2272.56
2168.31
2231.43
2258.75
2398.07
2364.79
2264.7
2186.08
2209.19
1972.88
2325.48
2322.98
2104.72
2172.75
2398.77
2325.68
2391.55
2241.47
2211.97
2228.33
2322.42
2131.59
2169.86
2115.68
2288.68
2165.15
2186.42
2243.08
2081.7
2095.05
2077.83
2095.35
2335.04
2199.18
2280.06
2335.69
2340.94
2289.73
2196.13
2210.1
2168.1
1982.39
2182.8
2211.1
1967.2
2128.13
2162.1
2151.27
2198.09
2260.56
2181.81
2160.32
2336.3
2053.3
2230.92
2160.86
2204.42
2293.63
2209.84
2117.87
2324.7
2089.01
2266.26
2288.47
2114.62
2132.82
2281.84
2105.51
2223.39
2310.63
2242.67
2311.07
2317.61
2194.11
2200.41
2260.96
2088.46
2189.19
2244.14
2158.49
2151.1
2129.04
2214.62
2239.16
2239.16
2282.93
2381.5
2251.24
2421.32
2255.02
2150.32
2396.31
2173.89
1989.8
2111.07
2148.64
2282.2
2289.98
2212.14
2208.72
2230.01
2151.66
2436.64
2273.72
2042.33
2118.07
2219.01
2144.74
2212.97
2101.01
2373.02
2187.7
2135.77
2102.28
2175.28
2277.68
2148.98
2228.35
2201.88
2161.82
2121.56
2276.21
2002.93
2043.99
2075.25
2172.09
2173.4
2181.51
2290.09
2374.55
2308.24
2242.33
2054.07
2225.02
2285.91
2187.8
2150.64
2174.45
2251.78
2130.29
2234.48
2248.93
2068.78
2218.72
2146.12
2342.02
2227.06
2125.65
2423.39
2336.03
2206.17
2369.59
2287.15
2347.56
2267.08
2237.72
2287.53
2432.46
2221.88
2276.24
2185.81
2295.14
2175.77
2203.04
2230.06
2299.37
2155.35
2125.7
2240.06
1984.66
2052.55
2242.01
2114.05
2175.15
2231.27
2236.03
2276.84
2272.29
2226.59
2343.66
2256.07
2280.33
2127.76
2139.04
1993.52
2127.76
2075.83
2383.03
2120.32
2279.38
2368.61
2304.69
2365.28
2102.45
2155.23
2257.47
2083.25
2239.58
2344.99
2081.99
2261.41
2077.69
2064.73
2154.28
2169.73
2215.13
2397.26
2173.62
2219.17
2222.24
2030.18
2136.45
2216.69
2303.87
2160.43
2075.11
2325.44
2196.05
2112.05
2199.17
2223.45
2066.07
2013.36
2398.77
2277.25
2134.21
2065.63
2300.62
2248.87
2267.87
2122.48
2283.78
2192.88
2227.76
2269.04
2214.21
2238.62
2338.99
2274
2266.82
2258.12
2269.84
2142.39
2155.34
2260.49
2312.92
2238.43
2257.28
2119.27
2172.33
2237.69
2129.05
2395.76
2053.88
2130.84
2203.75
2154.58
2234.59
2150.81
2219.65
2206.66
2256.62
2305.44
2233.16
2149.93
2273.75
2106.79
2184.14
2019.03
2074.88
2108.21
2383.61
2171.52
2360.75
2166.52
2276.16
2236.8
2372.78
2314.16
2231.34
2210.28
2199.61
1919.07
2200.55
2394.78
2317.69
2245.52
2252.84
2297.61
2263.38
2012.51
2284.01
2024.82
2238.92
2046.01
2229.5
2222.52
2038.17
2179.4
2184.19
2212.25
2096.36
2222.61
2349.11
2135.71
2145.56
2129
2267.38
2255.56
2192.15
2261.85
2255.14
2244.6
2082.32
2177.54
2210.82
2130.35
2214.07
2220.81
2148.4
2202.81
2267.8
2079.8
2247.68
2254.38
2109.47
2079.16
2302.64
2110.91
2207.71
2127.34
2173.9
2202.35
2235.6
2385.44
2187.9
2200.1
2205.54
2157.07
2253.15
2219.1
2270.63
2131.13
2366.99
2383.86
2201.19
2296.86
2102.35
2155.49
2277.37
2104.58
2035.9
2303.1
2333.78
2398.17
2173.87
2301.77
2204.74
2280.39
2190.99
2305.51
2097.5
2190.74
2040.08
2157.56
2027.73
2287.32
2137.19
2194.63
2162.64
2231.34
2352.2
2244.13
2129.3
2285.12
2194.27
2114.42
2198.18
2219.27
2183.14
2300.42
2210.39
2234.33
2225.91
2274.29
2223.81
2165.39
1936.05
2253.44
2238.38
2251.7
2111.93
2105.7
2187.81
2343.88
2124.7
2312.76
2390.76
2154.93
2188.67
2074.76
2058.5
2188.6
2227.53
2115.3
2396.17
2148.14
2136.3
2354.68
2306.34
2213.43
2059.45
2267.16
2297.06
2026.84
2228.68
2257.11
2121.14
2258.4
2163.47
2235.03
2326.98
2294.93
2264.01
2375.4
2252.88
2401.5
2091.28
2299.3
2130.18
2081.13
2409.41
2290.13
2311.94
2235.05
2082.71
2050.16
2106.12
2175.25
2099.32
2103.11
2277.4
2196.43
2346.03
2264.9
2213.51
2275.95
2249.66
2344.64
2340.63
2145.78
2297.77
2104.89
2210.42
2135.55
2207.24
2378.09
2115.33
2275.29
2134.42
2168.75
2165.55
2100.29
2239.53
2240.94
2412.98
2098.21
2177
2068.79
2146.02
2193.37
2240.57
2355.5
2290.96
2303.6
2127.78
2246.58
2408.21
2437.06
2172.53
2209.53
2045.96
2305.48
2296.98
2168.38
2253.17
2177.24
2063.31
2189.96
2194.96
2223.88
2317.29
2180.37
2049.92
2230.66
2221.76
2084.46
2112.05
2261.87
2243.72
2339.89
2071.9
2270.09
2096.4
2316.45
2189.56
2372.24
2149.86
2337.23
2124.15
2100.32
2154.85
2017
2167.22
2106.59
2085.99
2137.38
2363.71
2085.42
2284.64
2289.69
2231.84
2211.86
2164.68
2261.46
2154.41
2200.99
2218.5
2251.37
2273.53
2096.03
2218.95
2134.24
2363.31
2156.27
2430.67
2187.23
2126.66
2138.34
2239.17
2112.23
2304.91
2309.22
2200.96
2228.11
2300.22
2248.83
2328.26
2099.61
2231.35
2304.56
2124.73
2297.59
2101.86
2397.51
2151.13
2328.69
2176.95
2362.52
2286.02
2070.29
2220.08
2174.86
2124.69
2166.43
2229.88
2261.26
2187.82
2252.6
2166.65
2149.35
2462.93
2294.83
2200.73
2346.4
2035.26
2013.13
1973.56
2364.8
2138.6
2086.64
2176.84
1995.88
2189.41
2367.71
2276.53
2062.27
2237.34
2174.06
2264.18
2423.45
2135.46
2309.43
2328.97
2264.64
2244.04
2341.14
2368.54
2080.62
2184.76
2242.58
2284.43
2138.25
2169.58
2131.38
2070.08
2249.51
1975.05
2114.61
2382.14
2228.38
2244.23
2209.33
2269.07
2060.61
2138.2
2185.43
2233.01
2139.14
2140.31
2241.41
2209
2352.32
2299
2129.63
2193.07
2267.49
2231.87
2351.18
2250.19
2193.77
2023.11
2258.26
2166.52
2217.5
2388.01
2101.7
2210.08
2225.04
2406.28
2289.99
2136.68
2235.26
2170.81
2216.91
2161.49
2121.24
2256.37
2232.73
2215.27
2269.92
2090.45
2028.76
2292.11
2214.24
2242.07
2255.68
2205.64
2428.1
2417.11
2180.54
2086.76
2088.62
2286.46
2206.71
2306.59
2298.55
2212.29
2309.23
2236.48
2079.81
2089.87
2193.99
2359.69
2352.83
2108.4
2258.97
2188.64
2326.41
2163.51
2027.99
2208.84
2321.94
2345.92
2179.22
2286.29
2203.17
2368.31
2220.24
2267.8
2307.9
1992.12
2106.14
2134.34
2422.23
2178.14
2302.41
2315.28
2175.07
2115.81
2310.24
2329.4
1994.98
2090.23
2158.79
2262.3
2423.74
2322.85
2128.65
2199.77
2165.99
2206.32
2135.44
2238.08
2197.44
2334.06
2186.52
2137.7
2143.57
2172.9
2291.79
2159.99
2207.56
2152.95
2204.4
2224.11
2258.3
2147.78
2024.45
2259.4
2293.07
2098.55
2325.88
2121.68
2300.6
2206.26
2131.84
2071.2
2354.14
2313.17
2290.28
2308.06
2196.7
2214.28
2171.26
2155.86
2320.28
2131.7
2171.7
2347.19
2282.32
2338.4
2242.67
2210.57
2268.49
2340.84
2317.84
2238.37
2131.1
2135.16
2276.32
2234.68
2208.75
2246.84
2162.72
2296.27
2108.66
2052.87
2139.75
2199.86
2260.54
2384.53
2140.39
2251.45
2167.7
2271.25
2225.79
2210.02
2257.14
2227.34
2120.42
2327.25
2202.96
2242.22
2299.78
2038.34
2355.95
2175.92
2336.99
2119.78
2061.79
2191.41
2346.02
2271.23
2305.77
2065.19
2140.24
2260.47
2220
2212.59
2143
2186.81
2360.79
2270.38
2347.42
2180.81
2376.75
2130.17
2037.8
2187.97
2151.03
2225.1
2323.75
2141.98
2147.28
2123.04
2387.7
2076.5
2358.1
2366.43
2268.34
2146.28
2113.63
2298.23
2216.22
2288.15
2199.76
2261.3
2210.36
1969.27
2176.41
2137.74
2181.7
2306.34
2208.5
2203.18
2273.77
2012.7
2341.5
2324.73
2371.17
2208.47
2088.17
2301.11
2122.59
2240.24
2242.65
2250.64
2233.12
2331.94
2144.24
2224.11
2332.32
2134.37
2253.94
2448.47
1965.8
2183.72
2210.87
2128.36
2193.73
2124.4
2290.87
2029.92
2294.32
2196.19
2217.96
2341.48
2273.59
2127.63
2268.44
2113.89
2236.02
2145.11
2391.87
2149.35
2317.25
2100.17
2312.11
2288.27
2248.08
2168.11
2126.56
2184.14
2396.59
2047.74
2122.94
2198.57
2351.3
2066.71
2251.54
2197.98
2056.35
2261.26
2272.92
2244.51
2144.22
2152.26
2214.81
2195.58
2194.58
2280.28
2033.57
2178.41
2215.35
2245.97
2252.87
2122.72
2248.78
2229.51
1947.18
2092.74
2034.99
2161.81
2181
2176.63
2338.64
2232.42
2155.67
2117.11
2226.83
2232.57
2269.11
2297.78
2173.95
2104.83
2357.11
2044.22
2178.22
2201.88
2228.11
2137.64
2145.41
2203.98
2281.17
2370.55
2226.7
2368.94
2208.35
2301.86
2351.92
2265.91
2127
2115.4
2322.75
2124.3
2457.83
2080.09
2354.47
2099.3
2114.36
2386.64
2149.51
2136.94
2137.81
2331.75
2228.74
2162.93
2180.77
2175.11
2256.53
2064.58
2076.41
2211.88
2213.22
2331.25
2249.33
2338.46
2145.41
2290.19
2325.72
2505.16
2221.39
2112.35
2395.44
2233.85
2158.32
2227.08
2131.36
2286
2130.74
2335.18
2261.29
2291.43
2168.58
2285.89
2118.66
2019.18
2139.4
2214.23
2319.96
2194.01
2131.74
2278.71
2328.75
2250.99
2223.43
2160.31
2236.32
2322.56
2379.97
2401.75
2239.76
2245
2279.13
2075.91
2189.04
2151.88
2441.74
2162.38
2230.77
2315.08
2275.7
2232.63
2224.37
2319.46
2219.27
2258.36
2224.57
2259.51
2191.69
2280.26
2261.5
2210.13
2116.32
2133.93
2088.91
2158.92
2285.04
2272.27
2217.2
2176.12
2120.94
2138.12
2323.93
2353.06
2239.85
2222.81
2085.16
2202.18
2116.54
2430.1
2282.68
2293.15
2187.66
2093.41
2148.14
2162.5
2242.66
2202.71
2337.89
2131.82
2097.89
2194.9
2384.35
2247.73
2157.07
2057.75
2105.96
2137.36
2285.77
2415.24
2025.18
2347.82
2368.57
2241.25
2022.93
2037.24
2135.15
2354.98
2342.62
2090.13
2154.32
2309.1
2065.04
2177.45
2374.79
2424.27
2140.27
2014.3
2296.06
2243.13
2263.78
2159.77
2273.34
2079.85
2390.69
2204.53
2109.26
2271.85
2141.4
2222.99
2127.47
2151.76
2136.93
2283.45
2219.5
2234.69
2135.9
2085.77
2232.14
2198.98
2356.55
2157.36
2337.24
2288.05
2222.83
2185.21
2162.12
2092.47
2321.42
2364.42
2153.49
2159.46
2293.04
2474.84
2196.58
2001.7
2295.65
2159.67
2244.28
2088.09
2180.14
2241.81
2372.07
2299.97
2169.8
2200.77
2215.07
2122.35
2420.06
2323.03
2284.03
2228.46
2078.51
2147.07
2271.55
2218.91
2254.3
2245.58
2286.63
2047.06
2340.76
2260.77
2244.11
2282.37
2125.63
2114.68
2202.15
2316.6
2369.57
2433.93
2180.19
2302.1
2338.5
2152.84
2201.66
2166.7
2137.75
2198.53
2248.76
2246.63
1935.78
2326.9
1977.05
2198.93
2315.18
2250.21
2258.96
2232.56
2246.65
2141.29
2387.37
2116.2
2300.29
2210.13
2421.77
2045.48
2186.09
2195.96
2086.71
2311.91
2110.91
2100.25
2042.5
2258.74
2261.14
2428.53
2299.15
2229.94
2087.42
2109.55
2259.57
2149.26
2080.96
2280.9
2012.56
2278.28
2139.46
2231.85
2136.23
2368.66
2213.36
2150.02
2229.77
2218.78
2088.72
2229.72
2276.55
2166.38
2234.86
2278.76
2103.71
2313.36
2256.61
2275.38
2172.82
2168.78
2245.87
2347.35
2360.48
2404.23
2227.11
2131.25
2269.09
2302.44
2067.68
2101.05
2220.81
2328.14
2295.2
2065.96
2212.73
2192.88
2267.83
2037.67
2046.35
2002.15
2219.22
2109.48
2304.01
2116.4
2193.93
2289.14
2294.05
2280.21
2459.88
2352.09
1976.76
2065.37
2115.65
2247.76
2108.16
2400.17
2199.03
2221.07
2317.71
2146.69
2118.81
2218.17
2297.81
2105.6
1983.91
2274.93
2119.55
2132.09
2241.36
2351.41
1992.75
2375.83
2199.69
2274.01
2200.55
2253.34
2262.59
2255.49
2264.86
2277.09
2171.67
2249.29
2301.16
2305.24
2205.86
2273.27
2215.71
2155.99
2155.75
2367.94
2050.93
2241.64
2264.64
2343.79
2229.36
2185.99
2116.24
2228.43
2360.41
2356.29
2127.01
2338.84
2307.74
2196.69
2158.75
2349.17
2386.39
2153.05
2504.17
2294.08
2228.02
2147.19
2158.4
2301.62
2275.61
2376.26
2164.77
2212.32
2201.25
2193.24
2271.33
2180.87
2194.95
2264.82
2066.25
2113.08
2203.59
2161.86
2180.42
2283.7
2094.62
2003.64
2358.19
2082.77
2090.02
2215.79
2378.04
2165.44
2166.95
2309.82
2306.79
2160.93
2235.6
2310.2
2324.47
2195.46
2140.5
2332.15
2364.36
2084.77
2339.19
2057.62
2196.46
2213.53
2144.06
2381.87
2267.41
2174.17
2190.28
2191.85
2228.15
2202.73
2116.49
2121.45
2040.56
2210.82
2275.04
2203.63
2229.75
2190.81
2433.25
2286.12
2208.41
2165.62
2126.47
2076.83
2247.29
2179.77
2249.63
2367.1
2197.9
2153.25
2353.94
2315.16
2388.81
2360.24
2125.62
2059.41
2248.76
1986.33
2152.3
2415.03
2169.31
2332.59
2148.16
2204.16
2142.28
2229.86
2364.91
2142.81
2260.84
2185.08
2253.58
2332.9
2294.82
2199.17
2234.34
2160.14
2146.62
2284.12
2135.17
2216.14
2364.47
2120.11
2249.48
2176.98
2088.02
1967.44
2126.13
2378.64
2191.68
2170.15
2255.33
2375.84
2150.01
2247.33
2124.59
2300.2
2143.55
2258.81
2023.15
2220.93
2257.18
2249.11
2217.81
2452.75
2129.14
2277.61
2112.92
2294.64
2333.92
2418.79
2208.23
2124.18
2032.43
2166.56
2188
2266.14
2471.75
2139.91
2361.23
2290.55
2328.21
2286.54
2321.45
2174.46
2300.17
2198.66
2339.96
2336.37
2120.03
2103.89
2181.82
2217.01
2249.95
2078.44
2076.24
2372.76
2218.84
2201.92
2165.6
2194.27
2297.69
2125.17
2259.84
2392.74
2314.23
2232.15
2237.88
2199.41
2113.95
2121.06
2157.95
2392.41
2207.67
2181.26
2178.19
2233.66
2038.35
2267.38
2320.12
2311.57
2146.19
2173.09
2182.57
2097.1
2159.02
2242.67
2113.02
2238.46
2288.46
2130.58
2077.01
2134.34
2378.35
2287.61
2200.93
2341.75
2203.48
2242.7
2161.84
2298.24
2374.93
2108.43
2080.99
2174.83
2292.7
2174.52
2189.09
2156.9
2267.73
2125.9
2246.21
2367.36
2263.36
2201.08
2177.44
2287.46
2248.73
2153.37
2276.81
2228.35
2356.37
2197.14
2242.94
2141
2240.42
2186.46
2191.78
2215.77
2506.28
2297.39
2273.57
2274.49
2424.3
2264.06
2249.72
2087.86
2170.79
2293.05
2200.83
2140.99
2154.62
2143.6
2081.95
2162.03
2170.15
2214.56
2285.44
2177.61
2321.86
2361.09
2265.32
2351.58
2333.59
2111.88
2201.14
2212.45
2348.19
2110.48
2450.61
2259.91
2192.25
2142.11
2168.27
2039.06
2316.27
1993.19
2161.79
2353.25
2109.68
2290.65
2084.38
2204.01
2268.09
2203.52
1936.04
2147.46
2228.39
2317.27
2341.97
2332.63
2198.57
2109.76
2285.87
2239.37
2306.98
2129.44
2295.46
2077.87
2374.8
2330.42
2266.24
2293.09
2117.34
2090.51
2326.53
2249.96
2253.48
2085.71
2175.01
2298
2293.49
2388.44
2178.76
2110.77
2205.41
2205.65
2351.57
2216.99
2182.75
2114.1
2035.86
2093.99
2151.69
2415.47
2222.98
2288.05
2166.31
2234.98
2358.1
2239.31
2238.06
2208.92
2128.27
2094.2
2365.74
2004.3
2281.58
2182.84
2109.22
2088.14
2262.72
2333.62
2087.25
2036.68
2335.93
2157.78
2158.56
2277.04
2157.54
2283.09
2187.66
2085.27
2257.71
2237.34
2191.34
2071.16
2162.43
2326.23
2338.55
2310.81
2341.13
2396.83
2070.32
2149.55
2205.98
2207.72
2293.84
2225.85
2180.05
2145
2204.72
2235.02
2237
2240.13
2384.43
2298.93
2063.26
2225.26
2280.02
2320.66
2056.2
2265.09
2250.06
2263.97
2161.72
2086.26
2209.52
2178.63
2203.98
2251.72
2249.11
2103.88
2200.15
2168.73
2303.73
2274.3
2129.71
2120.14
2269.6
2293.38
2128.51
2566.2
2175
2290.76
2165.93
2129.54
2099.88
2204.72
2163.58
1993.98
2351.61
2219.38
2214.06
2280.12
2209.39
2461
2237.13
2322.13
2104.16
2143.26
2467.8
2076.34
2147.85
2093.62
2463.62
2238.42
2073.47
2210.68
2184.05
2379.37
2289.99
2319.02
2347.46
2102.13
2174.09
2205.79
2298.66
2221.69
2105.43
2438.38
2202.51
2197.97
2273.58
2118.58
2230.09
2267.62
2054.39
2384.83
2198.22
2316.83
2197
2210.4
2218.14
2452.35
2503.93
2130.33
2184.83
2272.7
2274.18
2297.49
2175.17
2121.71
2341.41
2164.43
2135.27
2247.76
2279.76
2257.69
2154.6
2261.29
2231.89
2351.8
2272.25
2246.09
2284.19
2154.84
2120.84
2196.32
2208.71
2100.51
2095.11
2404.74
2205.01
2162.5
2310.21
2099.74
2405.58
2290.38
2265.23
2374.1
2229.54
2275.72
2143.81
2166.2
2379.63
2159.58
2333.49
2277.52
2158.54
2210.64
2297.08
2093.36
2209.34
2328.63
2091.44
2340.15
2252.67
2350.66
2183.92
2293.89
2126.33
2302.87
2272.07
2100.4
2168.97
2386.33
2262.12
2160.11
2057.84
2184.95
2247.31
2166.93
2219.65
2327.09
2237.19
2069.74
2142.65
2212.77
2259.85
2313.72
2256.58
2141.16
2065.18
2310.38
2280.09
2369.64
1968.69
2106.34
2116.48
2240.55
2152.58
2315.18
2239.62
2388.29
2131.73
2175.2
2211.19
2268.3
2259.81
2399.62
2384.25
2236.22
2095.82
2169.16
2313.83
1994.74
2114.56
2238.74
2153.8
2091.81
2099.55
2200.94
2189.37
2345.68
2184.15
2268.86
2267.4
2270.44
2114.59
2219.29
2121.01
2244.74
2313.01
2181.98
2290.37
2212.68
2310.4
2162.43
2192.97
2205.89
2038.92
2349.72
2258.6
2287.62
2146.21
2224.13
2095.48
2150.21
2163.95
2185.77
2096.6
2335.12
2178.4
2081.68
2235.81
2079.09
2112.05
2082.84
2244.41
2339.59
2172.11
2356.02
2256.87
2188.61
2004.73
2177.98
2137.84
2234.51
2281.31
2249.1
2104.84
2297.6
2078.91
2184.4
2134.46
2134.56
2268.39
2371.63
2193.37
2193.55
2187.44
2217.55
2159.78
2183.73
2341.02
2277.5
2108.03
2317.2
2209.61
2234.97
2134.58
2298.87
2318.78
2153.94
2499.57
2184.96
1959.6
2316.08
2295.86
2192
2063.36
2268.17
2137.68
2111.8
2128.1
2454.76
2165.4
2193.13
2174.94
2217.42
2282.98
2174.34
2042.76
2321.11
2178.68
2416.93
2337.71
2119.54
2082.1
2385.68
2180.65
2139.83
2193.42
1989.21
2255.25
2339.92
2217.76
2107.82
2351.98
2237.11
2192.52
2352.21
2427.69
2181.09
2252.49
2338.91
2117.45
2087.78
1987.38
2191.7
2193.24
2146.37
2289.89
2366
2125.74
2335.62
2317.03
2327.63
2287.26
2201.61
2129.76
2157.5
2157.04
2436.2
2073.68
2408.08
2209.65
2133.84
2133.68
2076.76
2192.11
2199.21
2304.57
2280.2
2262.51
2050.5
2223.93
2144.49
2453.29
2256.82
2244.09
2375.89
2113.77
2185.5
2143.6
2403.09
2323.86
2066.97
2169.94
2279.58
2507.85
2172.06
2154.16
2300.69
2343.7
2281.43
2192.07
2215.69
2340.26
2053.62
2273.29
2139.51
2208.35
2241.55
2367.16
2229.71
2250.62
2201.1
2287.2
2192.21
2158.28
2136.53
2072.32
2212.52
2106.08
2154.21
2151.76
2243.99
2188.73
2229.19
2171.83
2143.11
2182.83
2278.9
2157.26
2240
2152.53
1954.74
2281.18
2194.24
2155.21
2201.15
2334.99
2207.89
2309.32
2208.07
2263.33
1975.09
2111.89
2093.24
2382.56
2227.39
2234.22
2153.51
2197.52
2270.04
2312.26
2306.64
2319.41
2216.97
2121.3
2144.89
2325.9
2268.21
2396.9
2173.98
2151.89
2110.71
2109.75
2230.83
2077.11
2166.65
2444.08
2308.81
2358.31
2277.03
2156.02
2234.83
2361.48
2281.89
2184.76
2261.22
2044.09
2280.12
2257.69
2279.15
2121.92
2299.88
2232.84
2206
2178.89
2184.6
2184.45
2292.74
2358.49
2183
2306.69
2095.38
2301.81
2241.44
2272.58
2067.16
2188.38
2293.28
2072.65
2106.87
1999.75
2254.8
2243.4
2143.69
2085.33
2182.48
2245.68
1995.95
2467.13
2032.95
2549.34
2225.82
2167.52
1983.26
2213.34
2214.73
2242.93
2185.44
2070.16
2511.61
2159.05
2336.35
2393.86
2139.75
2256.93
2190.72
2108.37
2377.13
2370.21
2131.6
2115.14
2083.89
2409.33
2225.09
2248.24
2507.57
2030.77
2294.57
2200.87
2286.73
2269.7
2254.74
2142.96
2265.08
2245.52
2340.07
2148.54
2266.4
2280.54
2395.12
2232.46
2251.81
2135.79
2358.91
2081.08
2232.43
2078.69
2233.54
2126.19
2149.4
2234.17
2217.76
2310.71
2201.24
2278.65
2271.93
2221.13
2287.5
2257.77
2177.67
2316.62
2189.6
2019.44
2290.06
2115.84
2183.65
2200.52
2261.97
2182.08
2188.63
2248.59
2300.2
2198.49
2227.09
2179.92
2043.43
2025.04
2116.39
2225.92
2319.45
2361.71
2146.01
2235.3
2246.06
2307
2330.22
2054.85
2305.41
2337.89
2390.03
2253.16
2320.86
2235.87
2201.38
2270.2
2236.18
2218.84
2066.22
2199.44
2029.17
2206.67
2280.06
2187.07
2118.39
2244.96
2287.11
2218.5
2239.74
2344.24
2330.04
2253.34
2040.78
2324.46
1992.99
2203.77
2205.37
2098.45
2175.15
2442.39
2418.64
2228.99
2246.76
2305.31
2330.91
2275.06
2231.85
2238.71
2238.01
2188.34
2046.59
2118.54
2128.28
2116.15
2244.31
2079.5
2325.59
2456.09
2190.02
2059.05
2183.05
2208.16
2058.93
2228.66
2218.18
2172.39
2083.3
2146.58
2288.47
2265.37
2135.86
2209.24
2245
2258.72
2125.56
2305.6
2289.21
2288.91
2219.94
2151.73
2229.09
2252.78
2350.78
2279.79
2309.49
2445.07
2484.4
2254.85
2235.05
2321.35
2096.77
2265.84
2255.38
2207.62
2217.47
2184.81
2277.69
2207.39
2089.44
2115.16
2242.42
2119.75
2399.1
2156.09
2223.42
2308.21
2149.18
2249.29
2451.39
2028.31
2056.07
2299.57
2256.02
2138.76
2228.93
2112.18
2228.61
2274.87
2268.47
2127.47
2150.49
2256.67
2212.92
2246.18
1985.74
2261.57
2210.4
2440.29
2257.3
2135.62
2183.7
2265.04
2245.3
2388.57
2403.3
2260.17
2307.04
2023.52
2058.67
2078.63
2036.98
2426.35
2143.48
2329.36
2335.89
2215.84
2227.67
2402.35
2122.09
2289.2
2185.68
2113.4
2210.33
2221.23
2160.25
2258.31
2189.28
2147.41
2218.56
2352.17
2080.73
2154.09
2229.01
2408.06
2216.28
2267.64
2188.2
2313.82
2147.39
2375.53
2127.37
2141.83
2056.23
2062.53
2342.61
2216.46
2127.98
2034.68
2228.74
2335.54
2132.58
2277.45
2214.19
2173.39
2094.52
2173.96
2319.96
2199.1
2268.86
2197.92
2176.78
2085.14
2185.31
2150.41
2084.57
2321.01
2443.7
2099.06
2434.53
2243.3
2210.9
2212.89
2128.19
2146.49
2206.1
2278.88
2116.48
2236.67
2208.32
2099.49
2253.43
2201.68
2219.01
2093.84
2086.16
2214.06
2221.3
2269.78
2263.29
2305.04
2190.76
2226.43
2132.19
2201.5
2400.02
2081.25
2187.94
2220.76
2231.58
2210
2258.78
2379.46
2072.97
2140.75
2281
2264.08
2442.77
2299.07
2279.78
2337.27
2345.89
2274.07
2107.09
2347.59
1995.41
2140.79
2356.89
2211.84
2185.69
2107.55
2211.49
2145.24
2361.51
2094.36
2198.64
2209.16
2406.82
2254.14
2294.39
2299.91
2155.75
2229.68
2166.22
2137.93
2265.3
2088.89
2397.77
2188.65
2136.54
2261.92
2251.57
2272.92
2274.04
1985.41
2224.02
2197.72
2382.42
2134.66
2121.21
2258.17
2215.46
2327.52
2265.35
2295.95
2249.16
2327.68
2165.78
1925.63
2152.96
2239.55
2179.17
2489.95
2305.11
2262.87
2275.83
2345.09
2012.13
2102.97
2100.02
2186.35
2124.33
2305.82
2148.72
2270.42
2048.37
2062.68
2060.12
2322.03
2141.04
2202.56
2136.57
2222.72
2183.79
2175.98
2141.84
2064.31
2256.95
2185.54
2235.36
2334.03
2171.82
2145.55
2333.78
2129.84
2180.9
2013.41
2324.5
2185.21
2037.61
2099.95
2175.16
2440.49
2397.72
2219.82
2162.41
2287.74
2149.35
2147.16
2344.7
2265.24
2176.23
2197.29
2229.73
2324.21
2242.79
2163.46
2258.75
2257.81
2285.44
2159.93
2363.69
2308.53
2268.36
1979.98
2135.19
2203.88
2282.4
2049.06
2269.21
2103.96
2333.65
2317.77
2192.57
2160.12
2306.16
2116.04
2184.46
2064.25
2119.76
2321.18
2098.92
2248.5
2142.36
2113.82
2161.6
2053.13
1996.39
2274.65
2170.83
2363.98
2231.46
2066.11
2305.48
2318
2328.64
2202.35
2200.94
2324.42
2332.48
2085.2
2219.02
2213.72
2143.46
2232.54
2270.84
2225.31
2161.83
2331.78
2178.1
2099.92
2258.96
2295.37
2155.87
2391.12
2152.16
2162.24
2166.27
2252.95
2318.36
2295.02
2395.16
2155.67
2152.62
2148.43
2219.07
2035.61
2093.67
2411.21
2125.09
2209.9
2275.64
2025.22
2189.54
2236.89
2432.82
2164.97
2175.37
2030.46
2197.7
2357.76
2109.45
2257.78
2149.17
2101.12
2205.84
2039.8
2175.27
2061.53
2237.3
2276.26
2376.88
2269.12
2367.39
2171.33
2202.75
2208.95
2243.17
2222.55
2251.97
2118.79
2100.89
2149.21
2227.32
2240.55
2303.88
2308.74
2175.94
2254.19
2152.63
2354.92
2230.35
2164.5
2246.38
2219.37
2274.78
2222.68
2003.72
2070.23
2154.81
2481.26
2202.77
2337.06
2243.78
2149.2
2152.67
2188.84
2034.56
2183.49
2119.86
2248.85
1979.54
2174.78
2271.44
2204.2
2404.13
2132.52
2225.81
2119.75
2151.51
2252.06
2255.54
2279.5
2149.12
2072.03
2175.85
2310.33
2409.7
2172.95
2179.23
2238.78
2253.68
2252.49
2079.69
2088.33
2117.65
2267.93
2153.66
2289.64
2173.35
2284.94
2203.72
2200.05
2320.48
2229.59
2117.99
2210.49
2191.65
2281.16
2171.64
2064.95
2216.41
2321.95
2210.42
2077.01
2327.75
2138.12
2145.29
2438.82
2199.85
2179.87
2141.93
2210.7
2276.05
2084.66
2219.74
2204.82
2254.96
2184.27
2123.31
2307.68
2310.37
2036.37
2207.17
2330.25
2126.16
2209.6
2275.27
2315.95
2125.17
2167.28
2117.56
2168.74
2380.79
2141.35
2516.35
2061.77
2110.43
2355.02
2157.21
2063.33
2445.91
2061.01
2125.16
2326.21
2043.1
2213.2
2392.25
2277.06
2084.78
2270.53
2198.9
2248.22
2102.96
2235.16
2207.13
2349.35
2340.59
2208.22
2306.79
2227.65
2086.26
2265.6
2242.05
2142.51
2131.45
2071.33
2233.21
2162.42
2311.7
2244.42
2285.76
2157.71
2185.29
2102.42
2389.23
2214.69
2028.88
2339.44
2090.9
2298.57
2178.5
2115.18
2311.18
2107.77
2418.14
2122.48
2259.81
2100.39
2105.88
2203.81
2340.03
2247.37
2256.7
2167.9
2193.45
2388.5
2300.16
2149.52
2121.95
2302.56
2294.7
2375.95
2290.32
2202.53
2286.4
2109.52
2220.71
2160.55
2391.94
2278.87
2347.41
2250.84
2150.67
2317.68
2217.32
2183.98
2291.89
2353.62
2125.18
2177.81
2123.31
2146.16
2207.82
2384.23
2301.65
2214.47
2149.15
2226.32
2223.57
2312.03
2163.07
2179.18
2346.52
2325.06
2121.56
2364.84
2329.4
2305.67
2113.33
2122.81
2262.45
2178.57
2153.57
2125.51
2285.39
2276.43
2099.99
2345.87
2177.3
2204.14
2043.93
2172.46
2245.68
2245.93
2074.64
2282.21
2226.16
2282.3
2176.13
2266.5
2379.05
2204.32
2112.82
2340.81
1969.13
2092.02
2364.9
2180.99
2024.67
2215.25
2244.46
2165.6
2238.44
1987.02
2206.75
2146.96
2248.9
2168.64
2332.08
2174.13
2155.26
2258.62
2208.38
2218.7
2258.94
2166.18
2213.86
2105.15
2150.2
2158.77
2321.5
2190.08
2171.62
2305.3
2267.26
2212.01
2171.2
2103.41
2301.36
2217.33
2235.41
2325.42
2078.41
2235.94
2300.44
2103.01
2306.36
2084.48
2143.23
2261.76
2149.71
2369.72
2228.1
2174.14
2300.02
2169.27
2127.92
2164.46
2334.81
2466.98
2386.38
2057.15
2237.19
2111.09
2068.01
2278.84
2173.67
2457.07
2316.51
2216.25
2257.91
2252.45
2242.75
2303.98
2219.14
2254.2
2130.8
2183.01
2079.96
2161.16
2181.42
2392.5
2126.49
2233.51
2248.53
2103.84
2226.77
2155.92
2114.42
2221.28
2179.82
2036.12
2243.4
2069.92
2238.8
2024.3
2124.33
2290.21
2186.15
2157.46
2213
2021.31
2182.14
2137.5
2220.79
2236.55
2142.3
2323.94
2219.18
2310.62
2196.79
2236.11
2173.72
2438.52
2154.93
2207.6
2298.73
2215.73
2099.15
2301.72
2082.84
2167.12
2259.69
2110.39
2212.75
2313.16
2132.51
2212.2
2272.81
2201.25
2210.57
2256.48
2232.13
2323.85
2239.28
2233.46
2179.02
2213.29
2247.05
2165.24
2282.26
2186.94
2128.37
2251.48
2161.04
2268.04
2200.97
2132.98
2095.4
2179.39
2222.86
2257.47
2172.3
2189.72
2320.26
2251.98
2123.43
2261.21
2324.28
2232.74
2188.01
2230.89
2298.69
2336.55
2300.3
2217.6
2405.78
2309.26
2140.16
2061.92
2366.82
2231.51
2269.24
2187.72
2190.49
2244.28
2270.98
2180.03
2180.34
2104.08
2177.75
2135.65
2291.21
2296.62
2228.51
2253.28
2141.05
2190.38
2339.77
2412.56
2239.09
2357.47
2270.97
2149
2167.83
2140.21
2237.16
2249.48
2135.53
2197.12
2220.75
2323
2333.6
2180.74
2227.82
2084.76
2325.72
2504.51
2286.94
2147.49
2079.1
2383.31
2163.88
2139.74
2111.1
2260.92
2094.57
2319.54
2126.91
2429.44
2465.19
2170.22
2370.41
2062.67
2228.76
2250.25
2316.23
2264.96
2156.44
2235.57
2173.84
2249.9
2472.27
2270.98
2153.99
2282.17
2241.18
2302.84
2300.44
2063.97
2087.8
2262.29
2173.84
2218.26
2310.76
2225.44
1953.56
2167.61
2294.99
2297.87
2209.45
2137.32
2284.06
2234.47
2318.73
2121.46
2331.14
2254.45
2123.93
2270.34
2284.23
2287.67
1995.04
2399.2
2271.31
2093.9
2402.56
2360.61
2158.26
2186.53
2109.44
2272.88
2224
2062.56
2343.21
2312.16
2256.58
2191.59
2213.62
2325.98
2218.25
2053.1
2178.82
2424.12
2312.56
2245.52
2200.24
2016.51
2099.9
2183.16
2316.79
2284.71
2157.82
2339.46
2283.81
2317.78
2222.23
2323.6
2137.13
2260.03
2237.28
2270.1
2207.58
2422.3
2184.37
2288.56
2084.51
2378.2
2324.42
2248.43
2143.65
2296.12
2330.42
2078.03
2273.26
2321.71
2231.67
2182.32
2178.32
2315.03
2249.51
2191.38
2174.1
2150.19
2354.86
2145.9
2313.85
2146.42
2376.05
2250.32
2087.09
2284.06
2398.92
2371.13
2203.06
2377.48
2158.36
2187.4
2104.17
2226.32
2254.67
2202.34
2266.53
2178.31
2204.18
2337.89
2234.85
2102.31
2191.75
2219.75
2165.14
2310.68
2384.83
2251.48
2267.55
2150.83
2192.98
2260.57
2125.58
2168.99
2125.65
2294.57
2303.55
2188.61
2342.4
2110.42
2241.51
2176.52
2188.43
2118.38
2302.27
2152.13
2247.64
2053.9
2502.98
2112.25
2158.76
2287.3
2319.06
2080.23
2061.54
2269.87
2279.24
2194.08
2285.87
2273.73
2157.12
2256.12
2220.18
2336.49
2026.6
2078.49
2203.13
2350.84
1950.84
2224.6
2239.23
2158.58
2227.04
2218.59
2154.3
2244.6
2249.28
2188.67
2228.18
2344.75
1932.98
2282.65
2328.49
2051.11
2239.82
2281.95
2354.38
2165.54
2294.03
2288.26
2005.25
2197.81
2158.91
2302.71
2185.46
2301.33
2264.57
2205.05
2224.57
2033.04
2159.59
2145.18
2053.62
2480.73
2236.09
2332.68
2106.77
2161.14
2164.03
2217.51
2125.02
2290.98
2176.77
2195.98
2243.35
2285.23
2344.02
2340.9
2350.05
2229.96
2174.04
2189.04
2175.76
2285.44
2074.72
2228.31
2255.45
2355.07
2188.6
2216.29
2090.38
2344.65
2194.39
2149.64
2385.31
2242.98
2256.72
2216.3
2214.23
2345.38
1986.66
2217.49
2424.24
2111.75
2308.92
2212.64
2225.56
2142.78
2187.36
2155.58
2141.26
2167.72
2075.4
2274.11
2112.61
2124.77
2274.99
2035.03
2138.25
2293.41
2255.05
2094.45
2325.89
2145.96
2042.85
2418.39
2204.93
2314.28
2111.55
2211.92
2354.79
2343.48
2170.19
2099.18
2253.92
2163.01
2155.89
2411.75
2159.17
2174.01
2332.07
2223.62
2361.45
2243.87
2150.36
2367.52
2176.46
2147.59
2232.3
2261.26
2363.4
2272.55
2212.75
2245.02
2163.2
2159.07
2094.35
2201.91
2400.42
2225.91
2148.06
2190.2
2189.43
2272.8
2391.68
2276.57
2201.31
2291.23
2133.96
2353.75
2126.5
2085.06
2287.35
2122.43
2230.93
2181.63
2301.29
2134.46
2157.3
2284.68
2177.17
2162.3
2402.88
2099.51
2107.94
2001.33
2091.81
2085
2101.94
2339.55
2287.22
2244.58
2267.33
2312.29
2119.41
2378.8
2284.1
2289.36
2247.02
2280.72
2341.28
2251.1
2197.28
2187.18
2159
2254.49
2312.16
2128.02
2363.92
2104.73
2174.93
2157.5
2229.93
2315.95
2153.29
2247.27
2224.38
2332.97
2265.04
2139.72
2196.8
2080.85
2111.59
2225.57
2325.31
2160.16
2241.7
2107.27
2360.19
1981.34
2166.27
2302.76
2147.52
2182.49
2140.03
2293.16
2106.89
2266.17
2280.27
2276.82
2051.9
2192.94
2243.22
2151.35
2158.32
2278.1
2190.83
2099.83
2316.97
2257.08
1990.3
2315.57
2311.49
2177.16
2165.9
2227.64
2042.27
2234.15
2234.75
2191.76
2260.22
2220.71
2179.33
2101.08
2013.38
2373.44
2363.95
2317.45
2329.99
2168.08
2249.32
2322.1
2282.33
2211.73
2313.82
2175.99
2171.64
2248.47
2225.19
2048.65
2220.87
2204.96
2400.06
2240.7
2367.35
2163.87
2219.59
2324.06
2179.96
2109.91
2165.16
2212.89
2121.06
2133.02
2337.57
2222.6
2303.2
2324.85
2104.6
2061.76
2225.36
2085.69
2129.05
2209.42
2077.01
2305.98
2152.22
2183.32
2245.87
2280.97
2177.63
2145.17
2179.03
2086.67
2346.75
2260.38
2072.45
2269.69
2255.77
2241.71
2297.41
2150.85
2277.83
2119.58
2106.18
2206.82
2238.28
2218.27
2161.18
2215.92
2231.77
2417.72
2250.49
2010.61
2249.34
2038.29
2380.6
2026.6
2011.54
2214.68
2060.72
2108.67
2029.03
2299.37
2142.4
1983.91
2220.57
2203.98
2223.11
2248.57
2164.11
2200.04
2285.84
2308.11
2313.74
2169.02
2303.93
2223.2
2206.14
2239.09
2228.23
2236.77
2107.47
2220.8
2101.81
2120.4
2217.38
2298.06
2325.78
2250.38
2099.13
2196.73
2108.45
2188.41
2316.19
2148.56
2216.97
2187.66
2158.66
2250.15
2295.77
2086.25
2363.14
2083.37
2269.31
2088.86
2023.79
2304.56
2282.21
2171.41
2240.82
2218.37
2190.77
2253.72
2264.16
2217.47
2281.65
2267.15
2300.51
2312.59
2319.81
2325.47
2241.45
2139.7
2080.47
2320.38
2329.31
2017.96
2241.34
2226.66
2355.73
2109.33
2417.79
2350.75
2404.97
2170.93
2281.78
2404.28
2241.25
2205.48
2100.54
2204.8
2238.55
2338.55
2254.25
2242.5
2201.68
2461.62
2258.25
2064.97
2235.06
2354.38
2295.41
2220.26
2110.81
2252.26
2254.37
2434.23
2350.58
2149.29
2157.15
2359.09
2007.37
2039.14
2138.12
2111.31
2284.66
2250.77
2269.75
2282.9
2196.47
2202.06
2381.72
2421.39
2221.99
2202.29
2341.33
2257.2
2273.12
2058.88
2285.98
2232.48
2391.75
2255.86
2204.75
2221.7
2131.6
2092.19
2092.08
2301.75
2354.55
2167.88
2333.23
2275.79
2365.67
2310.99
2381.1
2183.42
2217.09
2029.46
2401.82
2243.93
2213.87
2152.17
2341.63
2093.79
2410.15
2146.43
2050.63
2230.02
2144.74
2072.1
2220.86
2241.4
2274.98
2186.81
2419.59
2267.3
2297.83
2115.14
2310.03
2295.71
2191.95
2291.45
2249.49
2268.13
2190.68
2172.43
2377.97
2199.57
2083.84
2308.67
2256.9
2190.46
2216.43
2268.85
2120.86
2213.75
2251.36
2019.52
2445.33
2208.81
2160.86
2187.89
2228.15
2138.03
2279.22
2093.35
2155.93
2493.51
2108.77
2203.91
2379.22
2320.7
2240.93
2017.64
2308.28
2285.46
2350.43
2441.93
2251.68
2116.7
2415.78
2298.5
2190.11
2397.1
2253.38
2209.71
2049.4
2213.14
2307.19
2110.58
2229.47
2229.31
2196.03
2295.12
2076.41
2103.93
2134.31
2076.32
2108.32
2220.1
2378.64
2247.57
2268.08
2191.02
2185.63
2258.19
2152.73
2234.35
2110.32
2249.29
2209.96
2162.72
2280.67
2103.54
2114.18
2197.61
2248.97
2285.55
2125.11
2254.44
2203.36
2253.82
2359.86
2191.79
2179.01
2236.69
2245.73
2211.66
2148.6
2252.01
2155.94
2043.84
2124.66
2219.72
2101
2253.71
2102.52
2139.16
2098.83
2059.96
2287.98
2318.83
2085.88
2163.56
2028.74
2304.01
2297.23
2267.64
2179.38
2298.2
2274.57
2268.54
2139.51
2249.44
2179.01
2123.64
2088.39
2153.59
2155.31
2192.08
2180.64
2249.9
2176.07
2090.01
2152.03
2190.36
2146.8
2016.43
2116.37
2181.49
2243.72
2353.04
2142.16
2140.54
2172.49
2251.63
2295.75
2244.43
2112.18
2205.01
2125.29
2082.36
2084.83
2222.02
2208.56
2316.61
2131.47
2135.43
2269.31
2148
2195.06
2142.79
2228.43
2165.69
2167.98
2283.88
1999.09
2229.32
2166.44
2250.79
2248.59
2220.52
2238.85
2151.95
2243.47
2232.92
2160.65
2169.17
2231.54
2302.72
2083.5
2081.97
2177.5
2192.5
2324.12
2220.02
2206.43
2327.99
2165.31
2102.64
2258.56
2257.52
2069.25
2320.62
2241.59
2209.82
2210.3
2102.26
2296.77
2280.64
2300.71
2187.29
2083.93
2313.11
2158.53
2260.63
2333.43
2128.28
2171.05
2279.8
2233.15
2255.64
2093.44
2261.87
2125.15
2272.43
2194.84
2314.2
2307.62
2301.13
2325.74
2144.28
2120.33
2381.86
2280.67
2166.86
2268.79
2343.9
2263.9
2282.43
2252.89
2105.92
2158.1
2158.09
2250.44
2052.13
2317.09
2286.83
2193.22
2196.29
2359.4
2214.92
2293.68
2131.68
2174.02
2385.66
2174.56
2088.05
2292.51
2107.71
2167.89
2251.28
2093.64
2209.76
2131.63
2336.55
2203.11
2143.13
2167.1
2184.78
2350.75
2193.09
2224.71
2286.5
2197.6
2316.14
2263.48
2095.7
2295.21
2148.11
2143.96
2265.56
2121.18
2247.42
2068.41
2068.48
2230.24
2172.14
2079.2
2299.36
2174.12
2046.31
1992.87
2252.58
2251.79
2284.53
2165.16
2125.79
2227.4
2235.71
2117.98
2240.29
2265.46
2349.47
2197.06
2114.96
2359.27
2227.76
2204.85
2273.03
2098.92
2172.07
2268.94
2206.38
2328.66
2196.37
2109.6
2096.84
2223.03
2221.49
2432.84
2093.68
2284.52
2268.57
2217.36
2253.23
2171
2355.9
2142.15
2247.45
2091.03
2137.75
2256.82
2123.94
2180.77
2302.87
2132.51
2264.23
2152.63
2276.38
2161.84
2261.82
2142.05
2152.42
2184.46
2272.29
2366.62
2253.88
2219.39
2239.96
2158.12
2078.5
2312.02
2059.02
2253.45
2261.9
2222.6
2104.35
2183.27
2152.98
2229.8
2256.88
2246.16
2239.78
2312.58
2079.57
2194.59
2190.03
2328.73
2090.45
2399.01
2268.17
2210.33
2335.08
2293.79
2121.01
2131.62
2328.16
2375.59
2168.37
2330.79
2134.48
2212.11
2381.77
2197.53
2124.84
2222.02
2252.22
2156.4
2389.7
2221.93
2198.84
2360.72
2234.59
2175.01
2229.31
2101.96
2266.96
2086.58
2387.12
2216.8
2259.79
2224.24
2325.97
2184.42
2382.41
2057.63
2232.85
2150.74
2231.23
2292.52
2175.57
2220.04
2276.8
2224.09
2153.71
2066.17
2102.78
2222.78
2067.55
2235.25
2254.9
1978.54
2140.21
2210.58
2268.11
2187.34
2287.29
2358.65
2246.98
2097.42
2122.93
2089.01
2195.79
2113.19
2138.81
2265.92
2164.9
2340.17
2201.55
2141.75
2266.56
2201.22
2235.74
2370.24
2248.51
2265.96
2187.89
2221.75
2264.56
2298.66
2316.68
2324.47
2459.1
2149.38
2380.64
2225.4
2132.06
2278.45
2109.47
2204.96
2309.78
2124.18
2169.57
2166.32
2306.35
2393.91
2264.51
2214.1
2028.57
2160.13
2181.84
2181.61
2355.13
2069.37
2220.4
2103.47
2265.77
2190.85
2038.63
2262.19
2071.19
2249.22
2119.51
2261.38
2045.04
2279.3
2207.18
2217.87
2254.48
2282
2255.82
2192.8
2252.31
2131.11
2220.53
2198.71
2293.68
2155.3
2070.87
2328.2
2131.34
2362.04
2165.3
2224.62
2260.15
2148.21
2281.67
2192.54
2214.05
2447.83
2042.96
2334.61
2104.08
2023.03
2264.68
2344.33
2393.63
2140.36
2354.48
2207.02
2144.8
2193.28
2233.51
2297.87
2247.59
2082.09
2220.2
2329.2
2249.11
2279.34
2209.13
2259.32
2109.59
2203.62
2148.1
2292.69
2213.1
2169.36
2234.67
2379.21
2132.68
2332.63
2142.02
2085.08
2333.6
2191.72
2219.68
2273.72
2197.41
2169.05
2480.71
2049.8
2069.03
1927.08
2177.17
2192.61
2199.37
2196
2079.92
2366.78
2301.59
2350.3
2284.54
2347.8
2126.6
2228.03
2149.83
2255.72
2094.01
2110.6
2210.83
2313.85
2282.84
2272.42
2304.96
2244.1
2383.38
2207.95
2349.27
2304.07
2390.49
2348.14
2097.73
2386.18
2076.07
2270.7
2378.76
2240.27
2245
2014.99
2136.29
2287.61
2206.99
2020.02
2226.94
2410.58
2311.22
2296.39
2274.3
2125.49
2268.89
2111.28
2257.13
2310.33
2048.81
2215.87
2167.85
2189.09
2235.34
2270.29
2370.98
2318.94
2201.82
2168.13
2316.43
2242.52
2244.77
2107.97
2192.5
2201.85
2078.66
2249.6
2174.37
2124.08
2396.93
2035.6
2202.28
2146.17
2213.7
2243.26
2008.33
2173.7
2213.91
2108.45
2232.81
2173.14
2218.21
2283.15
2163.76
2304.34
2241.37
2203.82
2203.5
2236.75
2021.9
2267.51
2336.33
2337.31
2230.15
2139.82
2327.1
2080.06
2269.1
2114.03
2207.01
2133.66
2082.23
2107.97
2227.51
2499.86
2262.9
2240.37
2135.01
2376.76
2196.67
2251.27
2339.48
2324.79
2211.67
2123.23
2258.91
2398.52
2161.88
2221.42
2162.4
2049.21
2193.34
2242.46
2342.56
2206.76
2148.29
2281.1
2145.55
2074.79
2322.13
2255.57
2047.89
2155.9
2300.28
2248.32
2241.54
2180.5
2040.18
2189.42
1988.94
2095.98
2178.7
2163.55
2413.2
2036.97
2412.48
2171.85
2158.55
2005.69
2050.84
2034.93
2134.99
2308.51
2130.42
2348.4
2190.94
2166.27
2299.35
2127.42
2311.56
2255.27
2112.53
1976.25
2183.46
2210.37
2437.27
2298.4
2346.88
2122.17
2232.54
2072.4
2135.88
2158.48
2201.08
2340.66
2100.37
2014.6
2119.25
2338.31
2181.04
2245.17
2364.88
2228.61
2152.19
2137.28
2309
2166.43
2275.36
2169.74
2060.88
2253.51
2319.44
2241.5
2374.46
2107.03
2119.67
2289.22
2068.53
2251.25
2222.91
2237.78
2213.09
2071.34
2071.4
2216.9
2243.86
2324.14
2306.62
2195.09
2215.04
2389.74
2228.48
2199.46
2256
2194.54
2211.32
2108.94
2265.87
2213.84
2190.59
2183.4
2195.61
2100.48
2155.78
2137.54
2222.18
2360.64
2222.74
2353.07
2164.86
2298.07
2207.09
2060.09
2364.17
2261.96
2248.83
2318.7
2146.88
2171.53
2107.81
2253.93
2200.54
2215.71
2235.66
2207.98
2306.08
2261.8
2165.21
2277.76
2207.56
2252.98
2260.82
2184.75
2097.75
2296.97
2061.2
2224.24
2190.18
2125.61
2374.87
2084.1
2350.6
2215.47
2158.58
2217.81
2226.36
2372.79
1936.34
2223.12
2267.06
2234.29
2164.23
2166.47
2079.6
2301.86
2215.74
2062.32
2419
2032.27
2304.03
2055.89
2252.81
2374.59
2125.94
2069.72
2124.2
2186.51
2353.18
2282.15
2294.54
2104.25
2374.88
2239.85
2158.05
2257.76
2153.25
2284.73
2155.7
2211.9
2294.96
2161.54
2236.22
2370.01
2258.63
2316.96
2233.48
2346.36
2325.09
2307.53
2392.7
2092.24
2277.42
2233.55
2161.41
2135.58
2030.88
2200.6
2316.14
2217.66
2349.6
2131.53
2216.96
2212.79
2370.95
2162.43
2144.2
2178.34
2365.51
2071.79
2177.33
2159.74
2055.22
2154.55
2306.28
2320.94
2378.69
2151.1
2276.69
2120.9
2389.73
2224.15
2272.22
2241.24
2180.02
2094.96
2148.05
2136.73
2442.18
2257.49
2115.65
2032.78
2182.45
2291.95
2188.05
2456.24
2262.06
2104.23
2212.44
2061.67
2162.96
2182.27
2052.99
2145.46
2131.19
2215.89
2173.06
2298.02
2106.24
2267.57
2238.94
2265.69
2190.93
2289.4
2347.48
2184
2309.01
2254.21
2322.61
2228.67
2316.39
2163.96
2273.63
2283.16
2287.97
2314.29
2099.68
2481.61
2288.89
2227.98
2188.69
2215.26
2402.76
2314.82
2144.2
2322.64
2207.76
2294.63
2089.97
2115.8
2231.03
2095.24
2336.87
2154.63
2348.21
2283.72
2108.31
2263.8
2222.56
2360.98
2261.83
2266.59
2184.13
2359.48
2208.33
2298.21
2260.47
2199.26
2258.45
2267.56
2128.36
2119.04
2197.92
2470.36
2071.94
2131.7
1968.93
2426.87
2191.07
2157.86
2134.49
2170.68
2170.55
2233.54
2298.7
2139.83
2113.29
2396.99
2015.63
2233.91
2229.54
2281.66
2232.93
2199.59
2132.63
2193.07
2247.36
2209.67
2220.01
2343.68
2145.01
2125.78
2267.54
2122.93
2322.06
2386.92
2372.37
2132.66
2207.68
2148.75
2181.02
2136.28
2179.31
2251.39
2150.12
1996.34
2264.35
2172.92
2194.81
2119.53
2326.98
2136.16
2119.13
2110.76
2417.1
2291.85
2191.6
2218.89
2341.39
2299.33
1979.05
2302.62
2160.4
2165.4
2259.45
2266.78
2188.34
2404.57
2228.09
2266.96
2343.84
2143.25
2299.62
2166.37
2188.71
2238.24
2113.7
2387.28
2281.12
2190.56
2193.73
2201.75
2271.98
2078.3
2184.08
2261.53
2142.87
2240.68
2141.83
2075.05
2170.79
2159.8
2206.63
2035.02
2271.75
2232.67
2134.63
1848.88
2262.22
2204.45
2098.81
2230.3
2119.94
2272.42
2225.7
2255.35
2204.9
2202.18
2208.77
2329.85
2207.88
2351.06
2322.03
2221.42
2146.54
2252.32
2213.43
2372.6
2169.76
2230.5
2096.95
2114.16
2078.12
2325.81
2337.45
2108.17
2277.9
2054.67
2261.82
2077.54
2231.37
2031.55
2099.46
2344.46
2204.64
2095.76
2334.83
2391.67
2166.15
2164.56
2153.15
2070.63
2174.38
2230.36
2157.64
2171.2
2120.48
2236.62
2269.94
2219.71
2232.7
2256.3
2289.74
2298.41
2442.54
2284.39
2060.83
2151.25
2242.35
2270.97
2466.5
2327.26
2038.41
2179.77
2261.41
2258.29
2331.06
2338.33
2178.84
2222.39
2333.23
2283.6
2166.84
2086.2
2145.82
2050.23
2139.56
2109.82
2216.19
2140.92
2276
2156.45
2256.89
2133.73
2178.66
2201.34
2244.64
2266.87
2119.08
2356.54
2346.09
2147.14
2306.68
2174.38
2032.4
2137.31
2323.74
2108.7
2235.09
2298.74
2331.77
2264.29
2180.13
2156.56
2142.37
2342.85
2358.37
2195.23
2195.67
2264.88
2271.62
2158.81
2176.62
2187
2133.23
2380.81
2102.8
2268.8
2291.83
2337.46
2235.78
2223.44
2191.03
2134.56
2258.55
2131.29
2134.06
2183.99
2166.82
2154.46
2098.38
2248.3
2152.37
2145.76
2186.37
2112.91
2114.47
2154.84
2045.8
2198.13
2363.29
2203.63
2200.18
2162.7
2183.92
2105.38
2141.68
2143.93
2249.49
2132.19
2154.4
2213.35
2255.23
2138.56
2075.25
2148.99
2253.89
2083.02
2277.26
2081.14
2294.56
2223.54
2290.05
2209.47
2121.44
2318.72
2300.57
2158.74
2212.76
2240.86
2190.83
2306.91
2244.76
2178.44
2264.52
2248.11
2339.89
2129.2
2235.14
2333.81
2338.8
2279.16
2170.13
2116.43
2199.38
1956.36
2247.51
2408.21
2078.1
2231.4
2138.6
2116.9
2271.73
2237.21
2345.55
2235.3
2100.56
2026.81
2138.05
2402.47
2099.23
1993.94
2273.33
2189.81
2329.98
2330.31
2355.67
2309.55
2048.69
2405.49
2187.06
2282.53
2010.28
2116.54
2144.4
2353.71
2167.64
2286.62
2241.5
2379.15
2138.74
2196.01
2283.46
2157.31
2125.79
2176.8
2311.81
2181.72
2103.67
2103.04
1986
2120.76
2116.79
2395.09
2223.43
2232.02
2124.71
2118.8
2058.58
2214.46
2063.83
2289.63
2294.15
2394.73
2364.06
2308.5
2218.91
2191.3
2262.75
2371.92
2232.28
2125.96
2268.81
2039.11
2253.29
2286.81
2256.53
2160.07
2081
2074.09
2175.16
2245.43
2136.48
2243.69
2219.24
2252.79
2237.86
2196.79
2207.32
2083.99
2329.37
2331.7
2207.57
2130.07
2209.12
2144.44
2158.06
2189.61
2400.32
2155.33
2156.97
2363
2303.95
2241.64
2261.27
2308.93
2313.17
2108.88
2368.41
2273.64
2352.8
2098.77
2215.68
2216.33
2107.56
2234.55
2130.34
2125.37
1988.33
2072.65
2187.05
2065.34
2044.8
2148.93
2162.82
2184.4
2236.53
2241.8
2095.73
2383.95
2280.34
2199.4
2187.44
2197.57
2215.71
2245.6
2225.44
2155.85
2227.28
2371.67
2148.03
2166.36
2079.58
2015.41
2368.18
2166.33
2242.13
2132.55
2067.67
2300.2
2140.31
2162.72
2284.6
2348.04
2330.35
2184.42
2138.69
2230.61
2177.6
2251.18
2272.33
2271.06
2093.37
2110.82
2070.59
2207.43
2256.69
2341.54
2217.02
2254.21
2241.01
2251.34
2364.47
2355.04
2147.74
2164.65
2307.19
2320.32
2149.72
2083.58
2390.7
2361.03
2262.7
2061.79
2363.99
2073.57
2345.04
2401.67
2187.03
2022.39
2268.05
2250.09
2249.72
2355.18
2240.42
2315.12
2152.7
2132.32
2109.47
2113.6
2134.8
2155.55
2202.25
2249.21
2038.11
2202.62
2319.19
2078.17
2184.22
2312.14
2225.03
2135.58
2266.47
2251.05
2269.77
2110.09
2260.69
2043.12
2330.83
2092.71
2456.92
2208.7
2224.9
2279.8
2256.33
2265.16
2343.88
2427.25
2379.99
2254.11
2116.58
2203.26
2190.08
2215.52
2193.05
2299.88
2282.11
2192.71
2094.02
2261.07
2251.51
2221.17
2228.83
2326.83
2301.32
2165.97
2245.05
2188.45
2083.17
2114.34
2265.38
2155.23
2224.47
2519.38
2340.02
2166.4
2279.57
2179.82
2208.5
2141.03
2139.84
2217.31
2125.46
2342.61
2269.47
2167.6
2166.86
2196.8
2190.13
2223.85
2274.16
2055.69
2347.32
2253.55
2248.1
2195.24
2059.13
2059.46
2379.04
2253.16
2205.05
2272.04
2230.52
2205.89
2176.99
2103.93
2246.03
2165.33
2350.29
2095.46
2234.62
2170.53
2161.46
2214.25
2118.82
2176.79
2262.12
2130.57
2287.8
2098.61
2122.77
2118.63
2418.77
2228.55
2281.95
2397.66
2287.29
2255.77
2163.83
2166.12
2198.96
2184.5
2218.89
2184.01
2215.25
2135.78
2249.73
2300.06
2158.95
2432.35
2282.81
2155.19
2264.01
2294.25
2253.48
2211.74
2262.7
2350.08
2254.01
2478.61
2172.26
2161.72
2357.59
2247.76
2232.52
2340.23
2154.22
2120.29
2342.75
2194.85
2096.08
2295.51
2201.29
2202.43
2325.83
2347.42
2309.01
2344.22
2061.15
2277.27
2239.35
2251.51
2320.66
2237.75
2343.46
2201.84
2330.83
2100.78
2166.2
2067.4
2036.06
2212.71
2306.79
2338.62
2203.04
2315.92
2119.72
2049.2
2141.46
2179.72
2244.25
2225.8
2001.47
1994.55
2120.24
2283.22
2157.55
2198.66
2301.86
2118.62
2318.87
2247.92
2115.6
2123.75
2384.87
2381.89
2226.81
2103.41
2091.62
2098.49
2155.72
2116.93
2143.65
2256.86
2156.18
2443.38
2135.67
2357.72
2277.42
2195.99
2220.19
2138.82
2123.07
2143.15
2374.47
2121.06
2208.09
2228.07
2264.41
2158.79
2238.63
2130.95
2310.8
2134.33
2254.21
2010.58
2299.46
2236.74
2155.97
2186.75
2245.32
2189.5
2207.92
2149.72
2177.55
2160.33
2147.81
2196.13
2211.63
2167.55
2014.42
2084.97
2338.12
2249.75
2275.62
2298.66
2360.31
2137.05
2233.47
2185.79
2421.48
2307.76
2267.55
2291.36
2483.46
2292.61
2282.18
2128.23
2222.2
2336.07
2138.17
2271.7
2348.79
2080.36
2226.3
2291.82
2346.78
2388.31
2272.46
2325.78
2300.61
2211.74
2218.94
1975.98
2129.38
2283.51
2229.32
2247.42
2177.45
2219.23
2229.72
2215.77
2206.43
2041.89
2197.45
2139.08
2185.03
2247.98
2180.2
2189.14
2186.17
2039.08
2203.55
2152.62
2272.19
2109.88
2337.4
2313.95
2388.33
2187.11
2272.47
2129.84
2213.5
2106.16
2293.15
2222.58
2247.55
2246.72
2212.78
2125.43
2218.14
2165.62
2274.26
2245.72
2372.35
2226.37
2242.94
2250.56
2153.33
2319.3
2287.21
2266.48
2331.91
2233.11
2092.47
2231.62
2162.21
2283.23
2356.13
2253.12
2074.61
2178.9
2132.23
2292.86
2243.55
2272
2124.8
2217.58
2203.93
2122.34
2303.48
2083.97
2232.95
2326.62
2234.08
2248.71
2237.2
2257.55
2215.86
2202.61
2234.77
2228.83
2285.12
2302.81
2270.7
2127.7
2273.46
2065.97
2055.16
2168.7
1995.96
2412.75
2195.74
2127.72
2161.23
2205.93
2281.96
2251.12
2208.18
2171.62
2151.18
2292.02
2394.65
2145.41
2039.28
2157.09
2247.23
2367.02
2107.46
2328.55
2149.82
2380.37
2216.77
2264.49
2331.18
2118.82
2394.23
2286.51
2095.78
2208.86
2273.35
2021.53
2339.85
2154.21
2106.66
2211.19
2280.7
2126.99
2137.18
2173.09
2190.48
2195.33
2154.7
2218.05
2063.03
2171.15
2049.74
2082.41
2387.03
2050.11
2327.88
2305.98
2313.29
2172.02
2333.99
2248.95
2331.88
2196.85
2160.35
2277.49
2110.18
2259.87
2109.05
2223.31
2172.36
2263.15
2297.66
2137.01
2138.19
2190.06
2236.37
2353.54
2199.92
2203.17
2192.68
2313.71
2272.68
2152.06
2169.59
2129.46
2197.2
2216.39
2275.48
2236.57
2255.24
2187.87
2265.33
2320.48
2161.27
2411.03
2353.24
2296.44
2406.98
2170.6
2159.8
2205.09
1996.67
2377.27
2131.1
2149.93
2175.42
1930.77
2230.11
2208.76
2238.03
2217.08
2230.02
2035.15
2146.79
2040.18
2311.41
2325.42
2203.59
2081.74
2071.73
2135.14
2014.1
2208.88
2152.69
2131.33
2182.81
2353.1
2270.8
2294.43
2140.17
2125.28
2194.93
2118.06
2334.77
2120.87
2217.25
2313.48
2292.52
2244.68
2209.63
2294.52
2337.94
2187.15
2151.21
2283.96
2406.22
2280.74
2240.78
2358
2431.28
2204.12
2288.98
2162.26
2175.07
2254.74
2097.95
2288.17
2017.56
2346.5
2317.72
2153.89
2359.14
2207.99
2364.23
2118.46
2227.69
2217.41
2204.93
2167.6
2261.38
2186.63
2214.5
2430.37
2270.92
2154.22
2042.39
2109.16
2380.06
2161.6
2256.46
2173.54
2235.93
2323.8
2173.38
2191.88
2232.76
2344.41
2146.07
2301.34
2146.02
2214.8
2090.19
2053.52
2236.14
2180.32
2234.78
2491.75
2075.36
2236.14
2115.77
2075.86
2252.25
2321.23
2229.51
2322.09
2130.25
2216.11
2292.6
2220.81
2296.98
2086.09
2405.47
2090.15
2051.17
2386.74
2271.19
2201.22
2208.53
2378.57
2373.07
2483.47
2093.92
2239.42
2225.68
2198.4
2065.37
2082.2
2201.09
2220.97
2030.51
2239.34
2155.4
2187.19
2167.18
2283.72
2217.76
2094.28
2349.58
2124.88
2132.74
2214.36
2284.85
2115.01
2381.17
2128.41
2144.06
2225.65
2359.2
2036.19
2107.56
2119.39
2284.78
2058.5
2143.06
2248.07
2226.28
2224.09
2362.49
2313.09
2267.77
2340.92
2102.04
2176.2
2209.81
2282.41
2288.53
2069.87
2265.21
2204.83
2057.58
2207.13
2425.1
2265.4
2137.98
2189.13
2339.95
2133.84
2100.6
2207.18
2275.49
2304.91
2084.13
2181.5
2201.96
2134.42
2096.49
2118.41
2346.82
2309.76
2225.59
2293.19
2329.56
2175.01
2366.89
2249.42
2230.71
2188.84
2236.02
2204.15
2304.71
2158.76
2153.86
2167.4
2171.15
2162.58
2139.26
2233.43
2290
2400.15
2238.13
2160.25
2201.5
2080.96
2119.55
2217.74
2139.07
2387.03
2297.3
2273.45
2382.12
2238.8
2021.71
2320.43
2172.91
2215.24
2142.42
2087.22
2142.2
2167.56
2196.04
2175.82
2351.95
2124.96
2154.44
2206.25
2363.12
2115.54
2258.51
2252.03
2231.49
2204.69
1982.67
2315.5
2127.02
2329.78
2048.58
2133.08
2437.22
2060.72
2178.49
2316.14
2296.02
2086.24
2269.19
2164.81
2206.04
2414.99
2109.42
2294.34
2212.58
2132.24
2228.35
2139.95
2186.06
2120.92
2192.53
2258.15
2112.62
2313.22
2175.31
2255.29
2302.22
2246.06
2244.74
2200.32
2181.18
2122.34
2348.51
2166.13
2329.26
2144.44
2235.38
2123.6
2287.87
2188.37
2235.63
2184.9
2164.45
2078.24
2391.7
2411.14
2211.96
2058.74
2208.28
2176.92
2256.41
2076.46
2205.84
2124.49
2073.31
1956.98
2209.53
2099.76
2209.15
2404.98
2077.96
2277.4
2139.83
2295.77
2141.88
2401.7
2054.82
2116.04
2260.16
2123.51
2310.77
2218.26
2237.48
2190
2278.33
2156.32
2000.66
2217.34
2116.31
2231.54
2226.37
2254.83
2133.69
2225.31
2283.08
2314.09
2310.19
2399.78
2175.18
2137.34
2184.65
2197.02
2223.84
2238.67
2374.15
2324.91
2379.69
2140.22
2196.55
2151.3
2109.99
2172.28
2257.19
2373.67
1973
2121.83
2267.15
2246.76
2092.42
2455.72
2243.24
2248.22
2167.39
2066.92
2154.06
2114.46
2217.2
2251.78
2297.06
2243.2
2369.91
2266.38
2193.55
2304.48
2241.47
2192.25
2158.74
2335.56
2246.22
2206.55
2047.49
2324.38
2064.83
2091.28
2101.16
2309.91
2211.97
2060.17
2212.49
2258.9
2093.27
2294.17
2195.96
2253.71
2273.34
2257.5
2165.6
2114.61
2087.7
2134.71
2110.23
2433.22
2355.01
1950.17
2127.11
2037.08
2170.02
2179.85
1889.16
2395.01
2281.67
2094.47
2311.32
2342.35
2220.56
2211.04
2150.2
2269.33
2202.49
2258.05
2041.04
2156.06
2150.11
2074.55
2136.5
2153.65
2262.31
2277.08
2219.61
2128.68
2170.65
2071.31
2245.44
2076.53
2225.59
2213.38
2341.47
2384.83
2104.45
2101.78
2220.24
2260.22
2281.65
2182.6
2133.15
2059.62
2186.68
2130.94
2096.5
2270.84
2262.81
2347.22
2335.85
2313.74
2137.2
2276.08
2186.3
2241.98
2156.61
2194.96
2208.85
2168.61
2302.19
2010.84
2233.54
2094.43
2081.38
2002.77
2420.1
2314.46
2157.45
2214.63
2289.77
2452.94
2175.09
2112.09
2207.38
2219.62
2068.09
2255.75
2310.78
2271.91
2387.61
2317.44
2201.46
2141.2
2128.75
2138.83
2263.55
2194.13
2170.9
2306.83
2232.66
2232.78
2353.81
2112.9
2026.71
2071.04
2121.01
2281.28
2300.66
2230.1
2288.25
2447.14
2192.74
2151.59
2457.94
2180.54
2057.68
2190.48
2231.07
2219.04
2081.03
2314.85
2277.5
2246.62
2162.87
2192.17
2341.86
2122.75
2135.47
2094.69
2262.16
2214.42
2009.47
2311.37
2269.72
2178.37
2146.4
2180.43
2092.64
2092.32
2313.34
2230.02
2221.35
2158.67
2218.44
2269.98
2365.47
2172
2104.58
2285.86
2253.29
2397.5
2280.61
2334.74
2175.93
2263.75
2307.41
2213.22
2155.38
2313.82
2256.93
2179.21
2397.89
2100.52
2218.6
2045.72
2254.71
2237.2
2321.12
2259.72
2196.64
2230.36
2190.73
2247.78
2153.68
2228.02
2286.81
2306.93
2066.11
2309.17
2424.6
2166.27
2362.46
2288.72
2419.01
2043.9
2283.18
2194.4
2209.54
2297.1
2371.45
2245.67
2259.45
2283.71
2191.74
2177.09
2283.33
2172.42
2179.88
2321.51
2189.23
2318.1
2097.76
2264.75
2206.66
2392.84
2171.95
2293.2
2325.23
2065.02
2239.84
2015.5
2167.78
2198.43
2239.73
2224.22
2143.7
2375.69
2352.51
2204.82
2233.28
2241.2
2257.56
2273.95
2284.79
2237.24
2087.46
2075.56
2084.07
2209.65
2221.67
2204.33
2074.25
2184.94
2157.36
2298.36
2143.16
2236.52
2181.81
2277.43
2347.6
2160.67
2246.5
2150.21
2103.95
2311.04
2287.92
2424.31
1965.15
2135.26
2393.42
2249.94
2094.29
2336.95
2163.31
2212.78
2184.63
2141.11
2150.51
2179.03
2195.68
2155.87
2209
2163.67
2234.43
2286.34
2304.05
2294.01
2254.53
2212.44
2132.16
2336.83
2407.83
2030.34
2308.82
2235.09
2067.87
2085.67
2050.06
2336.34
2187.39
2219.14
2260.52
2129.71
2232.13
2107.86
2092.26
2296.07
2223.8
2301.24
2088.93
2332.26
2442.69
2201.24
2191
2096.58
2157.68
2151.83
2237.16
2155.26
2024.28
2264.07
2143.32
2358.04
2296.53
2162.42
2245.02
2183.03
2245.77
2120.49
2176.82
2177.19
2217.93
2297.8
2328.55
2182.67
2176.64
2296.15
2166.93
2396.88
2103.29
2318.6
2082.62
2182.1
1983.9
2264.94
2212.4
2173.5
2357.22
2102.36
2059.82
2347.2
2267.87
1984.39
2461.86
2153.82
2286.01
2150
2346.55
2121.16
2213.53
2052.19
2399.9
2247.03
2284.21
2173.84
2257.91
2091.55
2319.96
2276.98
2145.29
2145.7
2269.04
2352.7
2296.34
2104.16
2278.76
2285.18
2229.64
2178.37
2074.51
2014.73
2127.53
2407.6
2195.28
2126.75
2242.41
2203.41
2334.12
2457.94
2185.46
2095.11
2028.13
2034.33
2132.78
2257.04
2127.24
2049.49
2198.45
2212.08
2264.48
2303.07
2185.77
2230.68
2098.62
2487.25
2136.82
2080.34
2139.57
2101.96
2380.7
2269.04
2251.46
2365.88
2215.46
2245.27
2301.13
2209.07
2270.08
2276.8
2022.29
2299.15
2151.13
2130.6
2373.57
2442.95
2200.13
2152.9
2308.91
2087.75
2113.73
2292.65
2341.79
2271.5
2488.26
2117.57
2210.92
2148.46
2325.33
2163.95
2103.33
2228.55
2159.11
2139.93
2206.7
2265.77
2426.19
2160.85
2146.15
2233.19
2326.38
2280.36
2214.95
2369.99
2304.21
2337.67
2352.02
2090.76
2404.49
1909.02
2220.91
2002.49
2387.59
2176.9
2185.22
2262.42
2066.85
2112.98
2299.78
2073.93
2372.16
2074.51
2268.32
2317.47
2220.47
2240.86
2169.93
2263.03
2338.71
2196.48
2317.91
2193.09
2190.32
2189.48
2331.03
2115.14
2231.83
2148.92
2135.57
2158.92
2289.32
2203.88
2278.71
2175.88
2130.36
2324.27
2378.46
2008.09
2153.21
2222.16
2047.81
2426.57
2061.27
2143.42
2167.12
2116
2165.55
2104.98
2016.75
2150.35
2179.31
2239.8
2200.31
2348.54
2223.85
2359.55
2265.54
2111.7
2174.09
2448.33
2407.47
2303.3
2261.05
2224.45
2113.29
2220.24
2136.28
2119.46
2284.34
2081.83
2246.46
2170.41
2094.41
2248.49
2049.74
2274.55
2321.71
2199.09
2184.08
2013.15
2038.38
2368.19
2151.17
2137.26
2133.28
2193.83
2231.45
2079.15
2127.94
2207.63
2135.16
2132.54
2116.22
2038.21
2309.48
2082.26
2388.92
2209.54
2155.04
2286.5
2235.77
2293.46
2204.04
2240.9
2137.42
2101.11
2242.42
2124.74
2293.27
2034.64
2214.86
2082.44
2258.67
2172.89
2197.02
2197.28
2086.29
2235.95
2336.37
2190.1
2265
2311.18
2168.55
2299.4
2144.72
2164.31
2104.09
2176.6
2107.37
2350.92
2072.88
2131.43
2296.09
2089.01
2209.63
2281.87
2127.7
2278.37
2226.23
2104.49
2181.07
2194.32
2258.13
2057.16
2448.65
2065.53
2142.1
2258.2
2162.35
2204.43
2217.03
2087.17
2165.53
2336.91
2231.37
2303.5
2269.7
2294.97
2209.28
2130.32
2204.58
2139.45
2162.1
2299.64
2175.08
2254.25
1988.01
2365.82
2097.29
2340.89
2365
2306.44
2304.83
2217.65
2125.84
2214.95
2110.51
2263.65
2479.36
2280.92
2122.87
2175.78
1931.29
2131.02
2248.66
2125.36
2150.53
2233.09
2280.79
2230.42
2335.16
2133.84
2088.43
2176.44
2225.83
2255.48
2335.44
2349.75
2411.25
2396.53
2155.21
2412.43
2329.79
2085.52
2235.89
2299.93
2095.42
2169.03
2170.48
2082.03
2261.9
2329.91
2087.46
2362.83
2279.88
2044.33
2190.41
2251.62
2488.02
2028.92
2339.19
2180.81
2332.37
2160.06
2245.43
2189.08
2248.16
2228.87
2198.38
2335.89
2188.28
2176.09
2085.39
2144.56
2155.04
2159.64
2205.82
2236.09
2222.03
2270.59
2241.34
2169.21
2200.59
2398.1
2319.52
2161.63
2132.86
2241.49
2216.84
2328.35
2307.94
2203.17
2124.35
2269.37
2220.69
2203.65
2236.7
2326.27
2239.48
2159.19
2147.71
2105.09
2148.27
2183.9
2222.47
2412.55
2089.84
2022.94
2247.31
2139.09
1960.48
2250.2
2308.63
2253.55
2314.85
2088.84
2131.28
2282.94
2352.22
2061.57
2109.37
2314.64
2167.54
2056.44
2092.03
2212.42
2231.69
2165.55
2306.65
2262.9
2314.67
2155.75
2197.38
2345.46
2317.85
2095.96
1970.72
2217.86
2241.79
2262.71
2312.51
2363.76
2285.22
2179.6
2158.57
2225.27
2132.04
2184.08
2160.56
2265.64
2125.09
2245.02
2196.3
2289.83
2316.55
2367.74
2207.07
2364.58
2217.6
2175.24
2339.41
2226.23
2180.51
2318.5
2285.1
2137.3
2070.77
2298.75
2328.97
2271.58
2315.05
2225.02
2210.13
2424.73
2215.47
2214.11
2062.29
2143.13
2088.34
2193.48
2347.8
2269.92
2118.81
2222.77
2173.84
2335.69
2219.15
2383.11
2252.6
2391.68
2116.97
2362.7
2350.82
2302.39
2147.52
2239.53
2278.06
2413.35
2282
2077.26
2227.94
2194.1
2157.44
2114.84
2109.95
2313.68
2319.4
2110.42
2054.65
2336.27
2173.1
2243.67
2082.03
2226.27
2407.3
2258.05
2045.5
2042.34
2250.86
2233.05
2197.07
2126.9
2036.92
2182.35
2161.4
2364.71
2302.1
2188.46
2198.55
2146.9
2125.89
2136.92
2234.6
2202.11
2186.27
2106.47
2095.59
2224.47
2246.57
2346.31
2387.11
2160.34
2030.36
2382.98
2206.8
2312.54
2169.04
2330.13
2210.31
2120.76
2064.72
2264.61
2382.6
2313.18
2356
2118.29
2263.29
2037.35
2197.76
2254.43
2211.73
2083.24
2271.55
2227.71
2065.47
2317.42
2207.24
2198.24
2231.6
2141.66
2333.33
2260.63
2097.58
2167.4
2115.03
2103.96
2215.65
2297.55
2040.04
2248.68
2077.51
2249.28
2186.17
2140.28
2296.93
2211.49
2316.69
2242.44
2348.38
2135.75
2080.31
2168.79
1975.81
2243.2
2253.39
2243.9
2076.21
2121.87
2330.38
2078.13
2223.23
2367.77
2358.95
2147.47
2063.81
2208.4
2362.92
2060
2292.83
2335.64
2095.3
2280.66
2105.96
2050.7
2162.89
2239.22
2255.2
2156.89
2385.64
2453.03
2258.09
2126.68
2201.16
2106.07
2194.86
2246.18
2240.74
2052.27
2135.32
2229.27
2223.68
2063.61
2106.82
2276.84
2151.05
2186.19
2234.06
2304.37
2349.26
2235.01
2102.71
2195.84
2342.84
2286.46
2107.89
2222.71
2290.57
2061.39
2183.94
2152.73
2266.7
2269.23
2071.74
2312.1
2102.28
2193.21
2328.66
2190.48
2314.89
2092.92
2141.63
2150.59
2109.57
2344.43
2271.15
2287.73
2166.87
2229.7
2163.98
2174.23
2198.89
2397.86
2359.3
2178.63
2155.72
2177.13
2118.18
2339.13
2048.04
2202.22
2348.66
2327.13
2445.87
2068.76
2128.72
2118.88
2290.94
2282.38
2233.84
2295.92
2277.14
2326.61
2226.73
2107.71
2172.49
2147.44
2314.57
2090.8
2353.9
2107.43
2172.5
2093.95
2247.93
2172.84
2206.74
2187.07
2202.53
2073.72
2283.45
2109.16
2176.46
2175.27
2244.97
2406.65
2308.49
2187.17
2358.04
2256.77
2236.28
2184.92
2220.77
2181.16
2281.97
2221.97
2137.4
2137.67
2213.09
2441.43
2460.17
2353.05
2200.32
2508.05
2223.34
2194.69
2267.49
2200.45
2351.48
2224.08
2131.68
2265.01
2311.06
2085.61
2129.32
2245.18
2302.52
2125.73
2259.13
2072.81
2328.36
2154.3
2285.23
2232.77
2242.63
2405.86
2290.72
2246.95
2131.15
