333.036
358.32
293.648
308.048
392.79
359.034
389.316
319.886
302.592
317.552
363.815
413.533
317.89
301.245
347.52
316.422
344.219
343.456
299.638
359.348
350.766
352.672
314.63
308.398
363.392
323.976
304.835
300.76
298.17
290.683
374.006
306.823
337.408
334.031
327.703
331.617
289.151
400.882
295.274
350.422
286.963
360.863
328.968
324.389
341.073
336.828
303.439
354.117
357.112
331.26
344.563
357.318
321.003
335.312
388.248
325.807
278.876
326.781
295.669
408.294
305.775
341.604
306.958
312.484
351.09
303.624
330.139
288.548
394.679
302.839
304.101
313.591
331.707
388.09
367.079
368.281
349.083
392.828
331.139
281.324
336.502
346.789
326.554
346.706
335.959
323.67
313.63
297.884
386.697
339.903
335.974
335.075
442.533
316.903
369.177
350.137
327.375
372.981
313.734
358.469
345.005
345.388
370.036
297.737
357.943
362.021
295.459
398.398
365.306
347.101
337.347
366.567
312.14
391.155
316.861
352.168
359.733
342.108
307.24
331.174
328.214
279.337
319.382
304.932
320.905
329.019
308.266
291.744
350.85
356.527
330.588
303.277
299.814
381.245
316.165
377.657
330.012
361.48
323.976
326.907
318.944
355.731
420.706
346.185
340.365
408.202
345.381
373.43
387.534
290.488
381.874
394.895
359.387
367.401
388.511
291.695
321.098
303.302
355.547
351.163
336.214
356.397
339.716
376.489
309.896
322.398
279.739
351.418
299.394
396.464
296.342
331.022
320.367
283.755
297.036
300.069
369.995
349.909
380.922
299.246
358.958
350.832
291.121
359.937
341.833
352.311
342.661
330.872
337.179
318.373
280.431
394.896
317.889
353.007
310.139
358.289
362.018
351.807
361.609
299.592
402.598
289.088
343.675
328.55
338.708
345.074
308.422
356.405
341.886
333.165
352.41
339.102
318.291
309.595
354.09
369.004
349.203
325.984
336.666
360.638
364.939
379.638
345.918
338.721
350.62
281.659
301.891
330.417
380.088
334.069
294.324
337.157
374.228
341.117
394.851
348.094
377.095
282.135
367.254
313.468
397.036
323.163
318.119
374.108
374.057
352.412
356.538
407.157
302.715
389.21
406.841
361.627
341.691
339.54
382.509
324.085
402.87
307.107
281.16
347.92
368.274
321.404
357.758
315.596
353.267
361.901
322.125
349.695
342.647
294.918
321.503
317.189
396.876
334.461
372.447
412.133
294.046
334.581
351.859
408.445
395.597
280.266
334.727
345.802
370.299
366.453
298.666
313.356
310.936
317.038
317.78
430.673
373.843
339.241
329.153
330.214
332.841
352.144
436.063
390.61
350.135
346.592
334.603
362.192
376.782
381.179
333.883
317.503
359.351
308.061
290.879
313.176
384.365
352.021
342.604
303.076
328.564
300.994
325.982
304.874
295.882
404.152
310.023
351.925
295.146
373.061
471.365
366.537
349.224
366.375
352.184
348.766
337.483
379.782
357.547
328.397
329.221
357.551
286.362
305.683
340.046
331.778
351.827
317.976
307.422
320.033
283.25
441.009
356.452
283.943
340.585
368.509
339.475
359.099
324.323
355.505
356.109
372.705
332.164
314.317
384.557
347.456
311.424
331.009
337.973
301.89
374.273
287.977
374.035
358.416
317.141
329.716
337.012
265.43
358.116
411.749
351.86
362.399
350.986
311.484
354.49
347.328
388.06
288.698
369.452
347.245
349.293
340.778
340.525
340.06
435.617
381.073
275.837
347.465
309.734
368.246
293.086
384.595
379.986
369.716
375.519
309.072
331.251
333.972
374.539
350.388
309.501
251.47
350.499
315.475
405.889
325.522
345.937
347.51
298.584
359.431
347.145
298.447
424.019
298.978
310.061
312.767
347.299
339.16
283.741
343.69
334.182
294.468
266.946
271.58
333.719
357.508
366.274
331.322
408.835
373.737
357.527
356.452
398.267
411.364
338.907
360.793
315.439
324.222
272.844
288.959
277.646
267.967
376.807
316.153
330.067
384.669
331.552
275.998
335.275
336.938
390.533
329.48
355.609
338.468
389.213
337.299
329.246
386.35
316.559
339.924
197.561
363.185
379.296
323.64
323.563
319.21
337.939
347.59
309.685
303.524
365.428
332.232
326.993
385.848
392.629
367.125
356.219
365.852
334.185
376.859
309.648
341.684
321.316
434.876
348.945
361.626
340.56
324.557
376.246
340.692
340.393
347.549
365.913
327.256
363.666
376.199
354.09
403.388
368.546
356.994
369.615
342.961
348.019
351.948
320.778
296.515
299.006
404.524
243.83
367.634
331.062
368.101
274.48
351.717
300.001
407.352
300.805
367.138
304.218
334.99
339.425
345.722
300.415
447.529
361.482
355.331
334.015
308.924
278.457
360.739
319.265
378.735
402.316
310.089
324.164
357.41
361.146
289.901
333.428
348.332
403.043
306.262
374.524
402.812
316.097
419.168
365.373
381.801
318.785
338.772
402.923
342.043
346.087
364.802
326.683
311.908
322.29
315.094
335.006
402.714
340.234
396.812
361.91
329.827
335.425
298.462
331.108
314.973
402.695
327.729
337.432
357.081
302.692
323.915
307.837
295.986
315.594
342.659
365.722
313.331
360.556
318.197
307.58
314.994
387.466
391.999
332.366
314.736
340.052
326.858
325.923
353.275
316.495
345.211
295.304
341.807
382.255
451.03
366.687
333.417
393.131
396.048
363.873
365.354
369.334
314.557
329.303
329.449
364.254
346.61
323.083
300.296
293.858
256.255
312.992
359.575
342.027
315.027
354.218
364.665
335.223
387.984
317.145
336.032
424.233
337.464
258.571
400.602
348.207
390.152
342.846
318.788
295.804
323.102
364.038
361.775
376.781
313.861
404.365
338.862
396.615
336.43
322.136
308.431
342.526
321.36
333.513
375.714
380.062
304.026
309.777
330.598
390.07
365.57
308.226
329.993
358.824
323.312
387.563
335.189
341.473
393.852
382.26
309.733
295.955
277.884
343.337
349.501
272.607
291.202
289.847
337.581
326.479
331.589
359.824
396.77
358.487
265.559
358.797
343.589
352.722
316.557
345.569
288.605
389.92
364.259
361.234
329.446
292.416
380.606
330.316
339.163
325.134
313.68
316.676
351.445
309.859
345.327
321.993
361.901
368.406
351.007
339.737
377.285
402.844
379.19
352.753
379.906
371.724
315.625
269.698
367.857
340.305
286.816
344.845
373.033
357.715
387.118
355.564
338.566
299.589
355.048
320.359
330.531
357.001
365.623
312.604
340.908
332.017
400.604
311.863
418.898
277.463
386.231
339.027
350.419
317.173
275.347
285.058
431.407
334.58
323.24
283.712
379.169
369.335
348.721
369.305
322.529
266.191
353.832
407.966
388.413
297.372
276.872
301.785
298.737
285.81
353.304
379.144
356.547
295.463
382.432
321.124
353.02
372.014
363.559
315.209
377.531
319.244
354.121
382.034
344.675
336.006
315.267
338.921
285.415
368.038
361.728
278.547
352.825
265.487
358.549
384.071
368.244
370.765
295.703
382.233
260.661
301.579
332.312
289.391
370.016
301.802
334.958
252.148
317.098
380.283
366.951
357.456
371.249
316.895
362.405
369.679
362.602
295.028
272.118
353.007
353.569
340.397
329.684
358.468
326.83
343.347
344.41
307.951
391.244
270.542
348.366
379.793
395.011
320.733
307.453
288.153
349.774
371.498
314.489
341.61
356.225
335.835
339.969
368.787
359.216
366.855
304.783
307.738
319.609
343.649
274.252
377.994
300.59
366.013
371.551
345.736
357.219
343.385
303.9
354.22
401.946
323.007
354.646
336.609
409.811
337.521
406.236
348.678
354.255
350.915
289.038
355.005
333.599
320.787
380.087
334.359
344.476
338.141
353.731
355.893
382.553
324.612
331.681
367.425
361.996
326.178
343.313
358.371
364.2
328.04
299.849
358.367
298.969
350.503
375.741
308.916
321.791
400.073
303.469
403.308
270.83
370.039
324.212
374.772
326.758
327.92
336.351
370.951
345.469
336.3
316.965
355.831
362.186
283.244
359.977
326.17
357.06
299.298
340.431
331.632
383.294
340.162
349.519
411.871
329.049
319.332
312.367
363.449
351.259
324.77
349.157
396.889
314.472
367.32
364.201
326.566
322.264
314.049
386.816
366.701
366.031
352.786
371.214
321.969
312.082
312.343
334.114
438.849
362.301
290.232
352.062
263.541
324.333
303.39
316.411
334.293
358.294
308.149
348.095
342.67
344.888
293.275
305.074
328.916
287.153
302.783
354.499
450.384
363.544
366.552
299.938
341.934
355.533
355.403
373.407
339.606
356.196
246.824
298.085
319.141
309.201
364.756
299.938
298.703
380.264
332.655
347.233
374.1
369.357
313.439
340.834
368.684
379.086
308.806
328.416
367.687
297.909
318.978
314.036
327.447
303.48
344.849
340.924
430.88
313.146
343.758
320.974
342.041
297.282
345.775
344.498
273.657
392.59
296.283
362.661
334.707
330.852
315.869
398.209
305.216
371.685
354.547
351.529
312.247
367.931
286.25
334.206
275.106
367.343
309.002
339.554
372.914
304.405
348.58
335.206
338.64
297.825
408.844
348.506
293.535
315.611
347.448
317.427
320.095
353.507
370.577
386.689
333.727
321.995
327.774
339.778
347.292
339.726
317.674
331.185
381.731
391.986
308.49
286.594
353.774
388.375
304.338
308.413
340.129
361.292
396.366
332.613
283.971
358.028
319.989
342.84
302.527
367.86
298.438
360.334
388.606
329.699
301.571
403.526
365.899
289.453
363.821
365.905
327.314
293.444
354.729
368.525
316.99
276.465
288.502
330.466
324.65
257.405
313.785
302.368
348.234
397.323
388.653
328.196
372.996
270.358
398.486
372.859
356.666
380.636
331.687
323.409
323.304
372.544
337.529
370.052
389.585
311.189
248.86
317.497
341.601
300.909
285.169
329.641
356.229
437.088
342.971
296.041
316.813
355.852
318.947
335.114
376.168
384.445
331.514
360.959
344.062
388.565
375.138
343.203
388.048
373.037
296.658
325.161
362.786
331.566
284.17
366.645
409.877
419.553
308.376
356.8
319.64
327.153
424.104
290.081
364.807
391.568
324.892
389.507
366.227
348.099
310.528
318.698
364.273
320.507
362.132
372.741
380.896
354.308
353.297
370.667
266.279
359.954
367.473
349.574
312.343
373.056
344.412
265.728
334.104
290.017
356.9
346.271
299.81
291.532
356.642
383.032
315.743
260.408
327.432
342.155
312.739
284.352
352.487
270.476
367.934
355.306
273.973
325.879
324.465
405.047
303.512
355.324
319.339
352.166
328.204
429.635
347.356
353.896
365.286
309.704
352.154
387.483
323.124
339.084
312.466
337.241
322.552
340.036
333.64
381.096
299.687
302.957
409.849
310.049
329.223
338.793
327.538
318.954
357.346
317.763
335.401
357.793
288.227
400.068
370.499
350.426
395.261
319.73
316.952
334.917
371.682
354.868
313.81
336.54
414.427
371.326
368.932
310.242
374.683
398.844
404.522
270.287
336.057
364.431
359.252
289.027
330.942
312.612
310.371
351.287
401.139
310.707
325.74
325.847
315.535
328.516
316.992
334.125
377.633
300.281
380.109
396.935
316.57
324.901
330.655
371.535
457.427
303.991
337
375.691
282.995
295.431
379.85
367.299
295.638
327.941
278.411
318.658
342.626
302.254
331.999
335.408
394.17
407.564
345.646
407.646
349.922
281.729
372.678
344.04
338.69
342.8
367.888
316.314
389.99
314.259
353.938
340.051
338.339
367.702
325.653
353.249
338.413
319.485
380.442
324.292
320.333
380.326
371.215
339.769
365.847
302.726
353.426
327.529
397.919
347.589
299.709
308.318
382.368
357.659
360.212
325.061
358.788
341.62
319.884
372.137
403.545
300.13
375.785
371.768
331.007
349.953
346.407
366.217
342.776
304.797
369.607
362.323
345.298
309.801
291.513
387.526
378.755
342.172
333.727
370.473
319.264
329.318
323.079
387.707
291.473
319.001
400.413
377.357
382.703
302.901
370.12
342.762
354.187
318.618
345.809
293.442
318.249
329.91
372.053
318.732
364.972
306.459
334.778
326.711
322.138
346.005
336.713
328.171
369.778
319.63
304.182
325.026
300.056
337.159
340.499
336.177
318.948
365.435
340.787
366.946
277.224
329.906
279.507
362.51
328.214
346.441
294.384
309.223
372.964
335.951
346.058
338.946
354.744
353.483
350.371
425.907
343.505
347.58
347.232
293.933
311.913
300.006
315.753
328.817
341.544
347.141
389.942
346.061
326.658
320.895
378.442
310.267
316.519
354.775
335.357
300.401
318.734
339.166
384.638
320.551
381.984
333.961
311.863
376.8
381.434
314.647
356.734
378.114
397.783
298.174
376.13
292.789
302.736
352.805
391.252
333.958
358.42
360.868
302.007
375.859
317.438
307.559
343.752
308.46
369.674
313.352
388.268
373.678
349.041
349.757
334.137
344.799
335.046
318.056
407.624
368.253
371.173
303.892
369.119
276.936
392.411
363.637
337.223
337.008
302.593
324.937
342.576
338.17
349.507
367.969
350.742
325.142
343.875
345.009
352.003
361.742
288.644
301.695
368.981
293.494
318.568
310.919
388.827
340.78
332.601
429.096
266.731
339.579
382.051
329.548
305.423
336.276
321.114
362.39
358.207
356.589
337.217
335.186
354.792
292.244
361.87
387.54
352.504
326.039
309.215
325.898
289.754
362.587
297.483
333.578
296.236
342.77
379.885
312.911
372.475
334.209
311.407
317.575
427.703
316.868
361.117
410.057
337.278
313.752
385.209
295.832
327.005
336.437
418.722
348.559
368.431
361.801
338.176
388.842
370.891
325.793
356.463
392.223
401.102
344.076
373.471
399.212
327.083
347.89
305.166
292.082
332.609
378.878
390.243
343.548
375.475
356.908
338.444
351.922
372.557
318.952
347.591
291.281
294.987
327.914
273.885
281.563
354.088
345.968
333.941
327.716
326.808
359.042
358.098
380.419
328.263
372.121
386.063
316.383
383.486
329.385
369.131
344.373
371.331
304.927
300.589
391.493
348.02
301.286
311.95
369.289
295.943
322.863
304.439
400.191
318.245
376.236
391.107
264.775
338.663
348.568
488.815
380.913
325.392
340.819
353.533
335.665
375.003
310.78
356.113
320.473
338.379
307.87
359.356
381.675
377.542
280.735
327.057
390.658
326.28
337.488
377.416
379.943
326.593
380.659
300.406
335.592
307.635
342.765
299.245
359.189
385.626
352.228
331.856
272.359
296.273
330.178
316.361
361.667
331.776
371.27
354.57
314.69
356.324
363.674
365.037
353.709
371.983
309.025
371.468
288.777
362.949
366.987
384.081
372.203
314.249
357.531
402.38
371.118
350.97
291.453
367.785
272.454
303.496
325.769
341.728
355.212
351.108
328.186
356.018
295.381
364.809
298.738
366.111
385.873
301.651
357.614
330.243
350.328
340.793
332.427
363.546
362.53
335.786
297.13
328.983
360.568
310.362
341.979
350.575
329.657
362.958
325.119
340.975
368.147
324.289
281.37
311.645
322.474
291.685
320.388
320.173
302.698
316.699
370.817
351.992
380.07
292.339
324.917
337.508
385.502
371.348
395.503
402.055
355.004
323.581
281.828
363.996
341.189
335.416
363.773
324.68
302.663
291.975
318.125
349.03
333.027
322.487
239.9
366.015
302.181
345.875
287.213
304.231
321.102
315.397
331.396
346.652
354.509
318.382
395.102
445.568
331.654
323.409
361.711
315.145
337.343
298.941
341.67
313.234
340.475
392.02
303.931
327.661
337.912
256.58
343.224
351.773
305.176
371.427
432.93
403.936
307.984
306.773
344.748
352.089
323.128
306.516
349.691
296.061
364.135
373.101
324.109
338.143
347.638
403.939
399.899
346.481
403.344
413.956
355.988
394.539
344.378
355.766
280.595
343.792
307.91
339.997
292.673
318.249
354.806
382.875
401.793
371.617
288.668
331.346
397.902
271.352
316.749
361.711
363.179
390.956
356.948
290.982
319.154
312.774
306.188
339.778
266.844
322.692
352.716
322.683
316.694
278.625
340.147
373.038
359.751
355.276
316.808
335.213
329.059
301.586
399.576
315.74
331.323
298.829
360.294
352.13
351.712
342.1
343.763
320.782
332.956
415.285
342.78
306.336
322.323
310.293
429.393
365.515
323.751
336.269
330.712
331.711
326.682
310.399
330.411
329.898
352.686
316.413
363.767
330.848
313.05
374.036
393.199
346.336
380.653
399.429
296.443
382.117
274.367
315.71
331.758
335.943
327.663
296.27
387.183
318.433
299.183
365.815
345.901
353.186
323.233
317.13
359.756
348.707
292.81
299.386
357.877
297.934
317.097
340.374
372.952
380.08
289.435
374.811
392.621
297.98
366.503
359.312
366.755
304.026
350.337
298.127
275.751
360.755
344.751
376.275
301.487
344.792
356.111
314.438
343.217
339.629
303.415
292.4
355.263
381.29
404.19
350.729
394.598
348.687
382.638
336.394
346.673
405.707
326.037
360.12
323.79
355.266
297.133
386.882
362.012
336.636
340.728
399.804
356.481
342.784
338.051
421.601
295.953
416.297
326.944
320.727
360.736
381.342
362.024
362.255
327.529
373.313
389.926
313.612
353.537
364.221
287.14
275.541
327.623
359.612
333.998
340.602
415.181
363.994
296.383
329.192
334.151
280.685
334.236
351.252
342.356
343.753
374.212
349.184
291.653
335.134
345.627
306.857
347.891
324.564
331.349
354.069
374.457
338.915
369.41
315.463
374.892
309.662
313.847
285.811
296.634
302.257
331.889
357.578
391.654
356.3
314.406
300.167
383.574
337.225
275.988
358.275
317.273
335.837
368.209
328.885
372.076
343.103
394.214
331.029
328.637
446.604
381.783
354.055
351.168
391.349
362.216
300.621
405.788
456.663
338.439
349.204
331.606
323.343
337.707
339.771
347.381
317.906
312.42
336.722
361.587
330.86
301.288
348.034
388.711
319.519
324.082
311.77
323.419
291.702
368.134
374.44
343.093
363.963
300.603
368.698
299.684
380.818
295.238
301.229
306.317
426.084
333.723
360.483
381.772
360.331
368.955
350.116
296.472
355.575
422.386
326.503
359.736
371.77
300.087
358.669
376.615
290.996
361.114
297.626
354.806
329.426
324.364
364.02
336.578
369.836
334.591
377.59
358.52
297.449
426.359
363.95
335.12
273.168
361.878
329.921
330.033
340.744
348.044
291.465
361.76
340.554
346.295
354.31
354.846
365.442
309.542
316.936
330.109
403.357
405.806
302.901
349.418
278.428
363.906
325.198
327.62
361.357
355.426
279.012
383.664
338.976
321.475
376.601
350.211
383.41
364.927
346.48
311.289
300.513
308.779
361.263
335.953
384.613
369.23
360.587
361.601
346.177
408.075
362.84
338.334
295.285
363.318
405.065
311.112
330.157
373.167
296.199
338.183
396.476
306.149
282.392
379.23
370.11
325.84
400.072
316.286
365.717
366.236
316.191
305.614
357.783
301.689
334.149
352.423
349.812
307.155
322.603
340.01
303.358
368.66
295.963
312.264
390.032
347.637
318.624
371.93
339.308
382.539
264.815
333.082
380.436
379.973
365.942
345.199
389.247
314.998
338.924
321.71
406.57
354.428
369.829
361.792
294.669
328.829
348.721
281.514
362.259
341.304
290.587
344.045
341.404
329.585
305.169
374.627
264.448
406.061
315.936
306.557
360.581
345.369
312.712
340.511
268.473
339.039
283.756
312.263
300.504
311.97
332.589
313.162
397.517
342.112
301.911
322.809
358.218
307.757
343.394
313.775
324.723
343.329
328.539
303.418
356.652
331.26
359.083
301.808
385.498
325.641
321.706
322.842
314.82
332.707
355.247
311.287
321.246
299.532
313.649
301.754
334.899
301.887
344.85
320.023
342.992
358.792
358.954
404.2
375.407
307.404
347.366
410.041
287.88
323.599
391.096
398.276
336.554
387.269
352.494
413.09
374.731
324.219
337.462
337.594
356.291
349.775
345.248
334.697
315.003
323.94
350.568
293.122
383.385
322.785
391.893
383.283
382.737
376.283
376.533
363.203
334.866
350.781
344.514
315.169
333.024
310.359
304.78
295.858
373.717
293.192
340.711
395.495
321.915
398.266
260.403
301.935
329.553
299.408
278.197
337.46
337.985
341.053
285.872
298.87
358.833
363.862
369.219
333.203
342.896
407.413
381.994
357.861
328.382
326.453
351.463
399.637
345.967
400.671
353.018
321.25
289.142
396.064
253.419
352.1
365.291
375.447
367.88
399.308
319.728
334.261
389.016
333.209
301.797
335.139
433.055
288.565
353.34
299.221
333.753
306.623
297.155
364.643
331.999
410.796
337.569
344.742
316.789
349.296
311.388
352.28
342.61
337.222
310.14
378.355
317.877
376.156
348.033
345.096
291.02
257.614
373.059
370.915
343.052
389.178
338.732
280.719
360.301
335.576
377.382
364.342
371.918
310.478
389.063
328.507
291.71
307.994
377.771
364.854
327.41
371.231
268.02
278.908
353.849
351.302
317.343
364.384
308.815
332.646
354.489
254.888
337.104
325.816
340.699
346.772
282.564
406.695
339.74
297.366
357.536
423.67
393.53
349.073
268.862
310.682
338.716
364.251
325.385
338.172
353.291
276.075
372.755
282.578
316.365
327.169
396.059
383.811
360.145
273.109
280.313
324.88
303.387
353.772
357.138
298.777
395.635
369.343
362.357
407.584
288.969
407.858
362.983
362.156
334.171
330.935
325.104
381.56
285.652
331.55
396.225
358.623
370.344
355.584
365.794
323.626
374.528
378.998
395.902
433.001
357.171
360.682
350.979
279.197
394.57
345.032
403.128
276.042
346.611
345.132
388.417
273.003
306.725
397.255
344.468
337.13
343.776
337.974
356.843
256.191
343.726
328.13
408.591
362.29
341.371
350.182
328.63
354.999
250.683
364.982
359.888
339.708
315.041
340.852
362.007
324.374
363.459
304.747
324.53
321.278
353.375
326.748
301.073
417.061
333.22
381.413
347.361
439.084
310.114
286.872
425.191
293.249
290.374
323.434
267.485
368.485
352.07
317.396
347.022
418.992
329.81
315.381
357.176
293.503
323.418
358.213
334.137
314.814
359.485
365.603
346.115
313.082
304.486
301.517
328.565
290.657
342.819
392.527
355.29
358.846
299.927
320.336
335.568
343.701
378.162
363.962
319.548
323.592
383.797
342.865
335.228
364.431
313.868
350.964
355.11
372.624
299.54
327.22
283.474
310.659
291.873
357.25
364.017
318.995
331.944
298.771
310.114
361.227
375.078
289.651
376.994
371.029
328.499
280.319
356.639
286.435
318.78
365.803
392.877
291.103
327.666
298.273
289.662
307.71
289.581
315.282
357.083
391.038
291.583
325.579
331.228
344.881
341.022
308.808
314.261
326.805
420.862
342.334
337.44
377.281
289.533
335.698
329.351
317.213
341.7
374.85
306.822
334.829
364.037
331.146
319.956
392.573
327.925
305.86
318.686
270.838
317.423
335.852
327.078
339.455
373.713
305.355
277.494
286.75
336.392
383.802
330.186
327.144
309.559
345.432
350.629
399.8
369.263
402.233
379.111
328.65
375.85
329.295
324.503
308.583
348.729
359.007
330.171
347.574
354.081
335.124
361.134
351.648
352.537
324.037
333.083
304.302
318.21
304.496
335.455
282.814
288.033
330.551
338.123
313.487
316.625
380.393
346.195
355.34
365.067
340.569
310.289
372.405
326.572
348.406
370.063
379.081
321.92
337.905
291.547
344.485
384.138
346.921
325.154
293.228
353.014
370.193
380.482
337.148
290.522
422.968
282.759
374.861
359.471
336.856
307.6
393.449
337.375
353.246
271.13
353.655
338.145
387.374
350.746
357.101
350.394
389.169
324.367
343.977
304.486
398.581
350.638
321.742
327.535
342.901
323.906
302.495
384.905
319.314
370.543
341.213
387.356
305.751
301.574
343.7
359.899
325.164
368.962
360.784
383.685
351.1
304.954
378.372
344.869
420.628
272.933
302.024
278.277
308.255
385.144
310.481
302.142
288.628
359.548
396.608
415.662
354.97
336.715
348.457
381.188
372.714
348.776
343.725
310.989
317.009
337.929
366.626
344.214
334.813
329.216
309.742
321.635
317.228
290.835
351.009
377.442
286.411
382.22
280.868
334.805
304.114
315.014
240.599
331.159
362.773
369.336
333.951
316.761
366.054
400.351
377.375
346.62
318.342
367.118
264.742
364.776
335.48
356.558
325.847
323.425
299.701
402.259
311.009
383.839
270.61
369.189
369.451
309.857
323.143
324.44
367.893
346.673
326.189
354.519
365.74
387.07
331.473
323.989
368.23
407.851
334.254
323.007
286.451
264.703
291.52
327.844
338.29
348.318
387.289
300.264
392.279
359.104
315.383
344.356
375.949
310.118
289.043
302.286
347.173
328.345
349.011
330.458
388.799
324.935
336.644
329.045
317.222
353.683
332.114
315.427
346.056
344.225
382.484
348.124
300.495
313.582
361.13
356.311
348.387
364.663
352.394
327.914
316.602
314.878
315.358
349.085
318.806
352.246
301.157
359.497
316.746
338.172
325.552
349.255
311.383
337.962
332.07
326.55
313.849
393.436
326.435
292.72
324.904
379.232
335.205
318.668
334.114
346.53
382.573
353.346
333.18
431.046
349.569
385.077
371.866
306.882
342.057
286.443
313.522
342.087
280.453
306.364
348.065
362.744
369.53
357.639
399.921
351.92
323.665
348.143
311.568
302.009
361.156
298.186
322.493
331.1
384.527
349.542
325.082
324.438
294.353
316.181
329.503
364.97
358.663
320.69
398.997
358.548
369.936
359.505
305.684
389.724
353.382
379.024
261.419
353.092
338.07
319.05
378.248
379.137
377.028
361.507
273.613
312.067
321.115
336.828
310.952
337.668
384.516
334.61
370.759
332.681
342.14
343.928
364.435
310.993
344.239
247.647
280.573
289.805
371.338
395.798
331.637
378.515
374.132
330.324
340.389
371.866
386.598
340.647
301.829
311.931
333.648
323.93
324.459
367.338
372.438
345.606
325.734
333.257
403.982
378.275
349.602
322.84
358.06
370.557
327.933
352.215
390.043
378.501
353.187
272.441
330.121
319.079
307.734
402.886
376.423
378.438
358.235
356.729
340.317
345.391
327.225
351.323
306.229
358.409
374.907
283.915
314.173
347.009
288.003
341.011
295.156
366.211
319.703
328.913
327.751
299.699
317.838
405.94
333.167
416.759
359.851
373.984
363.383
350.455
374.844
276.208
337.924
330.571
349.289
369.747
334.007
260.577
349.661
329.162
358.22
316.812
381.683
390.179
369.774
350.055
346.556
333.973
309.77
333.806
338.832
357.25
291.985
341.085
365.86
341.619
369.568
375.025
328.902
319.236
363.395
404.817
307.123
333.844
344.295
360.583
385.241
374.003
336.434
321.061
369.883
378.508
348.066
333.714
356.454
337.033
325.869
309.042
314.848
374.27
427.082
379.437
312.948
433.691
314.442
352.864
316.908
312.143
327.017
308.972
320.965
350.938
351.909
396.603
319.573
305.366
286.133
327.986
313.907
331.925
316.051
311.592
376.646
394.283
359.194
268.445
371.794
318.012
291.964
333.025
326.789
337.354
362.826
380.032
346.009
396.125
329.12
299.277
345.415
322.937
288.08
341.14
371.857
318.685
292.529
387.696
422.243
299.308
328.941
352.753
351.141
295.776
352.191
351.157
388.075
357.931
340.316
340.717
399.304
354.851
355.354
275.635
341.653
352.631
337.641
324.969
383.752
351.709
325.338
338.527
308.649
354.959
343.168
318.232
291.402
330.654
340.417
351.401
364.213
398.035
414.596
399.528
383.855
365.908
308.412
330.555
351.145
331.274
364.012
312.172
344.629
344.508
293.455
298.226
348.205
422.44
326.37
278.195
295.852
360.887
281.88
381.358
396.47
337.358
366.615
332.593
311.827
301.71
362.681
352.654
387.154
385.239
346.47
331.013
323.195
336.916
345.023
371.883
362.268
361.848
404.824
352.682
325.119
328.263
341.461
384.383
403.623
366.604
362.362
340.612
377.307
344.927
306.259
344.785
357.924
316.213
265.891
391.339
403.774
351.243
347.747
330.149
273.326
307.313
392.128
330.419
353.314
322.985
353.495
388.417
343.863
349.875
385.653
321.478
325.367
388.15
365.829
341.165
371.787
313.852
370.962
341.652
341.61
358.035
378.241
333.206
345.025
366.271
363.68
408.003
300.392
385.346
375.434
303.605
373.194
303.005
333.405
333.554
300.897
356.472
332.567
321.346
306.473
373.6
389.554
324.941
380.755
347.157
337.432
313.719
328.312
324.115
317.614
325.406
370.593
355.91
284.537
353.395
392.393
382.193
386.941
309.096
334.568
372.58
328.568
318.369
329.645
322.927
280.095
354.099
358.803
322.205
356.046
330.816
350.575
353.805
368.062
377.716
380.046
343.208
292.78
366.505
298.287
326.519
411.354
384.4
335.556
356.64
335.163
394.625
335.977
329.104
338.885
296.824
381.491
307.572
315.516
373.716
306.992
374.511
321.92
427.899
355.373
348.539
341.271
363.533
290.437
330.336
320.036
318.769
331.69
333.588
351.853
300.57
363.438
345.79
405.686
253.796
396.422
322.13
332.642
296.823
339.763
320.458
414.018
281.567
321.439
347.562
351.982
364.959
336.568
371.453
277.851
373.488
371.702
396.551
367.038
315.08
417.739
312.373
320.977
307.074
307.884
335.905
307.475
370.684
370.7
317.42
320.709
336.177
315.345
367.046
341.231
304.762
373.736
361.472
357.008
367.904
325.839
394.983
297.112
326.586
344.664
288.804
380.558
361.47
371.64
335.562
311.232
396.367
377.1
380.706
357.836
311.748
365.033
354.772
348.634
311.404
306.598
432.706
365.625
326.002
314.225
325.459
418.259
360.236
345.016
308.021
251.642
346.787
379.563
350.137
314.321
253.902
407.093
300.81
372.456
366.072
358.147
328.221
331.333
253.148
328.84
372.627
324.476
388.201
336.104
342.104
325.965
328.464
358.105
307.064
341.008
389.968
300.246
348.372
383.609
421.483
346.686
304.489
313.142
315.685
375.925
312.086
308.812
342.684
326.751
325.077
390.215
363.635
345.845
331.819
263.798
372.392
312.832
361.185
321.732
303.21
371.419
290.774
387.229
294.127
293.984
353.687
355.116
323.445
423.152
374.019
365.14
345.539
318.562
365.398
306.629
323.049
297.283
418.406
370.196
383.83
423.112
312.698
386.334
314.54
354.329
387.959
370.134
379.715
330.523
331.038
400.959
389.116
323.489
332.769
275.687
352.068
330.619
430.85
362.048
321.306
288.467
385.104
350.351
327.731
356.006
300.887
315.088
304.816
275.556
286.491
361.289
318.391
327.533
360.24
382.586
322.775
285.351
371.61
372.774
380.023
357.34
310.493
336.717
307.842
361.339
266.977
367.809
342.485
330.393
354.229
347.049
282.719
358.79
328.378
288.911
346.223
320.926
320.41
327.875
408.637
369.262
303.781
370.895
344.469
345.262
334.367
326.225
332.19
308.539
275.478
337.417
370.629
318.797
298.26
297.551
377.212
371.185
385.251
399.853
401.674
291.221
278.294
340.71
420.965
290.451
273.99
320.842
330.404
314.646
398.242
270.1
361.483
318.253
359.597
422.689
355.034
346.264
327.194
312.653
372.515
369.477
361.708
343.31
288.974
411.976
324.706
331.143
398.381
305.899
345.485
305.849
324.048
339.272
365.373
314.713
298.491
351.64
290.043
342.201
415.007
325.648
341.639
348.918
373.061
322.632
373.682
385.115
338.78
331.5
373.658
331.086
360.161
281.44
452.943
361.544
337.668
331.878
287.328
393.482
380.798
334.916
343.948
359.183
329.814
308.472
344.476
386.058
301.949
381.034
320.897
332.902
393.787
346.125
437.385
386.748
319.121
447.013
297.653
371.03
331.12
394.64
316.153
331.757
335.331
371.76
283.885
244.073
394.459
339.284
303.81
327.015
349.969
351.96
333.857
348.404
305.824
333.136
299.375
331.399
316.664
333.553
352.436
325.229
289.561
377.055
347.063
350.344
378.109
352.997
312.942
344.275
364.326
327.2
367.575
381.65
326.582
340.615
352.661
346.779
342.814
393.046
384.663
332.26
378.828
364.237
380.578
285.435
328.287
289.564
365.042
335.716
345.65
377.113
351.99
294.983
318.669
388.274
279.483
317.287
330.766
282.119
337.259
302.139
372.145
391.829
332.076
366.696
379.792
348.326
353.35
346.027
369.423
373.889
322.63
364.6
338.615
288.546
380.512
335.196
394.055
338.094
312.185
358.937
308.57
293.647
356.315
400.1
364.921
387.151
356.097
387.775
343.692
369.306
335.089
351.075
275.127
351.156
365.515
326.489
372.517
337.384
328.572
372.385
386.235
317.062
325.759
346.792
334.72
346.478
315.605
335.699
296.043
332.635
333.748
326.842
303.557
343.595
344.509
307.364
340.823
324.984
362.253
386.599
293.462
365.346
356.457
342.537
292.115
287.665
357.942
397.632
331.631
357.202
305.201
286.744
301.506
309.811
355.925
366.453
374.238
360.757
357.833
399.848
293.336
356.266
347.986
302.361
332.51
357.483
254.83
332.642
313.69
278.956
320.25
312.182
355.106
340.914
357.001
335.667
337.86
384.307
397.059
349.222
360.73
349.499
319.245
347.519
353.107
322.198
326.117
322.362
384.757
345.183
365.599
336.928
371.126
355.149
303.297
310.077
366.959
339.403
298.413
294.486
348.021
340.1
426.757
442.183
304.091
419.666
312.491
308.546
354.704
352.028
360.514
288.054
312.678
328.68
318.349
326.718
299.285
337.383
323.243
326.465
337.675
375.205
293.824
375.808
386.018
357.404
302.231
232.327
297.59
392.421
312.73
410.986
371.4
296.489
333.572
319.315
362.382
286.036
320.085
326.455
360.131
348.126
374.136
312.059
359.215
279.505
325.544
321.215
331.826
374.809
372.432
303.737
392.313
341.449
330.095
312.3
288.838
367.423
394.859
323.891
349.469
361.44
306.973
293.144
368.297
351.387
320.568
330.15
350.594
311.084
324.009
359.995
338.251
333.561
317.756
385.905
305.841
421.455
364.054
332.407
304.646
325.024
288.651
293.329
261.024
289.1
341.461
262.836
412.908
369.673
380.756
349.216
351.973
295.629
390.267
358.807
333.219
305.709
364.656
347.116
371.787
329.434
301.506
325.872
325.428
330.322
345.295
338.15
374.098
309.806
371.463
354.334
323.142
361.646
341.284
388.021
325.136
356.489
376.156
428.302
360.568
440.546
261.748
335.911
318.691
325.35
355.902
355.315
343.338
344.614
297.749
397.74
324.446
325.042
364.34
316.849
317.476
341.227
353.746
370.888
363.429
340.651
363.431
327.742
398.189
364.755
378.125
352.704
338.101
386.791
318.18
396.973
354.374
307.468
320.64
362.831
365.132
360.287
332.963
335.356
386.652
350.673
465.474
314.145
371.072
322.308
308.109
352.761
278.272
351.761
337.758
330.588
320.466
298.606
326.701
291.953
359.172
358.439
323.397
353.478
289.443
355.546
372.08
323.045
312.068
390.664
424.723
339.537
297.208
319.403
331.719
318.123
396.356
367.368
366.487
325.385
353.687
296.365
306.073
347.821
332.951
277.624
361.02
308.408
377.237
400.454
351.864
421.602
417.11
326.779
355.545
349.312
394.073
350.325
318.171
345.488
338.672
333.736
388.01
338.737
353.74
254.244
282.49
301.207
380.608
405.846
337.871
366.976
309.399
336.324
306.945
348.208
340.557
283.308
361.852
308.683
321.485
268.251
279.32
313.567
339.79
355.326
409.748
330.68
340.306
306.691
290.872
360.268
395.717
385.626
374.441
346.554
355.991
318.676
322.78
336.235
370.733
340.69
385.09
308.034
348.717
285.143
352.118
298.3
326.295
348.797
408.967
382.576
364.016
329.891
324.204
335.933
379.747
374.415
342.27
359.68
309.405
292.189
332.411
339.645
310.405
388.52
280.339
292.181
347.406
384.626
358.471
384.515
378.493
342.7
363.555
341.425
388.886
315.893
321.222
331.495
359.193
337.366
339.409
377.257
349.854
337.769
354.038
327.114
261.968
359.647
341.611
334.096
323.463
359.024
372.853
303.576
368.304
390.242
413.205
340.104
333.448
270.353
309.948
418.596
383.038
277.908
344.789
372.439
350.379
318.87
342.037
343.118
335.43
370.723
374.835
328.913
362.533
341.582
342.591
352.93
338.38
301.517
359.096
289.508
318.734
268.15
363.168
324.742
351.443
287.105
324.873
343.934
359.953
319.318
362.301
319.059
383.188
353.398
336.205
343.937
372.261
331.287
326.645
385.294
356.919
298.775
354.202
372.533
370.94
403.098
378.022
283.218
307.294
301.127
321.637
333.944
352.802
315.5
271.532
330.169
337.214
339.343
388.606
270.933
390.175
308.75
442.183
401.001
395.245
340.542
369.769
319.85
300.346
332.875
344.67
299.226
357.861
354.449
375.749
294.972
306.078
358.437
352.238
342.509
291.183
368.917
351.328
312.405
307.374
357.638
362.632
377.003
340.691
298.657
278.962
374.2
347.104
339.153
321.178
279.308
315.166
307.824
317.415
378.946
323.309
304.507
332.061
344.522
394.138
390.656
334.802
341.417
317.179
337.936
388.844
333.956
386.1
376.113
333.213
319.05
349.741
378.652
322.17
357.084
323.403
370.161
325.898
306.058
346.223
348.299
306.536
300.221
374.554
404.618
352.289
325.303
368.999
348.92
352.404
357.403
300.149
370.089
414.008
326.994
270.98
348.656
335.036
325.325
297.894
290.428
347.923
351.766
286.137
304.678
350.697
378.443
327.082
315.995
326.474
302.668
337.093
338.688
354.266
370.945
332.605
356.147
378.671
336.269
304.559
338.99
294.354
335.148
373.481
360.31
356.558
308.921
368.349
302.276
341.782
376.578
306.431
345.406
310.202
324.145
310.324
341.078
372.043
371.036
310.121
340.46
402.906
353.879
327.888
351.673
320.822
317.069
317.733
405.863
369.363
329.782
363.229
317.447
405.041
363.98
340.305
348.438
326.58
362.424
351.032
406.372
353.113
390.298
327.842
287.254
347.922
373.28
292.481
300.32
411.253
346.537
311.256
308.857
338.878
376.165
326.493
370.31
351.57
368.446
313.256
403.316
363.636
332.987
331.674
333.186
313.478
335.161
303.98
359.253
329.675
332.058
274.349
326.838
317.833
364.501
328.37
337.959
310.868
331.577
345.227
310.755
310.367
278.341
338.985
361.981
369.86
314.73
321.559
393.287
350.252
284.859
351.689
391.454
309.903
347.155
329.516
368.622
373.908
397.664
335.863
253.38
304.777
388.308
337.536
322.792
393.448
345.833
343.3
326.064
376.561
305.498
327.632
336.406
338.15
333.702
359.386
328.722
357.275
273.136
285.99
304.608
309.282
382.524
295.204
302.317
332.716
377.781
314.063
314.396
352.584
290.424
286.592
317.018
340.396
315.189
342.749
334.07
349.106
292.995
343.27
368.228
336.002
363.438
408.882
398.757
321.48
347.727
331.666
335.477
345.039
321.698
357.662
405.068
366.843
377.132
312.297
320.37
324.5
286.222
352.672
315.92
379.026
326.175
387.226
326.506
374.481
307.648
288.683
345.807
363.06
382.332
317.624
329.616
363.742
345.391
420.175
330.745
301.263
298.102
345.879
359.864
354.499
307.205
326.443
273.64
323.527
354.689
308.12
332.815
284.51
344.091
357.822
359.105
323.214
329.227
346.738
347.318
359.022
436.43
358.17
338.581
342.323
337.877
339.759
338.739
342.161
336.946
372.575
372.771
296.223
303.826
345.157
394.6
346.294
329.017
288.781
355.239
411.767
352.094
305.673
311.208
354.245
369.242
362.545
340.289
332.419
309.356
357.309
343.225
301.22
292.937
294.389
309.5
349.818
358.243
290.252
345.244
366.856
402.385
314.442
338.765
264.374
391.417
334.304
347.203
275.3
271.64
346.14
381.818
299.399
393.615
327.528
381.666
391.756
288.449
369.396
416.21
388.919
382.542
314.56
299.731
311.066
323.346
366.976
363.625
305.368
342.942
347.988
381.915
278.776
327.561
362.84
379.242
258.248
348.972
340.371
314.653
382.127
298.306
375.566
358.166
383.165
326.229
393.419
380.906
332.914
322.638
345.38
338.311
329.222
289.59
320.11
373.488
308.185
325.719
342.027
378.761
265.992
396.641
351.271
289.169
297.935
345.427
364.362
329.162
357.655
346.347
362.773
370.255
409.396
355.189
317.967
327.565
290.838
330.756
350.66
369.435
320.08
323.094
371.176
400.735
332.916
345.779
315.881
306.018
317.58
304.142
308.283
332.772
285.708
325.556
311.781
336.473
305.664
428.281
350.485
360.709
366
366.845
351.859
376.605
413.818
391.813
317.062
338.534
315.437
360.992
311.516
323.364
397.507
361.221
426.186
289.711
419.785
389.298
377.779
349.559
335.406
368.562
327.52
386.17
292.233
389.827
305.637
324.475
359.027
280.231
380.804
359.57
347.328
347.079
345.595
378.021
340.54
290.763
387.117
395.712
328.64
338.026
381.265
312.271
314.553
346.512
312.988
339.389
364.186
382.327
325.655
334.838
289.439
394.05
356.64
389.989
378.135
317.764
285.717
357.934
332.839
379.64
316.018
365.727
378.424
394.286
319.326
315.769
376.442
374.494
379.351
352.513
325.982
314.864
316.791
334.296
363.624
334.427
294.983
335.669
421.359
372.224
381.551
308.671
331.821
386.589
359.126
345.101
325.246
279.139
326.003
253.571
313.264
284.802
322.79
351.543
330.849
368.211
332.856
316.786
328.273
344.51
269.803
333.533
368.982
361.981
352.058
357.159
358.091
364.268
335.939
314.18
393.723
367.097
352.444
282.034
358.319
282.451
382.494
339.958
405.895
293.359
325.881
291.89
317.811
309.931
342.596
286.429
333.701
355.69
265.716
301.077
435.767
356.408
356.436
308.371
286.944
274.135
317.799
277.971
351.777
348.043
328.429
328.278
313.527
338.016
339.876
274.853
374.159
276.102
428.404
388.219
383.453
311.907
362.257
361.32
405.444
305.176
313.565
280.64
329.328
335.616
320.646
366.383
294.556
342.609
338.339
382.651
422.233
349.513
407.038
329.149
326.063
323.665
325.172
322.303
366.485
354.521
402.89
374.116
346.33
330.589
340.108
393.033
381.457
364.314
290.05
359.238
354.701
322.213
365.361
309.279
350.888
416.772
385.278
372.083
314.436
315.726
303.872
264.771
344.778
338.045
361.485
368.041
303.715
405.802
342.583
303.691
296.809
326.877
444.296
391.08
355.511
357.712
311.714
293.511
271.261
330.501
322.821
329.158
316.63
327.692
314.089
345.202
318.535
311.228
349.852
355.884
290.809
352.507
291.956
312.095
296.159
292.865
334.766
389.387
285.595
408.357
358.684
372.265
320.548
331.294
403.063
348.424
394.935
345.948
298.908
390.665
335.64
360.744
346.199
336.214
371.707
365.059
412.178
354.639
346.458
316.318
420.6
287.154
280.553
315.508
406.109
310.19
340.366
328.609
331.814
371.459
298.195
289.538
283.812
319.555
311.373
402.221
360.069
281.319
321.177
331.755
373.022
395.597
326.859
317.385
387.451
362.781
397.262
351.715
386.789
307.328
322.852
363.82
348.486
338.29
369.56
289.073
365.061
311.877
435.183
370.994
363.138
330.925
334.118
308.28
319.532
373.419
470.972
319.219
323.48
269.371
358.088
328.184
313.179
414.687
343.319
394.265
347.858
333.595
317.407
349.157
295.952
333.148
305.592
350.121
342.599
358.046
321.211
326.213
317.31
350.264
378.284
287.792
262.777
263.606
356.993
305.552
358.194
423.621
343.19
371.786
260.983
327.502
304.015
363.379
274.479
373.603
283.985
358.94
357.036
297
359.184
359.309
358.017
380.248
361.262
387.991
352.555
402.115
320.581
337.314
309.43
390.657
286.421
317.549
400.691
280.597
359.825
347.624
370.805
389.737
360.218
402.293
349.832
339.356
343.08
353.191
312.387
357.112
290.812
308.906
293.397
348.671
343.579
351.975
315.335
416.128
368.073
305.678
379.159
322.94
353.788
326.605
378.608
310.583
344.123
330.84
349.724
421.411
335.807
307.967
358.884
317.681
342.937
324.988
367.933
305.731
388.661
314.823
338.523
339.143
348.958
295.725
405.701
354.559
376.505
352.208
393.621
309.999
379.302
312.458
318.462
316.863
297.459
394.344
298.19
352.525
374.042
391.375
315.972
409.575
317.456
308.14
319.116
379.501
343.082
339.697
362.279
371.43
261.145
313.956
298.49
358.488
314.264
340.158
313.016
363.31
345.445
311.059
372.227
372.595
332.788
307.35
322.318
340.489
345.278
287.373
339.321
273.042
373.798
348.305
352.266
369.977
355.05
375.416
351.981
376.933
357.557
308.096
344.816
307.201
298.716
297.883
362.479
414.509
296.271
345.294
306.084
328.493
359.447
409.455
353.312
289.726
323.392
317.791
333.71
272.474
296.157
315.164
333.383
363.926
347.045
328.865
307.806
336.098
244.776
373.754
333.709
332.721
360.145
397.499
320.846
302.003
398.863
326.156
331.85
344.517
344.504
326.439
319.558
312.397
340.767
324.936
369.399
342.725
381.778
326.551
264.032
365.686
300.254
345.128
313.094
293.209
379.736
257.878
353.589
332.666
346.707
361.18
309.717
344.53
283.343
326.203
274.378
324.533
349.651
342.324
360.208
307.751
376.19
306.262
368.41
373.213
370.72
334.148
289.565
334.803
348.754
341.731
351.113
373.594
316.67
360.677
410.819
359.269
305.865
395.993
402.585
373.509
338.845
355.69
326.123
334.175
269.826
315.121
314.799
341.425
353.046
390.916
311.41
301.447
304.163
325.212
340.684
339.888
303.857
332.604
365.619
381.615
300.266
307.91
327.833
340.391
301.786
345.444
329.798
369.108
361.948
311.454
378.015
284.183
312.12
373.468
337.302
325.08
358.452
363.741
325.272
324.151
284.478
326.174
369.555
366.693
360.317
345.284
325.836
306.396
314.879
385.295
334.857
317.282
302.987
412.588
355.646
260.838
338.82
355.128
324.31
337.264
348.663
375.717
323.73
296.49
377.166
289.607
365.392
330.765
325.583
339.106
405.722
334.039
339.541
372.88
383.947
379.815
293.125
337.049
325.526
345.732
364.891
325.398
352.371
359.138
289.322
313.004
297.524
397.468
314.028
298.69
352.128
325.704
290.308
345.755
289.069
375.468
324.386
271.88
361.534
368.426
414.21
336.338
377.017
362.105
302.903
340.694
326.743
351.812
321.392
321.449
386.585
378.079
331.787
325.159
327.116
371.478
338.336
387.409
333.753
375.1
288.2
336.556
367.932
332.823
355.827
276.344
341.57
294.384
328.826
335.372
339.216
328.801
284.107
339.891
294.326
322.359
358.278
340.687
371.466
385.678
365.002
336.099
347.498
427.792
390.172
380.45
327.903
306.144
341.244
320.287
362.108
410.73
334.043
313.937
361.39
316.985
334.901
370.304
392.589
337.759
319.158
419.525
319.914
336.672
380.572
317.462
384.866
339.126
309.131
325.035
340.537
283.268
382.659
346.781
318.78
321.11
330.998
338.625
344.392
288.866
325.984
367.782
323.987
335.243
318.069
322.913
328.512
354.442
309.642
357.288
328.828
301.142
309.397
294.305
338.719
354.241
280.461
367.714
307.053
394.201
340.202
278.752
377.213
319.314
374.687
327.719
364.419
369.941
335.663
331.969
340.723
344.238
353.577
290.642
361.266
363.569
373.638
313.589
365.207
372.171
375.35
320.653
276.906
374.878
334.886
368.704
318.619
275.459
383.207
332.834
311.225
311.223
274.714
365.8
312.649
356.684
344.833
394.265
337.926
382.959
322.557
355.346
385.627
347.348
327.899
408.305
376.592
388.397
270.367
357.577
327.707
314.207
388.322
309.215
338.607
257.934
279.4
328.63
335.544
336.066
373.23
404.547
306.546
337.71
312.736
398.407
301.514
363.959
306.295
313.885
323.501
335.408
360.236
319.025
300.895
451.706
380.8
373.937
304.77
276.281
350.494
325.33
272.258
341.003
310.235
345.182
316.015
324.131
342.43
370.137
307.487
369.38
308.904
316.057
350.637
344.06
363.648
385.657
378.8
293.186
342.435
305.042
394.226
393.518
366.014
336.434
397.408
401.401
362.094
362.03
344.6
358.041
341.265
337.931
342.735
318.382
329.076
333.506
365.784
357.311
288.686
364.278
338.988
320.87
392.079
313.498
387.825
322.969
303.667
359.235
361.663
293.83
384.215
334.323
349.841
375.614
373.786
335.907
296.126
351.875
338.91
296.008
339.631
288.656
305.542
326.557
339.737
343.855
356.021
359.654
369.352
292.673
272.043
335.099
354.941
327.829
276.12
332.263
323.883
361.835
336.531
362.891
347.567
318.615
350.475
278.5
344.735
392.438
335.636
401.137
425.238
366.488
376.443
404.508
367.527
355.783
358.169
339.854
297.74
328.271
368.538
355.93
315.638
287.707
351.778
389.975
403.559
415.658
330.024
358.272
322.173
330.25
386.028
308.97
339.89
356.355
320.745
340.213
325.745
281.167
351.015
390.476
336.341
306.229
366.762
323.049
349.623
303.569
314.238
340.54
348.907
320.068
363.379
397.431
370.834
363.949
332.749
327.438
382.424
326.966
303.811
296.858
311.585
372.773
365.263
313.579
362.916
355.494
345.887
339.529
353.245
364.389
292.23
312.925
362.58
321.525
405.21
351.214
394.684
293.374
350.87
334.808
377.854
401.057
301.424
390.503
384.119
349.418
363.957
354.966
352.221
336.711
415.476
321.039
345.645
328.207
376.15
310.46
305.833
329.074
334.47
289.87
365.565
385.555
353.109
370.411
330.914
312.266
385.065
387.581
321.993
359.709
314.204
337.24
293.157
349.191
374.587
359.48
284.514
277.496
316.592
324.697
390.14
337.64
254.84
341.284
361.672
301.262
408.166
277.614
339.809
315.803
345.643
343.009
395.006
383.998
379.558
395.999
308.504
340.588
287.224
308.402
359.121
396.265
335.461
276.023
350.543
351.9
306.401
344.802
299.892
296.885
363.731
331.265
338.784
366.737
323.742
365.214
378.056
350.643
352.311
336.465
362.461
304.32
394.917
397.506
329.052
352.941
318.776
391.116
375.045
297.694
370.843
336.859
343.277
375.613
294.725
361.157
340.129
313.22
352.042
317.105
337.647
369.611
370.985
355.637
375.173
370.034
367.442
377.551
380.513
326.642
282.029
275.05
313.447
371.975
314.161
335.14
320.747
357.682
330.663
336.677
398.3
307.064
305.71
352.311
407.504
324.129
369.322
386.522
353.613
338.989
323.762
358.845
307.767
302.837
302.207
300.128
407.265
299.98
293.827
347.618
318.547
359.218
312.081
309.433
420.765
291.939
296.373
344.763
356.785
316.527
296.534
317.114
305.859
312.964
346.759
265.385
346.446
389.364
303.402
365.501
337.133
353.652
388.067
343.601
348.234
325.423
329.229
394.921
320.49
370.188
368.432
364.287
347.415
353.186
349.223
350.027
335.556
306.485
361.625
350.939
352.779
303.98
335.902
303.573
306.742
363.172
381.6
331.707
315.548
344.653
334.14
350.127
313.139
386.038
323.171
388.106
373.721
370.099
289.252
328.026
299.884
322.834
332.061
306.25
352.475
328.238
384.348
326.489
327.988
357.91
362.576
271.28
346.154
253.06
331.891
261.283
351.331
324.214
326.312
375.462
299.559
317.443
285.496
307.033
305.406
273.191
337.822
301.442
308.617
327.973
321.545
328.878
311.315
415.133
322.293
352.308
313.563
408.199
360.76
311.834
375.04
312.016
309.471
293.65
395.541
305.473
354.376
301.568
359.247
343.63
429.639
316.023
307.065
329.279
345.25
333.286
319.18
353.692
364.891
366.521
333.458
323.7
350.535
378.564
359.248
310.255
355.62
325.487
333.487
297.669
332.392
341.661
342.96
283.517
374.931
374.486
348.689
351.938
326.769
319.142
319.135
292.293
344.226
335.935
325.91
370.833
376.985
308.732
413.585
354.762
335.575
312.494
406.86
351.866
328.225
380.256
336.639
300.227
305.28
401.758
330.228
327.201
332.261
316.506
355.037
400.756
324.867
375.948
302.294
364.472
346.908
315.64
289.845
298.563
316.76
362.765
329.859
350.254
398.491
355.574
375.56
316.685
274.735
392.465
307.339
303.747
348.588
367.115
314.467
289.808
334.353
294.525
378.031
358.877
332.888
305.55
353.181
423.1
326.447
305.72
285.551
307.065
390.395
382.347
333.995
378.942
329.141
296.937
352.554
304.456
343.767
357.775
347.723
331.374
295.477
307.02
386.947
351.355
330.336
433.806
370.072
278.217
345.14
289.351
403.56
367.635
339.211
422.529
357.484
363.915
303.336
300.304
333.467
354.026
346.288
292.2
425.238
334.134
423.606
341.844
301.057
370.664
275.658
361.642
312.607
433.758
332.8
240.521
336.156
374.903
343.363
366.275
411.673
327.833
280.707
342.381
292.743
386.616
345.023
354.32
350.959
298.574
367.995
283.252
294.972
385.791
404.331
341.108
322.114
289.483
365.189
377.201
314.213
376.488
305.851
323.059
317.029
362.901
355.75
342.676
378.809
304.95
351.2
349.38
378.226
391.696
301.224
336.035
306.519
307.183
378.491
358.232
407.582
283.801
339.989
390.817
342.418
287.98
289.462
392.816
319.23
318.773
324.985
320.331
306.377
359.992
391.043
304.345
329.099
392.943
378.639
337.489
308.414
327.247
350.839
372.015
308.959
338.19
369.205
333.831
336.851
330.03
257.981
298.077
352.414
390.627
375.202
310.023
355.4
355.926
307.513
328.517
364.474
393.063
396.7
348.271
365.878
406.565
362.206
371.628
346.899
319.457
315.092
349.139
349.45
246.511
326.26
361.866
367.352
320.411
331.435
319.262
361.369
318.398
337.518
321.218
320.849
301.165
374.96
345.193
310.154
406.601
307.459
336.888
344.029
340.967
373.455
426.199
291.179
376.187
309.151
353.574
349.798
350.186
348.427
357.95
379.231
409.864
290.195
415.314
339.222
350.302
356.348
363.199
312.673
346.528
321.579
324.763
346.281
330.717
303.642
321.953
327.555
333.673
364.151
362.949
352.421
319.882
299.926
400.387
353.841
314.917
364.365
289.424
299.538
295.04
389.51
300.562
375.432
333.968
348.568
295.795
266.317
339.471
271.912
374.195
354.268
376.659
368.461
358.325
365.244
284.238
305.672
396.1
381.804
355.249
306.422
309.682
392.711
343.926
344.553
299.559
379.477
338.287
360.562
358.072
389.224
321.109
305.287
326.468
307.943
348.531
387.773
307.746
411.319
384.844
322.433
338.482
269.605
313.645
333.718
344.603
352.08
365.603
346.473
334.785
385.683
304.381
346.31
282.848
385.573
390.569
370.916
390.419
326.302
348.497
342.473
366.187
299.281
337.811
345.832
337.044
333.58
347.236
357.412
339.003
337.059
377.777
355.912
333.043
359.099
343.984
336.137
326.386
359.444
341.092
331.183
357.612
295.591
382.404
364.217
313.069
322.084
358.423
337.96
317.584
264.56
316.699
322.184
273.566
336.984
327.068
363.075
333.689
337.338
294.337
298.899
341.205
358.857
288.43
321.439
374.66
372.092
361.371
326.317
320.259
343.487
301.434
353.673
308.552
336.088
329.326
346.66
304.564
334.374
420.481
336.493
404.354
360.991
332.12
346.289
388.187
350.6
340.136
368.656
410.035
341.5
315.283
359.778
345.115
335.805
307.249
407.494
375.942
373.647
335
336.617
366.374
360.584
365.877
366.224
275.734
351.873
324.056
346.008
329.238
338.84
360.269
290.845
333.044
375.781
310.685
319.785
355.389
406.311
374.61
340.419
301.536
369.428
370.131
334.571
367.677
358.492
321.934
440.233
350.579
329.298
391.228
313.887
275.455
406.813
408.953
325.388
367.795
402.23
272.057
355.543
311.537
294.928
334.965
324.573
371.733
273.834
354.275
316.713
302.258
315.833
341.013
293.383
359.821
325.971
319.327
356.305
314.855
378.042
283.173
327.598
370.989
422.796
346.904
320.042
324.772
315.293
334.094
306.3
305.151
314.581
350.772
367.213
312.594
291.408
335.796
337.054
387.286
346.028
274.218
341.606
326.453
289.638
306.194
271.773
401.112
293.173
334.378
361.964
310.248
360.494
315.049
346.336
337.076
387.433
401.258
350.807
370.707
353.467
271.748
334.666
296.572
373.555
307.369
346.053
322.926
312.324
349.333
345.136
332.737
341.915
286.089
408.343
386.038
294.146
328.366
331.786
339.263
338.596
373.726
377.282
287.162
263.305
299.174
302.263
262.7
358.699
344.114
299.863
333.19
327.875
362.246
390.422
312.553
348.324
296.737
317.058
390.674
373.477
285.173
395.101
290.222
335.839
373.871
394.212
317.65
359.347
367.723
393.503
328.291
334.796
357.653
385.147
340.253
361.152
304.562
323.862
323.825
358.438
339.33
367.186
328.375
302.894
352.393
350.678
313.407
304.825
380.171
383.372
352.277
303.18
354.323
310.192
263.25
350.726
309.588
357.234
324.432
258.315
316.418
327.648
341.989
341.019
312.574
308.39
283.171
319.926
286.14
392.043
329.103
293.702
299.857
292.381
286.57
365.153
299.717
358.099
310.529
354.45
304.075
377.503
353.432
339.159
306.576
323.729
270.811
391.575
350.776
291.948
310.401
330.48
358.707
331.743
303.025
389.787
264.429
343.764
388.432
393.149
320.183
394.449
288.544
338.469
284.439
327.107
374.047
344.574
303.812
354.357
390.547
350.926
320.54
249.041
387.843
283.091
337.348
299.946
340.205
391.72
370.152
426.744
290.624
320.586
319.717
374.893
309.148
309.653
349.694
346.756
300.52
348.261
359.722
275.539
374.093
309.539
405.478
401.827
344.193
340.737
359.98
373.594
334.91
314.236
374.212
297.735
342.071
332.006
436.219
360.715
361.759
365.038
335.633
353.718
301.543
342.084
339.099
346.485
348.341
325.763
301.501
316.178
346.349
381.699
346.077
283.307
399.179
383.39
339.12
322.44
266.617
325.428
359.694
310.355
385.989
295.357
343.717
350.427
365.567
358.067
351.594
322.916
367.886
363.436
320.064
352.367
258.534
343.658
286.108
410.104
345.076
334.129
339.224
276.929
343.754
331.547
327.818
344.698
339.447
330.868
389.116
338.62
281.031
292.285
345.874
341.072
284.791
339.186
338.685
383.53
333.335
356.396
341.962
318.796
381.55
358.593
311.914
361.954
318.491
336.157
327.335
344.294
367.793
315.893
367.495
315.049
328.163
380.325
372.984
337.63
314.999
357.755
359.761
269.605
315.461
442.372
335.44
347.244
419.301
402.908
271.937
308.481
303.687
283.462
326.942
328.444
331.189
356.805
375.8
362.971
400.935
380.385
311.368
359.941
328.847
378.337
286.401
282.408
319.439
369.323
373.056
366.016
304.953
302.932
352.675
338.061
363.848
299.197
339.474
337.784
377.306
349.388
350.902
338.36
289.465
373.28
359.027
317.085
354.388
360.468
347.696
353.712
251.176
354.62
323.243
346.624
374.515
327.215
332.86
353.186
358.344
344.874
321.284
300.125
300.201
368.075
335.067
359.005
439.631
322.117
314.044
324.576
272.146
294.912
329.521
355.993
388.197
278.925
362.134
312.507
392.109
374.142
349.928
356.903
302.534
378.231
288.479
410.932
321.12
420.554
340.019
309.268
303.119
323.198
368.815
411.632
350.744
276.756
338.807
381.718
292.447
280.584
403.242
301.341
335.519
353.807
359.365
307.457
339.176
379.449
366.993
370.319
303.37
344.294
350.494
318.036
337.31
329.847
325.459
379.006
352.67
315.162
310.002
333.233
365.938
302.543
260.153
373.043
301.78
334.401
399.725
363.75
337.333
320.89
301.248
308.029
341.097
318.79
349.968
358.492
305.207
349.695
308.675
333.637
319.035
328.823
359.151
389.864
329.153
360.023
308.836
346.923
375.283
346.822
332.05
346.694
313.69
394.997
401.093
391.128
328.737
398.829
277.762
364.515
324.021
314.034
321.728
314.792
402.96
373.413
270.104
316.662
354.196
331.267
406.102
276.323
424.446
290.189
356.963
356.503
386.083
311.834
384.007
381.065
364.326
336.395
374.841
320.447
318.089
325.163
347.616
389.849
392.458
371.05
312.04
331.485
295.654
351.295
351.657
352.552
329.966
368.951
314.142
279.989
315.698
423.134
362.799
382.678
336.257
335.391
306.732
355.478
343.926
337.561
346.602
318.398
292.658
412.033
298.725
295.859
385.241
324.095
332.987
292.072
343.804
346.108
357.497
342.936
315.196
313.652
325
359.198
337.158
352.063
375.166
318.152
393.624
325.526
377.764
357.426
367.189
364.164
363.96
335.182
347.771
345.246
368.868
335.455
379.107
288.773
325.396
385.257
385.305
315.252
339.065
367.562
351.667
401.451
369.909
331.296
315.66
342.218
288.712
376.03
278.818
374.366
374.66
352.858
351.881
376.391
316.264
397.354
310.616
302.428
318.148
314.523
327.396
389.011
349.146
356.946
351.314
343.77
371.524
361.782
415.67
326.105
325.546
334.348
310.869
323.603
319.589
380.301
326.968
371.334
361.283
380.275
321.545
282.152
381.393
332.311
289.724
380.772
317.984
255.939
352.106
339.531
296.022
338.536
370.982
264.058
359.462
328.235
308.358
379.957
301.916
372.885
312.119
334.293
263.143
349.774
342.395
385.412
295.678
344.732
320.098
364.572
339.089
376.465
309.757
361.124
338.004
346.267
352.457
376.395
394.916
313.815
346.09
363.404
340.361
423.32
330.572
414.66
338.363
329.727
399.576
322.093
299.59
346.254
364.67
281.463
326.426
318.082
281.68
294.386
381.225
302.428
407.463
356.905
360.269
324.468
311.838
438.912
392.832
403.321
303.576
328.752
327.159
333.638
356.37
310.336
310.08
316.573
360.672
345.444
367.351
347.528
356.446
335.874
324.905
304.204
339.398
278.228
272.543
317.33
379.786
357.205
386.152
300.001
320.918
326.846
357.074
320.316
320.863
314.507
357.907
363.241
378.37
300.664
323.78
319.715
361.593
262.535
305.975
301.678
363.562
306.319
356.857
375.648
307.564
375.929
283.43
306.744
285.511
385.743
342.125
322.284
391.629
304.892
338.259
317.461
257.79
310.399
384.623
343.786
286.996
291.222
353.111
374.373
387.233
318.745
341.236
359.705
318.773
349.502
363.728
328.066
333.716
389.529
419.458
339.29
314.905
325.693
344.858
315.641
371.716
342.719
397.213
309.257
359.742
337.142
366.146
307.222
335.832
342.332
383.846
347.075
334.791
373.338
334.751
371.198
274.95
357.091
366.256
413.386
318.431
360.229
321.566
292.566
378.611
328.06
368.082
306.428
338.721
364.06
332.215
327.801
286.988
407.889
371.373
299.367
345.69
317.102
351.721
305.845
358.293
348.823
353.828
338.444
291.383
311.237
366.588
319.443
401.036
313.7
374.999
351.283
351.47
346.46
357.154
329.128
385.831
267.823
338
347.699
349.546
326.827
278.101
338.501
322.356
335.289
319.583
360.422
418.671
329.875
399.806
332.206
355.729
267.846
326.822
292.21
285.871
360.626
365.809
345.204
264.237
325.859
342.221
291.286
346.067
315.387
236.779
377.03
425.374
338.975
323.55
338.239
348.263
264.415
315.471
380.982
345.733
388.385
348.445
284.893
312.689
382.947
322.709
294.58
331.699
338.157
293.438
362.279
340.468
314.499
389.203
389.248
298.233
299.509
314.821
335.301
355.359
325.645
362.446
310.744
378.422
393.479
397.988
389.849
321.231
376.977
350.874
384.75
285.795
302.672
353.41
274.112
316.464
354.164
300.273
313.811
322.646
342.814
330.138
317.22
349.216
379.901
290.722
337.023
316.869
363.522
324.279
386.098
285.154
331.121
351.274
289.776
341.463
298.795
282.379
332.435
326.425
309.23
356.988
337.781
363.95
404.045
314.471
318.873
344.81
351.164
298.375
368.555
341.032
321.932
334.837
373.811
346.136
286.276
359.272
337.9
302.511
351.148
334.116
286.17
301.66
342.231
329.011
292.588
329.648
328.959
345.74
326.922
380.373
307.671
349.255
362.996
336.625
336.565
333.024
391.043
349.842
330.515
342.452
313.424
309.236
420.983
303.084
313.885
314.09
336.178
308.442
375.551
333.74
372.508
349.162
306.587
362.189
313.821
348.371
376.119
335.78
362.904
324.064
327.344
335.838
430.878
346.715
416.715
308.345
405.549
381.335
328.389
384.731
374.992
384.421
320.746
317.848
318.451
300.051
349.039
301.892
372.214
376.789
312.551
296.48
328.642
371.545
347.684
370.842
389.594
324.361
344.39
324.151
353.937
299.509
248.873
287.872
361.23
316.331
325.574
383.694
353.909
313.57
341.122
379.72
290.571
300.701
376.572
410.307
378.042
324.676
310.399
344.871
326.541
305.902
376.419
297.966
400.313
388.883
352.848
335.474
404.191
288.953
301.959
326.183
367.888
368.323
300.582
356.481
338.991
427.466
292.198
385.037
405.63
348.021
399.773
342.472
316.448
321.987
308.719
337.38
324.819
380.529
357.147
363
263.92
361.372
338.255
342.725
313.035
346.208
344.882
369.068
308.356
307.936
332.689
307.198
372.916
293.474
369.454
359.374
309.404
322.366
371.389
403.304
362.093
352.816
276.985
376.271
358.288
393.164
326.879
342.884
417.612
381.681
339.855
337.673
389.182
304.613
357.669
334.462
330.662
398.925
324.201
330.43
297.012
369.566
313.918
365.067
396.113
329.542
329.804
334.173
321.475
336.747
310.417
333.844
328.341
329.826
338.198
306.938
326.819
358.935
337.352
270.801
355.534
291.805
345.41
342.132
337.779
347.884
394.511
353.403
334.866
300.101
331.067
312.532
428.072
335.937
350.127
309.636
369.204
276.857
314.177
374.785
326.896
326.274
326.139
288.872
336.771
358.092
311.535
307.874
285.342
315.116
409.346
396.339
314.927
337.465
340.626
343.073
383.663
348.872
297.314
380.661
354.692
287.788
351.516
305.057
342.991
314.017
331.08
379.137
300.931
317.377
309.573
383.642
298.134
350.308
291.77
321.906
366.644
338.16
350.937
320.076
313.367
361.304
317.378
396.797
393.525
329.229
387.494
400.604
330.906
322.972
324.14
342.164
356.876
357.217
323.669
409.244
376.863
322.813
339.301
314.572
296.41
328.948
375.983
322.535
303.148
335.247
342.525
317.149
308.785
375.527
303.721
347.507
324.318
390.519
325.773
315.322
348.118
320.656
308.499
337.146
311.871
385.156
290.041
348.054
370.295
366.783
318.677
316.03
321.23
368.577
362.109
307.729
384.804
319.165
279.863
336.678
361.602
381.666
309.109
343.85
385.973
340.361
335.065
346.235
370.594
287.317
398.195
253.046
370.575
433.824
315.814
311.926
353.272
357.161
319.706
297.279
332.875
337.869
308.122
347.489
396.406
317.068
341.929
385.329
405.171
316.684
367.527
394.817
346.411
341.973
331.457
341.63
399.048
314.035
310.427
388.816
326.134
395.021
328.029
299.748
374.91
359.68
340.985
400.853
356.612
347.829
329.814
377.669
359.341
372.945
348.614
300.061
359.406
372.668
312.378
329.029
327.61
363.11
279.535
332.636
396.094
313.29
322.023
348.399
338.497
300.863
410.811
368.714
358.109
411.469
314.733
324.322
336.451
367.638
415.056
319.88
370.453
372.239
336.283
351.089
370.435
299.327
345.452
408.903
376.789
424.505
292.565
315.749
274.051
371.149
331.457
338.257
380.866
334.12
363.832
309.215
330.847
320.985
412.319
376.96
383.979
331.537
313.114
343.958
263.55
337.068
305.529
317.302
326.521
363.247
341.136
345.07
293.018
331.817
363.579
372.191
294.692
341.064
371.92
296.101
317.555
362.879
362.572
357.315
342.618
343.012
335.515
341.277
317.739
270.944
351.868
327.696
369.46
360.643
355.099
364.294
358.207
297.629
294.244
344.721
339.616
384.899
332.587
408.638
339.379
317.693
288.487
336.888
340.402
306.151
357.123
353.258
285.415
373.676
348.346
405.837
347.964
360.221
397.395
344.568
354.7
371.157
321.799
365.593
329.596
362.742
370.528
381.338
313.479
331.269
332.423
343.701
375.664
322.309
342.272
317.391
371.728
277.203
365.488
337.116
367.353
295.835
325.608
341.694
397.585
350.437
320.643
333.528
351.197
357.168
320.071
306.935
300.065
385.074
291.486
255.886
308.42
321.773
368.584
319.944
367.976
347.478
290.406
325.068
401.135
306.461
340.103
299.338
312.677
426.096
306.967
352.646
317.427
375.158
340.433
331.127
396.183
378.46
346.482
384.338
352.244
331.355
385.18
405.421
403.764
348.044
363.68
374.223
319.126
296.651
313.345
336.121
337.963
250.407
367.679
308.092
368.296
331.831
397.682
382.891
350.593
363.092
352.973
347.569
339.707
328.535
390.703
293.555
354.23
347.558
331.965
357.944
376.477
381.289
348.136
306.131
331.219
346.451
310.663
327.913
389.383
361.074
342.192
300.524
359.874
332.219
333.142
343.757
312.783
398.973
330.316
324.978
317.713
298.683
347.44
363.523
338.42
291.247
349.168
335.576
372.133
405.045
311.442
347.533
408.538
358.132
313.358
365.713
297.465
334.788
368.988
362.395
293.556
345.174
356.542
339.221
388.103
303.594
340.184
430.237
420.305
324.107
327.334
342.93
315.999
332.323
296.642
305.533
266.511
343.13
348.998
262.913
450.751
393.815
286.925
361.634
261.93
352.193
370.315
322.208
350.888
311.937
327.658
332.831
360.646
366.307
320.128
288.573
401.715
298.271
327.077
303.793
354.257
368.934
319.331
343.822
365.948
366.15
338.29
323.801
371.282
313.966
314.265
383.355
372.373
413.787
313.732
323.983
343.056
382.833
322.993
399.475
415.475
336.943
358.947
347.288
380.354
285.407
371.531
352.045
345.841
378.657
336.574
360.752
268.089
375.613
299.815
330.001
359.33
275.818
329.09
376.907
315.285
322.063
386.453
330.373
317.813
360.445
392.917
333.648
379.384
348.273
385.235
304.978
359.05
355.26
293.673
371.455
289.737
370.459
342.642
344.68
354.006
383.172
373.862
396.332
385.644
332.177
317.83
340.787
299.945
355.464
340.429
311.165
302.128
368.572
327.475
346.487
350.642
318.867
373.679
329.033
357.773
320.494
276.31
341.279
341.468
381.333
359.221
363.804
320.274
343.209
329.607
331.928
319.587
345.028
346.577
391.197
369.769
362.312
308.12
376.599
292.251
361.437
315.132
285.938
412.776
380.967
319.98
323.998
331.785
284.714
338.273
338.442
363.204
341.427
307.6
370.632
322.153
336.766
326.646
342.747
313.131
322.19
351.436
311.755
337.867
373.098
317.174
327.116
367.695
347.662
361.29
308.272
340.996
345.956
328.235
362.486
370.665
387.585
398.86
361.239
302.313
311.475
360.222
363.933
306.211
340.093
314.711
268.47
362.617
384.422
332.273
315.375
303.722
336.763
373.74
316.086
332.891
352.665
351.182
317.576
332.03
294.965
334.927
307.335
370.777
310.473
303.833
330.91
315.929
323.397
407.861
375.488
340.096
341.949
325.151
377.684
348.661
291.529
364.711
370.581
354.96
331.086
333.209
319.855
320.024
365.477
302.14
272.114
330.31
365.414
355.468
305.576
359.622
335.383
361.974
393.581
394.316
309.474
349.923
366.513
332.989
341.041
360.299
364.593
303.263
338.14
390.932
300.513
288.26
382.775
352.168
311.576
354.343
342.304
343.793
371.785
286.776
313.226
377.283
339.541
356.199
349.109
308.759
289.832
369.385
354.309
260.716
334.757
316.604
339.847
298.53
341.274
406.356
319.026
369.934
381.702
337.419
324.548
356.902
402.858
363.579
308.34
341.101
308.111
334.782
367.863
321.59
328.537
378.262
354.958
344.89
348.593
412.694
332.991
303.736
313.697
308.55
304.073
329.747
386.744
304.697
293.095
354.839
325.893
324.968
363.253
417.198
315.428
343.433
343.175
357.953
325.879
291.987
355.372
319.541
327.439
361.669
306.291
285.738
322.45
380.584
447.828
368.473
322.542
320.03
300.585
280.408
274.573
276.743
325.151
342.232
271.733
387.594
386.567
333.052
346.995
377.446
343.21
332.471
309.473
371.676
357.705
383.908
375.853
363.864
304.912
363.749
341.931
296.067
322.614
319.675
359.406
428.98
299.375
346.28
304.506
350.726
396.641
367.556
375.08
389.47
353.313
343.592
290.534
367.412
418.058
315.738
383.414
337.895
330.735
348.549
341.72
334.984
311.156
322.921
350.096
361.458
281.611
282.653
323.489
306.617
357.379
336.742
330.137
380.679
299.616
385.726
316.62
372.004
302.502
345.168
343.575
301.398
335.951
354.365
323.779
347.496
302.4
333.069
356.665
343.036
391.713
379.447
348.818
365.29
309.143
354.243
333.364
344.465
294.296
322.492
313.905
373.207
326.434
291.071
382.316
331.535
316.277
337.415
257.94
295.546
313.32
325.311
399.621
391.409
351.553
354.475
380.494
409.421
347.542
307.981
354.268
343.708
318.68
358.986
345.076
340.882
376.107
340.966
349.768
316.799
399.358
317.124
278.533
385.833
320.944
284.568
333.431
409.682
375.011
309.485
302.59
373.794
382.235
348.682
317.297
297.249
336.156
373.638
295.125
315.937
358.04
340.449
403.218
369.383
361.153
354.307
313.232
330.711
365.831
324.79
407.028
360.932
377.979
312.46
364.008
286.97
296.904
296.98
406.718
347.543
362.028
292.762
432.003
357.028
330.755
370.604
376.882
363.102
369.105
347.59
288.062
326.899
303.78
388.163
296.728
343.511
329.823
413.894
331.748
366.599
349.637
308.227
377.124
315.742
298.931
372.106
294.639
450.957
372.497
417.848
353.903
327.016
313.302
343.704
305.409
418.377
350.017
352.22
338.405
367.26
340.063
327.386
310.105
346.076
323.249
314.688
352.008
324.249
335.597
298.344
393.113
319.644
326.736
303.522
353.919
309.186
315.357
361.529
335.16
327.27
344.647
399.835
297.45
308.896
327.655
342.522
342.321
329.953
348.724
350.173
310.042
261.697
380.689
336.502
400.831
361.605
284.117
355.233
300.514
343.801
264.804
287.676
344.844
340.393
323.147
394.908
328.858
310.747
381.928
344.964
309.604
366.155
343.571
364.11
287.035
294.651
364.998
336.732
340.658
363.156
266.639
284.145
333.842
377.301
326.158
305.562
282.068
318.826
345.439
356.811
249.883
334.448
388.354
303.969
294.947
323.957
322.296
322.985
366.359
316.44
273.706
344.36
243.983
340.49
362.529
352.258
309.247
292.438
401.736
374.383
407.374
410.833
341.961
294.342
407.519
329.718
371.308
334.851
368.349
357.402
374.179
370.07
339.195
349.075
354.843
360.21
314.824
278.203
328.659
421.912
309.946
280.382
328.966
358.684
314.611
341.416
353.072
374.953
304.442
265.913
374.556
318.747
300.677
321.264
363.955
340.419
354.987
401.711
346.171
355.468
364.125
359.86
352.217
313.637
293.533
362.852
347.7
374.246
343.639
441.337
317.423
404.682
290.115
326.037
299.201
323.664
310.935
342.468
333.642
313.402
322.68
343.281
326.881
350.395
341.189
306.902
339.898
320.744
351.906
287.697
299.896
311.513
367.839
386.374
341.629
341.894
339.739
291.167
341.917
272.535
355.64
367.166
342.757
365.99
349.169
325.307
294.952
292.058
311.941
345.599
340.801
357.793
378.282
318.172
322.087
373.244
356.681
368.79
363.572
347.634
357.989
326.172
373.086
391.799
332.132
342.339
391.274
340.093
379.911
346.085
342.525
312.514
328.204
376.896
288.329
275.57
368.853
375.199
382.33
307.677
357.755
361.858
319.828
298.871
296.62
357.89
388.847
291.895
353.251
298.458
368.452
359.779
347.757
343.699
374.691
307.076
303.096
294.178
284.688
366.29
309.342
331.537
253.766
306.579
308.171
318.072
369.887
322.278
323.279
297.456
329.059
327.271
352.823
300.667
359.014
338.42
344.062
299.899
355.396
405.574
421.656
361.675
298.083
361.216
292.72
329.031
300.926
383.129
367.675
324.371
342.345
385.49
373.873
268.148
284.977
337.756
331.132
324.857
356.769
277.131
381.664
348.166
331.477
323.544
383.654
290.837
336.657
338.242
267.695
324.24
365.551
319.803
323.751
276.802
339.203
325.886
382.119
380.328
411.407
370.56
375.339
374.165
377.27
347.874
308.377
284.771
261.984
336.503
347.136
329.748
381.169
307.132
353.375
435.342
323.586
337.007
358.502
377.336
338.524
356.656
349.183
408.596
324.957
346.258
316.144
339.559
361.043
324.292
380.7
315.781
401.335
358.804
307.517
402.571
371.505
425.811
375.199
315.001
273.801
299.676
356.986
333.049
296.726
362.442
331.64
305.603
365.681
349.712
334.533
364.546
387.036
296.43
376.407
339.315
286.656
358.104
328.19
416.405
320.71
387.643
376.216
295.026
399.319
358.983
342.708
310.973
329.922
364.933
296.445
351.322
283.42
302.211
327.85
319.479
317.744
326.13
345.659
283.146
399.489
354.083
381.076
264.981
318.342
313.166
311.31
335.838
301.091
313.269
336.249
326.06
346.46
346.628
367.153
298.062
347.947
339.378
316.148
344.327
410.449
344.882
296.883
372.972
293.902
307.511
347.341
341.36
317.755
362.454
405.453
306.846
359.09
309.243
339.564
367.631
339.868
397.934
276.101
294.905
357.529
302.776
291.535
349.103
269.456
291.429
414.704
309.301
275.622
349.051
367.039
322.378
353.307
326.83
353.755
306.234
395.137
340.853
391.071
351.76
442.694
329.667
319.962
371.498
361.558
288.274
336.279
353.861
364.7
331.226
346.516
273.936
339.183
324.819
345.245
365.756
367.834
341.889
282.029
346.298
322.905
329.798
377.695
397.943
334.349
288.861
317.935
339.701
330.224
414.727
394.694
358.023
309.19
356.736
305.073
312.921
301.179
375.463
340.369
369.715
312.991
355.155
364.047
321.666
376.431
361.482
312.827
291.382
281.865
305.477
383.067
322.997
412.206
377.015
327.797
315.148
299.047
376.676
371.647
323.7
300.638
296.02
333.312
298.109
314.303
349.628
295.457
292.01
328.274
307.392
321.192
368.678
317.026
286.05
366.467
321.893
331.141
327.179
332.739
327.186
317.542
377.272
329.416
326.555
290.762
362.159
332.243
324.808
347.328
344.18
387.047
358.024
324.43
355.211
326.265
301.236
335.702
325.532
355.376
352.511
367.043
357.202
316.87
343.059
316.535
322.377
312.646
351.07
360.083
406.244
323.186
338.958
318.726
354.223
340.158
360.32
348.448
352.126
339.231
330.635
371.196
330.266
345.336
300.994
391.686
355.583
379.825
338.911
316.026
325.762
364.543
348.225
367.578
340.167
359.168
357.869
310.535
368.286
330.75
338.603
446.046
331.674
372.11
338.468
351.258
390.449
379.654
318.153
314.43
388.169
332.831
340.056
386.162
387.072
350.159
361.428
328.628
325.547
293.192
333.935
292.161
307.604
275.359
328.875
314.498
313.588
343.215
327.796
309.892
323.668
371.629
334.318
296.347
358.388
352.249
314.827
410.121
307.61
351.209
351.337
328.553
364.532
338.661
331.844
330.871
385.384
320.644
374.681
397.814
328.725
357.07
328.456
339.177
406.939
318.222
305.323
361.858
349.494
281.488
334.261
397.917
315.292
395.778
380.392
320.916
308.346
313.286
353.264
355.561
336.303
386.26
353.577
306.317
350.736
392.242
363.394
324.773
261.422
332.378
413.575
386.312
332.093
391.175
443.124
403.015
288.869
385.126
341.778
410.471
308.774
324.986
336.548
418.742
320.529
348.499
382.135
329.981
326.812
411.402
315.63
352.72
332.01
379.646
360.828
333.177
329.226
361.483
362.472
413.894
348.689
284.562
360.918
406.156
376.781
316.342
332.794
316.697
310.412
347.181
337.176
367.674
385.943
357.149
371.365
419.843
334.085
368.928
342.331
296.424
313.569
390.732
373.414
342.59
332.59
299.59
281.086
423.243
280.986
352.731
326.032
361.598
352.82
302.503
328.917
339.784
325.048
361.997
328.101
291.068
344.428
357.64
358.657
313.042
401.007
298.182
368.206
430.435
333.352
330.855
346.981
307.564
343.652
342.653
320.535
372.672
333.148
344.605
390.053
403.158
334.13
314.15
405.106
270.03
339.612
334.313
329.634
305.664
298.338
351.067
349.02
371.951
312.858
283.665
321.468
349.047
342.897
341.191
341.198
394.111
303.917
268.767
288.648
303.265
312.411
319.068
365.367
332.365
354.277
369.023
376.383
310.637
319.295
338.633
332.899
367.618
359.848
408.585
292.251
263.573
340.436
280.948
336.941
310.256
301.216
283.984
413.072
347.264
260.051
316.943
417.878
405.519
348.393
306.526
333.639
364.042
398.685
323.719
295.923
318.338
377.668
342.804
321.104
347.939
367.643
390.436
366.718
324.815
300.39
340.376
335.675
376.226
292.893
355.684
311.792
312.041
371.656
294.922
424.687
381.692
281.46
333.801
272.956
360.175
350.793
390.077
347
268.965
304.854
314.081
387.441
325.697
336.202
297.979
350.32
304.54
341.566
345.358
286.496
269.321
354.043
367.707
323.957
350.006
319.038
325.082
334.853
346.746
338.443
365.214
348.316
370.66
353.693
356.524
361.617
325.382
353.101
339.46
385.974
317.81
317.781
393.782
420.985
377.605
286.246
364.468
362.83
333.744
394.483
339.554
321.523
351.998
382.241
294.778
336.902
351.457
271.731
288.612
373.637
351.914
388.998
347.878
324.641
314.328
320.466
299.937
334.641
308.077
301.448
361.212
286.538
314.249
354.347
313.23
349.126
326.84
335.47
357.214
316.247
349.4
376.578
382.804
369.13
361.287
350.016
325.252
319.776
400.832
380.933
312.736
308.581
278.001
323.793
383.284
272.63
293.038
347.203
302.216
342.809
370.586
399.836
341.986
312.692
363.304
390.118
364.645
319.688
285.441
346.986
345.128
319.859
338.286
349.502
349.971
306.12
330.113
341.057
332.185
315.303
410.973
364.715
399.185
299.677
322.403
367.357
361.368
368.168
335.291
320.17
367.244
325.866
408.362
366.178
323.615
350.358
332.877
308.539
378.18
350.346
336.964
395.364
377.482
380.807
327.631
326.169
333.488
320.401
351.377
307.471
354.549
314.371
277.601
248.916
320.837
343.039
383.002
431.26
338.155
289.364
300.679
312.169
313.424
339.408
414.757
413.147
323.365
315.684
390.005
349.241
342.389
308.644
314.684
361.816
336.297
361.009
280.398
345.736
373.904
321.781
368.824
394.383
409.869
309.343
365.764
322.5
280.953
299.28
377.242
325.668
288.35
416.73
401.824
375.11
339.53
360.705
364.454
327.77
345.875
296.97
295.784
288.411
310.024
291.492
364.916
307.917
329.524
294.921
362.776
347.992
344.793
347.342
314.989
272.831
374.748
292.097
283.129
336.026
293.786
304.115
319.503
342.679
373.511
329.437
254.529
349.693
310.381
299.884
353.931
334.356
349.392
368.042
342.675
325.561
394.729
288.915
311.389
347.927
363.695
356.342
359.915
301.549
321.443
316.599
351.723
318.735
329.662
376.573
384.522
400.544
308.377
346.647
305.39
313.082
328.499
385.596
367.203
365.617
405.169
309.166
391.902
340.414
276.603
319.697
402.638
316.734
293.883
341.869
380.749
322.716
352.655
406.121
296.521
309.36
349.032
359.407
328.859
332.814
278.475
290.246
375.82
363.639
320.013
297.601
326.366
384.772
382.725
331.93
309.473
344.066
341.097
416.808
380.13
369.985
293.37
384.168
339.259
401.325
381.518
358.838
345.506
319.417
314.818
317.059
318.441
382.401
344.673
320.405
376.908
333.151
308.653
350.016
348.963
391.781
289.265
408.118
350.996
327.866
320.493
344.407
417.476
321.355
346.77
337.154
382.845
347.072
337.129
278.98
315.025
343.086
379.616
325.523
369.823
331.147
244.658
326.192
322.722
332.777
320.637
368.133
376.085
274.096
344.122
316.023
338.45
370.553
362.024
369.113
318.939
350.881
334.332
264.939
408.377
382.529
420.379
327.817
346.237
297.647
318.617
299.649
365.837
354.038
264.121
276.05
369.938
303.565
352.627
341.672
319.8
324.399
293.862
345.63
310.806
367.944
328.489
353.027
330.749
346.228
334.093
369.962
339.109
309.99
345.673
254.325
338.558
410.355
306.919
382.288
375.156
271.754
346.363
333.385
357.773
326.709
365.67
365.685
302.366
310.61
425.112
335.65
305.891
340.491
328.25
355.704
260.196
310.659
325.131
296.406
307.548
304.824
332.59
337.846
347.738
346.924
383.554
281.225
356.72
330.085
377.246
313.676
338.079
425.177
334.045
374.869
341.956
357.957
324.405
345.772
364.718
368.488
350.361
320.913
341.607
356.57
415.744
324.663
344.486
278.637
314.81
346.251
369.975
372.824
300.674
337.456
320.948
343.723
310.213
325.884
350.724
329.433
291.575
401.107
281.391
387.39
346.833
293.285
366.305
312.124
308.188
319.295
325.943
356.52
335.211
325.317
360.155
328.563
372.682
384.919
316.83
306.483
288.375
348.684
293.169
342.656
372.445
346.304
349.014
345.1
329.043
291.934
330.594
345.61
322.918
239.002
344.813
364.318
289.655
322.178
340.707
306.421
298.31
389.757
418.996
338.506
378.448
296.365
294.743
262.284
369.223
345.579
290.405
309.81
326.951
262.729
297.769
349.692
420.271
282.236
315.105
315.57
389.14
329.734
384.098
329.968
324.81
296.026
330.48
291.103
317.539
287.906
317.945
344.692
340.342
386.682
348.574
333.585
319.082
341.162
290.369
278.03
287.454
314.058
291.91
363.019
359.218
349.574
333.416
339.904
300.166
399.652
328.571
315.922
331.579
340.865
371.344
320.035
352.028
388.406
393.204
332.843
370.806
402.937
406.633
365.939
410.212
408.394
333.99
326.785
341.376
303.223
398.169
325.314
353.089
346.233
331.204
363.463
366.151
378.961
363.477
351.461
331.072
382.986
357.093
320.743
396.823
397.384
313.512
390.453
320.117
344.03
339.392
277.912
357.401
358.54
281.167
290.895
456.247
383.946
372.624
359.326
281.442
413.329
329.775
387.766
349.898
313.592
331.382
314.658
344.732
310.992
390.859
295.763
362.023
373.177
330.153
419.079
365.12
467.574
341.061
350.938
373.142
357.353
388.374
351.427
400.535
320.319
355.824
335.738
320.907
282.102
334.604
363.184
386.58
341.338
314.907
365.692
352.874
357.714
333.372
367.936
339.965
302.721
405.947
297.44
363.864
276.312
340.516
324.117
318.818
326.693
348.811
324.096
352.769
360.978
342.091
315.584
337.459
280.226
347.19
417.904
287.113
308.406
335.061
385.4
323.816
348.867
310.638
399.084
279.171
337.254
391.5
335.521
327.224
350.908
361.877
304.748
381.794
311.615
319.993
318.511
304.05
330.839
369.304
289.099
289.628
352.58
297.603
343.293
334.175
380.048
369.622
273.218
376.128
330.348
418.551
337.374
323.451
362.554
326.237
348.104
281.294
390.85
324.047
314.58
320.858
305.512
356.525
315.339
396.909
342.389
339.048
327.875
381.52
332.013
353.196
375.219
389.302
343.263
259.353
315.613
355.7
366.121
294.606
323.053
289.561
343.496
317.17
438.937
356.631
300.869
351.922
279.845
361.048
374.108
346.02
358.042
380.087
285.831
310.956
312.111
310.623
357.871
348.462
311.493
362.182
346.709
401.723
418.554
348.473
348.436
300.377
329.012
365.681
326.16
262.549
383.209
318.344
352.454
346.056
439.546
319.829
297.552
400.155
321.173
379.942
311.338
342.538
359.709
291.642
309.207
355.011
345.634
307.46
384.132
335.759
312.704
335.747
399.421
321.494
297.231
330.668
283.835
285.279
324.436
382.79
322.906
360.761
318.882
350.625
400.843
357.979
364.564
375.58
382.008
362.818
355.201
348.155
363.461
350.747
303.358
304.757
394.007
363.305
369.997
360.632
327.327
330.949
330.922
285.68
312.09
333.138
312.899
304.501
372.125
336.112
341.934
296.232
395.301
264.813
393.553
402.215
377.446
366.778
