493.874
448.979
527.003
496.523
491.943
536.043
511.105
472.321
519.092
538.106
475.085
408.36
479.15
534.847
545.313
609.223
492.897
467.416
502.5
439.37
484.451
535.593
488.215
484.579
457.916
487.106
498.448
409.239
480.248
484.95
509.464
495.389
417.718
538.958
561.583
527.35
439.316
510.605
584.38
458.941
469.97
434.114
419.909
500.069
441.872
479.012
562.838
506.946
519.401
541.827
526.911
464.143
481.951
489.507
476.961
453.408
440.631
475.5
484.724
469.672
420.423
507.095
442.053
512.62
507.137
503.634
495.962
470.403
549.835
519.976
481.207
499.652
388.87
514.927
533.913
506.468
499.188
494.874
462.127
440.846
394.65
573.345
468.517
493.491
442.031
485.948
497.213
469.207
482.214
554.816
454.243
499.962
499.627
504.857
447.684
562.134
455.212
497.17
484.941
511.975
486.299
508.005
424.632
504.892
445.078
522.018
476.835
537.82
519.826
443.499
461.509
503.829
495.271
449.557
461.844
523.325
564.52
523.639
428.049
526.941
528.837
524.317
468.533
435.317
517.794
496.228
449.523
460.48
493.674
509.653
522.731
469.052
476.241
498.617
545.884
547.093
545.395
500.6
465.349
433.173
542.757
472.06
547.062
468.126
476.381
463.865
548.762
473.274
512.421
513.99
479.856
546.116
577.221
493.078
461.251
514.668
464.41
533.877
488.966
557.642
498.05
464.832
483.848
560.152
385.748
476.99
455.783
484.453
492.556
507.052
430.177
518.374
471.953
452.863
521.272
375.954
446.803
553.88
471.456
553.417
514.759
583.67
522.583
504.605
592.438
513.452
507.169
523.63
547.796
446.257
548.89
501.798
504.308
612.329
425.213
535.007
513.051
539.026
546.906
505.149
512.761
469.053
481.725
434.122
550.093
468.515
517.781
493.014
472.519
538.985
475.52
406.097
520.354
510.785
500.661
466.992
492.726
518.757
478.113
472.346
516.531
465.022
500.482
484.942
569.047
431.569
527.026
519.63
507.984
451.581
475.29
479.216
479.907
553.867
482.352
495.5
472.023
475.552
419.088
480.924
524.595
422.742
445.913
497.433
537.208
424.163
575.286
496.822
496.088
488.378
456.007
474.958
434.248
427.787
435.452
560.934
424.075
518.656
549.021
561.393
462.606
496.35
488.129
488.96
515.882
505.943
526.142
392.356
519.976
467.602
481.809
563.311
531.68
549.073
462.513
458.184
450.674
525.33
584.362
501.261
460.828
466.62
492.98
473.896
489.106
490.602
519.037
530.211
466.627
498.702
525.694
518.481
496.207
448.741
506.811
514.772
470.594
497.358
466.84
469.784
498.655
461.693
545.713
479.995
537.571
468.743
523.806
500.181
496.459
516.278
493.073
460.201
522.36
515.542
507.958
480.554
449.981
536.726
449.409
570.957
495.937
529.537
485.004
549.966
426.962
516.894
561.757
478.266
533.184
483.733
533.113
526.635
446.445
531.188
498.881
468.96
488.557
444.853
557.926
522.11
569.109
479.802
440.318
445.514
475.171
525.522
483.435
518.386
486.569
570.292
529.06
588.485
525.057
457.186
585.235
479.285
445.893
497.071
516.21
449.674
470.442
493.845
492.539
475.913
388.085
452.33
500.181
523.289
458.77
491.602
534.498
505.115
597.218
543.436
416.273
454.781
526.78
496.156
475.787
484.013
477.183
453.86
473.332
502.546
467.661
462.939
456.647
482.569
431.322
481.011
508.698
500.431
505.052
495.704
542.558
482.827
550.478
490.91
513.455
477.687
454.166
406.15
506.589
469.163
557.733
491.342
458.705
452.89
481.871
624.569
499.989
523.077
475.381
507.38
517.391
481.575
411.029
481.568
481.784
437.977
441.996
459.937
509.936
528.709
600.005
499.733
473.517
484.459
463.783
403.593
494.759
500.297
450.83
398.252
505.949
581.818
443.363
492.99
516.621
563.81
580.412
546.477
481.301
514.018
490.962
555.528
546.185
488.654
512.275
489.148
622.522
527.282
456.346
531.609
519.567
438.13
511.527
465.367
451.235
444.384
539.831
501.201
523.488
480.77
501.947
482.605
484.018
438.653
464.923
486.815
538.953
482.915
439.057
603.05
582.468
483.278
462.902
481.125
502.279
563.812
518.896
455.254
473.724
488.911
515.406
493.34
545.871
477.239
485.697
520.191
520.184
543.395
544.4
548.92
554.085
562.614
453.191
518.334
495.398
555.956
458.701
450.621
463.785
521.467
516.073
458.232
519.414
513.903
497.751
490.085
405.932
525.761
469.657
476.469
523.042
546.51
480.442
449.571
450.597
500.533
480.296
457.084
485.155
515.851
580.463
434.665
577.565
593.916
414.561
493.195
479.307
418.257
350.818
575.161
474.712
482.833
447.853
416.041
476.078
494.41
465.093
491.582
563.42
424.409
527.127
420.549
492.415
482.129
420.522
481.922
534.087
508.628
592.326
513.361
487.696
516.85
544.575
458.498
455.685
535.03
445.215
457.692
435.651
561.757
511.955
560.495
520.501
537.175
498.854
514.132
472.578
530.965
490.582
472.236
485.62
537.795
487.998
387.606
437.358
539.67
446.074
563.975
490.912
548.038
510.31
449.86
571.582
459.95
557.264
458.51
523.98
518.825
473.325
554.04
440.746
521.471
435.65
501.311
497.086
549.828
442.723
498.637
503.191
500.523
582.954
486.685
580.529
381.924
458.004
552.683
512.274
511.556
538.945
512.804
435.381
542.768
480.938
451.216
500.989
475.715
467.154
449.887
473.265
534.331
558.366
479.502
502.922
488.732
526.57
525.66
622.464
474.037
471.579
497.94
492.105
458.806
419.739
488.924
505.485
505.264
504.34
523.378
567.742
500.762
472.628
530.733
462.534
476.265
486.925
515.3
492.273
508.772
462.729
536.682
535.17
439.07
402.137
484.12
540.608
567.384
493.899
523.764
459.839
449.52
471.582
457.65
520.73
499.798
514.253
447.849
547.078
487.678
546.714
465.931
467.144
524.443
507.169
536.104
435.087
519.262
513.38
539.747
459.857
503.838
461.209
528.46
436.693
504.11
434.409
509.845
476.912
496.107
543.461
473.959
559.456
461.975
459.053
508.606
486.099
489.19
440.413
555.089
455.864
491.505
513.788
463.495
450.856
534.777
465.95
513.126
474.23
482.98
477.227
508.476
520.274
532.575
426.834
582.825
449.06
471.488
490.44
584.082
448.751
450.656
559.23
512.038
556.498
565.064
574.259
482.122
457.957
418.468
542.42
443.933
454.189
588.695
478.29
468.818
524.267
476.545
522.237
445.471
440.543
506.706
565.991
487.008
445.969
515.757
419.046
518.95
416.992
497.554
415.714
476.985
531.498
593.004
497.485
582.124
394.83
541.938
492.889
501.747
482.88
553.27
443.408
504.646
539.675
474.082
514.5
490.025
488.14
519.073
571.651
598.755
509.83
478.621
445.254
459.456
511.4
474.784
365.791
481.199
531.24
519.902
432.712
435.566
510.595
493.305
546.872
443.047
507.108
517.624
499.458
529.66
458.855
485.906
493.26
509.53
575.67
529.721
525.17
457.695
549.827
432.792
542.621
400.409
570.139
610.136
477.815
469.641
489.771
510.673
514.645
484.419
525.4
492.169
411.473
412.28
508.242
543.453
421.012
456.875
515.268
485.532
466.093
532.663
458.79
462.101
473.963
493.462
493.508
483.87
455.725
493.928
559.477
449.384
525.938
446.782
483.442
519.701
459.696
560.646
525.755
501.697
503.873
489.108
590.18
563.968
539.101
538.347
563.023
560.739
570.766
505.481
518.655
517.424
467.306
495.083
416.332
495.954
548.748
442.895
511.892
421.504
561.985
496.699
451.851
546.405
458.842
530.006
468.07
543.741
560.07
491.151
475.722
480.703
469.9
555.273
441.728
494.529
503.25
581.334
471.827
424.499
500.871
513.49
510.639
475.101
550.277
478.511
538.92
491.806
499.508
549.158
500.124
465.418
489.825
450.242
564.974
522.858
506.129
457.631
528.185
469.546
528.494
585.734
501.111
520.431
450.687
514.447
465.226
514.897
477.948
470.217
528.986
459.49
460.119
471.894
468.685
494.43
503.534
501.505
517.717
489.818
502.255
489.117
399.323
475.223
518.597
432.1
474.167
559.197
512.714
546.577
481.887
502.08
538.75
412.018
434.845
462.635
503.725
505.998
584.58
515.795
492.746
467.304
475.538
534.866
480.812
540.374
547.127
590.839
463.091
484.208
467.04
417.227
442.157
474.021
459.185
499.583
431.359
520.718
458.816
599.019
511.183
502.341
446.619
559.483
511.585
497.183
487.171
549.466
490.721
524.949
494.346
450.267
488.981
534.091
493.408
462.082
509.776
459.939
523.276
490.814
573.467
403.885
562.208
563.601
411.888
504.919
466.322
524.68
425.302
479.4
519.046
486.892
437.714
467.009
402.361
544.038
466.656
530.56
507.721
504.495
561.089
511.047
439.865
513.773
561.846
475.964
484.993
437.777
469.055
539.095
586.78
598.37
522.608
468.223
475.87
513.389
451.935
453.248
430.88
538.37
490.655
522.663
545.252
571.853
461.509
449.848
556.553
513.151
440.074
457.985
545.256
504.036
512.291
422.641
477.382
464.299
508.305
468.225
499.667
472.1
414.163
453.893
551.88
511.645
467.978
501.908
489.204
458.92
547.26
447.654
519.835
390.175
451.977
589.652
467.942
488.419
608.732
554.269
562.502
423.925
481.804
504.13
573.435
586.782
487.447
555.274
409.883
510.402
471.037
487.856
574.885
510.799
506.679
493.58
548.32
522.265
407.53
548.63
490.987
452.449
443.688
451.581
497.911
493.49
483.262
508.65
559.666
530.375
524.455
541.739
568.001
560.892
531.653
531.307
514.073
543.949
505.79
503.424
510.611
476.68
442.346
479.338
590.891
497.684
514.34
468.983
553.373
539.721
498.078
507.019
485.942
522.657
482.298
484.632
483.649
475.696
502.47
483.174
476.029
444.105
502.076
502.022
457.523
448.731
551.295
504.12
408.872
525.348
494.04
546.182
471.86
530.827
535.291
518.89
501.006
414.761
540.157
522.466
557.31
518.328
519.11
497.606
457.138
534.612
536.254
518.531
437.328
473.112
508.684
527.397
520.103
530.053
432.404
492.905
517.448
485.406
390.954
488.17
556.032
478.888
440.445
546.307
559.55
500.133
575.407
523.774
489.049
484.624
446.809
471.959
472.524
495.658
436.988
494.516
484.822
488.071
492.533
537.347
545.365
439.19
427.53
484.049
565.53
398.338
528.84
526.106
531.923
585.975
447.306
490.587
541.459
480.13
490.991
527.548
510.363
447.34
500.057
480.645
459.185
483.659
509.642
569.081
497.758
524.74
469.212
600.363
504.38
510.421
506.333
456.683
517.844
505.938
476.674
487.941
454.596
536.012
471.572
507.144
513.378
538.574
520.909
591.896
443.077
601.724
480.559
482.267
456.419
466.048
507.413
590.191
570.201
595.775
418.451
473.739
451.608
488.689
452.112
491.581
433.537
555.718
479.168
499.181
514.038
538.844
474.967
509.406
485.082
534.28
488.111
516.3
540.889
458.932
500.162
580.067
539.969
541.827
446.481
480.475
533.484
446.078
535.163
501.325
456.164
590.722
503.078
521.342
494.983
513.586
460.129
489.617
470.981
550.394
505.081
554.373
510.287
514.4
523.733
510.128
495.227
439.689
454.961
506.636
531.767
561.985
527.449
505.901
544.068
442.327
478.467
528.292
407.625
520.899
525.865
480.112
477.836
503.34
509.052
520.226
449.091
498.916
508.163
421.143
472.546
558.417
599.747
495.961
533.54
532.608
504.164
552.361
446.408
557.493
459.687
492.104
426.025
424.871
534.501
466.933
504.355
505.666
449.34
543.813
535.645
489.418
531.212
492.6
507.527
430.528
473.032
475.378
483.798
470.368
501.485
571.899
520.723
511.543
487.395
528.123
469.954
516.961
530.891
469.286
554.955
483.215
527.754
521.505
457.45
452.324
483.923
448.373
460.981
420.835
490.988
454.859
450.753
513.225
456.035
447.245
514.815
514.63
493.18
549.773
476.193
409.772
530.585
502.583
466.685
513.132
435.169
462.778
510.158
500.488
507.997
507.146
467.41
509.865
548.787
409.81
514.992
466.135
514.764
427.396
516.387
486.563
510.114
465.662
546.702
590.089
463.061
437.937
554.323
442.091
481.166
464.682
434.161
589.202
449.836
505.613
513.121
523.202
448.773
532.323
457.818
456.68
435.744
467.472
429.176
510.829
555.57
492.072
453.915
497.488
525.861
552.571
440.343
502.14
492.369
515.029
581.328
528.94
519.379
524.218
487.512
580.918
475.35
527.384
482.492
460.248
490.168
575.901
524.613
494.472
485.744
434.401
509.534
561.023
518.575
452.323
513.391
482.543
515.83
550.239
371.971
487.458
515.158
461.76
465.833
453.365
560.305
530.278
565.588
524.997
551.583
462.45
530.278
389.414
501.34
590.995
523.233
430.698
485.667
467.686
460.324
523.609
453.044
509.567
571.15
570.074
571.461
499.477
561.842
439.45
432.661
493.569
489.056
545.488
459.189
554.401
503.713
494.991
548.264
471.456
474.155
477.085
460.925
593.652
444.89
423.357
463.05
516.046
506.127
566.653
518.565
519.384
528.962
512.918
506.971
511.868
463.154
493.378
547.261
512.822
463.772
480.037
524.595
562.224
583.955
412.834
526.095
471.723
475.841
444.252
481.42
458.699
504.016
500.565
453.509
440.284
491.058
539.992
486.098
495.883
443.008
459.497
449.777
488.82
502.869
402.282
500.728
590.549
503.239
429.049
495.731
520.395
539.365
521.634
598.251
522.928
504.857
471.748
507.871
455.806
537.959
509.454
496.205
495.635
502.742
547.135
523.359
448.778
429.169
548.502
483.046
516.264
480.378
447.26
522.276
508.836
483.025
477.315
601.644
481.212
513.777
520.813
472.279
503.443
469.223
456.996
581.399
490.202
540.623
498.548
473.271
449.056
435.294
516.114
555.764
538.434
540.915
509.374
480.115
501.199
498.876
520.53
498.212
490.932
481.466
477.673
390.068
531.682
482.686
546.38
491.038
532.651
522.841
523.854
540.031
597.151
478.749
486.961
513.417
458.105
498.054
486.961
488.038
491.175
444.942
519.891
465.066
463.192
496.086
528.953
543.056
478.231
472.352
477.67
486.299
484.772
445.918
470.496
575.135
455.158
492.178
529.868
465.579
507.461
554.981
444.178
526.288
473.566
497.182
564.518
516.079
491.662
531.363
478.694
449.012
516.15
480.932
487.259
558.514
506.065
442.962
537.99
521.491
563.393
450.214
443.392
496.887
487.683
483.653
518.356
464.132
484.981
562.943
547.894
401.607
424.307
469.151
531.236
435.134
454.141
492.226
445.031
447.015
551.461
545.344
530.281
493.497
522.379
465.65
519.319
416.63
543.909
470.182
517.195
531.232
478.807
522.727
459.246
469.182
503.934
478.94
491.112
433.104
472.722
420.556
487.59
402.109
559.567
470.102
550.722
563.383
527.139
508.686
504.14
479.829
531.066
494.789
386.636
444.532
481.383
489.272
489.235
452.263
535.953
498.164
457.002
488.982
510.51
508.708
509.856
481.917
591.255
495.306
560.834
505.728
465.408
454.847
440.661
503.885
411.893
586.143
561.917
507.966
523.864
482.057
518.067
507.087
440.653
491.794
479.075
473.72
511.048
579.022
465.591
584.903
478.974
502.702
451.191
505.103
558.472
480.451
460.98
527.933
486.975
514.207
487.654
544.361
537.985
398.7
456.101
520.713
492.281
524.089
467.548
502.145
440.969
527.441
514.852
438.583
422.541
477.89
509.175
471.592
517.461
480.771
376.318
474.765
465.198
512.261
533.879
468.617
477.758
614.082
549.503
466.44
540.034
482.973
516.99
539.09
473.727
487.337
512.356
515.943
447.851
538.263
484.451
501.302
443.736
453.758
569.241
577.428
500.12
455.499
460.329
474.236
535.434
568.002
440.351
510.6
562.556
499.953
432.857
457.321
431.646
513.021
465.357
470.552
519.65
458.843
442.671
515.421
541.599
503.039
467.946
438.425
399.738
610.967
504.268
500.937
550
460.353
537.19
464.231
456.205
508.733
505.301
511.805
476.618
486.678
448.837
488.807
478.644
472.906
492.821
486.521
494.501
446.132
382.854
459.361
452.8
490.646
565.175
469.107
494.843
491.763
462.6
497.291
529.32
540.325
459.459
523.718
455.997
432.557
470.737
452.199
461.006
457.777
469.28
512.825
547.426
509.952
523.483
463.416
548.875
483.163
448.915
449.19
537.799
498.964
569.284
498.254
477.932
445.165
508.526
462.954
427.044
437.063
474.058
516.402
503.22
519.863
427.523
477.795
477.306
503.038
487.294
489.677
521.283
426.246
491.58
470.871
525.773
487.839
418.859
526.974
540.694
499.086
497.29
452.654
576.884
494.452
520.682
598.704
481.599
560.74
496.268
494.052
532.81
502.935
539.211
446.521
471.7
444.648
524.038
481.842
418.49
591.335
450.547
529.117
464.099
542.008
422.862
531.784
537.382
416.2
427.534
567.386
531.477
467.631
525.444
433.804
538.993
543.668
561.221
574.955
552.27
477.385
622.926
500.285
434.827
497.322
468.353
517.006
451.403
519.251
433.349
470.785
488.166
486.323
542.505
472.499
452.899
491.705
498.495
445.945
494.855
472.93
460.897
537.767
447.013
492.561
469.34
544.011
525.362
517.194
517.983
494.801
528.425
557.602
548.298
544.435
530.991
504.679
475.052
421.534
477.468
504.567
496.692
497.913
478.922
543.708
573.797
469.594
524.046
455.413
557.135
469.304
454.712
429.156
538.723
432.645
526.623
496.717
571.514
471.739
481.416
464.434
504.049
488.311
457.524
464.332
534.263
514.812
538.369
512.828
479.546
526.778
480.026
519.141
403.201
551.508
421.032
435.834
431.83
441.605
579.215
428.108
473.142
475.788
438.338
531.824
454.832
518.901
527.76
528.568
546.577
581.811
496.051
497.182
471.179
486.249
418.611
440.658
440.677
488.162
474.931
456.436
406.275
464.904
491.18
516.099
458.618
544.255
416.496
514.536
545.648
460.04
515.861
471.077
474.637
510.416
455.531
478.706
511.736
466.959
473.668
586.975
494.894
517.4
570.608
441.781
492.285
543.35
475.738
526.119
522.619
476.956
534.93
491.16
418.089
466.551
451.966
429.444
483.806
449.351
526.921
585.271
488.026
524.072
477.131
505.826
496.713
546.721
535.186
562.338
427.102
529.979
476.9
502.37
476.144
523.026
473.465
595.3
457.17
433.613
444.138
496.934
471.277
541.132
438.345
459.794
442.004
508.756
464.694
560.433
481.849
543.858
467.383
518.52
508.369
502.308
488.763
430.169
449.592
510.444
441.078
463.17
577.434
485.999
456.14
434.46
438.637
476.234
495.004
500.438
446.041
507.576
465.743
525.961
485.149
572.304
585.072
447.575
459.828
456.304
457.621
454.467
477.254
517.823
415.814
544.358
506.571
418.033
504.001
473.486
468.406
528.61
452.829
485.916
482.848
456.99
551.919
420.255
498.761
555.824
537.578
528.541
524.017
539.008
471.371
511.069
592.932
448.139
518.814
532.581
430.357
441.923
511.607
489.215
500.815
419.719
470.832
507.72
534.601
503.607
457.556
545.789
481.204
504.689
499.207
523.732
532.966
471.872
426.888
541.03
490.216
484.594
540.599
522.466
559.346
464.892
470.333
462.288
517.211
539.218
415.471
479.644
491.574
457.656
471.301
507.842
560.296
562.769
503.148
576.288
501.157
532.263
450.049
498.92
488.704
461.21
437.093
430.465
492.317
465.187
446.436
454.161
501.175
470.832
496.792
469.452
507.929
513.783
496.251
479.311
443.733
483.563
518.779
532.7
585.073
523.054
472.826
470.375
501.942
479.066
527.03
599.768
525.785
498.172
464.713
528.843
612.66
437.36
525.804
568.59
548.704
556.636
492.209
479.448
484.486
439.364
506.558
446.665
516.768
505.971
518.697
483.6
508.735
543.937
524.828
459.987
485.772
533.892
554.164
458.843
486.306
488.79
458.446
431.895
525.179
529.498
561.154
584.719
497.698
494.938
552.366
464.376
561.924
511.151
452.824
494.703
481.02
469.448
450.222
440.302
548.5
462.237
476.522
479.948
475.82
491.554
508.201
553.528
538.105
394.23
465.16
464.059
520.043
496.778
432.259
473.895
471.729
466.598
502.359
484.548
456.458
503.72
439.338
540.856
516.554
517.342
514.86
495.073
522.136
504.709
546.165
476.898
449.015
497.681
479.986
430.51
482.26
543.182
497.468
486.081
386.615
473.187
554.637
509.459
510.197
464.471
490.263
462.179
442.304
523.864
511.73
404.017
537.933
528.365
419.556
536.736
465.171
486.155
439.57
588.302
483.098
531.278
466.34
505.235
415.464
467.404
502.058
518.699
503.999
543.669
387.677
482.783
452.905
474.544
448.947
586.258
575.478
523.741
467.013
491.593
436.919
481.04
508.655
546.974
574.151
425.817
523.771
485.206
498.498
511.453
470.455
492.658
470.158
482.54
540.798
561.157
519.439
449.859
493.239
476.363
504.221
468.011
461.019
525.047
483.576
445.338
545.37
507.011
529.113
511.508
501.806
508.72
474.679
452.579
516.527
490.088
499.75
478.227
523.951
546.46
528.466
558.653
464.117
387.372
508.192
577.649
511.766
451.969
513.034
511.031
433.386
587.883
531.71
474.487
527.862
534.268
489.785
525.606
451.779
474.544
483.474
461.104
554.256
597.118
555.399
585.128
475.2
415.073
474.262
579.75
507.399
462.193
494.092
513.348
494.092
496.578
433.924
539.664
524.259
488.758
523.723
509.003
455.666
527.45
508.861
413.597
476.514
443.413
453.962
519.953
399.802
475.294
477.761
420.438
549.703
448.385
459.523
443.27
462.044
472.517
535.482
519.546
505.589
544.403
499.57
519.338
436.782
586.211
448.023
393.9
450.226
496.489
456.044
504.699
496.72
517.995
494.055
548.385
486.932
515.852
547.364
462.678
452.784
508.969
536.748
431.948
532.372
510.161
528.407
509.119
566.566
407.547
459.786
492.286
527.882
588.426
492.851
526.515
527.754
529.316
503.44
559.53
553.861
488.568
524.212
526.331
488.336
497.12
462.335
534.583
484.854
578.746
501.456
515.554
506.443
483.435
510.524
453.608
517.47
560.339
461.51
431.933
528.573
539.346
556.88
555.63
483.32
499.51
519.723
527.009
548.661
499.478
527.216
507.541
453.32
463.191
440.274
461.841
524.838
474.604
514.984
451.106
522.217
499.394
520.373
543.979
473.825
459.141
564.006
572.062
459.298
517.296
483.098
449.396
522.079
488.603
557.381
446.733
549.821
563.145
567.607
569.947
453.435
575.027
575.121
463.398
564.632
507.735
468.378
453.814
563.676
536.638
469.572
413.512
419.483
474.345
500.225
543.686
551.825
508.01
488.398
497.266
521.635
392.016
500.271
537.448
486.948
397.94
384.036
514.921
485.471
499.661
595.926
521.976
462.797
516.117
447
509.952
499.974
511.434
419.86
519.631
493.571
590.112
482.839
468.757
410.678
451.843
497.28
441.615
467.488
500.027
489.354
466.683
456.691
500.832
522.626
546.035
507.815
503.739
472.721
460.393
472.249
523.903
488.083
518.894
539.861
463.72
567.445
487.905
460.13
499.117
532.607
458.964
485.802
522.294
466.493
423.629
569.748
478.595
548.374
495.238
445.22
511.449
568.757
494.573
489.791
452.729
477.316
499.097
545.84
448.856
422.229
524.079
489.83
503.17
476.131
521.138
528.459
504.937
517.586
515.495
471.632
467.055
461.099
569.202
503.086
479.633
515.739
487.216
541.51
512.804
501.603
454.731
488.323
489.677
523.531
503.103
588.796
544.25
605.438
447.704
456.513
460.825
510.796
526.724
451.108
514.754
491.959
479.331
525.303
440.625
512.536
463.995
360.926
479.757
450.407
516.132
515.93
546.637
479.402
520.775
506.898
533.422
444.009
509.826
490.883
554.916
541.853
483.691
443.499
455.479
493.048
493.249
507.772
497.264
452.819
474.087
519.919
494.101
474.453
416.337
473.212
482.918
470.584
459.836
515.406
472.524
488.96
499.186
484.707
558.907
476.325
479.062
490.229
469.139
493.211
428.071
564.07
564.665
472.143
527.615
570.54
552.545
459.791
592.538
489.665
503.286
434.905
502.239
504.132
443.292
501.932
548.367
537.252
453.482
583.718
456.728
519.097
455.171
547.109
538.445
505.933
571.232
486.675
483.037
480.211
504.053
408.178
525.243
495.837
480.27
524.981
517.7
422.925
565.359
456.506
590.501
471.835
559.169
524.026
477.612
545.202
526.94
469.58
509.043
469.936
522.775
464.944
450.565
476.209
509.464
544.425
468.266
492.365
447.256
438.498
511.891
521.38
561.057
502.827
481.051
471.093
526.961
485.441
587.417
533.592
460.383
499.089
486.828
428.054
523.435
479.486
462.985
519.629
489.311
434.997
457.74
488.468
519.988
474.795
478.308
436.544
500.029
515.433
454.316
488.73
493.776
492.393
504.425
430.679
463.667
424.153
499.793
479.799
492.254
432.978
474.818
548.601
556.947
508.4
512.666
491.19
554.533
528.302
543.592
556.48
451.009
459.594
422.66
567.675
431.282
430.991
524.568
477.246
568.31
470.095
475.478
542.061
413.084
511.01
500.992
500.251
522.188
481.147
584.25
467.204
476.395
469.39
476.987
397.52
492.401
470.269
510.723
623.041
478.399
421.68
546.222
478.073
470.304
572.207
476.206
456.925
463.525
477.776
501.757
469.819
474.522
473.571
449.711
482.188
497.56
466.586
427.657
478.506
408.101
567.42
501.47
482.577
496.666
417.407
560.447
466.873
448.953
427.506
451.198
557.568
453.867
496.174
504.466
463.453
464.737
490.601
480.68
464.237
536.165
498.681
449.712
557.379
437.642
479.887
493.13
505.586
459.596
514.628
489.157
441.442
494.961
519.108
482.806
462.983
476.347
470.002
457.983
506.761
507.908
496.529
512.583
447.418
568.162
500.97
502.438
462.713
568.52
493.076
530.392
613.13
572.821
480.265
557.528
521.902
531
493.341
453.766
499.398
500.453
459.25
487.464
521.572
502.769
485.92
549.15
512.821
501.317
531.044
533.699
508.435
513.814
420.537
410.947
489.747
547.101
441.847
497.278
447.21
528.789
493.287
541.111
508.906
560.731
475.333
454.987
433.703
496.004
439.848
424.619
517.866
544.972
514.77
510.405
520.385
535.785
497.188
493.319
458.557
517.167
498.801
496.488
535.95
454.822
581.547
497.952
463.133
439.964
517.641
410.117
461.543
475.051
484.145
523.502
511.45
481.129
565.188
460.519
487.122
520.948
520.408
496.884
502.202
467.989
388.172
474.52
549.1
451.011
549.374
537.158
468.228
469.134
538.353
538.597
479.711
504.8
476.994
462.211
440.436
473.66
503.169
595.437
539.518
485.952
549.015
535.184
537.369
503.277
575.543
489.303
486.939
494.578
448.07
490.334
469.336
483.421
483.619
471.739
490.953
504.705
523.673
508.856
535.531
486.107
520.918
453.922
501.391
503.003
495.903
541.694
538.533
470.823
452.195
488.985
478.427
533.784
537.359
488.542
437.844
460.482
539.071
424.919
467.304
450.198
550.452
534.919
513.531
468.288
452.328
524.621
442.813
438.831
486.821
596.509
466.983
509.256
534.9
484.378
484.345
450.823
560.031
502.681
513.029
505.17
472.244
416.52
460.492
494.59
546.503
436.277
480.037
508.544
478.249
471.011
436.962
536.455
484.224
500.983
511.241
520.119
464.899
515.635
474.199
476.431
477.332
490.887
470.644
490.207
476.189
405.685
483.952
456.16
505.667
482.861
427.456
504.378
546.489
572.883
498.654
520.098
547.73
443.478
483.361
473.541
562.564
491.618
469.702
514.139
531.519
466.458
519.158
545.404
494.671
465.825
470.86
554.932
471.148
478.568
512.569
483.585
508.316
471.126
468.113
473.133
548.208
469.055
450.228
454.115
508.482
514.349
508.918
477.791
556.903
497.654
411.129
473.963
431.486
456.759
485.376
467.865
449.194
446.997
523.348
506.957
561.448
528.841
468.032
496.501
459.475
442.137
484.66
463.191
527.755
437.984
466.887
595.631
449.134
509.631
579.713
532.136
523.257
462.594
546.569
506.578
457.041
515.255
443.355
501.076
425.437
456.853
447.318
419.254
497.78
386.123
457.517
477.11
481.996
504.888
484.411
449.172
524.541
424.096
373.176
594.362
516.836
442.599
598.04
588.879
480.762
553.243
438.72
483.341
482.713
510.617
533.63
495.223
505.768
489.179
464.845
431.827
493.354
443.419
508.804
500.613
549.699
513.932
601.719
526.83
414.901
521.191
566.771
526.445
449.967
453.713
571.638
494.668
431.807
605.462
524.291
435.912
530.39
554.122
499.352
494.097
499.296
480.44
479.595
526.789
468.391
506.63
568.144
585.843
512.57
536.012
476.005
530.373
490.864
529.493
486.84
433.96
457.193
486.787
543.359
460.957
555.836
499.635
480.879
497.464
473.389
465.761
527.262
503.949
507.253
527.397
430.393
494.512
506.822
557.242
452.727
446.089
473.469
487.925
419.988
520.158
479.236
497.652
433.324
480.593
460.342
503.687
480.281
430
414.316
514.124
556.66
413.132
508.726
533.163
518.154
464.832
502.05
520.725
475.861
513.893
560.535
534.834
498.01
474.569
510.917
595.65
521.451
552.23
536.458
501.534
466.199
470.153
475.221
456.02
556.048
603.358
460.057
505.597
547.774
504.173
528.339
560.126
493.443
518.812
465.562
510.547
422.68
534.822
525.116
488.97
579.771
492.528
436.162
508.003
480.382
512.061
553.415
437.19
555.137
464.435
448.03
469.176
504.943
524.29
507.194
465.536
459.32
453.797
476.416
507.475
517.151
450.65
483.32
492.598
512.269
481.931
583.629
512.551
538.495
526.89
563.218
462.486
577.99
481.559
505.564
512.704
557.304
489.507
403.68
475.766
491.772
492.574
466.641
460.841
460.445
461.449
592.326
460.28
511.273
466.109
536.94
444.392
496.82
468.287
434.896
517.849
568.087
495.807
595.33
536.641
439.89
461.558
456.105
520.979
532.197
553.931
444.794
460.757
420.537
527.936
573.255
473.897
492.229
494.318
505.052
486.237
521.569
547.471
466.36
535.79
438.1
484.068
477.123
523.13
508.775
500.694
473.461
471.539
494.946
498.793
589.837
474.959
498.438
474.184
442.806
488.763
532.164
503.733
478.493
457.646
513.191
497.088
510.124
466.369
444.74
486.339
540.606
423.79
452.131
566.509
431.144
522.507
560.663
543.072
457.105
541.701
586.655
440.418
486.683
507.691
474.277
510.522
522.472
450.065
534.056
606.622
497.982
480.104
512.776
459.293
517.732
523.915
525.37
507.474
473.248
509.987
449.593
459.562
529.719
539.756
511.5
435.609
511.977
420.477
447.538
445.747
504.696
473.592
475.265
497.77
524.119
577.589
466.735
516.586
483.265
528.842
458.545
491.675
471.132
535.293
462.035
535.123
504.58
493.876
544.315
551.542
533.459
456.378
423.348
501.623
486.187
483.529
533.263
647.692
438.495
545.703
447.55
487.111
552.65
510.953
468.037
507.937
465.312
552.971
472.278
548.232
499.704
473.201
522.534
506.797
558.975
515.091
513.726
470.608
498.342
568.051
557.352
497.827
470.434
479.716
464.76
537.895
441.622
481.587
418.348
518.358
575.124
607.652
455.95
480.094
448.412
460.297
515.771
483.857
439.155
445.905
518.878
521.106
551.488
555.453
502.689
495.162
451.808
594.257
522.224
530.099
460.876
470.349
488.539
564.948
442.474
481.079
470.776
521.897
447.257
520.138
453.511
402.735
509.802
510.076
519.341
433.644
518.185
494.663
476.804
472.221
470.294
534.426
573.273
577.416
501.938
542.25
506.465
502.704
532.315
543.806
563.791
482.018
463.945
603.182
460.238
457.356
432.666
483.066
545.278
441.283
515.75
526.416
580.842
512.856
524.178
517.999
528.364
363.3
486.897
532.393
453.864
504.092
484.099
468.179
504.494
531.204
521.867
495.519
532.73
462.501
454.917
476.076
570.36
465.785
489.348
453.999
460.642
563.189
437.792
461.276
456.564
546.66
530.192
491.706
470.296
497.674
538.628
543.871
477.591
528.834
472.784
456.722
512.016
508.344
558.866
480.854
502.727
489.001
517.79
551.217
485.248
476.805
496.167
446.741
504.212
528.554
590.04
495.317
470.482
617.599
462.966
491.675
586.26
499.534
539.855
446.565
470.145
563.191
434.121
521.451
528.655
550.204
477.673
479.478
500.518
523.762
404.531
443.723
476.178
520.57
441.081
551.768
467.639
461.926
514.925
504.449
494.254
504.974
532.332
572.83
574.261
518.086
534.85
550.356
509.17
453.981
499.757
488.033
485.621
447.385
493.249
494.762
497.889
458.5
513.002
528.119
493.472
541.909
503.55
450.19
497.496
489.306
490.541
520.446
549.342
483.901
515.905
573.719
533.232
526.723
531.664
533.985
528.374
480.959
511.436
479.134
504.588
552.512
463.184
499.123
501.693
474.409
508.051
423.392
443.252
512.75
469.777
498.382
579.033
487.536
529.557
468.748
657.393
513.541
514.307
483.65
578.795
471.149
475.578
527.762
475.766
464.859
538.157
521.992
462.86
429.326
508.371
502.96
475.906
445.646
587.419
460.761
479.025
441.196
434.926
513.435
427.334
568.362
507.985
534.385
461.12
535.445
519.704
449.863
428.385
512.551
508.305
466.938
478.804
418.59
545.148
489.85
526.069
517.39
458.601
554.696
553.771
390.005
467.997
543.598
495.931
409.386
468.272
537.764
519.87
474.922
453.386
539.13
570.369
477.836
447.427
462.326
443.473
489.314
522.006
535.982
527.203
513.197
390.485
489.017
504.834
478.649
469.312
430.715
589.519
529.992
520.628
511.313
419.884
510.613
558.732
435.058
419.931
553.206
493.991
475.855
509.303
447.786
512.074
520.14
456.494
479.011
435.886
503.683
503.016
450.876
453.948
471.405
510.995
499.156
465.01
545.547
538.459
497.853
454.139
555.257
524.123
459.61
516.828
519.332
446.718
546.4
418.029
519.232
494.073
529.453
576.798
524.044
519.385
463.928
538.54
485.963
583.068
454.65
488.771
523.833
533.802
505.539
520.472
487.415
557.473
523.882
518.274
501.929
447.33
514.251
491.351
445.789
545.696
486.454
493.487
545.939
514.692
507.637
450.494
442.125
440.703
468.782
477.045
480.762
481.721
503.71
473.939
495.148
541.393
546.937
465.579
531.655
472.323
517.018
533.525
431.992
512.022
491.815
514.07
595.785
475.647
511.469
508.363
415.165
512.235
495.531
493.363
555.43
453.185
478.513
506.988
568.593
516.23
544.777
509.159
513.401
495.045
586.564
497.731
446.435
457.406
580.676
525.904
582.888
528.495
509.791
385.769
484.068
481.083
535.364
561.821
533.55
603.993
467.861
457.963
508.195
430.888
573.79
518.002
496.604
455.461
462.48
472.676
422.874
425.649
470.25
561.519
665.014
454.644
500.557
479.867
554.678
550.514
459.75
498.206
465.982
458.029
496.808
401.124
529.784
573.062
433.823
515.396
507.344
431.385
430.443
477.4
487.185
460.022
431.779
525.942
549.151
496.513
576.42
539.601
482.147
458.994
491.3
473.301
470.046
458.249
469.076
484.138
436.005
503.362
524.799
495.318
467.096
489.708
527.226
502.451
518.796
452.384
500.36
574.109
472.335
492.322
536.147
473.906
468.74
470.68
443.477
458.75
532.073
516.934
511.428
557.961
551.597
366.684
422.49
402.767
573.289
483.092
546.311
529.781
476.304
445.186
452.543
601.418
481.902
435.426
528.329
523
514.944
452.469
612.771
521.079
476.048
532.132
518.435
531.84
488.69
465.201
514.796
455.873
508.147
462.951
491.17
485.882
480.039
552.992
494.376
500.619
510.197
471.728
430.787
497.907
498.729
495.525
428.382
478.907
527.148
498.913
518.856
476.144
510.008
479.196
507.105
462.05
505.394
558.42
516.759
461.611
466.048
533.309
461.505
524.625
479.93
584.161
441.309
580.762
524.78
406.746
446.45
500.697
476.879
435.058
531.85
523.091
473.983
461.559
460.605
487.681
595.615
545.227
557.105
530.711
442.577
523.319
561.656
518.617
469.208
570.413
503.417
468.335
457.432
472.436
536.848
388.198
507.745
464.731
480.658
485.309
518.263
450.574
518.806
530.476
474.389
494.497
511.526
454.434
457.196
530.902
531.733
492.637
489.179
542.259
514.511
575.183
583.137
482.924
449.58
579.792
430.49
449.279
548.281
449.451
527.392
411.771
455.514
489.621
508.605
474.637
493.454
523.484
532.493
506.466
491.877
526.487
490.641
470.815
562.419
539.843
482.922
533.168
508.517
561.008
408.51
453.215
525.324
386.375
456.12
516.647
569.544
485.8
549.194
490.09
448.459
459.805
428.581
469.991
473.035
428.168
473.648
392.434
491.416
541.464
449.936
582.868
406.514
493.465
428.169
545.185
501.69
465.642
519.603
497.184
489.186
481.857
547.262
480.218
495.068
461.789
443.113
491.108
498.857
432.171
444.648
475.197
488.488
547.504
512.091
532.296
495.699
527.791
521.375
417.534
447.851
433.351
479.245
473.071
557.733
451.131
436.832
537.158
513.923
600.444
408.719
516.187
489.094
520.141
446.496
469.27
475.909
474.074
529.792
452.285
482.934
517.996
531.735
481.331
478.289
549.562
588.5
499.568
559.361
549.264
431.175
462.025
473.038
573.765
477.049
481.187
488.197
520.619
454.416
520.417
571.26
542.825
512.871
537.994
522.598
492.108
579.931
500.959
456.504
465.384
401.538
428.061
548.745
537.968
438.032
544.604
481.158
527.692
525.847
561.783
577.593
537.184
546.927
464.423
470.576
502.865
516.866
512.245
505.347
497.59
600.32
517.35
443.046
447.994
522.502
455.251
420.713
498.236
454.649
474.196
532.828
513.057
445.101
453.214
578.091
572.776
531.298
437.44
471.709
560.364
496.056
551.12
390.278
471.807
430.54
509.797
471.325
559.003
495.255
463.746
540.448
579.973
465.187
491.349
483.171
414.895
474.024
413.705
538.755
399.484
512.775
529.079
459.513
524.761
500.015
403.699
497.921
553.663
500.243
437.499
575.348
489.263
491.864
564.752
527.159
411.226
501.318
481.113
565.624
553.413
493.208
544.054
513.137
473.954
447.375
412.928
573.251
504.79
466.196
510.981
475.922
472.387
487.948
460.46
474.476
496.544
495.257
472.889
482.769
449.993
456.508
534.666
589.195
536.99
493.453
418.781
479.572
507.503
438.032
526.871
489.879
449.254
515.282
467.354
523.241
507.181
462.575
470.94
483.054
415.522
518.586
479.689
567.025
526.069
512.393
511.105
442.953
457.738
568.158
509.845
557.928
493.285
504.862
532.798
492.969
495.128
531.783
579.712
548.48
536.529
515.913
489.872
562.247
461.728
458.257
498.292
502.116
543.032
485.486
517.433
508.061
497.51
485.853
511.145
523.22
500.363
497.408
495.262
499.57
429.211
452.936
543.749
462.436
551.821
490.049
478.502
496.259
473.16
464.129
395.331
459.347
438.031
515.261
481.134
417.926
531.666
493.574
495.464
486.842
522.116
554.169
412.965
508.05
452.612
492.814
379.791
410.481
503.933
485.629
521.854
520.192
451.606
450.274
555.008
470.239
515.279
473.617
566.373
444.185
493.218
556.008
586.665
654.293
444.509
495.137
526.264
508.023
585.543
419.211
524.921
489.967
426.264
463.826
459.269
546.732
528.529
535.924
517.99
534.101
545.241
565.515
437.218
533.712
446.091
468.577
588.079
402.167
442.331
377.266
442.435
417.701
494.055
438.411
523.355
612.995
577.96
466.51
472.078
494.195
550.607
399.847
465.518
480.255
474.833
500.79
443.051
486.417
515.067
552.065
450.775
530.008
538.871
563.495
551.647
510.133
504.766
472.155
464.839
566.752
511.151
423.266
454.862
488.445
449.742
495.529
518.624
513.015
558.186
461.644
420.565
513.321
457.572
472.8
456.544
475.396
526.212
527.848
500.232
455.612
469.888
505.686
495.734
530.39
418.092
539.017
476.037
559.01
455.442
497.817
456.02
454.051
430.26
553.821
498.453
540.28
437.017
531.377
556.318
448.865
497.734
476.477
497.465
566.013
502.74
530.819
495.27
513.64
491.925
470.044
482.514
492.506
513.348
608.368
521.506
479.967
472.991
553.027
504.777
451.754
578.142
463.8
484.384
488.413
465.31
580.888
553.947
505.029
533.206
442.334
472.606
518.608
483.98
517.534
487.18
501.579
453.371
489.681
484.661
422.308
586.865
450.905
435.359
556.529
622.408
543.696
552.569
488.931
464.112
492.333
485.685
466.839
472.798
495.911
423.551
522.541
477.9
503.838
556.861
529.169
483.587
482.753
405.881
582.913
499.654
482.773
575.619
481.706
564.137
424.145
471.361
459.396
513.403
497.518
548.42
458.777
554.075
442.037
492.423
465.739
559.928
486.324
568.804
563.374
518.103
446.42
500.462
542.302
494.384
498.097
458.387
565.086
529.463
449.718
458.882
476.976
464.775
536.736
443.347
490.365
442.164
551.425
473.117
423.151
475.121
508.747
526.533
488.83
543.989
501.308
453.203
468.05
596.63
493.15
501.366
466.111
512.402
403.948
564.672
548.814
547.803
466.335
489.91
564.262
474.329
494.304
477.36
530.932
525.975
500.945
476.45
455.736
539.751
513.759
575.644
476.107
579.338
539.031
514.917
523.454
439.103
476.529
515.173
444.91
560.562
515.064
450.235
521.155
442.298
449.575
500.111
564.065
545.578
468.638
600.183
535.307
529.638
449.744
520.648
513.383
481.952
458.108
448.026
528.554
505.096
555.024
450.491
545.952
477.483
527.235
485.428
484.595
553.49
487.402
536.084
569.308
442.773
545.104
568.304
520.723
449.533
450.878
460.459
535.601
491.157
415.786
507.986
544.837
506.312
509.337
465.017
496.838
481.349
491.191
492.871
487.716
449.004
479.636
451.725
439.606
441.103
445.119
463.721
454.149
498.442
554.344
463.824
467.249
568.625
537.157
496.754
465.645
454.343
482.344
509.521
559.391
467.75
431.52
505.612
429.278
496.39
455.427
515.291
528.926
562.459
458.838
502.62
478.029
515.504
453.405
500.164
500.584
489.074
454.496
464.532
412.687
458.438
480.938
497.84
513.839
489.825
492.318
488.039
353.979
470.877
514.303
501.421
429.137
470.081
494.402
506.82
492.033
526.322
478.713
519.473
473.34
455.536
478.547
563.3
472.32
598.232
489.386
502.767
631.28
478.972
469.429
515.548
500.264
515.604
488.473
500.1
513.946
496.301
500.323
544.045
504.779
471.55
537.212
495.581
549.747
411.092
408.471
431.904
481.683
459.923
511.265
512.608
513.163
560.966
444.794
525.507
487.609
497.676
496.617
444.381
500.091
465.524
515.035
504.812
565.124
575.75
434.623
495.816
505.986
514.827
488.953
456.08
406.008
510.544
508.355
408.328
534.961
532.551
479.424
484.503
472.157
538.236
502.904
458.163
497.922
517.822
480.634
527.913
452.367
454.116
457.905
444.039
504.068
500.219
510.32
471.57
489.504
524.159
548.44
606.749
488.552
449.599
414.734
558.736
514.957
516.254
492.23
557.234
474.655
522.367
492.211
467.36
466.261
422.235
432.266
467.323
547.125
446.558
470.078
406.231
463.553
439.205
473.672
444.624
445.072
450.622
481.694
606.483
541.622
506.584
453.402
611.631
475.609
453.187
465.243
410.759
489.299
420.035
469.546
517.544
517.608
572.815
444.003
451.498
454.523
506.503
476.389
434.562
483.017
541.969
548.625
494.368
514.962
505.61
474.38
534.492
506.721
513.964
489.991
425.081
443.404
528.848
477.545
531.438
510.871
482.419
524.752
471.612
490.792
513.481
474.457
409.944
462.381
557.646
510.619
488.128
438.306
519.923
497.953
571.044
505.237
504.48
533.593
453.252
434.584
557.342
451.197
536.093
476.573
546.875
558.826
397.917
478.343
468.392
433.2
508.877
517.099
502.197
450.6
496.706
433.576
557.75
561.466
498.443
470.116
516.18
482.708
490.331
520.288
531.367
574.146
472.774
494.832
441.28
472.226
526.492
506.256
465.223
477.105
434.748
478.481
430.136
503.691
464.017
498.201
423.361
495.96
459.422
483.694
476.725
499.388
618.814
476.71
486.987
447.264
450.418
520.572
441.868
511.942
541.703
551.722
545.405
522.683
495.968
514.966
518.041
481.133
510.596
512.304
540.915
462.78
468.178
518.749
531.164
511.886
513.878
531.17
492.977
509.31
473.078
544.154
511.6
519.964
454.807
442.795
419.062
430.675
494.763
482.967
513.673
546.574
458.652
496.62
531.464
451.836
432.008
528.474
539.098
549.582
437.453
472.176
444.804
455.494
509.826
490.433
492.947
502.639
474.732
509.975
502.309
539.214
456.525
421.809
457.878
461.92
479.044
480.914
495.659
458.731
553.877
488.37
617.828
534.338
490.397
568.444
463.712
521.656
470.664
486.085
463.924
496.667
485.231
388.485
464.142
515.188
538.485
517.368
507.502
525.769
444.311
503.927
508.987
446.244
428.051
440.653
514.356
455.956
441.041
582.845
498.958
542.74
535.228
499.221
444.631
421.025
475.394
472.224
507.948
524.529
530.161
463.615
547.475
485.073
468.455
441.102
477.774
481.668
474.431
552.591
522.816
491.874
503.924
475.454
622.45
495.525
466.309
555.534
478.965
454.086
559.345
475.175
457.846
462.114
504.137
463.09
511.602
537.753
501.608
450.475
449.348
446.918
486.133
518.182
491.775
500.68
494.347
455.95
546.777
590.093
490.174
409.199
554.88
551.067
488.343
509.065
510.541
528.79
437.33
486.744
480.332
515.382
434.785
383.665
517.18
500.952
508.799
549.333
518.911
507.821
589.99
455.004
473.398
497.139
500.217
539.12
454.779
464.603
427.244
444.068
509.215
520.828
492.449
505.874
500.144
508.782
487.963
527.643
542.768
543.736
518.159
488.002
466.086
465.874
497.899
438.585
513.745
508.589
438.025
556.442
441.01
549.633
469.74
538.44
488.908
571.358
497.789
534.16
449.749
492.746
446.446
559.813
540.908
502.29
542.954
451.43
527.934
478.335
536.316
495.069
533.503
486.101
536.813
476.263
476.572
486.814
506.65
556.753
515.312
505.502
482.481
486.351
451.096
443.371
527.143
482.65
528.998
524.431
549.518
510.837
446.524
378.238
527.593
416.11
592.522
434.813
528.122
431.528
456.872
510.975
546.753
495.383
473.512
525.035
479.504
425.852
497.095
466.563
455.914
465.515
454.868
527.506
571.926
482.249
478.644
500.712
449.658
430.534
565.441
498.242
404.721
439.598
481.77
439.642
461.004
547.554
485.561
504.355
559.002
442.289
499.464
545.546
453.558
519.831
530.76
556.441
467.281
542.846
521.699
616.128
502.368
437.912
450.199
450.951
505.457
455.481
487.127
475.005
439.736
523.75
529.414
534.242
523.868
510.061
505.204
579.14
527.003
488.311
551.403
448.271
477.424
508.803
523.969
498.37
487.149
572.087
528.978
502.671
459.479
504.553
494.534
527.935
514.467
495.629
515.734
496.383
499.885
634.554
451.756
509.414
527.447
526.659
552.395
520.285
472.711
443.412
492.006
468.964
504.198
487.746
535.832
471.912
500.672
594.546
473.707
512.394
515.992
544.303
454.404
480.819
503.196
464.984
501.699
469.094
498.149
508.822
412.083
585.371
421.96
552.321
416.836
467.822
462.621
517.618
483.818
490.412
400.691
568.941
487.815
449.35
436.922
496.517
528.127
489.176
513.197
509.483
470.105
454.568
549.927
503.952
475.032
453.101
408.024
486.166
471.546
488.547
558.537
468.943
488.767
506.667
504.484
507.926
431.805
464.511
528.032
486.693
501.605
500.129
518.432
443.058
540.001
469.986
529.063
567.92
549.944
502.996
455.518
527.678
479.783
418.491
466.129
523.446
470.789
569.44
528.382
549.352
573.183
458.241
444.788
500.885
421.408
415.079
482.799
578.524
467.834
489.223
571.356
599.903
471.456
457.197
504.153
497.778
477.964
437.581
449.271
472.354
461.791
412.717
476.368
523.679
485.32
510.844
485.929
499.416
514.92
536.242
455.329
474.204
523.204
548.438
494.595
518.003
525.801
514.847
456.223
545.859
534.431
517.896
491.842
502.177
476.263
491.317
499.685
481.915
468.659
444.61
405.678
464.474
537.873
500.897
494.31
484.486
488.199
499.06
540.905
481.281
465.32
485.368
471.647
433.952
459.883
505.876
490.187
567.823
450.362
597.905
497.653
430.252
515.697
468.323
588.418
593.674
561.9
500.32
413.039
564.776
431.715
517.477
497.147
447.358
589.111
513.267
513.009
498.278
507.026
456.977
537.829
483.202
453.163
607.168
443.286
465.145
416.879
443.577
558.793
459.946
490.42
454.044
513.595
471.974
513.303
449.449
474.84
512.39
569.26
533.655
513.388
598.309
442.404
500.369
448.683
481.41
448.532
557.983
479.48
435.309
475.829
485.849
506.635
534.997
431.83
427.89
511.575
421.623
468.511
469.911
549.9
628.676
486.51
478.224
495.885
497.483
508.08
450.002
555.764
433.127
566.741
441.732
540.161
483.491
529.672
463.956
468.615
558.919
512.814
456.141
474.809
543.722
562.077
488.744
575.089
519.683
481.943
502.693
424.312
498.539
573.377
467.571
509.818
453.911
483.224
391.018
492.076
518.134
447.913
454.472
467.592
487.462
471.23
494.066
466.046
506.189
434.496
485.288
408.427
490.768
507.367
507.692
482.729
459.7
473.664
487.314
455.942
467.791
547.028
460.501
496.559
488.185
469.77
579.526
566.002
515.449
472.2
482.842
555.787
408.607
461.753
554.218
429.343
532.394
508.162
533.862
522.186
602.37
470.543
495.691
445.01
528.359
441.79
543.837
537.391
410.477
472.177
515.325
531.661
442.896
490.074
490.162
479.19
526.296
596.398
544.713
490.116
518.76
556.648
471.312
483.855
434.917
465.858
504.478
582.867
589.22
488.54
585.974
530.318
499.329
459.271
439.888
459.29
512.085
447.036
487.522
495.151
573.681
524.194
522.654
549.799
491.1
531.924
497.228
568.944
510.946
508.558
494.469
457.14
504.636
516.08
472.692
478.089
415.882
502.087
467.275
507.74
448.297
572.879
590.982
483.946
515.724
528
481.969
548.042
536.217
525.957
547.912
536.954
538.693
514.102
578.727
447.219
524.142
467.837
487.909
528.512
408.887
505.559
495.133
488.69
462.928
457.455
523.345
449.524
444.934
491.239
453.278
549.534
509.476
486.946
512.766
403.854
577.352
507.778
535.225
478.013
525.858
477.86
478.291
547.581
449.493
525.132
421.556
425.955
475.415
568.307
509.526
393.014
530.159
523.25
504.894
506.321
518.397
477.89
515.187
454.636
441.854
514.818
470.237
544.161
508.511
499.423
492.489
440.214
519.024
532.123
502.563
465.746
461.3
498.9
498.091
503.316
595.522
486.282
533.692
476.665
556.02
464.652
421.249
515.978
458.572
544.93
514.503
440.825
456.392
489.882
521.881
488.386
534.543
575.778
507.473
506.52
475.985
504.32
551.745
563.503
440.657
569.07
495.649
506.759
482.207
469.023
515.867
532.628
511.131
498.726
472.867
561.721
490.29
526.299
489.905
520.355
466.686
547.236
542.848
586.48
438.008
559.045
467.079
500.066
511.525
501.01
486.578
506.544
422.59
515.698
439.193
485.605
490.679
450.727
487.695
424.384
468.132
545.141
527.573
486.485
513.004
419.045
482.32
477.743
437.375
499.04
417.451
571.831
516.642
525.132
445.125
481.73
506.586
528.162
379.96
489.247
520.634
510.327
469.531
463.914
477.853
554.961
528.574
520.391
473.061
538.908
490.248
447.499
445.06
530.279
514.033
575.449
496.874
503.921
547.027
536.677
577.347
628.493
444.565
540.023
505.446
496.777
448.359
491.172
449.254
515.526
485.64
533.947
418.286
498.562
553.107
472.909
522.018
445.199
470.563
410.071
444.224
491.882
475.511
480.392
555.65
487.43
565.152
497.067
462.858
562.529
437.086
553.104
532.02
520.655
524.593
589.61
483.001
481.99
517.131
464.526
497.459
496.753
503.804
581.421
517.086
557.5
567.291
482.937
506.496
503.309
521.629
527.076
577.092
526.886
508.152
474.402
666.567
578.539
522.6
464.515
536.551
571.414
440.98
564.324
489.975
424.809
549.047
524.806
536.112
452.123
443.125
528.893
478.217
547.122
438.907
494.556
504.546
480.675
455.792
494.207
413.897
445.555
508.67
474.768
463.591
493.702
487.296
509.984
481.141
434.039
398.816
554.613
463.906
542.482
572.693
480.756
422.069
435.415
401.412
458.565
552.364
580.748
459.12
455.062
472.623
493.367
513.436
532.33
454.182
449.424
514.498
457.953
564.862
480.95
465.187
484.052
420.97
455.785
506.442
475.276
468.648
498.558
452.232
553.918
502.003
563.542
516.336
444.164
534.143
531.467
517.224
466.486
475.353
495.374
482.994
531.474
500.93
445.47
520.894
527.995
479.897
550.922
550.946
497.373
573.556
466.563
483.593
505.347
543.744
473.554
502.348
505.998
515.967
567.209
543.435
504.075
459.479
453.761
499.855
553.604
514.84
485.158
466.079
484.554
495.927
567.237
538.574
491.47
525.089
432.08
496.155
514.123
421.181
438.54
447.525
495.031
453.796
438.181
474.807
581.738
504.267
569.049
504.554
548.206
459.931
528.161
540.721
456.434
544.531
593.27
466.485
485.603
507.415
482.231
535.647
438.393
468.039
475.018
468.486
516.739
490.737
462.796
504.378
433.567
496.001
436.473
399.372
542.782
532.092
561.205
503.29
554.023
485.571
494.31
528.506
445.301
504.835
525.676
472.348
495.352
575.568
594.798
533.829
562.537
456.716
511.367
517.651
470.374
557.808
459.391
515.105
483.099
439.638
500.376
467.33
504.116
456.299
499.707
547.743
498.165
514.05
547.851
559.752
569.781
503.154
448.854
474.358
467.69
476.961
479.493
542.093
442.645
525.742
452.851
513.79
465.589
506.465
465.018
546.729
439.136
507.553
507.829
529.544
502.851
411.126
481.361
542.728
566.696
558.402
516.568
501.827
491.199
501.658
568.937
444.984
595.242
469.354
536.556
540.196
570.397
494.176
491.489
541.384
411.153
456.555
474.975
495.81
415.82
515.186
501.667
465.967
465.074
592.134
472.166
517.228
510.787
512.633
524.748
415.517
517.984
526.366
572.24
445.962
548.933
541.542
540.319
495.774
519.914
472.509
528.117
443.264
490.977
450.548
526.629
494.212
413.349
488.702
471.515
471.18
495.057
478.788
583.621
510.926
507.231
448.588
564.015
491.072
549.839
507.172
422.728
499.58
456.306
467.707
530.5
509.84
395.685
482.457
389.94
485.136
467.252
466.728
514.432
461.446
470.651
461.019
558.143
450.21
499.623
484.555
558.16
483.247
438.284
519.931
483.097
522.053
495.035
469.666
472.377
479.344
489.086
587.147
545.739
482.206
484.749
516.462
511.544
493.356
493.702
502.985
583.838
423.062
498.554
498.586
551.311
465.946
510.288
546.214
534.952
548.978
488.17
448.212
458.703
511.951
513.882
494.164
526.293
486.886
465.785
429.925
539.946
507.754
511.039
512.577
514.638
486.69
577.013
421.304
464.553
505.069
527.433
447.08
487.565
442.69
566.288
427.007
565.765
510.412
368.878
448.668
485.108
517.811
515.423
473.586
424.388
579.238
522.816
497.19
469.962
525.49
514.648
503.928
493.076
523.471
511.826
504.267
508.935
469.5
475.724
439.75
424.4
485.122
509.302
518.119
537.511
497.717
432.307
473.431
532.039
487.367
509.305
449.884
521.74
467.079
499.331
581.899
480.033
497.653
480.335
603.245
500.432
438.251
505.312
481.637
521.831
529.621
489.681
559.045
505.366
489.908
465.223
525.221
557.126
424.03
478.718
519.964
532.288
493.577
486.088
502.238
471.476
528.799
490.169
534.357
496.82
578.16
525.968
501.835
453.976
519.525
391.848
503.325
453.756
533.173
514.728
446.838
463.28
553.476
478.242
562.335
505.519
445.745
484.206
409.982
514.77
434.521
467.736
499.292
505.18
459.16
566.546
484.005
534.036
482.713
505.515
424.354
461.053
495.839
474.581
498.445
462.368
500.418
535.464
488.706
514.881
514.662
477.042
481.378
520.675
455.761
442.154
522.349
533.289
449.266
448.923
527.907
393.239
543.96
505.73
456.732
546.034
529.319
478.459
553.529
452.36
503.29
502.406
510.337
416.414
468.089
516.443
503.281
470.112
480.639
582.824
470.771
506.289
545.063
519.278
469.6
496.447
513.979
471.046
415.882
487.971
561.87
515.223
475.369
535.309
453.46
502.157
493.965
434.572
499.333
444.674
526.63
477.564
513.771
498.575
434.135
491.784
483.044
532.731
455.194
487.164
492.15
454.025
496.889
533.315
503.12
490.634
531.939
500.918
551.269
509.071
542.284
494.398
557.02
482.869
408.019
478.22
499.473
485.198
412.304
451.03
559.062
516.452
494.948
521.538
521.36
476.364
543.806
532.358
463.459
510.343
475.126
530.52
522.028
529.539
526.134
485.608
566.94
491.444
510.52
493.885
505.688
477.557
436.211
411.428
512.7
467.713
490.325
483.976
357.512
522.321
523.129
473.323
445.248
523.389
499.203
507.996
532.601
451.312
531.568
489.38
491.139
569.115
456.746
510.039
453.211
413.853
521.909
510.122
438.878
509.81
556.161
475.237
528.379
489.093
513.457
505.77
432.503
481.142
530.337
528.581
477.043
392.929
428.357
573.122
473.422
474.634
462.405
448.828
510.318
498.354
517.238
524.864
445.693
518.676
481.008
497.878
443.877
429.106
499.898
457.119
441.805
483.274
523.651
459.425
457.597
554.927
474.912
499.778
472.097
473.057
470.995
557.933
528.234
477.272
545.729
528.04
533.251
538.013
509.185
557.983
505.959
486.482
470.445
466.452
503.539
535.387
401.478
556.057
480.175
517.121
465.906
450.969
493.232
457.512
441.312
507.44
538.132
524.212
405.942
436.919
546.744
541.334
557.975
517.568
459.183
517.641
462.141
466.628
579.857
487.358
502.524
502.17
584.223
485.872
479.978
539.865
557.557
547.977
512.875
407.319
470.063
602.173
497.849
486.609
533.232
512.146
488.224
506.939
547.562
502.659
508.972
499.244
494.511
496.546
534.004
498.512
493.367
436.5
469.89
525.403
437.157
441.569
441.843
578.567
559.397
508.883
454.753
515.06
528.636
525.791
516.235
490.295
400.59
491.002
507.828
548.545
452.239
485.167
508.829
468.479
456.474
503.201
554.475
449.228
540.788
409.528
454.854
563.808
523.208
468.647
533.378
504.696
428.877
493.509
566.236
500.553
493.213
536.043
489.183
526.813
574.903
476.565
505.462
520.433
461.39
499.53
568.831
427.039
467.828
500.029
462.456
493.194
449.516
502.087
537.06
543.514
506.94
443.008
489.133
477.118
567.577
471.004
453.016
464.369
552.056
529.798
468.948
545.816
516.65
463.938
421.294
448.632
491.907
388.842
418.69
474.054
475.304
576.356
469.894
511.531
496.337
452.565
500.06
491.687
543.475
476.374
464.167
511.259
429.147
490.284
462.847
463.332
543.526
495.676
378.82
437.15
494.777
462.334
476.488
551.952
628.698
411.439
484.002
452.557
487.505
443.178
470.064
464.559
491.837
469.585
455.118
456.867
499.881
502.9
475.916
476.017
519.109
488.449
431.11
443.378
534.575
494.335
550.915
468.28
527.226
462.591
538.353
459.186
500.842
523.898
497.791
479.404
512.401
449.309
416.054
513.677
526.831
422.753
491.606
514.181
448.449
411.171
465.996
536.733
438.365
507.156
505.341
540.607
452.184
529.897
491.847
496.871
480.796
537.438
439.447
484.664
472.428
533.004
496.356
533.708
562.648
490.288
540.446
535.759
562.916
468.362
445.076
514.313
540.24
518.094
455.355
428.493
446.483
466.111
547.925
511.604
540.579
511.091
565.481
484.324
404.746
525.656
461.345
510.837
430.631
488.221
504.815
398.426
424.662
522.718
510.801
499.216
513.567
490.648
503.843
568.087
425.818
427.517
481.806
490.735
503.976
496.074
458.475
497.236
536.373
487.475
538.173
524.761
490.051
530.353
464.401
540.518
502.823
534.973
499.983
489.001
468.449
536.979
427.189
477.715
445.738
555.937
603.932
532.109
433.74
480.109
472.915
512.21
437.421
543.665
488.743
458.614
509.12
503.996
446.344
446.223
495.088
397.829
514.391
418.708
597.488
535.64
517.901
485.34
450.142
459.029
503.213
502.649
615.249
583.512
492.316
591.7
551.118
479.917
488.198
458.249
457.935
462.992
460.324
504.606
491.389
547.637
493.812
518.117
522.092
490.204
524.602
498.319
463.984
481.353
489.745
511.3
467.387
502.98
503.027
474.884
445.069
529.789
478.409
605.162
471.81
506.124
519.492
483.221
593.143
481.87
495.164
476.832
511.834
505.133
463.218
477.94
517.575
602.844
466.191
454.199
476.248
516.326
471.99
461.194
411.366
452.897
511.331
471.415
510.28
533.857
479.641
505.811
509.644
465.659
409.423
554.894
480.037
492.96
451.892
507.8
552.89
508.483
544.258
609.463
460.057
415.268
478.851
558.429
474.051
531.162
468.613
446.61
480.645
519.373
497.312
466.046
588.05
473.452
591.441
590.732
449.113
573.323
418.462
489.648
494.22
506.305
536.243
552.742
377.46
501.64
505.706
480.97
555.962
554.083
528.46
492.045
472.974
455.581
467.11
475.351
518.203
497.007
464.292
564.002
558.191
574.886
464.86
523.991
522.576
476.555
453.18
526.47
526.074
551.838
493.267
479.731
490.6
487.445
531.906
579.415
467.732
496.685
505.908
463.332
493.357
521.101
531.842
510.265
449.614
469.202
454.824
469.363
445.241
495.247
544.446
477.604
453.18
501.6
447.79
443.703
529.991
537.484
457.793
478.685
482.114
581.558
596.041
485.364
403.175
424.119
501.051
529.305
460.526
562.174
493.083
466.34
530.797
471.545
522.533
439.897
508.815
514.069
548.61
507.178
556.831
464.344
518.925
493.302
533.471
459.798
505.508
503.152
455.623
507.905
432.928
510.096
391.651
514.565
585.382
489.19
527.355
505.269
423.329
524.953
475.75
429.255
552.611
523.459
445.986
446.704
490.958
539.191
467.684
515.531
504.664
566.192
528.109
478.56
497.505
451.844
516.733
506.042
499.133
516.337
553.646
495.829
423.774
413.135
444.35
450.808
525.603
520.162
523.8
460.401
551.012
533.899
460.732
450.117
551.951
407.282
429.373
478.84
489.852
497.875
491.669
486.364
519.093
488.882
448.433
511.51
565.38
572.415
566.494
493.031
510.024
625.389
570.799
529.342
465.718
481.598
529.759
550.893
475.643
414.239
550.765
491.184
532.945
497.354
501.518
505.679
527.4
545.385
526.577
415.797
485.09
445.998
459.158
489.999
510.366
478.048
416.299
440.073
508.913
456.603
419.118
416.936
496.176
540.532
486.828
490.247
496.503
509.365
477.522
618.047
435.63
497.52
473.382
527.512
416.793
517.77
463.387
444.688
591.776
430.62
514.249
540.897
441.648
464.37
443.38
491.934
594.982
419.16
575.072
520.757
450.207
534.665
610.287
539.938
469.137
518.563
418.537
530.195
525.702
472.216
572.62
481.648
490.083
481.611
448.691
529.013
451.688
388.226
429.422
509.367
496.553
493.221
517.79
480.592
455.475
557.287
524.187
433.617
545.903
548.37
502.367
483.994
555.503
500.853
521.936
507.996
469.603
477.665
572.348
521.715
551.791
495.443
511.898
507.31
477.259
524.007
498.153
585.206
529.909
448.877
535.701
568.533
457.021
398.249
462.482
497.888
545.124
472.101
434.404
491.741
501.846
476.243
481.206
576.809
536.565
477.313
435.686
419.647
462.775
441.42
512.409
489.195
438.377
422.18
476.486
501.517
564.758
551.752
531.104
473.049
416.699
406.742
533.933
435.676
463.992
554.317
476.798
445.936
521.839
525.349
559.064
509.136
583.213
455.911
457.065
483.861
517.116
501.537
495.963
509.74
517.317
520.771
488.611
498.199
526.087
475.732
485.511
507.124
442.354
428.513
523.914
476.359
517.548
588.129
477.574
489.087
556.359
593.267
472.355
467.594
479.632
453.849
483.992
487.693
529.129
473.629
490.567
471.918
473.14
625.285
503.92
447.037
464.671
435.302
402.674
386.445
451.79
494.812
509.632
531.366
496.1
515.776
498.693
589.912
513.727
512.802
508.473
483.38
480.863
588.02
527.884
541.348
515.465
525.72
495.329
470.481
558.321
491.498
485.68
475.603
499.102
425.512
529.596
565.267
499.563
527.388
456.327
536.729
456.454
453.558
584.011
541.01
443.168
515.249
511.418
548.034
488.357
459.723
472.557
518.491
582.716
508.506
429.414
535.348
471.937
453.397
499.854
526.272
545.649
525.265
514.128
511.115
407.11
517.148
468.215
518.41
555.506
512.292
519.699
569.676
520.519
562.792
466.247
455.522
562.663
540.805
498.084
480.732
511.82
514.176
475.093
454.166
483.313
548.073
542.505
559.971
447.41
575.119
504.477
508.731
492.429
561.522
482.444
520.349
459.857
463.436
512.294
524.784
418.897
495.1
440.938
380.92
536.963
543.878
622.379
553.141
491.724
490.171
463.119
466.595
496.232
468.769
521.445
563.297
517.208
476.16
461.409
485.276
441.81
472.171
440.035
492.466
455.817
523.857
486.418
506.252
461.781
515.009
476.513
536.758
524.195
484.888
588.868
507.667
534.253
509.02
390.498
581.749
583.611
410.703
463.836
589.097
547.924
536.452
479.565
543.453
538.982
498.585
459.76
457.907
497.869
530.492
498.591
505.871
490.447
487.126
495.416
496.941
499.387
514.259
483.124
532.252
561.334
455.405
476.187
453.702
489.557
494.115
522.374
534.457
422.108
588.771
431.269
470.057
521.541
411.228
474.553
469.638
526.869
507.401
632.324
502.959
478.428
566.6
549.585
522.673
489.022
479.55
510.454
463.622
483.579
472.479
484.563
567.189
518.266
554.63
505.591
462.33
557.203
454.69
507.561
489.405
486.585
385.157
472.403
517.873
478.231
548.574
551.214
469.714
509.379
525.969
521.915
499.447
516.013
491.95
478.218
530.699
394.359
523.563
466.882
488.383
475.883
490.773
569.338
463.297
469.926
487.254
454.844
478.054
466.806
443.205
527.738
497.676
489.295
515.009
475.816
473.257
528.21
585.594
425.53
426.895
456.921
503.74
448.257
467.945
554.97
410.102
501.081
478.337
468.27
470.798
502.356
500.062
475.121
440.645
549.226
526.722
480.04
574.905
486.595
505.255
443.802
519.484
558.8
512.697
457.522
450.14
468.079
418.216
529.3
532.271
532.001
494.825
573.802
435.454
508.47
439.722
554.912
502.926
486.911
498.951
493.285
472.81
490.993
554.238
577.47
444.204
524.726
505.206
513.813
535.475
460.941
512.634
570.914
443.361
484.267
517.465
552.475
506.822
435.839
497.594
489.748
455.412
455.204
612.841
553.42
498.757
472.513
438.359
539.719
420.731
500.06
486.638
476.961
383.4
466.611
491.748
536.082
480.441
471.275
540.022
526.108
552.526
488.259
494.826
521.098
538.052
517.448
453.241
508.326
466.052
493.136
651.196
517.327
528.077
502.871
472.227
498.675
471.344
481.262
513.475
473.272
496.896
495.555
553.527
479.134
404.324
488.138
522.097
466.63
638.51
491.223
558.185
448.491
479.383
464.953
417.765
465.879
581.71
494.351
551.659
522.112
451.774
449.901
450.428
500.29
491.241
573.537
492.043
573.975
512.241
467.449
586.507
507.563
464.378
489.237
520.988
474.342
555.065
400.294
505.784
534.577
504.617
485.795
501.981
536.561
518.522
479.652
455.437
555.223
502.056
404.601
523.12
525.744
470.934
501.489
535.096
547.166
431.827
431.346
514.334
442.365
418.596
519.912
593.515
522.024
471.27
440.526
456.904
492.4
499.316
519.511
502.29
452.708
480.223
510.255
445.235
454.208
515.279
479.478
448.276
466.224
513.334
453.877
498.835
468.227
412.014
521.377
522.627
538.7
465.403
459.581
460.772
535.735
572.251
433.336
437.866
457.595
495.419
567.221
508.183
617.47
501.257
458.911
595.199
513.4
497.91
484.164
489.752
491.798
505.836
484.343
464.912
452.647
444.624
496.354
466.789
533.561
504.566
522.261
536.386
542.613
422.542
475.124
621.623
524.167
536.957
526.094
499.833
443.973
481.164
498.919
497.764
522.947
494.542
482.168
525.343
472.512
446.62
524.279
551.931
499.171
477.347
535.865
456.211
539.292
427.878
523.478
538.052
471.642
425.975
442.502
467.073
585.782
519.737
544.036
549.825
536.474
485.727
469.813
476.205
525.818
502.075
502.688
455.021
506.185
568.324
528.309
504.834
510.241
541.621
546.388
421.983
532.762
533.216
527.665
546.908
483.349
520.515
546.159
486.336
445.258
480.44
474.035
410.826
566.297
564.119
495.189
499.121
545.476
521.134
469.052
397.478
487.156
438.941
520.373
467.185
532.684
569.079
548.568
530.226
550.421
481.62
505.331
532.497
517.461
452.783
505.454
502.708
489.721
468.963
498.055
490.228
520.778
521.996
537.979
497.275
491.239
507.521
534.946
551.667
526.408
489.096
544.965
520.866
445.302
481.398
536.352
405.613
558.717
493.242
562.446
570.084
562.05
462.145
382.962
499.069
568.374
544.268
544.804
485.9
551.702
499.155
572.49
472.963
485.199
540.122
523.824
579.189
384.108
490.702
461.82
522.795
488.937
444.987
589.935
535.466
485.606
529.57
432.549
494.366
474.055
541.157
547.137
505.59
495.782
519.937
564.774
524.579
454.739
425.341
569.86
435.41
477.863
489.095
496.745
475.791
529.272
499.726
434.211
481.411
511.376
485.823
445.929
559.01
469.306
510.507
518.697
495.99
462.177
605.83
486.1
470.112
525.063
424.698
506.614
449.451
493.147
462.317
527.926
537.163
482.957
515.626
414.768
530.83
491.488
577.577
531.888
480.782
536.245
536.493
528.769
576.116
460.502
537.8
561.001
488.211
539.72
507.718
515.871
561.93
536.377
489.089
470.824
549.972
561.464
505.675
488.48
417.585
532.446
585.193
437.263
563.178
479.439
504.801
454.775
472.527
492.261
502.863
462.353
516.985
476.302
448.64
471.843
490.076
472.291
559.51
542.774
543.544
499.297
526.084
541.277
523.94
542.619
524.006
421.048
498.744
525.851
476.97
567.243
409.976
432.493
539.347
445.573
592.666
541.772
529.103
431.617
483.237
511.279
484.788
548.317
511.09
485.14
492.885
478.349
560.45
432.709
509.878
489.377
475.439
493.452
474.869
526.302
428.334
587.345
424.961
500.567
500.282
462.195
544.689
427.898
554.91
506.03
399.436
469.399
453.744
471.064
527.985
473.45
515.338
525.935
545.179
503.657
540.359
457.41
592.884
446.931
517.939
510.926
527.965
486.808
538.561
435.059
538.507
475.863
584.85
451.965
507.657
517.557
411.077
542.744
568.476
508.354
567.591
413.221
497.076
428.058
547.903
518.981
512.669
443.858
444.445
559.526
560.217
550.564
550.414
582.458
517.545
469.938
505.996
461.415
476.38
541.182
539.328
486.248
453.479
469.105
540.141
523.195
533.288
518.885
521.395
551.389
544.601
551.006
525.33
426.466
500.208
446.839
513.973
562.113
548.031
518.509
409.646
511.272
503.326
473.903
446.303
495.883
518.901
459.921
533.847
559.414
467.467
478.088
519.982
521.768
471.992
500.371
516.994
466.176
548.511
453.38
476.784
552.803
434.997
506.243
554.235
490.621
542.089
507.966
449.339
453.623
530.301
428.334
488.581
443.215
481.793
452.431
545.531
573.835
469.217
503.369
511.102
539.135
484.297
652.645
455.489
468.439
481.341
456.255
523.728
488.547
543.093
542.263
455.274
516.895
460.282
555.297
476.381
426.41
517.29
478.472
485.802
448.045
516.618
516.759
514.941
533.449
577.749
497.126
475.28
460.211
567.363
476.779
576.266
441.946
488.78
581.834
542.999
437.527
437.844
538.755
498.105
480.08
473.034
557.275
449.991
434.561
456.872
510.679
529.835
395.437
486.673
483.401
472.305
438.616
491.693
462.666
485.989
436.98
435.075
579.488
483.221
473.309
540.463
504.492
484.708
521.447
539.002
506.865
549.186
507.685
588.023
470.828
453.345
517.042
479.252
458.34
449.634
497.797
509.475
505.979
480.808
554.533
457.106
440.001
504.812
477.227
510.371
487.688
433.507
482.755
464.824
506.407
409.08
456.846
524.365
426.386
442.962
546.677
524.558
517.929
553.515
445.882
438.251
474.698
567.595
492.242
494.151
523.608
483.399
485.98
525.886
537.536
456.026
514.998
474.828
505.82
556.51
449.689
475.158
517.492
520.111
479.45
550.935
481.559
494.228
503.928
409.348
513.948
441.056
562.296
497.822
505.543
421.858
545.355
531.924
446.223
494.442
473.513
516.459
443.78
446.026
479.045
455.154
466.582
494.558
480.996
439.724
441.026
550.561
375.536
478.067
504.641
601.481
491.611
492.517
518.718
475.999
505.814
497.265
546.987
556.566
534.364
541.696
447.916
498.498
517.591
573.789
542.413
456.394
444.672
442.068
471.412
491.168
511.314
488.663
494.21
486.152
510.446
542.514
552.448
501.035
515.581
430.609
424.014
490.185
446.382
600.242
429.809
508.893
515.249
494.752
511.759
476.945
537.402
474.461
532.639
494.47
502.709
490.565
537.998
527.589
502.925
484.277
482.911
471.368
567.146
546.81
498.917
502.998
478.049
421.595
450.85
456.961
505.518
435.51
518.65
477.575
482.387
510.089
436.254
532.854
474.303
548.97
527.916
544.223
450.375
539.275
484.424
433.829
452.68
492.298
461.124
470.892
481.137
505.426
472.124
590.353
466.957
453.108
498.822
591.43
484.07
534.13
504.499
534.935
499.042
446.475
470.971
557.145
528.181
502.876
424.903
543.453
532.228
519.444
454.069
542.512
464.903
428.402
457.541
460.948
450.27
519.402
407.594
601.491
470.323
498.447
477.747
491.695
518.092
494.443
449.325
507.916
493.998
508.422
512.009
522.065
494.817
448.719
471.715
427.661
490.264
600.635
525.991
444.164
473.133
533.919
542.713
507.412
504.587
472.265
432.794
491.578
514.774
418.085
505.374
558.083
548.634
476.631
513.405
481.965
489.069
499.94
493.409
545.136
501.737
485.122
572.681
484.358
521.862
536.699
503.532
465.271
541.014
498.27
522.478
542.734
588.512
466.132
547.228
540.243
467.778
525.402
489.752
531.637
556.328
439.807
495.261
490.512
491.461
473.766
512.941
467.82
518.635
492.149
387.75
532.053
519.721
446.62
441.865
484.166
534.549
459.83
491.924
542.235
434.428
536.78
491.372
509.53
490.375
488.361
486.489
496.495
498.333
462.571
457.138
518.975
517.137
532.192
408.205
536.649
474.217
521.786
471.666
400.978
558.141
527.164
479.117
485.638
504.205
550.537
520.751
561.626
460.168
468.888
460.87
527.793
505.866
490.092
380.622
510.937
485.776
510.94
452.017
511.54
461.038
435.807
490.568
508.247
460.143
483.768
445.539
497.207
528.947
484.144
574.427
440.556
501.525
488.45
554.006
538.118
412.69
545.202
471.045
474.453
476.403
477.237
463.547
499.634
503.966
500.516
474.827
475.714
450.796
470.704
478.088
477.359
552.037
546.656
459.139
558.662
547.701
521.097
512.746
476.362
493.944
510.047
404.187
553.421
500.855
501.552
456.164
526.677
486.729
485.205
379.024
496.038
418.485
471.514
474.087
518.391
558.098
584.501
485.275
567.838
422.439
498.106
519.372
515.157
594.146
512.598
536.099
483.963
394.003
409.463
515.67
487.757
526.083
475.493
567.29
473.86
535.468
519.635
548.058
455.74
473.01
482.409
438.714
549.954
502.976
434.065
456.656
503.244
453.474
512.173
487.383
504.041
495.365
551.724
520.053
440.423
457.136
483.459
440.31
483.556
452.082
460.089
486.781
547.702
596.423
431.46
463.758
504.967
507.655
515.204
515.77
499.326
482.78
589.205
460.234
457.222
494.663
541.575
530.589
423.851
462.501
522.098
549.568
477.498
442.008
469.316
541.706
516.666
490.773
522.209
502.649
494.355
483.662
437.196
553.125
498.897
427.524
463.809
510.184
567.46
486.633
513.075
438.226
503.307
519.549
467.533
522.385
468.934
555.96
456.873
416.411
541.931
478.448
520.929
573.791
487.116
546.879
492.694
428.106
516.762
481.519
539.91
480.591
485.54
460.479
576.467
487.339
436.06
417.963
526.513
519.325
468.59
470.362
510.889
465.84
411.663
474.583
482.803
533.298
470.272
496.294
588.214
461.551
549.275
579.585
420.897
523.504
598.323
504.889
482.623
400.067
437.756
506.695
532.691
424.706
483.257
500.744
554.558
414.845
507.065
492.662
491.954
507.214
406.62
419.322
543.924
450.814
517.026
444.234
466.746
476.081
487.924
514.626
464.048
522.204
501.765
492.195
452.883
505.741
503.562
473.134
441.679
468.408
544.921
453.176
492.262
465.256
451.715
497.353
557.772
506.871
423.916
543.601
423.448
459.334
526.384
580.568
434.214
539.769
547.548
465.691
585.741
499.802
540.764
516.493
473.126
468.774
465.118
475.495
519.733
463.361
608.339
474.666
548.828
427.991
551.151
536.876
501.611
463.741
514.776
507.45
472.993
465.603
492.247
457.797
494.94
490.222
433.433
597.768
491.749
445.513
466.244
545.293
458.904
444.939
512.629
472.326
571.585
537.568
425.155
473.696
398.564
553.255
567.199
522.265
506.278
508.269
519.25
541.7
507.02
490.82
473.685
597.281
486.572
549.117
484.785
529.452
507.461
478.891
458.822
495.12
480.747
499.77
518.809
484.922
527.102
464.279
541.782
466.616
564.488
573.574
526.548
500.644
475.228
518.3
460.989
495.45
492.514
516.44
551.543
560.415
531.807
523.856
459.118
539.456
536.509
492.962
473.906
460.556
504.648
476.632
520.192
442.951
496.026
459.017
521.095
480.076
506.328
510.861
492.476
425.337
520.964
459.101
487.383
501.605
527.819
467.779
460.974
449.911
457.631
545.151
541.675
476.254
561.385
471.66
544.89
540.55
433.581
544.295
512.087
445.081
522.517
624.539
485.786
526.945
480.367
507.415
406.768
523.031
536.077
484.039
520.066
536.871
502.809
467.869
574.822
587.688
506.4
510.671
507.862
421.821
445.972
544.166
424.072
490.409
489.655
444.361
458.884
475.225
588.66
458.213
478.506
472.643
575.046
481.036
563.907
510.589
537.05
575.007
468.72
469.366
443.336
485.248
545.536
568.103
429.498
512.237
451.528
463.004
480.673
474.388
545.498
448.69
461.822
393.228
417.594
407.597
435.981
474.762
494.556
471.907
498.31
419.97
496.516
513.843
516.565
379.576
453.209
483.753
552.072
465.095
579.006
516.23
514.188
521.584
489.651
483.901
492.961
499.045
464.47
596.733
537.239
530.596
510.341
483.149
500.801
448.37
454.465
536.035
478.047
529.504
347.367
470.754
523.821
469.759
469.337
490.611
461.914
501.288
546.37
434.985
475.113
463.6
509.217
515.325
479.714
472.189
534.061
523.338
469.553
600.024
522.095
458.644
456.161
467.989
535.553
543.411
463.771
457.892
485.967
508.129
556.869
528.823
580.049
416.376
439.661
484.204
511.383
487.655
513.35
546.298
492.075
424.388
453.201
441.048
525.635
552.964
549.529
463.101
463.422
468.808
431.816
509.461
557.8
462.843
531.283
482.679
504.42
470.433
433.029
459.373
474.241
511.012
553.25
546.379
530.655
471.115
543.687
471.308
489.712
553.416
466.436
500.279
543.252
499.792
470.9
473.106
445.315
441.913
487.977
470.143
481.665
473.369
512.215
465.995
491.37
482.596
471.442
495.353
508.598
497.379
501.639
478.02
517.168
506.363
445.458
498.366
447.055
492.365
530.109
568.266
499.459
428.226
504.189
455.076
467.809
488
479.367
533.027
519.043
483.386
482.532
467.305
407.872
529.081
514.991
450.793
610.708
516.084
511.197
451.218
531.082
465.767
570.923
577.798
533.406
481.085
450.053
475.993
419.425
525.043
492.156
446.172
418.951
442.104
403.672
506.961
497.363
474.445
417.438
500.323
452.826
452.743
457.148
432.155
524.269
482.54
545.091
458.958
510.127
536.394
471.628
516.248
458.091
458.054
468.033
493.398
515.062
518.065
504.306
453.278
449.665
463.551
444.834
498.259
477.932
490.216
572.459
512.141
451.619
516.793
449.592
520.622
470.752
450.786
505.456
485.085
412.587
566.539
500.601
505.17
487.625
510.774
513.695
442.812
534.246
508.44
532.633
485.691
514.753
511.563
527.676
460.055
491.904
514.969
512.024
432.426
523.24
482.422
581.659
469.755
485.773
479.959
516.05
486.301
438.306
473.316
544.345
567.281
479.721
570.182
545.439
504.008
552.656
486.012
449.971
523.896
458.403
535.566
423.67
452.07
509.533
488.082
495.831
570.507
470.822
411.544
472.105
500.205
473.618
596.986
416.64
553.179
488.295
527.281
474.714
459.073
588.429
560.428
486.804
456.344
544.388
450.677
535.186
496.267
602.362
521.421
482.616
479.39
509.317
501.108
491.59
424.479
475.375
454.27
465.607
561.121
455.583
515.471
529.24
453.454
480.561
453.482
458.681
490.337
519.747
484.108
474.046
433.817
501.333
465.634
451.67
507.47
517.399
493.651
477.249
519.285
513.43
514.059
508.135
452.098
556.115
481.207
453.697
457.535
494.615
487.973
602.438
467.061
567.035
526.47
558.529
558.274
439.769
454.196
436.427
516.684
489.95
530.796
491.71
519.51
531.859
533.296
486.703
533.384
510.837
526.639
417.958
483.187
508.276
511.372
485.928
475.875
457.836
452.492
498.789
518.608
501.353
452.884
508.131
465.728
533.741
487.441
485.052
415.236
458.246
514.284
508.099
487.977
504.849
591.359
433.952
448.187
445.908
530.897
455.772
481.968
527.337
519.194
462.362
426.359
539.204
492.282
508.55
441.292
539.58
565.67
512.209
535.473
503.796
465.827
540.414
455.544
460.937
411.814
479.514
581.959
474.421
413.645
528.748
487.336
486.248
484.831
513.831
592.478
454.712
450.519
434.318
572.181
452.393
472.619
581.383
529.949
471.887
462.949
549.524
545.32
547.128
583.784
464.306
492.732
583.248
439.523
431.615
466.146
428.872
516.893
531.377
433.567
477.315
534.335
468.911
460.967
469.898
519.936
479.908
535.349
495.27
496.81
447.592
507.705
519.966
492.229
437.047
455.116
544.37
501.161
494.766
447.349
472.649
474.04
498.43
453.116
485.159
510.204
477.167
498.964
513.261
432.237
488.699
506.377
506.609
487.287
448.585
482.013
452.055
445.216
451.752
415.711
458.801
550.651
445.495
608.594
536.342
520.273
429.113
536.8
541.248
473.255
548.283
541.045
461.594
494.757
529.33
508.857
509.943
440.616
548.411
469.786
478.069
505.43
501.443
485.629
616.446
479.84
456.274
446.623
445.067
501.789
464.357
467.044
496.085
546.536
503.544
458.926
462.261
469.676
479.528
507.297
516.693
485.288
534.478
550.412
592.263
451.64
497.961
465.125
477.308
508.323
563.978
458.098
588.587
494.962
533.305
464.142
496.59
397.098
484.55
472.306
475.819
509.867
506.831
569.1
523.636
419.121
463.842
512.28
508.16
439.913
503.998
530.018
478.258
515.94
614.076
442.966
503.163
491.188
428.842
535.442
413.958
458.556
460.48
552.646
474.853
502.786
410.107
493.924
523.038
498.909
456.507
637.2
462.952
501.295
521.701
458.764
513.709
501.749
469.302
411.338
492.21
492.999
477.106
456.988
526.239
477.378
435.483
558.763
476.867
476.831
492.125
517.765
514.27
574.638
481.346
512.221
539.615
534.792
568.941
539.761
514.135
529.802
407.644
542.939
444.978
490.174
619.666
534.126
528.389
496.638
533.669
520.097
503.783
498.329
460.653
552.297
508.162
495.484
453.688
492.121
479.463
511.73
509.712
503.271
506.36
409.306
520.468
468.064
521.38
537.467
452.223
505.183
502.253
503.605
442.257
524.664
509.315
524.769
462.049
503.774
557.107
567.416
521.131
461.331
592.348
529.893
489.756
428.203
416.708
606.385
464.603
473.277
486.332
507.272
432.425
456.011
480.68
463.034
522.456
462.572
452.838
503.918
473.76
454.767
479.722
469.694
537.137
501.386
538.297
524.816
543.695
531.548
568.545
538.544
488.193
521.193
415.769
498.241
558.053
434.042
467.317
519.661
508.926
502.344
433.682
445.268
521.912
482.229
478.598
480.07
509.369
477.854
484.356
542.144
495.047
589.297
523.333
528.14
450.266
423.573
517.1
513.459
448.789
478.794
421.458
518.863
486.509
473.983
571.335
436.999
461.592
459.583
544.234
556.474
528.521
500.01
472.267
526.952
501.63
527.063
552.998
499.613
515.597
495.001
461.014
530.336
402.844
415.74
491.489
536.298
537.832
556.352
458.181
465.486
530.887
454.591
469.894
509.466
515.827
561.636
581.025
526.903
448.619
556.188
475.558
503.584
505.757
535.743
460.189
505.498
490.268
493.664
544.621
374.911
520.929
481.37
481.52
530.175
522.531
418.996
490.461
418.086
487.994
441.043
468.816
522.986
536.017
536.676
476.411
501.524
531.147
481.414
538.401
591.857
473.92
481.452
501.465
582.196
469.763
518.173
417.333
476.074
565.88
451.43
534.474
411.015
482.784
462.623
433.779
455.604
508.936
482.016
519.084
538.991
548.059
412.949
533.804
511.353
532.426
455.33
467.215
571.559
467.183
480.201
485.206
484.9
504.092
501.097
538.356
499.516
497.064
442.495
494.321
546.764
524.618
513.957
502.257
597.459
526.427
474.153
522.74
417.838
440.304
576.276
474.128
452.557
479.112
534.712
521.42
459.294
508.507
436.029
471.888
501.175
481.862
499.671
539.257
405.615
477.52
378.799
498.617
439.868
478.041
500.6
449.063
444.297
528.194
470.778
513.115
472.775
522.87
521.501
570.014
519.291
457.357
522.274
494.711
482.035
510.683
498.159
541.814
579.096
501.996
482.273
490.306
532.506
556.392
488.907
520.454
446.179
584.042
444.058
493.249
499.736
546.866
545.014
512.343
572.787
498.151
471.564
496.568
504.677
547.838
516.079
444.272
445.708
416.45
517.271
507.083
476.684
467.048
586.11
468.421
509.301
573.173
511.718
450.751
620.592
502.425
501.934
499.777
511.835
499.136
507.055
488.921
564.681
540.339
481.311
524.779
460.951
473.215
469.139
497.929
517.821
419.715
429.138
469.905
505.865
497.161
494.722
516.556
504.456
456.085
584.705
485.042
489.476
526.204
491.836
414.916
522.88
563.189
475.881
551.248
530.304
478.149
581.074
559.394
484.509
465.263
518.506
484.619
565.943
474.331
496.755
542.315
483.898
492.839
597.599
578.484
390.155
557.352
480.681
501.533
521.61
485.759
490.852
506.84
440.974
486.516
502.641
523.623
547.03
539.742
447.66
502.251
494.098
499.558
514.414
535.256
488.562
443.812
502.443
516.362
469.508
457.619
394.989
483.947
496.176
458.649
547.995
488.42
593.005
504.642
473.952
464.225
462.198
451.547
407.714
552.377
450.464
553.504
464.982
615.81
458.446
532.171
539.047
533.893
522.337
453.306
501.489
620.527
481.041
468.572
463.714
499.074
603.571
529.413
507.917
425.464
450.578
555.848
467.272
536.009
497.522
453.406
523.024
421.131
626.899
485.523
536.067
492.099
585.886
454.57
562.219
585.042
468.854
518.734
547.384
549.46
503.41
458.011
431.613
431.994
473.508
360.461
