3555.14
3654.27
3342.87
3388.11
3475.21
3528.79
3496.92
3397.67
3787.06
3621.94
3391.35
3558.73
3532.2
3359.52
3534.5
3574.1
3410.36
3560.63
3528.17
3526.8
3480.06
3477.37
3352.94
3498.08
3424.79
3467.73
3486.86
3785.07
3546.7
3447.4
3431.6
3496.06
3476.25
3539.47
3515.54
3469.71
3582.62
3588.99
3668.13
3433.23
3543.47
3475.71
3538.22
3562.46
3551.81
3484.21
3578.68
3497.02
3454.21
3528.89
3484.31
3410.06
3451.69
3603.65
3545.22
3551.64
3665.57
3415.21
3240.82
3621.79
3642
3329.56
3439.95
3434.46
3610.08
3687.74
3436.82
3484.52
3705.76
3559.5
3393.92
3289.26
3696.53
3819.46
3474.47
3486.51
3442.19
3543.25
3587.9
3569.03
3807.97
3320.61
3452.64
3521.41
3552.25
3571.73
3531.01
3431.84
3326.75
3634.02
3501.51
3514.4
3408.87
3367.31
3572.96
3633.75
3505.84
3507.93
3557.07
3636.41
3467.18
3542.13
3383.57
3699.64
3626.25
3628.24
3307.82
3754.63
3326.18
3647.33
3317.19
3506.68
3320.87
3641.31
3402.52
3433.87
3580
3553.88
3539.38
3554.44
3474.61
3502.23
3664.5
3312.8
3652.18
3628.5
3335.72
3583.16
3579.94
3364.16
3463.15
3462.48
3583.94
3597.73
3458.38
3383.98
3541.1
3627.38
3435.98
3449.07
3723.5
3584.72
3442.26
3655.39
3577.58
3760.98
3406.21
3426.55
3477.86
3451.87
3514.05
3311.19
3458.08
3794.15
3426.47
3531.86
3715.23
3453.41
3534.46
3499.09
3397.46
3510.73
3434.54
3511.34
3471.13
3599.18
3165.67
3354.78
3616.14
3482.8
3456.88
3437.9
3308.1
3489.2
3573.69
3286.79
3674.93
3552.41
3513.64
3715.17
3295.01
3772.06
3425.56
3623.95
3552.13
3368.37
3442.49
3463.78
3266.15
3517.54
3436.32
3425.6
3641.07
3443.19
3746.76
3846.39
3751.26
3460.64
3675.73
3458.48
3542.12
3589.17
3745.4
3584.64
3569.08
3421.46
3498.57
3515.03
3353.37
3363.36
3253.99
3342.19
3477.62
3606.78
3483.33
3568.51
3509.57
3717.06
3412.61
3434.75
3530.45
3701.28
3465.99
3268.33
3338.36
3361.84
3635.54
3305.41
3483.46
3324.8
3300.1
3491.73
3368.98
3258.28
3417.03
3526.82
3362.84
3355.35
3313.23
3586.31
3492.25
3222.37
3441.63
3439.98
3571.62
3507.84
3655.52
3329.56
3411.53
3451.17
3553.16
3621.42
3278.82
3369.18
3508.62
3577.72
3441.11
3655.26
3701.71
3486.65
3371.3
3498.01
3473.62
3534.4
3468.94
3603.13
3639.21
3300.49
3325.21
3624.16
3528.85
3415.01
3404.12
3362.43
3477.38
3391.67
3489.49
3511.21
3552.04
3556.86
3475.35
3503.38
3450.72
3545.45
3540.41
3451.41
3463.44
3531.08
3713.26
3447.59
3447.44
3433.35
3442.96
3622.06
3399.95
3585.25
3567.51
3560.18
3641.51
3544.7
3294.07
3523.65
3510.78
3416.43
3385.28
3375.51
3621.72
3451.03
3471
3747.03
3488.73
3350.08
3640.34
3414.46
3625.73
3561.94
3460.83
3754.82
3725.82
3443.18
3581.06
3569.01
3620.44
3346.7
3472.34
3831.85
3518.77
3483.71
3335.53
3319.6
3506.24
3550.6
3354.53
3490.74
3615.58
3413.37
3367.01
3621.87
3502.71
3603.92
3600.25
3568.74
3585.03
3371.96
3566.43
3516.55
3567.26
3487.24
3476.92
3622.66
3497.61
3600.92
3696.78
3673.78
3589.39
3576.81
3654.69
3509.93
3549.96
3260.71
3303
3387.21
3311.21
3451
3424.59
3463.65
3542.39
3646.04
3574.19
3461.7
3560.86
3624.49
3456.35
3575.38
3370.91
3473.96
3639.25
3486.76
3399.5
3478.2
3497.12
3620.82
3343.43
3433.78
3718.03
3426.86
3716.02
3569.46
3638.87
3260.11
3266.29
3312.16
3450.5
3386.11
3603.04
3233.25
3499.25
3486.52
3501.03
3346.37
3285.82
3390.52
3449.42
3618.44
3386.04
3494.01
3660.84
3526.79
3485.73
3763.2
3493.21
3512.41
3476.38
3611.13
3612.89
3424.42
3543.24
3355.29
3492.69
3669.28
3305.06
3696.59
3548.76
3481.51
3486.75
3670.63
3520.56
3561.64
3399.79
3336.1
3437.14
3501.96
3431.97
3541.37
3566.83
3272.25
3587.71
3423.14
3703.01
3387.25
3323.1
3507.99
3550.17
3505.83
3605.85
3604.31
3497.84
3389.6
3532.6
3374.93
3172.38
3796.16
3488.99
3533.58
3464.1
3402.19
3676.36
3383.78
3445.36
3453.58
3344.55
3482.62
3593.6
3627.55
3415.09
3320.02
3505.65
3510.42
3298.05
3584.13
3639.03
3624.74
3443.9
3660.45
3598.38
3413.99
3438.97
3638.45
3604.37
3478.99
3665.27
3554.57
3675.32
3531.45
3432.33
3394.12
3522.41
3567.98
3541.83
3540.55
3477.27
3609.65
3256.88
3283.86
3776.91
3560.1
3513.71
3465.65
3505.34
3519.98
3412.9
3376.16
3615.29
3531.04
3444.76
3339.28
3549.92
3481.43
3541.6
3359.3
3643.98
3585.36
3561.94
3613.66
3399.59
3621.33
3498.21
3540.69
3454.34
3636.84
3609.37
3314.69
3455.48
3469.65
3363.65
3445.71
3464.02
3381.48
3592.16
3445.47
3603.85
3670.68
3722.26
3565.74
3335.77
3836.64
3454.63
3611.01
3441.64
3676.68
3449.09
3525.27
3451.99
3275.52
3530.6
3635.1
3218.41
3195.68
3632.79
3359.56
3535.23
3178.88
3284.4
3490.37
3424.82
3536.29
3463.01
3763.01
3725.9
3626.74
3480.66
3567.15
3678.8
3592.64
3433.23
3345.77
3401.49
3351.43
3255.88
3699.06
3370.95
3461.03
3289.53
3667.15
3442.79
3503.8
3624.02
3477.83
3445.97
3602.49
3777.5
3572.98
3359.92
3462.6
3589.28
3483.43
3411.21
3627.69
3244.85
3542.81
3489.99
3378.62
3576.29
3463.77
3198.55
3499.29
3447.1
3452.8
3725.79
3452.49
3666.33
3383.05
3702.69
3756.64
3446.55
3607.86
3402.63
3324.56
3494.25
3331.31
3546.01
3745.86
3549.63
3670.74
3422.46
3585.07
3462.2
3353.86
3520.31
3639.71
3579.03
3483.62
3371.31
3576.47
3673.76
3536.82
3559.77
3553.74
3477.69
3535.46
3616.25
3324.92
3833.92
3599.21
3828.53
3422.7
3444.64
3607.66
3381.81
3398.43
3673.87
3481.96
3483.53
3575.84
3705.24
3419.44
3387.65
3493.51
3671.42
3467.05
3693.04
3465.86
3492.24
3472.64
3449.57
3547.27
3350.25
3502.17
3510.47
3636.64
3257.97
3594.66
3270.63
3717.63
3679.76
3548.76
3581.76
3416.51
3544
3338.06
3564.61
3466.53
3394.7
3401.03
3641.63
3496.43
3418.88
3506.43
3365.76
3453.2
3512.97
3423.95
3516.52
3530.28
3470.58
3341.74
3499.01
3251.25
3582.7
3552.71
3457.38
3482.46
3284.51
3523.98
3494.78
3525.86
3485.09
3482.67
3343.84
3743.44
3658.32
3297.44
3358.36
3407.44
3489.74
3363.7
3512.46
3491.08
3470.62
3399.9
3444.23
3556.33
3552.27
3491.39
3417.47
3486.41
3653.24
3482.96
3462.23
3570.06
3204.13
3487.65
3308.13
3690.07
3737.73
3442.13
3592.6
3413.49
3456.98
3536.03
3569.8
3332.14
3525.9
3619.21
3469.75
3347.84
3630.3
3356.41
3373.78
3503.22
3460.81
3487.42
3293.66
3544.29
3697.5
3608.59
3460.35
3429.73
3252.55
3422.55
3427.4
3599.9
3814.59
3461.02
3666.14
3388.83
3423.76
3361.89
3441.77
3473.4
3534.77
3458.28
3628.09
3526.61
3635.74
3607.64
3442.22
3605.71
3593.84
3305.93
3489.34
3631.98
3570.54
3637.22
3305.43
3339.38
3391.64
3232.71
3315.7
3581.6
3677.58
3416.11
3723.9
3514.96
3456.08
3256.02
3303.52
3357.23
3508.89
3412.05
3605.96
3495.29
3632.46
3400.93
3496.44
3647.54
3599.94
3643.53
3546.72
3354.04
3688.05
3545.61
3717.23
3469.73
3437.05
3587.09
3298.81
3132.64
3525.96
3412.86
3544.02
3540.75
3340.39
3459.88
3408.21
3537.14
3594.33
3307.04
3685.9
3229.97
3454.39
3664.17
3429.13
3489.87
3308.73
3375.83
3663.76
3457.58
3550.97
3626.6
3558.7
3411.64
3220.07
3343.95
3660.27
3701.79
3456.87
3430.63
3419.31
3384.28
3503.59
3578.95
3513.23
3454.08
3391.32
3496.34
3549.48
3669.38
3344.93
3483.96
3332.68
3376.33
3435.29
3306.4
3399.92
3432.98
3446.81
3530.4
3560.97
3634.92
3442.53
3532.87
3483.68
3421.23
3546.51
3781.41
3436.42
3415.48
3336.56
3595.06
3696.07
3622.86
3464.26
3436.86
3790.58
3509.99
3532.57
3732.27
3313.33
3638.99
3729.14
3399.38
3254.81
3232.73
3637.04
3504.8
3385.28
3551.7
3421.77
3443.53
3474.6
3417.42
3662.94
3293.59
3524.53
3500.14
3316.04
3601.94
3389.14
3632.09
3435.18
3729.1
3583.04
3471.68
3465.65
3313.74
3458.33
3403.98
3433.77
3386.82
3531.18
3590.89
3372.78
3889.97
3740.52
3424.78
3643.81
3484.94
3669.21
3525.02
3418.35
3460.57
3432.86
3397.66
3440.6
3456.1
3482.96
3516.23
3542.47
3523.59
3563.46
3503.37
3451.35
3710.96
3432.69
3410.75
3297.04
3413.81
3584.82
3545.08
3410.74
3607.93
3443.27
3598.72
3551.98
3504.31
3586.29
3461
3433.01
3495.85
3535.85
3620.36
3535.45
3724.24
3792.01
3530.21
3527.25
3605.61
3392.07
3358.48
3535.51
3260.85
3438.47
3664.27
3363.21
3347.85
3344.52
3462.3
3547.88
3193.21
3818.2
3322.07
3347.78
3407.18
3342.17
3425.71
3419.45
3545.82
3593.94
3467.26
3613.08
3621.13
3506.6
3444.62
3573.72
3608.86
3732.76
3462.24
3454.85
3465.5
3631.85
3419.16
3696.48
3492.15
3408.28
3626.8
3434.76
3465.21
3421.28
3510.71
3504.25
3352.98
3445.45
3233.09
3502.41
3277.05
3568.07
3497.4
3570.24
3373.15
3553.91
3590.3
3590.35
3661.01
3446.77
3645.8
3475.29
3361.42
3340.74
3395.41
3289.93
3399.99
3468.27
3448.22
3526.91
3597.84
3578.16
3478.23
3595.12
3217.62
3583.74
3152.77
3267.41
3373.8
3206.11
3603.37
3303.98
3546.46
3683.98
3260.62
3575.92
3551.37
3521.05
3334.76
3712.02
3463.76
3591.03
3302.11
3490.89
3555.4
3492.52
3541.73
3494.11
3228.33
3517.95
3430.04
3610.84
3498.15
3397.64
3502.44
3665.22
3623.41
3591.33
3330.3
3629.56
3577.71
3474.21
3427.79
3242.93
3542.92
3661.12
3491.98
3540.68
3489.96
3478.83
3641.37
3597.1
3325.12
3240.98
3622.56
3555.47
3323.57
3576.46
3417.64
3358.42
4051.26
3456.71
3577.6
3545.22
3515.79
3450.06
3452.58
3188.81
3495.29
3558.29
3577.6
3542.63
3561.76
3314.95
3345.18
3572.53
3548.85
3782.44
3469.7
3414.11
3182.41
3352.61
3616.62
3443.76
3549.96
3604.11
3336.21
3483
3672.36
3474.32
3762.13
3507.98
3554.6
3205.77
3467.11
3513.91
3313.76
3411.64
3295.25
3599.62
3709.45
3541.3
3478.24
3583.53
3421.12
3580.46
3468.63
3411.25
3453.93
3340.37
3510.54
3355
3531.87
3524.71
3516.12
3473.11
3452.48
3440.01
3384.14
3434.76
3453.77
3576.87
3435.13
3600.54
3569.78
3410.55
3598.04
3667.91
3549.19
3441.71
3438.11
3626.82
3590.78
3408.36
3481.85
3212.81
3474.21
3618.11
3534.38
3573.58
3431.09
3600.11
3692.85
3483.33
3604.8
3483.66
3588.76
3584.44
3391.95
3518.66
3447.77
3420.57
3493.04
3386.68
3497
3499.11
3739.33
3468.83
3405.78
3402.15
3521.59
3504.73
3401.59
3356.11
3651.85
3482.99
3533.81
3537.1
3492.84
3653.75
3825.68
3491.29
3476.84
3625.09
3486.37
3543.19
3336.27
3429.6
3468.16
3537.37
3436.62
3654.39
3503.14
3797.48
3288.63
3532.84
3585.23
3642.19
3580.98
3524.98
3401.02
3455.56
3305.07
3333.56
3438.29
3335.36
3247.32
3348.55
3640.74
3407.29
3582.28
3715.71
3444.11
3410.98
3527.24
3397.34
3363.28
3597.68
3599.08
3359.77
3518.76
3396.38
3576.8
3504.53
3553.22
3511.87
3365.99
3439.03
3518.82
3504.07
3529.76
3404.61
3553.9
3359.34
3435.46
3382.21
3606.52
3593.61
3390.87
3213.75
3803.51
3325.52
3477.54
3482.22
3375.65
3383
3628.84
3447.79
3474.18
3509.34
3465.2
3596.29
3522.82
3688.92
3353.73
3579.05
3552.71
3467.88
3767.18
3438.78
3519.04
3577.77
3286.16
3446.69
3671.86
3537.84
3286.42
3635.32
3385.19
3479.33
3404.5
3588.18
3519.48
3589.02
3445.06
3488.25
3468.51
3565.68
3372.57
3550.67
3568.31
3421.51
3707.8
3517.88
3483.43
3544.16
3405.69
3655.9
3443.99
3571.18
3536.54
3767.09
3376.67
3490.83
3388.99
3529.17
3567.65
3422.64
3329.67
3612.06
3328.83
3407.23
3519.64
3489.48
3518.87
3435.57
3474.13
3592.43
3511.64
3705.54
3433.04
3533.36
3440.62
3446.59
3719.9
3754.13
3558.26
3275.2
3501.96
3396.39
3534.47
3286.66
3504.69
3500.08
3627.41
3560.68
3556.23
3460.47
3661.1
3753.01
3792.99
3590.71
3374.36
3388.5
3378.92
3304.3
3573.05
3580.14
3482.01
3307.88
3302.7
3678.17
3529.57
3390.99
3633.34
3621.68
3473.36
3479.45
3455.17
3470.06
3423.19
3617.03
3417.83
3498.09
3445.72
3592.15
3606.93
3752.89
3564.72
3231.52
3427.42
3439.85
3630.32
3551.64
3359.05
3371.26
3588.76
3567.45
3356.78
3265.28
3404.97
3510.91
3399.95
3493.84
3443.14
3605.25
3610.55
3603.46
3588.03
3226.06
3312.35
3550.65
3443.76
3538.46
3385.24
3580.17
3613.6
3541.04
3267.35
3350.39
3624.81
3424.64
3411.29
3336.25
3503.09
3702.14
3451.53
3542.23
3714.14
3542.6
3329.92
3479.81
3672.07
3506.39
3492.39
3396.05
3365.11
3483.64
3388.01
3477.77
3429.82
3624.15
3358.58
3482.07
3812.21
3339.75
3484.52
3586.9
3692.05
3336.66
3505
3534.97
3562.48
3445.67
3346.24
3626.45
3382.97
3444.12
3519.91
3474.34
3531.41
3477.55
3671.2
3626.04
3384.99
3593.68
3475.63
3676.89
3556.07
3477.36
3415.06
3443.79
3609.29
3439.62
3501.06
3562.36
3545.08
3697.88
3575.8
3518.29
3514.65
3470.3
3679.56
3398.94
3563.36
3622.36
3383.73
3360.7
3397.23
3440.09
3374.09
3617.38
3609.21
3437.64
3458.68
3398.26
3416.47
3420.75
3696.48
3533.28
3582.15
3484.73
3529.04
3557.08
3377.06
3490.17
3534.36
3704.57
3553.37
3621.83
3531.33
3296.87
3489.09
3374.56
3506.38
3298.84
3234.38
3665.64
3759.95
3461.24
3809.01
3369.65
3549.76
3684.3
3578.11
3654.92
3638.09
3443.17
3370.75
3561.22
3475.49
3585.92
3445.52
3703.53
3585.34
3414.66
3466.12
3590.95
3602.1
3352.75
3460.25
3564.33
3590.45
3455.14
3511.4
3639.46
3474.18
3687.23
3402.56
3453.36
3635.09
3483.57
3397.9
3653.12
3398.57
3501.84
3608.88
3434.38
3596.97
3675.15
3517.83
3461.47
3340.89
3436.76
3367.33
3605.92
3591.66
3654.04
3421.07
3417.58
3429.93
3673.43
3535.73
3560.73
3543.69
3423.48
3550.05
3654.36
3485.73
3441.43
3390.12
3488.91
3443.95
3359.52
3348.04
3446.23
3571.55
3649.23
3446.48
3583.25
3475.84
3512.65
3536.96
3462.36
3454.97
3602.7
3446.69
3546.66
3492.19
3548.2
3533.77
3446.84
3593.82
3522.88
3681.79
3405.78
3572.89
3401.26
3367.45
3444.95
3430.5
3506.72
3523.25
3456.43
3337.44
3744.77
3453.59
3760.9
3341.75
3404.99
3520.68
3445.39
3417.19
3246.92
3399.06
3545.23
3396.68
3492.72
3639.13
3540.21
3237.59
3401.37
3322.23
3682.77
3268.5
3505.65
3429.72
3552.89
3402.03
3572.54
3597
3471.87
3507.41
3134.01
3420.85
3603.91
3524.97
3690.98
3574.07
3676.82
3450.42
3375.21
3530.97
3464.6
3687.82
3739.52
3466.88
3416.57
3543.78
3318.42
3298.13
3442.8
3418.06
3415.55
3497.22
3470.19
3370.76
3524.72
3505.28
3494.14
3547.48
3440.97
3299.15
3314.26
3761.51
3506.37
3749.37
3691.51
3422.75
3340.12
3708.17
3720.2
3557.15
3591.9
3449.49
3631.97
3640.54
3598.86
3407.91
3470.91
3475.83
3538.79
3381.41
3525.61
3510.97
3335.42
3509.78
3525.91
3434.06
3441.1
3566.39
3714.43
3374.65
3482.5
3433.77
3373.73
3437.59
3520.51
3516.35
3414.52
3523.33
3470.56
3694.58
3353.49
3443.65
3594.16
3668.19
3614.13
3550.25
3561.51
3474.91
3630.79
3558.65
3487.01
3265.45
3163.42
3567.97
3382.82
3730.51
3574.46
3531.41
3666.73
3374.61
3544.82
3570.35
3523.99
3658.69
3411.65
3441.61
3429.28
3360.02
3419
3634.32
3527.9
3477.21
3765.18
3429.35
3581.67
3388.89
3347.23
3334.38
3523.64
3517.58
3401.34
3559.21
3371.43
3423.88
3542.64
3411.63
3430.45
3391.15
3566.07
3462.76
3590.42
3610.6
3426.09
3381.59
3525.61
3424.16
3460.36
3695.3
3620.12
3559.71
3207.48
3366.56
3454.79
3470.31
3489.31
3524.68
3402.24
3284.11
3516.44
3524.01
3652.77
3377.5
3289.27
3553.45
3637.01
3487.97
3697.03
3600.82
3434.56
3368.11
3729.5
3330.2
3517.19
3455.87
3541.43
3668.6
3412.81
3652.42
3582.36
3466.61
3381.91
3460.03
3558.88
3372.4
3590.03
3660.26
3555.33
3631.78
3571.54
3490.69
3603.23
3389.1
3461.23
3465.78
3316.31
3676.97
3556.25
3501.83
3339.15
3359.57
3646.74
3368.76
3492.56
3585.92
3856.02
3403.16
3407.95
3564.2
3581.82
3575.52
3418.88
3636.84
3330.74
3843.72
3501.31
3592.32
3544.53
3346.22
3392.75
3422.01
3497.67
3361.63
3158.37
3386.27
3565.17
3283.51
3429.54
3517.93
3477.25
3277.51
3466.79
3369.21
3415.5
3347.24
3601.67
3467.45
3284.68
3420.26
3370.92
3467.99
3441.72
3338.31
3658.25
3390.64
3453.38
3333.68
3507.49
3480.83
3579.29
3510.12
3387.01
3329.56
3518.96
3265.82
3423.08
3628.98
3459.46
3589.86
3551.66
3604.14
3710.2
3555.88
3493.94
3428.09
3352
3331.38
3419.02
3424.39
3537.71
3438.47
3456.07
3509.06
3398.21
3951.76
3601.69
3644.02
3425.21
3282.3
3488.21
3485.58
3381.33
3420.5
3406.96
3613.7
3594.05
3502.92
3531.64
3581.28
3457.53
3531.73
3470.75
3654.18
3441.17
3573.51
3703.69
3632.53
3658.67
3382.82
3532.72
3536.65
3509.9
3403.03
3296.33
3655.93
3601.56
3391.03
3414.11
3408.85
3614.82
3503.29
3448.27
3413.17
3284.83
3521.19
3631.64
3502.37
3304.97
3498.21
3689.53
3362.46
3419.74
3450.81
3503.97
3604.07
3617.13
3622.44
3426.31
3441.08
3563.14
3622.34
3513.4
3410.96
3552.31
3623.26
3438.07
3448.43
3484.96
3351.98
3484.53
3588.87
3454.5
3404.84
3333.39
3321.41
3561.75
3460.64
3387.32
3315.01
3579.63
3583.34
3494.93
3454.45
3430.67
3572.15
3493.04
3551.47
3645.41
3599.69
3463.14
3477.62
3577.96
3317.34
3447.43
3682.22
3299.84
3538.83
3309.04
3452.51
3536.7
3376.52
3623.68
3316.26
3356.93
3703.37
3494.64
3362.49
3491.14
3625.09
3421.61
3596.69
3391.37
3617.6
3635.69
3529.48
3611.23
3464.98
3446.68
3596.07
3589.97
3465.78
3398.81
3387.85
3404.51
3538.52
3509.7
3737.62
3368.71
3455.49
3413.56
3566.09
3533.53
3473.65
3529.46
3713.75
3547.35
3662.2
3566.98
3593.19
3480.32
3332.24
3485.23
3464.68
3467.58
3510.08
3336.81
3469.11
3560.95
3398.3
3543.27
3626.63
3570.89
3457.4
3192.03
3460.38
3411.34
3554.17
3607.25
3199.54
3320.62
3805.21
3529.99
3599.94
3428.04
3407.73
3571.46
3624.33
3479.9
3481.17
3523.38
3536.87
3576.9
3573.25
3218.07
3279.14
3515.96
3660.23
3565.57
3635.59
3801.59
3467.55
3672.92
3524.37
3482.91
3628.83
3653.84
3516.65
3474.18
3641.33
3590.21
3452.44
3385.11
3655.29
3368.73
3464.28
3597.92
3391.94
3669
3447.36
3589.12
3132.81
3401.63
3519.74
3329.61
3424.65
3457.27
3368.67
3506.09
3330.55
3477.73
3478.83
3713.69
3629.86
3431.37
3375.08
3470.31
3495.78
3299.21
3664.68
3614.82
3494.26
3520.2
3501
3387.09
3595.38
3480.85
3304.76
3811.36
3598.63
3558.39
3530.09
3514.52
3724.55
3382.39
3623.5
3508.11
3362.08
3781.69
3569.2
3596.21
3313.86
3337.36
3720.74
3620.1
3382.35
3579.03
3367.71
3624.42
3554.98
3547.13
3692.76
3391.42
3386.38
3480.43
3417.73
3476.6
3648.44
3408.21
3337.22
3491.09
3330.96
3449.88
3528.31
3607.26
3491.52
3420.02
3670.96
3351.67
3529.31
3365.53
3426.16
3524.05
3697.54
3500.8
3399.17
3518.48
3536.89
3610.95
3524.24
3503.22
3382.09
3544.04
3457.53
3589.17
3467.33
3650.65
3398.2
3642.05
3564.45
3300.48
3700.49
3380.03
3660.35
3540.87
3409.84
3513.2
3579.26
3583.93
3425.2
3443.74
3450.06
3627.58
3313.11
3521.3
3561.48
3490.45
3293.2
3254.72
3517.47
3493.9
3694.38
3234.82
3670.19
3475.39
3454.71
3560.78
3524.34
3643.46
3301.8
3425.73
3510.23
3393.48
3554.91
3418.38
3481.23
3542.49
3606.8
3371.8
3515.3
3282.32
3469.02
3364.83
3735.88
3521.32
3334.23
3305.85
3376.06
3426.08
3618.17
3531.21
3534.51
3443.73
3377.38
3669
3750.1
3658.87
3520.39
3291.12
3338.45
3319.19
3616.77
3431.85
3532.52
3484.45
3503.79
3395.38
3511.48
3390.03
3601.58
3526.92
3522.52
3323.52
3624.87
3502.2
3364.93
3588.76
3440.62
3624.2
3637.38
3318.66
3399.76
3595.03
3411.62
3483.87
3670.15
3392.82
3563.13
3584.13
3516.54
3499
3446.99
3521.6
3515.21
3540.36
3435.38
3171.2
3516.73
3515.77
3370.06
3292.57
3477.26
3490.6
3583.36
3434.54
3381.39
3435.03
3486.99
3585.03
3611.02
3501.12
3494.86
3521.73
3298.2
3423.25
3365.9
3574.07
3364.78
3550.5
3579.24
3384.22
3544.44
3540.71
3351.37
3566.55
3422.5
3454.39
3427.29
3357.32
3671.91
3528.07
3424.5
3594.08
3463.55
3515.42
3579.34
3488.9
3368.25
3444.25
3402.43
3774.37
3446.95
3615.32
3314.47
3720.04
3512.19
3584.41
3540.57
3472.44
3416.78
3446.7
3438.37
3423.45
3248.82
3308.98
3589.92
3509.76
3494.84
3497.69
3566.16
3496.06
3484.14
3585.44
3404.9
3404.87
3419.6
3463.77
3585.57
3414.07
3546.37
3578.04
3539.33
3676.68
3411.96
3462.36
3646.66
3733.4
3542.19
3439.48
3437.41
3333.46
3620.27
3716.84
3465.89
3697.68
3388.73
3433.2
3635.62
3550.48
3569.78
3444.39
3523.03
3496.87
3427.01
3392.07
3553.05
3597.97
3408.31
3409.27
3480.83
3591.77
3413.54
3671.48
3409.38
3694.08
3192.22
3514.93
3458.59
3464.89
3474.38
3423.42
3235.22
3384.97
3328.24
3530.27
3598.64
3512.66
3448.56
3534.7
3644.26
3239.44
3346.9
3452.45
3405.92
3589.72
3345.41
3611.35
3567.19
3491.29
3408.82
3432.15
3642.69
3552.41
3350.47
3585.73
3687
3475.34
3622.23
3368.01
3554.25
3542.64
3216.9
3390.79
3424.13
3328.4
3560.76
3747.26
3353.75
3487.75
3398.82
3618.76
3494.54
3699.17
3437.63
3559.72
3196.62
3523.28
3684.26
3369.43
3397.58
3469.93
3610.27
3719.83
3641.42
3540.29
3366.53
3730.41
3508.09
3553.89
3605.15
3450.52
3524.33
3523.88
3486.34
3269.25
3442.68
3646.75
3355.14
3558.86
3528.69
3674.83
3451.95
3705.24
3294.34
3552.39
3583.11
3600.38
3485.6
3579.44
3609.64
3367.03
3535.58
3572.82
3599.75
3408.82
3314.54
3525.56
3347.53
3640.83
3556.42
3532.16
3639.38
3534.54
3429.59
3478.75
3626.26
3594.61
3456.9
3469.06
3464.74
3448.02
3539.76
3514.85
3477.63
3427.08
3716.61
3506.79
3385.86
3369.18
3411.05
3539.02
3468.63
3336.39
3287.48
3307.36
3774.5
3441.86
3455.42
3393
3435.06
3522.3
3630.28
3433.74
3635.3
3523.77
3641.68
3542.31
3472.26
3440.22
3329.84
3625.48
3576.32
3290.38
3508.9
3637.1
3621.99
3667.58
3433.03
3612.27
3446.6
3506.73
3401.94
3206.37
3679.29
3638.37
3455.1
3401.45
3526.44
3431.26
3632.25
3543.53
3218.97
3355.11
3474.56
3357.29
3487.88
3233.16
3376.89
3397.54
3458.34
3420.45
3666.22
3345.71
3491.27
3360.62
3718.92
3395.9
3331.75
3299.29
3499.8
3689.42
3575.81
3339.34
3393.83
3579.01
3639.46
3690.75
3785.82
3397.54
3428.57
3654.97
3553.99
3576.14
3592.64
3567.17
3550.19
3586.07
3588.64
3450.1
3621.24
3369.73
3585.59
3332.16
3464.35
3550.36
3453.91
3344.5
3460.07
3432.86
3413.84
3451.65
3375.42
3275.97
3547.94
3395.94
3299.1
3424.83
3444.94
3319.11
3392.91
3531.51
3701.32
3511.53
3431.9
3546.8
3364.46
3287.53
3461.65
3451.28
3653.4
3759.43
3458.53
3661.96
3483.09
3368.26
3380.51
3655.78
3459.83
3333.69
3664.93
3607.33
3642.73
3718.79
3580.68
3387.52
3378.31
3403.29
3465.57
3522.56
3477.04
3590.27
3362.38
3517.35
3483.86
3429.65
3449.98
3457.71
3690.55
3340.88
3317.59
3541.88
3225.28
3572.62
3461.69
3518.85
3309.07
3619.09
3432.65
3470.11
3380.09
3607.24
3289.42
3310.76
3451.38
3374.73
3499.41
3266.98
3529.78
3489.2
3526.18
3657.2
3486.5
3515.42
3576.51
3367.11
3415.02
3331.43
3507.23
3680.14
3357.31
3513.97
3458.04
3549.37
3409.47
3546.8
3258.1
3573.63
3498.6
3561.23
3354.78
3487.95
3482.28
3365.69
3452.85
3339.62
3416.78
3566.66
3423.07
3734.38
3514.84
3380.04
3598.25
3514.74
3642.87
3424.56
3661.14
3354.08
3509.82
3350.57
3208.02
3420.11
3527.41
3569.85
3507.13
3483.81
3419.28
3416.33
3510.52
3634.93
3419.51
3585.39
3246.17
3534.98
3459.31
3632.94
3358.6
3647.66
3453.52
3346.01
3737.3
3627.93
3453.53
3309.89
3414.64
3537.3
3865.38
3643.8
3563.5
3464.17
3755.04
3483.51
3496.81
3488.08
3452.29
3629.44
3444.11
3443.23
3389.66
3540.57
3527.03
3621.55
3612.28
3333.76
3639.91
3247.15
3535.38
3482.5
3410.97
3379.84
3364.15
3384.08
3561.63
3510.91
3458.35
3361.38
3530.37
3490.31
3676.43
3454.51
3582.72
3657.83
3721.16
3393.77
3555.13
3472.03
3321.13
3392.23
3434.77
3432.72
3440.18
3351.3
3589.51
3472.48
3508.22
3249.27
3402.72
3424.53
3466.9
3459.71
3346.96
3380.54
3191.95
3321.87
3393.09
3344.42
3382.3
3710.91
3472.72
3416.41
3381.69
3544.54
3476.19
3674.33
3433.4
3836.39
3382.27
3563.25
3172.5
3409.23
3625.3
3375.38
3405.7
3598.61
3450.51
3523.64
3373.63
3718.72
3542.65
3430.86
3467.12
3355.14
3510.89
3770.4
3466.12
3349.71
3288.9
3529.63
3571.36
3524.09
3335.71
3561.31
3442.67
3522.55
3391.79
3461.98
3459.1
3397.07
3176.44
3353.05
3491.18
3661.9
3467.84
3395.79
3583.24
3423.54
3427.7
3337.58
3476.73
3379.07
3649.8
3600.41
3611.9
3502.09
3754.07
3472.94
3562.4
3481.02
3521.19
3577.61
3446.38
3529.25
3704.24
3386.65
3368.62
3670.99
3672.84
3530.58
3323.8
3218.7
3300.22
3614.99
3456.24
3621
3686.13
3529.59
3379.46
3687.71
3423.07
3444.11
3536.56
3582.29
3486.94
3405.98
3628.72
3605.21
3253.55
3461.19
3362.07
3486.87
3467.15
3317.49
3726.89
3532.19
3216.89
3433.47
3584.01
3442.08
3575.1
3659.88
3477.33
3371.47
3326.94
3530.69
3545.83
3737.2
3487.08
3358.29
3562.73
3505.59
3469.61
3738.17
3552.85
3313.37
3506
3420.61
3471.24
3424.85
3452.75
3516.71
3738.76
3472.18
3539.04
3558.58
3433.06
3651.35
3334.95
3566.28
3426.76
3528.68
3388.27
3380.48
3410.21
3665.53
3535.94
3748.95
3540.8
3475.23
3572.73
3321.45
3620.2
3553.88
3372.1
3737.53
3429.16
3476.59
3304.43
3398.53
3486.38
3539.8
3751.41
3451.99
3495.85
3463.32
3536.92
3449.87
3504.19
3327.55
3689.79
3439.75
3460.88
3475.51
3638.56
3557.19
3185.34
3456.9
3300.73
3379.47
3678.4
3614.11
3345.92
3666.74
3573.41
3487.28
3374.71
3582.32
3417.53
3291.87
3413.84
3271.26
3322.99
3278.96
3575.82
3523.86
3553.72
3390.97
3535.15
3401.71
3602.44
3519.33
3326.46
3482.47
3503.49
3507.1
3595
3679.15
3705.88
3447.6
3327.45
3470.55
3325.65
3477.63
3502.7
3247.74
3297.27
3584.87
3538.72
3528.9
3552.08
3585.14
3436.51
3411.61
3253.93
3510.6
3473.54
3472.82
3403.18
3403.15
3674.44
3654.02
3454.79
3534.33
3473.58
3559.09
3448
3478.89
3721.68
3572.98
3564.19
3475.95
3404.75
3487.85
3497.9
3256.6
3460.36
3327.14
3528.23
3473.91
3755.64
3360.46
3430.96
3688.13
3496.2
3415.81
3411.81
3649.27
3415.16
3428.91
3207.12
3585.22
3675.06
3313.94
3591.61
3316.52
3356.23
3273.88
3345.65
3427.51
3163.25
3558.44
3370.41
3536.61
3499.27
3474.94
3371.38
3420.83
3481.93
3477.71
3424.8
3478.68
3647.81
3317.59
3341.73
3360.8
3369.45
3456.98
3460.33
3515.72
3478.22
3612.42
3524.81
3459.61
3577.33
3426.59
3611.82
3411.71
3569.62
3510.83
3662.44
3543.5
3485.78
3354.5
3424.1
3450.66
3257.86
3578.85
3635.56
3520.26
3449.35
3404.9
3645.28
3490.3
3462.75
3302.28
3559.71
3412.6
3595.53
3619.98
3379.89
3489.9
3453.29
3554.6
3548.81
3600.99
3758.16
3577.22
3659.09
3558.67
3518.9
3333.96
3323.09
3526.65
3386.77
3577.06
3493.84
3363.2
3639.45
3553.52
3389.64
3450.08
3627.96
3536.61
3580.28
3315.16
3381.33
3654.97
3659.38
3326.86
3339.78
3293.02
3499.85
3421.7
3532.82
3724.95
3317.04
3590.12
3372.65
3336.43
3411.57
3262.62
3622.76
3236.49
3541.89
3632.42
3629.95
3353.11
3447.84
3685.2
3625.43
3595.01
3386.39
3670.84
3507.77
3677.85
3579.42
3399.11
3453.81
3492.81
3528.63
3657.54
3573.34
3517.79
3488.23
3350.27
3484.72
3488.01
3609.25
3483.13
3410.98
3351.28
3482.69
3710.5
3380.9
3502.52
3429.8
3682.29
3474.51
3371.14
3390.27
3455.47
3506
3537.71
3407.08
3535.25
3702.16
3477.96
3589.43
3441.84
3475.29
3648.31
3499.54
3306.92
3310.78
3581.52
3456.78
3516.58
3511.86
3486.76
3624.56
3561.09
3422.35
3436.37
3729.85
3163.88
3691.59
3387.5
3304.14
3363.58
3538.78
3474.59
3545.11
3593.7
3909.74
3474.72
3426.21
3482.74
3433.16
3564.7
3483.17
3536.41
3490.71
3415.24
3251.67
3453.96
3543.84
3462.23
3646.39
3330.16
3372.82
3251.71
3451.04
3455.51
3475.41
3210.48
3467.75
3618.89
3427.5
3610.66
3601.57
3776.88
3511.35
3391.93
3593.92
3536.31
3632.72
3533.19
3521.84
3366.13
3710.38
3659.4
3775.38
3558.96
3596.78
3397.86
3374.91
3285.99
3586.07
3603.29
3534.56
3305.95
3630.73
3445.65
3268.48
3533.79
3548
3594.16
3644.48
3392.91
3597.4
3585.18
3606.79
3457.41
3319.95
3556.54
3279.2
3476.55
3635.87
3498.69
3666.11
3570.64
3468.93
3292.64
3390.72
3644.84
3638.2
3495.2
3604.96
3518.4
3549.34
3418.41
3530.46
3382.64
3554.29
3439.03
3652.83
3646.15
3539.88
3461.5
3588.99
3439.2
3490.86
3366.91
3360.96
3587.33
3630.96
3501.54
3604.36
3476.51
3602.82
3478.66
3292.77
3196.29
3519.49
3457.06
3644.37
3641.52
3467.88
3488.75
3646.59
3365.61
3521.15
3585.68
3442.38
3509.72
3560.72
3321.38
3559.61
3423.59
3526.33
3512.66
3588.04
3531.4
3614.25
3474.93
3435.4
3551.97
3687.98
3580.29
3581.66
3453.04
3605.37
3252.79
3456.2
3558.43
3437.62
3627.73
3457.81
3281.63
3476.18
3517.95
3471.15
3487.26
3589.77
3375.47
3624.14
3505.98
3304.15
3461.44
3295.87
3582.13
3678.2
3618.65
3341.52
3330.5
3567.95
3533.26
3435.69
3429.08
3264.09
3505.93
3411.08
3330.94
3546.45
3440.59
3639.67
3414.31
3427.29
3548.18
3512.33
3313.25
3499.79
3584.26
3429.39
3653.05
3473.67
3570.01
3377.26
3419.64
3317.33
3543.47
3545.59
3308.15
3532.98
3683.62
3474.97
3378.76
3231.7
3423
3397.42
3387.43
3280.2
3592.52
3617.61
3642.74
3392.88
3671.68
3360.57
3364.35
3199.72
3380.45
3598.96
3599.54
3473.8
3462.45
3387.36
3592.57
3491.75
3424.07
3509.66
3584.19
3457.61
3520.88
3637.74
3514.72
3603.3
3489.22
3556.19
3534.87
3560.07
3636.67
3547.38
3467.88
3493.79
3355.2
3509.58
3411.76
3421.95
3429.29
3508.31
3606.2
3409.32
3501.27
3434.59
3323.37
3416.61
3427.19
3534.55
3652.67
3427.02
3430.81
3513.23
3387.84
3571.13
3211.34
3822.52
3196.12
3373.35
3461.43
3311.64
3477.21
3712.83
3441.51
3405.69
3664.48
3490.68
3626.44
3594.37
3278.79
3429.36
3573.32
3510.41
3315.24
3432.94
3302.69
3267.09
3425.85
3380.89
3566.78
3476.86
3600.47
3523.59
3408.23
3395.53
3566.4
3492.3
3561.02
3519.24
3451.82
3494.82
3278.86
3497.01
3363.17
3577.54
3258.64
3710.09
3527.73
3482.41
3579.48
3487.65
3286.04
3556.16
3406.29
3473.36
3548.36
3414.53
3506.84
3485.9
3436.3
3253.68
3509.63
3611.99
3446.86
3585.6
3500.39
3691.52
3625.11
3730.49
3204.38
3426.37
3383.46
3480
3578.34
3447.65
3371.44
3372.96
3511.36
3282.28
3383.09
3421.51
3417.96
3502.28
3431.91
3453.31
3493.63
3646.51
3505.91
3516.68
3586.41
3573.46
3395.47
3489.52
3460.06
3462.41
3414.6
3426.34
3375.27
3449.95
3390.12
3665.44
3434.27
3675.51
3408.79
3361.94
3311.66
3429.13
3484.48
3711.59
3469.27
3516.46
3640.37
3753.24
3495.08
3328.66
3639.85
3458.58
3447.45
3678.68
3480.97
3300.89
3427.75
3270.61
3524.17
3470.16
3313.44
3690.68
3224.8
3439.28
3532.25
3647.15
3492.02
3490.82
3495.16
3469.57
3534.4
3446.8
3570.25
3521.07
3564.15
3458.73
3358.95
3644.16
3532.71
3542.16
3328.12
3544.95
3552.89
3468.5
3358.76
3474.77
3369.48
3764.79
3672.1
3524.61
3387.27
3390.63
3485.18
3417.59
3224.35
3419.42
3410.95
3384.29
3582.06
3618.33
3547.2
3397.96
3584
3593.87
3371.26
3538.35
3413.12
3497.43
3519.66
3302.73
3613.9
3548.01
3450.21
3497.42
3490.06
3579.25
3696.83
3637.91
3511.56
3583.16
3451.93
3584.04
3627.62
3729.48
3333.82
3439.16
3594.53
3375.01
3546.06
3282.3
3495.63
3522.46
3458.55
3371.74
3574.17
3684.83
3565.56
3420.86
3509.39
3472.8
3424.53
3549.34
3635.73
3236.52
3371.04
3523.76
3236.33
3332.91
3688.16
3515.86
3370.02
3621.07
3484.01
3356.4
3782.53
3661.14
3434.62
3375.78
3457.42
3372.57
3477.45
3420.99
3409.71
3587.9
3691.41
3411.37
3628.09
3458.73
3671.39
3292.13
3666.22
3551.46
3580.48
3473.28
3774.23
3444.24
3459.22
3641.98
3617.18
3116.41
3571.89
3713.06
3673.26
3365.03
3428.8
3513.19
3453.76
3481.44
3630.37
3432.17
3463
3517.58
3471.1
3475.84
3508.73
3696
3409.78
3511.36
3314.49
3579.54
3675.59
3491.43
3477.44
3620.2
3497.62
3587.26
3219.68
3352.16
3773.56
3517.3
3488.29
3732.51
3474.23
3675.07
3549.82
3424.31
3475.88
3355.47
3453.31
3441.95
3508.48
3592.59
3347.43
3380.76
3315.46
3680.63
3558.46
3467.46
3298.83
3515.8
3557.59
3434.21
3663.36
3372.2
3555.5
3457.84
3346.96
3342.24
3330.97
3418.27
3381.11
3543.76
3468.74
3538.16
3456.44
3765.52
3350.48
3618.91
3366.55
3453.41
3444.96
3286.66
3508.65
3346.55
3272.59
3411.29
3418.11
3639.79
3665.41
3620.14
3478.32
3317.14
3403
3475.55
3580.37
3340.81
3546.07
3542.33
3479.1
3563.05
3223.79
3307.49
3461.47
3391.42
3451.01
3604.38
3673.15
3541.57
3552.19
3532.87
3351.92
3644.76
3491.36
3712.59
3489.75
3556.88
3550.08
3526.14
3508.32
3476.76
3405.82
3459
3600.64
3663.82
3371.04
3771.99
3306.92
3322.27
3394.09
3493.94
3517.59
3451.9
3596.84
3363.05
3652.65
3301.48
3344.52
3468.51
3569.97
3505.09
3402.19
3413.93
3656.42
3503.69
3429.63
3572.65
3456.08
3495.96
3575.57
3614.51
3521.74
3588.89
3618.47
3437.4
3668.71
3633.83
3799.95
3326.99
3488.38
3593.14
3478.69
3528.25
3606.36
3537.58
3528.74
3443.86
3301.78
3410.86
3549.93
3724.31
3505.33
3673.69
3442.46
3466.02
3303.97
3396.1
3575.63
3356.53
3769.97
3344.35
3503
3624.73
3516.62
3371.08
3665.51
3406.35
3459.09
3611.33
3513.19
3467.78
3555.44
3402.7
3633.23
3466.04
3460
3633.95
3686.23
3516.33
3497.9
3570.17
3642.81
3420.41
3380.12
3509.9
3535.48
3582.28
3389.89
3694.25
3583.61
3339.63
3699.23
3624.07
3350.57
3523.14
3473.03
3480.35
3503.68
3698.81
3608.36
3485.39
3631.26
3343.66
3530.99
3607.62
3304.08
3509.79
3694.63
3626.65
3538.9
3405.63
3552.95
3425.91
3486.67
3558.35
3708.16
3514.76
3622.43
3597.89
3532.78
3375.64
3557.65
3512.49
3674.95
3624.57
3574.18
3611.67
3554.79
3388.88
3486.12
3517
3550.39
3243.3
3553.28
3763.2
3417.07
3243.24
3865.26
3330.78
3488.07
3420.77
3414.03
3477.07
3448.92
3722.6
3688.75
3427.28
3418.39
3471
3593.61
3460.05
3559.8
3457.5
3360.11
3178.89
3351.9
3509.63
3725.72
3455.46
3519.8
3216.88
3355.5
3637.77
3566.23
3394.36
3524.59
3471.81
3617.37
3409.73
3355.18
3326.64
3476.51
3603.46
3297.51
3513.55
3614.72
3729.75
3586.33
3851.48
3666.77
3353.95
3360.62
3552.68
3437.99
3412.65
3241.29
3705.56
3438.52
3196.21
3468.4
3566.2
3572.44
3537.88
3412.61
3535.95
3369.61
3325.72
3246.58
3562.76
3677.37
3505.98
3628.48
3664.13
3585.35
3590.59
3598.32
3577.72
3370.79
3483.16
3455.91
3515.26
3479.17
3393.67
3675.22
3351.58
3609.56
3984.76
3497.33
3513.33
3654.01
3513.95
3426.22
3471.01
3388.16
3523.49
3476.37
3837.87
3713.08
3190.9
3541.52
3480.92
3315.57
3523.62
3398.59
3474.89
3747.07
3519.76
3429.99
3548.54
3378.01
3362.09
3372.72
3419.62
3596.18
3468.62
3492.36
3663.46
3775.65
3289.03
3327.5
3441.14
3688.54
3451.59
3452.13
3277.86
3464.58
3354.23
3499.33
3662.46
3327.84
3481.62
3475.92
3578.1
3420.85
3510.96
3735.79
3604.46
3344.31
3224.67
3531.51
3393.03
3374.62
3570.05
3466.93
3512.36
3301.02
3562.94
3590.65
3331
3662.07
3471.18
3519.51
3532.11
3441.39
3418.3
3299.31
3424.97
3610.4
3652.58
3467.21
3501.08
3450.89
3451.73
3568.43
3706.68
3549
3541.85
3495
3419.77
3404.25
3486.12
3535.86
3430.39
3375.24
3406.82
3598.68
3543.44
3567.42
3476.6
3416.09
3428.66
3486.09
3425.32
3404.98
3452.12
3477.21
3430.34
3575.22
3318.85
3625.26
3464.32
3498.29
3607.63
3490.6
3468.83
3379.09
3539.78
3547.84
3287.58
3406.72
3466.77
3516.39
3207.68
3491.12
3498.2
3607.16
3435.76
3404
3384.19
3399.77
3615.15
3491.72
3610.81
3809.5
3602.36
3529.27
3427.8
3551.61
3459.97
3375.44
3506.91
3400.58
3594.59
3421.39
3403.93
3621.73
3247.74
3375.85
3361.86
3430.42
3476.38
3369.01
3178.35
3409.76
3270.71
3469.23
3363.12
3556.56
3581.04
3459.37
3343.74
3494.46
3412.12
3370.62
3499.74
3549.41
3457.53
3392.55
3498.02
3651.07
3266.89
3430.5
3521.3
3510.48
3404.09
3383.69
3752.92
3555.15
3596.04
3477.18
3420.6
3366.74
3550.08
3258.18
3427.58
3508.69
3425.97
3661.06
3342.6
3560.42
3442.12
3459.14
3694.42
3323.82
3398.01
3427.28
3604.98
3425.62
3480.96
3437.52
3360.14
3518.65
3330.78
3730.65
3428.99
3595.73
3738.29
3688.43
3575.1
3548.58
3571.38
3402.81
3546.9
3447.7
3514.03
3630.61
3511.71
3557.86
3403.04
3315.33
3603.45
3424.79
3418.06
3638.08
3579.56
3512.62
3636.14
3700.15
3385.25
3384.7
3469.95
3549.78
3348.2
3622.08
3651.99
3644.08
3427.41
3486.45
3378.09
3452.84
3406.01
3327.12
3527.76
3519.46
3581.49
3405.35
3641.37
3379.14
3374.54
3603.11
3713.37
3676.42
3270.38
3561.09
3457.04
3372.45
3578.35
3440.6
3447.37
3424.88
3455.62
3377.61
3605.21
3512.39
3626.71
3610.69
3557.75
3627.75
3673.78
3610.71
3443.87
3431.92
3569.89
3839.36
3454.73
3421.73
3697.98
3438.23
3680.96
3285.71
3528.19
3530.54
3553.07
3531.45
3534.63
3423.17
3518.01
3600.51
3550.23
3593.48
3674.99
3228.65
3436.65
3544.8
3569.5
3257.9
3405.23
3482.51
3422.53
3209.69
3497.93
3636.99
3683.98
3561.24
3680.69
3473.23
3599.89
3345.07
3398.79
3315.33
3460.32
3394.69
3411.59
3266.56
3456.74
3556.55
3425.34
3449.25
3466.77
3478.72
3504.62
3776.03
3467.87
3390.64
3373.57
3456.18
3397.47
3668.65
3491.56
3623.34
3314.45
3566.62
3295.36
3289.47
3390.35
3419.64
3418.9
3461.19
3511.1
3528.94
3248.78
3408.65
3367.42
3586.01
3551.17
3615.13
3535.92
3432.45
3321.06
3564.98
3494.59
3470.44
3709.29
3266.6
3437.79
3527.88
3479.34
3481.37
3324.51
3521.93
3389.43
3623.04
3375.48
3402.68
3452.39
3450.17
3676.8
3427.35
3458.18
3493.99
3490.48
3422.2
3707.57
3521.23
3366.6
3330.05
3585.35
3547.85
3417.54
3449.2
3426.35
3743.36
3719.42
3613.16
3601.99
3491.46
3296.4
3390.57
3238.12
3514.62
3453.39
3385.98
3619.78
3472.45
3542.77
3426.69
3603.02
3528.89
3630.03
3571.91
3411.14
3674.37
3535.36
3205.43
3404.88
3697.75
3734.56
3411.76
3390.22
3585.41
3618.03
3455.82
3628.36
3451.24
3455.46
3453.15
3417.16
3690.21
3565.63
3266.85
3604.21
3518.82
3560.1
3607.31
3421.93
3269.9
3688.02
3429.36
3675.75
3270.37
3461.25
3477.98
3745.61
3609.25
3559.98
3408.08
3579.68
3568.99
3549.7
3309.76
3633.29
3664.95
3697
3716.74
3603.12
3543.12
3531.52
3568.55
3157.11
3360.28
3467.47
3652.33
3235.99
3513.79
3477.11
3347.38
3569.28
3530.75
3609.21
3345.7
3474.51
3224.01
3447.25
3503.8
3549.47
3436.31
3480.48
3584.78
3559.44
3367.47
3615.55
3590.5
3617.91
3405.67
3565.65
3424.98
3508.47
3219.01
3541.32
3393.35
3539.53
3523.82
3429.57
3622.78
3474.47
3357.55
3374.9
3294.21
3697.54
3269.9
3468.33
3587.05
3365.11
3479.18
3383.18
3447.05
3243.05
3681
3491.81
3613.61
3450.1
3549.81
3490.22
3588.02
3396.58
3521.16
3444.03
3234.86
3431.05
3701.94
3580.47
3381.17
3480.4
3467.7
3535.11
3282.2
3424.5
3451.6
3404.8
3407.61
3475.75
3510.24
3332.77
3777.3
3435.49
3399.19
3583.74
3652.71
3448.14
3425.88
3452.47
3406.67
3365.34
3472.4
3715.82
3480.26
3428.88
3648.33
3547.43
3387.67
3325.47
3559.59
3414.7
3515.21
3486.21
3703.77
3426.91
3399.23
3561.9
3350.8
3287.61
3523.81
3294.12
3416.81
3328.45
3377.12
3542.73
3595.77
3329.02
3354.73
3480.11
3653.6
3444.68
3623.97
3548.42
3646.43
3297.86
3398.09
3523.54
3530.55
3628.55
3478.95
3679.99
3777.54
3533.03
3549.66
3444.01
3263.67
3494.08
3640.67
3693.12
3355.93
3481.1
3613.79
3430.29
3596.33
3261.05
3414.57
3436.73
3522.33
3458.45
3449.94
3706.46
3513.56
3493.17
3662.33
3337.26
3458.92
3265.43
3543.1
3733.83
3699.29
3482.24
3486.19
3311
3594.14
3778.54
3597.99
3438.66
3449.09
3527.56
3613.94
3254.57
3627.99
3646.42
3485.13
3369.76
3602.63
3539.07
3339.73
3266.56
3430.69
3702.08
3551.7
3520.25
3490.77
3483.49
3547.34
3644.33
3567.11
3519.18
3574.21
3576.4
3363.38
3495.98
3448.04
3485.93
3297.48
3374.54
3401.39
3665.76
3687.81
3551.76
3608.89
3507.98
3389.1
3455.36
3463.84
3604.42
3374.45
3374.08
3533.34
3555.45
3425.84
3653.6
3515.08
3233.16
3579.65
3150.95
3200.77
3607.5
3820
3478.26
3528.48
3427.63
3570.47
3603.38
3466
3484.52
3506.72
3719.05
3587.13
3348.9
3606.29
3409.41
3451.47
3499.9
3372.38
3327.71
3580.37
3660.99
3383.87
3608.69
3714.05
3499.64
3580.55
3701.04
3428.1
3467.64
3645.5
3468.47
3427.1
3654.04
3523.59
3433.22
3748.28
3285.37
3595.24
3475.31
3379.65
3450.76
3672.93
3567.34
3415.7
3397.42
3578.04
3500.07
3420.74
3700.06
3492.41
3382.74
3534.18
3604.42
3736.17
3475.76
3586
3498.92
3566.44
3745.89
3591.39
3405.15
3489.76
3435.37
3718.34
3322.25
3401.03
3488.61
3756.78
3430.38
3272.1
3702.59
3527.19
3257.82
3350.79
3415.45
3628.72
3249.51
3681.85
3476.12
3593.61
3601.79
3327.16
3285.41
3576.3
3716.04
3394.12
3461.16
3375.08
3538.06
3555.72
3288.3
3553.76
3440.78
3492.32
3324.68
3579.06
3372.37
3447.15
3565.75
3402.48
3489.89
3310.87
3493.13
3525.44
3514.02
3589.68
3578.82
3389.71
3307.91
3392.33
3359.82
3588.04
3621.54
3402.67
3539.31
3361.85
3732.02
3624.65
3281.74
3357.5
3528.84
3602.33
3510.36
3687.21
3400.09
3615.86
3186.06
3388.78
3491.63
3618.59
3332.48
3161.35
3488.13
3416.49
3536.13
3485.45
3324.99
3638.28
3469.9
3508.27
3419.33
3404.61
3673.06
3514.83
3333.83
3481.25
3417.71
3697.13
3596.92
3266.46
3290.06
3303.69
3561.3
3617.03
3568.19
3378.47
3497.04
3371.25
3392.58
3472.16
3846.19
3582.56
3634.3
3433.7
3611.9
3509.18
3619.13
3403.28
3500.49
3687.26
3506.29
3404.61
3522.57
3359.49
3257.25
3468.96
3497.87
3485.4
3501.05
3416.73
3617.03
3790.23
3414.37
3466.81
3493.71
3632.6
3358.13
3564.5
3432.31
3591.8
3450.37
3438.21
3687.93
3352.77
3436.92
3476.2
3682.21
3420.82
3426.71
3549.59
3668.19
3325.12
3463.68
3526.72
3473.93
3657.74
3590.32
3616.46
3473.32
3503.4
3555.86
3682.93
3570.84
3551.22
3287.21
3625.97
3555.73
3470.75
3738.86
3714.79
3632.4
3454.16
3446.68
3792.42
3338.82
3539.36
3406.86
3459.18
3374.89
3555.57
3265.6
3511.54
3342.97
3284.18
3489.91
3502.55
3715.28
3443.04
3556.04
3507.32
3512.27
3524.27
3331.22
3376.17
3613.52
3321.54
3575.48
3142.99
3555.97
3544.28
3691.6
3489.27
3653.78
3394.49
3528.3
3610.67
3655.73
3420.34
3530.71
3541.13
3537.1
3290.3
3545
3435.45
3554.45
3447.12
3577.34
3442.21
3478.14
3586.95
3380.99
3610.55
3486.6
3396.1
3488.3
3675.64
3547.2
3608.54
3590.71
3480.84
3687.8
3245.85
3389.87
3724.66
3498.22
3282.81
3357.39
3405.63
3456.31
3580.08
3482.7
3457.94
3581
3474.49
3284.91
3590.22
3450.84
3640.62
3533.49
3375.88
3261.56
3411.72
3637.78
3704.96
3292.56
3488.53
3466.24
3576.02
3841.85
3489.02
3567.75
3588.91
3443.77
3584.08
3490.15
3764.97
3667.12
3644.14
3496.79
3500.38
3369.93
3533.08
3522.63
3339.24
3435.92
3478.74
3372.27
3527.15
3701.63
3489.62
3518.8
3742.97
3484.79
3464.13
3610.51
3428.2
3350.65
3258.73
3397.53
3280.31
3668.75
3409.43
3360.77
3609.09
3423.39
3508.59
3427.95
3505.44
3747.17
3533.47
3461.58
3313.39
3852.27
3549.5
3328.31
3524.36
3255.96
3558.24
3575.77
3344.96
3527.54
3237.55
3556.65
3050.91
3412.35
3659.11
3444.52
3470.37
3528.54
3617.93
3646.19
3705.98
3474.43
3330.05
3477.6
3381.57
3457.37
3463.8
3506.46
3521.92
3484.71
3356.11
3522.17
3417.81
3353.68
3535.89
3272.31
3582.88
3555.62
3368.4
3438
3583.04
3630.9
3495.76
3374.34
3516.64
3437.52
3381.94
3535.73
3597.44
3682.87
3469.03
3510.06
3415.57
3577.25
3319.49
3502.89
3476.57
3541.34
3365.3
3577.02
3447.79
3599.68
3468.72
3666.74
3548.8
3400.33
3508.93
3329.03
3484.69
3397.81
3376.61
3353.65
3600.67
3693.86
3537.68
3363.58
3632.07
3634.69
3302.04
3377.34
3263.81
3402.87
3544.8
3584.72
3518.12
3392.69
3554.05
3657.12
3290.31
3344.11
3697.48
3609.3
3562.15
3705.42
3108.94
3497.25
3390.06
3398.94
3478.34
3471.33
3614.21
3571.07
3238.11
3575.11
3592.54
3436.14
3634.55
3574.95
3539.47
3495.08
3365.92
3419.78
3469.7
3424.78
3337.34
3520.89
3623.92
3472.59
3524.31
3486.42
3422.29
3501.56
3516.8
3517.98
3511.88
3575.22
3420.56
3483.32
3718.47
3211.93
3794.7
3451.24
3471.5
3177.97
3443.06
3435.45
3514.69
3468.67
3515.11
3472.03
3590.83
3452.87
3465.53
3635.15
3589.57
3449.46
3534.64
3528.55
3542.26
3492.72
3587.53
3607.52
3536.95
3602.49
3707
3477.06
3493.6
3511.16
3685.67
3656.02
3716.77
3470.2
3413.75
3479.68
3558.86
3572.43
3502.98
3483.98
3430.46
3600.44
3471.62
3541.6
3562.38
3479
3457.23
3354.14
3616.46
3612.07
3478.89
3323.82
3667.51
3450.49
3695.43
3505.38
3511.77
3491.9
3521.81
3663.48
3415.2
3490.78
3579.11
3455.58
3277.1
3645.83
3258.09
3438.01
3509.03
3617.72
3500.48
3433.38
3557.55
3453.47
3472.1
3237.08
3430.58
3482.72
3639.6
3411.63
3777.58
3456.51
3474.41
3552.14
3528.55
3428.66
3556.92
3526.16
3571.18
3376.5
3473.18
3567.33
3695.54
3476.53
3580.29
3527.44
3352.38
3278.25
3400
3434.76
3499.12
3539.77
3650.43
3706.96
3744.73
3479.2
3264.54
3637.38
3524.28
3611.79
3370.84
3431.66
3510.6
3602.25
3313.26
3549.74
3327.98
3507.86
3476.3
3645.73
3538.98
3486.48
3530.8
3371.99
3387.69
3496.73
3596.98
3605.87
3559.44
3425.49
3495.21
3302.4
3431.94
3556.6
3341.78
3710.77
3506.9
3508.8
3575.99
3266.16
3398.63
3552.79
3634.25
3434.49
3445.85
3546.73
3433.93
3420.98
3489.91
3547.95
3572.48
3598.66
3355.54
3534.53
3509.71
3585.76
3532.38
3438.95
3370.04
3372.16
3410.19
3692.68
3607.38
3710.39
3461.37
3286.2
3452.02
3280.34
3491.63
3426.46
3527.69
3213.49
3555.77
3565.6
3435.17
3491.86
3668.89
3557.37
3560.56
3324.04
3427.38
3404.1
3515.06
3309.87
3348.24
3425.13
3229.49
3678.26
3368.38
3288.9
3369.4
3492.17
3433.05
3571.63
3415.65
3478.72
3435.7
3512.13
3427.58
3471.98
3411.28
3475.94
3579.05
3497.19
3643.97
3498.99
3533.29
3494.72
3587.87
3524.1
3524.35
3503.39
3429.24
3689
3651.59
3564.8
3500.16
3659.81
3610.31
3742.73
3607.87
3390.81
3256.2
3314.92
3487.19
3487.48
3720.04
3563.71
3338.01
3815.08
3417.4
3330.45
3516.8
3439.84
3605.47
3466.45
3329.79
3633.17
3324.25
3594.97
3448.01
3475.68
3210.38
3623.55
3652.24
3264.39
3494.91
3622.22
3460.65
3489.39
3466.73
3521.58
3654.88
3317.02
3507.18
3613.64
3211.23
3429.67
3358.84
3408.22
3393.15
3781.24
3547.54
3594.86
3323.43
3416.53
3276.18
3422.11
3376.46
3584.53
3687.57
3704.13
3565.25
3583.73
3537.5
3642
3460.33
3428.67
3609.33
3612.38
3774.28
3467.36
3266.32
3443.95
3484.29
3569.56
3502.61
3588.66
3464.42
3486.18
3615.56
3491.27
3430.66
3771
3435.47
3614.17
3631.01
3310.95
3592.03
3434.38
3495.08
3397.08
3631.48
3247
3522.39
3550.58
3565.84
3476.68
3338.26
3576.29
3598.88
3413.81
3318.43
3488.13
3555.27
3335.93
3544.36
3554.02
3619.38
3444.99
3394.85
3492.99
3651.38
3439.03
3330.95
3571.13
3460.08
3316.67
3424.07
3537.6
3486.62
3528.3
3291.76
3532
3412.49
3652.91
3612.4
3509.19
3659.79
3423.69
3546.45
3334.68
3494.02
3457.12
3349.43
3228.89
3713.8
3372.61
3470.9
3327.88
3645.32
3420.23
3746.08
3245.26
3561.46
3359.51
3642.01
3467.59
3559.75
3608.39
3502.42
3574.25
3460.95
3360.65
3378.34
3569.7
3450.79
3408.15
3535.62
3553.74
3647.42
3541.5
3456.7
3499.97
3278.56
3680.52
3559.33
3639.62
3499.63
3550.51
3440.75
3655.65
3530.17
3713.76
3443.84
3410.36
3418.88
3611.83
3427.76
3424.24
3556.41
3383.49
3837.23
3418.7
3662.67
3450.26
3612.4
3421.86
3387.68
3275.22
3578.83
3363.33
3602.28
3549.49
3473.4
3383.26
3516.07
3522.46
3433.87
3373.75
3539.32
3509.25
3427.08
3506.49
3485.69
3536.33
3352.98
3609.73
3477.37
3535.77
3319.12
3533.27
3838.72
3506.47
3564.82
3429.54
3534.05
3455.73
3606.13
3649.18
3536.46
3341.27
3636.82
3571.08
3527.45
3520.35
3417.08
3393.67
3595.94
3304.18
3572.89
3503.44
3367.02
3557.97
3449.21
3429.01
3404.73
3414.46
3332.26
3553.57
3669.05
3752.04
3415.55
3293.44
3588.04
3630.5
3128.88
3556.13
3399.04
3552.88
3418.92
3596.36
3522.65
3529.95
3660.63
3399.64
3562.27
3531.4
3429.04
3379.13
3519.86
3295.99
3429.95
3482.48
3334.41
3521.14
3500.52
3479.69
3577.16
3454.64
3519.6
3384.63
3245.9
3442.82
3762.12
3517.9
3287.31
3768.63
3318.9
3327.97
3531.78
3233.47
3474.41
3744.98
3429.3
3581.62
3521.36
3524.9
3509.86
3626.65
3545.5
3560.32
3329.52
3397.93
3516.44
3606.96
3576.95
3419
3327.5
3470.26
3452.2
3404.05
3470.98
3499.25
3478.45
3676.62
3607.44
3461.71
3698.09
3440.49
3488.55
3509.55
3565.86
3766.85
3373.36
3539.37
3501.14
3631.89
3605.86
3518.69
3427.99
3571.59
3467.22
3255.22
3457.85
3431.43
3386.69
3314.08
3554.11
3270.01
3883.08
3773.56
3235.84
3625.6
3309.78
3682.94
3890.95
3461.33
3400.87
3479.67
3351.82
3299.3
3659.2
3414.07
3400.27
3582.69
3567.65
3735.67
3438.75
3471.69
3272.19
3413.28
3457.72
3254.62
3266.05
3350.24
3322.12
3474.11
3425.64
3378.13
3535.2
3243.3
3599.12
3543.2
3585.66
3527.17
3350.27
3574.95
3304.34
3609.91
3238.77
3555.24
3489.54
3575.34
3383.65
3472.81
3632.64
3456.83
3517.07
3425.8
3682.59
3415.43
3546.61
3155.86
3469.85
3540.72
3453.44
3570.68
3512.64
3636.64
3657.33
3407.51
3328.45
3624.74
3400.91
3583.17
3585.53
3475.84
3296.97
3532.64
3550.89
3497.33
3406.15
3607.33
3461.22
3490.47
3645.1
3568.37
3638.72
3722.32
3377.86
3380.59
3592.88
3833.83
3573.67
3706.41
3547.42
3421.78
3501.74
3315.39
3419.23
3409.13
3520.28
3583.79
3575.27
3508.47
3436.27
3475.17
3519.73
3531.92
3594.36
3360.76
3540.14
3507.18
3395.52
3478.31
3502.95
3442.47
3419.41
3429.07
3503.49
3385.17
3494.1
3341.04
3361.41
3552.13
3451.42
3541.57
3649.61
3513.14
3517.13
3754.48
3458.53
3538.02
3311.75
3371.15
3743.26
3615.95
3343.82
3643.55
3464.21
3509.05
3500.61
3329.98
3271.75
3505.59
3563.88
3626.72
3356.6
3572.37
3409.32
3537.97
3284.01
3367.86
3320.73
3400.65
3561.84
3506.28
3754.01
3436.81
3354.69
3396.47
3326.4
3452.3
3737.83
3542.45
3315.41
3646.82
3597.3
3405.67
3509.6
3542.59
3194.53
3391.56
3580.86
3858.63
3457.26
3498.29
3382.17
3400.32
3429.19
3440.72
3532.67
3561.89
3435.32
3510.24
3627.89
3570.36
3415.86
3545.86
3580.53
3436.74
3624.32
3284.93
3671.21
3553.94
3472.14
3529.59
3430.87
3356.34
3435.88
3261.88
3536.81
3553.03
3401.63
3678.27
3657.04
3506.66
3431.39
3499.27
3617.43
3470.51
3511.74
3352.78
3392.8
3394.48
3432.58
3522.68
3496.12
3436.72
3369.49
3441.81
3571.55
3671.85
3502.18
3543.55
3698.93
3386.64
3437.77
3455.2
3473.15
3302.48
3299.34
3553.48
3523.77
3328.72
3565.16
3545.54
3719.04
3197.51
3510.97
3542.02
3540.6
3435.11
3449.08
3617.36
3380.36
3502.33
3567.81
3677.02
3476.74
3078.45
3624.42
3669.41
3659.8
3661.02
3566.07
3545.77
3450.29
3532.77
3774.1
3560.79
3337.03
3327.97
3385.78
3642.35
3661.47
3363.26
3447.51
3549.64
3656.89
3314.04
3356.56
3575.93
3464.05
3414.99
3459.54
3697.96
3684.42
3358.06
3509.66
3378.12
3456.37
3542.37
3330.32
3507.09
3660.06
3361.25
3323.55
3570.91
3590.38
3570.21
3623.31
3649.15
3286.61
3419.92
3344.89
3573.32
3430.7
3618.74
3589.5
3444.06
3418.19
3449.03
3579
3711.41
3559.68
3467.51
3454.86
3387.44
3580.04
3306.07
3429.55
3403.1
3628.88
3632.06
3447.27
3591.71
3436.3
3670.38
3397.38
3546.19
3643.88
3349.59
3459.47
3413.51
3620.3
3506.75
3547.68
3329.57
3419.21
3430.02
3423.98
3585.91
3465.6
3419.93
3563.63
3305.47
3383.05
3342.72
3410.9
3580.28
3417.05
3672.15
3522.12
3501.16
3548.2
3458.74
3621.75
3337.67
3611.62
3290.77
3327.45
3745.59
3388.12
3466.65
3515.64
3550.4
3459.02
3323.87
3564.51
3415.47
3409.22
3466.32
3494.11
3744.24
3497.84
3494.86
3501.4
3407.93
3471.16
3273.2
3320.86
3581.39
3546.17
3460.45
3409.56
3490.06
3651.79
3658.29
3323.11
3286.41
3285.11
3345.12
3566.4
3491.23
3366.74
3606.84
3536.21
3546.09
3560.1
3588.57
3646.5
3500.24
3226.26
3499.79
3731.6
3539.38
3524.29
3459.17
3643.97
3698.64
3475.88
3477.38
3395.92
3609.89
3552.88
3349.25
3392.23
3326.49
3462.96
3396.43
3517.87
3491.78
3465.99
3528.51
3616.51
3455.21
3364.97
3559.25
3678.98
3611.21
3456.73
3423.67
3452.28
3542.82
3760.83
3326.43
3463.07
3559.78
3343.72
3879.37
3442.02
3470.77
3563.88
3693.14
3558.68
3308.14
3567.28
3379.73
3462.26
3479.35
3439.93
3576.83
3331.38
3629.92
3373.76
3402.01
3648.49
3477.78
3424.63
3450.98
3332.4
3543.23
3613.93
3606.43
3755.86
3239.6
3449.31
3739.64
3419.74
3688.3
3371.51
3379.89
3553.12
3501.36
3345.5
3835.7
3498.38
3406.95
3610.34
3249.52
3420.19
3484.09
3383.01
3460.41
3769.76
3741.83
3400.72
3406.89
3512.61
3507.72
3496.76
3402.79
3534.74
3479.59
3410.66
3461.12
3490.07
3346.2
3511.8
3454.56
3485.5
3569.81
3399.86
3459.25
3445.51
3530.06
3569.16
3579.19
3406.23
3372.13
3329.24
3345.42
3659.21
3208.7
3564.03
3544.92
3396.97
3454.46
3780.76
3434.62
3376.58
3500.44
3491.95
3417.41
3587.65
3594.25
3567.92
3383.1
3423.05
3378.86
3473.93
3499.5
3480.99
3578.18
3553.69
3637.45
3559.19
3320.46
3517.43
3328.82
3501
3414.41
3427.32
3497.52
3426.51
3470.11
3318.37
3661.16
3588.39
3390.99
3386.99
3470.4
3777.44
3412.27
3241.48
3526.72
3734.03
3500.07
3538.86
3460.88
3418.42
3380.87
3546.28
3426.93
3467.93
3447.16
3468.55
3848.62
3283.26
3317.84
3535.88
3602.96
3566.54
3643.02
3462.93
3579.03
3665.95
3678.54
3699.7
3470.71
3661.13
3465.97
3254.37
3583.09
3274.66
3540.7
3730.66
3393.86
3487.12
3514.45
3661.08
3503.21
3636.85
3481.21
3565.62
3401.57
3375.15
3741.77
3484.71
3560.9
3262.32
3437.07
3289.42
3620.74
3630.25
3750.55
3704.82
3690.43
3612.92
3352.59
3370.4
3420.7
3417.65
3558.07
3526.02
3436.58
3416.5
3716.34
3302.09
3664.65
3552.57
3648.6
3374.41
3710.25
3455.81
3307.3
3319.96
3351.79
3538.39
3536.96
3494.52
3446.08
3308.82
3633.93
3321.59
3393.13
3383.43
3668.04
3475.44
3667.63
3399.68
3513.08
3750.71
3485.46
3390.18
3425.77
3558.94
3555.55
3593.87
3609.73
3613.52
3494.56
3505.28
3598.14
3695.53
3154.64
3351.1
3288.13
3416.41
3376.67
3442.04
3382.39
3615.96
3384.91
3394.04
3295.95
3684.09
3399.49
3560.94
3418.13
3374.29
3491.04
3524.36
3319.89
3334.89
3392.94
3431.3
3627.82
3609.02
3351.09
3536.61
3444.65
3469.3
3597.21
3442.01
3460.49
3406.77
3452.09
3498.79
3387.3
3347.19
3463.58
3649.56
3468.54
3529.2
3301.14
3305.31
3514.86
3366.97
3447.85
3613.44
3523.16
3512.52
3577.97
3591.08
3644.12
3465.39
3521.88
3403.06
3608.61
3665.14
3276.26
3431.48
3613.58
3307.36
3444.95
3504.48
3490.85
3516.34
3398.1
3533.2
3456.99
3442.69
3605.45
3547.52
3390.48
3409.74
3513.93
3429.04
3597.28
3398.11
3331.46
3554.32
3664.59
3454.85
3704.47
3279.13
3498
3564.07
3426.13
3565.01
3470.47
3468.49
3280.74
3389.87
3390.81
3437.12
3242.58
3331.7
3411.81
3202.54
3433.65
3294.45
3364.47
3523.14
3613.75
3419.18
3440.17
3613.53
3507.85
3591.79
3502.1
3453.5
3277.13
3749.54
3436.07
3497.27
3599.32
3307.84
3337.38
3426.76
3518.55
3344.51
3637.59
3540.14
3449.77
3820.6
3419.29
3554.8
3551.6
3708.68
3420.36
3577.78
3403.07
3840.87
3586.85
3264.78
3585.67
3349.96
3413.78
3514.23
3661.1
3338.46
3554.14
3477.49
3733.94
3637.11
3236.8
3649.94
3541.95
3475.61
3480
3514.46
3514.45
3448.15
3593.68
3658.7
3415.23
3433.03
3249.15
3468.19
3397.45
3392.43
3424.01
3453.82
3558.04
3602.26
3386.62
3261.7
3588.82
3886.05
3667.26
3336.1
3538.09
3624.4
3554.1
3633.61
3409.68
3529.21
3518.14
3479.73
3434.78
3436.07
3432.24
3444.23
3349.73
3456.6
3472.41
3491.39
3358.46
3513.53
3588.59
3519.3
3385.96
3407.25
3505.31
3446.56
3396.18
3531.96
3357.68
3545.12
3101.24
3499.46
3341.17
3487.35
3556.57
3351.22
3577.52
3240.06
3461.67
3516.65
3435.48
3517.41
3381.49
3660.65
3568.4
3453.28
3427.28
3327.33
3429.15
3547.48
3559.6
3688.97
3328.05
3308.93
3387.29
3393.47
3493.68
3428.83
3535.53
3660.07
3598.2
3440.21
3619.81
3389.73
3643.05
3642.38
3499.86
3587.72
3534.73
3674.2
3541.79
3494.98
3535.07
3700.44
3459.84
3548.34
3376.17
3275.08
3354.03
3313.95
3719.59
3701.48
3533.51
3565.5
3509.95
3745.13
3509.8
3460.92
3355.12
3542.08
3752.42
3530.86
3495.93
3475.41
3488.32
3571.58
3574.6
3259.36
3583.91
3474.86
3565.99
3402.18
3676.46
3326.43
3406.91
3577.12
3409.8
3362.3
3445.02
3518.14
3615.7
3459.65
3718.51
3658.27
3649.36
3548.65
3364.75
3272.59
3506.46
3664.1
3641.39
3339.93
3406.95
3497.3
3497.68
3499.47
3577.85
3389.05
3393.67
3364.41
3516.54
3594.78
3558.29
3493.26
3532.87
3408.61
3626.27
3508.06
3533.8
3651.89
3301.33
3498.49
3494.8
3408.42
3506.81
3438.72
3385.64
3561.37
3480.97
3517.43
3461.06
3567.27
3503.38
3353.51
3672.3
3341.34
3451.45
3589.43
3433.81
3450.84
3374.88
3422.59
3425.33
3510.43
3433.3
3566.03
3697.67
3426.09
3468.69
3359.98
3381.06
3606.12
3358.97
3508.21
3662.3
3404.94
3275.29
3472.16
3372.36
3368.77
3539.9
3449.66
3589.08
3658.24
3468.24
3333.57
3557.66
3425.27
3548.65
3636.37
3497.04
3408.4
3381.23
3534.49
3508.55
3472.64
3374.61
3634.18
3471.35
3454.87
3566.57
3483.37
3345.97
3410.83
3390.34
3656.74
3435.35
3415.02
3533.75
3745.82
3568.66
3462.05
3449.3
3266.85
3424.63
3563.55
3619.83
3394.25
3423.54
3559.08
3474.22
3507.72
3443.33
3763.15
3483.06
3550.31
3641.36
3716.71
3620.84
3497.04
3427.01
3357.89
3532.98
3486.69
3586.56
3566.09
3442
3431.4
3518.85
3390.14
3482.66
3475.8
3514.04
3406.72
3513.45
3468.46
3498.21
3381.19
3224.14
3500.88
3743
3533.29
3442.44
3340.59
3486.02
3504.23
3383.99
3466.04
3286.2
3716.77
3561.96
3495.06
3489.16
3588.72
3509.59
3646.09
3639
3584.63
3319.91
3411.55
3554.86
3467.6
3743.72
3478.14
3317.73
3498.11
3558.22
3651.28
3448.8
3714.65
3518.91
3561.64
3435.56
3301.66
3327.86
3481.18
3622.36
3567.19
3594.51
3623.45
3530.28
3472.11
3510.02
3299.39
3339.18
3409
3709.23
3371.33
3381.23
3460.73
3420.35
3256.84
3440.3
3520.96
3389.83
3409.64
3354.12
3546.84
3523.34
3449.22
3334.94
3384.48
3527.06
3524.43
3331.65
3525.24
3379.9
3609.91
3362.51
3501.9
3481.86
3590.04
3455.78
3372.18
3367.74
3566.96
3460.23
3601.95
3472.69
3615.86
3507.89
3493.59
3244.94
3311.39
3637.87
3314.08
3462.9
3465.9
3298.83
3357.21
3607.14
3542.45
3523.11
3450.26
3535.3
3313.25
3544.43
3442.32
3358.36
3392.46
3375.4
3637.08
3495.91
3625.44
3416.95
3444.89
3668.05
3379.48
3402.94
3513.09
3283.41
3546.46
3530.98
3543.79
3384.09
3459.31
3442.85
3343.4
3363.41
3649.25
3579.98
3358.66
3441.51
3587.41
3354.17
3477.4
3371.8
3393.25
3517.91
3705.15
3644
3472.45
3496.43
3558.57
3370.28
3469.09
3472.08
3734.24
3479.42
3545.21
3731.72
3411.52
3546.32
3323.65
3581.21
3624.61
3328.76
3579.59
3622.86
3456.32
3455.43
3399.87
3405.62
3512.19
3539.35
3417.44
3555.85
3645.62
3564.85
3517.72
3482
3460.24
3554.02
3478.32
3445.02
3426
3530.42
3578.58
3347.21
3368.01
3376.36
3636.71
3437.25
3414.34
3327.35
3606.78
3536.64
3649.87
3670.24
3550.86
3263.46
3539.79
3463.22
3574.29
3460.39
3545.8
3596.04
3600.33
3399.07
3329.51
3490.76
3255.17
3410.45
3278.05
3591.07
3441.32
3443.58
3444.1
3742.69
3424.88
3491.65
3478.55
3513.08
3563.58
3407.99
3462.81
3494.41
3364.64
3611.51
3521.73
3513.04
3346.42
3549.53
3540.12
3601.09
3521.57
3467.51
3533.31
3437.19
3325.35
3362.32
3411.51
3401.16
3520.88
3364.2
3349.45
3572.39
3719.77
3569.4
3310.14
3659.03
3591.95
3372.86
3411.39
3468.29
3535.49
3226.09
3426.35
3528.84
3526.81
3530.94
3399.22
3363.13
3409.95
3495.56
3492.87
3595.72
3467.92
3514.31
3375.66
3649.14
3579.56
3349.8
3641.62
3439.41
3490.96
3581.11
3520.09
3551.15
3397.3
3415.62
3538.24
3564.35
3592.24
3442.27
3428.75
3756.16
3416.32
3635.05
3426.17
3402.68
3548.38
3721.89
3754.02
3316.98
3427.4
3519.47
3588.8
3387.27
3289.27
3351.07
3594.63
3318.26
3690.55
3462.4
3736.32
3684.74
3417.73
3509.45
3233.98
3483.21
3553.12
3532.42
3270.01
3529.83
3665.82
3452.95
3508.36
3446.6
3527.73
3524.47
3392.4
3512.01
3591.7
3648.16
3364.08
3362.18
3515.65
3248.54
3407.18
3279.36
3243.73
3851.7
3665.09
3660.73
3426.06
3355.52
3482.88
3631.32
3535.69
3507.24
3636.2
3295.73
3506.87
3508.62
3521.15
3468.72
3312.24
3456.5
3572.3
3358.18
3436.55
3633.81
3324.33
3617.67
3401.64
3482.42
3414.96
3493.42
3515.54
3614.18
3715.39
3363.35
3428.46
3631.18
3576.75
3634.7
3581.23
3568.38
3368.69
3807.87
3469.79
3642.88
3466.67
3590.38
3497.7
3551.18
3549.1
3401.73
3607.46
3619.69
3695.41
3443.3
3521.01
3566.25
3740.54
3581.92
3495.68
3733.65
3356.65
3146.49
3474.38
3549.32
3654.67
3521.11
3714.53
3581.89
3422.05
3250.02
3432.58
3441.13
3565.06
3420.24
3495.9
3643.83
3351.96
3527.42
3753.46
3373.61
3757.12
3572.92
3558.48
3608.92
3507.12
3587.1
3470.06
3745.61
3569.7
3497.47
3470.09
3544.61
3437.39
3342.88
3500.33
3311.57
3461.82
3622.65
3453.73
3501.39
3567.27
3484.33
3580.91
3546.72
3558.27
3396.94
3286.83
3344.63
3369.88
3700.32
3553.09
3678.44
3235.63
3361.99
3375.44
3498.78
3576.32
3471.93
3482.69
3438.06
3396.27
3483.13
3661.24
3425.07
3385.81
3332.84
3877.34
3533.13
3444.53
3344.26
3402.67
3443.5
3364.74
3477.21
3529.17
3528.32
3573.27
3290.02
3553.77
3428.26
3509.15
3623.49
3469.75
3306.49
3517.86
3524.93
3574.01
3596.55
3349.09
3424.64
3605.34
3225.43
3433.25
3483.58
3495.97
3275.13
3530.89
3339.96
3615.65
3406.59
3293.27
3489.4
3415.43
3427.81
3340.95
3439.82
3285.21
3476.85
3671.24
3515.94
3467.2
3336.41
3496.58
3520.73
3458.02
3749.62
3523.6
3421.18
3290.83
3443.67
3458.81
3622.56
3586.88
3689.54
3550.96
3635.93
3724.86
3384.28
3609.07
3557.01
3876.58
3521.65
3676.66
3346.03
3726.43
3450.84
3646.2
3759.26
3572.32
3502.04
3321.46
3547.79
3753.37
3525.48
3397.45
3468.08
3359.84
3444.07
3446.36
3310.8
3502.44
3481.68
3497.38
3550.32
3613.13
3242.25
3302.74
3480.32
3514.98
3407.78
3326.58
3593.49
3458.7
3720.02
3326.19
3497.01
3538.52
3563.26
3408.87
3339.64
3610.36
3616.26
3591.83
3640.25
3337.93
3528.77
3515.25
3530.17
3578.08
3481.1
3371.99
3261.63
3362
3523.81
3345.21
3542.67
3649.02
3452.36
3312.42
3642.53
3386.87
3391.65
3298.61
3316
3499.07
3616.01
3309.83
3666.4
3640.12
3780.25
3509.09
3365.87
3644.5
3748.83
3596.06
3348.45
3287.14
3382.07
3641.24
3628.39
3618.09
3463.02
3780.56
3561.5
3509.06
3786.3
3357.01
3504.75
3547.92
3632.53
3325.14
3435.97
3280.33
3721.22
3518.63
3472.01
3447.62
3574.55
3445.6
3547.8
3412.7
3166.66
3560.46
3474.66
3373.5
3502.98
3428.45
3614.67
3530.8
3583.54
3429.48
3447.68
3430.57
3323.33
3546.24
3760.8
3460.34
3580
3759.67
3528.22
3636.94
3503.18
3409.59
3417.37
3564.45
3360.25
3608.65
3451.83
3388.07
3510.91
3765.56
3562.99
3432.02
3558.07
3354.53
3614.31
3630.86
3710.99
3691.67
3503.23
3427.81
3419.75
3742.78
3544.97
3595.84
3465.23
3428.42
3396.72
3538
3758.69
3746.24
3257.02
3586.28
3487.32
3654.66
3540.14
3457.13
3379.21
3494.87
3470.25
3381.89
3693.25
3593.82
3520.03
3541.01
3585.03
3492.85
3605.09
3558.54
3413.62
3538.58
3339.8
3497.85
3359.34
3499.55
3579.93
3386.06
3446.02
3392.02
3608.41
3456.93
3602.9
3716.7
3489.41
3665.91
3434.98
3259.47
3494.81
3425.96
3615.48
3614.54
3638.09
3563.49
3305.96
3779.16
3527.7
3470.47
3432.33
3409.81
3365.09
3317.18
3486.37
3571.32
3565.94
3343.11
3472.48
3222.46
3393.8
3415.36
3589.94
3547.93
3367.02
3469.83
3398.75
3495.78
3360.81
3494.13
3553.28
3632.7
3526.92
3502.36
3427.57
3525.25
3621.86
3329.98
3345.54
3274.78
3684.77
3374.91
3484.55
3443.92
3585.54
3358.52
3484.89
3654.88
3454.13
3428.85
3292.37
3552.09
3449.2
3478.05
3454.01
3487.08
3498.77
3602.21
3593.51
3607.39
3513
3586.97
3543.65
3489.85
3538.57
3335.16
3701.21
3553.7
3471.1
3687.19
3548.78
3384.54
3473.77
3292.49
3576.36
3472.88
3558.88
3508.68
3587.97
3688.01
3452.01
3572.57
3697.03
3588.9
3304.05
3536.75
3461.65
3276.57
3599.26
3457.59
3473.55
3362.29
3476.28
3621.37
3509.16
3519.13
3562.36
3591.21
3383.44
3444.24
3173.87
3493.91
3682.51
3254.74
3481.35
3504.32
3494.74
3507.56
3456.7
3369
3716.92
3492.3
3806.97
3263.79
3419.64
3439.98
3646.06
3510.74
3692.18
3363.2
3495.48
3602.64
3510.42
3561.49
3530.56
3617.38
3477.08
3410.47
3416.42
3583.73
3490.36
3618.48
3488.83
3522.1
3394.54
3452.15
3697.99
3706.17
3436.11
3436.96
3326.57
3544.11
3687.17
3568.86
3440.35
3545.27
3428.12
3459.38
3450.7
3497.52
3354.53
3297.56
3489.76
3276.13
3547.6
3373.84
3521.84
3368.82
3351.69
3690.8
3448.72
3574.06
3424.34
3503.19
3573.46
3560.37
3487.12
3540.83
3500.27
3522.81
3369.14
3405.45
3465.18
3727.32
3510.79
3484.09
3492.5
3592.22
3638.87
3573.67
3722.82
3332.43
3495.94
3434.89
3507.06
3674.2
3387.81
3283.02
3545.58
3429.32
3354.34
3696.92
3764.89
3572.3
3803.4
3576.18
3569.86
3472.74
3578.09
3688.74
3402.65
3540.4
3437.3
3553.25
3512.41
3734.97
3598.58
3689.76
3494.02
3190.78
3573.35
3573.6
3394.08
3590.13
3402.25
3518.43
3576.41
3549.14
3486.54
3403.32
3694.8
3366.35
3392.86
3570.22
3262.43
3542.38
3500.74
3514.98
3533.75
3658.04
3507.53
3224.58
3779.06
3486.28
3475.71
3732.74
3572.87
3530.15
3446.65
3331.65
3490.37
3663.82
3331.84
3426.24
3807.76
3464.43
3284.02
3484.07
3570.4
3539.07
3477.15
3628.47
3534.84
3397.83
3464.3
3443.43
3432.79
3654.25
3343.68
3479.67
3381.4
3491.33
3461.14
3658.17
3516.21
3374.2
3511.4
3655.39
3612.47
3514.58
3686.71
3546.41
3329.16
3510.98
3453.56
3707.2
3812.9
3373.2
3530.25
3450.19
3479.68
3270.26
3547.13
3517.65
3422.72
3268.17
3362.98
3415.56
3779.45
3763.19
3623.64
3395.49
3509.23
3653.59
3556.09
3485.54
3534.95
3506.83
3497.73
3534.89
3556.51
3319.68
3452.04
3430.31
3305.45
3567.88
3313.16
3403.51
3510.75
3431.42
3562.75
3407.32
3517.92
3580.64
3305.47
3442.83
3357.69
3473.02
3293.27
3384.73
3499.12
3674.05
3454.73
3525.77
3539.74
3451.3
3555.71
3349.29
3435.85
3557.98
3672.21
3481.94
3569.67
3714.44
3503.96
3483.54
3356.38
3408.25
3539.48
3529.43
3326.33
3449.61
3523.98
3495.03
3468.55
3408.51
3501.19
3587.98
3597.29
3629.97
3413.56
3560.22
3728.5
3259.83
3415.88
3424.25
3539.33
3346.9
3334.84
3436.52
3752.44
3713.26
3516.38
3640.84
3617.75
3204.6
3534.85
3366.26
3421.68
3264.71
3499.21
3550.41
3466.42
3402.64
3649.62
3594.98
3570.18
3422.29
3412.92
3658.03
3627.66
3552.35
3401.59
3493.5
3479.55
3415.68
3393.08
3607.15
3696.31
3485.68
3524.99
3591.3
3391.84
3626.29
3325.6
3460.04
3544.73
3463.36
3589.86
3446.45
3666.09
3370.27
3613.64
3548.96
3337.38
3422.87
3521.12
3364.98
3381.69
3405.22
3458.73
3492.89
3516.24
3790.19
3604.54
3503.73
3471.89
3548.21
3574.94
3622.95
3502.41
3485.53
3664.56
3473.16
3393.38
3534.81
3298.11
3340.16
3489.42
3465.63
3527.53
3459.83
3398.97
3731.32
3524.85
3615.79
3383.65
3582.18
3632.38
3348.63
3522.64
3353.94
3593.86
3352.09
3463.46
3295.14
3445.7
3352.91
3570.74
3160.58
3514.96
3252.21
3506.07
3209.55
3709.7
3337.34
3490.1
3475.46
3565.53
3405.25
3356.91
3581.13
3487.42
3313.57
3677.21
3579.02
3546.86
3331.14
3485.05
3530.01
3725.08
3469.78
3446.37
3245.15
3535.63
3431.29
3342.97
3288.55
3574.26
3551.01
3425.57
3324.45
3417.18
3425.99
3658.12
3510.65
3428.11
3300.82
3367.29
3536.69
3518.31
3533.68
3233.85
3533.06
3452.8
3660.55
3543.94
3594.2
3267.15
3589.35
3591.06
3623.12
3622.59
3467.9
3587.15
3590.99
3642.44
3442.56
3308.64
3561.33
3485.07
3596.41
3661.92
3691.49
3410.87
3651.57
3420.13
3463.21
3371.56
3433.81
3583.63
3363.1
3357.44
3594.23
3431.77
3494.21
3445.44
3612.92
3773.23
3438.77
3588.04
3709.53
3495.56
3480.4
3610.09
3344.3
3571.16
3499.7
3389.73
3487.5
3483.09
3455.08
3285.56
3436.87
3397.75
3530.45
3373.88
3573.32
3257.56
3524.79
3671.51
3551.12
3364.28
3612.14
3334.76
3212.62
3494.99
3554.09
3392.67
3261.19
3474.25
3480.54
3743.75
3438.15
3264.8
3664.29
3460.56
3549.74
3540.6
3498.11
3365.27
3694.22
3302.51
3690.16
3557.7
3556.69
3382.71
3790.17
3639.62
3572.1
3373.05
3390.78
3394.44
3502.19
3373.31
3648.52
3526.05
3462.82
3543.81
3652.13
3448.72
3474.78
3627.37
3572.53
3428.04
3455.63
3398.72
3462.04
3407.83
3561.95
3472.56
3332.74
3703.79
3475.7
3217.55
3448.41
3438.19
3261.49
3573.31
3394.76
3671.12
3615.27
3393.89
3591.71
3730.8
3226.45
3241.45
3483.07
3566.52
3424.45
3477.64
3517.01
3564.86
3378.72
3633.96
3235.85
3752.72
3407.63
3650.99
3702.27
3680.24
3649.56
3514.99
3326.25
3323.21
3252.84
3244.71
3499.06
3442.09
3512.3
3492.07
3520.85
3508.94
3455.4
3507.07
3759.54
3487.42
3642.58
3510.11
3571.79
3468.67
3313.35
3454.58
3303.64
3542.67
3531.16
3422.24
3704.87
3373.08
3447.02
3549.67
3704.67
3321.93
3537.29
3513.7
3596.7
3447.29
3530.05
3759.33
3496.12
3295.66
3533.21
3418.24
3445.11
3632.81
3579.93
3338.79
3520.45
3545.57
3458.2
3468.78
3697.95
3674.47
3619.52
3451.71
3529.33
3457.18
3467.4
3613.29
3535.64
3376.77
3437.02
3435.71
3380.96
3413.07
3434.98
3406.58
3487.33
3636.75
3611.37
3589.49
3685.89
3518.3
3617.97
3398.54
3460.28
3304.73
3769.22
3748.3
3432.09
3519.32
3668.96
3413.81
3491.32
3464.7
3705.69
3381.3
3491.8
3432.22
3709.03
3427.8
3477.9
3466.2
3557.35
3500.11
3495.45
3550.54
3247.27
3623.71
3512.8
3426.06
3355.12
3755.72
3528.12
3580.09
3513.52
3458.9
3496.45
3448.79
3331.29
3414.35
3605.77
3560.63
3514.45
3396.78
3641.01
3427.12
3370.59
3587.97
3716.39
3496.94
3522.78
3407.12
3350.29
3439.48
3497.56
3366.71
3579.58
3461.96
3534.4
3573.44
3457.33
3389.2
3524.6
3558.88
3505.47
3405.34
3290.22
3458.54
3653.8
3438.25
3750.67
3347.19
3305.74
3637.02
3532.19
3366.56
3497.59
3544.44
3476.56
3629.35
3668.32
3493
3537.58
3484.11
3553.71
3443.48
3610.83
3507.33
3433.28
3575.36
3590.63
3560.66
3571.08
3471.91
3389.44
3548.93
3376.95
3494.07
3651.86
3400.28
3409.06
3753.84
3364.09
3495.93
3311.78
3594.71
3437.93
3465.96
3577.93
3588.25
3738.44
3500.35
3256.5
3618.9
3463.26
3440.87
3415.93
3681.8
3392
3471.29
3524.26
3690.26
3507.39
3382.54
3624.77
3428.18
3596.55
3574.14
3605.71
3435.97
3760.71
3423.73
3573.77
3573.04
3350.07
3513.73
3602.47
3586.84
3489.45
3318.4
3603.02
3773.89
3517.63
3506.89
3488.31
3761.33
3579.04
3379.95
3451.38
3661.65
3470.4
3517.27
3283.43
3545.02
3516.43
3431.33
3675.63
3544.84
3553.13
3503.62
3661.84
3446.97
3479.54
3483.8
3482.85
3620.51
3573.14
3498.25
3793.43
3353.21
3435.38
3440.06
3586.59
3430.01
3480.82
3479.02
3670.43
3311.57
3675.31
3399.79
3623.74
3353.55
3428.16
3658
3487.73
3520.99
3597.5
3573.79
3568.93
3435
3513.49
3410.02
3402.16
3245.92
3598.81
3674.24
3503.01
3392.32
3471.57
3426.61
3373.9
3419.4
3299.1
3669.97
3449.67
3481.88
3763.31
3243.53
3371.03
3445.75
3577.88
3713.62
3531.34
3619.4
3472.91
3462.58
3483.39
3329.84
3594.14
3467.18
3397.13
3396.31
3482.28
3685.71
3311.27
3491.25
3387.83
3698.51
3593.16
3402.47
3426.21
3501.45
3612.84
3376.57
3556.6
3506.68
3383.82
3393.42
3659.82
3407.73
3774
3341.2
3607.69
3626.77
3587.82
3386.2
3587.96
3557.11
3543.48
3357.99
3387.11
3485.26
3439.12
3514.89
3418.12
3315.63
3473.25
3270.99
3446.63
3264.77
3409.3
3494.49
3597.59
3442.98
3275.47
3486.14
3686.52
3322.12
3398.72
3221.54
3433.81
3413.47
3322.21
3526.87
3528.26
3507.78
3510.82
3456.55
3589.84
3491.64
3533.48
3217.19
3320.65
3496.71
3552.06
3309.6
3570.43
3386.94
3536.61
3628.17
3381.44
3592.96
3481.28
3384.33
3402.46
3665.5
3479.41
3438.17
3603.53
3752.95
3526.73
3323.25
3660.17
3752.95
3224.67
3428.63
3477.49
3545.66
3623.78
3368.54
3504.89
3576.77
3728.55
3538.42
3525.82
3577.61
3672.87
3321.32
3687.13
3701.96
3656.9
3249.15
3684
3391.69
3588.18
3385.85
3353.09
3556.09
3523.92
3664.17
3578.58
3533.06
3521.73
3566.02
3490.09
3455.37
3590.13
3441.13
3264.17
3712.48
3683.66
3542.94
3548.26
3460.93
3329.56
3288.53
3855.84
3382.54
3570.55
3581.57
3358.35
3606.66
3414.7
3556.69
3535.74
3355.74
3494.56
3488.71
3383.12
3558.73
3433.46
3264.86
3603.75
3465.61
3435.92
3387.64
3640.62
3407.11
3472.15
3348.92
3409.11
3405.32
3370.65
3488.32
3568.11
3314.93
3385.2
3507.24
3331.4
3458.49
3408.04
3530.83
3488.32
3575.67
3465.91
3342.08
3601.55
3533.35
3778.25
3431.66
3339.23
3404.93
3479.79
3452.42
3380.54
3369.65
3416.06
3287.8
3582.15
3305.45
3450.16
3559.87
3412.82
3325.09
3469
3742.05
3378.18
3360.43
3442.46
3587.8
3597.16
3431.04
3487.66
3521.18
3493.89
3625.13
3651.81
3576.54
3326.9
3390.91
3325.55
3468.45
3714.97
3760.05
3331.33
3571.96
3505.04
3602.96
3459.85
3530.43
3433.09
3625.57
3438.83
3436.9
3543.55
3497.97
3202.31
3412.03
3428.36
3495.22
3693.76
3506.35
3336.77
3548.51
3500.73
3417.2
3602.75
3719.01
3299.97
3471.64
3394.68
3496.82
3361.29
3574.78
3299.1
3173.5
3597.3
3579.31
3706.62
3557.92
3723.78
3514.87
3411.27
3454.92
3335.83
3503.37
3424.75
3484.19
3624.73
3460.49
3506.46
3691.07
3543.35
3464.76
3438.95
3377.18
3460.24
3584.22
3472.1
3635.8
3364.77
3724.83
3415.02
3467.11
3422.81
3268.52
3640.83
3577.47
3558.19
3652.06
3506.84
3912.89
3637.87
3548.27
3505.41
3280.36
3778.02
3561.48
3198.87
3655.66
3596.12
3537.56
3665.03
3599.3
3358.46
3442.41
3301.1
3487.49
3602.84
3429.58
3429.08
3421.69
3689.29
3453.72
3454.61
3415.81
3550.66
3596.66
3434.78
3558.69
3521.64
3630.08
3304.12
3548.48
3600.32
3758.9
3386.13
3591.65
3501.65
3228.86
3267.04
3287.6
3454.44
3640.5
3287.47
3640.96
3466.04
3436.11
3376.97
3652.46
3578.04
3564.06
3433.38
3456.62
3746.19
3361.47
3601.19
3529.84
3526.88
3511.88
3351.95
3551.18
3431.26
3689.3
3554.68
3460.82
3325.56
3416.16
3525.83
3551.9
3328.3
3397.32
3629.63
3514.94
3441.78
3731.48
3552.26
3516.99
3635.66
3192.79
3344.91
3449.01
3515.68
3532.42
3723.46
3688.56
3437.87
3332.92
3486.18
3676.8
3420.39
3475.46
3393.43
3461.76
3581.92
3693.72
3255.31
3406.43
3523.27
3654.13
3622.93
3462.25
3632.18
3260.2
3227.04
3597.98
3583.14
3418.56
3483.08
3304.07
3346.3
3689.26
3632.47
3438.07
3224.46
3601.59
3549.76
3535.18
3305.15
3531.61
3462.11
3522.94
3459.48
3271.78
3324.16
3562.27
3342.45
3591.25
3454.41
3402.53
3505.03
3707.28
3493.21
3521.93
3554.47
3485.86
3334.32
3519.27
3553.02
3474.81
3413.14
3383.88
3504.99
3312.41
3352.9
3555.53
3442.58
3510.7
3367.86
3631.06
3124.98
3621.43
3481.53
3379.45
3501.5
3661.57
3552.06
3650.54
3382.6
3563.27
3496.14
3470.78
3419.61
3484.4
3450.84
3418.18
3467.41
3430.54
3272.89
3506.87
3638.97
3429.07
3608.87
3627.2
3445.26
3656.83
3447.59
3235.44
3472.18
3488.69
3372.1
3450.28
3435.23
3629.52
3395.1
3102.3
3573.93
3633.67
3611.99
3330.88
3454.64
3432.31
3596.66
3319.49
3534.77
3451.75
3516.02
3479.56
3557.17
3620.07
3665.61
3417.21
3695.94
3354.79
3430.31
3366.83
3570.22
3668.25
3522.76
3573.74
3285.16
3363.88
3376.93
3323.36
3475.24
3595
3512.99
3586.58
3650.53
3535.2
3445.74
3491.21
3508.88
3454.45
3429.08
3548.45
3171.33
3411.64
3439.73
3510.07
3595.93
3551.44
3533.35
3333.68
3528.88
3679.56
3522.89
3495.37
3369.84
3433.96
3379.55
3727.38
3416.86
3239.94
3671.41
3475.69
3655.25
3609.35
3468.89
3523.32
3478.93
3710.29
3809.05
3383.06
3486.39
3445.76
3554.76
3438.15
3422.69
3621.96
3522.97
3528.4
3532.26
3263.47
3234.61
3620.38
3303.51
3418.71
3363.57
3283.65
3615.12
3380.6
3724.87
3434.51
3194.27
3531.07
3481.22
3368.71
3563.34
3476.45
3447.96
3559.2
3525.62
3555.06
3417.18
3420.79
3484.09
3378.17
3332.99
3617.85
3542.09
3552.84
3348.88
3529.23
3408.71
3570.13
3573.9
3342.59
3594.93
3567.75
3442.94
3716.45
3555.57
3339.57
3631.76
3515.6
3675.79
3399.42
3515.34
3520.03
3617.25
3374.99
3340.13
3486.77
3397.12
3736.03
3456.42
3562.73
3713.64
3544.64
3472.8
3386.92
3231.92
3703.87
3575.08
3479.63
3467.04
3598.43
3482.3
3391.12
3648.96
3512.8
3739.95
3484.91
3463.15
3286.9
3642.1
3582.11
3477.19
3630.65
3439.4
3382.21
3386.95
3539.21
3431.47
3501.64
3331.9
3432.79
3551.24
3639.77
3298.85
3483.83
3439.18
3446.32
3613.79
3580.5
3623.69
3640.7
3500.42
3449.42
3463.28
3684.85
3607.32
3502.66
3381.41
3501.42
3670.64
3517.5
3345.19
3377.85
3382.96
3433.71
3536.84
3557.13
3409.49
3489.42
3564.89
3574.05
3413.23
3540.62
3510.53
3577.75
3523.35
3130.73
3463.36
3697.35
3558.09
3637.37
3517.58
3455.49
3465.77
3427.44
3411.48
3355.98
3481.09
3430.5
3156.32
3721.04
3432.51
3414.53
3554.99
3592.02
3311.78
3685.1
3596.64
3718.64
3489.34
3335.26
3468.69
3707.81
3505.01
3472.31
3548.91
3399.54
3331.49
3568.84
3478.75
3440.73
3635.64
3659.69
3695.57
3563.96
3387.4
3506.86
3710.83
3507.69
3482.34
3546.4
3367.6
3368.57
3623.88
3501.11
3390.24
3657.62
3535.06
3425.58
3452.06
3552.7
3745.49
3438.06
3693.7
3501.94
3714.38
3386.52
3293.66
3318.84
3446.08
3629.26
3840.82
3284.41
3486.52
3602.7
3371.78
3640.12
3545.68
3595.94
3316.46
3375.51
3381.72
3417.94
3491.64
3472.86
3379.37
3377.02
3729.26
3288.73
3579.08
3489.25
3328.38
3507.45
3588.51
3381.68
3439.36
3549.69
3504.43
3636.14
3500.12
3586.09
3427.24
3547.62
3610.79
3449.2
3544.62
3471.81
3540.79
3531.15
3214.53
3606.12
3554.56
3720.21
3645.68
3572.2
3472.8
3445.07
3443.68
3547.02
3504.96
3587.84
3401.37
3403.2
3327.86
3462.84
3568.24
3466.27
3845.1
3511.76
3516.22
3470.85
3447.54
3464.41
3623.11
3437.07
3536.15
3189.4
3356.04
3536.09
3509.1
3314.08
3613.2
3672.4
3458.69
3443.74
3612.59
3309.96
3520.47
3451.96
3534.81
3610.94
3470.41
3469.81
3681.05
3645.36
3584.17
3614.88
3616.52
3419.67
3773.67
3571.33
3579.88
3373.41
3438.48
3359.29
3552.22
3480.28
3421.52
3313.7
3481.66
3441.2
3597.3
3591.41
3726.67
3357.31
3605.49
3590.63
3471.91
3316.79
3281.82
3698.79
3376.23
3558.13
3771.21
3413.29
3594.89
3755.45
3520.48
3392.69
3375.7
3521.23
3705.51
3666.64
3616.59
3345.43
3461.49
3436.52
3287.41
3478.23
3684.63
3532.21
3377.67
3365.22
3496.99
3554.57
3441.66
3553.44
3597.21
3261.85
3320.98
3377.07
3420.47
3671.35
3602.83
3423.73
3564.93
3458.6
3501.34
3466.78
3524.42
3340.23
3444.24
3537.56
3593.94
3648.84
3532.29
3372.74
3693.99
3385.3
3267.64
3514.26
3524.03
3623.79
3616.98
3643.08
3914.41
3522.72
3343.17
3447.07
3629.2
3512.6
3604.9
3348
3351.08
3466.41
3687.4
3534.9
3457.03
3469.73
3528.97
3420.64
3570.46
3302.7
3491.55
3600.11
3622.91
3838.74
3399.25
3437.54
3542.43
3460.15
3510.52
3599.05
3430.68
3356.06
3534.2
3392.78
3476.36
3507.43
3577.71
3268.41
3305.96
3483.95
3420.31
3437.54
3347.67
3476.71
3580.06
3325.38
3412.96
3480.47
3485.34
3489.4
3496.06
3257.24
3472.03
3523.88
3876.92
3554.77
3560.7
3528.65
3282.85
3413.59
3491.48
3584.07
3207.49
3373.24
3406.15
3515.85
3549.47
3525.27
3597.07
3759.93
3385.45
3476.1
3553.86
3514.65
3464.17
3353.78
3560.1
3418.13
3323.83
3421.04
3648.17
3605.16
3445.68
3580.94
3471.5
3419.2
3699.21
3342.43
3524.62
3396.83
3562.4
3411.72
3428.33
3179.23
3496.29
3560.61
3446.94
3459.08
3516.33
3426.45
3419.98
3479.6
3405.09
3450.37
3416.23
3507.08
3630.17
3685.31
3603.44
3521.15
3330.6
3435.57
3524.6
3498.3
3414.4
3596.95
3547.08
3419.37
3538.38
3454.06
3472.16
3462.02
3569.44
3308.77
3395.34
3507.25
3406.45
3283.76
3322.21
3539.67
3500.05
3499.41
3618.19
3551.93
3507.93
3466.15
3358.65
3166.05
3508.52
3534.68
3710.77
3507.25
3788.7
3622.03
3514.82
3572.79
3527.72
3502.32
3405.95
3498
3614.51
3500.33
3530.44
3731.3
3465.33
3416.1
3384.3
3407.87
3568.94
3531
3852.01
3554.44
3423.92
3454.02
3314.46
3205.51
3458.74
3407.05
3412.55
3345.87
3597.14
3597.75
3657.91
3483.22
3459.88
3498.81
3508.55
3418.64
3286.08
3415.11
3708.7
3460.09
3584.96
3413.45
3716.87
3538.42
3370.14
3526.09
3744.18
3690.22
3500.16
3489.53
3309.26
3558.47
3325.08
3318.11
3322.73
3301.35
3559.84
3528.62
3264.88
3516.98
3503.77
3533.88
3258.43
3377.92
3511.72
3524.23
3655.54
3611.24
3441.81
3707.6
3539.24
3622.96
3518.99
3382.83
3522.33
3610.76
3347.83
3600.1
3478.25
3432.21
3328.05
3563.12
3463.46
3477.61
3494.38
3571.24
3576.3
3400.44
3116.21
3391.48
3309.56
3514.12
3398.9
3413.72
3437.23
3543.65
3644
3614.79
3411.57
3420.82
3552
3375.47
3495.81
3526.93
3722.93
3412.07
3485.53
3323.9
3553.92
3412.33
3333.96
3529.1
3507.8
3745.46
3521.61
3563.04
3755.06
3630.28
3583.52
3358.93
3326.23
3657.43
3523.81
3549.68
3622.04
3539.67
3420.69
3547.8
3650.85
3395.96
3608.84
3585.08
3425.83
3717.22
3514.55
3511.75
3528.62
3626.98
3492.62
3442.88
3631.78
3346.32
3477.98
3641.35
3553.53
3414
3405.08
3482.71
3556.62
3661.79
3717.56
3586.08
3541.17
3638.17
3412.59
3427.93
3552.31
3626.48
3418.81
3527.88
3608.22
3590.41
3540.33
3305.15
3543.99
3630.44
3551.15
3521.76
3318.69
3681.45
3484.53
3749.09
3392.82
3336.53
3187.64
3463.71
3474.54
3330.27
3697.8
3413.97
3477.7
3292.4
3638.84
3507.09
3451.45
3829.6
3512.22
3646.37
3672.06
3403.38
3487.35
3517.75
3279.72
3397.44
3420
3426.1
3358.59
3282.35
3495.8
3412.94
3367.6
3656.03
3557.28
3432.35
3522.07
3552.7
3357.79
3519.02
3467.75
3351.61
3482.11
3669.91
3367.14
3435.37
3657.47
3639.41
3611.02
3550.29
3406.19
3476.59
3514.25
3413.18
3437.78
3264
3702.55
3734.35
3453.38
3338.43
3612.34
3559.02
3567.13
3615.22
3306.18
3464.67
3513.37
3344.28
3612.3
3602.65
3374.84
3467.55
3292.33
3513.47
3459.66
3537.25
3527.79
3397.43
3558.59
3298.84
3516.47
3613.03
3451.74
3372.92
3284.79
3447.43
3378.17
3440.26
3383.99
3587.43
3579.92
3562.67
3313.94
3429.84
3536.86
3547.17
3454.12
3495.05
3382.82
3581.42
3461.31
3462.21
3316.47
3537.25
3696.56
3652.65
3635.26
3555.98
3635.82
3171.74
3357.27
3498.95
3544.84
3459.7
3477.14
3467.81
3466.88
3146.5
3461.56
3548.48
3313.54
3485.41
3343.32
3389.98
3375.34
3350.58
3325.29
3396.83
3429.01
3708.47
3572
3523.21
3496.4
3387.21
3757.69
3339.64
3589.67
3253.59
3481.18
3753.68
3436.55
3482.08
3474.1
3507.17
3482.67
3336.96
3661.62
3514.77
3518.28
3639.43
3431.78
3442
3446.89
3427.73
3455.46
3687.5
3641.66
3458.13
3606.58
3556.03
3496.48
3595.41
3491.25
3304.11
3596.16
3558.52
3447.77
3513.02
3477.93
3329.88
3681.35
3482.97
3438.93
3474.97
3692.22
3551.7
3446.43
3486.34
3321.31
3428.9
3696.67
3573.73
3664.06
3603.75
3208.11
3423.33
3269.28
3642.76
3314.94
3368.06
3440.69
3606.71
3557.67
3522.49
3573.6
3762.1
3741.87
3657.26
3640.15
3408.7
3624.64
3478.48
3679.37
3227.59
3685.12
3421.97
3682.97
3618.04
3442.91
3582.08
3399.97
3480.82
3597.6
3518.71
3357.72
3450.16
3559.4
3568.82
3329.47
3312.68
3365.39
3474.59
3385.33
3482.65
3130.16
3759.45
3515.72
3695.04
3227.68
3276.05
3526.82
3401.06
3463.91
3689.9
3424.38
3529.87
3523.77
3470.03
3458.25
3322.35
3524.07
3465.16
3576.37
3585.5
3360.33
3393.67
3364.41
3297.05
3450
3556.23
3584.07
3393.63
3581.95
3459.01
3489
3405.47
3589.5
3552.53
3730.54
3635.97
3294.49
3195.18
3442.46
3608.63
3461.5
3429.83
3480.03
3633.7
3205.08
3511.86
3582.81
3353.19
3544.43
3304.62
3512.5
3614.68
3620.17
3638.49
3645.79
3554.48
3481.04
3379.92
3515.37
3606.07
3782.75
3348.98
3428.06
3520.94
3392.36
3501.02
3423.59
3514.53
3244.71
3486.33
3432.42
3479.13
3653.42
3759.62
3307.45
3454.97
3484.48
3679.25
3678.7
3509.88
3547.63
3625.14
3341.99
3724.06
3411.35
3687.98
3212.78
3707.41
3399.66
3596.62
3110.35
3702
3395.24
3542.57
3606.83
3509.97
3411.99
3393.41
3472.25
3341.52
3633.69
3551.46
3772.3
3338.82
3551.99
3413.86
3532.43
3382.71
3255.54
3635.88
3440.67
3313.34
3389.09
3341.52
3369
3536.73
3454.84
3441.59
3654.98
3209.32
3463.77
3628.35
3419.16
3487.99
3541.3
3511.89
3434.57
3265.67
3407.92
3398.71
3512
3523.95
3476.7
3510.77
3648.79
3490.73
3753.71
3590.43
3368.87
3546.83
3687.99
3402.58
3502.67
3313.81
3554.56
3463.29
3502.42
3493.11
3436.94
3556.29
3550.86
3512.82
3670.76
3573.11
3549.81
3592.75
3491.49
3739.59
3309.65
3267.31
3588.92
3337.66
3393.6
3378.48
3508.29
3424.6
3637.59
3593.81
3475.41
3502.87
3653.94
3373.62
3508.33
3454.81
3529.46
3505.14
3562.03
3449.07
3632.63
3386.46
3522.68
3692.92
3475.02
3365.01
3329.57
3455.19
3424.49
3478.86
3566.84
3477.34
3382.56
3522.62
3736.8
3580.47
3509.67
3552.13
3425.55
3545.39
3093.37
3580.66
3525.75
3588.36
3433.13
3592.49
3301.26
3352.84
3537.35
3597.17
3276.71
3503.84
3473.17
3470.01
3434.29
3362.25
3374.32
3549.2
3529.74
3359.74
3495.06
3737.11
3484.5
3310.59
3465.52
3537.4
3333.83
3457.92
3512.87
3430.15
3272.78
3679.59
3560.6
3551.49
3294.43
3698.75
3328.52
3537.91
3556.14
3458.23
3515.59
3502.51
3528.66
3354.79
3535.64
3805.49
3385.18
3850.26
3351.05
3649.62
3329.42
3402.53
