1227.38
1326.91
1282.27
1125.77
1367.64
1246.44
1249.03
1338.42
1295.22
1201.32
1208.32
1210.83
1242.94
1246.17
1262.92
1271.59
1193.85
1261.7
1307.02
1249.97
1223.03
1190.76
1170.73
1220.67
1364.6
1202.87
1215.56
1146.32
1165.13
1247.07
1179.18
1173.03
1110.98
1136.3
1211.74
1199.73
1272.68
1310.1
1192.11
1270.18
1283.11
1401.17
1239.1
1242.66
1230.43
1198.92
1293.72
1316.34
1232.38
1191.01
1267.74
1225.29
1057.64
1303.38
1304
1136.77
1346.43
1281.51
1293.11
1319.71
1133.39
1303.72
1235.05
1250.52
1239.8
1183.23
1249.9
1371.34
1300.79
1139.54
1228.16
1261.91
1212.2
1171.95
1329.4
1275.32
1262.78
1199.17
1196.61
1110.16
1205.85
1261.84
1298.01
1320.63
1266.72
1222.51
1255.43
1182.98
1278.91
1341.3
1238.54
1265.85
1272.45
1350.66
1364.56
1240.55
1222.7
1207.25
1248.38
1236.66
1158.69
1208.28
1198.51
1259.59
1393.04
1276.59
1156.98
1370.57
1146.64
1247.81
1283.44
1123.16
1155.65
1237.06
1385.54
1380.34
1223.21
1135.31
1278.29
1266.42
1256.93
1347.6
1074.48
1201.33
1211.29
1303.96
1211.06
1378.61
1176.26
1279.35
1196.25
1269.31
1062.34
1172.13
1341.46
1196.34
1227.76
1171.66
1326.27
1303.52
1153.75
1272.73
1114.82
1247.06
1245.1
1189.88
1214.29
1240.97
1257.2
1275.85
1301.97
1217.17
1211.79
1363.08
1299.88
1234.95
1176.27
1145.18
1176.11
1260.45
1268.93
1240.31
1230.72
1292.08
1208.04
1177.83
1232.26
1176.47
1163.02
1369.46
1180.73
1213.49
1186
1257.85
1230.72
1175.11
1340.79
1352.45
1236.78
1135.42
1169.45
1347.46
1306.24
1197.31
1222.1
1185.55
1243.99
1336.69
1323.26
1398.22
1289.33
1145.95
1134.85
1273.54
1301.05
1147.23
1270.05
1294.37
1246
1278.29
1209.57
1180.23
1116.85
1106.91
1221.72
1256.99
1316.53
1301.24
1233.89
1317.3
1299.68
1115.22
1272.92
1230.06
1355.39
1307.54
1216.76
1232.63
1248.28
1178.11
1267.53
1155.84
1224.55
1156.03
1291.42
1197.71
1181.45
1231.06
1318.44
1168.41
1290.59
1273.5
1276.96
1285.65
1265.62
1202.78
1313.66
1187.78
1277.77
1141.27
1162.05
1292.62
1124.43
1262.18
1303.22
1274.94
1331.23
1228.24
1264.17
1257.07
1324.37
1147.4
1200.88
1255.72
1194.95
1302.9
1163.23
1263.2
1291.35
1229.15
1158.65
1208.44
1386.57
1403.22
1226.5
1227.6
1235.1
1234.2
1176.52
1183.82
1262.81
1165.21
1132.69
1194.75
1256.83
1172.95
1244.3
1353.26
1309.01
1161.02
1205.16
1143.08
1171.24
1353.79
1173.14
1254.54
1169.07
1371.51
1313.2
1290.42
1263.24
1196.35
1176.54
1242.34
1330.75
1263.59
1334.73
1207.94
1172.12
1122.34
1206.26
1255.41
1272.22
1275.84
1071.45
1246.78
1254.14
1405.5
1248.22
1169.69
1288.63
1426.77
1099.1
1307.1
1254.81
1258.77
1317.57
1164.91
1261.27
1275.1
1297.55
1218.87
1324.18
1208.47
1184.69
1222.39
1287.93
1227.85
1210.94
1210.13
1212.1
1127.99
1386.11
1176.2
1287.55
1302.68
1138.25
1178.57
1247.61
1209.33
1373.04
1225.58
1265.56
1314.06
1257.42
1264.38
1227.26
1323.8
1224.69
1227.38
1345.92
1152.28
1208.9
1253.2
1310.94
1154.97
1267.76
1322.21
1313.13
1177.98
1142.27
1096.74
1237.85
1379.89
1282.04
1287.01
1188.12
1225.92
1361.94
1159.32
1280.35
1195.13
1138.23
1282.23
1285.73
1108.65
1393.94
1271.2
1260.02
1351.14
1215.13
1374.81
1323.96
1178.98
1186.12
1290.54
1239.55
1231.93
1239.49
1392.33
1185.29
1213.86
1286.75
1192.95
1171.99
1185.49
1146.2
1352.27
1336.8
1220.17
1188.65
1234.43
1228.63
1200.43
1206.55
1293.15
1225.49
1319.6
1221.25
1336.04
1316.01
1343.99
1300.39
1337.66
1309.24
1190.25
1325.12
1128.37
1321.83
1269.36
1200.64
1257
1236.08
1284.99
1188.67
1271.96
1135.07
1205.23
1297.11
1211.34
1305.9
1163.09
1182.64
1206.21
1261.68
1357.36
1193.41
1243.07
1343.9
1231.3
1311.49
1247.27
1212.19
1292.56
1204.7
1325.95
1283.91
1156.9
1226.21
1153.83
1326.83
1144.63
1209.63
1103.7
1212.28
1173.11
1148.93
1182.93
1240.32
1232.88
1248.45
1268.95
1309.73
1189.6
1193.34
1155.5
1289.26
1188.94
1305.78
1257.19
1333.36
1398.09
1114.58
1209.84
1291.43
1298.59
1273.04
1284.14
1342.41
1237.49
1221.61
1244.65
1143.42
1245.23
1230.29
1222.68
1258.73
1321.37
1284.19
1208.18
1325.4
1236.11
1276.01
1187.99
1221.61
1248.51
1424.78
1245.74
1277.61
1182.81
1224.12
1120.42
1403.13
1154.23
1259.34
1451.24
1330.06
1236.28
1316.99
1197.88
1253.4
1194.03
1209.04
1249.56
1246.9
1294.11
1258.59
1268.2
1337.07
1341.34
1138.98
1203.28
1112.44
1299.04
1082.07
1285.7
1298.88
1294.13
1233.73
1227.07
1190.74
1223.78
1304.09
1169.7
1170.28
1189.04
1226.39
1249.07
1156.5
1185.58
1276.26
1249.69
1340.06
1267.5
1268.53
1262.91
1217.34
1275.81
1271.87
1366.63
1305.64
1255.29
1164
1358.8
1229.31
1240.38
1304.15
1255.92
1216.75
1255.36
1164.94
1099.98
1265.36
1207.88
1376.75
1305.03
1081.35
1357.32
1133.21
1333.55
1314.77
1198.8
1182.19
1310.16
1273.5
1369.14
1168.76
1232.12
1198.01
1255.62
1169.84
1226.46
1253.56
1253
1227.71
1302.29
1289.32
1328.36
1240.61
1273.24
1199.12
1289.12
1271.48
1292.3
1322.65
1280.01
1301.31
1158.91
1189.56
1234.57
1331.62
1251
1247.97
1216.49
1483.81
1346.54
1204.59
1284.07
1225.3
1392.98
1259.94
1353.54
1237.09
1213.61
1294.21
1266.6
1356.74
1293.03
1328.97
1181.18
1389.18
1268.53
1293.74
1267.6
1255.69
1318.85
1227.11
1256.63
1317.31
1268.93
1165.57
1303.84
1291.68
1184.49
1292.04
1260.7
1218.61
1198.01
1318.2
1204.02
1125.7
1300.43
1216.83
1303.77
1324.46
1257.03
1181.17
1272.84
1226.99
1237.85
1184.26
1231.81
1260.9
1232.88
1201.36
1285.06
1253.62
1268.48
1240.67
1268.31
1308.55
1179.13
1318.05
1164.23
1188.3
1333.74
1261.89
1301.29
1225.25
1259.47
1255.43
1311.91
1297.31
1323.19
1254.32
1206.51
1201.64
1238.13
1266.55
1296.11
1370.12
1182.95
1428.78
1228.57
1202.6
1323.27
1259.09
1164.56
1166.51
1197.31
1118.04
1316.17
1208.21
1261.23
1189.54
1262.09
1375.94
1314.09
1326.05
1278.54
1178.63
1312.98
1444
1299.89
1243.35
1151.38
1206.12
1220.42
1363.09
1272.74
1164.28
1258.79
1267.88
1195.86
1239.75
1211.74
1129.14
1213.65
1309.55
1181.11
1245.49
1228.1
1155.96
1203.48
1195.73
1315.73
1304.56
1284.95
1363.48
1287.16
1227.76
1286.99
1186.08
1117
1273.63
1163.75
1303.12
1220.39
1272.11
1263.02
1307.65
1170.7
1238.64
1221.99
1292.76
1325.72
1262.87
1384.62
1245.36
1192.7
1174.16
1265.77
1291.19
1250.78
1283.61
1364.42
1220.52
1184.68
1190.23
1327.05
1188.85
1280.4
1182.34
1239.52
1267.62
1163.36
1209.2
1119.08
1185.09
1281.43
1308.65
1169.05
1247.92
1264.11
1242.64
1391.99
1144.42
1392.22
1143.38
1347.16
1127.4
1231.01
1238.91
1234.2
1170.91
1235.81
1163.31
1163.8
1170.25
1266.72
1351.6
1287.74
1199.36
1270.25
1301.98
1311.54
1331.45
1115.36
1236.56
1376.92
1210.08
1195.58
1218.2
1260.19
1238.11
1338.59
1289.63
1308.21
1405.9
1227.36
1148.28
1246.99
1200.78
1255.19
1112.28
1290.42
1271.44
1232.12
1422.47
1315.48
1252.13
1339.14
1161.01
1448.01
1384.64
1189.27
1145.82
1212.5
1165.93
1360.24
1256.16
1113.6
1252.87
1330.87
1209.43
1312.93
1427.72
1468.99
1181.25
1214.17
1116.37
1209.74
1269.09
1148.23
1293.4
1243.48
1254.1
1225.32
1247.02
1224.04
1261.88
1211.5
1219.64
1188.57
1141.62
1234.55
1235.21
1169.56
1237.03
1311.35
1241.79
1221.33
1178.64
1093.25
1111.09
1134.29
1197.1
1291.66
1371.86
1174.25
1278.31
1322.21
1307.27
1201.29
1311.91
1241.36
1256.36
1199.8
1262.85
1273.08
1205
1219.25
1258.91
1296.57
1223.18
1357.49
1290.53
1229.61
1239.98
1251.79
1281.37
1276.99
1201.91
1251.76
1130.8
1107.18
1317.13
1345.71
1287.69
1279.03
1245.23
1315.11
1347.04
1299.72
1318.6
1213.07
1281.79
1252.58
1188.87
1197.35
1193.34
1144.14
1192.95
1210.09
1264.28
1303.54
1123.4
1168.16
1299.89
1326.89
1161.39
1049.84
1321.87
1255.76
1337.93
1267.95
1347.7
1312.23
1212.43
1083.8
1242.36
1239.6
1250.06
1350.46
1264.29
1350
1342.5
1221.78
1296.44
1251.98
1225.98
1234.57
1169
1229.85
1189.62
1256.66
1346.05
1288.39
1498.1
1252.87
1204.96
1210.26
1239.26
1253.84
1318.72
1326.04
1222.85
1299.53
1328.18
1164.05
1209.02
1360.99
1282.63
1224.19
1240.04
1284.03
1276.95
1269.4
1234.54
1267.98
1181.19
1152
1267.28
1142.89
1371.37
1294.44
1199.3
1319.99
1234.17
1136.72
1234.76
1153.08
1083.96
1119.14
1223.59
1350.25
1143.31
1200.64
1278.69
1171.5
1388.69
1204.26
1195.44
1205.3
1299.23
1354.26
1318.68
1127.41
1113.3
1322.79
1287.88
1243.22
1330.56
1277.64
1455.97
1318.28
1390.97
1282.66
1282.01
1360.4
1293.78
1187.75
1193.33
1228.72
1296.13
1263.65
1251.68
1244.61
1169.48
1282.23
1355.73
1218.82
1295.86
1335.63
1287.18
1248.73
1217.14
1096.33
1267.09
1226.93
1120.36
1267.84
1201.52
1260.77
1267.93
1166.89
1132.56
1228.39
1334.65
1171.78
1262.54
1328.06
1418.4
1329.32
1420.02
1216.25
1383.15
1286.46
1245.27
1234.72
1228.9
1271.98
1174.14
1226.6
1233.77
1280.09
1221.87
1172.94
1205.94
1165.92
1265.65
1339.36
1371.74
1221.96
1168.5
1249.12
1355.65
1367.5
1149.26
1255.22
1151.71
1334.22
1331.27
1189.18
1311.32
1347.86
1231.36
1346.32
1189.93
1313.86
1172.79
1205.45
1248.47
1280.03
1319.46
1251.08
1197.2
1295.64
1237.26
1355.71
1349.21
1349.11
1153.8
1381.27
1297.66
1301
1253.55
1301.93
1202.48
1300.18
1301.11
1261.8
1211.99
1328.99
1250.01
1302.58
1295.04
1243.11
1161.83
1243.59
1252.27
1301.65
1182.97
1234.02
1213.18
1311.52
1252.6
1371.74
1228.84
1368.27
1329.41
1324.37
1194.17
1288.92
1192.89
1326.72
1226.36
1291.21
1329.55
1351.37
1222.65
1327.95
1172.79
1140.94
1231.18
1268.91
1316.08
1193.23
1201.37
1231.46
1160.47
1204.81
1345.57
1238.19
1232.45
1267.18
1156.59
1297.45
1287.48
1169.92
1053.77
1345.92
1291.9
1206.16
1376.95
1267.81
1324.09
1290.42
1366.12
1311.93
1245.6
1241.82
1293.14
1237.66
1136.87
1282.04
1317.05
1191.24
1178.76
1331.39
1252.54
1275.57
1332.1
1218.16
1199.58
1124.13
1289.63
1279.92
1228.8
1085.9
1146.52
1264.59
1165.7
1210.26
1309.96
1228.05
1251.2
1211.99
1190.17
1320.46
1200.95
1179.94
1254.14
1236.98
1350.08
1126.7
1325.74
1274.69
1344.16
1169.41
1230.29
1243.29
1278.69
1370.86
1198.91
1234.67
1388.73
1178.02
1157.29
1225.75
1346.77
1168.16
1351.67
1314.8
1340.35
1237.76
1151.84
1339.86
1181.9
1181.37
1221.37
1279.52
1254.46
1309.71
1131.25
1220.8
1219.46
1203.33
1226.98
1197.83
1318.98
1250.89
1288.71
1273.86
1286.07
1238.26
1292.84
1280.34
1276.08
1290.49
1327.8
1218.26
1335.11
1238.93
1280.93
1262.58
1330.98
1245.87
1272.4
1186.82
1173.47
1247.66
1295.41
1126
1184.12
1311.5
1177.94
1244.57
1333.41
1304
1154.69
1286.27
1223.46
1135.89
1183.34
1364.45
1244.62
1304.54
1271.99
1183.56
1335.1
1265.85
1324.73
1268.75
1314.03
1102.16
1338.43
1188.55
1246.97
1214.75
1149.42
1232.72
1153.47
1235.11
1371.58
1279.69
1180.45
1236.36
1211.06
1238.59
1243.41
1227.23
1189.93
1200.41
1126.89
1114.39
1306.05
1170.29
1249.18
1299.68
1328.82
1109.3
1273.6
1320.67
1175.61
1333.76
1235.51
1294.41
1257.72
1098.67
1250.36
1289.97
1282.04
1316.49
1269.04
1193.6
1298.68
1145.18
1182.52
1288.93
1259.31
1197.12
1414.8
1301.38
1097.54
1296.47
1130.72
1315.85
1330.46
1336.92
1292.89
1239.13
1384.48
1311.25
1250.23
1279.22
1232.51
1210.84
1199.8
1117
1253.76
1156.16
1411.7
1229.06
1194.26
1241.99
1218.74
1219.71
1378.47
1275.19
1235.16
1317.71
1190.94
1114.77
1234.94
1307.84
1243.67
1171.52
1270.68
1270.48
1220.4
1181.35
1200.67
1216.97
1290.49
1274.91
1159.04
1317.27
1234
1290.32
1276.49
1287.25
1107.89
1244.38
1197.35
1223.51
1239.75
1151.58
1245.49
1247.76
1282.08
1295.76
1131.14
1309.73
1279.63
1340.79
1214.76
1287.73
1360.87
1289.83
1208.92
1245.59
1320.62
1199.58
1117.65
1126.57
1332.94
1216.59
1170.68
1230.59
1154.02
1226.67
1373.93
1222.92
1334.84
1209.4
1256.37
1209.6
1337.33
1217.36
1217.63
1243.65
1195.83
1175.03
1145.66
1295.2
1219.99
1291.67
1024.89
1257.39
1206.28
1208.21
1139.15
1210.09
1135.16
1244.06
1216.96
1118.52
1227.63
1202.2
1311.51
1336.12
1301.88
1251.88
1180.67
1324.1
1238.37
1171.15
1246.58
1285.92
1198.62
1320.39
1255.94
1179.04
1230.54
1199.67
1257.75
1210.08
1180.89
1310.16
1363.21
1317.15
1127.16
1229.89
1250.68
1423.06
1311.68
1309.78
1361.57
1253.7
1272.86
1390.84
1380.32
1223.18
1288.13
1287.31
1284.42
1191.59
1299.86
1299.38
1228
1183.55
1345.51
1278.98
1047.78
1163.07
1337.79
1237.9
1178.93
1246.05
1240.86
1299.74
1207.25
1261.32
1208.13
1319.22
1235.2
1241.71
1250.47
1133.99
1104.61
1272.24
1245.75
1270.79
1147.31
1281.57
1153.49
1420.01
1167.18
1213.22
1227.82
1157.66
1235.39
1252.78
1309.03
1219.62
1228.12
1322.49
1283
1157.58
1175.02
1316.12
1189.22
1195.2
1375.41
1162.94
1266.46
1285.53
1217.25
1261.02
1255.45
1176.26
1101.39
1297.83
1257.13
1232.33
1156.16
1295.1
1245.2
1189.14
1135.68
1404.14
1202.39
1209.73
1220.64
1247.39
1107.71
1311.69
1226.3
1264.68
1276.51
1287.87
1187.71
1273.62
1194.42
1152.06
1251.02
1309.13
1232.54
1202.23
1176.14
1220.2
1327
1395.02
1284.06
1289.66
1206.88
1334.58
1239.28
1354.43
1263.99
1298.8
1247.29
1192.49
1359.78
1298.71
1203.56
1234.25
1146.62
1242.88
1341.35
1208.2
1356.02
1243.05
1334.34
1292.33
1258.55
1311.87
1405.35
1267.29
1477.34
1410.06
1254.24
1237.19
1300.93
1262.5
1326.32
1233.11
1242.28
1191.33
1273.89
1214.54
1199.58
1209.14
1171.15
1180.37
1226.43
1367.26
1341.46
1349.81
1429.46
1160.56
1271.85
1329.77
1081.39
1239.37
1290.64
1296.67
1315.98
1217.22
1410.4
1285.03
1205.55
1174.51
1255.12
1329.56
1128.55
1245.8
1162.76
1204.85
1354.17
1326.61
1135.77
1268.84
1312.43
1245.34
1300.02
1226.06
1190.37
1233.55
1268.19
1189.58
1116.24
1264.17
1194.11
1150.89
1162.77
1174.55
1300.3
1203.86
1408.68
1215.3
1135.91
1326.07
1291.13
1287.1
1311.42
1197.56
1121.26
1225.29
1262.22
1268.21
1150.99
1218.15
1226.68
1220.13
1222.49
1407.36
1323.85
1273.35
1221.85
1231
1240.28
1195.62
1296.67
1242.11
1436.68
1188.86
1272.48
1253.95
1221.92
1277.85
1229.12
1210.47
1238.12
1235.52
1241.41
1192.31
1193.81
1191.47
1277.39
1135.27
1196.12
1184.03
1254.48
1277.91
1302.43
1273.66
1187.54
1171.76
1288.13
1326.84
1156.45
1316.5
1193.23
1288.87
1237.45
1206.39
1141.1
1358.83
1248.76
1233.22
1186
1261.24
1289.87
1184.27
1177.58
1176.56
1194.25
1186
1263.83
1201.44
1287.79
1173.94
1351.44
1197.52
1290.57
1247.3
1304.1
1410.04
1103.09
1254.21
1233.06
1293.82
1178.14
1364.09
1183.09
1137.5
1134.82
1240.04
1248.78
1235.4
1108.38
1303.71
1275.08
1360.07
1159.35
1219.75
1262.41
1359.37
1344.04
1248.8
1194.05
1227.41
1213.75
1193.98
1286.3
1328.57
1205.98
1170.73
1128.63
1270.04
1236.64
1232.2
1214.84
1185.21
1242.12
1191.58
1201.18
1301.49
1378.3
1189.09
1223.65
1200.74
1238.04
1170.38
1339.79
1106.45
1260.21
1292.81
1283.47
1228.32
1120.76
1235.31
1240.59
1244.09
1234.54
1299.7
1345.04
1243.47
1209.88
1356.72
1273.55
1256.15
1251.83
1313.18
1344.12
1260.29
1272.08
1195.45
1274.61
1334.19
1189.75
1189.32
1238.69
1202.83
1435.85
1259.61
1317.06
1234.44
1246.5
1252.1
1279.28
1116.77
1365.22
1094.96
1264.71
1184.11
1184.81
1271.97
1152.03
1169.63
1241.47
1341.72
1322.62
1302.87
1331.79
1236.3
1184.76
1300
1380.32
1404.81
1080.44
1330.53
1256.71
1321.53
1224.44
1180.65
1257.99
1201.32
1249.29
1263.49
1281.16
1244.08
1178.7
1378.88
1190.04
1217.97
1192.68
1132.84
1259.78
1241.2
1103.5
1228.62
1359.62
1299.76
1201.29
1227.07
1281.68
1212.1
1262.95
1211.31
1212.55
1312.93
1175.22
1248.13
1349.03
1373.52
1192.67
1300.95
1196.74
1216.59
1139.7
1226.24
1097.28
1275.46
1167.32
1166.92
1160.62
1302.29
1195.16
1194.65
1227.17
1325.28
1197.42
1232.16
1272.52
1195.75
1188.13
1198.08
1213.87
1225.31
1193.7
1346.3
1290.33
1144.73
1191.8
1131.79
1129.24
1269.8
1152.63
1287.9
1297.83
1179.26
1190.09
1301.51
1172.98
1226.68
1205.93
1315.72
1095.2
1353.14
1288.45
1246.97
1256.4
1248.44
1204.22
1284.78
1222.8
1199.48
1400.02
1306.37
1305.87
1310.89
1258.03
1208.48
1255.59
1169.43
1371.41
1255.8
1198.93
1201.06
1354.93
1287.88
1350.34
1253.58
1236.72
1146.11
1111.38
1206.87
1333.74
1248.3
1163.29
1166.88
1256.88
1365.83
1243.29
1162.78
1274.66
1181.16
1473.69
1184.95
1179.49
1195.44
1278.62
1248.26
1272.17
1216.05
1158.52
1211.2
1266.65
1359.52
1298.74
1278.7
1203.33
1272.38
1282.91
1269.99
1229.95
1306.57
1258.08
1285.33
1232.43
1161.6
1419.97
1268.1
1233.76
1273.17
1218.78
1232.33
1225.35
1241.73
1221.02
1301.39
1167.45
1188.43
1199.59
1334.06
1227.92
1284.64
1189.04
1281.95
1196.27
1117.07
1228.94
1324.22
1171.67
1286.62
1287.9
1238.7
1303.13
1222.71
1251.75
1189.83
1288.89
1265.93
1169.01
1319.46
1338.69
1259.81
1281.5
1289.87
1291.73
1286
1177.58
1165.32
1244.37
1335.71
1265.04
1152.78
1173.48
1242.72
1129.35
1258.45
1330.28
1245.29
1199.36
1311.59
1199.81
1064.79
1204.62
1162.75
1273.03
1227.96
1154.57
1104.93
1253.9
1158.37
1112.85
1326.91
1284.11
1321.93
1136.46
1254.36
1186.56
1219.35
1234.4
1316.08
1193.59
1283.16
1227.01
1231.22
1151.07
1268.55
1292.71
1193.38
1272.17
1235.57
1251.72
1321.79
1209.43
1240.41
1330.71
1196.16
1202.96
1369.44
1210.08
1237.63
1253.62
1344.19
1295.61
1259.41
1287.16
1243.26
1281.42
1172.44
1344
1233.87
1254.71
1139.85
1199.29
1018.76
1194.73
1382.3
1210.28
1422.19
1213.42
1220.46
1313.69
1141.65
1248.94
1229.71
1342.37
1296.89
1197.65
1268.06
1248.97
1187.41
1146.7
1126.37
1244.57
1254.73
1261.12
1297.5
1131.89
1236.87
1184.09
1332.55
1229
1299.76
1255.98
1223.93
1111.36
1277.31
1264.73
1236.36
1174.35
1302.49
1127.34
1171.45
1280.21
1165.43
1220.88
1214.35
1238.66
1227.41
1247.78
1285.72
1263.33
1081.91
1231.19
1237.53
1208.44
1216.14
1271.07
1259.7
1326.61
1148.03
1354.33
1236.59
1269.8
1253.23
1252.67
1148.28
1131.1
1288.07
1123.95
1221.64
1352.45
1197.59
1204
1172.79
1219.23
1240.77
1290.17
1205.28
1203.69
1312.52
1349.11
1282.12
1207.36
1296.36
1160.22
1404.72
1300.69
1317.65
1192.21
1196.9
1322.08
1263.45
1113.74
1262.98
1302.08
1286.95
1315.52
1263.69
1365.11
1227.36
1171.41
1215.1
1338.49
1244.68
1380.94
1238.59
1230.71
1179.16
1136.63
1322.31
1106.18
1135.67
1239.29
1349.55
1360.97
1254.5
1251.71
1243.49
1108.16
1214.61
1291.66
1307.26
1086.97
1213.84
1182.67
1272.87
1083.9
1410.67
1180.76
1387.79
1297.12
1221.88
1215.7
1228.01
1275.63
1289.03
1119.72
1283.61
1272.21
1350.54
1263.62
1256.68
1117.81
1165.1
1105.86
1315.64
1189.49
1196.07
1244.18
1234.95
1270.71
1289.13
1380.49
1177.42
1218.52
1082.91
1288.35
1211.02
1313.77
1215.17
1291.67
1177.13
1155.63
1215.26
1141.01
1319.35
1369.29
1193.32
1230.08
1238.14
1255.28
1106.59
1243.53
1189.33
1202.69
1189.88
1275.13
1402.75
1237.23
1245.76
1355.54
1307.13
1280.74
1244.67
1180.23
1234.95
1261.49
1295.79
1327.28
1223.77
1283.72
1217.52
1179.26
1346.02
1204.19
1296.66
1192.44
1114.37
1238.2
1255.76
1326.17
1215.81
1277.37
1145.25
1253.42
1195.58
1228.69
1172.84
1356.84
1320.06
1320.83
1199.49
1262.5
1280.47
1127.17
1298.64
1209.89
1326.05
1189.81
1304.15
1249.29
1161.64
1151.61
1193.63
1286.18
1375.26
1224.08
1200.12
1101.42
1282.21
1304.81
1155.14
1360.79
1195.21
1244.03
1272.91
1177.66
1224.69
1296.57
1353.65
1309.1
1205.96
1246.11
1174.32
1302.47
1252.75
1230.32
1278.03
1299.64
1111.87
1206.08
1200.64
1284.08
1371.68
1242.5
1120.21
1072.14
1301.19
1237.34
1295.14
1208.12
1171.26
1234.89
1220.54
1234.99
1140.29
1201.37
1226.56
1260.35
1264.06
1280.03
1195.24
1187.54
1319.61
1266.37
1244.52
1187.26
1107.64
1222.03
1304.68
1259.34
1152.89
1232.49
1178
1179.86
1296.18
1241.97
1173.19
1197.66
1228.71
1179.04
1295.06
1268.45
1218.91
1389.1
1224.57
1344.05
1296.09
1186.03
1252.42
1248.17
1277.58
1188.39
1304.27
1297.21
1270.2
1150.73
1365.42
1332.42
1329.19
1277.68
1271.7
1190.68
1346.54
1251.97
1242.52
1269.19
1210.33
1273.74
1251.06
1252.42
1202.3
1268.97
1290.51
1306.89
1207.52
1203.15
1237.45
1215.04
1395.55
1160.25
1326.55
1246.4
1229.34
1214.1
1256.46
1316.97
1239.72
1360.63
1274.86
1284.44
1375.5
1291.95
1149.53
1245.42
1131.27
1272.58
1195.15
1248.97
1286.08
1304.48
1216.41
1432.94
1272.72
1325.28
1297.56
1284.89
1252.34
1149.5
1238.42
1100.94
1101.84
1330.33
1379.91
1350.64
1340.94
1179.91
1266.96
1341.53
1149.16
1262.1
1214.22
1235.59
1241.08
1200.19
1200.4
1232.56
1148.21
1297.61
1290.69
1264.22
1266.4
1255.78
1296.32
1197.91
1173.18
1217.01
1284.44
1333.38
1155.3
1296.41
1268.5
1287.57
1180.05
1341.63
1274.81
1347.51
1227.47
1127.53
1241.28
1231.59
1216
1330.39
1202.02
1272.77
1258.85
1177.87
1255.3
1206.24
1220.18
1237.7
1161.08
1318.27
1261.6
1242.92
1237.24
1258.34
1296.81
1319.88
1288.45
1140.54
1174.98
1236.87
1159.47
1231.2
1259.86
1267.02
1214.75
1308.54
1335.81
1259.24
1082.16
1288.43
1223.39
1276.58
1153.72
1241.24
1240.37
1304.51
1289.72
1238.49
1307.71
1278.01
1186.4
1285.78
1312.61
1198.32
1200.16
1308.09
1320.3
1179.68
1334.72
1259.22
1221.45
1313.33
1221.64
1242.76
1212.76
1152.96
1249.11
1243.25
1192.96
1282.92
1218.84
1290.58
1133.57
1329.42
1269.44
1217.01
1282.74
1294.86
1294.8
1358.29
1231.33
1190.55
1227.75
1347.3
1230.12
1149.9
1136.34
1193.28
1201.35
1316.29
1367.05
1254.93
1269.21
1149.45
1144.38
1303.23
1246.76
1331.01
1167.53
1308.79
1186.01
1210.65
1228.2
1358.94
1337.69
1242.58
1217.07
1272.65
1331.16
1208.95
1278.54
1326.22
1198.27
1363.8
1295.71
1238.49
1307.16
1133.92
1315.52
1238.31
1222.92
1135.84
1229.91
1215.81
1331.1
1165.25
1284.41
1258.95
1346.23
1257.61
1234.71
1312.31
1302.81
1242.2
1242.97
1361.33
1121.35
1267.1
1338.91
1117.06
1397.28
1256.99
1202.98
1266.08
1215.8
1297.05
1192.61
1245.54
1220.02
1322.64
1315.58
1189.13
1307.06
1122.88
1187.4
1271.17
1180.36
1249.75
1280.68
1254.91
1334.42
1314.27
1219.21
1137.86
1176.77
1274.81
1190.54
1244.12
1191.04
1133.15
1219
1234.81
1215.25
1277.25
1289.44
1275.94
1190.45
1239.69
1380.96
1072.47
1275.76
1282.94
1317.78
1118.89
1414.98
1183.67
1205.47
1235.45
1182.51
1340.8
1236.84
1233.71
1323.75
1336.6
1183.13
1170.9
1206.79
1230.49
1156.42
1259.62
1327.44
1223.98
1242.31
1187.43
1322.01
1372.58
1235.82
1347.37
1227.59
1279.52
1184.66
1220.16
1316.23
1257.23
1255.03
1327.42
1197.73
1335.87
1190.19
1373.64
1083.38
1210.2
1222.73
1338.49
1207.13
1313.53
1208.47
1387.52
1276.68
1291.06
1174.05
1359.87
1144.26
1272.93
1240.77
1191.02
1095.74
1237.12
1261.61
1469.59
1261.5
1134.38
1227.25
1202
1378.85
1213.45
1303.11
1257.85
1267.56
1252.67
1211.12
1160.1
1255.33
1124.35
1226.36
1252.59
1234.54
1136.92
1204.06
1186.06
1140.77
1169.86
1313.66
1243.9
1289.41
1262.48
1255.02
1325.57
1266.07
1148.62
1250.61
1353.2
1193.73
1350.38
1212.53
1315.51
1229.72
1247.11
1170.9
1180
1184.53
1360.4
1201.93
1233.14
1387.16
1223.26
1208.47
1237.36
1253.44
1319.96
1255.81
1154.31
1295.15
1229.86
1406.02
1319.85
1227.02
1252.39
1266.81
1118.29
1238.47
1284.6
1350.96
1260.42
1345.28
1412.05
1247.67
1171.26
1137.58
1166.45
1209.92
1152.28
1198.58
1276.12
1239.71
1263.76
1420.7
1309.31
1213.62
1183.89
1310.63
1394.72
1268.34
1199.05
1266.07
1164.19
1374.69
1204.53
1215.31
1036.98
1216.18
1279.94
1315.95
1202.72
1332.61
1310.2
1266.42
1225.74
1276.47
1195.02
1128.82
1219.08
1233.89
1177.55
1405.59
1155.07
1299.8
1215.69
1226.18
1282.89
1417.06
1201.14
1219.18
1318.35
1344.72
1168.96
1184.74
1181.74
1278.15
1153.5
1325.13
1198.13
1288.56
1136.49
1220.9
1318.32
1213.45
1133.24
1215.5
1222.55
1229.67
1215.87
1384.47
1111.21
1209.3
1257.42
1178.93
1217.43
1353.6
1367.41
1234.09
1190.25
1275.48
1297.7
1077.69
1269.72
1276.11
1302.84
1303.36
1145.92
1116.23
1379.91
1291.07
1240.86
1257.84
1172.7
1267.41
1269.3
1341.54
1242.99
1297.05
1358.22
1220.16
1229.83
1335.57
1095.38
1182.66
1234.77
1123.28
1196.25
1195.76
1208.9
1257.3
1333.84
1238.74
1336
1132.79
1175.92
1134.42
1200.18
1187.5
1235.3
1321.04
1233.7
1213.13
1275.33
1259.21
1231.77
1410.67
1290.75
1272.22
1259.75
1215.8
1298.66
1385.75
1325.72
1298.18
1363.84
1162.94
1180.76
1367.93
1231.33
1179.81
1191.43
1311.72
1393.53
1232.46
1327.74
1279.07
1245.61
1271.25
1166.89
1211.94
1435.92
1344.03
1277.27
1239.68
1228.86
1251.01
1329.57
1170.79
1316.46
1345.95
1211.77
1255.09
1247.57
1178.98
1229.63
1140.41
1272.36
1255.13
1310.41
1279.34
1276.66
1319.07
1264.48
1236.87
1208.03
1424.68
1153.1
1284.04
1237.18
1281.91
1308.54
1166.26
1233.76
1260.84
1213.19
1243.07
1111.11
1308.95
1345.61
1200.55
1215.99
1239.53
1223.03
1137.73
1162.17
1322.99
1116.19
1138.82
1235.42
1281.8
1265.51
1209.09
1282.67
1207.34
1230.94
1358.24
1214.58
1203.73
1300.45
1399.31
1222.99
1274.88
1267
1119.23
1163.71
1242.14
1104.01
1160.71
1245.79
1208.77
1238.11
1237.17
1273.78
1292.43
1272.78
1203.07
1292.88
1296.94
1130.39
1135.04
1317.15
1272.07
1324.68
1264.15
1408.49
1298.87
1257.27
1232.64
1319.86
1205.34
1323.81
1320.31
1117.22
1235.7
1230.27
1284.68
1265.33
1179.78
1209.42
1190.65
1234.94
1075.67
1382.78
1328.75
1252.14
1216.56
1285.33
1244.41
1291.56
1105.25
1360.83
1247.08
1405.35
1154.99
1179.4
1297.88
1355.45
1102.85
1350.73
1308.26
1173.59
1177.13
1197.03
1200.66
1154.93
1231.8
1184.18
1170.72
1320.06
1261.54
1256.72
1319.75
1224.41
1251.78
1220.2
1267.04
1196.59
1266.67
1155.66
1232.75
1307.69
1258.16
1300.42
1191.33
1234.99
1198.01
1166.99
1348.02
1224.66
1312.4
1299.28
1246.5
1261.22
1119.68
1242.07
1125.46
1257.54
1247.89
1169.62
1408.43
1253.84
1174.41
1372.93
1311.77
1240.99
1315.37
1076.27
1259.62
1137.45
1198.39
1265.06
1236.98
1431.76
1230.43
1165.77
1229.45
1259.09
1228.75
1215.21
1268.25
1317.89
1337
1217.22
1257.86
1193.76
1250.28
1171.04
1188.04
1125.44
1226.14
1264.84
1225.18
1288.26
1301.41
1265.45
1224.79
1224.95
1275.43
1253.51
1118.01
1271.48
1276.6
1179.97
1209.1
1095.73
1179.26
1276.38
1204.09
1185.81
1277.07
1377.58
1257.24
1116.06
1235.87
1279.02
1274.31
1261.53
1215.05
1258.76
1154.95
1188.27
1364.1
1213.24
1292.44
1261.23
1260.23
1208.7
1273.23
1312.36
1206.47
1201.85
1211.11
1251.92
1385.29
1192.68
1244.58
1310.09
1336.97
1200.51
1166.04
1315.24
1208.2
1310.06
1195.94
1310.53
1181.46
1266.85
1135.06
1184.6
1246.56
1269.8
1239.98
1176.48
1372.11
1207.86
1221.11
1236.94
1259.77
1178.55
1266.92
1193.53
1260.86
1313.08
1331.5
1267.62
1323.18
1286.66
1172.38
1317.93
1285.41
1279.61
1128.47
1264.55
1232.73
1254.79
1322.28
1283.14
1249.65
1311.13
1174.52
1106.56
1226.01
1163.79
1143.77
1158.38
1317.78
1260.15
1259.18
1212.34
1288.59
1216.62
1223.91
1273.44
1243.3
1275.31
1342.25
1151.84
1256.03
1182.82
1199.04
1310.2
1195.37
1208.49
1240.67
1175.21
1392.47
1300.85
1178.94
1252.7
1288.87
1222.73
1281.13
1208.52
1339.82
1230.83
1238.14
1107.43
1318.32
1189.27
1238.81
1293.98
1291.65
1232.02
1289.5
1222.41
1358.65
1316.57
1291.81
1246.28
1205.64
1214.67
1250.96
1149.2
1245.17
1366.9
1273.06
1241.78
1333.11
1145.93
1235.61
1304.17
1180.75
1137.4
1168.1
1236.8
1194.49
1198.1
1179.64
1346.48
1284.75
1336.12
1162.74
1239.46
1219.68
1182.36
1163
1357.07
1160.28
1237.45
1227.11
1271.09
1261.1
1249.6
1285.28
1213.88
1126.12
1298.23
1186.35
1183.04
1133.88
1359.36
1258.1
1219.94
1201.87
1174.55
1225.07
1215.57
1278.86
1167.63
1110.58
1111.89
1171.73
1183.35
1290.85
1090.91
1367.93
1297.24
1100.07
1401.02
1169.84
1324.96
1283.48
1271.51
1327.3
1227.1
1176.06
1325.87
1282.52
1158.74
1224.95
1230.94
1265.28
1407.43
1250.2
1253.51
1229.75
1187.07
1285.75
1225.32
1270.47
1214.45
1184.45
1296.65
1358.14
1286.6
1266.46
1193.38
1296.99
1208.65
1208.04
1203.44
1212
1114.8
1297.27
1174.01
1289.61
1281.23
1236.42
1299.93
1231.93
1199.91
1069.07
1183.74
1231.87
1246.18
1348.47
1381.34
1204.3
1175.67
1312.53
1148.49
1243.93
1218.74
1308.75
1306.84
1286.17
1160.74
1275.34
1280.95
1288.31
1378.54
1213.12
1111.54
1218.28
1125.85
1227.32
1195.87
1229.17
1290.85
1322.68
1236.32
1234.05
1183.12
1265.04
1170.08
1170.68
1258.75
1268.95
1312.27
1176.56
1145.2
1340.86
1211.65
1234.07
1164.24
1258.34
1298.21
1096.83
1361.05
1263.24
1249.02
1149.39
1268.8
1186.52
1334.03
1275.33
1219.81
1249.23
1231.43
1201.36
1340.19
1284.41
1278.83
1296.48
1165.75
1219.71
1200.15
1221.82
1217.98
1230.5
1246.76
1243.17
1256.48
1202.14
1225.91
1199.1
1297.16
1205.43
1197.35
1266.24
1269.54
1114.68
1231.59
1290.64
1301.76
1177.31
1197.9
1212.74
1310.76
1271.13
1276.92
1272.04
1326.37
1282.31
1235.04
1325.32
1252.19
1298.63
1161.15
1110.22
1302.82
1207.75
1290.03
1192.78
1298.05
1142.65
1256.66
1184.93
1249.88
1180.15
1176.21
1313.58
1262.73
1204.96
1245.42
1129.37
1268.38
1294.12
1255.07
1316.94
1145.32
1362.25
1238.37
1326.88
1279.7
1256.58
1292.58
1217.06
1383.84
1229.41
1341.98
1288.8
1146.22
1375.7
1211.94
1135.62
1208.82
1209.77
1389.89
1191.03
1283.68
1360.29
1250.77
1225.59
1296.74
1383
1309.61
1357.92
1179.98
1110.68
1240.95
1424.25
1259.72
1304.86
1167.99
1314.63
1272.3
1262.18
1160.28
1227.69
1209.6
1159.96
1127.86
1377.73
1280.6
1199.3
1318.32
1378.66
1284.85
1287.21
1284.4
1077.62
1206.42
1266.34
1407.33
1289.11
1233.39
1261.81
1183.34
1258.71
1319.53
1280.89
1400.75
1390.91
1284.13
1336.75
1387.69
1263.63
1311.56
1300.25
1301.06
1219.98
1178.72
1218.99
1184.64
1181.84
1253.13
1277.47
1256.19
1402.2
1133.71
1164.38
1173.73
1222.09
1268
1293.67
1390.33
1382.64
1408.86
1166.11
1283.09
1311.01
1327.73
1152.42
1292.55
1321.43
1250.72
1197
1325.32
1140
1375.94
1224.04
1183.72
1164.7
1229.46
1171.03
1223.84
1275.17
1334.8
1303.81
1106.59
1263.99
1261.55
1226.83
1292.38
1260.6
1210.23
1175.87
1287.2
1189.5
1324.56
1310.55
1259.95
1318.87
1169.95
1254.71
1218.65
1284.62
1327.01
1293.74
1190.48
1161.43
1174.68
1224.49
1179.54
1122.78
1215.74
1224.13
1259.29
1203.98
1263.54
1165.3
1245.93
1304.53
1318.01
1173
1346.51
1432.76
1197.23
1347.17
1277.01
1277.16
1205.65
1298.67
1145.01
1138.12
1187.27
1192.76
1399.46
1252.92
1152.76
1242.72
1103.28
1239.71
1314.27
1182.27
1233.51
1153.75
1220.29
1173.72
1240.05
1170.57
1202.72
1261.18
1131.61
1217.91
1293.11
1312.12
1304.89
1228.69
1308.05
1172.94
1200.63
1211.87
1298.51
1439.91
1030.69
1412.91
1192.18
1232.17
1220.62
1226.9
1209.04
1190.86
1223.01
1097.76
1246.51
1157.66
1235.45
1278.99
1143.71
1155.76
1206.46
1218.48
1274.47
1279.33
1210.7
1146.48
1233.63
1263.79
1165.92
1244.37
1252.57
1258.18
1295.02
1225.03
1190.61
1328.11
1186.92
1261.56
1172.99
1247.85
1288.33
1316.57
1251.57
1238.71
1171.49
1224.04
1205.05
1237.77
1388.71
1305.8
1142.04
1160.96
1254.04
1192.07
1234.97
1247.49
1338.2
1246.74
1321.45
1205.09
1289.4
1107.76
1249.85
1236.48
1208.97
1399.21
1298.75
1167.27
1281.85
1286.09
1282.17
1127.13
1271.74
1298.69
1214.4
1344.63
1363.19
1271.14
1276.4
1334.77
1248.62
1241.81
1249.59
1277.47
1216.91
1187.81
1175.82
1264.24
1168.18
1205.85
1287.55
1243.33
1115.8
1415.83
1326.77
1316.91
1280.79
1190.87
1237.02
1243.65
1228.06
1173.83
1263.73
1321.17
1192.58
1259.55
1224.66
1297.75
1221.71
1195.57
1259.74
1319.93
1203.72
1243.65
1224.84
1276.52
1257.98
1350.47
1281.81
1152.79
1238.16
1112.54
1266.58
1284.77
1208.69
1369.04
1291.5
1234.08
1162.25
1473.55
1142.79
1234.25
1125.07
1191.52
1238.73
1136.74
1265.09
1187.6
1183.07
1208.24
1245.5
1269.92
1199.77
1169.06
1304.77
1267.12
1184.23
1278.12
1372.02
1148.89
1253.44
1252.14
1318.72
1302.83
1230.63
1165.06
1218.39
1231.24
1210.26
1373.08
1291.89
1176.34
1381.39
1210.41
1464.45
1187.45
1108.34
1232.19
1365.79
1098.3
1176.09
1248.22
1167.81
1286.75
1294.04
1252.26
1267.69
1215.61
1239.75
1120.98
1330.61
1232.66
1262.08
1296.8
1121.3
1255.02
1336.61
1230.01
1250.63
1248.58
1248.31
1366.81
1365.04
1311.95
1108.71
1204.13
1219.88
1081.26
1189.11
1236.11
1304.65
1228.69
1231.84
1182.85
1262.34
1202.05
1198.53
1233.6
1174.56
1161.17
1308.3
1312.23
1326.69
1129.1
1234.21
1245.85
1377.41
1302.25
1288.98
1292.21
1289.96
1226.07
1343.62
1237.36
1344.31
1270.39
1244.19
1258.83
1328.04
1321.23
1099.8
1172.24
1349.67
1334.58
1243.72
1347.45
1331.49
1237.89
1190.66
1238.27
1329.03
1309.28
1318.66
1306.6
1261.88
1250.51
1307.97
1240.3
1283.39
1333.49
1297.36
1231.04
1231.67
1257.48
1243.01
1219.69
1362.26
1141.75
1281.35
1297.49
1338.43
1296.06
1191.15
1299.02
1315.31
1284.84
1300.23
1261.89
1224.19
1107.73
1384.24
1250.55
1242.46
1225.89
1163.53
1323.65
1409.37
1129.9
1273.91
1438.31
1170.32
1292.46
1303.48
1191.44
1222.49
1169.04
1239.18
1263.5
1283.55
1389.53
1217.87
1373.18
1233.53
1294.48
1237.8
1358.75
1222.72
1177.34
1205.84
1304.93
1177.32
1287.2
1176.4
1119.92
1222.4
1259.23
1225.22
1226.58
1163.92
1225
1186.99
1154.68
1227.5
1241.22
1304.12
1160.89
1334.23
1255.88
1170.72
1259.07
1204.21
1285.77
1309.22
1359.84
1413.88
1181.99
1209.83
1200.15
1188.73
1305.16
1338.7
1475.3
1094.18
1142.8
1288.86
1145.44
1295.57
1339.89
1224.4
1369.78
1342.41
1296.42
1187.55
1382.34
1261.93
1229.62
1245.56
1212.23
1222
1371.18
1338.89
1206.31
1307.9
1209
1223.86
1323.54
1228.71
1169.47
1307.14
1150.2
1264.42
1098.94
1286.61
1228
1128.89
1392.97
1335.98
1266.21
1172.49
1307.26
1353.5
1417.79
1143.51
1215.59
1250.95
1294.39
1192.6
1034.5
1449.21
1153.39
1294.99
1188.2
1220.2
1211.02
1146.3
1173.24
1251.76
1256.38
1191.91
1224.83
1389.34
1300.79
1212.45
1151.89
1352.12
1350.11
1309.1
1161.49
1127.41
1263.83
1370.14
1224.98
1285.13
1209.62
1329.66
1260.88
1307.63
1234.05
1112.02
1289.65
1249.09
1256.19
1244.03
1202.82
1228.28
1170.66
1209.43
1345.34
1307.76
1142.55
1292.09
1155.37
1205.6
1300.9
1333.29
1257.57
1243.4
1253.25
1355.97
1329.78
1344.53
1169.49
1338.35
1171.57
1234.69
1213.53
1226.33
1327.13
1405.12
1308.12
1143.72
1186.03
1242.77
1173.8
1176.01
1239.47
1247.29
1288.38
1259.85
1138.67
1187.56
1183.23
1223.45
1162.06
1128.14
1284.14
1288.08
1229.27
1234.51
1253.04
1140.38
1168.54
1298.45
1224.72
1270.91
1199.97
1303.39
1313.76
1168.37
1155.29
1214.89
1288.55
1275.8
1200.2
1173.14
1277.93
1239.51
1092.86
1251.7
1209.36
1240.23
1270.38
1318.85
1240.13
1231.53
1277.71
1336.66
1218.55
1206.15
1447.06
1320.86
1291.64
1247.65
1410.79
1374.94
1265
1328.52
1262.16
1294.53
1267.66
1197.89
1202.21
1210.66
1383.59
1166.52
1262.34
1287.51
1240.2
1230.61
1395.06
1242.22
1277.07
1209.14
1243.22
1197.85
1124.2
1301.72
1279.44
1260.02
1096.95
1273.9
1208.29
1268.77
1173.23
1200.84
1330.23
1229.85
1341.79
1150.29
1149.79
1178.16
1266.33
1145.11
1217.48
1188.69
1283.62
1268.66
1258.81
1244.24
1166.46
1279.41
1321.05
1228.2
1234.08
1376.72
1277.71
1314.27
1234.09
1100.21
1306.2
1350.47
1279.34
1175.8
1260.18
1378.18
1201.64
1196.16
1249.96
1251.56
1144.93
1357.04
1134.8
1257.82
1210.05
1310.09
1296.24
1120.38
1248.09
1373.24
1278.99
1286.41
1332.62
1216.66
1300.8
1255.35
1199.89
1322.6
1343.25
1414.7
1218.83
1194.53
1285.16
1190.77
1292.88
1438.65
1195.44
1371.06
1212.42
1202.85
1318.9
1152.03
1257.71
980.32
1172.06
1281.68
1176.49
1279.2
1213.98
1333.97
1261.58
1254.76
1216.27
1171.97
1218.3
1234.59
1298.54
1189
1271.7
1206.43
1277.05
1249.16
1237.82
1159.24
1187.94
1228.82
1257.49
1338.8
1156.53
1308.82
1168.9
1261.1
1358.13
1233.99
1230.07
1388.55
1220.18
1341.04
1191.65
1301.21
1219.09
1202.69
1153.57
1127.63
1246.67
1304.27
1250.73
1233.6
1229.95
1279.71
1246.68
1327.62
1315.62
1398.01
1269.7
1267.39
1237.86
1182.03
1231.24
1320.26
1354.48
1273.66
1342.58
1297
1243.19
1281.23
1164.98
1250.65
1185.41
1236.43
1256.59
1242.03
1298.26
1189.01
1278.63
1215.15
1300.42
1276.03
1140.15
1284.27
1276.4
1333.07
1247.15
1196.71
1283.26
1350.53
1151.33
1299.84
1164.61
1408.12
1326
1280.02
1178.76
1304.29
1128.36
1235.74
1323.19
1279.75
1346.47
1222.55
1313.38
1264.44
1372.62
1186.34
1174.41
1095.66
1179.01
1284.91
1172.29
1237.43
1097.88
1242.47
1322.6
1150.05
1179.09
1229.14
1222.1
1304.9
1143.27
1328.46
1205.19
1351.99
1259.32
1102.16
1178.62
1195.76
1258
1282.67
1208.44
1166.8
1258.79
1181.06
1422.59
1198.71
1188.51
1185.61
1238.98
1264.98
1448.13
1302.58
1250.41
1310.66
1217.03
1276.29
1364.83
1231.3
1180.51
1475.75
1229.42
1308.57
1253.75
1161.53
1231.61
1317.39
1229.66
1269.53
1144.09
1247.18
1151.91
1287.7
1134.16
1197.41
1234.04
1261.48
1281.65
1300.7
1356.78
1250.23
1164.09
1292.49
1333.66
1146.22
1251.06
1168.53
1258.34
1200.47
1262.54
1263.74
1197.01
1149.99
1167.28
1293.2
1258.37
1170.25
1264.75
1211.81
1325.66
1204.25
1230.93
1174.86
1150.5
1192.75
1292.23
1183.55
1210.31
1323.39
1052.27
1218.7
1214.52
1364.3
1231.23
1318.93
1282.54
1259.53
1221.81
1188.28
1313.2
1138.21
1166.26
1301.06
1163.57
1313.16
1291.22
1250.78
1189.24
1247.25
1319.96
1123.06
1112.47
1281.63
1187.07
1133.97
1301.85
1197.51
1127.65
1245.87
1299.29
1278.62
1289.17
1378.68
1285.76
1177.37
1269.23
1216.98
1270.72
1213.16
1195.12
1170.68
1221.36
1211.32
1240.5
1183.94
1320.24
1341.27
1254.86
1181.91
1345.83
1189.99
1267.17
1254.04
1247.1
1311.6
1332.53
1128.34
1257.32
1216.53
1338.16
1110.17
1162.79
1188.33
1186.74
1273.32
1330.53
1197.26
1269.87
1198.97
1254.03
1262.77
1274.29
1296.2
1226.78
1152.7
1282.19
1315.59
1367.83
1230.15
1172.71
1290.04
1143.62
1276.16
1255
1338.98
1290.51
1130.16
1146.13
1166.99
1225.83
1359.56
1300.36
1216.54
1309.82
1257.83
1237.61
1153.4
1321.45
1156.35
1350.44
1244.89
1260.91
1234.78
1185.74
1173.8
1271.01
1308.45
1208.42
1289.17
1182.33
1272.45
1306.35
1315.95
1247.86
1240.5
1296.76
1251.29
1063.85
1286.62
1147.73
1278.65
1216.65
1300.02
1209.22
1258.79
1240.96
1273.74
1128.65
1301.85
1493.5
1213.73
1182.84
1234.34
1429.82
1336.73
1251.2
1300.3
1192.82
1309.39
1248.88
1171.39
1258.7
1135.73
1302.32
1201.54
1330.57
1126.24
1200.7
1188.56
1219.7
1265.99
1102.17
1175.03
1179.57
1283.97
1270.17
1357.41
1329.25
1235.83
1309.26
1264.61
1178.99
1391.21
1292.47
1138.42
1258.1
1178.83
1253.52
1305.1
1296.61
1272.4
1277.56
1170.13
1248.25
1343.5
1251.22
1367.89
1226.06
1174.28
1189.64
1391.39
1255.4
1203.31
1175.3
1296.3
1215.4
1271.09
1375.14
1253.93
1264.31
1203.28
1162.16
1268.83
1132.43
1230.49
1206.64
1343.83
1218.64
1229.06
1319
1167.43
1254.81
1333.6
1304.84
1245.21
1102.41
1223.76
1110.36
1223.04
1249.31
1216.21
1262.64
1142.08
1083.78
1320.5
1209.43
1177.05
1339.01
1376.82
1160.18
1211.74
1200.83
1240.45
1116.44
1108.05
1220.1
1210.81
1285.12
1293.98
1282.81
1339.78
1230.98
1201.34
1203.16
1249.65
1299.42
1309.09
1222.04
1191.56
1361.98
1318.22
1241.92
1298.53
1364.51
1420.83
1294.78
1186.46
1323.13
1197.43
1129.86
1307.95
1204.23
1273.05
1250.34
1292.48
1223.12
1210.69
1173.64
1147.27
1229
1231.85
1150.07
1385.13
1246.44
1129.16
1246.09
1299.58
1119.88
1207.24
1289.25
1223.49
1242.78
1180.99
1337.48
1316.85
1118.04
1303.33
1215.18
1252.55
1191.29
1246.04
1198.58
1177.5
1317.45
1215.81
1345.21
1202.7
1307.15
1258.94
1252.06
1179.65
1225.23
1294.06
1407.18
1395.7
1077.23
1261.01
1277.37
1238.49
1126.05
1402.9
1322.32
1304.57
1188.94
1182.89
1239.72
1201.05
1268.95
1183.39
1144.82
1093.13
1197.22
1181.5
1352.35
1193
1139.23
1232.65
1255.97
1322.75
1129.78
1309.71
1371.63
1196.09
1294.56
1313.54
1256.16
1324.86
1344.78
1179.69
1231.52
1350.14
1208.38
1363.85
1195.08
1203.3
1205.7
1250.01
1270.91
1303.46
1252.45
1198.88
1227.26
1281.38
1255.52
1188.38
1138.36
1259.08
1260.04
1264.46
1190.97
1231.01
1215.23
1162.61
1130.9
1224.3
1252.21
1256.27
1204.03
1293.03
1259.44
1308.21
1356.73
1265.36
1174.38
1180.91
1318.87
1247.55
1234.09
1193.77
1454.55
1118.16
1244.62
1288.56
1215.54
1162.86
1195.41
1283.52
1158.45
1256.61
1175.19
1309.43
1182.4
1165.53
1177.62
1178.55
1173.55
1090.57
1203.46
1340.66
1176.91
1227.54
1314.93
1152.75
1348.57
1258.02
1227.79
1349.45
1245
1319.31
1207.45
1307.38
1231.45
1288.28
1249.86
1246.04
1241
1267.33
1280.6
1385.89
1376.13
1262.78
1264.23
1111.52
1254.64
1242.46
1240.95
1316.63
1188.62
1216.17
1305.77
1387.18
1297.84
1213.96
1248.65
1312.13
1234.07
1354.06
1072.05
1112.31
1169.44
1388.09
1250.79
1097.15
1377.19
1260.4
1241.89
1052.92
1237.78
1259.25
1194.17
1263.69
1210.02
1388.35
1179.77
1300.04
1158.14
1342.74
1236.45
1114
1176.69
1169.53
1303.37
1275.9
1264.75
1277.04
1140.78
1215.69
1177.82
1281.51
1302.09
1199.88
1222.07
1317.2
1366.4
1230.79
1222.3
1133.28
1135.58
1259.57
1362.52
1249.55
1338.38
1132.53
1201.76
1387.63
1195.93
1140.2
1309.13
1239.02
1291.59
1176.58
1300.57
1291.59
1281.46
1193.4
1246.33
1217.85
1395.51
1283.2
1230.22
1283.06
1356.08
1305.38
1171.27
1273.45
1267.52
1259.95
1247.73
1114.65
1205.91
1308.2
1224.39
1294.42
1263.78
1211.93
1221.48
1316.97
1175.4
1299.97
1138
1318.3
1224.88
1297.75
1204.79
1297.58
1295.83
1321.61
1321.56
1240.38
1191.84
1328.59
1271.01
1226.66
1254.17
1245.37
1238.49
1042.33
1237.13
1402.63
1236.5
1254.14
1165.79
1251.07
1224.04
1257.67
1278.18
1243.35
1277.39
1322.99
1259.75
1243.2
1225.16
1210.94
1191.01
1160.45
1168.43
1266.34
1244.68
1314.04
1187.62
1132.8
1211.41
1277.18
1257.54
1181.09
1192.46
1164.76
1273.99
1247.05
1200.93
1217.78
1194.77
1383.63
1245.43
1240.8
1259.04
1204.02
1353.21
1130.22
1231.23
1281.73
1161.91
1174.05
1191.8
1166.17
1262.91
1212.57
1166.21
1313.26
1164.54
1280.58
1257.54
1127.98
1201.35
1367.34
1192.62
1197.58
1360.73
1244.56
1216.24
1287.72
1332
1287.51
1210.77
1334.87
1191.67
1274.74
1066.48
1175.57
1169.37
1249.53
1282.23
1177.85
1159.48
1327.29
1340.75
1221.56
1146.54
1256.2
1246.95
1280.87
1155.42
1317.18
1252.76
1241.92
1225.39
1208.42
1393.84
1213.62
1304.9
1199.48
1354.32
1385.77
1326.46
1142.82
1284.97
1179.65
1250.2
1219.5
1174.52
1309.46
1256.82
1340.95
1273.03
1362.09
1364.34
1249.03
1331.96
1280.94
1169.15
1321.95
1369.74
1311.38
1254.57
1314.15
1162.2
1231.51
1260.96
1188.26
1074.03
1255.27
1186.9
1224.07
1226.25
1263.31
1182.26
1139.92
1422.24
1145.09
1184.17
1111.18
1303.56
1143.43
1274.42
1256.36
1206.54
1262.44
1209.5
1302.37
1298.45
1307.64
1275.23
1282.16
1213.62
1244.79
1229.68
1203.2
1239.83
1330.96
1229.79
1271.48
1107.25
1249.25
1266.18
1215.36
1442.88
1245.67
1219.44
1242.44
1239.35
1279.41
1224.87
1314.52
1259.59
1329.28
1304.73
1221.96
1293.94
1266.37
1392.98
1296.44
1261.88
1349.49
1119.89
1227.3
1214.45
1274.73
1295.02
1186.2
1222.97
1243.43
1284.78
1336.79
1218.62
1213.38
1200.54
1305.9
1178.38
1154.31
1274.55
1216.16
1229.15
1203.79
1199.28
1228.37
1247.69
1187.29
1287.48
1204.33
1311.81
1242.03
1158.78
1200.01
1411.56
1238.8
1338.96
1260.64
1245.24
1364.78
1263.28
1322.6
1309.64
1197.55
1318.96
1287.45
1206.15
1335.93
1261.64
1133.45
1219.54
1222.46
1305.87
1415.83
1290.69
1160.28
1287.4
1264.37
1186.98
1272.36
1235.35
1348.82
1245.1
1275.75
1133.08
1221.24
1153.07
1223.97
1219.1
1232.94
1222.87
1253.07
1195.08
1255.59
1228.95
1235.21
1148.77
1328.58
1224.63
1183.88
1222.98
1196.66
1281.27
1211.47
1239.51
1121.64
1186.78
1459.93
1220.87
1391.02
1267.24
1219.64
1250.61
1180.94
1280.34
1201.81
1227.2
1136.57
1289.46
1298.89
1222.47
1259.92
1235.31
1255.54
1248.36
1238.18
1252.41
1222.8
1206.02
1134.71
1170.81
1067.79
1242.12
1151.53
1169.47
1216.03
1282.51
1225.27
1229.38
1306.55
1196.55
1260.48
1169.14
1412.4
1165.49
1249.86
1187.36
1314.87
1303.79
1280.03
1387.16
1178.92
1321.76
1200.24
1286.9
1250.68
1129.13
1272.57
1358.28
1222.36
1343.7
1234.59
1214.52
1164.27
1039.7
1198.64
1255.94
1259.49
1173.92
1266.95
1145.94
1215.54
1158.65
1159.86
1263.97
1136.9
1264.95
1256.64
1178.11
1240.85
1285.51
1284.13
1179.68
1248.07
1227.97
1247.06
1314.18
1266.79
1349.68
1444.58
1128.66
1159.81
1224.73
1185.6
1329.89
1229.31
1262.69
1206.95
1112.72
1394.3
1267.64
1206.23
1248.06
1262.86
1253.17
1148.1
1121.39
1241.9
1269.4
1239.08
1147.24
1142.66
1315.71
1204.36
1357.92
1240.52
1091.9
1229.37
1248.84
1186.78
1185.16
1233.46
1252.72
1179.57
1157.39
1279.78
1205.15
1239.51
1246.66
1365.62
1324.22
1165.81
1368.58
1180.03
1350.58
1203.37
1179.35
1307.27
1305.97
1198.98
1131.9
1207.13
1282.03
1271.62
1169.42
1091.77
1204.12
1209.07
1313.28
1315.91
1203.77
1175.01
1292.32
1140.11
1250.61
1215.86
1282.24
1142.73
1245.68
1276.74
1296.17
1166.4
1245.27
1199.06
1305.58
1398.26
1194.2
1291.04
1183.4
1209.68
1318.99
1258.06
1236.59
1124.39
1317.44
1301.79
1162.76
1244.58
1328.68
1309.41
1239.86
1302.39
1187.56
1425.2
1251.98
1291.82
1304.87
1177.29
1230.41
1133.93
1310.98
1298.08
1298.61
1148.15
1229.81
1293.68
1170.64
1195.2
1412.39
1240.77
1201.62
1355.11
1218.95
1236.77
1334.86
1350.35
1234.76
1180.44
1204.95
1213.21
1322.39
1259.11
1247.75
1394.91
1240.33
1374.07
1155.84
1280.61
1264.71
1137.76
1199
1236.93
1221.76
1223.02
1160.62
1267.81
1197.57
1142.97
1204.68
1194.95
1242.66
1194.43
1226.06
1227.58
1363.33
1292.62
1352.14
1186.06
1188.32
1241.39
1244.32
1211.06
1338.33
1183.34
1330.7
1201.81
1308.7
1297.05
1169.8
1177.35
1182.95
1276.19
1176.53
1322.38
1173.36
1432
1288.13
1231.56
1232.88
1228.28
1254.27
1190.68
1267.55
1233.5
1215.35
1231.71
1235.16
1201.26
1207.61
1231.04
1234.86
1177.85
1286.76
1259.04
1319.31
1177.92
1253.7
1227.1
1276.88
1289.97
1317.34
1208.08
1324.95
1251.74
1245.75
1205.59
1292.01
1237.86
1107.84
1146.31
1190.67
1123.65
1180.23
1145.07
1166.61
1308.48
1319.06
1345.71
1280.64
1351.01
1246.68
1189.9
1191.49
1234.29
1258.2
1199.3
1382.08
1208.94
1226.88
1247.03
1247.96
1293.84
1275.68
1172.95
1291.15
1128.81
1335.64
1275.71
1219.34
1143.46
1185
1177.76
1203.98
1132.44
1277.75
1226.03
1255.55
1403.96
1192.71
1302.82
1232.21
1276.96
1403.15
1209.23
1203.42
1186.05
1357.24
1283.93
1285.83
1332.74
1257.87
1230.59
1263.35
1157.5
1168.1
1324.22
1097.7
1276.1
1163.25
1215.38
1266.69
1240.83
1191.99
1365.72
1153.3
1149.85
1270.68
1176.11
1090.87
1290.15
1152.08
1352.22
1247.05
1275.07
1248.45
1201.3
1297.46
1312.06
1353.61
1140.29
1076.6
1199.29
1139.06
1291.49
1273.13
1206.95
1145.77
1194.71
1256.67
1257.51
1218.2
1227.55
1258.6
1372.18
1353.32
1279.81
1258.15
1332
1049.07
1257.56
1281.15
1260.59
1259.38
1315.47
1221.93
1258.17
1355.98
1233.63
1208.65
1278.67
1207.98
1244.13
1279.63
1233.69
1282.93
1074.08
1232.38
1263.89
1247.06
1237.61
1171.11
1305.71
1260.55
1200.17
1178.22
1277.59
1293.07
1068.65
1346.8
1266.54
1147.73
1221.18
1213.66
1237.39
1298.05
1140.68
1319.35
1244.63
1299.5
1268.57
1344.26
1181.17
1253.27
1351.42
1301.85
1234.6
1182.59
1204.2
1246.24
1204.81
1312.28
1273.65
1191.88
1319.55
1310.57
1188.57
1155.21
1274.34
1241.96
1313.75
1228.95
1267.89
1134.41
1273.08
1235.98
1325.06
1351.54
1167.79
1390.77
1269.72
1198.84
1174.86
1129.85
1278.62
1265.44
1244.66
1284.57
1114.62
1265.41
1307.22
1228.52
1217.25
1328.9
1135.31
1257.64
1234.33
1198.91
1231.87
1240.61
1115.88
1196.8
1261.12
1285.21
1263.21
1303.88
1259.93
1319.64
1242.96
1299.14
1296.83
1329.89
1239.6
1166.73
1344.98
1289.03
1207.52
1255.07
1165.33
1388.81
1284.51
1368.97
1260.64
1225.58
1308.34
1236.2
1292.18
1244.73
1158.47
1224.21
1124.02
1238.16
1118.96
1179.62
1237.79
1126.18
1106.71
1232.39
1217.02
1246.04
1320.06
1196.6
1236.5
1291.05
1291.18
1114.39
1207.44
1333.03
1275.11
1331.27
1026.93
1088.61
1196.04
1235.72
1238.35
1234.67
1303.98
1265.8
1262.41
1158.17
1267.21
1264.85
1286.45
1146.63
1153.85
1281.22
1155.8
1183.15
1273.31
1160.95
1288.41
1262.95
1328.73
1123.26
1242.18
1215.77
1255.71
1098.08
1228.45
1350.99
1362.95
1269.26
1276.5
1135.2
1352.43
1202.57
1389.07
1261.65
1284.59
1276.5
1218.64
1260.6
1228.54
1328.28
1217.11
1293.94
1436.33
1276.37
1184.3
1332.24
1161.62
1280.43
1120.63
1271.41
1379.91
1257.06
1255.91
1340.85
1253.83
1361.26
1314.09
1260.52
1335.09
1230.55
1264.38
1159.81
1262.08
1205.41
1255.62
1210.49
1204.28
1208.03
1165.17
1408.01
1300.95
1323.64
1258.64
1369.88
1253.38
1298.08
1296.13
1206.2
1146.2
1242.21
1129.25
1215.12
1174.58
1320.72
1224.15
1315.86
1139.08
1449.57
1269.13
1196.16
1208.84
1224.26
1164.9
1406.72
1314.79
1205.58
1240.6
1297.97
1139.7
1157.63
1163.02
1178.81
1327.27
1336.49
1152.67
1291.64
1159.77
1251.8
1227.17
1144.55
1320.68
1154.61
1160.64
1204.49
1274.52
1215.96
1307.11
1146.88
1188.98
1186
1221.3
1375.11
1369.88
1115.13
1275.81
1231.61
1251.59
1155.79
1335.49
1169.91
1223.34
1330.88
1258.22
1083.5
1244.4
1175.15
1370.81
1167.58
1164.25
1258.03
1190.59
1340.28
1247.36
1277.22
1271.62
1227.73
1194.27
1328.41
1175.27
1145.08
1384.81
1400.91
1263.92
1197.62
1191.01
1227.3
1243.61
1220.55
1322.17
1325.61
1218.04
1395.93
1288.03
1178.94
1274.32
1160.17
1124.78
1175.1
1149.11
1166.8
1189.5
1265.21
1156.64
1216.91
1310.47
1252.03
1221.72
1222.4
1296.44
1288.11
1212.58
1261.6
1280.99
1220.84
1187.4
1250.61
1239.28
1116.13
1255.99
1305.98
1311.93
1136.85
1203.33
1390.82
1197.48
1058.02
1154.97
1184.01
1141.71
1161.47
1436.62
1159.28
1235.68
1221.14
1168.45
1237.85
1188.36
1364.93
1284.83
1210.15
1248.24
1182.68
1143.12
1205.59
1230.75
1265.35
1173.86
1301.56
1218.42
1217.66
1216.97
1291.77
1238.64
1166.55
1254.22
1201.72
1198.8
1264.4
1211.41
1373.01
1353.8
1174.35
1326.48
1298.01
1234.4
1305.85
1225.08
1282.17
1228.63
1304.96
1262.49
1290.91
1223.34
1233.66
1410.71
1179.86
1260.13
1152.11
1262.99
1139.65
1323.25
1328.06
1164.68
1298.73
1211.36
1318.95
1080.64
1332.47
1250.19
1259.41
1306.03
1317.75
1335.98
1136.06
1146.66
1252.27
1143.72
1331.43
1275.8
1217.19
1252.44
1368.34
1274.08
1164
1177.71
1280
1251.23
1293.08
1248.78
1217.69
1369.11
1208.03
1351.22
1200.4
1285.85
1215.8
1341.31
1240.99
1441.18
1257.08
1337.43
1351.62
1162.51
1246.97
1096.59
1278.41
1317.29
1192.91
1177.63
1262.64
1334.02
1417.18
1139.38
1249.46
1192.99
1246.36
1279.24
1160.86
1278.71
1282.66
1072.96
1216.91
1252.45
1314.85
1243.54
1300.67
1236.69
1408.95
1351.98
1165.48
1224.7
1286.03
1104.71
1209.93
1307.91
1209.27
1240.29
1160.14
1273.17
1226.95
1273.69
1234.15
1263.62
1100.95
1275.59
1167.33
1324.25
1251.46
1229.93
1211.28
1366.71
1327.22
1260.44
1205.04
1325.58
1226.77
1217.51
1245.86
1255.31
1249.92
1259.95
1268.55
1145.92
1289.06
1300.69
1220.56
1154.11
1216.93
1262.63
1285.28
1273.19
1335.22
1160.77
1142.42
1107.5
1264.99
1310.59
1203.75
1221.86
1214.02
1277.42
1352.65
1288.83
1252.07
1362.78
1321.48
1220.62
1218.59
1182.48
1282.72
1271.97
1209.38
1255.17
1297.18
1221.07
1280.66
1100.36
1287.91
1210.66
1178.31
1275.76
1205.67
1252.6
1274.53
1170.32
1332.75
1118.64
1264.35
1199.23
1332.35
1177.08
1206.75
1399.94
1281.68
1294.43
1263.14
1167.7
1206.45
1251.98
1312.97
1265.39
1179.61
1287.36
1210.17
1257.26
1249.2
1162.74
1321.66
1190.61
1215.12
1228.74
1304.87
1221.54
1244.07
1132.77
1269.67
1295.15
1222.08
1253.91
1252.27
1238.48
1334.03
1177.15
1299.35
1266.12
1268.48
1235.97
1221.43
1244.67
1357.54
1240.83
1212.38
1245.29
1219.14
1200.99
1170.45
1166.04
1314.43
1226
1101.27
1077.37
1235.28
1320.19
1364.16
1152.83
1283.12
1246.13
1151.63
1188
1166.11
1229.2
1284.94
1186.81
1154.61
1269.57
1241.19
1337.56
1160.58
1156.97
1196.87
1312.33
1226.82
1261.21
1338.93
1239.98
1223.42
1150.63
1209.24
1245.55
1160.38
1196.91
1230.75
1374.76
1271.41
1308.88
1141.51
1256.1
1290.3
1227.02
1137.45
1254.5
1227.08
1269.71
1127.85
1142.78
1157.82
1235.64
1313.16
1300.34
1303.21
1311.27
1147.84
1257.4
1205.31
1215.37
1243.01
1318.61
1268.81
1130.35
1302.94
1269.23
1167.61
1321.22
1334.92
1295.22
1165.6
1284.79
1194.03
1277.79
1257.77
1195.9
1282.89
1306.16
1251.75
1189.73
1475.41
1316.2
1103.94
1277.21
1219.69
1230.64
1184.2
1376.15
1283.13
1238.05
1237.93
1225.6
1245.7
1295.75
1308.37
1396.6
1323.6
1230.5
1082.74
1181.71
1208.77
1279.98
1276.35
1197.57
1126.63
1184.55
1184.36
1252.81
1282.42
1168.32
1265.39
1236.17
1354.63
1304.49
1260.9
1364.5
1330.14
1232.65
1340.44
1298.97
1158.93
1343.94
1358.39
1260.86
1205.01
1304.2
1178.39
1330.01
1221.13
1166.07
1328.4
1224.97
1226.8
1213.09
1275.85
1204.07
1161.62
1395.69
1143.15
1207.22
1272.87
1164.59
1298.1
1252.44
1211.2
1327.6
1290.84
1107.95
1214.61
1216.38
1303.11
1243.32
1308.1
1210.07
1295.46
1258.15
1194.6
1303.17
1280.76
1241.47
1277.64
1147.77
1316.76
1313.79
1147.43
1170.1
1317.36
1259.58
1146.98
1299.14
1235.56
1326.12
1304.19
1293.57
1253.12
1290.83
1279.07
1335.59
1354.5
1267.31
1329.63
1166.03
1176.89
1257.39
1187.38
1158.63
1206.37
1300.01
1132.42
1375.51
1350.06
1372.95
1248.43
1232.79
1177.85
1309.8
1108.21
1326.74
1105.94
1202.03
1291.32
1260.51
1248.89
1125.76
1260.92
1260.74
1248.72
1239.03
1337.94
1131.67
1238.93
1154.08
1335.03
1236.73
1300.01
1348.98
1249.67
1087.16
1118.45
1163.96
1204.06
1192.86
1299.01
1230.27
1284.04
1297.7
1167.39
1304.24
1177.45
1265.02
1296.61
1417.19
1325.56
1253.18
1194.21
1227.4
1357.38
1207.47
1157.45
1310.36
1296.44
1246.39
1084.14
1254.14
1236.89
1265.28
1244.84
1260.98
1193.13
1343.82
1319.61
1498.52
1295.2
1319.18
1204.54
1069.06
1228.17
1274.75
1258.93
1274.77
1296.45
1233.26
1341.01
1235.31
1229.02
1363.08
1314.94
1296.74
1177.11
1388.69
1309.18
1219.76
1159.46
1239.58
1332.08
1325.97
1283.59
1259.03
1229.22
1216.58
1127.86
1220.58
1166.71
1365.25
1214.48
1220.09
1322.84
1241.8
1292.66
1140.71
1291.2
1222.77
1235.9
1259.88
1182.93
1252.44
1193.37
1199.06
1188.02
1130.79
1146.78
1167.56
1258.9
1264.48
1158.44
1264.35
1300.82
1240.96
1107.89
1222.43
1402.62
1156.23
1291.98
1229.56
1177.72
1175.65
1089.15
1272.91
1309.47
1183.95
1165.39
1245.09
1266.6
1256.26
1148.45
1205.7
1218.08
1296.83
1249.8
1203.32
1207.36
1309.69
1130.37
1261.79
1384.88
1300.46
1193.51
1333.14
1149.64
1153
1142.6
1313.98
1363.23
1278.15
1160.66
1304.42
1339.93
1313.76
1193.37
1274.59
1226.03
1312.33
1293.64
1350.56
1326.84
1164.23
1290.45
1351.12
1216.25
1184.07
1299.47
1177.59
1242.08
1409.42
1358.99
1314.2
1186.64
1198.16
1229.42
1179.8
1216.96
1205.77
1305.68
1144.27
1231.42
1236.4
1273.05
1237.2
1226.12
1214.9
1226.74
1184.8
1380.61
1246.89
1169.86
1236.44
1295.8
1337.69
1275.13
1244.85
1295.43
1299.92
1264.35
1304.19
1263.79
1258.95
1428.02
1269.08
1315.92
1318.85
1279
1211.51
1198.48
1355.64
1257.15
1366.95
1278.96
1194.39
1291.26
1315.99
1138.51
1176.89
1116.44
1115.36
1404.1
1407.4
1163.44
1183.66
1192.41
1248.73
1236.21
1171.89
1139.27
1303.56
1191.96
1204.29
1175.98
1263.32
1346.52
1041.1
1275.88
1276.84
1223.22
1243.47
1244.55
1260.17
1324.74
1249.51
1449.43
1339.71
1243.96
1239.05
1244.23
1191.85
1349.18
1288.56
1243.55
1277.82
1328.69
1236.38
1282.7
1333.15
1245.47
1262.24
1219.82
1400.6
1353.33
1178.59
1210.3
1138.92
1216.96
1354.37
1234.87
1279.96
1240.34
1310.08
1215.6
1251.89
1207.8
1324.06
1152.37
1245
1255.33
1226.25
1356.28
1207.86
1391.75
1426.75
1189.19
1095.85
1284.29
1232.01
1256.21
1334.76
1352.2
1132.4
1306.05
1283.54
1262.45
1250.47
1117.37
1272.58
1271.52
1256.47
1232.15
1221.41
1204.52
1192.21
1345.31
1217.84
1251.63
1239.35
1347.8
1246.84
1288.72
1181.96
1233.64
1221.57
1285.06
1253
1217.91
1230.53
1490.64
1125.4
1268.62
1219.64
1257.59
1259.47
1271.14
1143.21
1281.27
1248.41
1195.2
1326.17
1160.63
1232.35
1368.55
1215.91
1258.06
1338.36
1298.91
1340.18
1272.29
1164.97
1207.7
1279.64
1264.4
1278.13
1341.64
1330.01
1190.34
1242.67
1225.65
1191.8
1232.3
1201.4
1296.72
1219.57
1239.68
1213.8
1267.05
1276.66
1182.46
1252.25
1361.21
1271.2
1166.38
1146.43
1135.98
1261.16
1245.42
1210.28
1333.55
1242.44
1240.3
1187.39
1137.96
1163.33
1184.29
1335.59
1307.06
1261.94
1340.05
1340.44
1297.72
1268.22
1218.46
1234.46
1215.81
1262.49
1286.52
1168.51
1282.54
1224.01
1227.78
1278.05
1248.57
1166.25
1091.68
1331.46
1247.17
1225.56
1366.46
1235.56
1308.49
1272.05
1230.11
1260.69
1357.32
1258
1294.58
1193.91
1256.81
1361.06
1264.22
1149.37
1183.26
1223.15
1156.56
1118.45
1221.04
1239.65
1247.68
1243.48
1161.79
1361.1
1330.96
1255.4
1229.79
1194
1245.45
1211.79
1184.84
1207.68
1230.24
1267.74
1209.05
1192.71
1302.21
1187.98
1229.35
1375.87
1262.49
1265.11
1252.04
1262.96
1362.34
1201.22
1228.01
1341.6
1272.44
1163.97
1283.41
1169.31
1220.96
1181.68
1328.13
1275.64
1227.61
1221.71
1304.75
1305.61
1147.38
1109.81
1328.45
1244.53
1039.78
1236.77
1164.17
1087.29
1259.35
1212.67
1087.97
1208.23
1406.46
1361.83
1229.11
1131.91
1351.82
1206.85
1245.06
1242.51
1222.35
1351.5
1229.47
1170.54
1284.06
1199.7
1181.72
1135.93
1196.11
1412.5
1268.31
1307.43
1064.72
1276.95
1324.31
1225.33
1238.28
1171.01
1267.87
1298.95
1315.88
1338.04
1406.1
1203.88
1206.98
1167.34
1354.23
1197.54
1367.36
1292.22
1272.02
1132.95
1299.75
1286.75
1192.78
1211.34
1284.41
1229.11
1241.78
1293.05
1387.87
1284.33
1192.55
1341.37
1134.65
1249.65
1117.62
1316.56
1179.01
1163.7
1204.99
1250.63
1233.2
1301.76
1243.86
1175.29
1180.69
1375.54
1332.9
1286.95
1244.75
1241.46
1299.24
1311.52
1106.24
1262.12
1286.19
1214.73
1221.19
1274.97
1269.38
1273.63
1115.83
1093.03
1161.36
1185.24
1238.1
1083.55
1342.02
1148.05
1212.27
1255.82
1284.98
1243.72
1191.09
1260.65
1256.53
1328.21
1217.91
1205.95
1243.32
1343
1275.27
1286.25
1329.37
1377.73
1221.87
1147.23
1134.56
1190.16
1267.81
1218.2
1091.76
1267.71
1271.76
1140.56
1338.79
1302.93
1302.05
1204.99
1040.53
1240.12
1270.35
1244.39
1235.2
1292.12
1268.52
1207.06
1210.88
1291.75
1191.8
1300.81
1242.29
1399.9
1307.74
1354.48
1231.77
1025.1
1211
1303.97
1311.36
1356.17
1209.81
1240.76
1336.92
1246.83
1220.72
1261.18
1315.94
1127.6
1212.64
1252.16
1263.26
1272.67
1146.45
1203.1
1094.45
1287.54
1220.43
1327.21
1250.56
1166.22
1180.38
1273.35
1304.12
1195.1
1287.95
1256.13
1173.5
1272.18
1107.24
1179.98
1214.06
1233.31
1109.18
1277.34
1166.86
1261.72
1253.44
1206.52
1251.41
1167.07
1332.78
1243.91
1212.15
1234.01
1293.76
1250.32
1298.66
1350.08
1215.22
1119.85
1170.72
1203.6
1266.21
1292.63
1293.18
1072.95
1267.01
1341.99
1285.83
1190.74
1123.61
1241.28
1192.69
1097.8
1247.89
1179.9
1231.12
1140.71
1295.15
1109.51
1332.23
1245.53
1315.83
1357.05
1299.69
1357.94
1236.72
1210.5
1228.98
1271.3
1245.4
1240.79
1207.18
1160.81
1190.85
1144.08
1221.07
1237.35
1262.02
1305.61
1187.99
1154.22
1155.97
1294.07
1289.54
1379.82
1295.85
1273.15
1250.11
1387.24
1177.38
1222.96
1162.5
1144.5
1247.52
1172.15
1255.45
1199.5
1292.3
1219.1
1297.33
1269.64
1170.37
1325.44
1155
1267.14
1223.49
1277.42
1200.26
1208.41
1175.16
1217.09
1222.98
1272.67
1237.97
1300.27
1414.32
1170.52
1221.87
1302.13
1137.52
1408.23
1230.24
1307.11
1150.09
1106.43
1412.09
1234.87
1234.96
1251.38
1301.89
1225.78
1147.82
1248.27
1315.13
1335.46
1098.69
1232.85
1360.69
1236.3
1258.24
1309.16
1207.27
1214.74
1194.53
1184.44
1272.2
1176.33
1257.85
1196.08
1327.29
1202.24
1133.76
1335.28
1291.55
1276.14
1260.66
1227.45
1341.03
1182.77
1321.65
1160.96
1335.68
1186.97
1115.64
1341.39
1150.17
1258.41
1303.34
1329.59
1145.79
1270.41
1129.38
1332.2
1209.54
1309.34
1234.41
1251.11
1183.57
1228.42
1235.35
1278.4
1219.56
1252.46
1222.47
1159.27
1228.33
1341.45
1146.78
1267.98
1160.4
1321.86
1250.31
1295.87
1154.21
1223.14
1246.43
1228.48
1346.77
1290.65
1111.3
1245.42
1297.43
1352.56
1171.99
1283.08
1257.17
1272.39
1167.73
1222.23
1248.7
1174.42
1180.37
1074.48
1205.1
1297.14
1222.16
1345.85
1302.06
1204.47
1223.09
1243.68
1120.66
1284.03
1232.58
1129.29
1287.75
1208.1
1319.38
1217.01
1310.56
1402.04
1359.21
1238.03
1247.43
1347.66
1280.96
1157.1
1233.4
1316.89
1238.27
1343.35
1162.6
1283.91
1250.5
1282.84
1303.65
1344.31
1182.83
1129.43
1149.99
1236.07
1358.33
1119.7
1323.5
1132.36
1389.35
1287.06
1127.94
1240.42
1287.81
1229.64
1252.58
1298.88
1238.2
1161.99
1198.32
1240.51
1353.76
1191.75
1268.54
1179.69
1318.89
1188
1254.45
1364.54
1218.47
1226.76
1265.71
1323.15
1358.8
1338.38
1280.79
1097.5
1178.88
1250.26
1252.98
1246.19
1169.01
1199.32
1210.64
1309.61
1230.25
1237.71
1120.07
1261.17
1230.71
1362.49
1386.63
1337.13
1158.39
1254.01
1082.37
1209.71
1273.39
1138.89
1176.07
1212.89
1376.5
1275
1263.66
1274.67
1184.83
1212.98
1207.6
1466.77
1138.4
1226.04
1195.4
1256.12
1337.19
1264.54
1227.11
1115.61
1264.6
1187.57
1193.94
1208.81
1330.69
1233.16
1266.86
1198.37
1169.89
1256.4
1185.44
1300.67
1201.89
1091.57
1258.9
1362.35
1169.59
1225.88
1441.74
1125.29
1153.87
1348.2
1251.07
1283.52
1215.62
1234.19
1319.26
1289.34
1352.97
1296.38
1192.45
1103.15
1163.66
1316.57
1313.26
1330.62
1250.5
1198.25
1305.6
1245.56
1353.48
1376.44
1200.42
1258.11
1237.9
1271.37
1278.33
1344.11
1285.02
1220.77
1241.1
1155.79
1355.95
1308.16
1297.06
1208.4
1201.81
1269.5
1224.41
1154.53
1280.33
1303.65
1258.18
1228.47
1389.11
1268.76
1357.11
1183.12
1191.87
1173.7
1222.82
1268.38
1208.07
1500.39
1132.55
1348.82
1272.91
1300.87
1300.05
1233.74
1221.54
1064.7
1395.68
1173.91
1158.77
1412.8
1176.45
1168.41
1182.69
1314.48
1269.39
1287.8
1172.82
1227.8
1227.34
1376.99
1252.85
1355.26
1303.2
1195.79
1225.24
1299.12
1253.87
1215.47
1250.1
1277.83
1280.36
1270.74
1167.71
1350.1
1255.86
1183.21
1360.12
1215.72
1441.52
1278.46
1217.56
1195.16
1144.75
1342.76
1268.06
1204.43
1347.77
1243.2
1216
1181.61
1334.57
1281.7
1193.08
1113.24
1309.76
1258.4
1311.65
1291.04
1256.81
1344.68
1288.78
1153.27
1208.41
1270.52
1294.52
1282.54
1253.51
1372.95
1125.25
1279.76
1180.36
1209.56
1238.05
1144.86
1177.71
1378.61
1207.62
1142.8
1309.99
1391.24
1111.32
1221.51
1203.06
1228.18
1359.72
1243.81
1356.17
1254.95
1115.44
1274.13
1246.21
1247.94
1261.32
1307.88
1165.92
1378.8
1179.22
1146.9
1400.86
1257.89
1310.12
1080.27
1239.58
1306.24
1207.64
1196.92
1349.56
1298.94
1252.4
1244.05
1292.1
1250.2
1212.95
1220.03
1142.72
1222.99
1204.73
1273.41
1192.84
1172.17
1198.45
1302.82
1165.52
1298.52
1247.63
1205.12
1247.3
1221.29
1315.99
1167.12
1151.71
1167.14
1459.66
1264.8
1315.53
1190.07
1124.47
1176.9
1316.88
1156.35
1348.13
1255.4
1230.55
1331.26
1207.05
1282.08
1243.39
1241.48
1344.37
1339.51
1334.7
1374.29
1260.05
1347.2
1308.66
1232.17
1311.74
1156.2
1242.79
1143.93
1276.42
1173.1
1324.79
1248.98
1270.59
1173.59
1224.48
1332.91
1230.24
1319.12
1332.06
1309.28
1242.6
1338.77
1350.45
1149.37
1213.45
1197.39
1263.22
1205.17
1252.87
1300.1
1352.91
1303.05
1350.23
1239.67
1307.74
1300.74
1265.4
1384.86
1240.95
1213.89
1279.23
1325.92
1264.01
1322.48
1172.59
1172.59
1204.23
1182.26
1222.71
1221.4
1245.84
1195.23
1218.89
1329.01
1234.79
1277.14
1194.55
1121.13
1401.49
1191.26
1227.05
1286.79
1247.96
1160.6
1163.81
1391.16
1308.79
1280.48
1223.15
1232.27
1272.7
1315.4
1399.4
1300.4
1208.57
1214.88
1283.14
1300.61
1263.39
1215.07
1281.75
1285.96
1265.86
1094.77
1285.29
1203.22
1203.27
1210.69
1248.57
1192.14
1392.04
1346.97
1239.44
1246.73
1199.44
1287.91
1201
1311.67
1269.25
1252.06
1226.35
1386.12
1176.61
1180.55
1210.67
1189.41
1347.71
1247.99
1323.48
1247.51
1246.31
1281.7
1185.77
1137.03
1240.35
1345.13
1161.23
1238.25
1246.46
1299.03
1282.48
1152.01
1138.71
1304.48
1205.3
1345.15
1203.58
1244.62
1242.06
1376.44
1274.19
1277.86
1344.71
1181.87
1208.34
1350.8
1252.1
1244.52
1225.98
1188.82
1147.97
1219.47
1206.44
1134.32
1192.12
1230.53
1339.48
1233.55
1158.46
1295
1224.62
1159.95
1379.81
1165.59
1290.34
1267.97
1223.54
1237.41
1167.83
1191.63
1296.93
1220
1170.96
1291.04
1268.45
1300.94
1205.32
1294.73
1314.21
1144.97
1269.62
1195.18
1243.45
1170.78
1286.73
1385.95
1143.35
1114.65
1265.33
1186.6
1194.5
1299.3
1296.9
1165.11
1269.43
1346.24
1353.8
1311.44
1109.51
1179.87
1294.85
1205.42
1217.28
1186.55
1236.05
1326.32
1292.58
1179.36
1193.67
1123.45
1211.71
1303.29
1260.7
1336.68
1263.91
1243.5
1328.19
1161.56
1269.47
1247.83
1242.37
1290.01
1258.95
1243.09
1203.73
1192.5
1354.36
1390.95
1351.97
1147.74
1160.23
1219.15
1267.38
1234.95
1253.83
1255.67
1169.52
1393.53
1256.34
1206
1237.14
1123.99
1323.18
1312.13
1244.66
1319.97
1149.29
1187.82
1276.9
1268.61
1121.03
1192.43
1274.72
1181.07
1169
1284.68
1254.63
1154.15
1257.05
1316.18
1443.62
1286.61
1246.9
1173.62
1307.15
1372.17
1318.87
1273
1151.65
1260.72
1150.86
1185.63
1238.22
1317.06
1233.74
1154.05
1289.65
1293.35
1219.02
1314.63
1233.1
1283.3
1188.49
1347.76
1374.88
1242.45
1323.49
1201.75
1356.72
1338.37
1206.76
1300.61
1269.49
1215.23
1256.63
1182.17
1333.04
1192.89
1292.21
1275.68
1206.94
1174.01
1164.97
1278.78
1345.41
1243.65
1242.64
1185.83
1168.85
1353.23
1202.72
1156.58
1348.64
1246.33
1340.75
1227.41
1263.06
1284.18
1301.03
1206.1
1171.9
1221.1
1372.91
1316.68
1223.55
1273.12
1142.61
1334
1309.77
1314.8
1152.47
1233.83
1251.74
1328.99
1213.52
1308.34
1208.35
1289.75
1182.8
1187.45
1424.58
1387.64
1260.7
1353.22
1352.97
1131.46
1252.96
1250.37
1392.19
1280.78
1238.45
1277.7
1257.3
1233.56
1352.14
1226.53
1255.58
1166.03
1196.25
1236.05
1089.99
1151.72
1301.37
1376.63
1199.45
1218.45
1214.49
1300.75
1155.15
1301.09
1397.21
1296.28
1325.92
1344.03
1144.99
1332
1268.66
1208.04
1158.64
1220.22
1199.09
1249.85
1152.72
1248.87
1222.02
1307.12
1246.98
1182.11
1248.2
1164.22
1191.49
1194.91
1213.49
1286.94
1178.23
1292.9
1190.2
1310.51
1339.07
1154.12
1401.91
1315.78
1261.3
1160.53
1278.73
1273.73
1302.64
1336.76
1319.89
1155.86
1217.6
1284.42
1081.12
1251.95
1245.81
1392.76
1340.09
1220.89
1244.68
1441.29
1367.56
1201.98
1191.38
1242.58
1249.76
1193.07
1172.5
1158.43
1180.37
1133.3
1240.11
1234.6
1394.99
1146.25
1215.47
1314.06
1256.36
1333.39
1185.55
1149.66
1330.3
1188.17
1243.97
1417.09
1239.48
1309.97
1089.4
1222.12
1288.78
1306.66
1346.02
1250.35
1247.55
1215.02
1252.86
1093.47
1251.36
1119.68
1222.86
1154.06
1385.86
1183.79
1365.13
1281.8
1313.83
1176.75
1276.59
1278.81
1182.74
1276.4
1208.28
1213.7
1219.18
1316.45
1224.91
1229.62
1237.28
1310.83
1244.27
1246.55
1198.86
1227.71
1229.9
1368.24
1196.98
1178.26
1131.31
1226.42
1278.81
1239.38
1234.02
1284.28
1211.33
1363.77
1197.12
1195.87
1309.66
1349.76
1332.55
1344.91
1301.3
1151.19
1371.25
1292.58
1306.69
1286.56
1239
1280.18
1253.98
1364.84
1121.55
1283.22
1341.4
1205.98
1353.1
1428.56
1259.36
1224.45
1220.13
1263.9
1236.12
1180.56
1270.9
1255.22
1178.7
1379.06
1208.42
1257.48
1242.4
1152.04
1223.45
1211.93
1302.77
1330.77
1273.87
1318.47
1202.37
1222.94
1282
1300.78
1278.59
1235.21
1264.59
1311.17
1195.26
1232.62
1263.45
1249.81
1240.9
1284.78
1214.51
1171.34
1269.16
1391.24
1275.14
1294.54
1274.68
1247.31
1246.29
1153.95
1395.01
1296.92
1259.75
1291.3
1204.02
1175.07
1162.01
1281.57
1239.5
1403.83
1226.78
1177.34
1358.29
1145.43
1262.27
1249.27
1168.07
1182.45
1296.26
1240.15
1349.13
1176.73
1308.5
1281.03
1133.82
1174.47
1371.89
1208.29
1284.13
1268.45
1256.88
1273.46
1177.87
1305.53
1354
1222.46
1209.58
1200.8
1214.02
1238.37
1361.36
1305.21
1285.18
1189.99
1235.03
1257.55
1272.02
1241.51
1227.74
1205.48
1280.61
1248.53
1337.29
1253.9
1421.53
1291.52
1272.8
1209.25
1247.85
1234.12
1339.06
1353.45
1269.77
1270.39
1253.39
1283.25
1221.49
1151.6
1199.38
1218.33
1208.77
1210.89
1341.1
1229.83
1184.92
1247.43
1245.48
1270.68
1300.3
1221.11
1367.61
1307.49
1179.1
1182.84
1184.89
1272.36
1253.8
1278.75
1289.39
1274.38
1274.48
1241
1263.23
1149.55
1346.01
1209.97
1214.88
1319.38
1148.79
1115.94
1365.31
1272.06
1200.51
1246.09
1332.73
1246.69
1184.35
1266.55
1231.24
1230.26
1283.31
1246.93
1254.22
1219.21
1289.11
1280.84
1229.45
1253.65
1233.2
1293.09
1241.43
1210.68
1213.69
1221.39
1165.36
1272.68
1149.78
1330.05
1289.88
1204.11
1259.31
1243.81
1164.68
1170.63
1236.81
1255.1
1318.81
1254.07
1292.54
1262.09
1249.71
1234.37
1164.11
1369.22
1230.5
1265.87
1309.12
1196.82
1237.25
1272.51
1290.69
1224.53
1302.34
1170.2
1253.2
1262.65
1177.91
1275.98
1384.51
1356.64
1265.6
1266.2
1291.7
1310.43
1269.39
1165.31
1289.99
1335
1302.92
1329.11
1262.94
1248.98
1179.66
1196.62
1209.49
1219.42
1174.37
1327.41
1293.49
1313.79
1142.36
1233.53
1187.62
1386.53
1250.59
1187.31
1334.31
1252.27
1352.24
1231.21
1286.49
1168.99
1360.03
1245.5
1206.24
1182.74
1098.49
1295.9
1326.44
1177.41
1246
1212.59
1335.93
1248.67
1227.88
1207.13
1249.9
1198.26
1391.91
1194.2
1310.98
1186.21
1316.45
1287.86
1226.28
1242.89
1068.6
1249
1280.67
1218.26
1152.8
1191.5
1118.03
1233.56
1260.49
1290.78
1187.45
1087.64
1292.71
1278.41
1370.27
1293.9
1150.69
1389.43
1226.99
1461.79
1329.95
1243.48
1287.01
1123.84
1248.42
1403.11
1161.47
1139.16
1243.2
1020.55
1146.02
1309.34
1164.07
1287.38
1283.02
1369.64
1224.71
1378.68
1276.91
1080.59
1154.81
1212.3
1218.73
1218.38
1107.35
1252.83
1255.04
1408.07
1077.75
1248.81
1184.39
1314.41
1155.26
1326.29
1302.63
1294.93
1321.77
1252.06
1220.15
1232
1288.22
1347.99
1148.12
1232.92
1258.89
1275.42
1361.55
1314.27
1157.07
1300.07
1233.03
1175.62
1218.13
1338.5
1238.11
1233.8
1241.58
1294.33
1297.39
1190.64
1288.44
1300.52
1290.57
1261.02
1242.19
1221.44
1107.91
1255.39
1321.47
1232.63
1129.12
1195.96
1109.2
1169.85
1353.54
1288.77
1304.78
1275.3
1174.28
1222.19
1316.09
1223.75
1223.83
1144.82
1338.42
1242.62
1353.16
1210.04
1171.79
1243.54
1271.76
1227.83
1298.28
1151.27
1317.48
1183.91
1261.05
1163.1
1362.26
1222.16
1264.57
1232.45
1154.49
1351.72
1382.82
1198.26
1259.46
1141.38
1281.81
1206.59
1375.76
1347.41
1364.52
1204.06
1215.25
1329.58
1392.38
1200.79
1174.74
1221.3
1292.84
1229.38
1231.92
1327.78
1237.34
1384.64
1249.28
1169.03
1044.29
1416.33
1167.43
1257.92
1220.18
1226.33
1279.73
1240.91
1315.19
1111.19
1213.14
1177.01
1204.95
1163.31
1211.34
1133.21
1184.24
1305.12
1234.04
1245.53
1241.94
1469.53
1247.9
1156.24
1230.03
1293.41
1175.72
1260.28
1205.05
1352.66
1213.21
1134.49
1240
1221.7
1157.52
1135.05
1300.85
1250.15
1367.07
1144.72
1229.15
1192.49
1289.13
1311.61
1146.08
1258.92
1220.94
1277.53
1333.18
1194.21
1263.24
1258.09
1329.48
1292.99
1136.03
1187.73
1244.79
1241.15
1184.71
1272.29
1238.32
1107.92
1324.61
1159.65
1224.66
1310.24
1306.55
1185.98
1247.27
1223.47
1244.65
1210.62
1170.02
1244.38
1405.71
1360.57
1243.68
1221.85
1225.21
1396.47
1277.32
1269.44
1271.52
1252.81
1245.05
1314.22
1405.81
1294.16
1148.79
1339.96
1277.96
1155.72
1274.68
1202.5
1478.75
1231.46
1265.42
1148.25
1175.06
1261.71
1199.76
1227
1306.5
1295.62
1317.19
1144.3
1253
1099.17
1202.94
1305.24
1169.73
1198.53
1174.89
1216.32
1248.86
1186.85
1267.89
1336.99
1194.16
1194.91
1164.25
1227.16
1282.71
1168.66
1224.3
1313.08
1253.03
1268.87
1244.15
1131.75
1315.98
1192.14
1154.12
1163.73
1301.84
1233.85
1196.26
1249.05
1120.5
1268.66
1219.19
1287.15
1273.12
1212.95
1213.91
1205
1230.01
1239.33
1252.24
1318.76
1234.32
1287.11
1181.38
1223.49
1217.3
1326.37
1277.48
1373.8
1188.09
1295.14
1157.45
1317.56
1217.86
1356.33
1139.89
1339.59
1281.19
1330.95
1225.45
1232.34
1120.84
1204.9
1360.06
1246.71
1246.07
1274.59
1242.42
1275.33
1291.01
1129.96
1246.53
1342.39
1176.99
1150.1
1318.62
1250.19
1195.66
1252.88
1182.93
1195.18
1170.65
1302.62
1195.15
1274.19
1237.16
1298.92
1303.86
1168.41
1253.77
1238.72
1128.09
1170.57
1150
1323.46
1291.09
1245.87
1338.65
1296.71
1273.72
1254.82
1223.42
1172.66
1256.14
1248.15
1148.99
1246.26
1271.23
1162.37
1386.52
1141.18
1209.83
1155.25
1273.78
1381.29
1080.94
1231.67
1386.23
1255.65
1397.76
1199.36
1272.05
1109.81
1216.92
1153.13
1148.8
1278.35
1329.13
1250.27
1331.54
1191.67
1185.02
1165.31
1289.63
1287.49
1307.84
1261.34
1329.8
1205.84
1235.37
1257.83
1344.47
1386.27
1223.3
1247.7
1236.05
1366.53
1295.07
1118.54
1243.21
1230.39
1221.92
1238.87
1153.16
1171.82
1268.91
1133.03
1270.34
1338.79
1302.59
1272.73
1264.51
1138.35
1197.32
1259.13
1192.92
1266.31
1249.58
1104.11
1293.75
1273.34
1209.56
1210.87
1231.12
1238.25
1256.52
1185.39
1174.66
1263.62
1363.38
1228.04
1274.51
1213.09
1193.54
1369.52
1235.76
1156.21
1251.48
1194.51
1275.46
1204.42
1222.49
1323.75
1249.09
1325.14
1306.44
1251.98
1190.31
1290.97
1271.33
1081.34
1214.89
1300.2
1281.45
1363.22
1177.99
1189.67
1331.61
1339.75
1380.5
1105.99
1185.49
1204.61
1235.59
1296.59
1206.25
1361.14
1304.92
1213.43
1230.23
1238.62
1188.04
1215.35
1326.92
1283.47
1178.93
1043.58
1147.02
1339.14
1356.37
1181.17
1335.59
1266.84
1290.68
1156.66
1273.05
1094.78
1185.63
1228.38
1219.94
1172.75
1165.2
1384
1223.67
1175.31
1215.51
1148.16
1309.44
1087.12
1215.26
1326.84
1239.97
1167.21
1209.7
1252.8
1339.56
1245.58
1211.76
1291.28
1161.32
1222.32
1237.08
1254.42
1210.76
1334.96
1294.29
1100.02
1355.75
1254.54
1272.53
1215.73
1217.16
1258.99
1254.1
1306.08
1324.29
1355.81
1399.31
1250.43
1224.26
1298.61
1247
1212.33
1260.54
1332.36
1237.93
1305.18
1197.07
1342.15
1182.99
1212.42
1248.15
1323.72
1181.35
1146.8
1223.03
1244.07
1265.75
1206.78
1304.64
1213.85
1161.41
1237.97
1199.64
1239.54
1271.98
1170.75
1172.75
1204.08
1287
1109.39
1162.71
1136.81
1175.52
1140.82
1399.42
1267.19
1338.85
1095.17
1267.59
1179.91
1391.61
1294.23
1329.38
1201.94
1282.73
1226.14
1253.72
1213.85
1276.08
1155.96
1332.24
1198.25
1123.63
1207.34
1236.14
1191.34
1373.86
1230.18
1234.4
1269.71
1107.91
1192.08
1322.09
1138.94
1189.76
1289.33
1289.37
1245.39
1293.05
1286.59
1215.16
1125.53
1236.87
1148.01
1271.4
1180.06
1256.92
1242.59
1239.19
1234.87
1305.26
1377.9
1253.39
1251.53
1209.86
1292.63
1314.93
1212.92
1291.31
1241.42
1162.05
1400.37
1232.35
1191.56
1272.96
1173.84
1204.63
1321.11
1233.5
1291.83
1222.3
1141.03
1346.37
1206.71
1195.58
1187.03
1239.32
1295.4
1295.63
1245.88
1336.69
1166.17
1235.79
1251.21
1277.66
1353.75
1223.25
1391.86
1263.14
1350.63
1147.94
1318.84
1275.05
1344.65
1215.19
1193.92
1377.1
1266.52
1148
1298.59
1249.32
1280.83
1189.84
1347.54
1297.09
1418.41
1198.24
1244.46
1285.5
1326.43
1353.76
1201.38
1263.36
1283.68
1215.46
1175.13
1180.73
1189.9
1199.81
1346.49
1230.04
1123.47
1359.78
1254.4
1281.73
1221.79
1292.53
1309.3
1158.85
1293.96
1258.57
1256.95
1241.31
1287.64
1218.72
1229.9
1288.23
1246.1
1328.02
1204.74
1224.5
1245.39
1206.62
1305.71
1299.42
1153.98
1150.43
1247.11
1240.98
1242.11
1260.01
1387.49
1214.68
1205.68
1235.86
1286.27
1177.64
1151.7
1303.18
1303.79
1205.06
1316.18
1316.26
1142.53
1273.11
1240.33
1221.91
1194.66
1298.42
1193.96
1289.56
1169.69
1279.27
1265.28
1273.3
1142.83
1200.47
1316.26
1271.53
1262.27
1297.92
1305.87
1284.96
1293.49
1163.55
1321.26
1315.3
1161.68
1245.23
1153.78
1312.89
1185.31
1202.74
1180.16
1208.16
1190.16
1187.3
1240.98
1202.61
1170.34
1189.29
1301.44
1404.23
1205.15
1245.6
1292.09
1310.37
1319.19
1312.6
1321.65
1385.94
1303.16
1284.13
1242.04
1258.78
1237.18
1276.95
1253.9
1291.65
1333.61
1204.46
1224.37
1232.64
1073.74
1208.22
1252.27
1238.34
1178.76
1183.36
1327.47
1162.16
1151.56
1170.73
1347.13
1140.5
1167.3
1173.05
1206.49
1255.7
1260.83
1197.37
1151.36
1264
1269.56
1128.48
1101.21
1238.14
1292.11
1169.52
1331.16
1191.68
1211.87
1249.63
1349.39
1265.42
1111.18
1254.28
1304.22
1282.29
1160.01
1225.2
1203.73
1269.58
1216.8
1258.49
1143.76
1353.33
1255.3
1242.29
1336.54
1318.77
1217.89
1272.8
1257.31
1316.9
1159.52
1271.82
1260.13
1282.35
1016.39
1171.53
1290.75
1146.43
1273.1
1260.88
1139.71
1228.41
1242.29
1131.62
1204.76
1233.32
1180.36
1285.63
1266.89
1236.46
1275.84
1222.88
1355.65
1309.46
1320.87
1282.39
1195.1
1354.69
1231.7
1189.13
1276.19
1344.45
1328.81
1236.96
1146.55
1285.62
1219.95
1188.61
1166.13
1370.09
1197.81
1236.47
1207.55
1227.16
1320.9
1109.32
1245.48
1197.28
1302.8
1228.37
1254.87
1312.73
1227.46
1235.12
1208.96
1314.67
1093.81
1321.34
1123.68
1249.71
1283.26
1251.78
1156.64
1215.7
1337.65
1167.7
1159.38
1355.27
1090.18
1173.43
1227.21
1393.43
1227.33
1252.99
1233.69
1207.28
1197.23
1308.17
1210.09
1008.85
1284.83
1435.57
1260.36
1186.41
1234.78
1261.25
1319.54
1249.61
1306.21
1271.83
1161.71
1249.28
1137.46
1346.06
1266.41
1187.47
1321.83
1205.53
1385.07
1396.47
1241.7
1250.78
1320.12
1146.62
1251.76
1274.14
1279.4
1133.73
1173.84
1356.63
1241.99
1281.67
1258
1197.36
1335.71
1358.1
1130.28
1228.83
1346.28
1248.08
1187.62
1153.85
1252.65
1264.91
1358.82
1233.11
1324.02
1246.29
1273.9
1266.62
1274.32
1252.42
1238.13
1220.46
1204.07
1212.29
1370.51
1258.8
1339.89
1164.17
1185.31
1197.82
1202.86
1102.2
1258.45
1124.87
1246.02
1192
1235.99
1240.95
1148.88
1272.38
1313.52
1208.68
1376.73
1366.8
1156.9
1266.11
1288.39
1332.44
1203.34
1256.81
1358.22
1192.94
1269.72
1131.01
1163.32
1312.67
1331.55
1166.6
1186.37
1193.37
1270.38
1233.5
1260.69
1255.78
1167.33
1198.52
1277.52
1190.85
1123.1
1199.65
1175.24
1224.81
1210.69
1390.41
1307.06
1165.56
1235.53
1345.85
1224.87
1157.9
1251.44
1242.42
1309.33
1332.69
1125.32
1278.18
1175.77
1290.12
1198.28
1223.85
1236.01
1180.48
1242.27
1254.05
1266.65
1291.17
1208.85
1223.08
1248.47
1266.32
1300.05
1142.81
1339.24
1159.97
1217.66
1245.43
1221.49
1247.88
1166.25
1348.49
1242.93
1224.45
1185.61
1262.59
1244.52
1193.07
1269.79
1171.7
1244.48
1321.76
1280.36
1298.16
1149.99
1004.49
1265.36
1130.66
1368.72
1202.1
1253.1
1267.59
1311.83
1370.18
1225.73
1298.91
1244.4
1262.37
1177.79
1267.16
1287.82
1175.57
1134.59
1195.28
1372.46
1344.42
1207.52
1221.18
1319.36
1240.29
1280.75
1199.72
1265.95
1349.39
1363.52
1258.62
1168.55
1182.15
1273.5
1244.86
1137.4
1275.44
1198.83
1165.67
1310.81
1283.04
1226.34
1290.32
1156.94
1136.5
1203.97
1297.07
1240.88
1228.68
1291.23
1195.78
1413.23
1298.62
1254.14
1218.28
1261.06
1205.34
1204.26
1261.71
1128.31
1268.26
1241.47
1223.95
1336.45
1282.18
1186.14
1195.77
1291.31
1388.58
1278.87
1288.84
1269.68
1326.83
1301.83
1310.29
1191.86
1207.17
1242.93
1239.15
1267.55
1214.42
1334.1
1284.47
1145.64
1229.45
1337.36
1259.7
1210.49
1322.33
1252.11
1343.56
1274.76
1263.72
1307.16
1332.63
1189.89
1252.82
1242.66
1257.36
1289.74
1365.08
1163.83
1205.27
1188.4
1245.73
1324.14
1265.35
1288.8
1172.13
1206.72
1353.93
1269.59
1238.51
1113.84
1309.65
1240.4
1312.57
1249.48
1309.57
1249.24
1156.75
1303.36
1314.41
1105.58
1223.53
1406.23
1296.53
1282.02
1308.29
1339.55
1251.37
1304.98
1148.57
1199.37
1261.22
1182.52
1275.19
1251.55
1271.51
1262.39
1296.32
1313.39
1255.84
1123.62
1313.36
1277.15
1146.34
1188.45
1202.82
1198.07
1168.74
1172.11
1286.5
1218.09
1092.69
1341.26
1219.67
1198.45
1359.2
1193.66
1231.75
1199.76
1322.09
1204.73
1269.34
1293.54
1311.82
1142.45
1291.33
1185.16
1264.63
1254.48
1199.85
1220.69
1291.45
1143.58
1129.92
1329.7
1233.96
1275.62
1328.84
1247.19
1422.4
1289.59
1192.89
1253.36
1180.27
1137.08
1241.27
1357.03
1215.16
1258.57
1267.67
1375.71
1301.09
1335.27
1302.32
1209.95
1304.65
1288.74
1177.21
1335.42
1183.97
1244.96
1300.7
1157.62
1230.24
1257.94
1389.12
1179.8
1223.03
1366.08
1260.71
1306.07
1267.68
1326.46
1201.45
1202.64
1243.96
1238.17
1224.95
1262.88
1240.52
1256.34
1216.07
1225.03
1203.07
1131.99
1286.41
1302.53
1143.66
1132.43
1195.73
1087.46
1304.02
1276.51
1398.64
1229.63
1228.68
1220.48
1375.41
1269.4
1291.29
1174.74
1249.61
1117.06
1209.92
1342.29
1282.02
1254.17
1269.19
1187.25
1291.43
1258.77
1239.25
1240.41
1238.96
1282.59
1343.72
1242.44
1171.8
1164
1203.25
1164.86
1176.62
1208.46
1337
1228.5
1317.19
1202.81
1260.62
1193.17
1219.8
1154.43
1188
1221.35
1200.29
1281.79
1250.4
1289.74
1283.58
1260.91
1193.16
1196.28
1285.27
1234.47
1274.43
1336.76
1125.66
1077.01
1293.14
1159.6
1341.58
1223.19
1284.62
1249.66
1194
1313.48
1225.99
1191.77
1173.95
1415.67
1364.54
1192.76
1286.25
1346.76
1259.86
1222.35
1387.68
1132.98
1397.48
1199.65
1297.35
1216.62
1207.5
1257.98
1383.24
1125.51
1192
1324.57
1161.39
1268.19
1370.77
1248.53
1200.28
1346.03
1161.37
1266.2
1241.73
1274.07
1315.99
1174.04
1246.21
1265.58
1249.77
1306.38
1175.27
1334.18
1228.63
1279.55
1263.58
1316.94
1343.88
1259.88
1188.03
1141.34
1159.33
1245.16
1207.74
1244.03
1352.6
1229.71
1226.85
1328.29
1190.57
1108.35
1171.22
1208.51
1259.24
1249.16
1243.93
1257.13
1170.42
1202.72
1254.81
1336
1257.69
1221.53
1297.63
1320.19
1250.63
1189.77
1266.15
1361.25
1334.28
1299.39
1199.01
1172.97
1258.55
1215.93
1177.36
1201.89
1151.81
1293.23
1187.92
1282.23
1337.81
1250.57
1320.33
1326.96
1192.73
1191.56
1232.29
1183.39
1337.73
1224.54
1292.09
1327.71
1247.4
1230.35
1337.15
1199.25
1234.55
1251.42
1279.57
1356.95
1266.97
1258.12
1211.57
1362.04
1146.89
1376.35
1282.41
1091.51
1208.79
1286.32
1144.19
1226.31
1282.05
1222.77
1297.39
1211.3
1249.22
1196.56
1147.83
1210.71
1291.4
1316.26
1250.07
1234.34
1398.85
1238.42
1203.5
1283.2
1242.91
1331.14
1232.08
1180.54
1259.82
1273.98
1305.52
1290.22
1225.8
1282.44
1190.29
1062.27
1226.81
1331.44
1373.46
1166.99
1193.97
1185.21
1333.86
1297.23
1302.29
1260.87
1043.52
1196.92
1283.67
1225.42
1338.9
1255.46
1251.23
1316.36
1178.61
1216.76
1247.46
1347.51
1356.5
1280.2
1143.36
1304.46
1248.77
1240.12
1274.18
1180.66
1093.66
1209.67
1130.25
1096.28
1128.98
1221.32
1123.77
1268.02
1228.12
1238.12
1299.73
1243.46
1287.71
1234.93
1299.73
1280.78
1259.08
1240.23
1301.13
1176.86
1300.78
1257.46
1123.96
1207.04
1226.57
1159.76
1267.97
1254.26
1193.39
1320.35
1394.96
1207.62
1221.84
1382.17
1277.25
1214.47
1257.49
1273.88
1217.96
1170.98
1293.12
1088
1281.89
1140.79
1148.79
1322.66
1259.6
1132.47
1363.87
1393.91
1164.04
1185.46
1111.22
1290.76
1271.29
1303.72
1240.18
1135.4
1231.5
1136.25
1252.77
1263.8
1211.95
1237.26
1295.21
1162.25
1303.84
1166.04
1155.52
1242.27
1221.03
1204.83
1274.42
1260.19
1196.08
1365.09
1261.52
1260.79
1093.53
1235.03
1264.5
1227.35
1190.52
1184.01
1399.22
1391.72
1184.32
1164.42
1330.68
1214.63
1227.79
1260.24
1271.79
1236.35
1353.07
1174
1317.05
1325.33
1204.01
1247.25
1198.28
1185.35
1217.63
1242.08
1306.44
1295.43
1283.95
1236.85
1324.65
1296.57
1068.54
1264.7
1264.47
1325.3
1238.25
1040.54
1290.84
1289.92
1343.41
1235.76
1190.09
1308.28
1232.3
1343.51
1222.79
