835.686
747.924
867.904
852.856
866.326
824.124
813.916
893.325
825.399
782.667
819.618
832.421
768.429
733.733
892.024
816.921
823.374
947.344
902.169
864.156
928.106
799.959
780.372
826.069
862.941
818.138
809.317
799.052
808.058
956.084
863.86
819.485
766.721
776.679
916.862
862.722
784.201
793.069
859.645
801.102
939.028
776.751
852.332
804.857
753.689
843.811
803.821
776.355
882.174
894.186
876.545
808.058
855.32
820.572
899.296
795.505
787.601
864.384
898.942
863.686
881.865
872.303
840.908
770.89
949.223
799.244
837.121
812.5
850.859
809.362
865.516
801.274
822.399
882.464
871.934
884.874
900.425
876.805
861.511
866.136
794.079
817.531
881.089
883.574
881.119
951.808
866.364
804.542
830.968
879.019
820.607
829.467
936.361
902.595
781.369
825.636
800.438
826.158
757.189
836.735
797.536
878.595
783.527
846.021
775.433
873.148
803.636
842.515
779.65
829.373
794.112
750.165
837.591
895.48
879.833
722.368
809.633
793.399
818.396
957.055
817.992
907.442
726.824
812.122
887.116
1001.9
794.36
841.491
827.908
872.194
759.855
811.245
791.14
839.17
822.272
751.744
908.232
898.454
810.152
846.43
837.074
846.99
832.014
841.203
928.969
887.743
930.442
744.191
885.188
733.237
861.087
920.763
891.298
838.498
854.454
738.88
831.983
776.854
853.922
873.737
749.973
896.806
855.417
918.076
867.861
825.542
852.749
815.497
806.88
933.338
748.079
790.072
832.958
855.056
819.918
873.219
890.717
805.028
750.174
872.863
826.692
802.435
771.469
744.358
875.186
802.128
772.332
916.557
787.492
897.751
911.635
833.176
825.738
831.657
894.466
895.893
779.383
794.388
885.046
919.962
790.415
792.909
859.6
860.964
875.579
844.288
893.945
909.019
860.708
837.997
917.275
770.401
901.5
863.493
855.544
818.514
840.294
861.892
946.407
841.604
883.94
851.139
868.293
798.797
765.459
796.812
832.686
820.785
808.577
785.189
771.35
980.739
808.242
726.452
817.954
822.989
920.573
797.315
848.022
839.212
859.933
902.769
797.086
737.182
988.505
878.6
930.417
796.316
877.442
1000.92
815.823
810.455
863.07
919.667
880.556
876.307
867.235
914.863
838.954
956.996
802.539
858.788
842.065
935.924
708.053
780.882
816.327
809.352
833.204
720.354
817.573
763.074
846.482
834.914
826.438
759.721
860.024
895.309
848.149
919.185
803.238
738.815
843.364
803.744
921.23
784.735
779.905
833.071
933.129
924.954
902.906
876.107
794.075
973.503
877.45
803.114
861.785
777.728
971.613
958.47
870.411
771.015
847.613
869.571
917.268
854.81
851.545
869.543
861.936
863.012
821.932
832.993
855.984
744.234
770.319
892.074
1015.34
802.925
801.42
803.188
838.697
950.887
834.676
805.013
898.157
867.404
877.06
739.07
909.85
797.205
784.927
826.844
727.676
872.523
767.605
925.013
832.546
766.466
839.942
807.856
959.189
841.163
781.456
814.648
904.206
785.961
721.523
864.727
868.919
949.117
871.273
816.397
935.738
753.444
869.491
854.616
760.299
713.199
807.283
790.612
856.122
814.426
854.895
833.82
831.425
776.812
784.881
747.162
882.307
832.852
882.598
854.152
901.519
732.031
828.671
721.471
944.797
904.449
996.594
828.042
789.863
893.237
932.479
784.483
836.446
917.611
825.872
827.483
841.964
885.418
950.276
819.914
914.363
941.292
817.713
821.033
788.351
821.905
993.721
809.274
822.515
753.094
852.844
791.159
782.163
898.699
886.275
794.192
866.925
800.33
869.481
823.394
769.543
768.599
798.257
818.712
981.451
769.635
890.522
819.923
867.749
779.855
916.23
768.424
933.116
942.386
900.094
727.276
797.975
868.763
941.05
827.51
873.427
771.346
827.109
841.595
919.192
901.23
1013.47
873.36
890.233
873.675
874.21
751.311
808.913
851.333
983.05
821.62
831.851
751.631
822.372
835.298
851.353
810.156
841.152
752.796
928.084
866.412
717.565
817.746
892.906
780.477
793.616
867.833
880.558
833.175
908.539
788.424
829.648
818.614
846.113
765.632
856.789
883.582
858.756
962.62
941.789
804.821
780.478
829.589
947.227
790.344
887.078
847.269
941.143
750.985
801.102
800.438
875.823
830.86
818.515
888.007
840.885
867.85
897.023
770.072
814.769
797.483
790.282
873.875
784.928
804.945
936.917
839.972
924.639
798.65
817.091
939.673
803.9
854.554
771.355
805.361
829.162
710.071
799.995
812.987
756.325
815.969
842.638
687.628
966.456
861.074
803.407
758.962
820.957
932.655
804.03
950.424
899.659
777.281
782.086
808.852
824.333
887.417
816.156
787.519
850.363
916.423
926.66
940.8
903.297
859.762
834.78
834.957
771.117
879.69
905.727
818.647
986.792
891.592
920.01
872.867
796.456
795.097
851.052
842.963
796.394
860.636
923.883
899.487
907.018
840.863
952.71
871.711
887.272
808.31
844.904
982.792
811.709
772.276
810.522
940.624
772.632
829.147
847.995
866.048
836.83
839.749
750.439
853.295
796.58
805.186
836.699
935.257
918.884
810.35
927.775
715.648
824.669
705.407
813.998
811.33
724.849
805.511
784.397
800.826
794.783
797.548
901.584
936.344
806.997
862.049
714.279
779.122
847.231
833.971
783.768
848.504
834.378
839.486
798.462
815.642
812.042
886.568
843.644
1023.83
814.156
884.85
811.38
908.793
830.13
842.124
775.408
902.829
818.565
813.662
836.519
822.619
736.713
845.93
862.083
849.624
814.603
810.098
807.583
907.033
747.514
814.534
873.333
866.943
874.869
781.219
836.189
905.593
864.286
790.147
848.94
864.887
802.324
869.839
866.263
860.901
815.862
831.508
935.484
845.264
827.587
806.061
854.279
981.173
933.995
824.875
837.614
926.421
889.959
745.554
926.03
810.352
844.824
844.861
858.795
841.507
867.543
740.965
851.636
766.792
932.852
839.044
884.533
979.882
861.827
909.961
868.185
748.367
872.087
902.707
821.501
661.133
846.053
811.967
793.099
816.571
885.054
791.431
859.311
876.515
898.493
818.059
928.84
829.719
751.14
889.479
841.087
830.321
935.965
805.72
840.818
846.423
911.672
939.874
727.451
837.261
712.843
902.16
809.681
736.313
807.767
871.777
881.49
950.269
898.818
844.313
876.807
827.626
800.603
774.784
835.185
818.617
869.851
834.568
848.685
896.948
901.316
847.399
944.647
815.324
861.66
796.694
922.552
877.991
917.906
861.35
836.384
913.642
878.877
870.182
853.019
878.68
878.65
891.614
798.981
907.391
957.047
781.947
737.724
849.645
890.718
914.697
827.248
800.308
848.406
772.365
791.88
823.021
922.946
786.975
871.57
904.47
900.468
777.658
866.501
808.013
796.153
810.743
813.255
861.294
814.969
762.7
830.505
809.361
770.635
915.422
871.923
824.932
873.599
833.347
876.661
841.71
744.004
913.968
792.803
817.127
747.319
748.755
799.991
860.608
926.346
880.732
878.729
848.549
828.24
806.096
875.998
792.664
880.596
823.878
761.392
781.694
839.414
844.049
930.616
812.764
886.703
827.514
768.814
806.502
776.731
745.297
907.717
823.904
799.775
956.17
882.583
903.175
850.957
804.76
804.32
852.625
903.034
929.101
786.23
744.97
832.419
968.323
836.619
799.058
900.355
818.574
813.179
859.591
798.125
703.783
767.883
925.95
826.823
803.242
835.992
828.473
851.062
883.5
967.552
801.068
820.773
901.45
804.327
785.925
916.414
884.28
824.171
930.973
808.923
800.117
816.809
743.076
825.135
704.763
735.738
805.235
912.512
743.403
871.216
770.081
834.51
862.42
899.691
917.551
854.58
812.946
865.625
834.616
797.211
918.033
862.438
979.571
917.515
830.842
859.412
805.95
933.365
762.448
850.432
801.92
876.64
804.017
744.957
886.242
774.955
779.358
813.088
746.163
967.528
943.871
852.991
877.497
911.886
862.595
870.42
971.117
721.425
832.372
857.968
787.208
877.916
811.575
898.029
898.409
795.446
877.943
926.535
883.007
876.748
802.859
856.846
758.836
809.708
810.385
848.728
798.095
854.497
734.901
883.556
854.554
870.461
882.76
785.276
869.677
906.105
874.967
892.388
818.074
812.468
824.289
877.618
838.426
872.319
822.663
861.288
834.385
850.061
867.741
791.984
814.889
893.394
860.352
788.741
784.148
900.601
917.094
877.823
833.477
865.526
803.927
923.064
761.592
866.188
881.089
785.172
851.914
771.341
863.364
825.23
824.236
805.735
884.947
820.92
794.408
920.579
800.465
909.845
818.847
765.765
854.688
778.785
872.517
850.791
801.915
792.945
768.482
757.885
833.155
842.632
812.342
882.128
868.802
895.813
829.761
810.913
907.777
894.447
795.485
843.446
795.101
872.924
774.586
853.873
763.75
990.099
834.045
779.576
750.637
825.524
867.294
732.684
839.01
898.763
814.294
829.004
785.542
841.343
952.354
842.904
884.62
858.466
820.933
881.512
882.222
917.18
799.243
778.384
810.959
790.072
822.747
940.193
861.601
832.691
902.063
868.364
763.704
863.974
864.208
851.839
817.602
832.051
695.829
882.532
806.091
835.636
839.844
853.658
754.997
878.166
828.885
789.046
780.273
752.803
795.918
829.475
870.556
857.535
763.781
782.105
836.888
787.877
749.237
954.592
821.469
787.729
940.412
890.016
859.49
854.764
807.678
895.503
924.855
932.489
881.799
802.899
818.593
932.378
904.657
843.8
851.752
835.544
780.388
799.162
908.67
812.772
784.462
849.147
779.257
987.051
801.171
779.051
765.838
832.74
871.214
746.113
891.197
834.628
838.624
830.351
757.252
739.832
818.514
878.874
895.732
822.069
766.987
836.668
817.044
914.879
892.93
881.081
912.151
760.419
818.755
887.499
800.337
834.142
915.663
892.132
820.127
757.311
787.973
932.472
871.487
828.822
888.716
923.141
869.432
852.169
893.251
849.67
820.233
816.648
799.978
900.486
936.743
790.385
866.413
886.673
827.274
877.487
801.693
772.337
797.795
777.89
821.664
831.362
803.171
751.799
761.659
849.176
844.017
827.118
798.957
821.729
828.844
906.102
882.819
747.004
741.646
838.367
777.436
885.357
788.14
874.48
917.063
791.532
876.733
811.702
818.406
756.764
950.517
880.653
833.492
741.44
791.726
823.668
813.148
863.176
861.239
799.432
858.646
829.864
758.405
821.756
898.562
888.428
791.905
841.578
861.887
723.727
827.243
842.6
839.37
851.793
774.549
819.88
807.233
856.281
808.263
789.147
811.79
922.076
751.211
971.823
924.629
726.559
897.241
899.855
960.139
842.367
919.591
908.028
844.227
935.045
864.569
830.636
814.636
689.024
935.485
765.689
803.619
822.989
748.471
826.302
871.007
791.132
859.258
841.57
866.536
841.557
838.073
856.848
898.597
940.185
846.7
847.334
798.395
754.37
881.989
816.752
824.443
858.668
769.735
795.463
800.789
808.726
871.328
809.112
879.447
944.303
816.777
902.944
888.849
801.839
846.164
911.586
934.689
845.557
812.307
783.567
889.265
894.462
882.099
917.672
953.701
733.987
848.915
790.441
919.221
793.316
965.799
798.254
887.887
798.702
852.443
793.743
906.203
810.045
845.214
814.045
731.243
835.23
919.557
892.269
842.497
828.507
726.882
789.166
820.878
834.206
891.637
921.742
971.36
819.623
832.029
817.008
848.818
919.134
803.492
740.306
837.629
696.402
775.88
859.658
789.963
822.586
854.176
772.541
857.677
927.581
888.848
898.104
885.88
902.45
819.511
996.902
818.159
880.358
849.262
824.569
772.429
802.249
1010.27
782.854
860.967
830.142
750.292
839.693
914.598
791.059
917.666
829.543
805.917
763.412
831.05
871.632
765.453
848.099
790.378
807.018
778.24
828.145
891.191
854.098
867.618
851.518
866.973
887.802
790.352
780.494
833.95
783.632
856.982
775.216
881.814
721.498
868.94
855.198
879.432
792.198
862.776
941.047
832.03
886.031
866.973
789.628
961.781
821.364
827.255
856.02
841.679
849.9
880.906
866.772
840.095
899.589
883.822
864.482
859.331
859.949
834.562
744.071
812.673
769.588
739.177
853.133
736.641
896.136
849.702
822.285
850.344
878.097
814.83
724.566
874.671
788.753
846.312
865.892
885.084
787.809
880.209
835.29
798.38
826.324
867.285
783.745
808.937
716.514
840.833
830.032
878.298
830.444
902.199
779.658
811.767
845.004
856.78
872.224
839.87
830.267
814.866
738.948
903.101
794.097
913.432
839.376
945.654
843.052
908.873
868.59
802.653
918.1
871.969
786.076
727.622
866.633
873.778
793.377
928.715
818.896
826.834
888.458
863.857
907.672
863.548
803.501
795.085
866.418
1057.75
863.308
849.769
948.731
909.58
828.114
914.467
802.463
923.976
856.528
918.66
794.354
863.247
827.307
751.717
890.337
858.071
878.872
856.199
907.518
947.629
762.905
871.954
892.137
824.763
763.847
904.604
835.592
813.167
842.862
872.062
833.167
836.111
862.166
883.367
876.335
847.999
844.951
849.663
906.422
860.934
838.469
840.033
889.761
868.115
911.002
802.397
843.445
824.655
798.932
837.614
829.871
802.242
833.17
909.05
925.877
896.646
813.65
783.237
757.197
829.325
790.464
793.227
738.992
873.667
805.914
834.993
809.409
905.308
839.652
798.186
842.834
809.591
834.766
876.914
841.796
922.347
738.143
804.185
869.6
740.6
870.35
943.145
748.558
887.664
758.754
847.425
825.856
918.819
905.799
830.974
894.434
862.976
845.528
764.117
895.262
862.195
867.811
838.955
841.655
816.441
925.607
812.571
825.618
754.02
905.169
985.988
948.655
901.217
833.173
897.996
755.15
770.37
840.215
711.827
818.445
793.007
868.585
864.93
833.006
776.784
726.267
867.615
897.777
955.8
875.043
795.872
855.627
865.781
836.523
817.457
834.695
815.366
812.251
901.456
868.695
801.57
934.573
844.714
975.067
878.304
807.71
813.926
751.983
781.407
840.363
837.596
817.962
964.619
913.552
935.383
875.938
827.336
874.039
758.697
852.196
895.411
923.612
863.053
865.698
802.423
717.53
854.48
918.808
810.139
834.836
890.83
915.223
856.371
808.415
886.147
853.75
803.842
731.799
1035.3
870.835
895.211
752.98
869.677
826.01
876.33
775.971
798.703
844.412
883.004
866.472
845.374
877.276
805.793
801.871
908.17
783.697
917.555
879.196
812.133
843.405
1008.57
850.955
789.426
869.682
827.142
966.532
935.207
809.864
837.849
782.372
736.08
885.689
736.482
694.045
744.162
739.72
985.902
811.96
806.331
920.324
902.427
852.674
777.606
805.588
834.513
872.768
911.643
787.664
797.208
911.534
747.117
952.53
908.639
983.708
770.73
937.866
827.04
876.749
804.593
933.866
907.07
792.118
777.813
789.57
900.918
803.685
756.249
800.25
740.985
811.158
912.783
824.141
815.405
836.597
824.132
835.047
864.387
841.548
923.568
846.013
823.606
830.319
927.823
839.417
969.431
833.597
917.45
699.892
880.468
819.77
846.683
865.66
734.846
817.911
817.803
884.284
931.776
835.732
963.936
826.486
849.041
798.263
828.774
771.489
841.284
956.531
727.977
821.697
768.968
899.608
906.177
868.162
713.423
880.836
774.187
799.549
745.375
816.24
848.75
870.881
863.126
785.067
869.814
845.266
873.156
920.118
866.219
859.697
751.016
862.515
808.181
754.994
918.091
799.354
829.952
747.1
899.168
806.302
880.739
858.577
849.227
867.875
866.571
908.74
816.308
807.658
852.425
833.423
880.985
771.392
870.93
808.936
935.68
834.992
670.037
926.324
881.182
823.364
799.322
885.634
772.082
956.826
923.229
800.994
783.086
764.672
891.791
797.473
963.201
911.743
860.936
779.809
929.034
806.863
784.511
876.385
770.075
898.81
950.526
785.056
817.887
857.94
831.065
780.257
738.939
824.923
831.809
898.847
748.48
848.882
872.906
842.354
876.414
978.94
918.772
852.914
842.095
882.268
825.326
1008.34
821.782
878.178
923.412
861.686
900.151
831.847
801.199
760.815
866.151
892.193
779.617
709.391
814.842
844.453
812.003
784.719
879.1
879.675
759.117
905.433
802.029
940.966
931.017
825.139
801.763
922.933
861.496
814.305
846.425
772.33
706.017
792.407
786.861
719.119
781.94
774.993
855.352
739.665
680.507
872.263
908.013
819.514
841.858
721.292
806.867
869.85
872.653
789.924
839.496
791.266
886.343
916.91
788.725
804.118
730.526
861.084
861.959
881.564
725.019
872.583
779.361
883.44
827.085
928.116
902.131
864.722
781.099
829.7
861.647
888.761
900.79
825.242
832.649
826.723
808.555
864.734
802.082
930.669
886.521
863.114
917.403
907.464
882.181
931.312
873.628
899.348
827.595
848.081
805.025
855.045
830.681
904.091
887.66
842.131
880.845
849.62
793.732
799.183
857.631
865.117
935.449
801.137
927.319
919.651
887.137
872.678
903.028
949.513
882.521
856.163
867.445
693.922
847.146
818.14
932.099
838.633
903.162
735.168
899.31
805.227
836.736
884.01
749.877
985.561
788.248
787.782
889.886
880.169
885.864
849.146
765.9
875.145
931.049
839.896
792.455
873.308
852.266
742.996
779.038
901.648
871.827
771.142
929.469
885.975
850.622
794.342
804.809
757.535
813.845
855.637
720.943
863.911
892.837
924.1
975.028
765.06
801.467
782.169
888.567
819.628
839.662
781.352
809.342
785.209
926.558
843.22
898.773
792.442
893.592
857.759
818.375
807.314
818.998
931.32
941.793
862.287
741.914
770.6
908.925
847.501
865.404
937.578
758.052
761.595
929.108
795.335
951.86
930.244
808.223
852.614
829.695
826.113
774.993
782.806
784.393
799.497
924.578
947.859
924.569
821.43
880.195
843.227
752.838
898.231
865.305
771.431
828.146
846.479
867.429
791.358
869.618
782.207
897.482
922.534
812.997
774.993
843.402
896.262
766.371
786.457
836.197
878.931
886.28
876.79
847.762
921.208
825.859
731.547
844.398
851.476
879.311
851.664
881.572
875.295
847.807
829.7
819.907
821.323
837.49
840.108
846.458
814.584
724.931
801.55
828.708
827.118
868.219
819.348
901.335
833.971
877.007
808.119
818.36
852.673
770.071
849.054
862.3
830.762
855.369
905.276
907.241
796.991
905.359
832.224
897.743
800.032
904.431
792.372
842.211
778.141
857.341
853.93
853.084
807.571
872.309
761.791
846.706
905.837
846.736
743.991
847.04
782.251
950.928
802.571
917.358
862.736
767.051
808.305
765.542
830.986
904.29
724.121
921.422
751.085
800.076
852.426
849.283
808.596
733.448
907.066
1011.78
801.567
925.641
808.249
857.344
870.56
754.831
861.398
853.617
940.232
815.657
880.339
865.923
875.94
911.103
790.209
790.794
798.295
938.645
882.154
860.745
773.123
946.428
850.428
814.709
790.381
868.023
761.766
752.362
789.721
913.096
784.399
855.171
813.848
863.841
845.581
842.994
779.955
834.75
885.317
884.624
831.863
929.885
818.821
848.254
822.024
850.615
863.445
898.44
743.997
767.494
827.371
825.007
783.833
868.012
746.374
905.284
842.564
860.473
791.13
942.249
809.562
865.571
788.527
758.462
894.038
810.509
846.58
864.75
885.552
807.323
861.346
763.32
820.92
822.653
776.33
857.152
873.734
819.305
947.523
790.523
866.194
804.316
879.955
835.97
860.164
734.547
898.648
829.783
938.459
784.659
835.261
711.808
922.034
860.689
815.241
865.231
751.253
888.47
818.654
804.338
857.427
832.965
794.485
822.312
842.353
793.39
860.914
833.71
800.961
890.793
893.849
868.1
843.212
817.124
838.848
773.856
809.137
879.258
864.84
942.082
855.028
803.169
783.112
977.356
787.527
830.163
792.408
856.322
778.873
825.365
852.726
848.428
904.945
784.409
881.56
850.937
854.683
824.711
934.854
758.18
837.636
1036.19
783.906
899.704
890.277
736.543
821.859
771.994
747.927
878.56
851.807
879.546
874.185
917.529
827.921
999.214
837.526
893.474
839.633
834.662
822.064
830.44
835.349
792.551
808.902
846.919
872.321
826.295
855.16
795.146
787.658
788.958
817.634
822.932
896.827
820.431
863.495
958.332
754.263
707.559
855.537
886.005
838.247
886.96
870.303
874.746
837.982
840.892
935.146
933.336
924.927
870.985
766.355
868.05
856.156
874.322
742.992
720.344
874.195
804.029
904.433
912.016
796.437
829.945
774.861
782.61
795.469
853.859
798.758
835.51
805.779
779.257
944.927
778.411
812.894
817.937
901.661
828.761
927.041
893.482
842.667
784.274
848.388
765.63
904.113
875.565
856.988
941.823
835.2
873.614
822.541
834.818
831.223
790.51
899.047
849.72
794.757
844.681
969.829
823.705
829.788
830.281
896.234
912.736
858.878
858.849
916.796
873.066
804.42
791.979
870.798
761.504
771.663
807.674
895.761
886.384
843.98
823.86
810.553
798.43
928.724
837.459
776.543
942.295
868.738
837.005
757.643
866.673
907.063
810.819
843.678
920.434
978.846
858.359
919.284
823.374
992.596
829.113
772.47
911.28
819.338
883.381
840.89
850.868
834.824
778.688
745.851
857.838
851.74
951.105
765.682
862.608
819.205
882.818
884.988
804.103
813.377
850.296
911.104
793.909
843.517
788.251
844.233
861.435
953.489
913.58
793.509
754.325
809.049
757.339
865.356
764.384
898.817
929.46
836.092
704.967
793.303
852.804
782.025
837.563
886.994
837.78
787.981
907.363
880.208
793.398
830.135
868.31
947.849
858.516
820.791
870.671
789.204
824.106
835.29
910.281
849.115
907.818
748.355
883.042
883.643
882.946
867.822
885.521
888.826
856.787
846.094
753.687
889.929
901.55
760.238
804.354
862.625
919.54
812.604
865.454
736.862
834.341
851.596
859.844
870.389
823.913
920.817
909.099
869.765
947.655
843.177
830.491
761.218
854.908
904.56
832.7
804.683
897.814
811.152
915.814
894.541
1006.54
786.688
877.199
826.048
827.808
832.705
753.974
844.321
885.584
756.27
863.105
888.26
702.773
890.819
878.053
945.862
842.45
828.637
796.245
720.464
846.101
824.592
830.237
879.729
869.189
906.634
779.875
762.885
889.076
844.957
878.537
897.307
854.269
811.061
784.709
882.236
721.581
866.017
807.095
811.722
836.232
897.762
804.93
888.93
786.112
787.883
832.039
890.739
900.094
865.051
882.56
874.212
753.941
764.688
930.112
812.994
782.121
868.028
898.722
855.94
854.837
885.181
893.556
918.192
868.033
876.696
818.419
932.794
756.866
1002.8
823.442
842.549
852.142
792.679
854.962
801.576
857.092
849.8
765.727
899.246
841.486
805.208
770.445
844.589
792.224
846.521
865.053
792.522
747.138
806.918
757.286
913.944
810.66
789.416
893.946
845.609
788.371
927.386
727.444
954.054
898.827
856.815
826.441
769.729
803.886
808.538
846.445
922.979
836.786
718.576
836.004
771.795
800.757
824.433
924.226
785.246
857.101
899.608
960.872
748.73
860.444
819.619
1011.2
920.215
815.129
839.388
879.093
750.301
883.997
947.276
884.423
893.669
818.359
764.624
856.729
830.942
871.166
942.673
887.581
795.549
832.685
799.71
798.834
837.279
773.762
746.234
918.972
856.774
859.628
880.737
864.844
879.818
749.075
826.832
759.4
936.386
821.33
997.534
754.182
862.238
901.789
822.731
849.606
820.894
795.395
863.644
835.321
934.314
751.813
881.909
905.231
792.875
951.271
872.488
801.691
921.822
858.276
733.009
815.992
892.217
846.647
832.097
795.201
927.482
812.743
960.564
800.282
864.713
954.598
869.111
761.124
844.18
802.963
810.835
869.736
867.077
908.887
955.036
872.819
844.148
773.781
736.308
1028.08
910.875
860.774
823.155
818.826
799.292
843.221
882.485
845.61
784.911
822.518
943.304
821.746
839.284
784.082
859.947
864.527
812.65
778.238
766.973
817.629
774.172
782.444
811.466
792.31
750.299
890.145
911.078
766.229
836.753
853.788
878.372
924.177
837.518
804.169
793.185
832.821
839.23
762.93
867.263
796.513
810.983
922.029
863.748
851.391
922.579
755.863
988.817
899.142
844.401
833.785
820.412
732.077
851.326
786.659
763.578
841.841
833.16
904.496
756.052
753.001
849.135
853
783.679
783.347
809.948
790.79
864.885
812.272
852.868
842.371
835.257
760.627
898.277
821.434
913.669
904.613
868.677
831.394
908.251
865.188
840.584
797.298
761.665
789.235
837.562
793.18
880.604
865.175
782.182
910.128
816.74
968.823
812.645
828.281
781.463
833.163
845.919
847.736
810.066
733.374
754.436
870.54
939.199
843.314
863.678
937.287
835.649
820.121
809.921
720.442
801.465
725.21
831.87
860.44
803.729
927.531
803.751
763.352
878.715
874.754
847.407
862.659
859.987
765.408
732.825
775.067
943.162
858.141
925.793
841.898
805.849
824.655
969.027
810.233
855.746
971.192
828.303
804.336
787.291
792.47
909.273
757.953
962.265
829.072
904.134
887.909
848.895
723.385
821.201
752.974
745.455
885.663
870.01
815.796
723.221
881.983
911.002
890.54
830.125
820.746
803.424
844.096
833.169
874.697
895.603
834.918
928.014
908.414
781.903
804.81
792.256
908.74
871.659
806.279
886.29
716.307
782.127
905.973
819.508
976.641
805.349
836.558
825.138
855.457
930.938
954.048
861.787
838.767
827.944
891.398
791.828
791.091
814.597
799.898
854.568
877.236
868.678
752.382
801.797
876.837
838.645
828.297
936.716
789.072
831.556
834.783
867.049
742.003
867.301
854.426
923.203
849.992
831.49
760.694
910.509
827.754
812.269
848.005
800.342
937.804
867.025
846.068
864.883
806.689
831.203
765.439
795.833
815.508
956.017
914.136
820.178
829.041
829.516
819.163
894
912.677
807.529
907.736
786.673
960.774
860.774
769.523
789.119
776.792
919.351
942.578
780.569
850.738
775.409
861.628
825.631
994.747
822.523
769.555
760.906
762.162
841.716
951.328
863.644
799.925
890.507
840.865
796.802
904.904
837.243
911.759
780.92
907.468
771.035
918.073
904.017
842.833
874.411
849.937
877.328
781.211
789.409
783.569
820.589
887.994
902.594
857.353
791.062
870.379
893.123
762.58
896.011
881.732
796.495
938.406
806.876
786.032
961.859
868.686
720.361
802.866
809.095
723.04
879.537
867.057
716.704
935.184
947.067
820.718
749.464
871.161
866.212
828.049
840.032
826.337
843.92
993.197
849.52
874.438
941.322
894.25
865.085
851.76
895.151
933.383
845.325
775.003
867.529
766.174
890.239
858.694
912.581
867.286
971.042
675.863
812.734
748.753
864.573
798.103
717.691
923.638
790.476
776.849
880.943
766.615
840.065
844.48
852.132
873.923
873.768
896.377
800.323
944.94
813.401
784.437
900.855
768.542
913.377
967.333
806.069
780.985
864.288
764.751
889.417
813.915
858.422
860.104
738.634
768.462
821.391
834.202
887.075
706.527
954.666
773.527
783.339
870.13
776.292
803.333
830.319
820.02
841.274
783.794
769.404
942.932
868.56
906.849
837.727
865.705
791.166
838.691
918.556
847.169
865.932
763.163
781.998
896.755
798.77
710.337
768.574
777.793
811.949
860.576
867.031
823.122
853.803
941.824
780.208
896.919
916.25
817.863
828.487
926.654
855.263
695.044
884.2
842.921
943.006
905.368
772.835
770.274
858.744
791.739
808.912
795.298
837.014
773.067
710.276
803.62
753.901
861.451
872.805
903.239
795.363
839.826
858.33
874.8
803.002
968.783
771.224
833.664
886.42
766.064
886.762
768.805
927.27
789.352
784.406
777.239
919.286
950.17
751.821
832.844
882.831
916.118
831.421
901.18
800.238
782.923
973.375
901.414
941.476
748.328
905.782
761.961
782.357
763.997
890.765
815.363
872.648
842.862
917.463
760.117
802.794
951.287
805.285
997.236
872.518
828.661
772.559
828.895
905.177
856.729
916.834
782.095
874.406
822.404
904.272
910.966
775.479
990.083
832.57
844.636
772.679
814.986
902.946
735.567
835.175
799.446
786.555
910.574
956.175
904.884
820.963
726.183
851.193
836.796
852.346
776.334
787.781
810.859
743.815
807.59
794.879
904.235
822
861.018
749.091
871.725
883.461
798.309
823.757
849.956
813.113
792.356
907.437
816.275
811.62
832.716
925.03
920.95
811.978
833.135
822.365
844.659
901.877
740.857
869.93
952.351
770.16
863.726
822.829
910.465
807.036
842.013
862.675
793.495
930.905
814.153
896.899
828.195
839.948
809.341
793.045
878.968
700.063
903.432
914.967
792.659
814.487
812.778
781.567
813.881
772.356
836.978
809.134
806.463
815.194
835.347
755.679
868.216
903.91
854.2
947.484
891.73
867.342
813.089
823.378
781.606
857.951
767.724
836.769
776.145
700.519
810.378
823.644
800.02
812.895
822.88
739.475
906.37
932.614
942.517
817.034
770.141
763.221
756.436
852.445
875.042
876.718
824.729
792.321
983.562
881.083
861.187
783.395
794.234
916.92
934.267
907.742
814.657
880.477
983.16
813.143
904.755
778.294
846.165
933.915
735.191
780.234
905.649
785.982
754.809
908.591
774.685
913.511
857.095
853.996
845.656
789.182
720.943
764.43
813.435
781.78
829.182
798.206
862.129
842.185
819.145
854.153
951.426
762.433
768.664
837.467
763.244
935.742
897.083
824.418
738.156
881.192
785.309
823.635
780.876
896.325
864.502
850.128
811.825
822.547
790.96
849.55
827.414
922.112
847.934
856.052
766.595
816.58
741.927
789.484
796.575
937.83
873.484
830.487
906.26
829.936
831.865
914.99
860.538
919.821
929.387
862.943
895.413
805.106
762.321
854.091
858.33
1031.01
989.146
735.905
845.517
778.777
915.751
879.873
886.704
868.06
814.347
829.634
952.35
782.395
817.77
771.243
890.337
960.284
768.635
890.164
826.11
865.094
892.034
820.068
848.714
808.41
866.816
867.132
875.051
870.721
868.363
862.711
806.039
853.104
843.306
760.572
911.541
882.195
850.562
863.947
787.785
871.056
900.136
870.184
751.284
879.97
857.967
871.712
913.938
872.448
922.215
832.205
864.891
765.347
873.811
847.526
860.852
775.81
736.856
901.71
828.16
712.307
952.411
806.057
834.906
842.971
801.347
779.474
867.433
888.228
770.42
801.002
851.281
902.043
907.357
860.149
926.662
808.894
784.987
808.371
812.741
843.008
746.168
886.899
841.021
903.458
864.895
898.915
910.58
750.037
878.137
870.446
802.584
901.286
718.78
891.311
824.519
841.593
851.291
942.117
907.486
782.108
919.101
822.906
919.959
829.373
899.748
869.4
803.043
777
760.301
793.215
778.845
815.693
892.478
832.671
833.712
754.94
951.074
889.656
839.301
864.323
944.969
837.472
834.498
795.921
791.719
852.082
824.277
838.917
797.965
873.239
877.534
819.482
856.505
830.383
897.788
805.497
838.749
880.653
887.142
838.188
837.092
862.814
867.059
918.108
939.054
933.986
812.877
818.459
882.666
927.347
933.594
910.945
876.758
839.516
865.132
893.37
843.466
743.373
761.219
805.584
833.648
871.797
881.751
918.552
884.966
856.706
935.082
855.12
859.698
898.847
914.361
927.397
842.425
806.034
882.297
782.085
878.856
878.216
875.864
793.495
835.811
842.754
805.978
935.049
881.121
824.335
865.729
811.207
852.75
969.307
927.145
809.27
795.663
896.011
847.897
797.114
950.308
760.036
853.122
933.474
859.861
855.72
898.676
840.905
864.375
791.692
896.216
793.288
853.173
738.678
849.867
866.254
861.182
774.962
898.454
833.517
937.053
868.044
796.876
827.242
786.059
809.464
822.793
786.002
873.442
896.049
825.463
886.06
901.454
858.554
879.952
865.322
861.216
803.408
866.211
947.986
749.637
827.908
911.77
881.124
819.489
865.512
831.919
834.319
873.13
887.587
867.368
891.046
845.379
844.12
793.7
810.095
831.289
841.223
807.533
876.499
814.058
826.159
916.276
750.333
833.259
735.868
786.249
914.65
893.009
880.128
896.861
985.252
842.882
838.311
814.022
916.828
870.918
786.412
764.819
747.143
797.069
815.522
884.213
930.699
958.618
785.577
755.385
880.41
910.954
929.187
806.052
889.053
848.243
836.96
977.965
752.381
975.871
831.897
875.839
898.609
809.112
792.619
981.597
836.015
939.096
750.517
892.703
811.392
908.402
894.029
888.93
831.77
857.458
850.772
726.458
834.981
826.331
873.943
808.395
918.27
943.987
887.426
875.646
825.308
838.298
889.844
828.939
868.428
857.938
794.373
862.921
976.769
782.219
777.868
857.43
841.496
861.095
855.479
805.412
965.483
740.312
893.381
870.961
837.538
739.369
793.925
787.483
766.253
800.396
837.633
885.409
919.091
937.71
842.714
801.999
859.49
984.2
824.374
809.219
719.399
873.156
828.528
861.675
855.588
878.511
900.311
846.372
864.3
817.767
769.396
723.132
827.199
855.315
857.013
795.685
657.932
829.937
775.744
838.332
768.798
977.79
839.475
827.929
785.422
884.866
882.236
986.169
757.877
763.774
781.129
903.461
786.059
750.735
867.802
740.291
851.079
833.886
878.353
866.072
857.538
734.133
844.676
777.795
806.721
791.747
845.84
883.901
867.838
876.084
880.488
864.473
836.309
732.285
843.156
853.134
906.686
792.357
884.713
800.8
799.367
845.53
956.23
929.691
785.128
899.121
778.248
805.335
771.682
848.441
867.119
824.749
793.404
856.994
912.239
858.718
867.976
879.931
799.258
833.841
789.204
855.812
818.197
885.732
834.898
909.884
903.083
904.098
780.563
758.508
833.8
725.57
849.24
800.645
785.905
825.919
812.749
873.858
895.608
767.949
787.025
908.245
790.13
799.116
803.477
834.553
789.157
736.201
888.164
896.122
859.479
814.296
886.945
907.687
956.538
869.424
842.516
817.341
896.785
864.429
852.618
991.267
841.965
920.879
785.622
916.465
758.496
809.913
815.309
783.124
786.803
762.756
991.461
770.744
804.399
872.216
851.49
918.626
879.674
755.97
832.32
892.034
795.82
962.299
881.912
927.115
845.548
826.744
905.837
994.467
766.214
811.15
882.372
810.407
788.805
842.503
918.696
852.807
729.692
821.023
900.15
816.373
893.911
834.941
913.101
813.074
880.17
763.485
844.01
817.71
890.997
850.464
893.319
817.067
848.764
839.346
907.858
760.725
889.125
784.178
808.779
884.537
851.293
829.059
880.864
797.502
917.483
795.779
849.964
868.876
856.891
864.243
1018.68
793.478
919.198
770.412
850.616
903.346
828.837
950.767
762.114
783.848
811.704
799.713
835.416
872.729
712.772
773.642
834.619
744.799
922.609
809.167
763.091
831.297
801.413
810.548
775.989
823.443
850.363
830.563
830.169
767.346
938.118
873.126
846.562
812.213
893.771
864.53
820.591
879.433
1016.13
760.718
873.588
814.479
874.556
776.163
828.708
895.234
808.198
824.661
848.821
829.888
915.608
919.479
904.82
832.219
873.911
743.679
772.277
842.989
735.017
902.776
794.119
801.609
835.97
791.734
891.676
859.7
844.856
909.171
770.862
909.286
773.418
824.153
811.12
772.276
751.085
763.479
774.764
771.426
867.292
833.535
811.583
832.949
911.021
880.175
835.87
942.851
833.803
879.692
894.272
936.315
898.972
885.777
987.443
801.473
863.506
701.219
944.444
878.876
885.454
791
825.882
930.022
918.62
736.637
872.594
759.862
876.418
892.423
847.778
897.937
922.347
895.324
931.336
828.994
926.595
747.088
799.795
867.73
817.195
884.614
921.907
826.498
760.677
794.092
830.568
836.493
905.009
873.546
829.566
933.449
882.226
844.175
878.181
924.938
859.798
838.076
881.053
881.987
786.525
786.524
748.615
872.586
851.266
832.48
834.246
850.53
918.623
772.028
886.932
829.816
885.154
773.953
884.684
849.992
943.707
826.07
788.863
988.107
713.997
816.07
832.078
807.071
792.211
798.623
875.551
814.534
810.168
906.52
741.325
845.669
820.591
821.084
770.393
839.463
823.305
817.604
857.361
831.251
990.35
780.209
886.218
887.58
869.195
859.384
819.174
922.082
833.243
910.451
772.404
791.249
872.582
795.693
883.251
849.119
852.409
758.582
833.257
836.645
888.37
779.275
903.411
828.377
900.444
815.119
902.915
919.606
785.685
748.962
795.226
928.134
893.673
847.408
819.955
862.704
922.619
820.516
875.618
863.108
811.542
961.12
956.588
807.372
880.264
887.665
762.053
852.082
847.001
895.212
747.861
870.521
850.172
924.548
869.661
785.56
803.749
857.45
869.816
826.638
755.066
825.759
879.116
849.182
794.119
869.448
778.449
824.261
855.448
809.055
825.163
777.925
858.451
957.631
812.576
893.278
866.48
828.741
827.948
826.072
910.159
862.513
830.052
910.08
794.334
688.658
784.843
953.454
761.977
841.908
806.789
835.836
890.197
793.633
909.389
756.843
882.09
766.679
879.434
842.342
911.097
787.446
878.639
825.404
884.394
796.854
814.156
867.727
914.396
812.08
853.828
835.048
949.028
841.896
841.884
795.195
846.974
905.944
845.763
869.658
845.424
769.711
779.854
909.922
895.79
792.08
830.385
802.023
831.896
797.094
828.265
970.997
857.66
851.821
777.784
908.276
741.629
894.689
844.015
813.723
866.221
770.444
895.573
868.324
869.164
875.197
761.757
838.562
877.782
841.079
931.278
827.969
815.565
879.965
794.711
788.948
687.486
870.92
837.167
968.302
876.359
848.94
843.393
939.398
864.788
895.375
845.605
738.836
809.823
866.642
871.164
822.7
865.973
839.844
897.282
935.025
765.857
890.46
808.73
702.969
836.639
894.231
767.675
894.905
833.034
992.813
866.659
893.429
762.03
728.008
717.825
960.863
770.04
783.121
837.561
858.402
783.017
872.318
825.453
892.728
920.104
853.325
819.707
815.058
881.273
911.349
824.209
882.932
812.969
817.094
798.42
879.661
925.756
758.508
802.856
898.691
855.2
850.507
904.414
798.793
801.429
824.033
872.899
834.5
906.066
907.709
896.848
734.351
777.425
885.032
844.432
819.416
746.453
891.626
798.693
834.819
794.118
917.919
982.816
901.731
923.905
765.961
846.351
761.874
872.659
767.456
825.692
932.929
926.214
816.503
871.14
888.588
831.941
828.308
842.369
805.404
858.202
822.811
839.444
789.445
806.436
957.565
790.663
728.285
858.553
827.253
801.673
819.996
856.217
882.752
977.656
808.418
817.349
883.973
903.529
927.001
781.451
691.499
878.698
798.538
875.76
822.702
788.824
691.598
845.792
872.92
795.078
797.384
816.183
864.013
748.344
823.393
922.286
864.776
966.028
919.098
811.327
798.951
844.569
874.745
923.814
777.084
794.831
799.954
820.254
853.21
871.993
824.648
799.199
872.127
834.228
765.249
817.189
844.668
885.391
860.812
859.721
824.147
815.874
848.786
833.033
866.56
808.928
925.383
893.306
920.56
864.017
820.597
867.086
914.303
807.194
796.766
750.029
861.902
844.338
849.244
832.658
817.941
873.095
818.098
832.271
812.969
825.09
867.293
871.852
786.382
829.044
792.321
858.72
871.074
851.25
854.773
902.161
846.548
827.14
812.061
867.174
876.402
895.964
786.897
771.966
902.884
764.146
897.692
872.294
854.163
869.362
871.851
790.15
853.879
847.129
766.297
846.319
852.004
795.603
826.541
863.717
796.604
805.067
945.254
768.026
806.459
774.358
757.018
861.389
829.14
865.457
824.091
790.343
729.775
809.232
785.566
1006.24
822.06
806.374
850.235
765.003
924.58
834.341
788.996
807.985
924.866
824.4
835.632
831.222
910.625
885.052
819.65
836.396
849.234
904.484
837.811
808.005
784.014
808.991
792.242
799.719
854.442
784.435
854.287
796.712
779.323
861.29
835.519
877.643
732.823
818.83
912.609
879.733
784.928
820.864
897.785
853.436
823.913
756.486
807.068
806.342
786.099
929.085
810.369
870.48
789.701
893.376
752.68
882.123
910.44
787.661
780.421
820.084
791.123
899.695
817.31
901.8
876.236
865.767
899.233
788.199
845.972
851.902
956.294
800.081
893.197
800.791
870.847
830.145
794.116
953.249
775.971
798.269
931.36
827.307
836.838
786.344
858.391
812.648
885.444
832.531
896.883
843.777
856.941
798.421
758.355
771.479
944.877
906.781
956.264
900.278
868.883
772.077
816.547
862.776
828.122
787.748
866.645
865.026
695.541
902.362
843.361
874.107
837.485
918.123
897.516
841.909
800.666
842.648
848.689
872.49
845.485
842.784
819.203
827.08
811.17
904.791
929.586
806.145
815.248
845.038
905.261
834.379
886.369
915.276
821.315
819.321
808.083
825.9
833.055
890.432
823.35
763.568
863
848.524
743.184
754.002
685.195
929.961
865.717
948.81
875.261
921.824
841.245
915.587
806.235
865.81
782.072
873.511
730.475
851.038
842.76
768.781
800.812
862.212
821.753
824.635
804.473
875.754
897.403
943.253
893.168
793.724
870.375
891.614
885.528
820.416
828.453
843.003
838.523
876.003
835.536
820.976
809.269
872.699
844.058
940.621
722.572
918.864
882.357
894.711
868.209
857.849
799.402
856.834
789.669
787.794
758.663
784.417
808.199
942.638
853.434
829.341
824.105
857.846
852.542
774.261
899.534
835.257
746.678
857.854
721.288
952.545
803.172
729.496
835.637
799.176
770.837
833.937
930.878
901.79
793.88
832.519
939.849
834.507
661.571
867.123
968.854
889.567
843.424
827.838
816.927
796.803
811.888
857.272
873.591
813.259
829.76
831.914
827.799
783.663
878.225
870.009
874.378
877.043
782.836
919.201
952.954
866.638
781.989
794.697
782.843
793.371
860.668
808.518
844.556
882.083
833.539
756.524
865.333
840.391
870.849
775.368
921.848
856.23
835.242
956.476
804.203
785.928
881.151
800.141
813.105
832.629
989.186
797.744
888.015
785.087
903.341
779.693
808.875
789.614
872.907
772.938
862.937
845.384
865.782
875.601
828.819
866.047
768.758
876.555
912.991
892.382
824.311
831.097
842.322
756.302
818.108
716.198
929.04
828.046
907.052
933.301
879.672
740.081
795.068
758.457
798.209
846.13
739.285
887.163
800.02
828.991
800.611
899.808
835.169
778.527
833.442
846.001
940.352
908.11
809.069
661.616
764.284
808.517
804.494
795.22
846.312
864.572
867.438
800.361
849.526
852.352
837.423
732.483
850.929
805.872
819.073
807.249
905.36
712.875
857.308
868.524
905.138
850.351
848.552
775.203
789.119
823.859
929.577
967.624
732.029
811.986
880.347
932.646
812.001
845.238
875.1
1008.62
860.674
836.439
900.988
839.675
776.721
836.195
851.523
858.7
850.457
918.189
911.844
844.988
838.371
890.076
976.21
797.647
801.123
852.451
824.587
831.77
794.052
949.211
791.628
805.877
822.251
876.393
908.957
782.287
878.552
901.956
747.572
763.988
915.254
815.302
741.281
895.915
854.055
751.803
930.69
886.573
754.746
955.228
736.139
897.391
998.724
835.022
958.774
894.928
867.536
787.397
828.252
805.067
917.964
878.278
825.203
792.908
846.889
854.941
857.173
835.87
830.391
878.726
867.597
821.326
882.814
811.883
867.553
856.492
804.422
849.546
905.932
891.112
770.786
781.275
958.88
737.883
770.732
813.677
922.373
883.344
818.694
847.704
751.866
837.542
870.275
965.952
872.049
869.666
853.842
879.396
825.511
870.573
861.798
884.156
779.719
884.637
878.335
809.753
709.466
783.139
730.143
821.277
906.117
796.775
858.423
834.888
869.51
940.227
998.779
820.997
924.412
857.957
849.585
798.122
783.056
899.124
968.998
780.418
878.448
818.341
866.362
902.928
838.398
729.887
878.556
914.29
899.559
796.872
743.4
863.733
922.011
847.713
793.998
834.472
820.373
734.885
981.114
909.826
929.972
873.948
883.881
987.02
842.323
771.398
726.645
915.884
798.137
792.588
867.324
808.062
794.457
758.116
915.287
829.534
800.851
835.837
781.173
883.894
919.402
841.924
972.637
885.682
830.477
862.211
758.558
891.667
714.783
785.848
942.567
851.749
832.255
855.259
859.731
808.063
798.808
813.735
878.954
931.71
782.582
792.729
819.42
919.424
787.575
816.41
801.76
833.151
827.73
812.565
1005.65
817.688
850.565
942.803
861.401
733.131
844.543
901.025
775.237
824.133
816.392
850.822
835.927
885.733
891.963
748.103
795.507
866.794
904.015
761.028
962.008
843.559
794.083
811.189
1016.02
806.948
774.651
942.761
864.122
896.6
833.53
737.07
796.542
860.164
1003.06
756.553
796.367
858.904
798.356
726.875
841.57
887.092
754.428
809.824
892.212
852.17
751.791
878.606
846.735
780.234
760.423
820.349
803.158
841.282
838.157
831.285
796.974
863.967
825.491
872.548
854.597
799.989
813.721
959.942
895.392
962.602
871.509
848.136
848.729
804.759
766.367
878.148
793.707
747.084
931.607
912.682
794.018
780.32
764.32
847.36
675.844
855.538
785.578
853.443
847.684
825.064
813.265
935.87
862.805
759.25
949.996
848.911
834.413
947.423
823.746
821.223
821.303
856.918
821.417
791.394
842.723
871.874
913.8
947.945
762.27
812.582
750.985
832.855
833.282
835.667
875.308
890.893
873.802
845.581
792.518
831.238
835.557
853.793
879.999
778.652
903.069
801.124
857.409
820.809
852.03
791.998
722.925
887.934
738.806
779.837
891.107
860.119
898.507
781.47
909.458
859.311
882.427
881.009
799.069
828.046
768.233
853.231
888.829
876.452
765.999
835.658
868.429
900.929
773.738
796.474
870.875
824.821
932.051
752.203
791.207
897.144
843.043
819.739
855.275
820.033
765.995
878.605
835.746
815.634
858.17
819.135
785.881
875.654
862.582
937.059
706.04
764.264
867.105
914.066
719.962
889.689
840.553
849.729
793.851
975.503
893.826
910.11
717.171
837.286
940.628
804.326
885.46
809.952
808.256
836.833
873.27
844.341
821.117
866.333
820.073
813.846
810.719
891.625
972.651
812.221
799.313
833.369
857.743
772.339
884.483
833.112
790.557
827.778
763.605
844.545
892.862
846.619
896.697
782.7
831.119
732.435
911.348
902.906
940.984
880.806
974.432
852.659
888.285
921.536
906.563
920.361
840.837
812.075
856.267
863.851
824.352
791.241
764.485
832.796
760.908
821.875
800.587
895.492
920.998
820.826
865.086
749.436
819.523
889.996
859.544
837.31
830.853
813.401
967.576
863.193
892.415
912.644
947.094
797.452
742.255
924.242
743.109
889.79
828.385
772.796
836.277
675.93
862.813
876.249
886.063
913.397
867.937
879.773
868.232
753.68
771.657
885.881
779.139
889.753
822.7
811.267
905.389
844.421
760.95
798.656
875.196
867.954
792.915
792.29
731.127
856.349
795.284
780.6
848.66
893.268
782.107
794.095
817.492
953.052
806.798
818.716
708.155
915.365
833.878
889.235
838.041
756.09
872.77
785.272
799.145
800.419
853.092
811.673
916.242
946.227
793.667
834.872
875.961
802.442
908.966
720.988
806.05
783.395
831.915
852.252
787.116
820.241
820.33
929.362
789.565
855.419
832.115
840.703
894.756
832.769
757.404
867.966
884.917
968.876
860.632
730.274
863.212
881.758
881.793
873.572
804.524
1002.65
790.321
898.83
857.217
884.481
829.988
766.4
793.166
899.064
866.865
803.913
901.409
928.512
807.34
710.527
808.89
874.033
1044.33
893.761
828.507
734.172
854.67
905.317
808.173
906.456
841.482
872.094
808.251
880.557
827.531
877.985
735.443
807.476
863.586
740.475
843.41
848.064
764.084
800.927
921.127
893.158
819.222
806.955
710.498
792.22
773.104
870.195
850.227
960.427
746.169
900.556
877.797
819.636
909.112
818.935
854.101
963.341
874.617
905.787
775.578
823.582
932.354
867.802
885.632
829.758
878.584
919.47
936.139
896.118
793.649
818.692
938.593
860
859.164
890.674
863.703
820.441
799.228
925.822
852.962
857.433
891.644
854.801
779.274
851.257
900.582
846.16
785.526
783.299
890.677
939.227
860.972
883.314
871.481
932.813
924.256
835.222
820.418
814.658
823.177
875.39
839.173
854.08
852.736
830.571
793.667
870.361
928.629
915.841
804.068
774.006
834.699
898.187
820.067
789.668
740.793
960.124
876.349
763.41
813.105
859.444
888.832
833.436
828.751
918.596
902.513
896.763
826.494
866.727
880.967
834.261
788.215
952.359
816.752
864.697
786.018
905.497
774.824
844.97
778.541
933.921
902.859
900.59
804.432
852.466
742.192
812.209
885.704
911.46
862.934
833.974
837.095
779.58
961.776
808.518
944.1
852.289
925.339
882.12
830.327
795.532
951.591
904.24
905.993
838.14
772.987
752.24
775.94
815.164
886.985
791.301
832.355
821.359
806.321
859.465
706.77
864.517
915.979
846.954
910.581
800.128
701.572
826.747
789.525
933.431
796.674
879.087
846.532
786.654
889.774
814.66
886.373
804.776
913.815
814.249
778.104
855.806
858.288
825.752
846.104
719.66
767.565
795.843
833.908
889.723
838.875
879.857
812.41
912.895
853.352
801.974
807.009
826.733
835.706
752.155
773.383
828.8
711.674
812.224
924.624
964.721
813.779
823.038
884.498
820.582
808.91
801.257
817.521
771.642
826.571
782.185
848.159
857.04
816.497
894.409
904.048
808.05
833.054
795.768
823.638
923.732
869.746
802.568
855.096
799.615
895.165
862.977
884.603
765.029
871.002
817.048
881.596
715.681
976.381
800.183
850.952
717.355
747.06
791.507
840.386
994.875
886.717
856.538
820.631
828.744
857.005
934.094
917.836
887.942
850.153
660.679
892.635
801.065
863.525
849.808
798.379
844.842
816.387
903.774
815.488
776.757
895.631
837.902
817.061
774.43
857.402
807.39
798.434
844.853
765.926
777.323
824.983
862.529
948.847
898.42
833.113
842.155
903.827
788.45
789.025
792.819
877.157
874
869.202
834.287
923.456
869.742
828.981
888.95
777.855
861.33
861.919
810.419
876.869
905.261
820.638
778.998
858.401
866.539
893.699
829.652
895.949
818.399
840.055
916.855
960.582
798.286
875.364
798.173
840.189
939.579
880.075
878.716
862.75
827.579
844.66
836.987
868.505
956.475
856.722
741.192
764.083
763.348
887.068
883.64
853.125
887.197
891.896
835.521
952.471
744.279
833.121
751.244
766.421
882.26
713.583
782.187
794.094
916.568
869.517
820.745
777.029
838.289
899.379
752.793
867.942
792.758
875.581
1012.19
831.656
753.131
880.402
944.596
821.322
1003.01
946.709
882.94
877.762
864.287
818.438
977.15
802.414
878.447
864.946
866.775
800.243
860.717
852.961
790.269
887.677
828.392
868.836
785.545
934.655
798.865
877.841
852.533
763.112
855.064
773.694
925.285
870.338
800.614
852.991
938.559
833.403
850.685
802.424
856.357
944.205
800.224
812.465
932.84
842.721
952.041
793.9
866.025
858.829
909.915
871.811
707.656
691.787
801.782
751.443
864.071
878.375
780.951
867.151
923.096
832.878
849.062
834.839
740.347
793.282
977.914
789.093
719.857
912.147
903.671
780.046
861.488
907.096
894.006
755.379
850.743
826.19
885.28
858.683
782.857
884.284
859.763
871.571
796.514
868.265
820.747
795.459
727.591
785.564
764.779
824.395
866.722
859.186
916.005
880.675
922.001
806.712
842.089
865.494
847.753
878.972
785.624
924.061
842.507
876.324
962.815
819.647
720.873
792.031
844.998
878.794
832.338
831.306
860.295
905.953
973.436
837.333
937.23
929.756
750.35
741.262
864.538
828.295
781.955
823.516
841.113
906.175
822.831
820.42
851.135
816.166
818.045
744.137
850.855
771.859
948.728
779.277
888.984
859.76
830.713
849.696
738.24
942.691
766.101
852.873
847.037
907.516
910.593
850.81
886.38
756.248
794.681
807.232
853.83
800.803
831.719
886.456
823.757
820.602
835.876
835.827
883.959
866.027
908.214
843.379
914.222
769.194
855.301
861.681
725.499
876.183
813.031
841.101
825.935
861.733
861.994
858.223
739.452
847.034
776.553
890.179
911.958
931.578
993.694
805.875
800.812
849.286
872.361
863.926
805.789
847.352
733.379
909.323
914.771
835.332
800.427
880.793
837.141
941.951
907.286
951.789
772.182
755.389
922.488
827.601
814.517
886.963
872.256
843.063
909.88
861.159
846.249
890.388
910.048
905.388
840.134
854.17
866.673
801.251
888.749
853.523
750.846
938.677
797.832
905.859
797.517
835.165
832.555
821.949
825.878
721.006
815.316
779.008
831.835
860.32
841.058
742.145
785.806
870.966
866.217
747.849
748.251
831.576
876.002
845.752
823.205
709.263
792.954
868.662
855.235
858.266
899.372
840.551
821.352
837.981
863.604
954.193
824.199
914.775
742.22
921.275
887.971
726.473
805.198
843.375
818.169
869.376
848.827
922.041
832.446
833.167
842.66
834.379
807.164
838.962
757.746
848.341
874.375
835.365
797.013
867.41
904.28
780.793
820.886
815.005
850.106
749.838
766.589
924.458
864.896
854.674
888.846
895.792
881.632
807.662
855.896
947.3
858.518
823.755
847.114
859.814
794.103
785.963
865.328
799.835
755.262
735.372
827.61
940.37
872.905
846.994
926.915
870.159
886.112
804.337
795.721
836.126
907.995
864.309
880.343
840.922
909.509
833.217
885.338
925.154
952.136
908.123
923.627
823.33
794.251
855.522
807.002
810.282
784.669
817.638
786.588
772.914
855.585
827.496
883.906
792.206
769.762
998.994
805.425
818.418
770.855
762.016
873.078
803.398
811.633
905.919
874.108
790.865
873.777
944.806
887.285
871.391
851.961
911.25
992.994
872.46
834.355
828.979
809.601
874.013
819.323
874.529
782.142
846.545
879.289
817.24
981.196
924.375
879.362
787.219
778.174
864.572
889.094
899.61
889.407
812.79
881.691
879.822
922.815
891.044
859.184
795.866
925.398
835.97
786.661
891.347
871.4
843.157
897.71
941.275
819.4
841.24
784.568
899.53
855.498
844.91
849.308
957.305
765.459
842.451
818.535
863.394
819.699
786.483
801.579
864.091
882.358
753.033
882.619
780.942
905.91
811.833
898.177
855.512
689.111
923.548
849.59
845.891
944.515
787.214
853.524
739.24
870.864
953.859
805.444
899.202
754.681
796.911
887.205
858.943
781.35
802.705
825.7
797.522
830.148
760.992
818.398
855.527
829.161
875.264
865.253
943.028
910.072
854.888
821.853
915.06
955.736
814.804
743.298
904.033
869.473
911.203
781.525
742.453
736.778
791.06
863.123
892.759
858.82
900.028
809.623
897.595
805.346
976.601
718.526
772.563
881.379
867.977
888.742
899.308
818.409
837.092
792.626
798.18
868.143
813.563
835.765
934.775
731.927
878.253
854.87
858.933
878.537
921.659
864.05
928.728
783.224
801.969
680.679
857.79
799.257
769.988
851.613
842.419
877.023
903.451
843.476
745.915
907.494
899.641
798.614
826.12
822.966
824.95
831.225
904.342
886.92
872.018
804.845
786.112
890.781
786.411
833.973
781.223
908.109
848.683
737.383
705.015
837.879
868.568
720.599
834.688
828.379
794.028
865.734
857.833
745.557
964.732
822.941
780.437
835.811
846.304
870.92
833.927
688.761
895.661
772.271
890.222
879.913
944.111
722.171
886.768
848.878
830.707
822.339
815.887
833.065
978.944
868.003
771.135
894.378
808.009
793.207
822.796
898.134
976.867
909.804
832.296
846.361
923.054
861.252
780.226
887.688
846.705
853.443
833.618
809.063
902.971
811.004
861.287
968.612
899.884
787.166
949.47
763.291
913.585
795.89
908.854
835.561
838.179
787.204
868.909
837.801
792.855
804.382
889.546
739.404
847.295
817.641
808.5
914.31
835.807
828.106
769.496
820.555
813.337
923.367
837.789
931.161
803.689
866.486
788.362
901.435
829.277
812.578
781.951
695.316
811.131
838.457
871.004
822.929
844.987
838.719
920.098
893.123
817.808
971.044
886.235
837.131
870.753
851.91
810.862
864.878
876.943
787.919
848.805
792.286
763.145
803.505
841.834
828.66
809.413
873.858
914.358
911.609
907.987
716.8
778.067
902.361
802.711
975.474
801.642
795.536
887.734
897.742
806.882
938.762
771.402
833.854
855.181
857.956
938.157
833.539
815.608
873.19
791.93
874.993
873.377
937.425
854.344
826.872
796.586
905.791
742.959
885.815
936.715
855.629
752.734
751.077
845.412
891.191
925.43
808.152
889.28
979.441
841.06
744.434
804.154
856.655
811.397
970.839
872.159
900.812
751.736
877.192
798.003
871.228
876.445
782.271
802.146
934.087
756.286
790.463
774.812
903.579
787.377
815.39
885.249
890.545
865.219
744.298
848.063
910.291
893.255
845.424
894.722
807.57
872.399
907.338
820.705
761.468
892.403
815.481
872.814
852.48
685.91
830.418
914.17
734.82
818.544
747.386
814.82
868.52
879.381
992.333
761.692
858.56
959.6
815.988
831.486
908.282
864.479
713.763
818.664
945.634
768.987
855.519
881.357
921.191
729.66
825.659
743.844
911.089
875.911
834.629
790.838
742.841
778.664
795.706
783.824
849.066
803.822
807.73
832.695
844.584
833.31
860.681
854.438
748.544
893.433
882.976
845.026
749.952
766.076
872.667
772.986
875.856
797.819
735.043
745.629
777.914
801.78
809.772
916.649
856.325
922.308
769.521
865.054
799.465
851.554
793.797
875.356
907.871
840.664
792.026
840.988
808.974
791.27
942.635
994.632
809.361
812.611
866.44
990.934
834.324
849.54
863.544
792.534
918.315
875.026
970.315
969.631
902.365
834.167
915.885
840.19
794.038
757.158
826.527
832.667
835.562
961.015
823.448
751.872
829.966
894.264
871.104
790.179
885.771
769.257
807.966
767.532
841.508
748.672
843.158
743.476
905.916
860.23
930.365
846.828
914.184
865.813
888.142
790.322
927.588
848.734
798.737
738.927
814.578
807.309
867.532
866.388
927.542
870.711
921.949
744.031
864.464
850.246
851.383
913.981
896.993
838.11
885.968
820.051
943.845
845.773
827.149
953.839
856.634
770.769
794.689
779.391
927.85
756.625
890.981
782.826
863.251
842.929
832.998
742.28
813.284
814.955
853.321
975.765
803.206
856.934
836.326
949.656
955.742
836.721
806.045
803.101
883.915
821.428
850.299
789.865
749.431
854.173
928.339
800.191
780.325
814.077
847.173
930.859
826.727
879.023
799.166
826.509
769.903
797.699
824.034
805.738
687.821
768.238
775.663
979.05
907.329
847.748
781.605
826.122
839.837
847.938
834.996
728.799
896.994
775.136
892.598
928.476
856.603
866.456
876.674
810.006
833.586
791.73
918.072
939.431
908.849
809.846
872.463
853.676
827.707
859.702
869.673
822.926
875.059
826.822
771.301
798.21
847.212
775.231
956.283
795.09
817.592
830.569
730.417
764.313
908.914
813.798
753.122
833.55
901.575
812.982
871.37
679.511
814.732
851.889
827.404
836.56
781.507
779.538
822.579
957.865
866.118
782.073
894.798
743.062
823.301
834.982
891.796
863.975
866.198
717.003
918.085
824.749
859.464
867.005
1018.26
924.407
805.843
889.866
741.877
940.102
847.08
909.27
767.957
834.455
835.876
889.47
815.118
897.203
837.342
852.595
1021.76
926.487
940.368
875.256
851.695
759.252
870.983
807.203
980.584
794.674
898.441
880.695
883.615
859.214
818.548
765.807
834.395
798.521
851.505
829.236
942.241
880.238
884.825
793.132
758.401
825.527
865.13
952.764
825.245
956.874
850.572
789.025
845.705
890.299
882.197
835.385
902.693
857.625
762.415
874.93
734.525
890.569
870.169
909.377
836.089
802.963
863.901
827.602
814.944
791.45
798.537
829.334
721.27
805.723
786.068
843.908
810.851
902.886
809.225
811.558
829.042
821.508
880.448
838.717
779.607
793.571
891.544
745.034
775.913
797.597
938.995
876.511
766.106
828.386
923.424
946.076
831.916
811.379
846.007
790.967
845.206
872.39
851.181
753.622
890.771
818.553
767.671
854.624
862.646
893.339
817.623
813.213
837.969
937.064
861.612
804.985
811.599
896.522
784.361
772.855
776.205
833.814
851.386
881.972
831.052
912.985
859.479
746.308
896.064
800.244
841.705
846.3
842.904
788.033
810.034
816.966
791.981
830.584
779.912
905.085
819.339
821.437
893.43
845.482
883.062
762.994
846.105
820.141
924.515
793.562
947.633
862.321
840.762
762.836
867.518
786.091
862.948
844.537
851.8
824.634
729.076
883.441
892.603
883.579
785.071
831.048
878.342
893.278
964.372
808.552
920.993
917.032
781.088
874.336
823.908
805.541
902.725
819.943
798.477
891.825
872.454
736.436
878.62
837.433
916.254
874.013
798.843
839.321
831.466
815.456
875.994
894.17
899.632
901.291
761.904
900.791
813.123
931.751
809.882
836.703
806.366
864.776
815.749
856.246
845.979
828.005
708.638
806.779
873.449
849.781
973.964
747.914
877.098
887.2
814.685
810.361
860.565
866.984
868.04
822.051
813.261
796.602
785.712
794.731
932.885
982.806
838.384
864.225
742.784
792.295
833.43
780.995
809.402
775.155
933.865
879.561
813.651
771.029
872.241
848.084
945.732
841.017
788.059
895.299
752.363
860.261
957.515
887.108
781.755
798.911
869.392
820.267
917.518
834.699
862.704
838.889
860.382
725.741
937.263
834.608
881.836
755.03
885.917
950.042
887.737
769.526
931.078
898.926
849.725
883.145
909.527
918.311
801.723
778.535
816.702
795.414
791.634
905.927
872.539
847.837
791.796
818.885
785.855
875.616
820.964
820.565
874.863
733.572
883.402
842.086
792.756
930.279
865.613
840.135
781.047
850.678
810.682
792.916
835.265
903.154
939.084
810.848
818.308
797.112
896.778
750.35
905.782
872.01
887.15
918.478
779.859
817.893
804.535
861.649
878.715
851.53
781.472
725.179
861.179
908.214
844.999
771.749
878.009
794.49
852.836
839.667
936.385
845.695
829.148
806.187
802.863
849.696
833.675
895.941
894.158
910.984
837.994
853.357
814.619
854.153
819.02
826.857
932.463
866.658
749.518
835.985
891.352
829.691
864.982
859.161
786.969
776.975
835.102
936.191
810.602
787.505
924.524
845.581
860.387
938.877
829.349
808.643
814.244
730.45
796.256
724.399
768.759
862.85
838.41
766.139
969.881
835.642
868.934
745.349
794.189
802.68
841.538
867.481
804.215
902.609
775.079
763.021
781.8
836.991
799.517
875.097
840.326
877.981
855.064
793.4
767.897
900.34
753.367
850.179
770.368
752.782
943.63
799.794
770.897
818.372
870.769
921.068
771.606
869.814
878.081
792.241
834.252
926.74
900.259
938.313
826.898
840.731
920.659
837.361
875.826
820.995
948.054
740.074
810.434
891.22
813.691
753.541
868.395
841.488
801.302
879.197
828.236
786.931
852.066
799.801
850.775
859.409
937.856
833.876
858.974
793.146
781.232
675.267
682.451
851.795
883.976
864.407
886.954
917.941
804.036
781.415
791.85
864.702
821.759
787.588
832.658
911.741
868.997
874.511
861.468
910.387
892.575
892.307
878.422
888.756
833.671
883.902
858.049
892.232
876.213
888.025
922.282
846.215
864.304
873.758
838.176
890.48
770.63
790.39
863.037
851.621
822.089
869.651
922.602
826.243
832.805
790.309
825.686
882.136
822.772
766.235
879.461
874.543
854.812
822.657
871.653
789.306
863.523
793.376
870.449
877.248
954.585
789.333
830.162
925.355
804.472
913.917
849.574
842.214
881.127
924.799
794.587
860.016
890.802
767.421
702.049
808.74
863.594
825.317
778.119
841.576
783.786
826.354
718.048
831.294
871.591
764.832
810.191
913.024
958.515
785.329
839.385
911.63
916.043
873.656
836.268
899.603
880.679
851.357
859.667
858.746
856.54
830.672
798.932
788.18
803.51
719.528
824.423
885.75
902.641
874.382
863.372
909.337
895.677
817.647
739.782
845.476
959.549
873.763
770.352
856.334
818.627
857.321
938.759
856.242
821.891
882.595
855.161
891.934
903.519
846.531
757.004
809.019
884.386
921.583
860.674
968.865
871.877
789.927
749.443
808.882
821.233
760.887
716.543
801.296
889.693
903.534
778.729
762.831
901.366
849.323
796.523
774.111
886.625
836.39
779.209
798.299
911.406
874.679
818.643
764.209
883.642
857.421
855.027
648.067
894.564
699.767
832.986
785.72
867.87
883.369
1068.2
776.049
847.907
858.182
842.778
905.96
870.024
901.362
834.624
767.487
862.872
925.564
963.559
821.217
862.434
837.881
883.282
903.126
762.131
826.797
894.819
762.955
895.29
875.73
843.091
948.877
771.891
911.198
826.579
910.317
833.876
822.827
901.358
791.806
905.898
741.846
766.363
934.98
877.16
908.654
794.373
843.82
815.804
823.822
876.204
880.629
862.933
925.035
819.195
879.55
880.084
871.21
857.761
773.148
823.172
813.793
908.925
855.64
836.758
788.658
989.188
910.99
906.981
871.146
847.296
823.228
942.536
800.664
845.061
876.659
883.489
792.768
856.674
844.956
833.121
878.967
862.801
822.619
777.59
886.141
859.519
816.433
836.478
803.899
855.855
845.553
761.751
881.777
821.176
827.844
961.97
907.591
795.866
898.622
755.574
902.542
839.188
796.852
837.808
788.196
980.15
824.796
749.812
806.677
870.597
835.705
832.572
931.951
819.545
893.032
855.292
804.857
886.239
852.709
810.147
947.165
741.842
881.009
903.189
781.028
794.873
844.694
902.13
967.555
929.463
845.711
776.403
886.27
984.148
838.027
859.398
874.625
906.183
842.604
830.513
760.786
851.553
889.526
825.656
886.503
754.12
800.592
776.782
807.068
799.467
988.71
878.941
736.409
774.928
815.684
749.56
844.216
825.277
932.141
799.803
920.535
832.914
880.671
817.721
940.186
825.688
852.357
917.907
903.738
816.533
768.453
894.248
848.578
843.816
814.144
740.631
795.595
885.906
853.158
818.124
848.138
909.88
848.867
889.118
756.779
879.633
892.088
863.63
817.056
802.432
843.753
882.752
957.136
980.559
838.406
845.476
937.082
759.66
750.434
817.06
863.127
785.891
919.934
917.762
808.595
932.236
777.821
800.824
868.387
899.513
855.71
811.511
750.52
939.375
767.57
707.421
834.123
872.105
815.799
852.373
921.131
1027.02
880.923
803.759
879.726
848.593
876.934
885.968
858.711
810.065
792.798
885.49
779.065
834.458
808.934
885.746
835.776
811.48
831.954
866.852
871.162
844.66
908.28
911.376
864.387
775.526
813.953
862.099
766.072
788.784
749.87
768.33
879.97
817.258
902.303
741.06
799.213
758.761
827.959
882.427
832.428
882.527
821.33
869.267
807.769
786.851
836.421
789.771
746.752
769.304
844.54
805.34
888.243
777.117
810.36
887.012
839.204
891.009
964.449
737.613
805.902
899.1
892.813
890.669
837.278
789.235
787.136
782.867
858.612
761.922
988.788
876.482
770.246
853.624
867.334
862.574
837.067
1039.52
830.506
865.869
864.879
837.738
843.625
872.228
806.902
861.111
760.537
835.102
783.14
865.432
890.058
810.89
893.934
886.801
877.59
917.57
813.316
839.514
899.478
824.887
866.912
885.425
892.885
729.065
801.048
861.519
905.775
880.88
842.396
902.392
918.098
909.451
829.401
899.66
875.955
789.47
829.707
875.59
918.288
927.219
806.513
825.643
867.541
926.978
933.063
751.418
847.655
834.989
964.242
819.556
730.946
804.963
790.722
831.678
885.434
882.267
932.306
753.588
900.736
900.109
761.613
868.839
829.165
939.112
752.32
829.615
800.219
900.051
820.724
840.072
887.211
902.558
918.834
828.434
961.371
790.185
817.999
935.199
704.954
881.315
828.523
734.489
854.954
718.832
805.864
868.036
775.434
846.491
772.518
782.229
835.061
913.623
822.078
820.622
795.44
825.363
822.323
920.813
825.822
896.78
852.356
863.684
858.631
850.697
817.923
871.128
746.716
840.082
820.239
870.546
842.508
763.184
842.516
956.248
885.45
795.016
864.99
824.103
786.098
805.391
882.881
731.684
832.698
902.707
764.379
868.526
856.181
824.733
892.385
906.336
734.778
836.838
936.814
924.517
765.984
865.767
853.21
880.458
877.198
861.815
878.754
901.204
828.217
804.897
869.327
789.006
889.254
985.996
781.44
694.68
781.796
815.849
913.205
809.438
848.975
990.819
881.673
873.879
807.562
854.785
855.857
932.84
842.349
797.208
898.228
838.452
900.393
761.078
903.956
852.832
766.823
894.625
799.515
782.505
907.259
816.866
776.889
886.454
919.482
806.513
732.405
885.822
791.051
954.677
899.574
938.993
778.783
908.961
843.752
794.072
863.773
934.772
936.87
801.742
811.78
873.643
862.896
807.105
863.04
808.338
893.466
879.206
864.921
906.39
896.863
836.465
808.842
840.637
862.074
813.782
751.296
946.498
878.479
851.088
788.869
817.444
760.172
941.641
918.678
832.752
964.618
800.077
729.111
862.052
826.112
874.85
862.756
791.343
809.143
796.247
860.321
883.702
883.466
758.1
962.074
878.409
893.701
903.682
825.859
884.39
900.846
814.485
901.65
833.287
825.393
753.856
694.74
798.165
803.836
824.687
733.49
893.029
798.398
884.521
769.699
761.622
941.341
862.814
898.398
906.262
810.194
837.184
746.667
803.008
796.083
749.202
749.832
849.731
840.291
828.035
868.587
738.611
921.686
769.635
816.618
850.549
738.447
910.004
819.391
846.252
803.488
870.337
897.781
858.345
798.423
769.628
844.441
836.974
777.12
894.547
712.958
850.29
790.071
879.189
854.093
830.023
868.477
798.328
834.535
915.017
779.937
945.325
866.999
850.182
846.126
774.421
824.609
872.014
826.176
950.727
996.746
990.801
776.234
952.347
846.28
821.396
933.192
830.872
896.022
798.266
771.766
817.84
846.23
874.508
894.223
803.156
816.719
933.338
947.164
833.887
750.423
865.129
821.864
813.731
784.847
769.863
766.433
851.905
763.087
723.602
750.006
896.564
852.219
839.884
859.706
865.221
781.137
846.291
932.397
767.624
765.682
914.464
804.373
859.645
817.887
892.651
879.08
887.31
723.287
881.844
793.311
870.965
797.431
929.293
835.279
918.329
892.561
869.048
869.786
819.115
793.407
752.771
775.028
876.458
837.397
869.022
884.01
794.61
748.583
831.932
807.457
923.968
918.841
1008.11
822.966
825.86
889.286
913.079
841.068
932.031
832.121
865.982
971.148
813.033
952.044
825.509
849.41
839.38
925.502
817.247
850.484
776.762
873.918
874.576
826.707
878.613
840.939
923.096
801.246
881.493
857.919
945.287
906.375
967.525
898.022
922.753
782.763
832.732
866.496
856.861
830.595
812.154
854.766
910.522
858.541
880.235
905.991
920.668
838.056
855.137
922.97
808.447
847.443
828.645
737.394
760.122
796.329
850.858
772.954
932.475
925.223
903.293
965.018
849.538
837.453
732.442
819.489
790.219
815.222
880.53
938.651
733.479
753.993
789.305
824.667
787.309
933.289
840.939
789.78
850.119
885.2
896.219
705.494
880.503
859.989
825.886
917.527
827.849
869.368
819.428
842.147
836.597
902.948
915.878
863.963
932.659
876.04
866.79
838.43
931.107
830.967
845.042
947.11
903.029
827.999
777.954
863.221
838.86
849.088
789.351
866.328
931.12
944.117
782.956
805.06
850.656
847.689
827.377
903.974
843.47
802.739
821.845
833.455
816.312
801.286
730.183
851.841
883.507
842.751
880.016
801.056
794.975
802.874
870.326
931.045
854.337
876.169
827.722
850.104
842.248
942.937
904.283
874.199
872.631
751.99
857.217
882.029
914.443
935.545
721.064
788.96
770.477
773.055
928.279
850.336
752.216
787.239
836.923
820.473
925.958
845.542
735.984
874.631
948.354
775.66
892.684
885.789
770.964
818.285
947.949
908.504
882.033
873.505
872.085
782.606
852.958
874.578
840.793
866.552
894.477
783.199
822.643
865.684
825.211
736.447
880.663
797.8
944.849
860.6
785.223
857.434
853.246
784.075
811.189
791.973
784.657
846.354
851.99
746.256
925.106
731.187
931.425
841.856
731.257
734.828
785.02
873.926
755.898
815.687
856.256
830.576
826.411
872.679
853.687
837.952
778.639
808.414
869.224
868.282
794.008
782.853
883.717
803.483
822.848
915.109
841.873
866.806
716.8
892.262
813.786
881.778
748.057
736.479
829.343
800.893
754.537
888.528
882.87
874.798
809.846
770.44
818.685
802.173
831.432
810.625
823.602
854.671
835.871
816.856
808.694
862.396
828.433
967.181
813.307
857.877
980.646
864.687
808.415
929.662
1011.21
849.527
887.497
890.835
780.025
856.581
739.246
845.856
837.239
865.784
878.758
840.269
812.451
936.749
889.353
858.901
816.815
780.992
822.568
772.592
711.881
764.065
799.666
927.059
744.665
723.776
921.592
863.485
928.317
788.66
820.861
797.357
755.46
909.227
821.223
769.475
794.271
838.263
872.77
779.27
825.919
839.476
833.245
907.44
796.219
761.316
775.603
831.186
837.807
832.384
836.636
886.095
977.703
800.962
809.513
776.929
842.843
874.896
924.068
873.622
755.146
801.994
859.688
868.25
910.977
866.349
865.922
859.918
809.924
829.558
836.824
804.649
851.735
899.596
827.563
825.313
953.25
684.014
828.417
917.323
712.285
916.536
760.786
804.551
958.838
863.971
908.845
858.373
989.83
786.268
875.72
817.611
891.44
922.746
950.632
777.805
834.57
934.06
800.933
829.956
862.687
835.857
744.02
799.191
838.265
905.294
899.379
837.56
772.923
808.495
785.722
876.175
778.233
860.35
873.172
801.163
859.944
751.728
734.595
876.769
845.243
775.836
744.633
815.571
857.578
841.844
881.721
915.557
849.986
727.324
859.935
759.817
825.209
733.175
769.088
954.02
818.033
836.738
873.327
776.447
758.271
868.706
854.75
828.99
782.644
886.048
866.534
816.428
743.32
873.37
862.114
948.639
794.318
974.488
912.621
755.962
950.275
926.225
906.906
773.233
935.13
846.192
759.962
814.032
831.073
874.083
814.803
848.828
819.404
885.788
892.524
883.549
733.694
840.686
832.861
765.6
771.582
796.206
855.752
860.817
901.884
968.028
807.294
832.883
814.953
898.698
908.937
838.354
825.613
764.341
875.098
761.935
787.682
717.391
936.423
873.579
898.01
929.845
772.861
835.024
801.815
705.704
786.002
782.615
801.104
895.237
836.609
791.986
750.488
833.46
901.457
793.458
808.312
796.61
884.878
934.132
869.095
883.723
854.823
902.383
784.974
896.171
857.53
767.924
809.824
823.893
896.867
846.214
800.356
846.166
870.469
749.49
800.786
796.785
700.624
765.105
770.863
902.406
1036.94
847.933
791.388
847.254
830
850.683
809.795
869.366
860.123
771.831
1037.84
906.089
934.463
889.885
889.19
792.914
832.488
912.147
817.748
796.565
916.591
784.896
801.585
852.344
727.911
813.252
894.025
706.464
804.331
796.921
857.588
865.459
844.276
869.243
875.275
855.359
705.28
754.798
790.866
776.026
804.19
772.711
799.76
814.481
816.502
909.074
847.022
923.162
769.964
847.534
875.028
868.896
851.87
823.542
846.893
857.23
843.052
894.838
699.008
894.081
799.829
795.62
916.844
926.987
819.548
882.578
809.954
825.544
813.398
847.646
781.149
758.27
946.725
821.015
752.444
820.546
819.091
867.372
840.478
842.463
900.339
985.852
748.906
753.6
771.006
830.471
919.628
887.424
836.591
837.852
879.203
878.575
764.61
852.366
811.512
847.005
748.569
780.461
795.722
852.836
917.863
952.51
781.751
837.991
862.912
825.954
788.319
798.556
834.251
787.756
849.751
1019.93
728.224
854.324
856.532
836.387
958.651
886.819
772.452
766.143
944.03
869.991
836.858
879.854
824.059
782.756
894.105
865.078
854.525
839.052
760.251
871.949
849.415
864.521
820.131
854.57
858.31
785.672
886.477
916.085
831.367
832.617
895.083
808.855
822.919
826.533
832.438
852.855
717.993
769.842
897.088
797.32
861.426
783.298
856.443
829.672
811.787
894.094
907.742
789.212
863.173
800.124
855.278
829.193
772.936
828.153
748.769
877.74
717.285
870.311
915.996
751.191
769.826
747.34
838.115
860.729
882.166
907.95
833.08
780.99
769.004
678.12
866.359
929.213
813.411
694.674
831.928
789.233
895.804
798.835
865.374
889.01
799.783
905.016
805.243
903.913
812.264
852.288
875.849
876.464
809.638
913.603
867.146
896.044
953.931
831.8
794.036
862.526
849.128
686.163
881.104
770.498
930.969
848.115
930.814
918.428
848.039
748.01
774.267
833.981
870.21
836.678
761.787
871.822
814.074
762.07
790.488
987.682
820.903
835.145
826.433
879.685
867.173
879.96
813.207
896.032
849.192
769.919
919.88
906.043
940.664
797.086
874.12
770.298
790.115
795.506
840.83
860.717
906.935
896.048
864.413
873.589
735.633
803.316
823.755
904.949
901.305
841.338
832.01
935.951
840.371
933.338
840.067
890.907
829.731
902.706
871.971
832.769
887.001
861.035
870.39
822.931
858.572
889.329
855.546
820.348
821.983
845.537
875.994
802.295
845.897
947.233
802.144
821.079
921.526
852.268
853.579
861.503
911.131
884.655
845.855
790.221
933.897
888.754
861.396
730.096
786.229
828.053
821.856
783.864
909.78
867.055
831.887
960.534
812.075
831.832
809.236
695.233
682.3
811.473
792.032
854.782
775.571
904.527
886.757
852.903
768.412
854.66
860.269
847.354
861.285
793.747
851.179
878.35
691.822
860.324
852.89
928.905
787.574
844.167
765.259
1005.1
864.754
944.612
851.425
835.268
901.378
807.568
908.516
850.961
931.999
925.806
837.09
840.992
820.887
862.972
810.898
836.822
931.801
759.339
753.199
891.708
814.908
895.459
829.702
779.986
756.598
908.163
822.699
853.469
903.429
915.053
816.91
783.167
884.307
807.137
880.332
868.132
900.275
887.127
759.849
835.297
823.389
880.364
872.013
875.232
782.27
818.097
781.828
853.407
912.452
826.009
874.006
866.933
877.586
855.956
796.122
817.055
830.666
814.914
870.308
803.762
836.622
851.593
827.881
888.126
880.987
826.616
800.79
834.853
919.278
803.765
785.213
783.563
831.542
764.065
825.32
822.926
803.977
861.962
900.311
841.283
788.444
927.267
804.84
743.038
833.651
872.362
870.022
748.244
701.388
835.138
845.43
888.433
942.307
797.219
849.614
811.129
812.582
765
847.792
895.368
830.188
782.491
901.677
849.913
846.495
864.353
829.363
928.983
832.059
809.034
776.712
820.998
789.307
814.807
837.622
909.977
917.067
812.016
803.944
853.183
811.259
884.65
874.344
734.226
716.301
834.323
868.371
837.701
874.508
876.314
769.866
839.359
846.287
848.283
802.093
830.243
718.644
817.972
864.312
816.497
805.836
916.529
858.089
824.344
829.755
956.413
947.462
828.122
805.877
903.793
815.94
862.353
841.662
777.917
846.333
873.633
816.558
858.942
741.448
875.751
834.831
816.668
856.298
693.778
930.505
987.291
898.757
815.071
790.166
917.313
803.839
755.775
959.294
749.195
753.745
917.027
819.055
848.069
906.175
741.438
841.991
959.934
829.35
908.102
776.037
814.001
827.523
870.981
869.866
895.194
851.17
827.23
870.787
748.581
909.291
892.674
774.054
812.566
916.218
819.843
809.637
844.168
782.047
897.156
948.205
928.651
913.682
863.403
944.83
881.989
828.662
829.527
898.553
864.04
873.464
850.149
818.545
922.997
900.149
724.884
824.06
864.729
836.231
819.999
762.279
806.516
844.62
897.365
771.913
890.861
818.435
901.958
873.691
911.273
854.437
745.961
888.139
880.767
780.109
844.921
836.081
871.217
867.731
845.367
869.617
772.7
843.008
887.027
812.069
774.869
800.126
717.189
903.194
869.246
930.28
823.473
786.989
773.386
957.203
999.517
795.579
842.033
755.638
909.328
828.737
808.963
800.133
792.73
893.731
791.019
787.594
775.154
886.904
875.322
854.354
937.54
821.644
881.535
753.754
852.032
799.017
866.62
846.618
797.599
768.345
852.221
829.301
860.906
809.599
820.889
864.035
885.615
833.462
870.421
838.901
887.681
767.514
779.448
822.907
831.768
927.688
761.813
914.989
835.222
791.719
869.656
775.161
745.511
932.16
777.788
835.713
808.046
823.072
829.331
845.93
747.794
870.867
831.323
888.193
834.422
926.273
825.426
818.537
745.11
920.4
817.798
824.836
853.669
760.518
863.527
842.745
892.059
872.695
886.82
885.597
858.981
875.545
800.469
714.836
933.956
860.1
878.453
837.759
909.001
906.556
859.228
907.6
812.552
750.583
966.113
666.573
850.975
730.278
829.803
956.791
901.974
952.877
848.082
907.522
771.847
858.978
865.185
871.493
817.242
819.997
898.577
757.659
864.109
842.844
915.996
823.798
885.773
808.387
795.812
807.86
683.783
762.825
762.949
830.838
935.769
794.586
792.048
832.637
868.939
897.489
829.881
843.414
850.408
836.107
781.834
815.827
770.645
937.856
807.257
886.798
993.135
809.139
862.157
940.402
767.408
836.674
882.293
842.993
902.72
938.092
870.844
897.33
925.54
943.713
788.378
774.326
879.459
967.709
747.335
918.977
852.924
888.665
815.124
846.731
829.248
835.796
820.039
842.327
876.079
868.347
821.128
854.578
834.224
766.487
805.052
821.583
908.172
961.081
781.708
853.359
842.882
848.033
838.716
780.948
759.913
816.955
870.682
790.845
850.799
842.934
843.6
894.674
824.772
868.88
833.284
873.779
879.13
875.62
858.934
818.324
781.415
856.496
897.07
947.057
861.653
902.871
904.482
805.829
962.875
827.632
941.694
787.781
849.291
863.282
826.641
833.57
917.459
785.589
852
835.658
815.543
695.09
725.459
851.634
785.554
764.05
835.846
829.205
856.334
766.43
857.367
771.565
771.942
862.585
855.097
864.822
801.165
840.945
844.901
846.035
925.251
883.351
876.505
794.097
858.086
856.799
856.311
904.923
887.202
803.279
813.379
895.349
886.303
871.061
961.359
902.951
937.929
806.331
844.572
852.079
910.194
764.893
825.523
785.14
874.782
733.355
830.652
911.988
927.307
826.081
885.73
892.998
855.986
775.238
778.965
814.389
852.138
815.206
854.896
936.485
834.281
768.218
863.763
835.931
924.635
788.763
751.955
918.212
755.432
938.535
720.172
843.887
781.888
856.262
796.731
845.556
782.943
860.106
928.964
916.69
810.879
799.991
870.307
823.442
759.687
825.437
903.454
888.136
777.392
828.515
798.753
860.873
952.844
877.19
727.057
878.196
842.752
892.752
827.538
919.957
796.989
899.937
806.233
826.9
877.369
931.406
818.051
821.435
830.978
835.988
746.023
851.365
882.591
774.05
844.431
852.524
852.806
766.315
837.818
745.919
840.714
855.694
772.309
871.076
900.588
862.427
830.432
869.412
906.051
881.044
931.838
816.372
801.26
863.501
900.112
916.684
792.38
917.195
923.692
863.084
943.752
828.287
821.419
877.657
796.745
980.893
788.229
802.43
803.849
796.707
809.209
825.182
873.234
929.519
846.597
819.461
826.739
743.208
908.91
844.762
840.416
732.695
780.025
851.874
829.9
919.298
770.66
879.648
843.498
808.9
770.669
789.591
828.085
872.999
798.941
877.368
877.295
798.855
933.036
820.815
751.123
807.614
829.987
838.119
804.551
924.013
858.01
834.678
897.824
761.36
885.306
814.158
857.217
904.375
763.168
955.234
876.562
805.059
827.679
862.506
811.402
903.406
868.099
742.007
840.76
854.401
891.496
809.146
805.205
851.512
923.349
772.745
949.03
913.318
775.673
862.926
768.535
828.018
915.848
833.702
926.699
866.318
832.5
855.459
790.579
797.427
928.375
761.124
867.487
720.239
935.486
863.312
804.321
890.648
963.763
786.196
840.321
862.886
874.676
870.572
883.4
865.683
898.294
748.668
795.21
843.33
819.517
894.307
798.707
912.726
815.122
822.861
739.393
845.776
868.006
773.644
810.24
887.088
825.918
886.384
883.561
901.567
795.598
754.421
1016.61
869.176
934.235
847.31
797.132
840.804
886.553
770.95
881.139
917.127
791.181
871.774
861.527
925.393
836.815
757.685
761.155
873.882
806.147
818.94
815.952
851.961
902.242
768.263
838.118
824
917.803
885.817
884.336
835.011
890.562
856.615
929.678
853.76
842.322
881.999
816.296
751.058
900.847
876.987
735.783
760.48
731.441
902.644
910.19
792.215
909.759
978.961
782.073
940.28
781.141
828.344
787.192
904.354
836.912
808.301
867.17
843.338
886.117
742.816
813.444
866.823
871.238
989.977
801.591
932.789
950.906
909.992
894.988
926.554
873.098
895.234
883.852
801.446
749.577
851.775
906.797
908.401
884.866
778.504
921.559
846.257
831.129
706.305
828.4
807.785
770.249
915.626
856.446
816.504
806.684
782.681
893.965
921.667
884.19
914.466
800.486
800.322
917.974
928.446
930.538
759.115
912.755
903.803
829.89
830.678
830.048
830.338
843.327
868.373
908.947
922.163
890.531
856.896
760.51
889.798
838.873
981.892
869.255
808.101
924.288
892.43
906.869
747.599
824.821
879.296
852.765
741.808
827.372
858.831
868.362
788.979
825.112
760.714
803.781
838.794
927.144
881.98
823.757
884.482
768.74
888.677
866.449
920.417
836.872
837.516
918.583
896.16
809.651
931.99
815.931
767.162
760.532
819.686
904.828
869.905
728.948
874.749
808.195
750.272
755.954
922.169
792.747
862.046
838.627
841.693
889.769
776.491
782.745
876.506
841.912
790.319
796.139
855.41
777.653
837.419
893.805
794.105
913.941
817.15
812.659
880.867
808.63
770.407
844.568
769.57
908.71
818.28
827.138
872.517
871.49
891.809
1048.49
875.872
869.389
780.515
850.801
846.952
813.406
920.226
852.072
952.436
956.726
762.635
782.198
810.487
794.086
917.935
762.656
852.801
817.292
849.29
848.96
750.299
944.497
747.714
911.662
883.562
866.557
739.438
950.516
851.912
847.491
699.45
814.853
872.305
912.965
768.073
806.802
837.868
801.13
853.981
823.938
750.396
803.77
775.235
843.858
776.666
870.532
862.889
797.732
813.343
884.684
844.601
944.532
795.582
841.596
796.459
866.503
908.738
808.584
968.859
843.196
899.689
790.497
868.839
839.799
807.59
907.524
890.246
798.065
930.911
814.308
954.58
939.42
856.25
841.553
906.629
747.009
836.575
885.85
868.323
810.051
799.054
916.523
963.656
941.516
773.571
906.125
786.372
757.832
829.046
871.698
877.65
790.474
824.931
894.988
858.813
724.728
872.45
868.113
846.166
817.74
764.213
862.306
871.006
778.757
830.853
940.975
893.204
812.328
823.494
755.246
830.803
819.581
875.084
910.901
819.891
896.106
846.78
835.27
845.88
857.829
813.706
743.298
937.112
797.288
760.052
762.74
782.367
953.54
851.735
833.817
798.502
903.023
816.056
849.707
848.328
826.901
959.771
821.595
860.682
813.821
890.03
751.342
865.142
916.263
819.684
820.35
912.804
871.731
861.955
848.967
826.379
848.314
817.093
700.905
926.736
882.65
834.356
900.106
847.767
819.504
855.717
838.364
790.714
884.74
940.524
900.891
823.316
889.501
804.71
875.716
837.468
812.046
849.403
866.348
777.011
803.855
860.505
850.813
859.925
918.596
914.094
864.464
798.845
797.509
841.192
872.16
947.775
961.772
719.302
910.145
884.176
895.722
870.664
760.316
865.203
840.286
920.772
923.927
927.595
932.548
793.121
926.358
811.773
898.85
927.92
789.875
861.658
838.986
907.116
922.974
898.141
874.51
855.181
804.944
894.263
845.94
901.258
949.657
791.901
818.424
887.712
866.568
783.158
940.696
