3062.25
3027.68
2906.37
2858.01
2821.48
3145.67
3049.4
3039.9
3315.95
2869.81
2942.83
3131.15
2873.5
3009.27
3228.09
2971.44
2853.7
3131.02
2927.75
3116.68
3033.16
3020.22
2602.5
3029.38
2908.25
3154.73
3015.86
2953.67
3028.57
2938.58
2982.61
2722.93
3016.59
2879.79
3072.63
2950.84
2987.15
3018.6
3019.22
2981.13
3061.12
2862.97
2979.38
3125.54
2962.59
3137.84
3005.82
3050.26
3051.82
2913.07
2984.43
3013.74
2926.47
3042.26
3033.95
3150.87
3090.28
2941.4
2961.04
3112.51
3150.35
3095.89
3041.65
3005.46
2953.47
3021.37
2867.99
2989.42
3098.89
3131.5
3007.38
3058.33
3022.25
3127.88
2938.26
3064.39
3059.51
3090.58
2962.87
2965.79
2980.68
3150.54
3029.97
2931.26
3119.83
2791.52
2972.61
3142.07
2900.17
3077.28
3179.83
2887.34
2746.01
2742.15
2935.76
3025.62
2957.84
2942.13
3042.5
3133.91
2812.48
2974.89
3023.39
3028.78
2878.63
2967.13
3038.46
3056.9
2972.1
2952.22
2958.14
3042.62
2915.85
3034.52
3049.54
2888.65
2721.25
2683.09
2949.51
3186.64
2845.89
3039.46
2773.03
3058.24
3111.04
3000.86
2968.03
3028.97
3074.17
2821.47
3122.45
2766.51
3042.93
2940.13
2951.3
3061.35
3073.76
3011.7
2983.37
2964
2965.02
3006.35
2829.06
2934.59
3078.17
2924.5
2839.17
2902.23
3101.69
2980.21
2971.94
2953.01
2857.79
3076.88
3285.93
2836.99
2927.83
3077.72
3033.28
2983.83
2993.59
2945.36
2975.37
2869.35
3093.86
3019.27
2927.94
3077.4
3137.64
2987.99
2907.44
3087.74
2947.63
3020.96
2983.43
3056.19
2911.58
2902.56
3096.74
2934.44
2852.91
3275.98
2922.92
3093.38
3148.97
3092.3
2884.1
3006.17
2856.78
3138.93
2769.11
2868.62
2934.24
2850.97
2981.66
3236.56
3135.02
2880.33
3102.32
2959.59
3116.04
2890.18
2941.28
2906.23
2903.61
3066.71
3001.68
2897.05
3115.8
3221
2985.03
2901.43
3025.84
2953.98
2928.85
2996.81
2775.45
2931.77
2963.97
3015.31
3151.97
2947.08
3124.83
2929.73
2965.78
3007.65
3041.93
3009.72
2975.64
2934.31
2836.12
2860.77
3085.24
3091.4
2972.49
2873.06
3131.36
3093.9
3042.45
3018.45
3162.65
2994.8
2796.2
2840.57
3273.17
2948.29
3011.9
2948.76
3085.49
3050.18
2850.13
3080.2
2961.52
3106.22
2888.27
2888.62
3029.14
3029.42
3070.45
2894.07
2957.27
2984.36
2965.64
2945.39
2992.07
2986.26
3251.81
2727.16
2979.67
2865.46
3013
3066.44
3054.96
2954.94
3156.79
3084.66
3004.44
3168
2941.86
3003.61
3120.18
2920.01
3003.22
3016
2984.6
2988.93
3118.96
2770.88
3025.03
2936.89
3095.32
3043.59
3045.29
3279.64
2805.58
2838.93
3203.62
3003.96
2873.28
3067.13
3050.59
3059.49
3030.8
3360.44
2732.57
2990.14
3018.71
3079.57
3147.08
3225.29
3173.57
3152.54
3067.2
2957.93
3206.26
2993.89
2983.81
3136.37
2879.11
2964.29
2953.94
3005.43
3022.19
2998.43
2996.24
3079.69
3041.13
3040.59
2958.95
3080.52
2796.23
2954.96
3065.43
3036.54
3075.08
3000.39
2886.25
2861.66
2814.96
3015.28
2964.72
3002.13
2879.55
3080.15
3088.38
2901.76
3178.36
3093.45
2840.23
3038.4
3224.95
3096.26
3021.57
3040.8
3016.58
3104.28
3188.84
3041.45
2849.61
3076.12
2919.41
3260.51
3013.75
3072.4
2817.93
3127.49
3006.73
3071.74
3054.14
3030.82
3011.3
3134.07
3063.76
2992.15
2984.54
3059.13
3099.06
2981.39
2851.93
3251.87
2916.96
3135.75
2975.99
2888.8
3155.48
3031.48
2884.99
3056.92
3082.25
3097.77
2958.27
2967.79
2875.25
2994.67
3197.92
3106.16
2967.61
3092.72
2796.63
2802.35
2812.55
3012.02
3108.81
2960.34
3011.46
2928.72
3080.67
2925.17
3067.13
2946.98
2886.64
2896.39
2926.55
3133.47
2962.42
3082.41
2880.89
2963.85
2901.24
3139.5
2945.19
2988.04
3032.71
3090.74
2988.43
2718.04
2914.88
2799.48
3013.6
2986.39
2710.69
3126.53
2999.56
3097.07
2729.77
2932.37
2774.28
3172.9
2930.25
2866.82
2835.82
2772.39
3131.02
2979.59
3251.34
2980.5
2850.78
3027.5
3062.97
3021.95
2902.77
3034.39
2770.14
3007.35
2886.63
3163.32
3078.8
2990.87
3036.51
2977.3
2943.02
3033.67
3027.6
3093.92
2937.26
3061.72
2774.7
2807.22
2986.81
3127.91
3148.27
2856.58
3107.26
2953.11
2904.71
3175.36
3102.6
3032.54
3017.92
2857.6
2961.03
2919.34
2957.95
3183.65
3106.89
3004.86
3216.44
3100.61
3067.62
3146.07
3067.97
3156.25
3006.59
2881.07
3148.04
2941.65
2895.09
2954.71
3057.13
2987.21
3060.37
2915.35
2933.41
2998.54
3431.54
2838.9
2931.73
2805.55
2941.18
3097.81
3148.39
2911.77
3051.33
3147.63
2910.68
2883.84
2841.85
3083.72
2904.27
2909.42
2899.43
3004.18
3181.57
2888.53
3084.66
2969.32
3052.15
2880.68
3071.15
2809.62
3113.3
3040.9
3027.63
2975.61
2918.09
3178.32
2971.35
3035.4
3177.08
3123.17
2977.24
3015.87
2992.47
2872.14
3069.96
2712.58
2832.6
2840.39
3186.72
2857.46
2738.19
2863
2913.78
3084.13
2980.03
3058.09
3009.35
3033.61
3038.37
3036.06
2916.22
2894.51
3069.52
3010.84
3023.54
2928.49
2880.5
3022.21
2851.76
3059.96
2956.6
2870.82
2998.01
3071.34
3002.43
3031.19
3174.07
2943.69
2889.19
2833.68
3032.1
3109.16
3203.28
3000.17
2918.65
3120.42
3031.89
3058.94
2944.83
3028.82
2956.73
3059.62
3127.09
2992.91
2911.8
3111.36
3087.05
2946.94
3098.12
3032.29
3124.36
2812.11
3037.95
3175.34
3117.66
2859.62
2701.95
2999.63
2963.64
3057.89
2980.98
2924.35
2843.06
3023.31
3122.53
3044.07
3051.51
2934.53
2912.61
3115.49
2993.3
3184.83
3221.56
3025.36
2955.86
3227.62
2788.81
2902.45
2866.12
3206.8
2988.86
3113.06
3170.31
2924.74
3196.81
3024.92
2886.52
2925.61
2981.19
3071.98
3022.4
3026.08
2972.4
3045.35
3037.27
3092.72
2827.63
2980.31
3150.27
3166.98
3084.17
3096.62
3240.33
3179.66
2866.38
2921.74
2894.48
2739.18
2964.45
2991.56
2930.33
3010.89
2788.85
2955.81
3186.63
2971.19
2895.6
3170.49
2992.66
3007.71
3313.18
2885.72
3016.25
2986.7
2878.85
3008.82
3133.1
2859.75
2900.39
2962.53
2863.61
3113.59
2985.8
2798.88
2919.58
3023.46
2941.25
3046.84
2910.8
2889.48
2921.96
3151.36
2970.19
2910.24
3215.85
2832.7
2825.78
3033.31
3241.57
2908.21
3034.39
2954.13
2947.3
2865.72
2884.56
3011.37
3161.8
2851.69
2751.78
3091.61
2988.69
3016.01
2995.25
3039.12
2990.49
2838.67
3093.04
3195.01
2954.15
2983.43
3031.36
2938.67
3010.03
2840.02
3208.65
2751.86
3088.71
2949.78
2925.26
3062.3
3057.53
3122.12
3042.96
3038.22
2968.62
2864.48
2826.7
3052.85
2935.4
3160.89
2880.97
3065.15
3010.15
2932.32
2940.87
3070.25
2716.01
3083.41
2979.93
3053.19
2916.39
2928.35
3091.57
2825.1
2966.06
3167.05
2916.88
2820.61
2931.32
3077.06
3070.54
3165.23
3052.98
2953.28
3013.25
3289.49
2982.83
2927.52
3117.51
2783.98
3040.64
2976.92
2869.46
3125.67
2977.36
2918.25
2859.19
2936.32
2864.82
2738.3
3325.04
3074.08
2797.56
2929.89
3025.14
2940.92
2860.4
3071.45
2949.98
3087.01
2730.75
2913.61
3010.88
2987
3018.87
2938.4
3082.58
2962.01
2976.07
3122.57
3202.44
2987.61
3047
2992.06
2816.45
3187.08
2915.19
3111.11
2939.66
2888.83
3087.22
3045.87
2949.79
3019.56
3111.64
3024.76
3088.54
3232.07
3170.98
3111.93
2987.12
2915.24
3030.02
3018.31
2939.13
3010.01
2964.39
3084.89
2738.66
3152.97
2910.5
3047.3
3008.9
2826.11
2806.13
3037.15
2931.68
3075.69
2855.33
2938.68
2944.46
3025.19
3026.93
3090.15
3005.08
3132.96
2886.4
3145.92
3221.47
3018.69
2935.13
3034.01
2994.64
3009.62
3007.2
2673.1
3065.32
2704.58
2925.41
3216.45
2952.29
2743.14
2816.13
3006.21
2864.7
3101.85
3096.6
3119.71
3140
3012.26
3060.47
3100.72
3065.35
2959.42
3214.28
3002.96
3032.74
3083.73
2871.39
3027.25
2774.07
2962.08
2890.41
2866.23
2929.17
3086.61
2966.67
2959.21
3149.36
3056.69
3004.08
3052.01
3036.25
2975.85
3023.64
2977.85
2832.22
3025.08
3185.95
2838.44
3016.15
2936.2
2966.04
3231.96
3037.03
2821.51
3177.58
3116.55
3011.48
2887.21
2900.92
2970.9
3011.86
3119.82
2988.94
2973.42
3231.17
2884.11
3043.81
3206
2851.98
3185.14
3049.68
2972.57
3065.27
3007.27
3205.77
3103.42
3031.73
3047.17
2934.37
2978.42
3013.96
2861.62
2905.6
2814.9
2846.22
3002.96
3159.57
2941.74
2786.47
3106.87
2983.2
2922.39
2872.58
3009.39
3273.38
3034.75
2828.11
2876.51
3108.51
3020.39
2868.28
2894.55
3112.73
2920.88
2990.25
2871.42
2893.49
3231.62
2994.73
2896.58
3026.71
2853.76
3111.84
3058.47
3125.63
2966.44
3004.61
2966.13
3130
2880.2
2838.83
2976.39
2929.92
2911.43
2854.15
3197.31
3076.33
3128.15
2958.38
3120.78
3181.53
3088.61
3080.01
2997.67
3066.77
3130.92
3130.28
2963.57
3148.55
2749.72
2796.92
2933.48
2937.94
2885.67
3213.23
2912.32
3065
3026.86
3136.98
2966.76
3003.86
2847.78
3207.69
3106.02
3217.91
2890.17
3014.31
2879.13
3262.73
3078.54
3136.68
3095.48
3130.21
3112.19
3106.38
3112.54
3013.65
2948.14
3064.79
3074.13
2991.23
3014.75
3022.33
3008.91
2822.2
2898.79
3005.92
3021.96
3023.17
2969.45
2955.31
2886.02
2746.49
2790.82
3087.46
2924.56
2962.34
3012.6
3085.54
3018.56
3053.7
3160.86
3219.99
3135.9
3082.3
2949.69
2786.49
3045.26
2857.42
2875.26
3362.69
2918.09
2920.44
3052.84
3104.63
3008.95
2795.93
3107.86
2994.61
2878.19
3028.09
2977.81
3114.67
3256.44
2942.78
2965.04
2895.26
3012.73
3070.77
3034.46
2862.29
2851.15
3002.77
2958.51
3146.36
3191.79
2797.45
2972.33
2929.41
2935.66
3092.87
2821.81
2844.9
3281.38
2797.02
3090.15
3017.63
3214.72
2656.7
3010.81
2816.78
3060.54
2909.69
2849.71
2766.52
2945.36
2855.46
3028.4
3021.28
3102.36
2993.25
2832.08
2831.09
2945.62
2962.03
3064.3
2945.96
3008.5
3181.78
3079.16
2949.46
3152.02
2925.71
3176.64
3091
3203.71
3142.93
2865.85
3007.7
2941.79
2949.6
2686.11
2970.37
3007.99
2750.76
2936.44
2878.39
3191.21
3093.35
2798.79
2986.72
2937.74
2874.1
3150.8
3067.61
2797.68
2850.58
3076.27
2957.59
3123.67
3009.36
2865.89
2785.59
2911.63
2999.7
3086.25
3083.2
3030.98
3239.6
3075.32
3099.63
2989.35
2847.18
3082.9
2977.55
2946.37
2899.44
2765.91
2938.58
2931.14
3164.29
3157.71
2940.42
3025.35
3012.39
3067.51
3004.79
2852.73
2976.03
2933.23
3180.13
2918.42
3146.47
2945.21
2912.37
2844.22
3040.53
3008.23
2963.17
2816.03
2895.26
2929.26
2849.95
3118.41
3022.76
2970.86
2889.34
2830.46
2897.26
2986.88
3114.68
3005.59
2882.18
2964.17
3124.24
2905.03
2896.58
2929.89
2943.03
2952.29
2972.62
2857.92
2947.84
2972.97
2829.66
3115.67
2929.97
3073.98
3070.45
2864.65
3179.64
3041.4
3033.25
2975.99
2879.81
3032.17
2986.73
2989.25
3130.35
2947.98
3086.98
2970.3
2728.84
3048.86
3102
3167.81
3072.73
3134.44
3190.81
2884.6
2935.09
3060.66
3070.46
3030.3
2748.68
3004.15
3152.48
3067.3
2820.58
3081.89
2884.38
3013.09
2963.45
2986.89
3042.12
3016.23
2909.46
2934.09
3174.7
3115.04
2827.27
3001.88
2952.7
3114.74
3071.79
3059.8
3050.82
3052.83
2892.05
2765.19
2799.17
2916.12
3199.62
2999.14
2912.15
3171.33
3217.15
2864.83
3268.83
2980.73
3034.72
3107.65
3101.53
2881.07
2987.84
3044.41
2817.58
2998.56
3188.24
2861.81
3085.93
2972.21
2750.53
2864.07
2949.6
3094.08
3012.44
2943.4
3038.66
3019.5
3101.15
2873.16
3272.55
3065.32
2920.64
3020.09
2953.69
2990.78
2934.43
3170.61
2951.6
2924.5
2975.67
2934.88
2903.37
2929.18
3006.44
3044.86
3027.72
3201.18
2925.44
2889.42
3160.4
3057.36
3080.36
2960.63
3006.43
2883.96
2885.25
3118.85
2959.7
2827.56
2984.37
3120.74
2958.46
2964.1
3015.01
3105.07
3269.57
2973.83
2923.22
3094.68
2898.62
2944.43
2923.04
2785.83
2938.97
3042.42
3018.2
2825.17
3103.44
3030.28
3111.97
2759.42
2918.66
2912.04
2969.89
2821.43
2915.75
2884.73
2931.81
2888.32
3004.38
3012.87
2972.2
2915.43
2863.89
2942.04
2946.92
3068.96
3021.33
2926.64
3010.61
2991.25
3111.55
3035.97
3023.3
2986.72
3026.26
2894.57
3109.55
3172.39
2952.14
2989.77
2914.65
3088.37
3139.54
2976.7
2941.96
3024.86
3055.3
2890.55
2958.45
2907.67
3059.76
3181.07
2884.26
2993.02
3140.96
3161.37
2746.59
2951.77
2992.98
2856.56
2855.21
3156.82
3162.89
2997.42
3049.97
3074.93
3059.28
3072.29
2798.21
2929.43
3054.66
2871.33
2996.96
2960.62
2696.71
2854.37
3031.18
2899.22
3177.39
2840.16
2888.47
2934.51
2882.07
2957.61
3018.14
3016.26
3026.19
2909.52
2931.74
3013.13
2821.4
3063.14
3068.68
3001.67
2966.1
2978.31
2895.52
3044.29
3079.76
2919.84
3146.98
3074.59
3048.69
3019.27
3189.27
3053.82
3106.04
2746.21
2766.44
3054.52
3127.96
3184.91
2890.02
3132.85
2914.31
2943.05
2885.42
3078.85
3339.89
3123.7
2953.93
3132.19
3193.53
3018.88
3105.87
3054.84
3063.3
3053.89
3040.57
2861.17
2949.43
3064.29
3180.53
3003.05
3020.86
2970.66
2940.32
3048.68
2943.42
2904.46
2856.81
2959.64
2895.82
2955.74
2971.2
3261.48
2964.8
2861.01
2977.56
3111.15
2801.71
3020.84
2787.36
2829.54
2871.64
2909.82
2953.39
3141.05
3065.58
2977.23
3094.49
2928.43
3063.56
3213.32
3009.66
3075.82
2893.58
2966.23
3019.06
3069.8
3032.11
2716.36
2970.36
2929.64
3183.5
2997.35
3069.71
3167.3
2975.03
3170.17
2926.98
2913.06
3047.39
3027.27
3090.81
2715.95
3126.17
3137.54
3131.04
2795.66
2850.92
2827.99
3068.39
3023.6
3230.55
2782.1
2959.43
2899.7
2973.6
3010.11
2923.13
2793.54
2886.94
3021.92
3068.49
2925.08
3112.34
3124.52
3060.08
3113.38
3053.76
2920.12
2888.75
3028.36
3188.07
3004.5
3048.47
3063.31
3059.71
3126.4
3039.56
3166.49
2859.22
3035.21
3104.82
2918.42
2982.14
2983.08
2924.97
2772.97
2854.62
2961.16
3040.02
2873.67
2993.07
2920.47
2865.96
2955.84
2992.46
2895.19
2974.72
2882.81
3033.39
2957.46
2901.12
2880.48
3199.11
3271.54
3059.45
3158.5
3245.19
3035.74
2826.97
3281.29
2883.75
2957.98
3141.73
2944.71
2940.36
3002.57
3135.45
3129.49
3172.59
3134.87
3199.38
2937.6
3069.17
3011.21
2902.54
2911.17
2893.89
3071.51
2955.47
3038.44
3060.1
3122.74
3280.3
2955.78
3046.07
3094.27
3206.55
3202.24
2928.4
2955.45
2966.69
2909.93
2917.55
3018.59
2911.92
2875.48
3043.39
2963.01
3055.93
2856.19
3060.35
3079.58
3025.59
3315.93
3295.45
3046.4
3082.11
3000.97
3042.78
2904.64
2969.13
3001.95
3105.01
3015.23
2808.73
2854.6
2971.99
2924.81
2881.89
3045.78
3037.36
3008.2
2895.36
2969.88
3016.1
2844.6
2802.14
2988.9
2822.12
3121.14
2928.92
2994.32
3115.41
2957.22
3120.7
3080.43
3045.14
3162.53
2918.04
2656.19
3152.32
3192.58
2840.06
2939.51
2907.97
2981.58
3307.05
2928.39
2800.3
2998.04
3341.58
2769.68
3182.84
2961.1
3108.34
3003.47
3027.18
3149.19
2916.04
3092.23
2828.12
2903.55
3056.74
3106.85
3028.9
2988.89
3013.9
3117.09
2978.32
2873.95
3269.15
2951.23
3177.83
2961.69
2997.78
2809.98
3077.73
3056.3
3146.07
3059.68
3096
2808.25
2935.04
2879.03
2920.99
2842.86
3088.46
2956.57
3085.58
2968.13
3004.54
2940.8
3210.47
2948.08
3063.27
2890.18
2794.87
2993.64
2915.11
3201.78
3097.27
3067.29
3113.5
2996.76
3259.48
2944.25
2961.11
3014.41
3034.96
2881.16
2966.13
3095.52
3177.09
2976.76
3146.31
3116.35
2986.33
3053.72
3004.17
2796.09
2877.26
2857.6
3005.88
3148.43
2976.49
2812.16
3178.66
2860.13
2977.73
2821.19
2982.38
2983.17
2894.78
3166.82
2917.68
2880.53
3072.66
2957.11
2994.41
2850.03
2897.82
2948.07
2989.19
3095.66
2900.63
2917.14
2938.8
3017.77
3084.39
2983.35
2934.73
2984.87
2755.31
3107.21
3120.82
2998.69
3223.08
2898.28
3136.29
3025.37
2978.66
3037.27
2962.12
3082.95
2821.38
2869.14
3011.63
2914.4
2923.61
3064.52
3066.11
3139.05
2942.33
2962.06
3218.76
2806.19
2869.94
2951.74
3042.33
3088.78
3001.85
2902.68
2977.73
2944.77
2880.2
3082.74
3121.04
3141.41
2886.63
2739.94
3126.66
2904.81
3104.86
2907.67
3058.51
3128.34
3082.76
3129.87
3075.45
2962.02
3116.12
2788.85
3083.88
3139.26
2989.12
3118.28
3023.6
3190.67
3064.71
3034.65
3134.04
3282.31
3038.97
3029.2
2994.01
3058.6
3064.12
2964.24
3035.82
2945.76
3057.94
2925.04
3098.77
2972.82
2947.17
2976.22
2848.02
3020.49
2870.46
2931.02
2923.61
2969.9
3075.12
2910.44
3036.15
3096.14
2914.26
3002.23
2978.24
2851.04
3042.29
3060.25
2849.2
2841.58
3158.03
2875.12
2815.62
2944.79
3018.47
2978.49
2790.8
2970.91
2970.28
2927.26
2814.38
2934.3
3141.39
2803.55
2951.1
3081.7
2841.25
3149.78
3193
3238.1
2746.98
2806.75
3054.65
2942.04
3001.98
2928.86
2962.38
3001.06
3098.02
3035.72
3119.2
2971.7
2865.74
2941.5
3133.84
2978.11
3258.62
2861.42
2794.4
3019.69
3256.78
2974.73
3029.74
3157.33
2878.15
3061.73
3217.25
3064.84
2733.67
3188.73
2864.15
2923.27
3113.3
2967.75
2978.96
2958.77
2953.55
3009.13
3041.47
3067.99
3167.49
2895.38
3139.61
2958.6
3075.99
2822.76
2978.67
2991.04
3133.02
3032.72
3034.43
2889.24
3025.94
3116.59
2798.21
3069.51
3144.48
2785.39
2925.31
3073.08
2933.22
3007.02
2814.4
2965.75
3033.91
2890.32
2960.32
2938.64
3093.13
2932.21
3155.7
2721.86
3156.55
3067.8
3146.98
3056.66
3095.63
3071.64
2836.39
2959.89
2891.49
2965.83
2840.31
3217.29
2865.53
2958.8
2825.44
2851.24
3077.11
2848.09
3065.75
2983.82
2913.64
2876.94
2994.87
3038.28
2996.97
2865.98
3022.4
3039.72
3045.85
3032.65
2998.95
2858.4
2772.07
2926.69
3017.6
2905.81
3154.68
3021.25
3367.38
2930.53
2815.25
3234.82
3069.77
2897.76
2924.26
3104.02
2908.81
3186.52
3081.32
2924.5
3165.65
2875.16
3017.63
3019.49
2907.67
3006.68
2825.09
2936.26
2965.44
2952.92
3069.71
3005.89
3124.34
2998.88
2946.75
2962.86
2888.2
3059.03
2928.97
3060.5
2806.54
2994.66
2781.01
2991.68
3030.64
3110.28
2888.45
2980.86
2910.78
3107.31
2806.79
3183.47
2968.76
2984.32
2849.24
2702.68
3125.67
3118.92
2851.25
3146.2
3033.67
2956.62
3008.82
2989.55
3135.36
2939.11
3070.19
3196.81
2958.44
3103.71
3070.39
2836.29
3074.85
2902.56
3133.38
3021.33
3132.06
3020.16
3268.19
2836.26
2916.48
2938.91
2983.14
3057.51
3070.19
2703.48
2930.29
3130.27
2754.05
3110.53
2980.15
2905.29
2921.89
2981.88
2934.71
2946.19
2937.36
3034.78
2893.78
2987.4
2921.19
3030.98
2822.68
3050.42
2935.69
2882.83
2852.52
3062.04
2970.38
2919.72
2993.99
2978.79
3028.14
2998.06
2892.04
3114.41
3198.89
3016.09
2876.65
3166.67
3027.66
2979.42
2904.93
2899.1
2935.73
2958.93
3134.05
2910.74
2962.4
3032.21
2861.06
3058.57
3134.14
2838.73
2971.61
2946.67
2981.13
2891.5
2826.68
2901.16
3035.01
2864.34
2964.98
2954.24
2955.24
3215.92
2916.17
2862.67
3003.83
3011.89
2947.08
3038.44
2892.35
2915.65
3115.21
3001.47
2990.93
3168.24
3087.97
3094.94
2930.18
2938.67
2935.15
2967.89
3117.74
3069.3
2967.42
3088.99
2927.11
3015.89
2939.75
3252.32
3123.84
3023.71
3073.09
2959.76
3026.13
2943.46
3030.69
3057.72
2754.5
2987.3
2989.75
2988.35
2921.8
2869.8
3135.99
2888.04
2851.93
2862.8
2716.22
3002.09
3235.04
3074.29
3032.78
3354.02
3078.34
3075.76
3027.43
3559.37
2998.68
2895.79
2948.6
3119.06
3069.25
2841.52
2926.59
3111.48
3057.76
2834.81
3085.17
2874.42
3091.69
3151.02
2712.33
2891.77
3006.19
3000.29
2989.81
2934.01
3054.51
3018.85
2934.14
2856.36
2652.96
3027.68
2991.11
3296.03
3130.41
3118.63
2897.33
2900.8
3014.51
3000.19
3385.57
3104.62
3282.73
3060.39
3144.4
3035.62
2993.05
2888.32
2951.08
2985.73
3213
2927.51
3122.18
3167.68
3064.83
3103.44
2956.28
2755.08
2842.71
2926.58
3072.48
3050.17
3096.75
2846.67
2944.25
2915.79
2876.86
3139.65
2986.48
2924.16
2998.42
3063.77
2888.16
2816.38
3057.16
3090.76
3000.32
2969.91
2893.99
2894.39
2860.32
3008.44
2950.42
2989.27
3046.41
3163.1
2982.25
2840.42
2908.21
2905.34
2922.74
2858.88
3067.84
2902.02
2892.15
3145.13
2901.69
3050.11
2994.36
2894.36
2896.22
3192.33
2971.32
2947.17
2941.98
2912.71
3018.41
2943.63
3048.87
2996.29
3038.3
2887.99
2867.95
3012.85
2994.43
2923.73
2872.19
3304.36
2903.41
3202.33
2746.35
2910.61
2980.69
2980.9
2944.5
3095.48
2831.69
3143.12
2934.28
3055.92
2891.06
2850.91
2982.6
3220.38
2920.96
2946.19
3181.81
2842.16
2818.76
3014.1
3037.01
3097.31
2986.15
2890.37
3128.46
2917.41
3025.83
2956.29
3046.98
2970.93
3215.41
2983.55
2939.93
3038.92
2942.32
2923.2
3110.47
3027.39
2877.1
3184.57
3046.17
3079.12
2904.8
3025.76
3086.82
2796.54
3014.24
3080
3199.08
3076.63
3112.78
3305.25
3002.83
2953.27
3001.34
2867.7
2839.16
2987.83
3042.6
2979.16
2903.1
3233.46
2872.99
2939.34
2952.6
2911.01
3130.72
2918.05
2910.53
2979.12
2889.1
3011.86
2898.82
3074.86
2898.45
2945.47
3135.68
3046.56
3013.15
2925.2
2997.97
3076.26
2960.68
2962.56
2877.82
3100.57
3164.3
3094.33
3222.97
2998.3
2999.38
3017.46
3149.93
2911.93
2899.88
2877.28
3163.7
3062.74
2888.38
3019
3004.14
3001.82
2904.67
3135.89
3131.04
2862.69
3015.89
2982.98
3114.86
2897.33
2831.82
3001.17
3205.73
3146.71
2901.89
3035.11
3010.13
2782.38
3047.98
2966.04
3378.1
2949.95
2898.31
3044.12
3179.53
2870.63
2886.23
2959.21
3064.13
3052.96
3074.95
2913.69
3146.07
2996.67
2890.02
2975.42
2835.64
3045.79
2950.34
2962.37
2944.78
3024.12
3139.16
2936.08
3073.33
2986.17
2935.64
3117.01
3022.61
2881.12
3210.58
2883.69
2893.9
2973.11
3049.84
3069.22
2854.02
3094.86
3058.13
3028.17
2829.71
2947.78
3190.57
3089.93
3086.15
2887.52
3024.85
2948.84
3000.31
3087.56
2960.83
2698.65
3092.78
2795.81
2940.43
2873.77
2889.34
2933.6
3016.76
2863.39
2950.28
3024.1
3010.57
3038.07
3097.43
2864.81
2847.44
3177.95
2951.65
3170.04
3105.17
3156.56
3231.5
2926.58
3048.04
2900.81
2829.91
2922.39
2992.47
2977.91
2904.32
3022.73
3120.9
3115.31
2855.09
3054.95
3161.21
3021.33
3125.61
3049.08
3185.69
3035.32
2715.97
2908.75
3047.08
3044.46
2803.08
3109.95
2698.77
3086.5
2917.7
3076.6
2997.83
2962.48
3118.74
2959.76
3052.12
2940.92
2991.21
3028.4
2976.85
3067.95
3015.57
3009.4
2867.09
2908.39
2926.28
3250.75
2983.53
3009.41
3016.78
3013.53
2921.41
3250.67
3121.27
3086.35
2982.67
2760.79
3115.91
3307.95
2927.18
3020.65
3185.37
2965
2961.82
2861.05
3043.35
2942.53
3145.68
3051.62
3000.74
3076.28
2915.56
3180.19
3119.88
2974.59
3146.34
2841.94
2984.01
3169.22
3081.53
3188.48
2978.02
2871.3
3108.65
3230.28
2893.61
2883.54
2997.72
2958.15
2943.86
3161.39
2932.17
2886.51
3021.21
2939.39
2978.95
3012.19
2901.38
3183.08
2979.37
2936.55
2956.59
2926.84
2899.77
3095.77
3013.65
2911.82
3003.7
3116.48
2945.12
2955.54
2824.61
2926.15
2873.85
2978.02
2992.55
3192.99
3032.68
2933.98
3051.72
2959.15
2767.85
2840.45
3154.55
3020.9
3024.31
3046.06
2914.51
3049.27
3201.73
3023.98
3033.86
3039.77
2882.55
2937.85
2917.57
3008.61
3114.77
2982.15
3098.27
3219.85
2828.99
2760.21
3261.31
2994.39
2847.55
3059.16
2982.15
2855.53
3099.07
2921.82
2839.95
2897.89
3060.93
3035.58
3130.16
2966.68
2895.45
3096.99
2886.13
2919.06
3134.78
2955.17
2896.08
2997.28
2954.92
2972.91
3134.73
2945.84
3051.34
2813.83
2811.26
2863.37
3009.76
3082.63
3158.2
3014.85
3065.24
2956.76
2998.21
3077.83
2949.42
3190.57
3047.92
2999.05
2912.77
3120.44
3269.15
3036.62
2962.98
2986.65
3074.92
2952.29
2940.73
3125.4
2979
3045.32
3014.79
2989.03
3042.89
3139.09
3065.78
3140.01
3125.66
3056.53
2965.87
3052.95
2957.96
3083.18
3087.89
2859.29
3004.05
3060.72
3086.91
2959.35
2852.89
3075.02
2878.69
2960.54
2977.98
2895.69
3082.86
2997.41
2935.24
2949.17
2971.43
3063.55
2959.32
2939.54
2917.36
2889.41
2864.55
3057.33
3055.66
2956.84
2999.22
3042.08
3114.06
2808.42
2895.22
3071.65
3164.16
2861.32
3216.76
3130.04
2908.42
3090.03
2962.13
2917.82
2989.93
3191.35
2943.61
2961.63
3103.36
2980.32
2985.26
3160.65
3114.59
3111.19
2885.36
2955.92
2964
3051.91
2980.5
3120.73
2766.33
3081.63
2867.98
2859.48
2917.5
3104.27
2955.71
3037.23
2905.58
3146.41
2987.6
3025.76
3140.72
2964.77
3206.19
2949
2937.1
3091.51
2902.91
2789.58
2909.57
3007.62
2887.73
3181.39
2923.26
2948.84
2988.2
3219.62
2865.27
3121.88
2913.64
2872.65
3159.24
3125
3188.53
2894.63
2912.91
3213.26
2847.37
2987.88
3134.82
3069.63
2889.93
2760.53
2911.38
3117.78
2945.94
2985.21
3029.38
3053.79
3080.56
3093.78
3039.66
2975.96
2847.64
3178.77
2952.71
3014.55
2897.96
2966.06
2893.62
2951.93
3124.38
3108.06
2976.29
2988.63
3077.54
2981.12
2966.66
3133.12
2858.05
2889.71
3132
2990.77
3061.28
3050.62
3034.85
2881.36
2791.23
3017.5
2975.54
2932.76
3113.79
3294.59
3318.72
2945.25
2936.17
3061.5
3217.71
3078.66
2916.01
3112.89
3144.33
2991.19
3037.18
3095.43
2915
2670.27
3123.64
2838.19
2991.21
2980.1
3021.67
2848.85
2997.13
3107.5
3038.88
2930.46
2979.76
3020.15
2927.49
2887.25
3171.24
3003.08
2971.33
3238.75
3072
3008.78
3051.1
2997.67
3097.04
3050.49
3004.53
3153.69
2772.45
3049.17
2971.71
2913.2
3291.38
2940.53
2893.7
2803.49
2878.14
2966.57
2972.66
3079.35
2861.86
3090.53
3061.31
3005.79
3004
2955.85
3081.49
3013.33
3049.72
3051.56
3071.01
3079.74
2919.82
2962.31
3088.1
2940.72
3034.88
2903.18
2931.15
2996.87
3185.8
2945.13
3035.59
2921.11
3214.98
2976.87
2797.72
3072.09
3118.58
3099.21
3040.01
2771.81
3052.22
3079.35
2805.18
3234.74
3011.71
3031.59
2940.44
2795.73
2990.65
2866.81
3081.96
3151.57
3206.8
3003.28
2963.14
2947.77
3159.24
3013.14
3051.24
2958.64
2882.88
2848.67
2851.6
2710.1
3047.28
3049.02
3044.67
2949.12
2851.71
3088.31
3062.15
3267.4
3028.82
2877.14
3015.59
2885.77
3119.58
3089.88
2953.06
2868.12
2835.74
3236.69
2858.93
2988.09
2931.21
3005.52
2897.04
3223.88
3025.36
3162.45
3005.97
3064.54
2922.1
2982.92
2917.76
2947.73
3113.26
3067.44
2968.89
2891.96
2966.61
3141.2
3036.39
2960.62
3134.29
2986.75
3132.13
2978.17
3246.82
2975.56
3015.05
2939.89
2996.75
2967.47
3057.01
2919.4
2909.31
2689.29
2977.99
3227.92
2943.2
3100.05
3127.2
3026.45
3137.42
3093.4
2970.91
3148.22
3098.78
2824.13
3135.47
2893.08
3006.82
2923.03
3042.02
2830.18
2993.33
2864.65
3274.38
2953.13
3099.67
2825.84
2890.29
2960.23
3186.57
2937.31
3079.79
3032.32
2913.51
2808.52
2871.64
2871.53
3009.46
2827.11
2897.2
3086.51
3012
3131.75
3136.51
3104.16
3063.03
3066.71
3006.84
2964.98
3191.4
2973.43
3314.58
2786.24
3054.58
2903.94
3102.58
3023.53
3014.15
2983.66
2919.2
2997.55
2980.82
3017.95
2915.8
3026.35
3059.99
3026.32
3025.21
2840.41
2968.49
2963.12
3049.33
2940.71
3097.98
3262.69
3050.22
3066.05
2895.79
3014.62
2921.86
3059.17
3017.97
2970.12
3169.34
3157.61
2970.44
2845.83
2847.32
3002.56
3103.92
3064.81
3050.24
2964.34
2991.72
3025.58
2982.56
3115.36
3119.64
3101.79
2797.77
3017.16
2890.02
3089.25
2898.47
2882.68
2984.2
2993.18
2922.13
3053.18
2851.05
3262.72
3133.24
2986.2
2970.74
3039.61
2983.27
2589.36
2974.25
3038.81
2920.7
2963.65
2813.26
2872.98
3127.97
2955.95
3298.2
3030.1
2964.05
2942.4
2979.29
2995.24
3248.87
3147.52
3117.14
3009.2
2911.56
3131.85
2993.03
3113.29
3054.39
2954.73
2963.05
2768.11
3170.66
2807.63
2958.94
3008.59
2981.97
3088.69
3067.08
3044.83
2784.94
2914.51
2988.31
2939.61
2925.91
3021.29
3303.41
2944.28
2907.65
3098.52
2866.16
2937.11
3157.39
2960.6
2953.44
2937.15
3060.32
2955.2
2910.85
2978.33
2919.12
2880.8
3129.34
3019.03
3048.66
3002.74
3123.71
2959.36
2922.06
2949.37
2798.53
2936.46
2872.88
2962.01
2882.6
3063.01
3025.83
2892.22
3046.27
2852.91
3044.55
2695.16
2861.73
2877.5
3052.89
3090.76
3076.07
2952.31
2972.42
3158.05
2814.19
3041.02
2949.88
2893.6
3067.25
2930.04
2884.8
3105.59
2945.55
2983.82
2902.53
3012.32
2904.9
3050.29
2753.29
3006.02
3027.15
3051.54
2864.63
2850.89
2974.59
3059.96
2841.95
2811.42
3079.99
2862.49
3159.49
2889.94
3184.34
2958.92
3117.35
2918.86
2907.57
3024.8
3004.5
3115.51
3113.41
2985.38
3067.13
3069.68
3089.28
2972.21
3188.38
2933.2
2957.52
2973.72
3071.94
3083.63
2858.33
2985.05
2885.43
2966.72
2757.74
2845.34
3126.38
3019.1
3116.99
3076.77
3293.45
3064.64
3252.02
2976.79
3000.93
3204.42
3020.24
2882.76
2754.6
2984.7
2977.22
3143.54
2922.15
3092.91
2882.74
2894.78
2959.36
3037.13
3020.22
2917.93
2994.41
3029.39
3013.51
3066.62
3173.11
2975.64
2851.28
2960.66
2997.09
2771.22
2960.19
3122.91
3070.6
2770.18
3086.86
2878.09
2966.36
2950.2
2889.92
3042.62
3155.16
3027.89
3002.75
2991.73
2895.53
3043.1
2867.4
3017.47
3011.05
3111.09
3014.42
2963.56
3025.38
3054.52
3049.88
3211.8
3079.57
3036.82
2986.39
2943.07
2858.25
2928.29
3038.91
2949.92
2916.72
3161.42
3040.02
2997.41
3065.71
3023.15
3120.29
2875.4
2968.15
2877.78
3030.71
2933.68
3020.14
2997.93
2844.56
2985.54
3063.76
2857.56
2755.82
3047.32
3097.92
3156.67
2861.4
2913.68
3042.86
2926.12
3105.2
3245.98
3109.11
2975.62
2986
2936.86
2882
3108.45
3045.75
2917.41
3170.9
2885.26
3006.46
2916.64
2854.12
3056.46
3006.75
3012.13
3329.88
2953.63
2807.4
3124.44
2944.3
2860.24
3000.71
2835.81
3171.77
3157.15
2946.72
3095.65
3111.7
2797.15
2986.67
3068.98
3172.54
3156.09
2843.09
3214.72
2808.89
3138.26
2738.46
2954.36
3076.85
3047.41
3000.11
3183.43
3008.45
3011.16
3001.8
3002.47
3119.45
2961.02
2909.67
3025.2
2979.02
3043.65
3089.37
3018.37
3069.08
3075.06
2996.92
2948.73
2867.88
2981.57
3146.16
2919.12
3048.46
3122.28
2935.35
3124.96
3009.18
3200.79
3050.1
2812.21
2935.73
2906.8
2940.81
3028.71
3013.8
2809.91
3229.18
2883.67
3206.17
2925.86
2874.52
3000.86
3003.63
3058.69
3095.09
2933.85
2979.99
3197.31
3043.35
2800.07
3096.29
2993.68
3018.07
3024.01
2970.82
3075.68
2851.01
3033
2878.62
3017.65
3076.14
2876.34
3105.86
3072.26
2861.65
3032.81
3072.88
3106.6
3052.72
2959.23
3203.99
2879.26
2966.48
3076.79
3017.41
2911.07
3146.25
3153.23
2906.9
3100.45
3100.19
2923
3282.61
3015.27
3037.03
3004.99
2873.42
3013.85
2960.9
2975.46
2915.85
3184.02
2998.27
3145.51
3150.98
2983.28
3092.81
2992.55
2933.3
3047.25
3120.92
2819.62
3156.18
3184.54
2958.99
2941.25
3023.18
2917.04
2861.79
3040.06
2980.87
2916.63
2945.97
3128.21
3162.68
3036.4
3001.86
3027.41
2994.34
2940.89
2916.21
2899.31
2945.2
2999.07
3202.32
3061.72
3066.73
3327.33
2940.03
3149.36
2896.47
3166.54
2904.38
3122.07
2971.49
2996.03
3102.57
2889.7
2952.15
2875.21
3003.04
2982.32
3181.43
2903.6
3165.88
2969.66
3148.18
3055.31
3109.33
3042.32
2812.89
2853.54
2848.15
3066.46
2993.07
2798.14
3014.31
3090.9
2963.34
2770.77
2943.92
2900.78
3014.6
2904.17
3072.81
3006.15
3010.22
2910.15
3084.25
3111.66
3043.89
3020.25
2887.09
3017.09
2870.69
3073.13
3194.35
2863.94
2931.58
2965.6
2997.21
2804.87
3024
2930.44
3198.69
3002.44
3097.26
2889.88
3078.18
2764.89
3079.47
2992.69
3147.78
2981.44
3120.69
3134.59
2910.09
2864.27
3038.42
3131.37
2972.06
2762.54
3032.76
3087.48
2954.42
2810.29
2819.26
3013.71
3129.81
3047.3
2959.92
2886.07
3075.71
2824.81
3351.55
2897.21
3063.62
2958.55
2805.43
3071.16
2958.22
2924.95
2894.04
2944.97
2953.96
3084.09
2839.66
3007.08
3128.73
3089.36
2851.85
3009.3
2972.13
3120.52
3182.36
2972.76
3067.5
3141.28
2854.04
3137.35
2844.3
2830.29
2950.03
2970.36
2795.34
2930.25
3169.36
2927
3020.44
2947.49
3017.83
3077.66
2941.05
3044.23
3148.81
2786.65
3012.43
2962.51
3079.23
3250.1
3146.14
3023.57
2725.15
3017.84
2950.51
2952.41
2963.32
3144.48
3117.98
2945.04
3104.86
3136.27
3153.19
2681.74
2856.06
3004.82
2633.24
2814.5
3045.36
3109.25
3114.76
3144.78
3188.58
2864.21
2868.3
3041.03
3097.2
3149.84
3109.23
3063.39
2822.61
3044.84
3062.55
3020.16
2991.17
2833.79
3001.26
2987.23
2891.29
3101.7
2996.47
3088.63
3016.94
3036.32
2844.58
3014.53
3184.15
3046.62
3012
3149.93
3064.55
2804.27
3017.95
2996.24
3158.86
3103.58
2862.98
3007.15
2923.01
2858.25
3158.19
3177.83
3035.13
2963.14
3206.91
2959.49
2974.48
3070.2
2982.25
3116.41
2919.66
3145.1
3076.33
3052.94
3162.83
2970.63
2964.2
2866.1
2980.2
2858.85
2836.3
3221.07
2955.65
2996.16
3013.31
2748.58
3092.31
3012.8
2980.51
3140.97
2998
2962.97
3051.71
2644.49
3169.65
2982.7
3121.08
2943.11
3106.74
2819.45
3032.77
3152.58
2856.27
3140.42
3144.74
2893.73
2883.07
3054.49
2897.68
2897.16
2923.34
2994.6
3127.45
2974.78
2965.36
2921.05
2881.59
2956.57
2951.99
2882.48
3181.51
2758.53
3099.19
2944.75
2980.28
3135.1
3187.77
2809.34
3012.91
3108.62
3015.87
2843.44
2832.77
2913.58
2729.86
2876.09
3140.17
3039.56
3000.65
3029.99
3050.51
2915.04
3012.11
2931.47
3022.3
3091.74
2826.09
3022.53
3030.93
3056.26
2887.82
2846.34
2963.3
3041.73
3081.25
2917.65
3116.02
2923.41
2938.43
2859.11
3152.79
3302.61
3080.97
3003.86
2932.35
2980.26
2922.43
3074.17
3131.42
3115.87
3027.08
2960.87
3043.71
2969.25
2943.79
2935.15
2887.07
3162.12
2901.95
2954.22
2928.28
3052.59
3170.5
3162.31
2743.44
2933.86
2918.36
2875.25
3120.91
3064.79
3014.54
2981.11
2799.45
2899.8
3065.9
2957.65
2862.45
3025.58
2998.76
2907.58
2824.85
2929.48
2951.59
2991.42
3113.03
2904.39
3074.71
3055.36
3159.86
2860.67
2967.93
3032.57
3043.66
3148.64
3063.64
3075.87
3095.16
2996.61
3027.28
2877.55
3000.71
2848.95
2913.73
3036.91
3164.53
3179.82
2922.42
3009.84
2969.95
2882.21
2804.42
2910.1
3152.88
2885.86
3105.1
3152.83
2959.81
2994.96
3091.46
3076.19
2855.44
3108.05
3005.92
3014.64
3206.98
2964.17
3248.33
2814.15
3042.28
3149.7
3147.95
2962
2926.73
3000.38
2894.13
2850.03
3052.07
3283.03
3093.28
2995.93
2949.98
3083.36
2984.08
2991.82
2808.53
2801.75
3007.16
2975.07
2853.31
2908.44
3084.74
2994.28
2985.96
2763.38
2935.39
2941.69
3039.35
2945.01
3201.7
3038.79
3029.04
3079.07
3015.47
2912.2
3179.7
2974.7
2969.34
2935.92
3057.87
2980.47
2899.69
2994.28
3046.97
2975.11
3025.43
2929.68
2849.08
2905.17
2798.39
3267.49
2819.77
3249.37
3133.2
2846.8
2949.47
3025.46
2959.83
3061.46
2905.63
2842.93
3168.99
3089.13
3063.52
2952.18
2679.33
2919.43
3051.45
3168.55
3021.33
2856.14
2829.58
2840.58
2928.16
2798.73
2831.08
3017.31
3080.71
3064.26
2940.35
3102.93
3038.85
2917.53
3132.05
2857.7
3117.51
2942.11
2914.08
2959.45
2934.33
3098.29
3095.69
2897.61
3030.4
3080.53
2926.79
2978.8
3027.75
3054.51
2674.55
3410.84
2941.28
3135.12
3143.93
3154.7
2834.85
2826.98
3077.52
3125.43
2969.62
2951.21
2812.87
2990.94
3011.23
2999.7
3117.56
2961.98
3075.24
3207.63
3088.01
3081.62
3026.25
3047.35
3013.74
2894.04
3027.7
2932.9
3087.31
3280.12
3144.08
2917.28
3579.81
2895.45
2950.07
2830.77
2941.08
2776.25
3051.44
3062.7
3219.81
3001.33
3079.94
3020.35
3275.67
3009.66
2928.87
3086.77
3075.65
2800.07
3035.29
3048.07
3037.56
2978.14
2943.92
3180.28
3063.1
2968.39
2928.31
3069.75
2935.89
3007.54
2903.24
2923.51
3146.82
2886.02
3228.49
2924.48
3310.87
3073.56
3136.99
3032.49
2973.77
2991.82
2937.69
3102.01
2893.78
3080.85
2983.77
2840.85
3119.24
2999.39
2955.82
2878.31
2786.07
2886.49
2996.77
2985.03
2830.04
3046.98
3198.76
2868.89
3138.57
2910.23
3039.72
2972.04
3002.3
2773.45
3032.78
3018.51
2929.7
3049.02
3079.6
2837.62
2994.36
3004.32
3004.57
2954.75
2959.28
3037.43
3124.79
2927.14
3087.49
2915.2
2941.11
3069.51
2927.22
3171.09
2975.76
3179.64
3017.38
3001.04
2967.55
3062.24
3046.74
2920.4
3182.09
3078.55
2998.53
3107.54
2993.8
2970.04
2890.51
2973.16
2902.14
3104.81
2990.11
3029.37
2917.14
3077.65
2839.07
2904.98
3079.48
2873.03
3172.1
3011.46
3330.96
3027.4
2944.27
3028.3
3125.86
2844.99
3123.49
3139.68
3034.17
3097.11
3009.9
2882.25
2790.93
2732.27
3140.74
3027.33
3119.67
2843.18
2885.2
3027.59
2930.69
3086.6
2845.42
2979.77
2882.97
3188.26
3104.41
3035.6
3167.21
3087.17
2820.74
3069.88
2949.22
2993.09
2852.12
2911.73
2992.29
2972.68
3074.03
3050.54
2950.71
3054.33
3114.18
3023.76
2930.76
2814.44
2933.6
3067.08
2830.32
3024.71
2920.02
3183.47
3078.16
3154.48
2987.46
2967.96
2915.22
2979.61
3153.14
2978.23
3015.78
2979.86
3105.11
2922.49
2980.06
3022.32
3031.16
2987.76
3197.54
2954.24
3092.91
3109.79
2729.34
3021.83
3057.85
2807.72
2999.97
2964.14
3021.74
2880.04
2773.71
2985.58
3042.9
2899.84
2985
3110.31
2966.82
3053
3303.89
3270.85
2971.01
3032.31
2949.18
3115.71
3034.06
2871.18
2942.06
2730.65
3120.6
2812.61
3200.73
2991.14
3009.44
3000.42
3243.15
3171.66
3031.04
3102.77
2884.83
3127.97
3045.7
3021.34
3072.83
3045.63
2992.72
3035.31
2950.43
2945.53
2960.12
2913.79
3086.97
2755.06
2997.24
2941.13
2871.1
2970.32
2972.91
2918.35
3152.91
2852.21
3124.66
2930.27
3015.9
2958.68
3066.22
2954.17
3006.62
3109.29
2961.08
2790.78
3043.71
2909.56
2696.25
3128.93
3224.87
2830.92
3127.4
3107.31
3059.11
3041.38
2962.32
2713.36
3183.7
3149.95
2954.46
2887
2943.81
3020.16
3030.22
3015.69
3017.77
3032.25
2989.74
3048.23
2932.46
3031.41
3030.23
3004.5
3052.36
2916.01
3040.12
3207.89
2984.76
2997.62
3002.46
2880.06
3012.22
2959.69
2871.65
2935.91
2974.57
3090.3
2841.36
3133.48
3246.08
3103.94
3036.99
3006.93
3002.86
2912.04
2941.01
2917.01
3120.58
3116.46
3227.71
3173.85
2859.47
3072.47
2795.91
2732.34
2974.27
3009.7
3037.86
2835.03
3056.49
2937.96
2859.09
2913.47
3028.53
3188.6
2952.09
3104.43
3054.77
3014.2
2966.93
3025.04
2984.65
2945.94
3060.65
3137.69
3138.64
2940.23
3053.48
3152.28
3091.84
3001.36
2899.83
2698.64
3027.21
3115.95
3192.22
2928.69
2897.18
2996.21
2993.85
3037.75
3121.43
2927.37
3100.74
2896.55
2790.77
2944.66
3044.4
3025.01
3152.13
2777.33
2923.41
3052.45
2900.47
2958.16
3077.09
3085.83
3004.85
2907.71
2928.66
2929.07
3136.01
3000.17
2983.43
3076.86
3156.69
2964.83
3015.65
2960.25
3086.64
3066.92
3015.68
2868.19
2747.05
2966.02
2895
2911.98
3076.57
2672.04
2972.21
3047.08
3049.09
3007.39
2946.34
2836.33
3078.15
2883.51
2796.63
2853.37
3229.9
2864.13
3029.23
2785.32
3083.92
3136.58
3022.53
2974.86
3106.73
2999.95
3115.16
2908.77
2839.47
2999.65
3020.81
2981.3
2925.22
3137.41
2757.07
2782.04
2870.92
2935.6
2992.28
2934.44
3062.69
2734.3
3079.12
2937.89
3139.62
3075.42
2945.26
3251.12
2901.76
2994.45
2906.67
3082.74
3142.21
3006.49
3008.04
2986.26
2949.5
2986.37
3042.97
3012.1
2885.21
3178.31
2842.9
2986.6
3150.8
3186.6
3355.05
2909.08
3028.04
2935.79
2915.13
3032.88
2947.08
3027.73
2994.43
2935.35
3186.03
2816.05
3081.87
3011.68
2944.78
2766.04
3062.29
2862.13
3127
3176.68
2981.33
2943.97
2975.14
2793.88
3087.03
2931.39
3331.53
2930.04
2980.83
3090.26
2649.21
3189.88
3082.91
2776.22
2830.41
2868.52
2986.18
3013.45
2850.29
3122.94
3152.41
2855.59
2971.21
3213.26
3038.18
2948.27
2964.74
3040.26
3025.02
2906.68
2881.34
3108.17
2995.63
2996.09
2980.88
2737.68
2912.82
3134.81
2961.18
2815.62
2977.57
3043.47
2828.64
2864.73
3158.7
3091.52
2967.67
3067.6
3086.54
2999.23
3063.56
2930.63
3059.78
2946.64
3189.91
2925.72
2984.79
2964.27
3008.82
2883.41
2798.16
3051.39
3048.54
3143.35
3067.72
3028.56
3017.09
3099.18
2998.85
3232.43
2919.27
3114.73
3008.69
3077.56
2997.34
2881.41
3042.94
2962.27
3195.42
2971.8
3169.1
2895.15
3089.54
2945.05
3042.16
2858.15
3086.92
2925.88
3218.76
2962.13
2904.41
3071.01
2958.9
3027.99
3111.46
3034.84
3150.66
3064.01
2919.36
3080.16
2890.03
2986.29
3009.99
3066.31
3030.12
2792.93
2865.49
2969.69
2848.21
2899.11
3206.43
2926.52
2884.82
2980.5
3216.65
3142.12
3038.21
3065.48
2943.32
2946.88
3066.51
3029.64
2815.34
2931.75
3031.35
3159.87
2733.19
2915.33
3019.22
3167.87
2767.36
3005.15
3110.59
3054.13
2893.5
2995.65
3062.88
2777.36
3080.58
2865.49
3023.43
2880.84
3042.92
3139.86
2926.46
2967.8
2988.7
2993.19
2894.63
3095.76
3142.59
2980.49
2788
3340.61
3166.7
3006.29
2978.84
2828.23
3104.12
2966.1
3032.12
2770.53
2947.56
2802.01
2804.12
2956.62
2991.5
2957.05
2973.28
3037.37
3016.13
3282.54
2899.29
3136.92
3058.39
2836.75
2919.22
2999.77
2902.59
3058.49
3087.59
2901.04
3256.09
2915.41
2950.79
2982.88
3097.08
2922.82
2855.06
2987.56
2978.79
3076.67
2973.83
2993.83
3028.72
3078.71
3089.73
2975.55
2991.59
2928.01
3221.25
2857.03
3054.73
3013.02
3069.33
3174.19
2981.85
3262.47
2911.95
3015.09
2950.04
3090.31
3012.19
2993.1
2903.4
3068.77
2997.29
2885.04
2983.98
3267.49
2848.22
2796.09
3095.47
2899.21
3065.96
2832.67
2916.87
3178.23
3155.06
3017.8
2886.28
2880.94
3019.06
2887.96
2992.56
2953.36
3016.03
3179.15
3080.27
2974.56
2886.84
3039.97
2889.66
3263.89
3363.58
3002.67
3156.94
2848.89
2945.56
2878.89
2858.41
2948.75
3049.83
2876.55
2779.23
2927.77
3122.48
2863.28
3016.07
3010.2
2941.97
2996.75
2973.54
3254.17
2864.82
3109.5
2834.63
2903.4
2963.63
3124.55
2837.93
3064.61
3383.11
3344.37
2957.41
3017.09
3019.16
2986.28
3141.65
2826.53
2813.79
2977.73
3084.38
2994.06
2943.6
2972.66
3028.34
2981.05
2880.74
2832.82
3049.52
3142.82
3052.79
2924.6
2919.56
3125.09
3133.14
3136.05
2751.86
2991.14
2894.71
3059.67
3013.8
2823.88
2953.61
3097.35
2836.03
3184.92
3058.53
2962.86
2869.22
2999.52
2710.87
2890.8
2884.56
2938.51
3087.35
3181.81
2979.32
2982.47
3036.9
2967.72
2877.56
2885.78
3070.17
3111.98
2958.73
2949.76
3329.35
3017.37
3229.41
2929.38
2867.02
2946.53
3060.36
2836.37
2938.34
2871.47
3043.21
3024.79
3027.62
3016.51
3018.41
3069.77
2998.39
3124.98
2916.35
3150.45
2831.57
2900.27
3025.7
3163.89
3057.88
3307.28
2864.38
3158.68
3046.71
3054.68
2874.03
2907.44
3068.86
3210.39
3060.77
3067.56
3054.11
3409.49
3066.59
2952.01
3060.2
3090.58
2907.77
3077.21
3068.81
3062.35
3113.17
3124.23
2889.31
2915.1
3054.09
3245.04
2897.19
2880.47
3032.39
3197.15
2980.95
3197.04
2920.19
2926.51
2948.14
2993.03
3110.86
2827.72
2806.11
2969.33
2824.85
2951.32
2959.16
2786.73
3038.01
2957.7
2857.11
2990.63
2881.48
3129.98
2911.86
2960.79
3072.23
2918.47
2939.44
2888.82
2914.48
3033.16
3046.79
2828.16
2994.61
3004.45
3066.34
2931.61
3121.56
2991.46
3042.83
3046.37
3007.99
3091.44
3132.76
3092.3
2944.29
2901.56
3170.47
2986.16
3107.29
2997.58
3010.53
2866.88
2897.19
3071.01
3008.23
2972.08
3079.73
2958.63
2886.44
3023.3
3018.81
2982.93
3079.69
3026.61
3270.22
3154.18
3055.78
3029.66
3255.22
3192.46
3039.51
3137.38
2839.93
3157.66
2965.47
2970.33
2958.56
2886.38
2908.42
3013.74
3048.38
2883.16
3113.32
3099.37
3097.94
3202.05
3070.16
3044.71
2970.33
2964.22
3078.74
2835.22
3022.24
2867.4
2978.04
3153.99
3050.53
3070.34
2999.1
3147.4
3026.15
2991.49
2889.7
2813.45
2764.07
2872.6
2849.8
2940.3
2894.35
3072.42
3070.44
3147.08
3148.57
3167.68
3033.63
2882.17
2858.41
3081.47
2990.87
3061.81
3247.27
2990.45
3053.59
2831.77
2994.5
3081.01
2890.22
2852.62
2988.18
3006.3
2674.57
3059.85
3165.95
2983.68
2992.46
3014.73
3121.48
2999.73
3105.65
3093.74
2929.35
3021.16
3003.66
2960.94
2971.31
3102.96
2911.76
2938.57
3096.4
2994.05
2952.45
3022.06
3145.75
3222.22
3242.25
3110.7
2980.78
2858.68
3226.2
2981.51
2816.3
2977.27
3082.71
3083.49
3039.78
2990.76
3350.65
2987.08
2882.65
3121.7
2882.98
2949.05
3128.81
3008.57
2921.78
3083.71
2968.87
2927.03
3244.49
3119.91
3123.37
3312
2940.43
2954.55
2759.17
3045.36
3295.35
2941.13
3112.59
2898.08
3030.47
3128.97
2932.51
3037.44
3080.45
2988.15
2964.04
2935.08
3088.41
2776.24
2700.92
3036.25
3082.05
2982.05
3147.54
3022.99
2787.7
3002.39
3048.64
3070.6
2970.2
3023.75
2952.03
2872.58
2823.45
2871.16
3166.66
3046.48
2926.67
2776.89
2948.57
2946.58
2982.36
3083.69
2868.97
2978.87
3002.79
2917.33
3055.9
3113.17
2927.12
2947.64
3058.79
3267.39
3133.87
3077.65
3143.34
3238.33
3071.39
2946.41
3023.02
2829.45
2837.69
2952.23
3000.65
2869.55
2879.83
2927.08
3193.72
3123.81
3026.19
2955.4
2877.96
3001.82
3046.64
2847.42
2782.32
2709.61
3083.18
3021.93
3028.42
3135.34
2851.17
2759.23
3068.32
3094.4
3020.21
2741.34
3019.51
2902.85
3040.08
3176.75
3030.13
2924.93
3161.7
2956.73
2988.23
3100.22
3151.25
3082.23
2893.57
2813.09
2799.79
2807.85
2941.31
2872.67
3096.49
2892.36
2982.64
3088.04
3123.12
3047.07
3004.43
3124.53
3092.7
3026.52
3039.91
3036.01
3052.84
3092.49
3146.98
3183.7
2940.39
3003.49
2946.1
3069.37
2920.89
2968.56
2958.6
2811.19
3043.32
2874.77
2745.36
3083.92
2907.98
2929.75
3049.35
3134.31
3111.91
3119.01
3160.68
2944.1
3117.48
3017.03
2962.55
2849.82
2900.87
3170.11
2892.99
2956.1
2867.86
3047.95
2961.97
3053.81
3131.22
3050.89
3080.22
2764.75
3131.1
3061.71
2815.94
2929.61
2984.87
2906.26
2799.86
2806.13
2983.75
3031.61
2973.61
3144.53
3044.15
2889.22
2954.42
3024.1
2998.18
3087.16
2982.1
2950.88
2975.25
2838.87
3045.58
3120.54
2970.6
3127.72
2946.26
3077.9
3107.07
2906.56
3004.18
2952.62
3071.59
3019.79
3000.18
2811.8
2957.96
2852.63
2952.86
3254.57
2950.17
3101.37
2861.36
3035.76
3105.37
2891.97
3079.65
2819.95
3023.26
3108.75
2988.96
2936.37
2858.4
3159.79
2836.82
3174.18
3129.15
3112.24
2927.08
2997.98
2999.24
2901.67
2972.04
2987.57
3009.53
2921.58
2822.75
3101.08
3001.71
3120.15
2952.22
3035.86
2979.44
2844.32
2849.03
3078.67
2930.46
2938.9
2849.65
2952.09
2781.74
2882.49
2900.92
3119.55
2924.64
3010.15
2870.49
3008.27
2942.44
3021.85
2953.75
3066.66
2777.52
2864.23
2877.26
3054.72
3023.02
2953.33
2956.31
3041.38
2928.16
2914.48
3110.63
3010.74
2957.02
3087.79
3044.07
2877.28
2880.1
2825.63
3078.98
3062.99
3050.35
3048.05
2995.68
3185.79
3002.32
3033.32
2927.3
3154.05
3048.97
3161.15
3015.44
3012.52
3139.7
3225.48
3022.66
2820.19
3171.81
3092.3
3082.22
3038.28
2948.52
3001.36
2986.1
3027.7
3050.89
2922.87
3068.56
2938.23
3057.41
3074.39
3004.29
3013.47
2959.09
2861.2
3016.22
3110.17
3064.39
3019.8
2933.69
2897.84
2975.08
3127.73
3114.37
3139.69
3067.78
2871.47
3051.43
2932.69
2906.61
2852.26
2985.03
2973.04
2966.61
3182.49
2886.89
3096.22
2961.2
2922.71
3045.42
3068.92
2859.63
3062.27
2804.66
2946.9
2868.06
3209.23
3102.67
3030.85
2910.81
3049.75
3089.52
2975.04
2992.93
3257.8
2967.72
2997.95
2794.35
2938.42
2916.36
2920.9
2807.31
2760.12
2940.68
2954.55
2924.14
2897.77
2936.88
2930.55
2869.93
3107.19
2853.18
3023.27
3059.74
2966.72
3207.56
3118.7
3124.24
2879.94
3197.88
2946.59
2918.14
3128.5
2892.43
3085.45
3029.11
2947.31
3050.75
3032.38
2939.68
3100.52
2796.59
3103.24
3078.19
3205.25
3085.53
3092.97
3119.54
2929.2
3104.6
3071.09
2954.11
2919.97
3012.76
2975.6
3017.98
2908.48
3073.33
2924.5
3188.57
3007.09
2836.11
3101.76
3275.88
2973.37
2966.55
3171
2850.36
2935.13
2978.89
2966.26
3109.95
3019.5
3079.61
3212.07
3041.32
3025.77
2976.42
3156.24
2821.33
2941.63
3017.37
3023.17
2956.63
3106.67
2987.02
3088.18
3054.32
3089
2937
3035.96
3045.36
3198.19
2912.09
2863.3
3254.83
3113.79
3093.2
3197.24
2907.11
3015.4
2864.48
2847.98
3170.78
3042.85
2833.44
2817.88
3252.63
2869.36
3076.89
3077.86
2807.88
2886.61
3109.06
2903.14
2882.27
2939.11
3046.21
3036.01
2804.36
3153.55
3010.43
2822.3
3148.14
3128.26
2875.1
2869.34
2973.31
2985.33
2874.25
2809.5
2927.4
2832.98
3009.02
2967.59
2943.42
2983.59
3254.33
2913.78
3063.8
3059.22
2925.04
3099.06
2987.15
2967.41
3299.32
2933.56
2863.58
2962.13
3042.7
3124.1
3015.26
3023.24
3208.2
3015.5
3049.18
3058.11
2982.96
2912.05
3091.08
2981.48
2871.62
2979.18
2979.03
2960
3102.27
2807.39
3072.96
3121.24
3234.8
2933.56
2976.89
2853.24
3003.23
2755.79
2922.02
3164.81
2985.04
3157.65
2960.68
3054.19
3072.4
3004.94
2740.36
2828.14
3236.86
2783.03
3124.12
3002.56
2873.24
2957.27
2836
3172.92
3050.72
2964.47
3026.3
2900.92
3032.51
2926.69
3009.22
2964.19
3015.65
2932.42
3123.43
2915.89
3165.62
3021.35
2947.43
2887.36
2997.62
3046.71
3035.79
2817.65
2983.45
2980.46
3088.24
2826.73
2902
2946.76
3092.55
3328.26
3016.14
2857.27
2990.66
3125.9
3014.33
3009.57
3159.76
3037.3
2964.16
2797.98
3222.62
2926.2
3069.17
3036.38
2911.28
2949.18
2889.41
3056.56
2970.76
2933.44
3411.94
3036.54
3067.18
3073.91
3043.63
2982.12
3021.06
2962.42
2958.79
3097.06
2867.21
2984.17
2987.61
2972.26
2799.57
2857.06
2931.26
3104.42
2901.47
2947.09
2981.75
2942.92
2978.71
2906.62
2923.32
2965.91
3127.15
3044.74
2876.38
2992.77
3069.25
2990.49
3001.72
2991.18
2792.49
3014.61
3078.51
2904.69
3166.25
3121.7
2868.7
3185.91
3012.49
2970.92
3020.38
3081.87
3003.72
3085.09
2892.82
2886.23
2948.77
3006.25
3051.93
2996.69
2860.26
3026.04
2899.21
2878.94
3040.54
2741.97
2919.12
3003.49
3132.2
2978.61
3124.66
3009.05
3173.93
2937.15
2766.89
3176.51
2978.14
2932.13
3035.25
2688.13
3036.67
2941.94
3211.06
2838.59
2989.28
3104.69
2797.01
3003.64
2966.05
3076.24
3144.54
3110.55
3045.62
3013.93
3029.1
2930.33
3039.14
2930.81
2783.34
2832.68
2994.99
2829.82
2975.63
2981.13
3042.54
3101.91
3033.07
3098.35
3030.19
3000.05
2972.16
3147.07
2979.02
2739.02
3179.28
2989.39
3031.95
3074.04
3175.9
3097.01
2931.88
2939.76
3105.74
3079.4
2916.31
2928.45
3127.78
3031.15
3097.51
2814.49
3013.26
3038.26
2930.04
3015.37
2784.47
3071.34
2873.89
2894.74
3080.14
3013.11
2969.96
2601.67
3091.59
2998.01
2908.89
3141.48
3076.23
2910.3
2946.57
2936.21
2930.45
2744.07
2893.26
3093.15
2889.25
3015.53
3061.24
2811.68
3068.08
3032.18
2888.6
2991.35
2939.82
3068.42
3055.32
2949.91
2861.86
2866.59
2995.53
3037.96
2837.49
3000.03
3247.84
2847.11
2971.86
2827.32
3083.62
3323.55
3019.35
3071.72
2836.79
3084.07
2933.31
2853.03
2922.1
2890.93
2891.55
3047.77
2788.17
3037.8
2925.64
2965.06
3012.51
3009.9
2938.58
3040.42
3134.73
3125.35
2948.48
2962.41
2903.88
2999.33
2880.96
2913.11
2937.05
2938.47
2906.84
3061.4
2979.12
3180.28
2959.97
2927.76
3171.49
3105.21
2953.28
2892.9
2946.13
2971.42
2913.37
2992.91
3177.03
3319.69
3113.47
3009.53
3090.02
3087.48
3181.5
3293.54
3042.34
3185.72
3254.11
2843.39
3093.81
3008.7
3100.68
2949.09
2647.23
2991.74
2913.02
3269.08
3029.31
2929.13
2901.79
2851.48
3085.81
3202.84
3012.33
2944.72
3002.12
2885.41
2907.92
2879.55
3208.83
2906.88
2938.24
2979.12
2907.46
3151.74
3120.37
3103.93
2998.92
3080.92
2901.1
2809.37
2983.94
3014
3028.8
2926.37
2898.94
2905.36
2956.2
3066.57
3170.38
2967.03
3045.01
3130.76
2861.3
2963.95
2874.38
3155.17
3115.76
2935.61
2936.6
2955.56
3055.96
2861.21
3260.1
3051.67
2794.77
3083.58
2840.56
2943.32
3021.52
2855.02
2892
2860.33
3118.08
2997.51
3126.63
3224.21
2769.12
2971.38
3060.89
2944.82
2929.07
2984.43
2877.58
2952.82
2889.27
3024.1
3027.95
3026.71
2921.26
3008.37
3125.97
2901.74
2856.32
2910.08
3061.87
2901.62
3093.83
3056.41
3113.3
2850.27
3111.07
2917.11
3070.73
3137.97
3079.19
3129.14
2775.54
2887.24
2906.38
3113.93
3135.44
2805.28
3078.16
2984.76
2937.22
2932.64
2965.91
3021.18
3048.94
2961.48
2933.13
3013.36
3048.92
3143.89
2840.4
3345.9
3021.22
3037.75
2814.42
2820.23
3191
3075.62
3027.88
3049
3016.25
3277.46
2961.55
2795.19
3022.56
3104.09
3033.39
2995.61
2723.89
3158.66
2714.47
3008.92
3037.5
2868.53
2877.47
3125.14
2953.22
2850.55
2968.3
2764.97
2963.34
2905.03
3105.62
2742.28
3126.74
3095.2
2927.08
2992.98
2758
3049.44
2915.02
3024.45
2956.78
3036.86
2876.43
3051.57
2992.64
3040.49
2868.16
3120.11
3052.95
3100.77
3073.59
2954.47
3070.45
2961.03
2923.24
3015.09
2994.57
2969.93
3144.28
2925.15
2798.66
3042.5
2832.26
3126.81
3052.94
3041.4
2863.29
2959.76
3137.23
3175.89
3049.18
3184.05
2996.32
3162.17
2899.5
2984.48
2903.82
3041.35
3118.69
2963.14
2856.95
3112.76
3047.11
3080.1
2870.89
2897.91
2838.69
3037.84
3222.76
3040.27
2836.43
3185.43
2896.84
2932.68
3087.02
3031.53
2943.25
3067.51
3104.59
3068.9
2779.94
2902.18
3024.37
3092.17
3004.58
3216.66
3193.03
3095.37
3054.36
2907.1
3042.08
3048.11
3056.91
3099.95
2848.73
2949.09
3174.87
2934.78
2868.85
2866.19
2960.21
3051.6
2923.36
2640.81
3029.62
3026.06
2983.78
2816.39
3084.69
3083.55
3014.03
3058.15
3044.47
3087.34
3284.34
2927.5
2909.95
2920.36
2830.09
3170.37
3038.58
2939.71
2914.62
3123.39
3121.17
3056.7
2948.68
2856.79
3045.48
3064.58
2854.69
2939.7
3102.38
3209.62
2978.79
2831.26
3039.46
3023.14
2932.7
2999.79
3154.01
2854.47
3079.2
2999.58
2968.98
3031.47
2908.11
3019.66
2924.4
2981.56
2948.4
3071.47
2920.86
2786.88
2729.93
3206.2
2909.04
2839.38
3104.88
3010.6
2834.32
2930.09
2922.76
3045.84
3137.46
3167.17
2941.6
2905.37
3027.96
3174.46
3071.69
3002.71
3061.6
3124.16
3050.41
3102.72
2766.59
3148.03
3089.61
2777.86
3070.89
3173.6
2780.87
3196.44
2848.75
3059.63
2989.35
2979.96
2879.94
2978.49
3033.28
2733.32
2785.26
2908.69
3175.74
2860.95
2920.48
2919.93
3060.67
3132.01
3011.29
2907.3
3043.81
3127.44
3020.71
3108.9
3042.31
2879.01
3032.87
2855.16
3017.14
2991.4
3044.1
2767.01
3004.04
3124.79
3114.06
3317.12
3033.53
3056.83
2962.08
3090.55
3002.47
3001.84
3081.96
3253.56
3187.79
2987.77
2881.36
2944.98
2937.93
2790.71
2946.91
2945.86
3019.63
2868.73
3052.16
2994.22
2910.54
3035.64
3075.42
3031.05
2894.08
3230.81
2950.66
2915.91
2640.22
2935.83
3060.35
3096.04
3129.32
3220.36
2984.24
2991.31
2998.3
3119.93
2969.3
2912.11
2963.98
3048.17
3050.39
3043.16
3006.07
3185.39
3233.42
3088.26
3289.48
2828.15
3030.25
3014.2
2816.37
2944.81
3086.22
2867.54
2964.18
2819.01
3026.56
3039.76
3076.28
3052.47
2906.18
2921.29
3184.51
2790.53
3069.1
2997.37
3200.26
2765.19
3152.22
2903.79
3078.25
3038.25
3011.19
2933.1
2925.89
3009.86
2996.71
2981.83
3138.99
2886.73
3038.17
3091.68
2839.34
2950.51
3147.98
3022.53
2988.03
2940.61
3020.63
2944.05
2885.79
2940.61
3188.78
3001.28
2976.31
3114.3
3099.74
2979.44
2965.77
3034.71
2845.07
3090.05
3065.11
2965.71
2956.9
3000.51
2855.33
3051.9
3078.81
3025.53
3110.57
2837.05
2991.93
2998.84
2942.96
2926.88
2894.16
2975.43
2861.43
2898.26
3072.82
2789.74
2935.96
2943.34
2996.71
3066.79
2808.71
3108.92
3102.06
3116.69
2976.44
2897.18
3046.67
3111.21
2978.35
3086.66
2999.28
2887.08
2747.71
3040.38
3039.81
2885.81
2966.14
2845.32
2869.87
3140.21
2980.06
2857.88
2825.42
3274.66
2918.43
2965.76
2922.52
3090.6
2886.15
2975.47
3105.46
2965.66
3156.08
3064.84
2964.11
2900.31
3136.99
2668.68
2938.79
2928.47
2936.52
2918.72
3004.63
2784.83
3069.46
2787.96
2976.28
2918.84
3070.72
3121.03
3038.94
3185.74
2922.82
2904.98
2826.64
2854.53
2716.03
3246.46
2961.43
2994.3
3021.08
3007.3
2923.3
3114.58
3018.41
3040.56
2929.02
3011.43
3072.48
2826.7
2829.99
2907.73
3009.83
2922.25
3150.18
3096.32
2987.57
3088.48
2980.63
3083.07
2837.1
2965.34
3095
2968.22
3113.98
3014.22
3061.81
2881.21
2891.67
2957.02
3226.41
2940.89
3216.52
2758.65
3008.07
3012.74
3086.63
2939.07
2943.62
2863.23
3140.58
2920.27
3134.69
2633.02
3020.42
2840.31
2921.64
3233.21
2959.85
2889.51
3034.48
2920.98
2878.47
3280.1
2917.23
2960.81
2864.2
2975.16
3112.38
3071.75
3073.56
2963.03
3037.44
3097.85
3077.08
2994.24
2987.81
3128.23
3023.63
3058.16
2851.76
3029.32
3023.41
3016.71
2846.51
2989.04
3147.62
2986.42
3018.9
2956.62
2951.86
2975.35
2926.35
2860.58
2937.23
2943.54
2978.26
2797.74
2858.66
2774.13
3076.29
2847.64
3013.57
3136.54
3169.31
3168.67
3024.23
3042.65
2906.06
3138.37
3119.51
2785.29
2869.77
3211.83
3057.33
3139.84
2989.71
3123.05
2989.77
2820.51
2830.86
2927.91
2937.19
3118.03
3068.42
2977.5
3052.81
3083.04
2928.45
2960.6
2916.19
2840.49
2961.6
2959.89
3026.7
3009.36
3055.43
2863.2
3261.77
2913.01
2925.88
2873.82
3012.6
3160.44
2895.62
2918.85
3067.8
2843.69
2892.96
2845.06
2997.13
2934
3176.2
3032.57
3023.26
3247.4
3010.25
2930.08
3076.65
3117.03
3045.3
3226.26
3023.82
3134.07
2869.03
2896.86
3071.89
2905.82
3254.88
3095.84
3154.09
2963.24
3198.81
3108.89
2938.15
3021.48
2923.68
2918.27
2999.49
2990.8
2865.99
3100.12
3116.45
3120.95
2976.9
2998.04
2867.06
2988.55
3039.97
3070.84
2863.29
2918.38
3053.01
2912.05
2954.31
2921.36
3079.58
2995.8
3173.43
3143.59
2865.86
2976.13
2954.98
3004.79
3233.99
2945.63
2918.09
3016.25
3093.53
2966.74
3051.64
2943.58
3123.17
2989.18
3005.97
3189.91
2851.48
2824.11
3059.69
3015.09
3042.62
3081.69
3048.94
2771.32
3232.41
2939.93
2929.56
3101.75
2569.12
2928.65
2955.98
3130.56
2990
3016.48
3169.47
3020.81
2878.41
3198.02
3043.05
2802.92
3089.18
2885.39
2820.51
3238.21
2888.01
2920.12
3056.85
3039.32
3296.12
2976.32
3021.09
2834.43
3052.08
3084.05
3137.91
2976.51
3033.43
3034.35
2882.66
3018.86
2760.44
3005.88
2999.92
2982.2
3116.75
3045.63
2992.26
3035.68
2809.83
2998.99
2941.73
3119.06
2936.24
2812.25
3083.93
2791.42
3073.41
2941.81
3362.24
2817.25
3054.24
3143.54
2720
3126.46
2903.97
2924.34
3028.31
2932.02
2988.73
2958.35
3047.63
3043.17
2893.17
2914.58
3176.34
2840.49
3078.93
3201.68
3009.01
2977.63
3223.82
3106.6
2919.98
3041.79
3186.27
2889.55
2922.6
3010.77
3002.15
3081.97
2993.01
3107.3
3031.86
3185.06
3049.57
3030.26
2954.01
2920.59
2956.7
3071.03
3135.18
3079.51
2907.03
3113.94
2887.11
2855.48
3127.66
2865.52
3209.35
2985.09
3261.72
2970.42
3139.49
3211.26
2874.39
3247.26
3110.14
2990.51
3007.29
3050.82
3143.47
2863.93
3082.27
3013.8
3096.16
3165.04
2926.92
3104.51
2896.94
2980.47
2797.23
3005.1
3198.72
2987.17
2826.91
3018.61
3154.55
3036.43
3033.55
2843.67
2857.33
2864.11
2958.89
3013.37
2887.57
3073.44
2857.7
3034.32
2986.17
3101.01
2844.69
3074.71
2833.38
2964.61
3061.94
2958.85
3095.48
2939.03
3104.36
3149.11
3023.91
2958.11
2951.82
2993.79
3078.9
3126.3
2936.55
2946.57
3052.86
2891.08
3205.83
3014.87
2872.49
3081.07
3149.39
3097.89
2875.82
2939.76
3134.64
3112.81
3068.06
2896.85
2942.01
3173.39
2930.04
3099.89
3008.17
3034.72
3005.98
3146.21
3130.14
2946.88
2884.4
3010.19
3233.86
2932.47
3079.15
2901.53
2815.9
3014.3
3021.01
2739.47
2831.47
2966.08
2953.87
2898.37
3083.23
2889.72
2896.37
2939.45
3006.53
2841.1
2875.43
3006.66
3081.68
3127.45
2906.45
3011.6
3191.87
2821.93
2876.08
2975.22
3056.48
2946.03
2993.78
3107.81
2887.82
3023.63
3088.85
2979.47
3184.78
2997.36
2810.08
2983.06
2924.99
2839.15
3015.85
3209.3
2802.45
2853.03
3075.72
3147.68
3300.01
2966.6
3159.26
2980.39
3107.08
3069.04
3029.95
3064.33
2844.59
3039.33
2978.93
2865.93
3071.38
2805.01
3127.54
3111.46
3065.81
2970.43
3086.32
2946.96
3101.28
3142.09
2753.76
3186.66
3051.2
3233.81
2938.21
3124.11
3147.24
3025.84
3028.79
3028.49
2816.56
3065.7
2986.13
3299.48
3026.18
2729.21
3039.5
2843.37
3054.69
2954.82
2937.43
3151.76
3240.17
3021.45
3120.51
2921.24
2992.25
3045
2969.41
3029.82
3042.45
2894.49
3002.07
2885.97
2914.77
2987.91
2905.86
3084.51
3072.06
2866.83
2879.55
3272.92
3078.75
3107.13
3021.82
3025.82
2836.99
2865.67
2905.28
3165.79
3165.33
3009.32
3000.12
2947.89
3027.5
2808.84
2921.96
2914.07
2945.87
2942.47
2880.99
2939.33
2953.35
2963.39
2997.53
3039.07
2881.95
2881.19
2953.89
2920.64
2913.63
2856.37
3043.18
2919.38
3044.85
3128.7
3161.37
3055.54
2990.01
3024.59
3063.17
2777.53
2900.14
2921.17
3085.78
3063.67
2980.36
3091.86
3201.08
2935.58
3004.55
3271.46
2755.17
3005.82
3015.09
3203.95
2817.72
2851.48
2999.9
3183.15
2948.32
3197.34
2954.47
3109.49
3068.59
2766.55
2907.57
2888.96
3272.61
2944.23
3089.17
2994.49
2974.77
2977.62
2681.52
2995.09
3195.43
3181.65
3013.23
3197.64
3072.91
2989.67
3161.65
2931.56
2990.75
2978.82
3073.91
3009.88
2891.08
2989.38
3060.55
3048.55
2906.04
2915.15
3067.69
3043.76
2992.66
3176.06
2874.15
3157.61
2986.5
3066.87
3157.28
2789.34
2960.62
3261.09
2776.53
3063.17
3036.83
2904.55
2783.08
3037.86
2801.69
3156.94
3127.49
3048.02
3186.16
3001.1
3101.56
3063.36
2998.43
2760.69
2939.13
2917.75
3068.39
3032.48
2822.15
2902.28
2756.16
2876.46
3151.17
2866.71
2841.26
2876.27
2910.67
3074.19
3203.04
2869.79
3075.86
3084.35
2971.3
3040.3
3162.86
3073.5
3192.19
3044.55
2973.53
2681.33
2958.74
2917.88
3026.99
3122.3
3073.82
3070.74
2915.52
2970.26
3029.64
3057.24
3059.03
2817.16
3091.05
2844.51
3142.87
3187.86
3192.35
2914.72
2952.51
3224.41
3207.08
3195.19
3133.49
3066.67
2911.89
2810.9
2862.83
2957.19
2708.62
2962.07
2970.85
3215.88
2932.16
2967.04
2877.42
3191.73
3048.59
3092.93
3063.23
3091.17
2974.88
2999.67
2955.6
2814.97
2873.3
2977.93
3071.23
3027.72
3088.75
2938.98
2946.71
2932.75
3124.02
3112.54
2864.91
3071.01
2976.45
3143.72
3156.91
2864.53
3018.73
2974.49
3055.3
3096.27
3103.94
2998.17
2845.6
3083.38
3022.84
2866.39
2991.25
2990.53
3109.72
2918.65
2970.12
3013.72
2903.57
3248.24
2901.23
3245.76
3084.44
2898.14
3018.27
3242.73
3214.52
2970.2
2772.51
3040.47
3007.45
2895.4
3115.48
3153.21
3114.85
3145.71
2883.39
3089.26
2896.97
2869.53
2915.55
3003.4
2911.79
2887.99
2950.85
3015.1
2924.3
2763.91
3088.27
2819.33
3128.51
3107.57
2957.5
2990.51
2841.11
3079.43
3054.33
2957.19
3075.19
2830.51
2942.25
3027
2872.81
2729.35
2924.37
2929.82
3082.53
2927.26
3061.39
3057.65
3023.16
2964.57
3059.15
3117.77
3015.64
3148.73
2941.56
2820.76
2968.59
2814.11
2954.04
3315.34
2917.22
2946.29
2901.02
2838.16
2959.4
2950.35
2992.5
2992.22
3047.42
3293.91
2984.56
3062.88
2904.52
3010.2
2899.36
2928.78
2934.28
2947.14
3000.1
3115.69
3140.16
2931.04
2864.68
2989.71
3109.39
3195.56
2974.08
2768.11
2937.53
2997.87
2844.05
2948.89
2819.15
3095.3
2902.07
2921.12
2870.15
3126.14
3012.18
3120.97
3128.25
3072.14
3099.48
2948.2
2881.13
3101.89
2844.57
3288.98
2864.74
3001.66
2947.95
3065.38
2839.18
2991.7
2787.26
3099.41
2838.7
3019.78
2854.38
2768.21
3116.15
2988.69
2780.95
3107.18
2907.19
2984.24
2905.43
3084.83
3006.89
3023.29
2917.76
3011.88
3087.57
3097.32
3042.1
2986.34
2985.31
3065.38
2825.08
3179.95
3171.78
3157.6
2996.76
2879.3
2693.33
2980.77
2881.19
3276.45
3050.15
3350.17
2914.08
3057.14
3036.52
2824.51
3011.65
3158.79
3052.5
3085.08
2885.56
3098.04
2850.63
2988.7
3072.72
2981.05
3053.4
3114.27
3246.49
2996.42
2925.65
3078.96
3054.19
2904.08
2908.68
2989.76
3259.42
2995.04
2942.71
3022.32
3006.58
3021.02
2959.97
2948.83
2914.11
2885.81
2942.61
3039.09
3052.24
3249.71
3090.11
3037.13
2959.29
2899.42
2768.7
3035.03
2776.65
2946.84
2922.16
3118.47
2864.53
3001.05
3179.58
2735.88
3072.73
3023.3
2994.18
2870.68
3114.69
2828.23
3142.1
2999.46
2982.87
3159.84
3176.69
3136.44
3072.21
2958.49
3106.87
3149.85
2981.58
3046.66
2998.18
3129.54
2942.78
3169.14
3294.43
2914.53
3234.77
3086.3
3087.59
3038.54
2896.83
2895.56
2968.54
3109.5
3035.43
3068.34
3224.93
3234.12
2828.47
2995.47
2841.22
2914.06
3024.87
3173.64
3018.09
2986.14
3031.46
3018.22
2991.52
2970.25
3063.19
2958.95
3136.1
3159.31
3035.53
3041.91
2971.53
3147.71
3183.1
3023.02
3102.51
3045.66
2950.16
2974.51
3010.61
3000.32
3033.86
2908.37
2960.46
3019.76
2857.92
3060.51
2995.89
2955.06
2973.82
3075.62
3074.36
3041.54
2955.15
2825.85
2855.57
2976.87
3181.83
2999.16
2938.71
3093.35
2961.11
3008.76
2985.14
3045.46
2925.95
3013.92
2719.43
2938.85
3101.16
3150.23
3025.59
3158.72
2878.57
3052.35
3011.71
2887.16
2982.43
2844.82
2927.71
3087.28
2954.5
2969.44
3032.13
3173.26
2947.92
3078.68
3002.52
2916.12
3013.6
3060.09
2986.36
2942.94
2919.87
2883.22
2940.89
2877.21
2995.37
3150.66
2853.11
3127.49
3198.93
2984.59
3002.29
2956.13
2994.39
2970.46
3000.9
2957.43
2995.21
3075.67
3013.28
3023.2
2963.63
3044.86
2929.17
3066.63
3053.43
2911.38
2970.65
2969.45
2981.59
2876.52
3247.68
3064.54
3023.39
2909.69
2952.06
3066.13
2992.44
2787.96
3035.17
2878.66
3022.98
2948.22
2979.59
2890.87
2775.14
2961.14
3082.35
2937.2
3251.99
2775.33
3068.58
2974.99
3120.62
3031.59
3129.8
3009.98
2872.48
3121.65
3321.91
3031.58
3063.66
3112.72
2744.19
2922.38
2809.56
3132.74
3125.05
3030.67
3106.85
2905.38
2921.78
3010.51
3062.02
3039.7
2832.56
2855.29
3057.28
3004.56
3070.43
3070.13
2947.69
2917.62
3090.35
3004.47
2984.13
2967.71
2938.25
2776.16
2831.01
2947.12
3056.15
3138.4
2981.07
2967.19
3092.55
2916.26
2924.51
2848.17
3249.33
2842.8
3138.26
2885.49
2942.05
2952.08
2999.83
2950.03
2930.05
3016.49
2961.75
3047.14
2837.01
3082.73
2893.24
2928.29
2961.46
3140.97
2885.62
3110.9
3032.45
2984.84
2964.51
2983.66
2956.01
3074.18
3113.19
3067.25
3019.39
2807.2
3017.39
3248.8
2930.77
3072.91
2905.33
3048.32
3273.88
2907.07
3287.92
2876.18
2840.09
2952.61
2920.06
2789.03
2986.18
3124.41
3002.92
2737.73
3017.67
3199.34
2856.59
3082.18
2731.94
2927.63
3021.17
3111.81
2754.06
3001.5
3016.76
3201.52
3021.28
2950.03
2975.25
3159.11
2988.85
2884.23
2867.68
3169.72
2833.26
3044.56
2999.02
3096.68
2933.61
2934.82
2958.53
3043.32
3122.35
2907.24
2969.08
3086.65
2920.33
3448.66
3039.98
2875.68
3096.21
3130.43
3026.24
3056.45
3247.28
2894.44
3167.89
3059.79
2961.56
2822
2949.03
3079.14
3006.21
2966.6
2913.97
2987.56
2928.25
2873.62
3077.26
3001.33
3140.27
3049.83
2916.56
3105.25
2958.99
2989.96
2993.09
3282.26
2959.14
3042.77
3200.23
2961.12
2805.87
2948.14
3095.98
3140.12
2954.63
2786.14
2856.39
3036.07
2714.76
3016.13
3115.59
3147.34
2860.64
2950.46
2928.88
3198.76
2942.56
3133.24
3028.47
3013.95
3097.58
3124.52
2977
2998.32
3099.31
3192.85
2975.85
2954.61
3178.06
3100.42
2909.02
2973.98
3150.29
2880.79
2936.75
2750.64
2851.41
2861.17
3008.89
2900.87
3034.71
3173.13
2868.7
2804.64
3077.1
3109.68
2879.02
2926.82
2987.17
2936.38
3067
2803.45
3031.02
3075.96
2772.61
3010.27
2793.05
2934.56
3131.75
3080.72
3041.83
3145.36
2879.87
2934.33
3177.61
3066.08
3047.56
3334.78
2871.63
3306.9
3203.33
3135.41
2992.31
3041.02
3000.92
2981.7
2992.11
2953.84
3080.68
2928.01
2977.24
2954.13
2998.08
2842.29
3068.59
3008.62
2945.34
2821.68
2959
3188.67
3169.57
3071.14
2932.89
2911.76
3032.25
2906.13
2991.79
3156.04
3066.81
3042.23
3058.53
3050.79
3123.22
2969.41
2792.29
3013.16
2957.54
2788.25
2974.88
3051.11
2857.25
3223.96
2938.06
2953.15
3160.42
3203.63
2930.22
3076.57
3108.96
3042.99
3099.12
3176.53
3019.16
2982.97
3042.05
3136.35
3017.55
2897.86
2963
3043.86
3134.46
2858.18
3123.3
2820.41
3075.43
3059.45
3259.56
2954.33
2876.12
2911.54
3086.94
3298.11
3046.78
3149.34
2906.82
2931.92
3124.52
2996.51
2896.43
2942.24
2999.19
3086.47
2843.59
2932.93
2908.67
2908.05
2886.56
3033.87
3051.52
2908.41
2989.62
3036.84
2941.93
3016.19
3070.32
2922.59
3019.08
2942.34
2997.06
3055.15
3034.22
3058.1
2982.51
2814.67
3029.85
2762.97
2908.54
3059.53
2974.59
2864.34
3220.98
3073.08
2990.12
2999.11
3165.66
3083.31
3195.44
3197.6
2986.27
2970.88
2983.79
2985.75
3115.08
2874.74
2814.08
2914.55
3071.9
2851.46
3049.68
3207.59
2831.68
3165.57
3036.9
3094.94
2942.01
3037.69
3035.38
2858.2
2831.09
2836.49
2912.55
2985.43
3153.35
2956.29
2834.71
3019.5
3108.6
2950.59
3094.75
2888.28
2909.15
2966.78
3141.44
2994.19
3062.45
2917.55
3044.3
3109.28
3021.31
2947.97
3015.59
3095.9
3166.85
3018.31
3161.94
3292.88
3078.6
3060.09
2907.53
3159.37
3085.62
3142.37
2912.38
3176.24
3045.89
2917.64
3063.93
2901.28
3205.98
2881.27
3047.92
3004.31
2906.1
3041.31
3003.3
2818.81
3093.62
2962.7
3020.72
3156.01
3069.31
2976.08
2792.36
2866.07
3047.67
3019.14
3057.28
2810.69
2780.81
2910.48
2986.56
3137.54
3020.95
3094.65
3210.49
2901.31
3068.47
3015.29
2868.22
3060.37
2680.16
3098.88
2826.07
2813.78
3146.75
2834.05
3044.59
2956.63
2978.77
2872.78
2936.29
3077.94
3028.39
2885.13
2970.9
2936.53
2866.71
2905.71
2792.35
2918.72
2918.64
3001.1
2886.52
2862.58
2970.1
2984.31
2953.03
2895.13
3104.41
3109.74
2991.12
3208.11
3079.76
3065.74
3173.12
3199.7
2971.47
2951.93
2887.92
2991.48
3123.61
2880.79
2986.36
3010.37
3017.2
3063.4
2951.23
3094.57
3029.88
2750.21
3025.19
3103.78
3032.94
2968.58
2974.26
3048.9
3065.95
3107.83
2870.48
2839.39
3015.04
2908.8
3168.61
3058.06
3117.79
3114.44
3058.34
2885.57
2975.19
2981.21
2858.57
3057.72
2964.5
2979.92
3014.93
2779.11
3066.12
3213.18
2994.13
3040.95
2972.21
2721.39
2932.07
3193.24
3060.38
2986.72
2915.43
2989.8
3128.71
2906.84
3092.25
2943.12
2940.02
2974.37
2981.11
3046.86
3059.76
3195.22
3023.22
3039.22
3017.29
2984.94
3128.84
3225.28
3013.4
3109.83
3035.19
3189.12
2802.54
3013.06
2964.13
3037.96
2925.77
2726.4
2908.21
3061.09
2941.57
3183.06
3022.28
3121.3
3148.07
3122.33
2766.68
3095.82
2890.18
3011.84
3104.18
3036.08
3031.54
2927.43
2943.62
2902.83
3100.09
2640.63
2876.84
3188.99
3175.99
3194.02
3067.08
2903.3
3072.73
2889.61
3037.08
2960.36
3051.02
2873.87
3162.74
2916.17
2938.75
2876.18
3025.75
3110.95
2965.4
2876.02
2911.43
2986.05
3013.78
2939.68
2994.34
3172.05
3294.45
3013.42
3190.57
2965.84
3179.74
2981.62
3105.72
2898.36
2856.27
3079.85
3159.57
3073.33
2791.97
2910.22
2937.82
2935.96
2769.6
2933.37
3123.8
2958.58
2903.56
2863.05
3085.21
3036.27
2921.61
3142.8
3027.45
3021.97
3196.98
3044.93
3116.2
2981.8
2861.15
3047.14
2981.9
2981.24
3034.91
2917.74
2957.23
3167.67
3057.07
3070.03
3051.88
3051.94
3181.68
2904.04
2759.32
2832.88
3198.18
2887.87
3176.09
2991.17
3119.72
2867.25
3157.63
2874.17
3230.08
2947.55
2876.57
3010.56
3157.02
2990.11
2889.78
2993.62
2918.69
3074.82
3015.48
3211.12
3071.5
3159.28
2860.42
2963.44
2914.46
2992.54
2810.93
3209.59
3062.65
3091.14
2837.47
3025.21
3077.58
3064.3
2844.9
2764.17
3069.18
2957.8
2862.34
2870.2
3001.15
2877.47
3114.1
3107.94
3146.97
2945.6
2934.79
3021.62
2906.24
3010.44
3036.91
2913.66
3066.86
3070.27
3135.78
2918.88
3053.79
3113.38
2880.82
3021.59
3039.54
2955.21
2874.2
3008.23
2797.54
3137.21
2980.39
3073.77
3015.72
2918.21
3119.5
3249.46
3054.64
3027.54
3094.29
3095.79
3046.52
2998.62
2965.6
3032.56
3158
2969.88
3141.64
3071.48
2948.53
2887.29
2841.38
3103.77
2920.31
2915.55
2887.91
2909.95
3009.77
3070.28
2875.95
3042.44
2992.79
3069.2
3053.27
2915.33
2983.34
2960.2
3057.71
2958.16
2852.24
2943.26
3031.17
2951.53
2835.25
2952.74
3072.66
2831.06
3139.93
2937.96
2822.02
3051.24
3018.97
2830.4
3126.98
2979.76
3032.52
2959.15
2965.26
3096.17
2997.47
2904.35
3034.63
2803.22
2831.53
3020.75
2970.85
2920.43
3129.99
3072.96
2846.77
2785.71
2905.85
2803.77
3016.51
2812.01
2982.52
2780.3
3211.33
2902.52
2898.96
3222.3
3015.25
2979.49
3047.28
2834.72
3086.44
3023.86
2816
2717.84
2874.85
3085.04
3068.1
3140.81
2964.57
2946.86
3203.93
3056.56
3050.24
2926.55
3012.23
3107.04
2931.91
2965.11
3119.03
3105.71
3087.2
2923.82
3110.98
3000.39
2793.79
3006.78
3102.01
3098.28
2875.7
3139.23
2983.04
3036.58
3071.1
2966.5
2905.06
2903.35
2958.85
3094.19
3048.32
2953.18
2804.58
3031.76
3044.46
2871.31
3125.89
2962.89
3104.11
3116.17
3021.24
2887.39
3030.73
2979.37
2986.28
2804.99
2985.55
3017.99
3085.36
3013.49
3158.57
3063.94
2934.63
2883.82
3187.82
3149.36
3106.61
3098.47
2888.05
2866.02
2876.91
2988.76
3052.61
2966.94
3094.1
2920.73
2956.29
2840.82
3045.52
3000.91
2888.44
3143.39
3149.04
2890.8
2905.91
3048.85
3212.76
2939.03
3088.18
3012.62
2974.48
2843.19
2945.5
2979.11
2855.73
2953.59
3101.22
3075.48
2777.38
3062.09
3123.66
3138.92
3186.1
3083.91
2976.42
3040.84
3351.51
3062.8
3022.82
2949.38
3086.43
2981.83
3126.09
2887.67
2908.26
2756.57
2898.89
3190.69
3007.19
2957.13
3089.6
3023.2
2828.09
2882.97
3048.68
3088.97
2900.98
2956.11
2921.97
3077.2
2990.74
3133.8
2891.54
3087.99
3091.73
3032.07
2941.39
3112.6
2983.3
3199.12
2964.31
3124.5
2988.41
3051.74
3115.78
3008.02
3140.22
2990.79
3127.01
3121.71
3196.04
2849.74
3036.14
3109.04
2917.23
3022.91
2928.64
2882.85
2931.49
2961.73
3134.54
2948.89
2898.87
2971.19
2998.7
2858.24
2959.03
3015.31
2948.85
2715.49
3029.54
2935.65
3142.61
2971.91
2995.87
3032.26
3234.74
2811.04
2929.53
3043.73
3075.19
2829.25
2998.55
3099.13
3068.14
3018.47
3057.53
2947.88
3118.12
3170.06
2925.27
2933.48
3156.13
3043.52
2961.18
2840.43
3039.44
3173.84
3052.12
2990.56
2959.91
2862.24
3168.1
3120.23
3220.88
3016.88
2844.99
2917.43
3095.4
3028.2
3362.25
3003.39
3075.24
3134.73
2899.13
2855.14
3045.2
3039.9
3055.98
3136.95
3137.5
3009.15
2712.68
2921.27
2978.6
3073.36
3082.66
2809.47
3033.6
3094.43
2919.54
2849.14
2833.08
2837.59
2946.89
3030.34
3029.68
3082.59
2797.45
2821.32
2903.74
3084.62
2854.42
3348.23
2993.77
3003.78
3205.11
2998.85
3192.51
3080.14
3079.3
3006.08
3052.98
2902.75
3051.34
3057.4
2886.82
3184.5
2889.1
3044.94
2877.11
3002.23
3011.36
3212.99
3274.59
3084.16
2984.87
2981.1
2963.45
2974.7
3021.62
3032.31
3004.31
3195.82
3281.06
3000.02
2877.67
2951.87
3167.2
2998.15
3082.3
2989.95
3000.05
3118.1
2980.29
3115.48
2897.88
3004.39
3151.24
3013.28
2828.1
3050.35
2948.73
3026.73
2934.92
3081.3
2903.03
3010.93
3136.55
3226.79
2808.18
3042.25
2998.54
3023.28
3276.88
3062.91
2975.55
3116.02
3066.61
2927.24
2934.34
3082.2
3052.1
2929.55
3138.56
2778.77
2929.53
2918.35
2993.64
2907.84
2871.89
2818.1
3134.7
3020.98
3088.72
3065.08
2794.99
2859.08
2992.54
2986.93
3098.4
3003.33
3142.38
3090.1
2881.57
3169.71
3091.13
2955.62
3124.81
3040.88
3120.52
3095.29
2866.85
2787.57
3045.67
3091.48
2965.53
2945.38
2938.43
3039.6
2927.38
2994.09
2917.97
3005.88
3284.03
3139.24
2861.83
3230.1
3059.04
3017.01
2832.97
3068.44
2946.19
2975.49
2913.57
2961.29
3082.21
3065.54
3106.63
3010.81
3112.1
3026.04
2881.01
2903.6
2984.95
2859.53
2999.49
3216.48
2957.33
2981.06
2840.78
2975.08
3237.73
3013.7
2924.9
3005.76
2984.73
2877.62
3019.4
3031.12
2920.8
3060.63
3021.39
2959.6
2869.74
3138.11
3026.1
2980.29
3038.46
2899.39
3023.27
2971.16
3081.82
2948.4
2911.67
3160.19
3108.48
2915.67
3169.63
3097.1
2846.59
2981.57
2885.15
3031.38
3053.69
3065.9
2958.28
2923.37
2933.72
2782.6
3038.22
3003.06
3119.84
2836.05
3106.25
3098.04
3226.74
2853.35
2987.3
2906.73
3086.92
3031.74
3000.52
2741.19
3069.31
2935.74
2997.35
3045.17
2929.21
2934.32
3113.04
3079.11
2970.83
3008.53
2921.74
2864.53
2979.56
2969.29
3061.82
2943.05
3001.12
2765.63
2981.3
2816.46
2797.39
3132.86
2901
2826.98
2941.82
3011.54
3025.17
3045.61
3054.95
2924.76
3088.79
3035.4
2878.4
2848.62
2941.8
2994.68
2990.98
3072.49
2946.46
3107.62
3048.93
2982.5
2993.64
3006.49
2957.21
3107.53
2929.74
2947.4
2775.46
3049.88
2934.35
3204.62
2821.92
2818.75
3173.87
3115.98
2858.83
2886.38
2930.86
2954.97
3010.93
3067.54
3012.33
2772.54
3087.14
2985.75
3164.24
3032.92
3298.53
2940.27
2953.82
3050.16
3032.88
2870.05
2772.42
3201.91
2993.41
2809.41
3092.21
3083.21
2882.99
3005.96
3086.01
3203.43
2996.91
2989.5
2983.53
3049.17
2951.29
3008.22
2903.49
2851.63
3066.56
2944.97
3050.22
2965.62
2785.69
3025.36
2986.31
3004.35
2847.66
3000.07
2890.32
3113.94
3024.72
3018.77
2850.72
2761.8
3166.98
2942.18
3148.48
2970.75
2964.51
3096.18
2885.96
3143.05
3094.09
2982.77
2882.87
3030.44
3019.09
2935.17
2962.92
3086.79
2994.04
3107.09
2950.61
3209.76
2955.9
2988.58
3053.15
3066.91
2884.4
2894.04
3005.6
2890.76
2935.45
2892.12
2991.8
2952.03
2796.97
3148.77
3028.16
2902.26
2906.19
3011.21
3201.14
3200.09
3025.95
3169
2952.88
3141.13
3141
3070.16
3040.64
2894.07
2961.3
2915.41
3135.21
2976.79
3030.6
2944.47
3177.38
3164.46
2967.42
2949.67
2811.32
3110.95
3147.97
3148
2958.71
3124.37
3213.99
2961
3253.98
2898.06
2907.9
3077.08
3070.96
3003.65
2818.22
3185.09
3276.15
3004.6
2698.2
3144.62
3108.53
2832.67
3039.12
2932.35
3066.13
3066.02
3248.03
2914.82
2976.29
3109.08
3066.6
2876.14
3124.44
2972.9
2950.34
3010.92
2928.5
2898.41
3096.83
2976.1
2810.86
2943.47
2812.4
3057.31
3067.3
2798.26
2889.48
2891.51
3172.72
2988.06
3115.02
2951.46
3081.72
2989.68
2977
2903.09
2899.88
2932.16
3115.62
3121.06
2960.29
2756.03
3049.76
3218.27
2843.14
2940.22
2998.67
3078.15
3059.52
2925.18
3025.99
2656.23
2958.54
2857.91
2974.24
3052.45
3000.28
3141.02
2979.31
3016.98
2975.36
3053.06
3060.82
2855.66
2920.38
2949.15
2874.67
3099.25
3229.28
2983.84
2993.96
2996.82
3040.74
2823.43
2962.1
2918.5
2896.4
3126.64
2992.07
2865.12
2993.52
2993.72
2834.79
2943.59
3096.96
3171.02
2930.31
2690.28
3006.92
2977.1
3048.65
2885.76
3202.59
2976.29
2987.64
3079.6
3111.65
3120.83
2955.95
3059.31
2764.2
3023.48
2925.7
2893.01
3140.68
2896.84
2825.42
3098.44
3062.15
3033.06
3235.65
3060.07
2871.54
3106.11
3186.54
2977.69
3013.91
3090.38
2928.47
2964.17
2858.01
2948.02
2878.67
2824.92
3028.06
2977.88
3242.32
3086.44
2969.74
3062.72
2780.84
2875.02
3101.3
2854.27
3111.35
3134.16
2773.93
2973.03
3214.81
2941.95
3019.95
3121.45
3211.4
2943.96
3135.2
2862.7
2969.5
2889.8
3019.47
3389.61
3056.6
2994.76
2802.08
3004.77
2900.77
2946.72
3077.1
3120.77
3038.07
3287.37
3009.47
3307.65
3052.2
2995.17
3182.11
3124.39
3127.29
2889.84
2988.13
2959.69
2800.49
2872.94
3082.24
2855.03
2979.82
3070.09
2960.83
2870.45
2936.35
2748.17
2949.33
2971.93
3003.46
3079.7
3033.98
2955.18
3204
2965.27
2971.63
2938.8
2928.91
2942.46
3169.24
3107.61
2795.03
2977.58
2981.22
2905.42
3010.01
3018.93
2887.76
3116.28
3074.49
2802.6
3053.83
3052.43
2873.8
3132.43
2995.14
2970.31
3075.93
2929.65
3040.73
3162.48
3146
2856.38
3026.59
3159.08
2779.46
2983.24
3135.21
2856.35
2971.2
2736.65
2900.72
3132.66
3023.19
3194.83
2975.06
2996.79
2965.8
3177.36
3085.42
3072.34
2821.45
2879.5
2963.14
2970.85
3112.18
3097.24
3132.09
3129.43
2751.35
3040.08
2801.19
2971.41
2974.21
3085.1
3057.13
3017.09
3075.96
2967.81
2963.8
2992.45
3066.66
2841.87
3080.97
3157.72
2977.54
3132.61
3008
3077.92
2802.85
2981.83
3146.81
3060.28
2973.24
2874.28
3006.41
3174.75
2844.41
2909.61
3019.22
2799.64
3174.4
3191.66
3030.66
3021.19
2977.85
3034.56
2731.2
2956.32
3057.5
2849.81
3143.85
3139.72
3048.78
3113.3
2985.31
3000.69
3042.61
3082.1
3087.88
3005.41
2948.88
2702.65
2866.85
2879.4
2959.92
3040.23
2843.18
3033.7
3052.72
3020.18
2920.79
2986.98
2962.66
3049.38
2925.88
2803.29
2833.38
3211.26
2868.7
2937.09
2862.56
3095.23
3035.75
3194.66
2914.66
2907.06
3081.1
3026.86
3034.59
2957.53
3042.85
2974.45
2898.38
3230.15
2928.82
2984.54
3171.44
3173.69
2845.2
2925.62
3269.7
3053.2
3088.17
3122.9
2934.7
2993.48
2907.63
2949.11
2997.06
3042.68
3122.44
3109.3
2806.99
3111.54
3074.64
2873.5
3041.75
3185.72
3051.2
3328.6
2977.19
2932.61
2972.06
2972.37
2863.44
2762.78
3046.24
3056.22
2903.98
3007.53
3100.05
2863.76
2934.27
3219.87
3171.73
2915.61
2957.04
2980.3
3114.5
2969.48
3287.36
3087.34
3069.43
3147.82
2959.17
2950.47
2983.47
2957.57
3010.85
3052.5
2935.9
2947.03
2995.52
2825.15
2944.13
3062.81
2878.64
2980.33
3104.63
3191.17
3061.95
3136.34
2943.79
2803.09
2953.42
3001.51
3189.11
3063.02
3050.94
2862.28
3042.35
2889.61
3170.09
2993.85
3077.25
3072.71
3065.67
3085.86
3032.01
2938.75
3074.91
2955.41
2936.03
2986.9
3179.25
2920.88
2964.47
2990.93
2857.11
2968.4
2884.86
3114.22
2967.28
3196.87
2915.84
3109.09
2984
2893.11
3010.21
2895.54
3119.9
3145.09
2931.83
2959.15
2951.52
2964.23
3076.72
3043.37
3003.03
2972.01
2910.25
2883.51
3019.49
3011.5
2924.82
2976.53
3128.07
2977.01
2946.54
2839.46
2963.76
2978.64
3010.18
2956.85
2795.83
3024.68
2955.49
2978.16
2807.77
2869.91
3191.8
2973.68
2911.81
3097.46
3157.1
2930.24
3020.97
2816.46
3048.32
3066.22
3161.42
2866.87
3147.16
3029.11
3060.83
2922.71
3298.54
3158.51
2915.16
2815.43
3187.3
3066.08
2979.11
2889.06
2820.58
2955.86
3163.07
2867.55
3164.43
2937.54
2922.86
3268.73
2842.29
3052.5
3145.85
2821.57
3036.59
3057.73
2800.73
2892.59
2999.89
3004.62
2962.11
2984.84
3132.52
2902.26
3121.43
2919.17
3050.28
2965.67
3000.03
3038.26
2836.5
2864.84
2971.97
2796.31
2913.74
3150.49
3086.63
2951.87
2792.79
3188.95
3182.74
2947.04
2919.16
2925.63
2972.94
3074.44
3004.02
2820.8
3106.38
2872.33
2959.22
3047.53
3218.17
3042.51
2855.26
2874.37
3136.4
2969.01
2943.33
2995.16
3225.13
2930.39
3120.9
2833.26
3022.11
2853.78
2908.64
3053.37
2939.55
2909.57
3216.97
3001.62
3092.19
3220.57
3227.02
2931.82
2970.63
3137.8
2982.63
2803.25
3107.02
2975.92
2910.8
2930.58
2961.11
3037.11
3176.42
2913.13
2951.75
2997.31
3143.92
2790.72
3067.52
3145.89
2927.01
3144.17
3049.13
2958.77
2972.73
2866.03
2928.23
3028.4
2843.93
3149.15
3014.69
2994.12
3067.83
2791.07
2972.17
3093.74
2875.76
3022.52
2781.94
2964.78
2913.22
2925.28
3077.59
3375.44
2977.62
3113.44
3160.59
2988.45
3145.81
2955.38
3023.08
2886.8
3227.03
3066.83
2872.66
3082.58
2988.69
3005.22
3138.71
2998.57
3231.32
2754.91
2970.56
2984.4
2875.21
3102.87
3091.64
3114.24
3140.02
2976.21
3083.1
2970.25
2831.52
2941.08
2897.91
2908.14
3019.95
2926.01
2982.07
3063.3
2894.19
2850.7
3203.32
2958.01
2895.74
3078.93
2994.54
3012.65
3104.57
3112.21
3094.67
3187.51
2805.51
2967.98
3274.53
3099.06
2869.65
2838.55
3068.98
3099.91
3091.71
3019.61
2861.16
2875.28
3013.93
2915.55
2999.37
2942.49
3065.46
3023.83
2744.43
2991.53
3007.34
3024.21
3006.42
3011.37
3118.78
3295.85
3068.78
2649.05
2945.32
3089.63
2967.21
2866.23
2933.61
2998.46
2992.41
2915.26
3026.98
3101.49
3000.1
2993.04
2991.32
2841.86
2972.55
3181.26
3018.63
3266.69
3082.31
2919.01
2937.77
3055.07
2958.58
3082.63
3046.54
3052.69
2955.17
2778.22
2938.01
3221.2
2964.54
2960.84
2684.04
2925.05
2868.44
2890.1
3006.04
3166.15
3000.41
3237.08
3067.76
3115.63
3053.87
2994.89
2900.36
3236.65
3027.02
3085.73
3052.06
2790.86
3008.56
2952.74
2978.22
3032.29
3159.72
3072.51
3047.44
3094.57
3039.32
2778.11
2988.25
3011.69
3020.29
3046.67
3152.53
3030.49
2827.76
3008.54
3153.49
2925.56
3103.09
3168.07
3106.06
2996.79
3029.59
2918.36
3088.55
2864.8
2929.9
3033.86
2966.75
2913.77
2753.72
3022.68
2993.78
2988.46
3002.61
2983.77
2892.79
2990.8
2856.11
2914.63
3253.05
3139.31
3038.41
3179.04
2846.36
2955.4
2968
3097.42
2919.08
3118.04
2959.92
2841.91
3119.86
2970.45
3040.6
2881.8
3179.63
3040.93
2959.14
2966.09
3102.56
3168.19
2885.37
2939.7
2940.68
3055.88
2701.8
2944.61
2964.52
3056.54
3043.2
3077.05
2902.27
3040.31
2875.05
2829.14
3041.95
2787.04
3004.38
2965.86
2991.37
3066.35
3011.76
3093.3
3006.07
2890.14
3133.78
2932.31
3036.76
2912.06
2916.56
3053.74
3041.79
2911.93
2909.56
2904.36
3100.51
3201.33
3004.53
3065.14
2883.76
2884.71
2958.48
3098.35
2975.35
2888.19
3045.71
2824.44
3029.57
2903.81
2960.69
2971.89
3149.21
2669.4
2984.78
3015.12
2876.51
2945.46
2853.46
2953.18
3025.86
3198.99
3133.66
3001.56
2907.69
2989.21
3092.18
2915.39
2968.04
2990.02
3087.33
3143.38
2914.15
2851.99
2881.07
2977.83
2704.3
3033.63
3080.96
2867.77
2995
2932.96
3032.44
3036.71
2930.42
2847.6
3191.57
3140.73
2881.54
3041.58
3092.59
2953.88
2819.1
3060.63
3015.16
2910.23
3010.74
3131.56
3008.38
2794.58
2991.59
3019.43
2945.52
2871.62
2866.64
2853.11
2934.5
2875.92
2990.93
2961.33
2719.34
3136.97
3006.62
3029.88
2937.3
3133.98
3033.06
2960.09
3021.66
3221.21
2708.35
2922.4
2983.33
2722.81
2940.47
3032.71
3075.04
3034.73
2984.58
2894.45
2807.49
2983.79
2952.32
3075.09
2944.82
3137.66
2949.71
3060.42
2920.77
2859.72
2750.89
2933.23
3070.4
3112.8
3168.81
3097.85
3029.41
3042.29
3037.07
3241.68
2890.34
2752.74
3004.75
2937.09
2996.33
3132.82
3063.91
2741.48
2911.65
3139.1
2983.45
2957.56
2997.31
3041.84
3238.07
2919.27
3064.58
3055.34
2906.53
2667.39
3148.7
2873.28
2932.92
3009.64
2930.76
3126.42
2931.42
2859.77
3172.35
3022.41
3003.17
2906.88
2886.83
3028.56
3102.36
3082.81
3048.88
2936.86
2916.54
3040.04
2907.07
2941.72
3039.97
3201.4
2918.82
3027.03
3037.09
2992.64
2831.92
2858.39
3181.41
2998.72
3093.87
3037.07
3047.49
3150.03
3090.28
3046.29
3185.24
3021.19
2980.99
2970.3
3167.17
2941.72
2757.29
3318.07
2970.82
3145.73
2771.6
2983.39
3065.71
3127
3036.11
3128.41
2913.25
2979.06
3018.38
3004.64
3144.52
2873.88
2936.9
2970.44
3050.98
3284.05
3064.57
3020.99
3031.41
3166.75
3175.06
3028.89
2870.13
2948.27
2994.07
3036.02
2863.72
3225.22
2948
3102.32
3042.98
3051.56
2924.21
3086.75
2941.78
3018.17
2991.78
2952.32
