95.0795
105.46
114.497
102.269
119.908
137.427
150.967
143.52
123.525
97.3383
86.8626
120.775
89.5019
90.3162
116.664
102.07
100.402
97.4704
97.456
139.949
99.2522
119.214
147.003
119.345
88.8961
88.6744
136.715
102.612
111.17
92.2306
115.262
115.217
146.81
115.76
136.989
108.423
129.417
100.412
165.391
98.8289
114.422
137.669
130.986
120.302
124.648
115.554
90.1301
140.997
91.8155
102.518
121.427
114.372
78.1931
111.926
102.442
91.4401
109.604
118.293
121.76
87.1734
112.156
136.21
137.745
101.747
113.641
105.361
90.5363
128.196
137.142
121.993
97.2556
128.239
103.367
125.367
111.537
137.677
74.9067
119.552
112.358
98.898
112.135
133.998
116.8
103.928
107.423
73.9363
119.506
129.981
150.698
108.036
128.254
99.7213
135.361
109.011
121.146
150.918
119.966
115.41
110.849
89.443
101.406
127.36
115.854
102.545
86.7822
115.506
77.6572
118.55
110.706
116.547
118.033
113.791
103.945
99.8961
102.684
129.877
107.592
115.208
91.4513
118.94
135.196
103.107
104.504
109.944
122.783
108.475
111.696
122.645
92.9724
91.4125
129.842
98.0231
83.4836
136.822
91.5757
118.847
128.698
126.434
113.568
113.428
137.007
115.413
130.154
84.1204
110.939
121.321
143.249
107.299
104.09
131.969
103.61
116.267
123.024
102.369
100.784
143.508
96.3251
102.795
112.038
104.793
129.154
101.779
148.423
120.144
111.173
111.234
110.794
124.416
105.593
141.218
107.399
95.5652
88.6941
113.326
116.782
104.242
146.434
106.473
116.116
105.556
149.511
104.901
110.79
131.869
93.2949
112.573
134.721
114.575
102.754
90.2518
112.182
130.379
127.841
97.6949
130.798
135.875
116.318
120.631
122.83
102.787
93.5092
106.147
103.728
112.73
111.761
87.0601
114.744
125.329
132.197
126.397
120.062
116.666
115.793
106.231
112.66
117.915
111.899
137.378
127.588
91.5631
100.868
89.1896
101.105
132.079
77.7846
110.629
101.517
114.481
124.355
115.153
115.698
139.901
96.4749
95.0572
91.8891
100.921
97.5883
83.4956
94.4541
124.145
113.655
63.4043
109.275
121.544
102.118
130.497
139.677
104.063
120.665
127.6
139.645
75.8835
151.37
108.307
110.04
122.564
102.86
93.0001
97.5353
118.813
117.658
103.517
102.126
128.33
123.381
135.629
118.215
122.764
111.543
107.159
147.815
151.053
112.835
98.0815
111.299
102.113
123.251
83.0485
117.31
100.543
146.486
88.5179
141.669
97.2754
91.8465
150.118
117.595
132.219
110.498
103.988
103.152
132.19
96.5939
108.196
122.885
120.404
107.646
118.1
102.52
83.6175
115.716
135.974
152.279
75.6462
127.188
72.0499
125.159
100.477
135.247
126.477
93.8647
98.4219
125.562
109.287
118.624
103.345
123.442
95.1518
118.672
103.855
138.408
90.9338
122.118
111.115
113.42
107.164
114.051
83.6296
125.283
91.8669
112.849
111.699
99.1418
117.969
162.198
111.783
111.685
115.529
115.156
99.4622
103.116
127.931
102.908
114.861
100.721
108.68
157.196
93.3937
99.2477
118.587
144.94
107.611
120.068
101.612
121.518
130.72
123.806
102.841
107.729
97.8929
101.583
112.024
118.064
124.001
104.323
107.233
102.571
114.913
118.782
96.9661
106.245
125.077
124.534
110.842
112.002
116.566
120.421
118.042
101.255
102.2
111.524
125.002
121.739
111.147
93.2759
131.399
122.309
111.683
94.7834
85.457
91.8737
98.9772
113.559
125.983
98.7627
117.366
108.235
99.1475
132.183
133.122
103.071
97.802
108.633
73.5619
82.9513
75.641
113.19
129.272
119.793
97.3833
104.481
100.166
96.8706
87.8994
94.0094
79.9221
118.082
96.9649
102.314
105.288
123.95
116.29
91.4269
122.812
144.906
104.02
100.969
118.511
97.0483
124.846
135.826
127.945
120.217
102.977
116.137
118.406
104.156
97.776
105.391
93.5374
111.804
106.421
131.024
114.162
142.549
106.975
112.991
94.1554
125.623
106.004
123.101
126.012
127.356
116.569
118.323
105.614
93.0358
110.28
127.51
103.529
125.782
91.0168
118.511
134.101
103.833
124.832
132.239
80.4606
143.103
104.729
126.79
109.26
150.701
112.754
114.778
104.166
110.745
90.1404
102.386
96.0002
102.89
126.474
106.302
112.07
113.32
134.006
89.2841
116.579
98.6203
156.819
93.4352
127.497
119.666
118.772
124.221
121.866
122.618
102.793
142.166
128.047
131.285
128.633
103.381
108.432
145.277
115.39
146.611
113.342
97.4053
101.768
108.74
95.4932
117.963
135.031
115.645
93.0264
100.518
127.044
89.22
129.533
106.679
92.5678
88.7499
127.801
128.148
105.227
88.1351
121.547
106.474
99.3597
125.252
99.9559
103.592
87.2586
119.712
98.3313
131.629
108.06
126.524
118.178
106.728
109.981
121.363
92.0453
102.304
119.3
130.199
85.0044
104.817
107.337
162.534
115.34
130.381
127.711
109.569
85.6097
113.848
112.237
135.198
135.416
118.465
114.504
117.12
120.758
118.374
165.186
120.974
126.727
120.411
116.982
123.633
100.611
91.3437
138.215
95.136
137.959
122.917
128.556
120.888
93.4896
122.615
109.308
131.732
131.376
126.142
106.421
121.424
121.024
127.729
90.3222
88.1846
106.948
87.6616
87.6354
107.186
130.05
89.0843
132.703
151.948
101.98
110.018
116.308
132.513
116.999
102.815
88.188
94.8324
130.739
90.079
117.058
128.37
84.5232
122.42
107.607
93.8371
117.947
94.1533
134.077
103.327
119.675
108.164
136.547
109.14
120.481
123.671
133.316
119.542
121.455
101.803
108.531
126.413
114.199
144.99
137.838
122.153
100.876
118.77
120.409
115.377
102.627
103.668
111.712
85.0884
136.276
108.996
123.979
104.99
116.229
114.433
131.737
104.514
96.8162
102.788
98.9288
131.21
120.744
120.312
100.374
96.4153
137.827
108.97
108.441
115.776
118.824
110.565
99.7651
119.081
91.2177
136.17
104.622
98.8998
118.487
100.981
104.299
126.955
121.719
100.07
122.08
100.948
125.046
78.749
105.723
138.815
105.404
135.95
102.917
120.108
113.535
103.501
95.4787
118.349
118.2
102.657
140.828
100.262
119.222
106.225
126.492
112.258
102.111
103.359
117.609
92.8057
120.564
106.616
99.9781
117.612
115.327
134.538
119.93
99.8478
141.208
101.859
96.1786
94.7367
144.404
102.79
122.582
135.795
107.401
82.0598
89.6875
130.951
98.2786
113.514
96.9941
101.996
96.8665
118.001
112.256
116.108
107.761
132.733
112.26
113.118
120.337
119.767
100.347
126.688
134.17
127.41
119.334
151.081
129.652
112.348
112.012
113.614
91.0974
101.659
110.427
110.518
105.046
128.311
102.657
103.376
128.468
93.0314
105.972
97.7192
106.814
112.898
126.007
157.139
113.089
144.282
88.1863
98.3887
133.244
103.398
120.736
111.825
106.918
109.901
102.83
138.128
114.726
135.769
97.4807
110.452
92.4633
139.641
111.075
90.5354
133.133
118.649
111.5
84.5116
126.359
143.089
129.29
137.084
120.691
126.032
123.38
101.707
102.593
112.321
130.413
114.651
119.258
117.916
111.102
111.766
136.535
143.827
135.597
127.124
115.064
91.0593
103.476
123.585
115.905
126.353
103.889
119.659
120.905
107.877
125.244
117.105
117.512
103.58
117.016
97.4373
111.318
122.018
77.0451
127.305
91.5992
107.672
123.377
135.883
136.828
123.862
107.464
98.7109
124.91
100.992
107.794
71.7843
91.5624
114.231
92.2967
107.254
129.224
113.502
127.457
95.6895
93.5229
104.385
109.663
119.498
90.7255
94.5648
72.9855
128.589
111.218
118.688
135.336
84.7693
119.113
131.566
108.935
111.728
136.136
127.42
114.439
114.373
153.096
112.529
134.121
111.656
96.9331
119.68
93.5414
118.254
107.163
134.037
130.48
79.6039
121.983
111.982
85.7738
121.634
144.567
124.186
126.169
111.069
137.697
116.829
131.423
121.825
116.774
106.419
126.114
122.128
102.063
122.658
114.88
136.388
99.7109
103.47
96.4118
93.2489
114.688
91.9023
113.426
135.859
96.1909
128.303
100.689
88.1768
133.014
95.2805
97.4742
117.35
105.329
129.793
116.594
117.895
108.193
111.11
116.842
107.718
125.065
111.655
90.9839
115.145
111.569
123.192
149.043
110.592
95.518
120.056
111.93
136.636
101.4
113.853
140.751
116.548
97.2636
106.022
102.272
103.786
111.809
115.682
105.979
102.714
87.3575
74.8537
97.1485
117.866
110.321
131.594
97.4372
108.96
100.232
92.3358
125.515
122.926
128.477
130.16
109.489
109.339
117.007
118.25
109.828
95.1985
115.836
124.793
97.5388
114.684
117.818
115.092
121.926
117.95
81.5824
127.987
87.8516
82.0599
129.508
117.747
94.6921
127.034
108.984
112.601
117.335
133.79
107.966
124.25
110.229
134.785
107.692
133.028
116.27
126.545
119.315
142.155
138.284
113.888
108.738
110.722
109.801
139.047
106.125
106.39
120.817
100.588
121.26
107.619
105.086
130.95
117.622
135.272
96.7803
93.757
123.928
97.5532
97.0921
112.636
97.0992
122.322
139.118
99.4634
111.226
108.929
95.6029
91.6056
130.839
112.876
102.279
89.4755
104.816
95.161
131.898
120.085
97.5596
98.1554
121.629
123.322
150.575
94.4628
95.7717
137.205
86.6054
132.14
109.716
90.7177
134.741
134.268
105.872
111.266
101.977
128.697
82.6069
154.625
108.045
99.5879
107.467
102.634
124.723
116.535
112.426
123.472
94.203
124.769
127.2
123.284
73.0593
113.306
127.808
98.4486
109.91
99.8852
149.965
103.424
109.208
128.014
117.853
105.626
133.244
99.9499
103.258
100.951
92.4197
108.579
71.252
112.414
115.074
126.468
124.677
100.825
108.484
132.472
128.033
136.904
140.429
131.505
110.163
91.7394
96.6732
138.389
121.667
89.3492
109.317
142.432
132.123
117.559
99.9025
124.48
98.627
118.069
116.531
132.95
114.222
97.1396
112.067
113.364
130.099
86.2745
128.438
94.1315
78.404
142.845
100.94
107.655
99.5963
121.41
92.539
108.763
110.168
128.452
98.6063
94.2431
121.155
115.612
115.525
146.793
128.501
131.61
106.583
112.185
114.696
130.535
116.367
115.655
117.37
94.3205
116.303
89.6079
108.038
128.009
116.342
110.817
109.75
88.6191
119.591
90.3557
136.424
121.999
112.187
110.389
101.598
171.086
100.971
90.9491
133.901
124.731
151.324
105.043
111.699
120.511
131.883
137.082
100.845
96.7656
126.539
91.844
102.612
118.801
94.2825
114.571
113.287
128.998
118.913
108.835
109.461
101.751
136.166
120.847
134.06
122.661
112.429
126.514
111.31
119.71
128.889
112.751
124.591
124.401
111.99
91.1671
135.43
142.899
134.125
140.265
116.278
121.977
104.832
120.969
79.1421
125.84
82.9013
110.39
109.345
113.997
138.136
142.693
104.068
118.809
108.596
103.429
96.0003
111.76
91.5422
107.371
132.651
114.324
108.708
124.181
99.4896
104.902
95.2456
139.84
134.854
92.4794
104.701
112.084
110.23
141.29
83.2478
140.833
121.319
117.962
74.4993
137.81
108.75
100.982
120.426
117.158
95.9736
99.4081
150.738
121.648
155.288
111.58
88.7264
119.853
105.04
96.5697
98.9503
104.973
152.272
118.869
113.079
116.002
105.768
124.4
105.827
118.836
114.617
126.193
114.56
109.013
91.0536
128.159
119.052
99.9519
88.9571
117.974
81.9911
116.946
110.734
92.9512
96.5718
141.092
115.675
114.66
110.389
121.234
99.2981
131.532
96.3479
104.974
127.181
111.251
158.972
128.119
123.329
86.1519
108.601
126.177
94.9178
104.007
113.72
126.953
113.909
111.139
161.827
104.432
107.06
108.685
115.823
154.045
113.953
154.145
124.936
121.587
115.967
103.013
117.138
107.83
142.865
110.493
142.782
97.2236
103.788
126.76
124.728
122.758
121.993
103.281
109.394
87.6657
97.1713
88.0059
114.895
114.371
125.292
121.766
100.103
99.658
113.958
114.943
130.737
118.41
123.175
96.9096
115.001
138.728
87.473
110.885
111.216
96.155
104.139
130.056
104.983
115.352
91.7615
112.504
115.622
117.07
89.9797
91.053
83.9049
101.244
112.626
103.347
135.377
88.8117
88.4938
114.905
143.296
119.148
97.8495
146.786
104.179
97.7716
121.637
108.058
116.521
96.9968
119.767
92.1517
122.604
105.356
117.652
141.94
120.675
83.5778
104.501
111.034
84.1638
122.195
123.563
95.2409
96.9153
140.382
91.2322
109.301
139.918
154.771
94.3361
108.118
124.436
87.493
125.365
137.177
125.453
109.349
120.736
87.0718
111.72
117.031
108.028
110.615
77.6644
124.582
160.291
92.7918
88.3032
104.318
113.285
108.309
87.4007
130.302
97.0988
90.9652
91.2396
90.3106
99.2405
137.662
125.679
132.574
109.339
124.691
117.315
96.0233
125.45
131.747
92.8821
135.572
121.296
100.405
105.603
93.8923
105.183
74.864
131.029
96.4521
116.158
116.05
148.093
119.434
148.74
140.655
114.24
109.182
106.266
109.753
107.886
112.28
87.5185
105.522
107.302
135.177
116.772
89.7223
123.493
127.694
122.504
102.342
95.2724
109.41
132.495
152.362
96.8505
91.3837
122.539
131.039
129.749
100.255
131.936
132.014
129.004
112.406
138.285
107.511
98.8224
107.895
122.324
125.883
93.1057
134.72
134.151
105.248
116.586
101.626
93.9712
114.008
133.41
135.423
111.022
101.628
95.7358
121.828
138.631
126.607
133.594
118.376
101.537
132.542
125.343
137.119
125.314
124.677
123
131.465
126.198
103.08
119.171
88.5104
124.623
115.685
95.3002
101.242
98.5919
100.529
89.4165
108.898
93.0538
115.894
102.07
109.945
101.561
125.843
105.127
94.8106
133.234
135.268
114.37
118.146
96.3895
106.798
138.751
113.726
118.173
112.49
91.4342
118.99
110.562
127.621
110.57
127.87
133.911
138.563
126.721
104.996
119.478
114.769
121.993
94.0853
106.792
106.684
89.0057
113.563
111.22
121.014
104.267
91.5086
95.1096
99.276
128.41
116.147
117.012
90.6865
110.598
126.952
103.943
114.606
111.906
122.462
120.228
115.724
120.306
85.782
151.624
114.993
114.242
113.183
137.119
127.166
117.786
86.5952
118.212
137.611
77.8806
100.928
85.6076
105.317
113.053
108.453
120.293
107.763
123.667
107.067
124.905
106.008
133.054
83.6751
118.108
154.113
122.784
117.723
155.398
98.1956
110.927
101.523
128.978
129.966
143.289
98.5795
110.53
116.757
119.379
135.925
86.5665
101.301
121.31
111.247
100.242
110.971
129.957
131.501
137.246
114.937
99.5219
108.721
85.4997
105.853
96.7136
86.6836
101.761
117.459
144.4
99.071
128.364
97.7822
103.679
110.431
152.659
109.913
121.049
118.679
124.153
122.108
123.577
125.386
129.307
91.6118
119.496
122.806
125.83
137.646
116.762
96.1654
146.224
137.098
102.77
118.17
134.725
153.829
119.64
98.3336
71.2061
104.05
113.615
109.335
117.398
133.317
94.7397
85.6364
155.356
111.468
104.303
86.9809
120.15
111.91
130.372
113.488
160.802
135.744
98.9251
138.5
118.829
116.072
112.891
114.134
116.802
104.771
130.041
104.275
76.5888
82.7034
136.204
119.57
120.676
122.65
113.757
133.704
138.627
90.4542
82.5451
101.488
108.884
154.276
123.628
117.084
113.662
145.131
118.983
102.656
117.337
126.375
114.49
125.127
125.841
103.537
90.5661
105.298
117.804
124.304
123.811
94.9819
119.466
100.929
89.479
128.909
98.8931
116.425
103.224
114.786
106.114
115.395
101.632
97.6357
94.9976
84.0928
125.307
101.356
101.615
90.4865
114.132
156.323
110.484
95.485
129.201
117.704
133.34
119.72
131.025
106.453
127.245
116.993
145.043
109.927
107.211
97.27
107.205
143.951
137.227
105.671
78.0364
98.6981
148.575
95.705
115.667
103.572
108.966
95.6284
109.431
115.014
93.849
120.643
122.71
102.224
121.518
102.403
94.6201
79.5679
89.2322
100.579
129.826
132.412
110.111
128.108
96.2193
98.5606
85.7618
128.26
135.619
118.342
135.315
150.81
113.74
90.9153
94.8552
120.025
94.2403
127.205
97.0834
107.83
119.893
98.4017
165.106
85.2865
104.62
129.56
107.872
120.413
107.695
108.158
113.62
100.744
109.216
104.531
106.695
131.934
114.614
110.833
115.802
112.096
130.346
120.739
123.203
140.379
97.6798
109.777
106.664
109.912
97.1119
123.242
103.922
112.486
125.268
115.629
114.021
100.524
102.179
97.4453
115.179
113.817
144.365
128.343
136.51
102.178
96.2959
112.024
138.549
104.167
105.234
117.145
84.0162
125.971
108.38
97.8643
128.001
99.3794
92.8269
97.6039
112.679
100.837
80.475
92.0487
122.695
125.954
123.426
120.042
80.0834
96.9919
101.666
146.372
125.056
110.123
130.107
132.215
102.282
119.3
109.499
125.703
88.8168
105.404
109.853
139.365
114.951
107.458
128.194
126.114
101.451
125.446
92.419
112.83
109.538
94.7236
133.37
104.041
118.18
102.484
131.461
99.235
102.58
110.623
153.094
129.087
106.642
134.705
100.576
139.665
143.073
92.8282
88.1274
114.208
105.023
114.887
155.412
106.089
125.032
116.484
129.498
110.131
101.818
116.661
117.342
111.351
103.928
93.025
122.856
134.843
126.896
105.222
100.452
151.356
113.048
108.659
125.616
172.076
111.784
117.872
101.443
119.704
112.415
93.7704
108.371
102.948
110.209
106.26
107.911
144.195
111.586
117.626
89.8002
132.529
125.488
126.745
116.957
93.9059
110.088
120.364
128.503
107.308
112.587
131.515
116.942
127.514
103.598
90.359
90.825
111.308
121.273
102.247
125.116
122.269
117.087
98.4892
75.1213
95.2034
103.123
77.7077
96.8563
109.481
117.231
121.191
128.648
134.63
97.3931
117.781
142.005
124.214
93.6593
98.9032
117.842
109.07
131.583
120.981
116.233
101.826
103.525
141.389
106.772
110.031
130.676
105.917
95.155
113.42
98.3736
107.909
148.817
143.558
136.12
105.719
97.2491
107.933
107.088
108.36
101.631
111.244
95.979
129.599
120.188
119.255
105.912
110.734
123.368
113.579
133.689
97.2481
88.7518
112.868
120.266
131.787
127.613
107.411
102.099
131.828
136.359
108.018
112.145
127.218
88.5823
101.295
122.754
84.7986
119.116
150.6
152.576
127.44
84.858
106.059
95.7325
111.881
127.127
113.606
96.4283
119.784
143.981
108.334
93.8741
107.605
123.264
131.812
123.9
133.552
116.746
105.416
87.7353
110.245
116.571
121.378
109.583
111.8
122.692
134.146
113.346
116.607
101.82
128.178
87.3783
122.26
90.2474
130.73
98.9943
121.518
94.948
118.621
99.9961
92.4686
115.442
112.671
127.373
110.515
119.709
101.897
122.134
124.818
119.85
128.912
113.041
82.8525
103.067
110.741
82.2878
132.228
115.896
97.4656
123.217
151.135
177.002
122.705
119.752
99.4043
120.967
140.894
101.904
96.0637
94.4302
86.4487
99.6408
120.319
129.946
103.336
109.879
99.0949
100.021
109.873
77.8291
99.2406
126.206
100.333
144.309
111.514
115.824
117.024
117.302
95.4441
116.943
108.535
141.338
107.617
102.673
115.073
88.9196
116.171
89.5873
82.7937
115.642
162.817
93.4036
115.425
143.284
100.573
136.094
94.7752
125.594
119.143
87.3488
125.86
113.067
119.89
137.885
119.234
108.657
132.794
113.16
112.419
121.912
114.823
113.63
111.905
112.085
121.125
107.167
98.5611
125.955
123.04
131.829
98.1601
106.633
133.67
103.631
118.574
102.254
119.227
114.039
102.293
124.745
141.021
97.1482
125.382
99.4189
97.9173
127.749
107.554
112.834
97.9885
138.746
105.64
111.976
117.316
101.132
128.912
120.082
112.337
115.977
80.9864
117.573
120.402
114.926
117.99
113.226
109.512
82.9266
108.683
83.9204
105.322
94.0993
110.833
103.836
135.08
86.4206
120.813
141.089
124.656
106.437
98.0028
136.469
132.964
124.636
108.379
135.473
121.519
97.1444
100.653
138.273
109.711
106.416
93.7653
105.103
124.052
80.8809
105.688
107.905
104.78
91.4524
137.556
109.065
110.837
129.646
121.468
119.399
111.982
125.354
114.722
96.4252
103.757
118.366
109.189
99.4253
131.439
124.891
108.516
111.695
108.076
125.095
99.7304
98.1133
103.569
111.386
98.2631
128.329
90.9115
137.998
115.894
119.905
121.318
102.663
99.0366
107.046
112.087
100.883
135.469
98.441
92.7046
87.6817
104.658
102.561
133.801
121.783
122.67
128.052
100.429
104.729
105.93
135.744
93.4628
85.4474
116.046
88.6371
100.907
103.07
111.596
127.028
114.346
133.537
106.818
127.617
107.666
117.43
98.0875
108.846
132.237
104.349
165.115
120.609
108.102
106.805
106.997
116.259
126.858
112.337
79.3816
144.852
115.577
98.9391
110.021
143.211
122.62
100.606
95.3556
83.963
102.558
129.61
106.596
101.177
114.613
87.1618
112.457
148.826
99.9318
127.078
103.55
112.876
87.9267
97.4694
115.322
119.838
125.121
109.366
117.92
119.288
111.33
88.1013
105.092
89.6469
102.706
91.6249
133.008
133.416
124.042
141.541
122.852
136.065
119.143
118.008
100.61
101.607
125.755
79.0726
131.557
134.568
103.667
103.215
136.274
115.654
122.111
118.647
69.7144
100.678
116.391
141.137
99.1845
137.776
130.336
112.424
128.133
107.46
103.881
111.388
101.129
150.015
144.727
169.765
117.031
111.76
131.483
142.991
107.654
118.319
121.565
122.463
118.002
115.414
144.027
85.4757
95.4604
111.507
133.552
105.532
78.5056
125.527
102.616
126.305
117.325
93.2201
96.6968
88.0474
112.59
130.536
97.7938
123.291
98.7071
107.737
106.227
102.096
120.324
99.6621
99.4723
98.3265
108.277
119.346
119.646
91.3774
123.345
127.639
108.763
123.965
97.9241
86.9062
84.9901
91.537
120.397
137.134
109.475
138.975
84.265
98.1297
120.766
106.388
104.965
127.241
99.1017
135.112
116.681
119.829
139.991
124.008
122.387
93.9649
128.93
108.453
141.973
109.246
112.319
100.138
135.353
102.251
101.695
105.374
118.791
93.8093
126.453
104.54
130.505
108.792
132.313
128.813
112.25
120.832
143.134
99.9265
131.635
134.751
146.548
128.636
111.308
88.3801
146.811
104.441
120.264
145.374
99.1898
94.8631
137.556
120.423
90.8306
148.249
134.124
94.6352
128.949
103.484
110.766
107.216
136.534
95.8137
103.017
90.1993
109.552
91.8282
103.575
103.371
159.24
122.287
135.767
149.023
96.4662
86.3558
120.419
111.18
113.691
119.377
106.224
111.028
136.362
131.421
96.4908
96.5815
120.154
118.622
93.831
120.252
116.253
127.365
99.0576
148.076
108.246
99.5056
94.7354
121.683
117.315
118.406
118.94
112.892
116.839
122.816
94.1078
120.489
99.3569
126.065
110.518
117.004
132.488
86.0206
124.909
109.551
125.419
88.7421
126.613
87.5628
114.988
123.373
100.504
130.169
92.5098
123.21
119.641
109.17
87.4326
131.19
85.4125
112.334
101.28
130.494
104.968
115.925
112.261
128.736
114.487
100.87
127.674
73.0819
118.902
100.601
119.486
113.566
100.441
93.5978
93.2326
103.018
138.668
130.764
114.99
124.04
123.455
100.537
113.905
119.369
117.614
107.04
117.935
117.886
140.177
125.291
108.638
97.0716
107.846
115.21
128.657
97.3858
86.9732
140.414
158.141
96.6713
71.6491
121.279
117.004
113.236
74.9389
82.9516
128.047
128.633
95.5056
104.217
121.989
135.835
131.447
106.862
96.7228
103.652
109.899
103.13
121.462
142.633
122.489
119.725
116.154
97.3184
131.249
127.414
109.219
116.713
106.557
112.401
106.047
98.2426
133.257
143.655
117.824
112.536
99.7255
137.882
125.467
156.774
127.576
115.806
121.473
94.4669
101.192
105.678
99.1788
92.2316
109.193
130.296
123.708
100.435
117.803
100.357
118.665
146.393
124.061
105.632
98.8945
117.123
115.628
135.726
108.815
119.293
100.099
117.942
94.6977
117.244
122.55
97.8355
107.008
105.463
126.192
93.4262
116.358
115.357
96.033
113.001
112.751
81.6665
107.661
117.736
129.414
135.12
110.324
110.342
147.095
137.585
105.166
127.181
112.105
111.4
123.545
128.177
126.586
138.481
92.1675
118.331
100.535
80.2893
128.905
121.456
96.236
108.145
133.309
110.181
128.002
109.792
110.163
138.145
103.932
133.887
128.76
118.8
117.096
112.766
116.746
105.119
92.0541
87.102
110.356
160.547
117.385
114.77
114.835
97.2244
111.264
108.444
128.133
107.327
90.8367
102.761
95.1102
131.798
114.525
153.557
92.5975
128.957
119.394
109.478
133.113
118.265
127.829
120.092
126.218
106.023
117.4
95.0001
93.51
98.8097
112.457
128.711
127.575
109.215
97.525
143.922
93.5191
73.1591
130.59
112.67
98.9234
132.411
117.317
123.53
150.842
105.997
133.306
116.924
138.352
118.895
121.294
129.9
89.47
102.101
114.356
119.403
90.3418
124.373
134.729
113.564
143.392
113.729
130.454
111.456
97.7165
104.512
126.129
107.233
120.266
131.939
120.391
101.073
115.352
118.195
138.561
116.999
110.963
139.271
119.584
107.581
127.097
129.807
106.701
121.078
88.7947
136.072
115.579
152.933
120.081
124.971
121.359
98.6962
118.783
68.9441
118.546
107.947
111.223
106.935
114.828
134.777
134.675
117.246
126.359
96.2614
114.287
98.7778
90.268
136.952
111.267
124.469
107.998
110.389
95.1948
110.586
78.4414
147.892
105.149
139.939
136.247
117.891
121.981
93.1504
128.755
109.917
114.506
134.802
116.109
148.384
125.439
135.202
90.7332
85.5184
117.197
132.074
116.4
96.3181
117.293
129.662
133.659
103.898
121.779
86.7619
83.8049
127.752
110.394
122.18
92.5939
121.887
121.076
134.11
105.322
109.432
85.3364
92.2578
172.251
127.392
141.789
119.079
125.931
88.3582
101.924
139.292
111.721
164.78
109.675
109.316
111.535
142.692
107.483
106.361
114.382
111.02
133.948
113.904
108.944
99.5146
106.806
138.011
116.505
101.213
111.869
131.967
112.814
110.841
132.255
115.747
142.469
99.6167
156.821
90.0335
132.519
124.877
120.038
139.64
127.998
110.895
95.1385
95.0273
114.344
137.647
120.113
151.714
113.916
111.162
127.586
107.007
108.24
107.954
127.856
109.577
122.683
122.084
103.606
110.975
123.066
136.807
102.923
119.946
117.249
127.252
124.133
102.531
128.225
103.222
106.313
119.787
150.62
116.932
87.742
142.668
76.5505
93.0077
119.461
133.787
90.0336
118.191
122.256
121.768
100.69
108.584
107.258
115.268
116.639
92.1905
142.857
108.464
101.896
106.167
88.5659
151.054
118.037
111.861
100.324
124.287
126.048
122.713
115.961
120.949
114.018
104.59
105.625
140.254
118.574
109.221
119.064
120.777
101.651
116.008
118.985
104.02
72.9072
130.275
119.201
127.308
107.146
115.497
109.895
98.4474
78.946
113.32
110.032
107.179
126.882
160.329
114.67
129.881
100.838
111.481
66.6039
97.3938
101.985
112.134
123.879
129.577
85.4296
92.6611
105.894
125.495
109.518
123.953
98.304
130.391
127.315
132.045
126.731
100.058
111.647
107.804
89.4122
119.356
98.9897
108.257
117.689
131.701
105.701
112.325
101.627
138.565
112.626
126.865
101.324
104.091
89.6777
112.59
100.516
146.648
95.8703
102.301
116.704
114.55
93.7782
102.901
110.18
122.055
105.226
113.949
90.6431
108.519
122.603
97.25
115.035
119.631
120.216
103.328
111.063
95.9082
99.1942
149.677
113.715
95.5531
112.266
102.482
132.06
115.569
105.635
132.541
109.6
140.045
136.473
123.859
137.952
120.081
99.893
112
123.557
133.438
130.697
98.3732
114.597
101.726
114.076
109.117
112.679
112.551
97.681
95.0199
113.745
109.237
122.947
107.741
94.4192
108.442
108.914
81.2255
103.53
126.708
97.2963
117.495
118.591
151.011
131.714
136.024
110.321
100.655
116.912
134.65
128.524
121.354
111.364
124.878
124.076
121.224
114.782
91.4158
114.636
124.202
117.746
97.889
125.428
128.36
122.195
152.866
137.053
95.5736
130.712
113.902
94.7615
119.81
115.745
85.9968
107.575
101.237
103.817
115.264
132.086
102.013
95.3448
100.113
117.91
131.6
112.423
117.049
128.544
101.549
99.7524
115.442
101.05
107.715
142.594
89.428
118.167
134.789
106.672
118.358
151.356
100.135
114.804
116.621
113.962
117.729
124.941
120.657
111.195
102.85
125.232
123.191
90.2264
120.878
123.335
115.734
114.774
107.499
84.9979
94.729
102.222
103.977
131.508
107.722
122.853
96.0954
126.077
119.392
103.364
117.032
90.8221
126.065
113.619
116.948
98.8301
109.1
107.691
106.487
85.5352
111.114
111.116
137.367
128.899
133.397
119.243
128.449
111.758
120.875
115.116
106.598
142.529
115.024
92.3768
112.27
114.991
138.752
95.755
110.572
108.212
144.526
116.048
110.817
97.3764
104.997
110.084
89.2651
98.1959
104.636
125.687
114.506
110.228
127.044
79.1521
124.429
121.814
99.8586
106.479
109.122
89.7158
95.7824
93.1604
128.705
102.579
117.678
117.805
123.488
114.778
106.823
100.68
133.047
112.028
119.374
155.391
121.614
109.952
104.648
114.462
107.625
91.4004
116.781
105.633
144.828
93.1054
120.343
105.542
126.01
112.133
131.916
142.494
102.135
85.2436
101.257
115.957
96.1681
99.4025
99.3892
111.178
103.166
118.179
107.353
133.925
109.747
152.18
99.1512
119.371
95.8618
132.463
99.6882
111.153
126.297
130.287
106.781
109.516
125.029
108.062
115.01
99.6148
112.941
106.052
145.961
117.323
108.831
93.3329
115.218
111.08
101.219
104.163
86.1528
104.199
126.522
102.255
111.383
96.0746
102.85
95.8614
93.1712
135.526
99.0218
116.945
122.872
83.1088
109.515
102.093
100.355
95.7876
126.906
111.839
89.8292
126.957
95.7385
124.385
113.515
107.078
117.006
122.835
157.483
110.975
102.057
107.944
95.6302
101.833
99.2231
124.762
115.147
132.139
114.284
140.261
125.926
117.807
129.696
107.69
105.415
131.246
132.978
109.22
106.259
102.78
110.303
101.292
109.406
98.3522
109.718
145.865
99.6423
101.485
118.622
125.874
144.506
110.965
133.592
139.952
130.615
109.703
102.748
113.588
85.8864
134.916
115.276
107.598
114.889
101.542
82.3665
135.754
109.595
108.556
112.453
126.578
106.605
100.374
111.308
100.181
110.572
153.603
127.37
96.3358
123.653
128.482
96.1105
112.587
125.532
120.519
84.4974
130.578
105.651
101.357
121.398
106.586
124.101
126.693
116.065
117.856
134.66
142.515
116.262
120.854
108.511
110.951
130.383
122.612
107.947
142.427
119.42
131.86
91.8906
117.823
99.089
115.456
105.13
101.344
132.359
69.0233
122.309
105.318
89.2395
121.293
121.378
103.837
125.55
115.042
112.996
125.698
113.843
107.785
92.4619
135.297
89.2795
98.0173
124.879
116.843
106.676
107.881
88.7349
150.76
119.042
113.514
97.8593
107.349
158.62
89.0114
131.263
124.102
105.856
118.698
131.326
127.423
116.266
112.836
138.376
75.5257
103.395
123.859
117.205
104.267
106.84
105.636
117.071
110.042
123.633
120.813
105.182
95.3694
88.3813
139.881
100.88
116.268
109.676
119.793
113.353
135.112
147.334
99.4317
130.845
103.251
106.528
114.62
97.7783
98.2168
117.534
149.003
122.941
136.787
119.139
110.44
127.569
89.8849
110.151
151.504
139.694
119.335
107.644
87.2105
103.629
113.239
108.324
99.6059
125.303
95.7926
93.2369
94.9784
109.361
114.836
115.426
102.327
106.398
110.981
125.774
141.501
106.399
106.844
102.581
96.1858
124.167
122.99
98.6441
93.8052
125.045
97.7834
126.089
92.6453
112.799
114.16
98.0022
102.202
102.941
102.616
123.283
95.1485
135.082
110.153
101.45
77.0558
106.204
128.942
118.163
89.2711
114.427
100.587
103.455
113.411
125.807
110.144
119.389
90.1518
113.412
107.752
119.625
112.63
100.572
107.84
90.5283
120.7
92.2792
118.051
137.448
98.5128
133.363
103.963
117.941
131.417
103.92
99.965
103.472
99.6436
105.636
117.613
106.367
129.97
95.8095
94.5866
124.479
123.495
130.337
128.42
111.967
83.0625
129.958
120.094
126.24
128.228
95.4219
121.264
87.474
90.307
119.913
108.754
130.962
122.415
103.265
120.236
115.196
118.14
122.855
127.393
115.993
118.872
126.603
113.549
124.394
107.775
122.774
139.84
111.451
112.903
136.705
109.461
136.918
100.353
123.394
123.798
123.382
82.4225
113.053
132.496
121.313
108.09
105.256
82.108
139.253
104.42
127.594
115.622
133.946
113.299
141.102
115.942
113.552
114.309
104.966
115.889
139.621
105.69
122.047
95.7833
110.406
121.288
112.348
126.199
101.616
165.127
118.326
103.569
102.096
136.813
107.435
120.297
132.215
118.368
93.8768
103.975
116.911
108.936
92.1658
119.381
145.575
132.54
114.046
89.8419
114.756
126.517
111.223
132.231
124.224
103.463
107.497
120.262
94.6329
103.845
117.705
124.265
83.8428
118.186
110.629
103.305
94.5634
106.86
134.152
119.697
108.724
111.671
94.8558
100.559
116.915
115.86
114.408
110.999
83.2049
126.572
109.435
112.13
90.7064
124.555
135.627
95.7232
86.1861
105.945
124.081
107.319
101.367
135.314
99.4104
111.189
110.252
137.476
113.903
113.719
146.709
119.025
106.877
105.684
106.923
95.9736
135.855
119.429
106.541
149.46
108.891
117.176
123.5
120.752
138.912
103.256
135.025
151.306
112.241
122.029
93.2612
107.804
93.4218
96.6092
136.884
118.915
112.132
120.444
127.478
96.6246
112.521
114.318
103.599
125.462
94.1452
125.717
128.753
110.999
154.768
144.048
123.521
119.719
138.053
103.565
146.966
107.555
125.722
92.116
115.161
115.486
107.245
84.4476
97.9949
131.394
111.2
105.376
116.84
97.1749
133.786
85.4823
118.395
104.802
118.342
135.902
138.692
97.6609
111.646
116.153
97.4714
113.78
127.669
100.347
132.08
115.138
124.522
117.561
115.395
108.245
110.157
109.014
108.208
96.9006
126.585
116.159
101.127
116.391
129.703
110.017
119.012
111.312
118.212
106.049
116.365
120.697
96.6435
97.8032
132.266
94.1215
91.8559
116.4
96.3568
119.295
101.274
95.9016
107.946
132.39
98.2753
105.725
128.688
129.213
118.414
84.9021
136.984
110.882
88.0033
125.348
93.256
111.834
107.741
110.095
122.955
112.251
113.019
110.826
134.38
115.529
125.139
131.539
109.632
129.496
109.049
115.19
107.864
92.0939
132.263
125.485
136.393
118.616
115.456
125.321
120.167
106.477
118.073
106.458
110.913
96.4402
133.55
143.954
147.11
93.5433
96.4782
117.129
85.7241
95.7934
101.419
96.6781
120.109
126.497
129.422
100.963
125.842
117.746
96.1785
91.4789
120.4
110.998
98.2421
147.141
111.283
131.575
110.98
144.405
112.785
101.081
135.847
144.746
123.883
120.671
102.717
124.3
115.781
125.368
108.32
107.736
117.198
105.884
103.356
103.905
123.154
118.843
116.459
98.523
130.275
108.769
108.388
99.8635
102.366
111.398
121.397
117.042
117.322
110.502
112.902
103.519
135.632
110.022
105.889
103.078
117.009
115.26
112.523
144.087
122.847
82.3086
104.784
127.809
126.073
122.663
110.216
102.574
121.995
113.955
112.721
110.723
103.032
109.401
125.333
101.695
114.79
106.57
116.114
130.318
72.8295
104.176
120.106
131.551
145.492
120.952
131.177
135.344
87.474
114.341
110.867
92.1761
109.233
74.9833
108.785
106.375
121.777
124.695
117.658
94.1324
85.9703
118.783
107.378
120.931
137.416
134.278
113.106
105.879
126.297
157.912
101.616
96.9274
104.253
85.2735
110.034
102.374
131.398
118.315
116.648
104.503
124.574
124.904
146.224
99.1894
122.551
111.111
114.859
121.432
97.899
115.04
82.851
122.518
140.874
101.143
98.3878
91.9869
116.968
95.4262
87.9411
127.984
103.158
93.2132
104.122
102.409
129.659
138.848
102.505
102.6
132.89
80.7989
101.633
84.8066
136.664
111.104
124.481
101.754
118.282
90.2816
123.024
83.3158
130.149
103.54
110.729
96.9691
87.744
90.8341
134.208
88.2434
109.081
131.967
114.345
126.704
113.795
107.723
92.8326
120.725
120.301
116.276
140.507
96.5786
117.24
124.133
120.65
92.6634
112.427
106.928
100.043
133.756
130.14
104.539
94.0624
120.67
108.258
99.3716
110.195
127.306
108.415
97.2051
124.246
128.611
108.373
125.322
132.483
125.749
118.628
107.52
116.654
103.872
101.143
99.6153
102.381
113.082
116.722
79.1385
126.379
121.92
93.1183
130.012
130.874
119.505
120.077
135.218
144.295
96.1386
115.243
123.389
138.951
127.401
121.491
113.633
120.369
85.5361
115.543
92.4856
137.948
125.23
98.581
102.106
122.867
109.475
144.024
113.913
85.7223
128.562
115.405
101.639
134.56
141.569
118.27
108.703
133.991
103.253
131.02
118.473
129.051
101.683
117.664
97.6923
108.954
108.779
98.1605
93.471
126.245
111.223
129.08
109.169
104.769
135.986
108.999
114.043
99.2567
88.0732
100.713
111.698
136.227
130.972
104.78
131.087
91.4568
138.165
102.305
105.969
127.635
114.438
131.653
119.494
118.175
150.981
115.08
127.631
108.384
115.948
130.332
74.2845
119.359
100.424
101.752
119.953
150.836
102.397
111.42
115.634
135.989
131.314
105.987
125.213
101.377
94.5059
134.112
110.032
130.843
95.5763
114.984
84.3944
116.065
106.644
115.285
147.104
125.101
123.925
140.005
118.906
118.934
131.75
119.046
95.3994
123.038
130.155
139.811
128.982
140.026
86.7393
104.051
100.879
106.747
126.161
105.652
121.932
122.893
121.432
111.051
97.3724
101.23
122.226
137.788
100.822
138.07
128.231
96.9804
121.799
108.611
149.137
107.154
98.6016
88.5358
117.259
113.407
112.256
139.127
101.173
103.384
120.45
144.88
117.215
115.903
105.729
122.078
128.318
67.0033
122.964
119.229
140.22
117.079
124.923
120.593
110.537
121.489
125.1
101.674
84.1207
141.294
113.579
115.535
88.4046
99.4642
142.147
100.356
119.687
133.203
96.8024
89.4581
106.309
147.726
119.6
136.339
105.621
115.905
78.69
106.67
70.7594
121.723
95.6342
124.98
117.32
122.128
139.163
106.201
108.193
89.7345
140.468
138.059
170.777
131.062
105.966
108.634
124.913
146.853
113.468
144.702
127.659
132.093
120.126
93.9799
123.03
106.399
117.953
117.462
151.921
141.941
109.094
136.728
120.432
111.263
109.299
123.321
136.289
103.924
97.5551
99.5422
103.779
130.863
128.59
110.886
117.491
121.242
162.955
105.683
133.448
114.341
103.288
143.103
106.387
115.998
80.4203
116.251
138.185
114.442
104.597
110.014
94.4547
113.323
107.254
102.604
97.5616
141.257
106.313
130.095
98.5249
115.882
105.099
135.805
115.87
116.103
124.563
130.832
128.103
97.9532
140.442
117.688
131.462
111.097
98.2377
114.73
110.545
100.81
107.887
105.144
128.486
100.322
99.0086
136.932
111.476
108.439
139.336
107.137
118.003
110.602
105.933
109.328
104.029
110.423
124.83
119.707
89.7412
110.84
90.2455
138.207
146.965
105.567
103.497
101.23
101.126
97.5479
110.276
120.171
85.3077
103.085
84.5482
147.221
104.005
105.563
119.089
118.308
93.4103
110.428
130.711
138.172
120.943
114.066
123.445
116.703
88.7495
98.8526
124.823
94.2116
106.596
114.53
97.9147
119.985
125.265
100.338
78.8455
106.969
101.92
95.1758
133.92
84.1863
130.395
79.9468
110.334
137.395
109.757
102.651
99.1678
107.206
139.831
98.2668
127.756
113.203
105.056
115.155
113.976
103.745
101.109
141.614
138.228
94.3817
87.3911
121.865
127.435
112.829
120.459
120.624
110.136
138.855
99.2667
113.526
123.539
124.581
110.737
104.294
109.568
101.026
108.971
148.334
124.591
116.109
108.871
109.304
101.33
86.9041
88.5733
126.756
124.782
110.252
106.799
134.536
132.821
116.224
124.605
127.159
113.22
139.149
93.8172
116.519
144.511
136.091
136.28
111.478
132.07
101.861
88.8826
120.729
106.008
100.723
107.58
117.505
110.621
114.538
135.879
96.1539
105.339
135.24
106.387
110.531
86.147
100.237
111.369
115.896
93.7742
123.701
118.454
92.0219
87.3863
116.092
134.481
144.383
112.578
107.68
114.897
99.6216
118.701
118.354
109.312
114.606
103.864
102.931
89.6227
102.007
137.666
103.651
121.345
108.896
109.044
104.721
132.207
107.457
101.81
108.95
125.67
161.127
90.5132
95.0848
145.75
114.704
111.308
145.011
101.471
110.181
127.684
100.793
148.482
82.8338
126.284
119.408
129.588
116.387
94.2925
111.555
136.294
85.0257
149.854
97.8121
104.21
128.394
95.858
87.765
103.861
132.541
133.64
145.137
87.4098
105.102
84.7153
116.345
111.805
104.188
123.327
128.93
115.559
114.737
121.002
101.29
99.7091
122.321
130.049
113.69
123.549
102.754
88.2016
100.99
102.176
98.0408
127.974
109.504
113.326
110.659
91.9227
106.821
85.6873
110.679
132.954
124.915
125.881
130.454
121.513
113.64
121.125
114.021
128.119
115.108
113.629
95.9743
122.279
120.544
99.2502
120.784
99.2101
98.4282
126.509
97.2652
88.2785
115.903
111.064
112.05
101.531
105.942
121.966
98.8398
118.915
111.257
116.294
79.9
101.922
110.442
92.9203
112.31
132.394
136.742
105.365
120.453
109.87
113.093
106.272
104.698
119.583
123.471
126.421
112.462
86.768
103.025
90.6474
137.747
104.174
119.184
116.13
113.147
136.454
116.777
136.015
105.287
104.776
119.97
132.677
102.755
112.265
101.113
115.921
92.6668
104.843
116.664
119.539
117.013
120.574
110.05
98.5969
97.1553
117.086
122.932
107.932
121.864
91.7783
92.2478
110.008
111.938
143.995
120.989
128.503
122.802
128.34
120.079
95.0671
134.214
129.853
92.1207
102.927
122.99
123.184
116.757
123.68
99.9778
120.607
125.653
104.324
116.554
118.927
121.588
124.578
128.226
118.697
118.422
128.129
121.267
137.962
109.406
124.819
116.212
151.412
107.953
114.343
88.1917
114.623
88.3952
117.121
132.238
99.3297
88.1035
144.446
94.0999
87.9423
104.927
117.834
127.237
136.713
128.866
119.693
105.848
114.593
113.616
110.583
91.7378
104.731
104.606
121.205
115.383
129.924
93.628
152.616
137.772
118.982
112.793
96.303
87.2289
96.5308
114.022
105.443
109.679
127.733
104.752
118.334
149.792
133.132
108.914
115.435
110.296
110.9
119.161
142.967
143.325
106.387
100.805
112.547
126.501
82.4686
125.456
120.909
134.399
152.152
113.453
99.7901
103.183
127.781
112.124
103.081
100.282
134.703
127.163
91.5603
154.33
92.5365
107.863
122.912
124.314
95.0535
127.187
112.789
111.957
96.8315
116.606
96.4031
118.168
105.195
86.0459
98.718
105.539
87.6407
118.224
117.861
143.257
100.807
103.749
124.535
133.066
114.254
106.834
100.485
118.298
121.511
99.4204
142.129
149.878
120.285
100.236
133.258
115.805
105.884
121.283
122.058
90.9607
102.312
91.8508
109.085
101.698
101.16
119.021
127.747
112.437
114.828
109.978
106.252
84.3906
111.35
117.696
101.634
134.772
131.202
128.247
115.394
108.517
122.409
115.531
118.169
114.148
121.87
121.34
111.493
121.897
104.242
130.34
114.075
89.7187
103.676
113.597
127.568
103.27
128.972
124.253
122.563
130.908
113.213
116.809
110.212
118.745
122.681
111.5
133.409
120.617
87.5671
123.624
118.71
129.435
81.8838
127.567
111.72
96.207
92.2142
139.541
134.577
128.416
119.484
94.1613
116.192
107.545
119.853
100.886
123.394
113.961
112.004
126.8
120.67
129.672
90.0758
105.155
101.503
129.627
88.9996
79.406
103.168
120.728
103.833
131.641
115.172
118.885
114.834
104.702
115.309
84.6055
114.322
113.919
91.9507
108.746
109.672
119.44
131.389
139.289
129.967
92.8639
103.587
117.652
123.441
121.529
93.3682
119.525
112.503
101.883
95.5004
144.861
118.838
160.314
110.755
126.34
89.8769
105.638
100.341
111.939
131.855
117.776
104.248
124.714
108.898
115.658
131.304
105.492
122.357
123.027
126.655
111.37
112.531
87.1617
118.736
85.1467
91.0471
112.832
104.977
90.1012
141.288
119.406
114.319
101.978
113.629
110.702
121.61
99.3477
130.81
94.1697
95.6208
119.491
109.969
136.844
112.51
118.877
115.296
137.339
103.925
119.002
111.312
115.876
131.876
131.916
94.018
85.0045
115.074
105.956
112.169
99.3924
104.74
99.751
72.4202
116.483
129.848
94.7902
130.762
85.835
107.097
104.86
127.407
99.8653
115.29
141.144
106.449
118.842
107.217
128.788
70.5723
121.144
101.275
95.092
118.663
114.516
101.625
116.686
133.689
120.485
122.279
85.1817
98.2493
107.326
134.237
98.461
81.6172
129.425
118.432
127.451
104.922
104.154
138.815
91.0908
124.99
123.021
107.795
115.055
104.579
90.1978
115.812
124.688
115.2
64.4305
84.7612
119.428
106.506
88.6969
118.792
130.853
112.545
103.893
108.801
100.645
107.826
105.532
110.033
111.41
108.581
146.823
124.378
113.115
108.818
89.4169
87.2082
101.374
107.117
119.322
146.857
130.303
118.288
119.029
93.8153
109.429
97.9256
124.505
115.398
97.0539
138.241
100.555
115.677
164.572
101.017
107.822
128.387
104.592
135.262
110.704
115.841
91.7789
116.403
103.874
93.7215
84.1545
92.8841
123.381
97.4894
121.881
114.874
112.828
128.923
103.645
104.673
100.012
130.434
96.2171
129.854
113.159
118.602
81.6653
127.989
101.342
85.5264
115.778
102.921
148.187
124.811
146.331
116.002
78.6644
114.449
119.878
107.657
99.4427
98.5784
113.157
127.84
83.8918
128.202
136.22
98.706
119.117
87.8747
136.402
133.163
95.9849
117.537
107.027
128.404
109.006
125.435
121.96
97.6636
102.443
115.997
97.6443
108.086
139.053
115.614
118.182
139.709
74.7327
124.016
102.855
136.128
77.1788
104.183
105.182
97.0369
114.217
120.837
127.431
106.29
148.54
105.605
104.984
113.898
105.586
103.438
131.297
125.868
114.232
123.542
130.255
126.371
116.01
127.486
120.401
103.64
120.56
96.1075
126.875
110.165
118.878
116.459
121.708
114.548
109.103
109.971
130.183
130.371
115.153
132.33
116.082
104.41
98.2487
114.031
89.711
107.577
110.865
80.9662
105.939
119.518
107.279
129.533
87.2216
126.743
108.291
114.255
113.743
92.7459
105.908
97.6957
99.5842
134.541
94.6425
83.3281
116.567
100.876
127.731
103.007
115.186
111.017
112.335
119.883
132.664
100.543
93.4836
121.989
130.264
132.846
122.179
129.466
139.907
79.5166
120.178
99.5473
128.288
99.0769
98.2753
74.9024
142.818
84.7927
133.142
114.479
120.484
112.408
81.6989
123.763
125.428
92.2542
107.082
133.351
104.438
103.62
128.654
83.7391
140.843
129.008
119.203
141.388
94.4644
108.14
79.2311
127.152
103.887
100.442
126.715
113.116
123.179
108.493
138.782
143.657
144.618
147.271
92.4798
103.758
96.569
130.485
110.303
117.829
95.3414
90.7353
124.502
100.73
114.307
93.1807
100.888
112.248
106.765
108.879
120.897
128.549
112.478
106.958
123.609
108.515
106.008
113.159
131.167
114.871
109.913
131.234
121.453
118.13
97.5635
100.386
120.242
104.937
107.415
116.158
143.857
107.703
107.477
123.983
115.326
119.991
151.369
140.87
99.5651
126.818
140.928
108.824
99.4798
89.182
98.8373
109.381
116.411
110.867
128.067
122.012
82.9717
103.616
117.99
126.726
85.8283
93.5839
123.521
124.489
103.153
100.114
128.628
118.62
119.232
124.02
116.629
154.303
109.385
135.993
103.984
109.275
148.331
107.309
96.4448
126.009
104.796
125.229
128.882
112.816
86.9081
109.076
101.964
110.098
105.221
111.602
134.883
123.691
123.069
71.8897
97.1497
134.555
99.7268
89.21
100.316
108.091
138.885
105.03
117.453
111.201
119.525
99.7846
101.017
117.014
94.8529
99.237
139.439
117.767
110.457
133.522
134.682
117.472
111.025
93.6508
90.7438
93.9784
105.695
88.4219
118.328
110.896
115.866
116.312
85.2652
110.075
119.617
103.373
103.511
114.539
118.342
118.838
101.44
124.968
127.037
118.42
126.802
83.7045
84.0543
155.71
105.44
106.176
151.418
115.494
117.861
122.359
87.1113
110.931
121.882
109.163
108.972
114.889
140.479
139.449
110.066
126.417
124.51
88.8315
129.322
120.681
109.65
117.903
88.3191
94.3569
97.2538
88.026
99.8994
100.714
104.253
104.355
138.479
108.966
110.133
112.456
107.001
131.231
114.982
125.002
123.417
104.864
121.965
103.802
114.86
148.449
101.13
86.4119
160.26
101.833
129.266
102.094
107.576
114.624
105.068
95.7124
120.871
132.611
146.744
107.854
136.662
151.369
116.983
127.037
96.7182
97.9074
103.863
97.464
121.872
116.938
103.705
108.007
120.686
121.875
144.365
104.23
123.145
117.135
102.901
132.808
91.8879
102.524
149.213
103.693
116.684
117.42
98.0853
121.235
120.869
116.936
95.9754
88.6454
143.548
105.302
102.782
133.679
111.504
140.83
125.311
100.047
97.6031
123.38
133.511
160.58
131.385
155.907
116.137
141.952
125.36
97.4741
145.021
136.449
111.905
108.649
112.491
99.1648
138.029
97.5463
117.389
124.669
123.031
122.356
140.338
78.4522
126.204
138.864
114.831
117.779
145.556
139.758
121.75
99.7985
102.42
106.311
119.902
96.418
139.328
129.537
107.43
109.604
116.075
108.251
112.168
108.171
90.8981
98.4863
103.597
82.9098
106.088
104.525
105.29
138.824
144.637
111.332
137.577
113.694
136.037
122.175
93.9135
76.591
102.281
131.948
108.297
103.52
116.332
101.187
110.08
88.5792
109.168
78.8619
154.141
149.742
101.622
105.811
109.221
116.44
130.092
109.029
149.947
113.952
135.424
112.626
107.447
120.376
98.1226
139.253
120.957
128.854
91.363
108.877
107.7
126.819
115.06
121.714
138.09
116.572
100.136
112.781
109.426
118.381
96.204
133.704
83.3259
114.513
109.048
132.929
109.136
107.406
150.077
116.864
123.658
105.827
112.859
104.061
122.945
132.072
108.303
106.771
114.58
90.523
93.2086
113.241
98.4877
139.094
121.762
106.362
107.431
122.757
88.0141
119.924
95.7722
112.195
111.373
121.095
108.912
142.969
101.009
110.54
95.4602
129.686
128.388
123.716
100.01
113.018
95.4028
107.366
115.722
101.903
126.526
108.8
113.91
150.499
107.197
121.245
95.9365
104.95
122.218
141.775
128.476
93.7442
115.459
116.741
102.86
123.65
114.089
113.55
90.6542
111.513
79.2415
120.733
99.3068
88.055
126.832
101.714
95.109
108.859
99.9692
120.064
105.77
82.2921
100.341
108.765
124.483
108.123
122.789
124.435
93.7821
98.7569
97.5346
96.7932
95.6716
129.402
96.5438
109.915
127.088
109.42
105.528
113.66
137.491
106.76
126.544
148.402
93.9653
123.055
109.853
88.0984
104.885
101.029
129.799
91.2673
155.233
91.6936
108.948
107.287
117.289
91.4625
116.513
95.8184
138.223
97.6789
123.756
115.695
110.645
88.191
97.9618
90.89
103.802
94.7119
118.752
146.534
119.6
103.31
118.842
120.409
135.03
104.474
98.6482
118.272
136.38
152.304
81.373
115.242
147.685
121.926
97.8131
97.8761
109.432
123.116
114.214
97.1857
88.3689
83.9903
139.965
110.375
98.8535
96.9496
106.799
128.04
99.8651
136.899
102.792
122.02
112.119
111.038
79.048
87.3322
87.5138
88.1054
104.643
115.671
97.2843
117.085
97.245
88.254
116.053
110.824
119.639
100.324
99.4504
109.469
145.925
82.7874
89.6735
110.773
116.046
109.063
133.377
124.377
83.375
129.885
124.681
107.529
110.824
133.138
108.567
108.665
125.473
106.921
107.385
103.13
116.614
99.9728
91.9608
113.291
102.129
110.771
97.86
101.711
89.5675
109.796
143.403
116.864
106.288
102.038
122.28
109.097
90.8043
84.5922
113.235
125.785
117.859
117.108
113.209
90.2953
117.922
131.246
123.426
120.92
114.61
117.799
136.006
103.392
99.7568
138.059
101.08
97.9627
104.73
122.989
162.011
112.526
83.7131
121.296
143.322
111
105.625
136.172
124.589
126.259
121.21
137.99
156.395
109.685
147.01
113.083
108.447
126.698
114.916
119.378
117.854
133.635
108.59
144.291
122.526
104.452
114.85
110.627
112.181
124.444
99.6743
98.0653
96.2757
125.697
136.482
122.167
88.1494
111.907
144.31
129.948
118.149
117.531
98.5022
119.256
116.758
137.2
99.6593
125.373
98.779
117.96
118.459
125.945
105.911
96.9954
123.256
119.157
111.008
154.174
111.993
105.966
114.742
122.203
138.809
110.311
93.0738
117.465
109.323
110.004
135.212
117.443
147.18
73.7916
93.9128
91.6845
131.268
100.44
139.41
105.155
123.813
128.31
106.719
109.608
133.849
102.145
97.9087
116.146
111.367
89.2093
148.779
149.859
124.838
100.399
137.825
141.098
145.4
90.951
121.657
137.011
103.76
124.091
127.818
120.557
105.718
117.143
129.121
124.218
136.896
137.244
95.7698
112.642
96.9911
119.226
121.99
116.263
104.27
106.066
120.404
123.74
100.093
147.713
83.4625
119.895
95.7694
120.124
124.186
104.667
123.273
121.69
141.457
118.973
119.08
93.9426
112.241
100.932
120.473
101.556
116.164
92.7581
147.217
103.604
108.536
105.046
133.36
109.603
98.6963
120.318
103.54
108.968
99.3031
119.838
137.834
110.239
88.4932
104.163
131.208
115.51
130.081
104.907
90.7814
96.4698
106.858
84.9913
111.046
103.464
109.074
88.6524
108.296
115.968
82.9061
108.276
130.773
142.615
118.621
109.069
121.711
127.601
100.246
126.267
98.9987
115.433
98.5676
110.193
120.599
101.894
145.471
89.8034
142.318
117.132
97.429
120.619
85.0487
125.813
108.61
108.919
111.613
145.691
103.124
122.377
111.927
121.78
105.929
115.306
120.9
133.127
124.315
109.534
127.666
97.7902
131.435
117.168
121.059
111.272
101.818
126.306
105.457
96.8564
125.659
119.874
126.804
128.547
100.981
113.098
89.3149
130.206
103.859
154.384
112.216
94.0653
127.005
128.656
101.925
116.421
120.669
111.3
92.4401
98.8737
126.209
114.414
132.98
115.938
104.974
112.257
115.526
110.181
125.07
120.968
141.385
117.887
103.989
106.739
119.48
116.839
110.308
98.3976
122.259
84.8951
95.0242
139.711
129.745
131.882
106.731
102.553
114.176
104.504
125.14
104.29
121.124
117.728
119.412
120.671
101.145
117.46
144.382
101.42
104.951
96.0312
129.701
143.875
92.7773
97.8749
121.582
121.35
114.145
96.4106
88.2133
111.758
107.394
119.919
110.855
149.6
122.765
131.526
106.406
113.474
125.282
113.007
141.487
81.3075
150.496
106.155
119.916
111.07
86.6824
94.0214
100.593
116.441
97.0663
86.5238
113.844
139.742
116.374
87.8549
111.293
113.706
99.766
96.9995
117.315
108.54
114.59
130.221
111.631
159.515
140.875
89.041
96.4672
113.064
95.5182
98.963
133.72
140.259
130.957
143.23
108.568
115.467
109.167
101.014
113.537
129.262
112.956
139.075
132.491
133.199
101.642
122.347
108.549
131.769
111.112
111.217
121.911
91.0665
75.2034
114.733
104.894
120.412
149.063
125.691
111.519
104.02
117.031
145.939
111.356
114.93
141.606
103.962
97.4291
112.873
124.916
138.043
135.375
132.641
122.615
116.881
102.913
119.523
112.577
100.601
119.988
119.341
137.95
94.469
137.268
93.1768
105.082
117.837
113.142
106.258
109.632
92.1022
116.356
131.95
74.7421
105.323
125.329
127.159
114.219
140.704
120.8
122.773
131.757
100.726
148.734
119.447
96.3427
107.499
137.966
106.559
121.393
102.495
96.317
105.485
109.266
105.425
132.952
117.165
133.859
127.728
118.644
120.288
138.731
112.996
121.967
137.933
109.813
90.0502
129.012
111.88
120.897
127.894
126.661
106.086
111.149
137.987
95.307
101.751
109.304
124.61
102.876
93.072
114.69
148.195
107.453
113.041
108.695
107.407
132.254
97.1336
114.877
98.3541
107.459
89.8128
99.2998
131.499
89.3124
108.918
84.5674
112.674
81.8687
95.6565
105.027
127.919
112.252
89.662
137.866
121.389
87.6216
134.636
122.325
111.625
83.63
112.341
132.218
116.11
113.647
120.284
110.142
126.179
83.7499
128.864
119.991
108.275
110.94
87.3048
137.315
122.717
118.007
102.27
97.6159
139.369
108.795
121.194
103.489
109.284
97.292
93.5981
98.8979
113.329
92.8668
106.657
117.581
94.6771
115.2
95.1134
99.4048
101.623
121.336
114.384
120.354
164.186
127.556
122.953
115.813
106.301
126.127
89.3001
78.78
94.1864
104.606
101.876
102.063
118.512
118.099
111.691
111.442
107.692
99.4277
106.24
98.2711
104.713
101.941
115.399
107.478
125.577
110.343
121.005
119.225
142.7
133.182
117.106
104.511
116.211
91.4136
121.274
101.937
104.74
114.191
110.192
83.7552
105.683
91.4971
116.679
95.0998
99.8363
98.4331
117.001
83.7288
125.282
128.458
85.3965
107.146
157.861
110.088
126.407
89.533
99.4004
116.736
111.745
105.009
127.634
135.649
90.0296
113.091
129.238
117.656
97.4251
98.3437
91.9927
106.982
117.384
147.487
95.5881
117.306
103.536
128.126
121.99
111.535
109.427
108.1
105.191
141.427
94.5565
99.1218
137.53
98.6856
155.307
126.96
111.986
129.85
118.635
100.985
87.8856
134.116
125.222
109.122
129.14
124.873
147.557
108.237
99.5874
140.283
121.674
112.053
107.088
126.223
115.522
103.029
93.7957
127.833
132.857
148.958
103.112
135.13
101.357
109.156
81.5592
86.5931
108.2
103.293
113.398
125.298
137.152
119.225
106.18
114.944
105.361
95.5575
88.1969
116.076
131.47
120.387
115.944
122.25
129.126
110.491
114.664
117.249
130.522
122.426
121.132
106.119
129.451
130.192
117.844
101.18
104.656
116.766
121.359
142.154
120.886
124.242
166.216
113.225
100.847
106.204
119.303
132.468
98.2811
132.197
107.673
127.864
103.844
125.238
86.5123
119.934
104.25
87.7914
117.174
108.342
154.359
111.072
113.193
117.582
116.223
116.24
132.343
81.9268
114.582
78.0606
98.721
98.004
118.541
89.9991
104.831
105.55
122.014
118.582
152.377
106.259
155.542
113.348
129.517
98.9085
105.22
118.55
95.7144
119.597
103.867
92.9951
103.4
126.761
117.983
110.765
98.0406
127.435
128.929
110.079
101.001
131.885
108.833
116.64
109.745
115.064
107.443
122.988
139.504
117.125
136.902
94.6154
84.0157
162.763
106.7
127.834
111.279
135.851
99.7202
99.9793
120.288
95.8683
97.157
137.561
112.035
122.197
128.998
144.634
105.465
116.036
103.999
111.962
70.4761
110.242
135.203
131.307
121.883
123.71
114.656
110.516
111.532
116.806
104.118
121.658
109.695
92.8629
99.3036
104.936
112.959
112.994
105.109
94.1262
111.526
93.172
145.618
137.748
125.853
106.921
122.98
114.615
111.621
138.172
126.592
146.946
125.844
114.68
115.834
106.99
112.18
94.2199
96.7676
129.29
107.573
104.641
108.11
116.795
114.942
102.602
135.111
97.7012
110.577
91.9072
98.1175
116.635
108.086
107.441
101.047
115.623
152.876
91.8962
127.444
124.969
128.643
94.8781
98.4101
126.966
105.621
116.427
109.922
109.161
116.713
112.131
99.9546
121.078
105.549
121.927
103.166
87.5281
93.4694
116.741
136.746
126.376
106.555
90.1582
150.535
128.566
90.6368
124.337
94.1602
113.928
114.044
108.913
109.039
121.877
104.378
136.534
109.189
140.965
135.741
111
112.988
97.7722
97.077
105.079
129.22
103.716
121.037
125.536
114.587
112.603
100.629
92.1557
117.456
115.436
120.155
95.6838
111.907
105.216
110.909
102.316
126.244
130.533
124.001
124.222
121.847
123.289
106.993
86.2164
106.97
121.314
123.206
143.889
104.507
131.08
104.813
90.558
124.42
132.461
112.912
81.4647
130.308
105.005
121.886
92.1636
83.8031
105.877
108.992
124.612
102.301
95.7147
91.2565
117.802
105.516
121.124
131.953
120.679
116.895
116.902
125.511
134.386
96.8905
91.5521
118.976
109.025
109.958
127.228
98.3936
104.533
126.749
99.8207
106.237
125.587
117.371
86.5438
113.821
88.8482
128.594
82.0039
130.808
100.402
149.032
109.133
117.887
128.355
113.538
107.988
104.122
112.293
110.129
112.315
155.222
110.562
108.741
111.507
121.008
118.551
79.0092
123.815
114.324
103.909
129.766
132.111
117.559
109.594
115.396
117.792
118.741
93.4008
97.7379
88.2025
117.93
137.423
132.498
117.673
142.399
120.51
128.017
95.8731
137.438
110.689
109.378
121.824
98.8321
105.245
126.767
131.814
112.993
101.339
99.4155
82.0853
111.056
110.944
88.049
111.84
110.83
118.162
92.5706
105.558
106.031
115.335
107.712
116.952
120.927
120.213
105.625
111.412
96.3073
138.554
136.119
124.57
106.198
91.5278
99.2178
101.683
138.004
116.521
106.224
119.954
109.447
120.205
111.37
121.877
97.4532
126.594
121.818
96.607
130.308
93.5157
146.005
113.533
130.223
100.535
127.199
97.3488
107.582
95.4371
130.257
124.43
98.3046
97.168
118.69
97.2309
128.714
103.058
134.236
116.372
80.2842
95.8451
96.5655
101.542
99.7344
117.759
94.3084
98.521
109.239
137.135
102.489
84.0436
140.531
96.5019
82.8207
152.445
122.576
114.68
109.621
132.17
109.315
125.272
89.2931
119.935
140.213
103.785
138.118
156.532
126.609
106.052
93.8316
130.241
110.401
133.677
134.898
122.047
101.137
105.076
117.433
139.811
83.964
96.9052
103.02
114.338
109.005
69.2354
108.994
121.416
100.566
126.621
146.066
112.608
117.628
111.926
84.7027
105.607
106.762
121.54
104.771
115.114
121.917
176.144
101.661
134.887
112.225
95.9738
93.3791
125.493
103.034
122.312
75.7278
103.526
125.767
107.401
125.395
92.5145
101.1
106.503
124.504
104.135
100.321
103.909
128.954
110.784
103.836
99.6848
107.371
117.59
106.897
105.497
122.109
146.003
103.07
135.156
113.674
93.8948
110.871
149.425
127.454
125.298
100.178
104.072
133.286
113.461
110.211
141.816
86.8857
113.534
79.3172
109.147
106.101
127.494
114.907
132.637
114.73
148.783
102.342
97.0518
138.703
102.751
111.779
145.08
129.109
130.286
109.849
110.569
98.31
114.339
121.007
105.815
115.151
94.8604
82.9777
112.962
117.546
94.3452
96.6911
129.152
118.568
128.208
88.6088
99.5538
106.39
106.689
112.799
121.559
92.3717
117.155
99.4191
124.086
143.888
125.218
120.272
109.365
101.889
129.428
154.49
114.778
134.735
117.237
99.5173
112.155
133.089
89.5728
102.968
81.2382
114.76
103.514
160.763
110.257
122.342
116.391
94.3993
77.4435
102.798
109.296
140.954
90.658
96.4312
85.7404
112.91
114.887
99.3289
128.604
118.78
156.168
115.74
127.044
105.046
136.82
108.987
112.708
123.945
130.987
73.0806
141.11
106.995
122.32
124.707
101.041
102.299
98.0154
109.753
114.692
135
92.2232
76.7451
97.4534
119.963
106.384
116.657
134.808
110.765
140.064
102.864
106.481
99.9806
90.8974
107.5
106.692
163.035
135.807
114.969
136.171
105.227
106.884
98.4201
107.935
110.063
133.128
94.1494
126.741
130.447
131.414
127.609
107.665
123.804
98.6798
128.148
125.439
168.337
118.036
125.363
93.5022
99.0632
93.2418
115.986
121.892
119.489
121.464
107.264
122.387
88.1567
136.352
125.283
105.379
117.837
140.301
152.676
104.173
97.2798
102.949
139.517
91.0581
100.421
137.973
86.0876
105.775
150.647
126.423
108.511
101.182
140.745
112.337
133.112
101.459
119.61
97.3854
120.967
114.728
101.849
116.935
90.9406
116.414
109.676
111.202
108.376
101.944
109.197
107.15
130.972
125.177
90.8724
108.456
120.413
134.539
150.187
115.826
86.8676
127.938
105.144
108.27
124.195
109.087
93.3156
127.258
126.023
105.966
115.604
119.765
98.3725
96.4878
120.385
116.611
87.3308
108.799
121.787
98.1646
127.36
102.35
107.744
140.246
94.5849
92.4607
100.903
128.399
116.219
119.529
137.274
110.189
141.377
103.531
96.1441
97.5777
96.9584
94.4287
73.9245
103.114
144.123
123.008
124.291
108.838
87.4417
116.937
111.741
123.188
89.2033
115.053
111.641
136.208
133.713
98.2622
112.075
104.178
116.408
129.688
127.874
123.684
128.4
106.341
112.552
114.959
85.566
101.753
115.405
120.291
142.866
107.978
127.483
126.054
105.753
106.072
112.792
108.046
110.12
107.474
113.526
98.8138
113.991
138.686
107.354
89.8581
114.139
117.219
111.911
133.66
93.4668
83.6372
115.697
122.417
120.81
107.147
113.577
118.213
92.2791
97.2079
128.954
125.345
117.474
123.536
86.1251
107.3
127.636
102.68
113.568
119.212
109.741
111.577
88.9898
132.677
96.0424
100.9
120.399
89.0494
105.966
123.511
97.2987
105.861
99.778
150.254
114.462
102.717
124.695
100.514
112.218
100.72
116.327
93.7012
93.3013
165.751
112.591
92.1234
110.545
126.284
111.464
137.917
141.025
116.437
85.5509
145.432
75.0708
104.006
106.906
153.528
134.685
119.074
99.3975
108.966
139.295
105.964
107.169
112.296
71.1374
111.265
119.887
137.617
110.055
102.212
114.254
107.749
136.052
158.256
120.373
99.0959
80.4742
138.837
108.522
113.608
116.785
105.558
131.176
126.614
113.788
139.687
155.424
146.564
120.971
125.838
136.341
99.855
127.185
118.846
92.0145
102.869
161.485
87.7063
109.277
115.465
125.823
106.127
104.936
118.59
103.344
98.1188
100.002
120.153
93.4622
138.713
97.0774
115.183
115.193
142.408
91.2208
126.153
118.11
107.427
117.987
122.225
129.869
134.303
102.319
115.266
125.484
117.366
128.834
108.678
110.061
129.872
93.1859
116.063
94.3997
84.0987
121.787
113.507
118.244
133.905
140.69
98.0346
145.515
117.767
91.1158
128.543
104.498
119.441
108.494
107.014
125.849
101.246
106.116
132.009
105.397
109.714
118.746
138.796
123.136
110.369
122.165
118.079
135.999
90.1296
109.253
102.668
110.553
123.061
119.257
99.3286
117.647
121.531
94.251
115.122
112.747
126.93
140.721
115.636
86.2079
141.573
95.465
122.383
70.2966
127.397
120.226
144.254
134.831
122.439
113.16
121.571
127.852
109.668
127.02
85.2796
101.468
125.865
121.797
95.6344
111.345
151.68
119.334
142.781
115.594
139.803
93.6494
152.776
141.964
121.73
113.988
137.613
132.317
100.22
149.806
121.42
118.082
88.3324
108.848
166.466
101.643
103.86
106.329
102.647
101.362
114.281
115.681
141.259
113.573
139.024
109.629
114.628
141.877
126.201
156.168
110.262
113.842
111.168
124.375
113.539
95.154
103.777
145.79
99.9646
130.42
118.983
82.6431
104.99
108.076
130.198
112.289
101.575
106.675
111.063
137.999
120.951
101.265
99.4169
97.8511
134.029
123.599
88.1079
126.701
93.5155
97.9994
108.29
112.647
125.882
111.604
134.223
105.337
107.213
108.747
109.676
91.9765
126.953
118.447
143.492
129.323
115.714
121.063
106.154
112.753
107.576
105.601
132.134
111.361
104.064
112.969
147.416
161.264
130.412
110.766
99.7914
118.467
101.095
106.06
131.646
114.912
94.7033
108.867
102.23
120.093
123.691
105.471
115.186
100.201
124.749
119.586
116.865
115.634
108.52
131.975
108.875
86.9667
128.715
120.379
111.679
105.558
99.9135
104.462
114.389
119.522
113.413
122.797
127.939
116.688
116.599
108.502
123.701
83.5065
119.519
104.212
122.015
120.194
129.294
110.061
110.585
110.999
136.786
153.983
111.523
109.055
106.996
107.182
114.992
105.341
90.6296
105.233
89.3084
128.795
130.099
125.739
115.43
106.857
110.066
120.175
104.137
117.891
111.055
125.508
113.999
128.619
127.929
116.236
70.3455
110.249
112.411
114.281
110.813
133.494
118.279
118.04
90.4611
111.044
98.4509
120.022
115.256
128.993
100.046
121.551
146.996
134.901
116.164
98.5635
100.317
115.669
90.6024
97.8743
110.291
94.5152
82.9647
108.907
137.052
130.666
120.652
111.772
103.528
147.988
121.688
114.905
106.322
158.472
133.305
106.199
104.081
124.803
122.726
99.2996
110.64
80.5268
102.861
95.0724
117.936
104.033
121.619
136.486
104.302
101.155
120.828
148.071
105.247
105.161
121.388
107.339
102.928
104.853
106.692
132.612
96.5875
128.7
92.3637
113.303
128.1
100.195
120.227
94.0884
107.97
124.309
110.666
96.5259
117.044
146.154
126.811
111.963
115.074
103.423
95.0839
90.7295
125.721
97.7821
114.466
76.2986
110.197
141.815
122.372
137.576
108.271
95.7755
104.375
127.13
121.95
140.679
95.6141
99.4712
115.098
135.785
110.551
113.874
115.94
120.225
128.618
126.349
111.123
104.677
116.137
97.5938
115.351
96.3121
102.888
98.1359
100.225
132.414
111.237
142.611
79.8809
105.271
111.836
147.968
114.617
133.182
103.073
95.6946
98.3475
84.4994
131.563
120.523
101.998
110.263
122.229
84.4833
121.662
113.772
94.211
102.419
108.54
95.8432
119.597
105.411
116.161
122.644
119.481
132.571
119.789
122.03
124.65
119.391
151.638
134.497
153.543
119.173
102.796
83.8481
108.116
102.892
108.937
86.7226
120.277
107.842
138.73
123.326
123.597
90.1227
97.7639
108.768
138.018
114.625
99.4958
102.926
93.1247
99.6764
111.476
105.614
108.751
103.88
87.9726
93.5982
126.318
122.027
103.824
128.23
121.356
119.749
105.883
85.4057
109.541
122.685
102.443
106.446
117.543
130.987
111.448
129.774
112.943
122.236
90.0964
102.276
147.01
137.015
119.832
105.457
105.791
142.413
111.1
118.208
109.365
109.84
118.594
97.7498
107.017
123.877
98.9215
114.957
129.669
115.204
104.839
124.06
87.8985
108.201
86.9408
104.887
135.575
134.587
116.41
123.56
105.18
120.676
96.8669
119.05
129.4
108.407
116.185
97.5136
109.371
121.422
134.974
106.947
110.953
92.7102
109.747
106.048
120.797
92.7654
121.124
130.471
109.919
152.089
125.116
112.921
112.984
145.947
106.295
107.584
134.042
132.06
113.239
121.703
100.712
107.72
108.901
103.474
102.807
117.379
112.704
122.419
162.417
94.7606
113.115
110.322
105.177
124.795
110.324
107.876
149.045
119.622
126.18
99.5407
107.759
131.855
100.114
96.1264
110.612
102.58
145.21
121.392
153.761
88.957
132.945
115.961
124.646
107.498
127.718
122.569
100.468
128.835
108.263
126.239
112.266
99.1424
118.535
120.522
137.567
116.708
121.453
161.206
132.121
123.673
114.468
142.045
111.477
114.101
117.292
150.714
106.435
93.7463
103.36
98.1916
101.29
109.734
103.884
105.394
118.709
78.9549
104.723
117.806
114.678
126.466
99.0521
106.563
117.822
104.507
114.305
112.921
156.637
108.642
119.101
142.761
103.251
141.774
107.089
131.752
88.7727
110.547
102.257
117.981
102.512
111.835
128.655
108.162
100.108
116.929
100.449
116.028
99.5472
123.62
111.033
92.2315
89.9163
131.122
88.582
104.052
126.854
110.082
99.5382
97.478
125.45
109.303
82.0588
137.121
108.364
93.9315
93.3057
99.4314
91.6816
116.343
126.828
115.733
121.825
124.269
114.022
114.505
136.121
99.0687
119.971
138.771
103.965
93.7162
114.213
120.052
119.733
120.669
115.513
102.021
113.955
111.851
109.359
139.722
102.22
113.345
99.9774
109.346
109.9
125.911
128.044
108.527
104.931
104.548
128.543
106.062
114.538
107.976
102.118
109.138
113.257
130.963
99.9962
121.752
109.29
116.784
105.819
132.732
96.2275
90.6645
113.787
103.319
113.819
121.417
100.764
110.314
142.833
102.807
112.038
111.309
108.281
90.4828
140.869
104.883
139.083
103.575
100.454
88.1568
102.926
132.072
106.229
92.2914
95.5732
110.708
93.4631
91.3606
132.69
96.9943
123.139
109.874
103.234
64.804
140.785
130.828
118.422
119.279
110.298
106.175
120.611
108.1
101.215
115.279
127.53
116.991
110.08
106.054
93.647
79.0503
109.253
114.918
128.224
126.428
96.9217
124.447
143.072
124.333
130.492
115.308
109.504
106.315
117.196
109.64
88.7254
116.528
98.6933
108.07
107.935
98.3627
90.8871
121.991
144.572
146.136
122.078
105.611
140.945
106.481
123.792
150.37
135.425
89.665
112.179
81.4344
114.876
103.93
121.152
116.11
131.12
117.422
104.397
101.278
112.697
165.679
96.2069
100.793
117.731
89.9346
126.412
94.633
96.4889
126.85
86.8134
110.285
125.056
100.073
99.38
107.815
116.563
93.2677
113.521
95.4077
125.108
106.008
89.6641
124.032
118.798
119.325
119.912
92.0162
141.169
110.921
130.773
104.205
117.065
132.932
113.729
103.837
86.5677
111.104
108.819
148.35
103.004
113.931
105.48
109.249
121.493
99.3213
119.901
83.5884
158.098
105.456
114.596
117.065
95.1729
125.07
110.498
100.739
118.357
121.916
128.514
95.675
150.958
131.568
108.596
118.861
94.7116
141.364
87.2228
119.555
90.9948
111.22
137.592
95.9665
126.053
90.0768
110.775
108.886
97.3606
143.62
120.15
124.386
117.856
120.546
143.652
111.991
114.259
132.974
133.916
85.8263
132.523
93.6571
125.631
85.6341
120.613
107.517
125.009
110.161
108.52
121.363
119.192
118.499
111.3
102.305
88.3865
113.405
98.9669
105.614
94.7192
137.023
106.566
123.884
83.4821
116.457
133.376
127.648
94.7517
121.411
105.584
90.6983
93.9904
115.898
116.936
122.08
110.302
112.499
127.696
119.374
123.447
117.425
111.247
126.333
110.283
130.612
100.833
118.612
130.794
127.498
152.726
92.9583
100.607
123.454
111.797
126.965
114.759
103.12
131.643
113.446
103.732
111.95
117.786
134.192
104.514
139.653
122.062
108.891
101.215
103.672
100.519
105.233
127.175
102.415
130.499
115.469
104.559
125.44
118.338
96.1782
102.495
97.5575
95.9661
107.158
128.593
116.022
119.049
138.258
107.582
115.78
109.9
102.229
93.2979
84.3417
106.451
116.319
115.502
122.693
114.504
91.4873
139.05
105.963
124.754
121.732
124.87
151.318
99.3393
137.65
107.238
89.5231
108.451
155.325
94.5802
107.107
125.954
127.75
109.759
116.689
79.177
102.628
119.251
108.708
141.998
103.676
82.2774
108.019
116.834
87.28
140.119
126.522
93.0408
102.505
96.2831
138.476
148.114
108.004
126.561
134.021
142.223
140.467
96.3221
123.501
127.63
117.242
101.192
116.177
91.8603
104.735
124.9
132.997
111.019
105.975
118.806
123.664
128.354
121.499
120.798
101.549
124.65
113.226
104.883
108.976
96.7089
118.246
120.463
117.518
101.096
105.456
154.355
131.312
130.165
118.29
101.098
138.976
125.416
124.318
116.985
101.499
111.264
84.4379
94.7765
146.367
107.944
123.959
111.773
99.3569
96.43
105.629
147.047
98.7485
104.444
121.377
118.596
117.2
99.8417
128.375
99.5814
101.513
115.945
127.169
115.624
137.16
84.8093
103.816
124.988
124.768
95.9439
108.652
126.387
132.458
135.804
113.939
122.559
119.479
137.826
116.644
109.294
88.6342
104.145
91.0715
96.1626
122.666
115.918
131.218
110.317
125.004
91.3156
123.742
82.1492
89.5106
97.4797
131.456
131.375
121.498
103.455
132.147
113.176
133.963
101.332
103.288
129.305
112.245
130.206
108.908
137.398
119.551
98.5572
95.3305
133.569
87.2737
119.281
116.861
143.938
98.8844
129.833
138.725
108.128
126.468
132.656
108.728
105.284
120.058
94.0054
129.942
131.351
125.325
106.372
122.154
118.929
105.65
150.542
115.578
146.035
109.491
113.149
109.291
100.445
99.3873
106.21
107.917
122.033
112.231
109.048
87.4057
116.89
107.699
111.16
106.748
111.852
136.237
118.729
96.3427
98.0139
101.238
107.185
100.05
115.511
102.635
98.8077
109.848
161.188
97.8376
101.74
108.975
134.545
117.067
109.773
128.72
98.5501
92.7134
88.88
119.866
124.192
95.1279
123.845
124.38
118.709
125.698
126.616
119.104
145.461
139.223
116.434
168.196
82.5125
103.065
132.865
113.774
89.5002
99.9263
130.713
92.1108
117.367
110.652
108.594
106.974
117.678
106.341
99.3936
110.432
128.732
142.481
86.4215
99.3149
108.746
104.33
146.189
115.226
98.9175
114.708
123.689
101.716
111.81
128.193
113.234
104.179
109.691
105.232
100.04
89.8746
108.898
128.185
117.481
118.336
94.4178
90.3557
132.096
125.101
121.482
119.189
102.345
127.438
99.0402
137.653
99.8088
144.097
130.155
95.3875
117.118
126.455
132.681
107.056
118.959
100.648
120.936
107.057
104.901
105.327
100.907
131.776
73.982
124.225
139.954
97.1013
97.3565
153.206
122.08
117.374
115.414
120.862
129.34
129.972
109.641
107.293
136.503
115.353
119.875
124.374
127.933
117.237
102.874
147.058
94.7174
99.7003
123.185
114.321
97.7242
111.464
119.63
107.343
117.705
102.855
106.841
117.571
105.459
117.783
87.1823
101.604
103.74
90.6922
99.0284
129.945
104.554
102.091
102.62
142.279
95.4779
130.13
126.564
115.956
104.433
125.298
138.568
100.487
116.387
97.7873
124.226
141.923
104.653
130.53
121.902
115.682
131.41
93.4671
103.043
106.39
120.722
140.986
120.202
95.7804
138.217
95.3511
104.425
124.809
109.369
117.585
123.137
106.454
115.484
133.802
125.05
141.125
130.513
110.501
126.284
129.401
136.362
89.5929
97.5613
80.9773
127.351
103.479
113.22
106.54
101.991
125.648
101.828
103.31
96.7454
122.942
103.555
140.738
101.341
116.222
102.36
125.987
112.368
97.9291
99.6083
115.437
78.5296
119.502
116.003
122.576
102.514
106.369
125.21
99.451
106.072
120.325
128.67
117.887
114.093
126.558
105.659
95.136
131.514
92.5805
106.761
120.103
132.123
118.787
132.02
99.5646
101.279
85.5399
121.098
116.392
94.5189
104.197
104.413
129.637
136.331
119.578
102.308
113.321
121.847
139.931
122.596
77.0244
124.004
100.213
141.133
121.101
104.316
119.945
125.616
102.208
113.065
124.114
127.184
129.898
111.097
104.882
95.9099
103.402
123.891
118.391
105.337
99.1987
132.755
138.697
114.327
119.251
104.266
109.907
105.406
100.599
94.8223
87.2273
123.628
108.284
124.468
112.441
91.8366
122.913
122.277
93.5163
147.647
107.475
98.6373
94.8527
100.82
135.449
110.271
92.283
132.384
88.6157
126.432
111.465
114.68
114.363
100.485
142.391
89.1308
92.0452
105.271
104.824
86.4069
109.368
108.364
119.47
109.26
107.945
111.399
143.178
137.435
99.5493
107.248
98.8665
112.407
86.0724
111.889
112.069
110.024
134.477
127.678
111.39
134.963
111.151
127.356
107.319
126.027
106.591
118.099
101.982
125.803
98.719
104.344
98.3548
127.468
112.437
93.383
118.14
92.4552
125.303
118.346
108.596
154.776
103.126
117.047
121.852
145.477
107.725
92.8859
123.53
109.282
70.578
119.645
120.178
104.873
128.498
98.6987
99.0372
129.649
134.736
110.686
126.405
109.935
112.95
166.919
114.07
122.317
140.767
126.637
126.337
110.938
114.733
128.89
148.307
135.152
124.989
103.206
127.818
120.862
101.324
110.991
148.767
99.2951
118.034
88.1974
95.7448
124.516
122.891
127.295
111.144
103.401
123.247
88.8407
128.406
101.685
138.586
99.8434
96.7364
97.9899
130.505
99.398
104.348
117.779
120.795
129.117
108.974
111.328
93.3685
131.319
95.7019
102.577
112.732
103.794
137.38
106.922
123.44
124.857
98.3783
117.363
114.414
99.3791
108.872
124.193
104.894
85.2438
128.423
128.271
101.383
125.593
101.028
111.998
118.788
111.29
124.069
122.676
107.911
137.53
108.382
97.3535
128.806
133.262
113.889
111.908
113.276
116.224
138.245
93.3778
125.763
113.494
93.1167
91.8314
105.218
122.068
118.401
125.646
139.002
97.2544
121.664
96.0319
119.812
129.442
124.804
119.811
83.4527
103.891
90.5308
128.93
127.643
123.149
113.225
123.688
125.603
116.708
132.191
114.626
90.3381
123.624
106.711
131.332
118.658
112.671
111.85
118.275
132.297
108.279
97.0869
108.489
130.424
119.745
83.824
90.3102
85.1973
130.227
103.308
125.919
107.337
119.359
95.4681
90.4797
93.0136
133.861
106.728
117.908
94.6022
91.8891
118.221
136.203
105.88
111.758
90.9772
123.534
100.756
106.112
129.75
107.086
108.175
130.086
117.988
110.91
98.1672
119.1
123.54
127.979
91.5457
120.144
125.751
99.9836
139.204
128.534
104.562
94.9296
113.8
92.972
132.921
121.184
123.976
109.655
114.687
127.455
114.112
127.869
89.5693
146.98
105.622
95.2991
95.0532
116.755
149.169
114.537
118.906
107.965
109.787
111.957
119.823
91.0387
130.695
132.494
91.2836
109.725
131.144
129.952
99.254
166.95
112.224
119.926
100.663
101.267
83.1997
75.3393
118.168
102.147
103.004
150.108
101.689
93.5585
85.1395
119.831
105.084
100.797
109.381
112.858
146.924
121.119
103.27
115.823
102.263
121.247
102.001
162.204
124.463
98.6683
101.437
81.9425
87.1138
140.973
122.947
96.5478
106.397
116.646
94.9312
105.109
134.011
100.896
111.908
123.766
132.082
124.574
135.874
117.944
105.905
91.5197
105.832
98.3535
99.2527
147.737
111.465
99.4357
132.757
83.8322
93.9558
106.879
125.804
87.5484
107.535
122.911
142.371
119.308
135.366
119.854
103.728
82.1377
106.187
110.3
124.006
94.6666
104.013
86.3015
136.839
95.0308
93.8118
140.507
125.678
114.831
98.2584
104.533
123.616
127.718
112.392
105.2
115.21
111.254
147.274
102.982
124.352
106.66
93.4996
112.125
114.184
105.944
129.722
82.3782
97.0846
137.905
103.751
106.676
102.571
100.478
141.438
117.653
129.936
127.714
112.992
141.764
116.053
122.735
123.842
137.456
134.022
119.358
118.414
122.248
105.188
125.655
113.672
104.009
89.5105
111.174
121.065
115.663
87.7508
135.343
133.273
134.559
112.038
96.2157
104.095
113.611
116.789
117.352
112.283
105.36
138.009
117.963
129.896
142.943
100.936
130.627
118.279
110.104
78.9387
110.868
107.62
111.559
102.507
122.443
137.405
124.13
121.733
127.026
116.234
108.474
107.642
142.912
119.635
138.049
119.81
135.689
120.41
98.275
106.233
113.019
141.945
122.13
87.7903
101.378
117.885
122.69
146.821
118.416
94.8693
137.373
116.595
108.894
105.726
94.9407
123.154
119.962
103.861
136.871
102.354
101.058
107.301
112.224
126.965
96.5944
108.851
117.254
121.453
149.75
145.765
108.99
117.676
105.025
136.732
113.702
107.334
115.035
118.124
105.263
110.383
181.041
107.904
145.933
105.83
103.288
134.155
107.039
99.7825
124.226
112.79
105.369
132.938
99.0678
107.225
112.85
106.612
105.013
135.311
124.793
119.362
119.231
102.898
77.4806
105.977
111.548
125.277
111.288
133.394
84.2139
120.246
106.05
127.693
115.052
114.806
110.612
108.89
115.806
141.701
100.71
114.9
83.1186
115.818
139.159
103.367
115.56
123.778
118.781
151.792
122.028
101.039
107.734
126.778
133.764
97.9389
115.754
112.819
106.808
95.7667
126.194
111.985
127.674
83.7262
110.765
122.662
108.564
98.2257
100.311
94.768
116.116
147.458
106.93
137.378
127.921
121.339
103.692
107.603
103.904
115.14
111.359
98.2298
93.026
128.857
94.0584
83.5001
100.796
128.717
123.846
90.136
124.409
111.067
90.2641
111.141
78.6661
93.8768
107.431
121.928
99.4985
147.292
103.259
101.038
96.041
135.026
121.945
114.436
90.1535
131.24
110.709
114.051
120.836
124.478
128.052
99.7424
136.569
93.1791
115.049
142.717
113.563
111.236
87.7969
122.683
149.07
112.853
107.251
144.548
146.57
90.5504
137.447
105.253
112.164
101.299
109.425
143.061
128.044
131.136
119.535
114.212
107.807
118.863
89.6403
96.4932
126.05
115.639
91.6462
116.802
94.2848
111.89
100.298
108.33
139.36
97.9495
112.762
107.508
110.702
119.423
107.477
124.133
127.669
121.267
102.139
118.569
107.312
105.672
105.927
113.52
88.343
126.453
126.276
101.367
112.753
153.98
140.87
138.34
91.6773
124.798
142.639
96.9975
122.448
119.027
101.327
81.9756
128.01
116.307
90.7323
113.369
137.548
114.951
113.405
117.81
107.535
99.6882
138.804
127.698
127.35
137.016
101.321
115.791
94.3656
74.5145
133.475
88.2193
110.532
120.881
140.044
134.177
136.862
113.778
106.158
99.3638
90.6437
117.387
105.549
101.574
96.5739
86.7227
80.7215
111.199
126.001
109.296
101.024
104.604
127.096
125.68
108.593
99.8954
141.727
107.091
131.67
116.713
100.184
129.668
149.329
145.362
127.104
149.714
132.063
92.3737
111.819
104.21
107.057
110.923
103.787
126.998
138.818
86.1107
122.886
137.827
107.228
113.399
100.802
129.677
144.454
84.3474
108.536
143.436
99.977
115.367
105.103
93.039
138.737
99.9745
98.5429
119.642
113.024
129.175
120.426
93.9038
99.6106
111.935
114.553
125.281
113.239
115.441
96.0066
122.217
107.959
132.597
107.993
117.01
138.893
153.32
102.155
91.0813
108.157
103.404
118.997
82.2061
125.973
97.9377
102.742
146.111
125.037
93.7735
114.375
116.63
97.4027
120.528
95.7391
108.048
154.012
97.4278
125.864
112.203
110.103
137.088
109.044
91.9472
97.7574
139.6
107.12
125.657
110.432
93.8872
70.052
108.696
136.303
94.4465
128.33
118.31
105.008
111.048
130.128
94.7594
112.889
114.159
129.712
123.2
102.819
122.177
127.752
139.514
102.323
103.891
147.113
102.201
85.225
140.892
141.409
126.802
115.563
144.912
109.794
111.618
143.749
111.594
125.938
112.851
91.2082
144.208
106.233
101.532
128.662
86.494
93.4834
120.388
108.4
121.422
94.0007
116.503
93.7096
103.153
103.631
99.513
123.949
139.526
117.182
91.9568
130.746
151.585
128.841
116.1
120.27
75.782
94.6187
110.819
118.912
126.092
131.167
100.994
126.959
113.859
111.049
130.984
111.191
137.55
111.272
120.597
116.304
117.35
148.306
96.8534
89.0021
89.4111
139.573
112.865
129.83
109.091
106.128
100.304
135.033
95.4876
149.151
104.911
124.515
95.746
124.385
100.267
109.56
81.2955
118.335
131.47
108.794
128.941
139.751
122.407
139.274
98.529
105.482
114.324
112.337
126.071
121.074
98.7092
142.911
136.076
129.92
104.612
146.201
129.883
101.439
101.676
113.558
122.326
108.662
121.337
126.406
121.228
141.28
102.974
91.6345
131.026
147.75
143.058
85.2636
133.707
111.49
132.516
107.14
125.027
112.728
122.825
126.212
107.952
114.394
92.4545
107.28
160.394
131.367
87.6202
106.188
105.619
94.3156
95.8712
113.782
120.143
109.176
114.299
106.822
108.946
121.561
126.086
136.244
126.533
98.2556
123.928
117.277
119.417
121.146
121.962
109.383
112.905
122.334
141.18
122.032
86.1582
107.569
126.164
127.776
120.958
93.2157
91.0007
112.071
121.899
117.124
132.666
93.5526
132.051
120.518
121.982
146.335
113.717
133.082
94.1681
115.047
98.7762
112.458
94.6122
110.98
127.099
114.21
91.0449
122.855
104.481
131.941
127.231
115.836
126.484
105.887
118.457
106.745
135.541
125.743
98.5491
100.914
120.108
154.468
144.519
143.795
100.224
113.9
123.39
105.775
85.6903
111.882
91.3202
105.448
126.804
125.311
105.32
125.333
119.604
102.786
142.834
118.668
118.096
131.079
93.5712
104.509
122.67
98.8891
110.722
166.471
129.894
123.902
110.413
115.805
139.84
106.796
103.222
112.168
108.25
105.466
105.984
102.505
122.705
141.666
126.439
99.1103
156.081
116.51
100.405
133.616
124.265
127.102
140.824
94.925
121.188
98.6082
81.1792
128.204
124.333
129.543
110.112
124.435
118.609
124.04
151.272
112.104
109.116
107.051
131.792
129.926
98.2367
99.2731
96.6219
116.981
119.807
131.959
81.9427
135.48
86.3609
101.45
114.526
118.701
127.681
113.329
108.241
125.764
128.484
107.899
87.6318
128.376
88.9339
124.09
121.54
105.364
108.741
134.841
106.539
115.548
109.41
98.9943
129.079
127.261
125.803
120.803
112.406
121.307
153.417
85.8158
109.857
118.145
92.9265
136.479
95.085
90.9774
95.2119
105.823
87.7281
107.133
103.144
99.6077
116.949
132.332
111.56
143.356
91.8727
120.657
142.897
115.081
91.2304
111.623
112.051
90.321
123.119
97.0019
126.698
87.38
105.974
86.8819
99.0958
132.318
100.647
80.3782
95.3359
110.521
148.764
145.306
104.13
80.9078
100.717
106.541
122.754
125.408
