682.103
591.065
605.264
557.692
686.554
715.852
735.715
746.43
733.32
644.578
730.95
708.313
636.618
601.244
782.805
686.536
737.438
636.21
728.257
642.861
652.62
678.344
671.798
707.931
591.378
588.917
772.022
717.654
700.702
581.463
659.619
709.809
650.693
617.508
750.384
734.545
646.172
728.363
711.097
690.311
736.984
703.979
681.801
691.944
764.801
657.066
743.629
747.045
681.678
672.554
775.242
573.822
647.262
649.198
631.778
648.412
612.324
622.297
703.219
688.986
765.096
636.246
679.235
698.375
704.469
694.485
680.85
597.8
804.163
736.875
751.348
652.573
674.792
660.105
736.829
759.538
662.556
661.578
574.412
674.644
627.207
626.735
694.297
641.564
679.62
630.368
656.419
686.166
750.558
693.983
733.168
606.956
683.693
643.266
697.303
697.509
731.564
771.24
684.026
701.425
754.426
591.964
685.187
723.085
577.363
694.695
680.911
747.545
675.907
668.862
723.645
659.602
650.963
688.742
737.052
638.173
692.891
717.98
739.836
679.273
749.373
745.612
661.767
654.688
699.293
732.632
752.828
699.992
642.51
701.265
766.852
712.139
593.766
666.002
688.124
622.507
604.63
733.623
671.57
677.931
752.804
599.345
736.129
710.824
666.996
748.064
589.558
722.148
700.119
697.556
721.925
625.541
715.134
735.588
634.351
683.165
616.23
628.404
624.504
631.278
729.662
673.031
654.265
743.574
775.428
629.967
626.137
729.708
620.65
765.842
771.917
699.634
619.286
683.069
694.77
646.955
678.194
678.884
624.35
648.6
607.533
679.4
759.483
737.935
727.747
813.257
798.478
638.641
609.677
674.295
687.146
679.35
691.236
705.028
699.522
718.823
617.725
640.304
667.427
644.198
697.864
713.836
629.009
690.682
659.599
546.077
719.587
637.67
643.085
650.53
779.675
571.39
676.428
621.863
682.86
639.676
641.367
626.718
649.439
717.958
679.278
696.653
725.635
645.46
679.986
660.963
743.991
693.681
696.181
636.079
637.419
713.539
807.155
752.161
639.728
666.085
689.957
695.158
649.102
688.865
716.967
739.768
813.438
688.816
667.734
616.338
642.297
708.105
688.986
652.523
719.942
643.622
696.352
637.62
646.011
792.759
692.611
676.788
632.176
750.885
710.688
667.777
632.993
578.772
708.493
719.411
653.681
747.747
723.519
727.17
704.277
652.86
720.867
662.095
731.24
670.949
746.224
664.102
777.081
679.905
609.145
589.294
699.178
708.086
566.641
638.34
643.516
631.403
645.578
712.435
746.726
620.936
738.788
714.418
722.725
703.976
763.645
736.452
724.507
688.798
752.476
688.176
695.529
619.713
726.613
542.905
680.593
660.1
700.95
645.497
732.759
790.627
598.381
665.897
660.277
665.421
578.766
776.165
661.632
706.565
634.211
699.253
694.566
750.993
659.823
757.921
685.046
718.714
680.925
745.053
690.109
675.926
642.123
643.945
726.471
648.124
711.286
664.319
656.315
633.58
691.68
650.387
628.399
695.718
616.685
749.661
648.546
743.392
709.332
582.123
727.07
750.34
789.374
697.015
755.066
731.332
663.882
745.853
726.586
597.934
702.049
594.091
753.48
705.867
623.75
722.69
650.356
679.542
659.848
657.672
756.773
751.146
729.455
773.404
657.651
688.275
710.967
696.605
657.212
672.074
641.984
650.142
678.051
580.642
710.113
706.123
650.731
683.001
668.51
696.642
662.059
695.785
710.007
759.921
682.707
670.876
669.872
732.138
632.119
640.113
690.085
759.564
658.29
646.025
680.17
659.325
692.976
645.266
751.69
709.63
697.912
635.719
619.722
756.035
588.432
730.876
669.007
728.443
722.08
665.793
657.8
592.201
715.613
782.918
652.615
738.507
725.166
741.42
674.949
706.72
728.03
731.446
755.693
647.397
661.775
704.892
723.463
723.97
745.708
719.05
697.763
609.562
730.96
766.701
629.991
733.071
708.727
615.832
656.117
577.515
643.552
556.271
717.997
729.237
707.977
579.362
675.106
771.657
636.059
603.392
656.991
636.907
700.509
649.882
649.211
653.615
648.082
697.861
679.127
666.654
742.136
614.007
622.299
767.453
745.43
622.818
629.018
686.729
700.609
758.892
672.269
629.974
784.672
713.509
751.997
605.057
672.781
699.652
663.592
628.524
807.988
758.919
710.858
663.487
817.994
703.923
696.432
630.336
601.001
746.524
593.331
677.036
698.554
716.404
719.259
765.416
698.097
678.735
728.873
663.261
767.501
656.942
656.706
703.568
716.089
740.243
691.246
643.863
633.319
703.712
700.23
693.853
698.237
657.226
647.629
614.394
637.202
829.736
694.264
702.81
698.951
696.367
718.61
627.92
727.664
730.068
686.427
643.765
694.031
735.831
605.028
694.511
711.746
728.296
706.064
691.934
678.15
608.641
665.436
869.825
755.642
755.128
716.254
624.616
666.942
738.049
641.27
756.992
678.488
683.433
760.285
753.413
687.824
692.177
719.469
745.618
568.856
597.555
750.449
674.275
749.342
721.951
661.995
682.268
775.067
667.667
642.174
678.65
630.542
634.679
728.157
694.72
686.849
622.458
600.569
584.752
646.642
618.964
691.376
668.455
671.879
676.502
667.898
772.911
698.038
726.597
684.68
713.567
683.516
718.864
794.992
667.302
683.934
650.704
758.577
685.272
675.757
678.214
643.787
707.393
803.252
602.481
653.868
612.242
704.401
683.423
724.642
766.196
625.25
574.004
730.679
757.029
688.353
692.631
716.904
738.901
723.381
770.711
687.176
760.228
757.431
699.019
692.447
642.643
657.639
649.511
669.875
691.454
681.559
738.801
730.076
638.823
731.335
718.996
671.348
717.404
568.967
648.084
678.675
632.028
640.447
722.223
633.028
786.066
709.944
573.839
609.681
737.422
693.963
643.11
783.686
785.231
671.647
723.523
693.171
661.7
658.019
688.789
670.913
693.827
680.426
712.879
761.657
697.963
799.059
709.753
662.249
678.173
724.639
621.451
658.599
766.243
744.404
669.024
631.194
755.061
814.284
671.1
623.904
735.263
668.298
768.912
747.398
663.153
736.354
636.273
699.89
634.397
616.415
725.851
758.405
643.474
663.869
669.422
768.214
606.838
634.124
760.112
663.475
746.055
697.176
704.154
762.704
655.625
650.845
685.392
633.826
641.477
766.423
688.356
662.795
702.807
666.09
709.875
707.015
745.73
761.268
735.997
688.558
736.44
682.548
679.921
747.525
686.76
628.784
689.631
687.921
608.503
695.816
619.839
733.83
612.661
677.81
657.365
657.619
697.578
646.693
600.467
612.134
696.273
596.606
700.806
697.793
688.6
719.25
654.648
711.356
672.292
641.642
710.707
667.47
627.411
623.118
772.363
822.418
694.096
766.007
660.452
737.953
637.283
745.886
698.406
622.14
624.653
592.695
710.054
745.974
702.24
657.492
601.02
597.39
771.179
560.919
668.971
668.722
635.167
695.124
724.945
695.594
710.139
623.017
636.58
690.633
757.41
697.433
684.138
749.262
703.623
735.205
713.258
658.591
682.822
691.468
626.878
753.091
668.049
685.274
691.124
685.365
722.85
755.471
608.197
650.696
698.987
659.754
604.472
684.117
690.79
667.782
622.325
707.325
641.181
669.445
743.432
744.991
688.848
665.772
694.121
734.692
804.966
657.69
690.665
712.061
701.02
705.624
705.35
655.839
676.535
746.33
693.002
668.656
678.537
657.733
616.406
730.403
736.429
724.481
645.77
640.584
714.422
740.972
745.899
727.375
737.637
699.951
614.886
712.424
629.749
633.256
739.325
645.236
763.532
667.981
595.578
686.077
696.092
632.546
747.401
680.557
721.626
654.559
799.934
619.154
632.416
654.158
718.433
697.936
707.824
652.837
650.709
642.123
694.122
636.964
752.899
610.528
762.513
601.131
696.918
626.234
690.649
780.32
628.308
649.149
748.037
702.247
667.141
640.522
705.731
601.817
738.678
679.198
816.401
651.308
696.388
659.273
743.627
637.069
703.855
685.952
673.414
656.908
676.402
711.591
639.091
736.285
616.347
634.527
763.849
695.057
641.402
771.483
712.943
650.001
778.831
677.897
752.335
665.864
593.313
756.092
848.456
731.201
685.153
601.897
630.576
694.064
668.458
745.174
627.195
694.212
681.219
678.799
685.096
736.461
627.9
684.672
725.454
709.329
668.055
654.163
636.743
655.15
650.519
675
791.614
660.825
734.439
710.771
659.082
646.241
725.237
630.867
726.318
710.266
685.189
611.87
693.198
706.895
639.659
733.288
691.79
787.709
689.462
731.756
652.247
664.479
616.091
661.117
678.238
796.101
698.758
637.905
732.982
671.654
692.828
712.454
699.441
594.397
691.485
645.131
745.939
705.46
727.877
734.441
675.314
652.581
766.758
666.953
645.371
647.993
693.298
692.257
708.415
730.995
717.68
733.719
689.022
705.565
759.196
695.505
631.148
803.455
672.732
613.031
627.773
708.039
696.446
686.531
632.071
610.929
676.131
680.372
576.586
661.612
682.032
775.488
714.971
678.868
710.314
830.274
661.193
612.313
722.304
742.663
622.007
635.772
695.448
732.638
600.831
703.186
637.923
656.927
665.006
662.481
673.147
695.606
759.963
824.214
636.296
640.977
772.439
672.263
687.48
705.687
746.702
617.284
642.384
754.781
682.926
659.955
679.34
764.429
687.45
762.74
622.999
734.905
724.544
646.792
716.726
674.429
665.985
655.917
677.632
697.26
737.293
673.837
635.405
652.317
641.324
733.534
588.685
624.593
709.162
654.549
664.831
663.81
738.437
694.982
675.146
756.268
688.987
770.593
814.179
680.984
629.984
607.871
679.9
693.476
653.422
589.603
797.287
676.949
712.791
748.992
629.135
696.262
641.406
763.712
681.105
675.227
659.858
762.962
574.362
704.279
657.381
669.597
718.619
658.221
740.461
706.051
789.948
631.807
698.828
643.134
702.898
751.033
674.265
734.434
626.592
743.986
768.579
676.168
656.822
758.951
737.143
805.827
730.998
678.611
656.106
620.649
618.837
725.909
648.673
653.394
692.007
697.235
678.528
792.453
738.664
766.503
644.087
589.86
634.666
684.626
638.694
689.379
639.669
690.933
695.783
673.057
697.383
656.156
681.294
727.954
662.52
733.955
707.368
654.886
667.129
698.726
758.032
685.348
706.591
736.333
694.687
637.948
680.256
600.051
696.83
680.046
667.957
628.616
667.252
676.368
735.997
717.683
700.682
669.459
787.783
657.576
649.156
706.631
716.986
766.644
693.423
609.71
720.738
668.518
739.316
674.172
740.465
757.29
731.395
678.856
637.475
651.114
710.274
568.11
754.628
689.286
741.843
729.959
652.148
591.607
742.612
771.871
658.726
618.339
719.099
783.924
720.411
722.402
714.425
593.761
713.875
722.295
580.44
696.995
739.464
705.614
625.484
691.95
727.704
619.718
672.296
727.718
654.371
700.679
608.121
694.349
642.946
704.737
745.93
678.789
752.404
705.764
607.533
707.984
670.993
671.116
671.92
694.484
613.614
592.138
712.352
698.263
729.013
609.444
761.13
630.16
659.736
773.489
673.416
647.4
750.301
724.942
621.334
731.28
747.92
686.854
727.797
738.003
651.568
743.111
718.414
716.153
649.97
595.435
647.094
688.148
757.244
682.388
633.121
669.39
687.64
594.064
658.223
646.056
693.185
721.415
637.321
762.433
744.324
614.731
748.269
761.248
646.265
669.061
664.88
687.472
689.454
590.639
677.874
592.218
768.444
740.306
673.065
859.458
670.276
715.648
626.744
685.243
740.078
651.778
733.549
690.709
718.416
781.208
759.869
650.078
693.296
669.185
756.934
729.446
673.061
673.626
661.094
769.941
722.711
708.481
591.267
687.553
693.378
743.276
636.182
643.498
671.891
781.486
715.614
640.35
703.204
661.755
596.048
735.905
714.056
643.687
790.303
737.018
694.866
601.849
749.358
611.898
658.913
622.333
667.895
665.334
719.837
711.351
678.888
717.036
765.907
696.282
701.14
668.587
687.468
733.54
687.852
701.36
664.482
583.138
758.959
679.267
671.938
628.379
718.407
691.508
765.764
729.427
730.608
771.037
642.708
631.939
671.076
720.917
714.052
661.765
696.956
614.468
659.57
679.503
701.233
704.428
663.125
653.444
639.259
686.551
662.337
693.149
605.938
620.404
718.269
739.053
715.678
611.004
753.614
735.071
585.574
675.15
706.619
569.117
749.314
727.055
618.79
754.28
709.372
690.915
836.578
650.909
734.407
612.897
604.479
699.689
577.098
646.55
715.199
629.068
675.676
681.711
713.181
680.73
726.758
686.677
632.404
702.997
764.875
637.791
714.938
654.31
710.575
633.189
801.507
725.042
670.039
702.343
655.656
690.087
671.363
619.3
691.193
644.173
653.529
634.786
641.992
733.651
712.536
710.57
641.444
751.21
683.381
708.612
690.582
768.596
660.732
777.34
686.962
627.333
766.487
657.831
814.514
710.993
637.111
645.294
724.966
615.452
702.666
611.56
720.87
701.595
704.474
585.137
677.094
647.814
718.799
736.739
720.964
700.689
664.501
696.004
756.462
699.391
721.691
704.407
661.038
652.154
662.861
668.833
671.324
669.658
653.259
677.307
706.975
838.581
746.113
621.609
704.507
649.984
698.373
687.072
637.864
735.316
681.347
685.094
769.741
674.603
651.266
755.226
793.397
689.905
746.116
791.578
675.044
668.492
711.711
615.888
630.477
692.466
651.683
697.874
601.119
731.658
720.088
775.944
716.933
734.053
671.523
652.532
663.578
691.643
716.815
761.155
704.021
719.271
735.819
544.131
761.997
683.057
690.546
620.104
691.836
723.876
670.433
696.789
626.353
656.609
719.829
712.044
751.895
580.543
702.664
669.325
674.588
687.786
632.961
612.099
671.088
757.79
711.483
690.162
671.988
615.663
658.274
663.49
665.931
604.561
673.438
740.113
677.222
724.835
660.935
695.479
677.515
637.566
620.962
728.22
708.831
606.509
753.822
602.458
697.468
704.95
674.873
680.591
657.04
660.554
730.562
714.8
712.256
616.279
698.545
587.177
742.866
726.311
742.828
644.299
774.498
714.602
702.304
686.344
715.107
668.538
650.236
659.506
552.555
708.215
663.082
689.607
689.603
659.783
721.647
724.586
628.123
668.061
730.679
693.614
647.646
722.514
666.922
675.287
679.083
758.661
712.691
754.884
622.042
595.907
687.512
739.16
704.05
678.313
715.677
762.89
652.195
650.528
688.744
698.349
661.337
680.42
740.108
641.442
689.159
655.455
608.144
666.933
728.194
685.537
644.07
693.333
646.675
742.112
629.089
724.079
657.586
557.291
684.51
678.475
705.661
774.81
781.512
686.574
671.411
779.946
710.67
548.053
663.979
680.703
624.839
599.614
671.159
665.901
742.38
726.03
708.939
679.021
752.154
786.227
673.527
722.381
659.613
697.979
608.345
714.256
656.232
650.365
738.244
602.722
677.409
661.716
611.941
707.722
720.938
587.2
739.806
596.054
587.131
656.413
602.356
752.638
637.024
697.269
662.485
716.06
699.403
675.39
664.116
590.554
602.996
710.215
666.127
701.438
745.637
706.642
650.423
640.093
668.159
728.702
709.026
780.546
732.432
686.35
703.384
673.069
681.072
735.465
675.558
651.491
785.086
714.006
660.214
685.335
695.798
703.092
688.372
692.947
671.067
660.582
616.043
687.877
696.508
681.739
724.079
683.389
642.692
632.621
705.706
685.959
630.08
713.661
678.263
614.583
642.114
665.346
670.755
806.053
675.004
717.212
693.879
651.678
637.312
675.857
670.924
649.961
653.175
624.318
714.002
722.363
670.074
663.899
711.704
642.054
688.648
717.866
631.051
679.067
653.718
659.914
733.986
687.234
722.727
632.04
751.468
764.906
641.906
712.787
693.757
737.614
759.039
721.868
656.502
735.458
648.824
686.206
612.893
723.102
714.2
717.37
664.537
670.326
662.002
681.999
826.257
845.475
639.503
736.657
611.266
690.083
655.401
648.304
790.715
681.649
634.296
730.763
694.022
589.525
761.108
759.333
650.645
708.366
711.122
788.058
611.14
754.789
769.548
677.081
770.856
598.37
741.137
714.16
642.823
745.138
693.994
732.106
665.955
552.917
740.757
635.991
734.786
682.242
690.581
615.356
628.749
752.093
762.967
739.564
780.034
728.411
764.335
780.507
731.065
704.309
648.606
648.653
666.333
644.926
636.249
734.496
744.793
693.136
769.061
659.463
690.917
689.431
701.362
631.863
620.714
635.704
720.02
759.163
708.308
691.431
688.783
717.549
693.066
678.83
610.515
569.946
608.644
701.853
706.15
653.229
636.346
666.412
596.908
646.523
704.642
658.007
763.69
722.927
674.304
645.245
688.514
681.989
638.559
658.953
654.684
713.159
751.089
632.794
674.238
757.383
621.908
728.416
643.758
672.542
732.484
704.504
677.223
730.553
658.843
748.303
621.307
764.872
727.168
642.182
738.394
719.71
707.126
741.343
692.108
624.444
758.881
692.811
718.418
771.846
702.33
714.852
710.535
730.582
600.589
664.257
694.77
649.989
751.105
745.83
669.421
664.425
667.257
664.298
689.973
637.398
684.03
677.531
666.677
661.167
628.773
738.826
651.509
645.952
726.354
735.028
671.196
620.787
641.491
754.379
768.237
682.038
749.082
643.504
670.5
620.986
800.053
793.903
641.213
844.065
597.82
703.324
757.292
753.293
741.038
706.528
661.851
564.315
623.661
692.166
630.09
717.462
720.367
653.476
658.201
719.851
665.344
712.492
699.674
752.942
664.178
635.614
745.582
744.389
739.463
744.966
745.094
684.84
679.584
782.398
725.661
614.227
659.607
667.633
701.791
741.172
719.713
698.411
648.954
640.857
625.017
604.577
630.274
731.983
654.581
707.495
663.797
747.938
750.886
661.306
738.86
680.874
648.151
751.44
773.92
622.996
638.287
646.644
752.16
672.952
711.045
700.527
640.082
633.394
649.822
646.457
666.167
721.922
739.453
629.937
719.631
592.382
692.824
603.795
745.867
718.013
663.087
729.959
741.246
655.561
650.651
613.669
672.324
783.525
661.593
597.097
677.112
730.33
834.213
625.635
737.075
719.587
680.576
671.405
781.424
745.934
672.79
728.929
674.755
678.306
691.439
606.496
670.469
696.689
660.633
780.368
691.158
609.745
701.678
691.952
674.657
757.235
762.199
673.973
682.981
681.922
688.092
704.804
640.492
669.843
643.962
748.408
660.594
714.482
714.345
621.681
609.213
711.39
685.178
628.274
696.79
584.18
762.002
711.385
679.892
640.162
737.901
643.654
746.976
694.887
719.48
624.148
624.27
724.121
666.581
697.869
743.411
689.266
641.108
702.992
632.561
685.731
733.355
652.971
653.323
598.326
734.288
667.379
738.373
789.643
684.172
722.584
649.795
714.277
707.059
729.336
774.093
732.53
701.211
733.408
598.678
686.317
691.276
539.608
662.457
720.902
633.281
620.124
737.79
654.08
750.817
542.439
661.674
705.711
761.118
669.49
723.218
647.716
619.642
690.214
649.943
628.982
689.904
766.303
811.945
727.128
735.152
628.836
704.417
755.229
691.851
737.216
695.226
601.662
662.752
692.316
711.699
624.863
701.332
649.568
608.951
733.598
684.286
656.829
610.544
675.866
563.217
740.249
698.083
650.307
678.826
691.227
734.087
723.525
707.889
741.088
730.749
694.999
716.858
699.482
586.11
639.562
684.754
706.012
610.43
738.408
764.204
619.173
651.704
650.191
649.544
620.812
635.381
679.015
681.095
582.004
684.332
699.74
600.702
660.785
756.604
668.502
671.672
666.889
725.187
624.032
723.425
661.579
682.489
690.285
664.841
716.553
746.91
656.448
615.932
713.719
684.698
599.482
684.244
718.315
800.204
707.337
709.581
736.113
635.349
753.181
716.349
703.235
659.018
697.675
771.619
645.524
776.326
679.669
745.892
832.842
638.325
539.403
672.681
709.158
572.805
689.104
761.316
773.087
696.076
730.77
665.391
708.079
674.363
721.475
662.459
635.327
699.61
764.654
683.42
652.357
577.557
689.609
788.887
732.891
757.62
698.385
617.066
673.422
666.669
681.892
593.226
767.109
607.369
664.264
662.225
663.813
648.623
693.144
690.833
642.018
599.131
675.654
650.637
767.258
705.19
650.15
770.287
796.251
684.192
670.467
619.878
811.46
636.01
699.786
655.505
617.759
689.366
758.985
739.142
707.647
690.337
692.955
653.386
624.464
660.275
708.511
755.694
643.778
684.976
664.113
689.235
774.734
733.02
705.838
734.665
740.369
719.355
696.944
691.553
685.987
588.034
668.834
664.287
614.363
746.309
656.277
627.17
751.317
605.71
747.297
714.966
646.662
706.447
680.341
643.681
667.426
635.486
673.057
717.631
767.332
735.947
595.339
669.541
623.729
703.433
641.549
696.068
721.773
685.499
726.542
631.027
675.816
737.854
680.433
680.083
667.652
594.881
662.899
576.199
798.375
821.224
699.169
750.515
699.85
694.551
689.329
684.552
722.736
692.887
695.003
523.443
728.569
686.851
692.325
706.429
707.211
650.24
710.605
670.089
656.447
795.238
676.221
685.351
686.164
752.333
717.316
756.827
695.476
772.091
798.819
705.51
701.282
623.046
596.193
711.322
625.291
667.578
653.999
652.07
688.989
626.643
705.604
682.031
713.153
639.919
772
617.233
705.206
635.255
684.261
705.058
710.646
583.17
688.056
694.041
585.2
694.567
809.677
717.484
727.593
681.101
653.272
595.189
676.766
671.103
707.822
726.678
784.583
648.152
561.257
714.02
666.47
743.787
630.146
714.809
658.558
695.589
629.479
709.113
675.085
706.155
660.525
649.327
661.302
662.38
783.642
790.741
650.971
656.699
709.467
596.06
699.1
716.165
718.428
677.625
655.706
691.997
604.224
661.161
595.831
696.006
598.174
735.005
751.28
757.892
676.741
730.966
720.569
687.587
643.906
720.294
763.943
617.164
682.002
647.809
718.934
708.45
677.345
663.232
695.584
687.162
701.123
686.687
637.603
697.21
712.313
626.388
728.466
674.201
719.426
659.152
769.329
706.829
686.488
652.075
658.04
667.272
701.073
636.027
797.985
598.741
630.637
700.296
677.927
719.63
716.403
736.115
758.767
674.785
711.567
684.082
732.918
713.796
686.223
712.222
663.006
626.683
645.824
621.321
735.01
737.788
695.37
699.676
700.295
684.299
836.656
665.763
622.291
675.191
702.402
617.784
651.21
703.778
707.728
637.413
717.386
709.896
681.766
750.507
694.038
678.903
721.834
653.781
714.934
675.076
610.29
747.737
668.822
753.546
840.829
653.785
627.268
603
722.613
733.025
685.658
668.074
775.459
724.747
864.149
688.126
775.212
660.157
667.361
634.028
691.939
653.424
711.308
670.173
620.885
710.345
593.735
788.679
679.145
717.009
796.368
646.78
688.22
751.012
592.08
573.675
746.814
750.681
617.679
759.21
687.072
741.059
642.501
655.563
748.546
720.814
733.164
636.163
655.732
689.886
622.385
676.122
570.005
750.871
712.073
712.737
634.313
711.631
520.735
683.356
777.142
679.592
702.849
669.177
643.942
728.888
691.628
685.198
649.943
758.531
686.99
617.844
803.818
604.55
725.901
708.742
593.688
665.858
611.594
743.096
670.577
747.72
689.136
676.935
686.233
717.914
712.233
743.942
589.573
690.233
715.302
654.464
628.027
782.576
782.374
730.043
623.822
723.983
648.958
766.907
660.762
640.561
714.568
833.754
654.267
635.127
746.727
648.876
733.248
643.048
722.113
555.002
729.995
716.084
679.016
588.627
699.251
647.51
589.952
704.743
658.579
617.806
781.517
765.479
656.367
662.553
708.25
664.844
718.126
686.467
634.194
740.989
665.365
732.116
599.741
630.071
652.231
719.289
664.677
792.419
591.901
640.834
648.157
692.653
610.038
677.542
699.554
660.68
693.521
741.756
744.442
653.678
802.948
704.31
689.795
660.457
733.324
675.965
625.006
728.658
699.049
754.968
606.317
582.072
645.828
711.979
618.459
687.997
716.179
650.09
750.981
636.702
689.215
716.753
664.599
763.382
626.267
814.535
713.181
690.941
573.725
677.705
748.942
761.218
784.438
626.471
602.974
682.717
749.333
665.652
583.746
677.949
705.848
674.981
645.974
715.406
779.661
815.493
667.862
632.563
663.638
589.576
685.681
632.395
728.129
683.661
740.47
707.237
688.534
673.912
740.144
795.498
670.577
657.517
768.303
614.779
692.874
661.853
637.104
824.03
552.928
703.45
606.165
678.504
819.737
653.916
689.43
680.946
706.622
756.521
582.306
736.951
701.948
668.797
666.957
611.503
649.236
661.823
630.912
709.916
652.976
695.897
792.679
650.879
682.023
617.502
748.071
733.515
706.938
667.016
659.515
704.567
655.734
684.308
733.175
800.311
620.996
619.224
735.297
740.685
608.474
667.659
753.771
600.962
631.102
689.597
677.834
640.541
623.001
630.229
622.413
659.435
773.37
709.991
667.411
627.895
608.301
549.083
570.745
630.242
651.332
731.33
762.474
711.183
571.132
790.898
739.961
650.629
742.329
694.653
748.767
692.451
762.426
707.646
757.26
593.632
789.349
720.542
678.331
604.83
648.823
607.999
719.145
655.242
647.539
705.355
792.181
660.338
732.716
693.602
780.452
676.166
675.769
744.47
692.145
741.079
663.146
655.537
607.982
674.508
717.793
666.044
551.922
724.663
674.464
670.997
673.374
700.756
745.12
694.723
675.649
654.256
774.518
767.202
619.875
751.946
787.462
648.751
686.853
651.425
685.895
768.441
622.577
727.15
726.822
745.475
708.992
802.039
769.037
622.323
650.682
749.272
686.69
663.955
738.685
705.112
727.683
732.094
693.709
676.537
691.612
730.067
718.622
716.785
711.32
699.188
613.675
661.12
625.379
642.978
672.554
672.734
581.706
673.945
747.787
659.269
747.928
712.458
575.23
731.159
693.532
712.573
732.82
650.728
715.317
705.057
674.157
755.948
548.063
640.944
701.138
776.011
756.602
634.359
717.858
637.219
730.052
742.571
612.415
689.637
682.709
608.718
613.71
658.91
757.981
686.391
675.329
745.624
715.362
664.563
668.51
678.862
732.183
654.085
751.928
748.335
655.93
681.746
631.301
734.748
782.766
683.289
633.999
712.357
796.179
630.437
684.724
678.228
608.453
633.452
677.214
685.064
699.896
633.715
642.99
701.161
718.722
615.837
764.971
733.772
686.944
696.65
698.669
642.139
650.038
706.21
637.069
643.814
782.535
730.772
695.116
817.254
695.811
752.645
733.491
612.906
649.577
654.3
669.54
664.789
746.148
718.121
704.961
720.997
809.182
690.075
746.081
761.628
655.636
660.076
659.107
733.349
567.811
755.895
651.117
679.596
724.561
658.848
655.407
743.693
598.795
796.262
814.602
693.123
706.844
745.936
650.841
782.219
596.656
687.767
788.32
712.339
743.305
676.551
760.071
663.283
720.625
715.473
612.33
703.771
686.406
671.134
664.837
639.865
658.228
710.019
711.561
679.121
650.869
688.217
719.253
618.851
708.705
711.293
669.851
695.064
693.282
683.786
751.449
669.808
653.311
665.902
692.292
746.083
709.719
607.854
702.701
650.046
651.903
642.385
767.738
621.186
667.783
657.883
662.99
626.148
716.922
734.415
695.046
688.319
660.398
677.317
784.205
651.269
689.01
663.509
665.639
680.923
757.149
637.934
558.753
754.861
672.958
700.974
704.22
640.48
609.012
710.055
753.976
525.927
726.167
688.841
685.904
747.368
639.706
718.311
594.796
613.349
619.361
691.285
598.417
545.953
667.084
672.883
631.563
680.432
685.632
716.071
692.438
765.842
761.465
726.489
705.283
695.05
586.297
716.392
616.19
755.732
641.735
602.232
632.968
667.943
770.875
656.04
653.132
648.44
709.239
606.883
619.357
665.636
714.731
611.131
570.55
740.397
587.548
647.481
643.003
708.855
710.429
715.997
701.733
637.859
705.684
749.515
643.812
679.826
744.365
786.888
718.222
689.508
688.034
729.356
639.796
793.329
656.387
634.867
724.59
679.916
703.203
765.768
692.537
703.51
644.999
745.971
678.883
708.013
630.084
730.026
672.654
732.384
744.536
665.7
734.397
680.8
715.318
656.372
587.749
783.17
735.262
657.307
570.742
679.497
656.222
650.612
661.076
688.053
626.437
691.686
677.282
647.439
641.98
840.751
725.719
657.076
651.715
701.755
752.778
623.97
721.259
643.569
669.982
703.745
588.021
674.969
628.189
728.504
671.393
702.021
694.457
723.911
704.184
759.113
796.055
759.791
784.365
703.121
740.583
684.483
609.485
664.601
584.315
698.01
685.05
635.048
721.203
596.162
704.119
599.486
644.668
706.033
691.401
685.465
858.314
641.011
768.585
614.509
680.653
752.15
690.106
682.021
779.707
703.257
692.368
630.675
800.168
759.39
688.966
672.777
668.656
716.477
633.265
701.887
699.026
636.387
712.514
651.053
654.107
699.888
590.619
686.714
747.33
662.611
558.454
663.255
637.516
662.327
680.236
720.612
685.007
660.206
733.464
689.084
717.965
609.889
684.329
728.479
708.884
690.355
687.436
754.143
660.932
749.921
758.579
664.743
605.929
804.482
685.938
745.707
648.224
781.627
629.165
734.148
613.28
701.924
627.24
641.071
691.721
646.31
646.752
670.112
756.079
643.713
651.758
685.877
614.99
692.717
644.732
779.699
656.65
707.861
639.599
754.058
676.346
678.209
585.992
688.232
650.592
636.045
694.422
750.009
738.28
694.637
742.769
625.792
654.336
743.528
695.549
693.047
694.878
721.556
590.254
716.047
693.638
651.797
673.989
718.31
630.098
789.139
694.782
667.244
667.112
726.845
611.031
691.454
655.071
717.509
615.831
648.477
683.348
698.055
647.105
636.187
654.108
619.253
716.596
713.332
678.309
697.224
730.501
640.549
654.46
607.713
613.053
748.83
662.128
672.702
658.493
653.866
728.54
691.799
608.687
638.505
583.675
674.995
633.462
734.511
632.726
757.55
710.667
627.58
664.402
771.13
680.703
663.099
727.553
662.316
720.431
702.946
714.598
722.464
725.261
696.406
584.652
699.514
763.025
696.383
646.017
705.895
688.602
587.215
719.474
557.105
694.36
700.832
719.665
724.918
797.914
664.857
663.931
677.003
669.04
615.936
674.901
568.699
694.503
647.837
590.937
772.527
675.329
660.945
648.668
756.259
640.045
668.487
611.086
731.232
649.601
693.824
684.333
732.011
706.871
718.453
641.879
797.433
721.305
688.054
673.922
712.043
630.168
723.026
739.873
693.425
631.135
790.509
684.876
634.483
631.986
621.958
642.598
717.43
738.137
802.54
637.912
692.772
662.508
821.957
735.888
731.748
640.844
674.926
630.05
628.454
625.08
667.091
685.222
715.308
634.326
661.32
725.782
683.111
702.711
781.314
705.658
635.037
757.421
648.349
736.07
735.15
703.34
765.673
748.78
692.472
716.241
718.49
742.549
751.773
633.493
669.351
770.891
662.985
659.481
659.834
695.846
703.63
636.092
826.471
646.666
715.595
691.398
639.462
747.176
612.997
765.637
628.727
705.979
689.44
648.194
650.626
710.295
716.155
604.668
678.198
668.222
773.56
729.933
663.158
764.997
610.848
653.014
687.376
572.3
656.678
716.174
768.41
686.068
671.64
709.161
681.246
681.693
686.238
621.282
692.892
683.56
694.462
652.609
610.051
741.32
708.104
733.399
616.858
723.228
703.208
673.864
718.466
636.021
639.047
708.066
641.456
674.789
652.294
726.858
637.906
766.923
762.046
713.504
644.191
701.567
879.248
709.973
670.044
711.824
680.477
696.223
679.603
727.291
593.365
625.499
649.59
697.898
708.558
710.602
627.853
638.967
637.683
662.332
639.321
605.719
650.635
726.781
680.567
643.264
720.79
587.632
698.318
709.24
694.366
640.222
755.683
739.386
553.367
695.574
627.765
746.68
731.316
706.627
705.541
746.546
703.315
740.951
693.536
626.481
652.613
710.841
735.682
682.868
739.347
666.724
636.162
631.69
589.494
689.46
615.997
653.611
671.097
659.157
640.493
772.166
677.14
774.929
735.463
710.543
609.561
691.912
689.934
598.48
663.325
595.656
674.174
801.405
637.143
679.503
720.08
731.198
697.809
679.079
659.392
639.54
714.588
759.721
692.017
667.126
686.52
638.169
759.803
624.727
601.497
726.745
686.838
642.49
655.898
724.738
606.161
668.208
761.087
658.393
652.22
644.208
684.769
762.74
607.22
771.772
642.709
578.208
632.159
630.426
743.201
596.447
723.957
758.067
704.807
708.892
655.984
726.799
719.884
546.361
742.532
722.889
657.96
766.321
724.133
639.06
669.13
632.585
635.351
705.265
795.15
551.897
690.158
696.141
744.647
670.828
713.919
671.328
585.382
707.863
666.942
742.239
677.734
777.112
634.996
727.767
728.423
704.793
633.74
697.053
708.509
771.556
718.789
765.026
617.546
638.204
754.353
722.492
683.393
685.54
690.834
848.172
673.88
638.759
769.415
701.069
646.751
733.148
715.512
730.747
721.061
684.931
631.626
659.496
743.663
669.821
646.234
726.521
894.607
643.089
674.013
717.547
650.065
672.372
750.523
656.038
727.448
706.532
673.329
668.12
644.144
733.97
683.907
680.372
707.646
666.314
707.074
744.001
665.257
651.681
630.074
772.84
715.849
644.556
735.737
619.042
724.919
613.432
679.765
766.146
618.37
635.67
707.766
675.97
726.492
624.507
671.79
605.72
685.464
682.544
749.204
665.454
662.104
700.248
604.012
693.964
738.375
680.695
649.508
613.137
756.843
668.795
633.187
611.235
634.129
671.651
715.716
625.621
710.071
646.586
711.016
729.943
692.507
705.689
720.447
671.723
660.246
753.761
732.632
658.52
707.317
710.522
757.493
733.714
698.341
613.272
646.238
710.87
713.823
622.609
677.468
652.944
651.427
731.079
649.267
687.645
664.089
724.267
741.382
634.987
662.607
747.796
760.263
694.584
641.546
676.377
625.771
692.952
722.902
669.918
760.974
737.224
709.959
647.583
599.93
624.697
695.814
714.397
782.01
700.044
755.421
651.923
692.252
672.251
634.957
724.863
642.484
670.482
727.768
698.929
585.908
723.862
713.71
706.312
778.765
594.038
648.333
650.598
659.473
663.288
707.763
652.288
706.206
763.866
690.929
709.665
680.687
681.65
685.105
620.796
665.113
642.161
740.758
675.66
575.325
668.927
694.447
698.019
693.792
627.139
689.71
632.558
641.752
722.398
731.43
682.678
703.063
640.742
544.865
675.854
644.745
757.772
628.354
720.467
711.83
685.254
712.473
707.169
679.989
773.579
819.902
694.55
745.089
653.837
750.083
644.198
642.492
683.121
681.755
639.784
844.528
679.417
685.768
681.114
591.684
651.516
687.943
615.299
740.107
659.214
696.391
672.316
571.2
714.79
696.442
624.297
677.274
707.568
699.804
643.182
657.597
699.288
760.915
685.535
656.911
679.271
675.916
729.386
675.637
714.245
661.381
697.609
737.059
653.58
667.564
675.874
642.378
710.232
673.104
541.86
649.739
642.293
727.05
671.438
750.894
680.558
669.674
607.034
712.442
804.724
710.256
715.28
703.478
711.673
686.523
598.553
639.185
738.553
635.828
666.801
639.769
767.348
637.633
656.493
723.249
676.466
663.192
705.013
657.752
724.659
742.143
753.871
689.517
780.34
635.861
795.63
679.545
650.495
748.081
664.501
738.362
692.057
713.564
702.719
691.212
755.157
731.141
682.921
669.297
780.819
626.137
705.195
654.683
720.249
764.522
689.428
801.123
709.548
637.276
623.382
712.447
782.045
722.624
704.104
627.128
690.876
647.129
744.286
676.929
734.302
761.619
667.53
821.81
688.21
766.87
696.462
655.997
786.557
718.054
703.415
655.29
668.341
712.429
676.194
607.405
663.094
734.18
698.553
732.138
698.579
677.402
687.698
646.76
595.505
675.241
683.329
687.14
738.571
646.139
701.157
770.968
687.13
775.644
695.978
771.222
631.133
713.926
762.619
611.525
670.101
617.145
679.083
744.176
719.084
643.603
682.21
559.668
694.28
621.771
714.952
568.029
735.302
579.525
635.767
661.323
710.554
714.878
711.393
612.159
713.291
714.982
683.091
733.183
802.249
621.114
728.3
653.918
702.086
597.308
693.263
702.421
681.179
716.242
668.858
713.407
703.037
716.196
751.318
686.966
694.992
677.274
641.637
647.221
718.847
664.608
679.932
593.92
587.105
752.074
769.715
661.049
767.666
636.145
636.58
662.841
643.512
628.135
732.197
594.123
627.477
643.176
698.244
761.775
681.305
706.429
711.78
669.048
653.816
678.912
731.283
653.405
616.144
742.392
611.187
694.415
662.398
747.243
679.647
689.342
649.451
680.414
560.66
625.389
666.54
642.525
628.464
814.453
690.811
752.404
639.466
668.492
666.116
701.476
664.722
640.41
772.259
710.05
665.874
677.429
598.066
666.231
668.961
672.661
711.701
634.567
675.697
686.953
749.326
797.083
636.057
708.832
674.881
761.854
652.972
686.954
698.336
666.26
700.7
666.326
658.679
732.138
604.521
737.845
652.013
650.567
730.516
720.233
704.328
721.313
714.529
708.695
696.125
738.018
598.925
734.282
643.285
720.722
687.097
730.937
630.701
612.312
689.294
669.12
598.945
771.821
614.182
684.202
696.972
856.855
673.113
730.102
693.779
666.072
770.624
768.179
696.882
677.695
534.111
637.253
764.824
705.663
705.763
596.867
687.453
707.095
795.068
712.236
619.782
724.517
746.156
695.943
761.427
799.151
695.24
704.033
683.797
665.462
685.173
769.944
695.667
735.627
672.681
593.636
607.749
692.683
669.099
624.244
735.645
721.593
719.552
613.747
714.673
703.806
699.704
662.015
731.848
717.289
689.767
691.618
761.765
730.638
673.933
712.306
756.451
700.976
671.862
671.877
588.325
609.43
684.044
632.758
637.342
638.399
743.149
666.32
694.583
686.168
750.752
676.425
673.098
771.158
686.906
702.415
593.294
678.743
653.949
745.435
693.291
618.889
669.836
668.864
684.517
723.326
742.003
647.852
660.702
694.428
608.714
645.788
661.575
636.812
741.545
785.59
710.509
701.671
629.435
707.398
677.56
654.451
650.755
632.393
595.371
680.952
795.257
629.124
843.157
714.019
631.547
651.075
662.003
709.592
667.384
732.607
632.914
674.583
726.059
697.583
704.82
690.135
686.185
750.321
792.969
618.299
682.726
683.095
761.116
670.712
729.78
698.662
775.069
702.712
710.827
630.198
727.778
729.078
662.201
605.879
731.771
703.189
603.424
761.973
721.356
678.332
689.094
764.565
702.976
697.73
764.895
754.672
679.132
740.42
624.309
699.513
721.534
710.228
591.355
700.042
729.455
677.769
618.721
691.624
757.995
656.828
648.402
708.605
626.337
640.965
678.128
750.58
703.354
630.867
725.189
685.116
703.921
611.425
762.101
752.121
712.754
707.039
750.804
627.427
683.809
687.534
762.89
705.345
702.108
604.353
650.38
692.282
744.082
643.622
731.681
682.616
575.329
644.7
647.408
684.062
705.878
694.526
652.623
677.81
618.814
690.953
652.865
720.193
700.513
691.147
670.696
609.314
641.394
699.259
733.803
782.294
646.625
666.562
762.901
699.054
688.963
652.341
681.399
798.457
721.536
637.276
655.846
628.618
737.679
707.8
620.164
605.358
684.983
718.371
684.789
660.621
694.245
663.753
682.699
639.768
652.97
714.768
674.711
723.177
700.869
665.744
696.938
682.706
672.389
748.224
657.221
663.444
648.567
646.857
738.7
633.368
708.022
659.909
616.063
799.048
618.468
623.394
678.797
741.869
662.415
713.272
737.266
634.86
677.892
774.17
712.295
689.615
621.02
653.7
733.933
705.476
654.773
710.201
756.087
663.759
729.052
806.508
726.57
726.751
627.558
670.101
700.827
707.886
772.517
596.174
726.24
717.367
739.36
783.184
550.652
665.917
786.285
687
621.885
813.83
640.138
647.375
655.27
693.702
654.714
699.849
755.16
706.232
661.025
638.124
655.875
657.555
685.566
625.009
758.779
693.708
703.44
741.992
673.993
687.579
638.311
611.339
663.579
698.901
688.272
703.453
607.844
604.202
623.711
655.597
718.451
740.458
663.853
699.555
783.798
669.866
732.352
765.464
637.929
659.303
736.797
789.817
748.638
660.376
663.53
673.998
665.197
711.233
700.152
683.007
681.025
660.286
681.853
605.768
743.774
790.101
686.243
736.941
672.28
721.471
657.085
694.788
643.279
707.081
685.627
662.127
801.422
718.346
697.404
714.723
569.067
690.986
668.209
762.964
719.192
671.2
724.026
756.589
671.565
642.529
694.381
610.907
746.778
806.652
700.125
702.384
643.108
652.343
693.326
686.957
651.692
705.193
715.471
693.79
614.944
769.544
678.925
698.593
725.509
654.61
742.751
690.702
639.964
620.231
599.493
690.754
658.416
621.798
594.415
669.094
674.105
711.019
692.065
660.227
738.97
701.036
651.999
785.749
692.604
692.25
620.731
735.614
744.675
735.948
719.284
692.006
692.743
741.647
743.672
777.98
732.583
715.751
712.985
719.084
781.536
699.942
635.213
667.664
643.684
632.062
690.79
670.137
715.496
684.515
685.153
704.265
714.941
649.388
627.654
707.997
748.837
704.14
659.719
668.125
653.044
628.233
746.072
664.661
672.454
629.113
743.749
743.242
681.201
650.205
639.679
711.601
630.65
722.996
670.68
684.077
582.882
678.518
734.64
679.049
657.124
616.082
587.108
685.112
711.847
744.179
711.285
710.182
614.17
701.907
749.276
700.722
610.593
678.599
684.111
634.374
648.461
726.88
748.331
681.062
691.158
607.681
686.486
700.392
727.53
660.121
604.772
684.502
665.254
704.959
712.252
709.77
650.189
733.592
761.288
716.537
632.777
663.192
638.752
633.269
683.98
671.738
689.305
692.781
726.349
581.287
731.521
699.369
634.809
708.046
693.656
606.72
641.37
659.178
570.572
724.673
736.231
721.431
559.929
637.939
591.693
765.234
678.644
625.633
728.425
809.74
636.852
771.756
661.826
576.343
672.554
686.895
713.548
693.154
728.739
660.719
706.548
687.692
762.437
625.08
695.18
735.217
729.623
721.716
721.292
619.595
731.822
748.692
766.55
680.503
684.24
679.061
694.393
661.219
649.14
703.951
586.804
669.876
698.833
634.379
715.935
656.252
734.441
670.227
618.916
706.066
706.658
606.292
764.359
675.502
710.06
695.992
727.29
627.977
640.403
708.482
641.901
757.296
716.067
591.915
659.678
785.897
678.496
717.141
744.288
652.698
612.265
643.991
653.23
711.092
709.848
651.34
740.396
745.537
675.369
642.961
662.829
750.19
590.147
653.984
698.212
735.542
683.734
723.408
713.47
605.746
789.631
656.648
794.019
698.818
689.37
643.903
736.802
685.397
592.641
610.451
676.165
658.299
761.729
677.346
714.691
652.899
773.705
732.349
716.632
659.982
615.669
714.114
636.065
731.831
702.744
702.699
715.21
664.862
772.86
737.8
665.985
604.97
626.111
707.716
729.041
648.092
719.72
699.775
615.482
633.566
709.712
749.253
760.839
711.655
738.129
747.983
818.321
670.95
631.187
632.426
695.923
693.197
738.026
665.998
676.154
661.76
613.665
684.05
701.537
660.644
588.846
695.41
697.485
711.867
607.532
748.292
627.175
705.27
725.371
696.155
677.863
674.616
765.638
806.717
682.794
607.426
706.831
640.165
688.387
615.223
696.745
709.367
682.518
717.893
692.642
679.986
635.504
771.729
701.528
727.066
648.029
651.005
740.181
767.555
758.3
658.006
692.034
602.702
682.673
691.632
767.472
782.744
679.609
731.215
677.002
746.212
728.866
715.068
663.812
834.709
662.842
766.885
612.635
674.889
703.428
793.521
608.924
664.669
755.502
631.573
602.542
656.951
677.383
654.027
713.749
591.85
580.472
735.421
714.303
720.944
606.953
749.423
754.822
686.002
696.648
599.351
746.542
757.166
712.861
683.929
687.434
731.624
677.277
717.488
671.678
637.018
683.79
666.44
728.77
729.372
646.304
683.573
731.608
711.43
686.345
730.91
695.287
651.79
607.888
702.803
702.069
663.103
628.174
644.108
783.258
721.58
724.815
660.92
674.993
779.504
669.589
575.752
636.275
755.814
656.084
651.705
737.456
647.833
723.635
631.711
668.061
602.466
646.104
589.703
710.743
690.764
590.881
602.847
681.946
693.203
803.972
685.008
701.191
775.524
775.796
693.046
721.594
674.055
703.387
673.6
541.655
771.978
757.379
690.039
700.646
705.774
743.274
631.465
687.513
694.767
649.037
707.279
712.938
699.363
638.427
691.946
674.398
660.114
703.564
685.506
709.863
667.304
703.197
639.713
687.785
628.756
666.416
570.177
535.088
689.491
618.923
731.418
666.924
726.921
718.202
658.287
734.719
643.235
685.542
647.436
684.383
698.081
676.198
766.877
606.16
653.328
708.763
635.185
661.784
719.755
668.745
711.452
677.036
631.811
728.112
671.015
662.868
728.553
711.205
715
638.952
661.696
639.911
704.786
658.228
708.954
773.364
679.294
719.716
711.381
617.261
764.36
791.196
649.031
700.824
643.116
681.905
681.078
703.152
687.566
683.491
637.596
672.289
635.376
665.952
724.643
676.478
766.792
620.392
685.352
705.461
707.382
646.478
729.52
642.5
729.53
631.624
654.866
721.782
601.505
682.295
673.464
705.82
701.274
627.067
664.433
704.009
755.252
664.215
666.973
625.234
775.22
571.939
620.916
695.849
685.627
670.141
702.018
727.469
667.016
688.598
783.578
704.168
704.195
710.724
626.201
753.722
614.814
684.975
659.841
693.458
682.694
685.816
758.013
691.441
691.558
671.997
670.526
691.923
650.091
619.163
669.871
662.077
686.083
745.93
612.002
713.529
739.704
660.236
696.025
685.308
615.291
739.543
676.068
629.359
723.144
794.537
708.053
783.552
667.393
668.192
661.342
784.907
682.835
571.411
586.374
693.817
713.432
733.552
708.35
610.756
721.796
705.883
672.71
666.33
729.341
687.04
725.953
711.81
681.955
666.354
655.253
636.376
681.852
698.229
682.45
651.905
767.151
726.319
670.094
585.08
721.652
668.446
667.037
641.423
684.776
674.056
703.626
628.021
693.897
702.875
752.738
750.403
783.021
666.413
647.892
701.657
635.547
765.657
728.566
674.139
764.156
699.523
700.969
694.533
627.983
688.598
651.35
714.132
676.55
610.115
697.876
715.51
722.441
685.673
693.492
688.039
759.546
712.612
615.626
642.016
717.944
763.947
650.115
728.631
678.629
689.382
764.617
636.681
744.956
789.669
688.327
586.862
725.232
694.938
690.36
656.687
689.509
699.18
684.377
735.09
661.87
685.65
695.877
664.791
632.706
626.973
619.758
746.596
791.597
743.318
827.063
676.696
619.023
735.998
626.152
636.961
642.909
632.245
633.748
651.112
667.514
599.463
682.477
642.535
642.756
661.212
782.649
652.966
640.993
678.573
702.612
667.288
821.138
786.426
711.413
659.402
610.22
661.692
570.951
742.816
735.126
645.137
620.925
791.011
615.689
599.543
667.122
637.522
611.844
722.786
719.084
803.487
710.403
700.101
706.094
634.544
734.22
663.197
671.791
730.895
660.705
694.878
748.919
729.883
664.714
720.496
832.102
681.428
742.844
655.566
698.784
642.008
614.322
736.407
567.625
758.093
662.1
682.421
598.76
728.314
725.591
691.487
683.406
760.503
697.978
691.416
751.458
690.912
756.794
732.091
676.995
689.092
703.7
656.076
672.496
673.331
682.69
694.632
757.092
610.103
730.978
782.092
621.723
707.974
731.879
681.4
724.052
694.319
645.799
648.038
656.425
668.708
710.27
652.867
717.096
707.144
743.283
683.344
644.59
673.411
702.414
731.378
680.349
683.505
668.623
690.96
703.076
602.975
653.31
706.474
705.467
685.738
595.374
707.358
675.87
716.085
655.933
642.074
650.863
742.749
628.139
576.658
683.367
623.514
637.476
702.605
720.115
664.735
682.443
690.337
594.89
706.456
657.05
730.16
692.339
711.678
692.784
702.903
600.188
746.69
635.268
657.592
746.226
663.776
616.161
700.443
647.354
672.385
719.523
783.655
673.685
654.475
602.04
611.291
624.638
580.602
650.541
709.507
675.96
631.134
640.776
716.902
753.201
750.06
664.171
595.577
695.978
642.279
736.779
676.92
757.303
596.276
570.751
778.577
620.792
640.788
694.079
681.45
690.99
682.714
730.952
696.245
685.07
623.211
581.713
758.069
689.205
694.119
621.208
753.039
745.021
697.343
806.579
683.635
671.101
645.66
661.989
680.407
777.049
732
742.236
780.39
725.535
725.431
592.609
696.298
647.778
748.352
680.167
712.344
746.126
738.213
763.748
701.254
674.095
742.795
588.807
668.841
742.864
639.074
765.951
680.054
705.928
609.377
737.6
756.613
744.418
686.938
604.767
677.684
685.436
735.294
642.216
697.025
619.496
697.934
604.935
676.541
723.328
689.242
739.875
700.294
728.503
673.463
629.156
675.465
582.687
776.883
663.027
645.096
692.058
585.176
731.48
591.734
685.399
654.625
720.807
716.146
640.717
615.908
653.53
577.027
677.613
660.79
764.287
713.508
674.399
759.337
686.776
590.928
629.164
706.664
719.049
782.156
665.287
734.088
701.562
741.588
601.606
755.984
692.852
699.756
713.517
609.815
683.436
663.576
699.522
637.091
666.931
703.349
623.887
574.338
646.056
656.121
770.567
670.567
689.767
659.307
748.734
713.843
688.422
674.776
682.896
609.108
734.071
639.366
654.233
589.701
712.152
804.126
728.264
703.31
678.353
664.078
691.072
791.238
663.19
739.873
632.882
681.052
757.883
699.446
682.362
728.306
667.308
661.38
635.853
634.499
621.86
698.732
733.601
732.805
683.168
719.86
714.192
649.597
818.146
692.746
658.385
616.778
743.524
661.662
643.898
613.523
680.266
629.644
732.332
623.603
643.968
749.46
701.935
709.02
752.039
718.375
747.171
644.191
644.209
727.866
702.506
662.958
723.21
723.325
641.22
772.433
663.014
779.828
637.315
679.765
674.609
697.767
682.5
696.111
771.122
670.272
626.354
665.031
653.36
686.483
696.932
630.69
695.347
780.202
657.108
721.362
605.142
710.793
665.605
592.495
721.205
612.149
671.742
668.442
718.816
688.96
711.306
624.834
672.204
667.584
684.395
651.311
683.163
734.173
611.634
645.722
691.426
715.212
668.918
755.725
633.215
709.001
664.522
690.88
691.76
667.024
616.939
721.296
685.333
704.765
594.823
702.291
738.658
743.116
753.892
692.552
549.873
708.746
631.001
739.402
653.044
653.326
641.014
773.497
663.416
716.156
720.514
786.237
641.789
680.441
643.141
710.239
639.656
798.226
592.219
652.121
674.636
629.597
717.786
712.783
770.461
611.279
647.271
706.362
740.085
609.304
625.27
682.866
750.515
633.183
698.759
666.059
702.229
676.129
645.642
557.835
648.637
631.731
626.56
696.157
700.793
709.059
556.267
635.681
703.433
715.233
602.815
622.852
675.629
641.747
600.228
690.46
688.544
680.686
668.064
643.937
637.724
700.743
722.25
669.135
655.435
717.653
725.387
589.483
666.71
813.784
709.519
725.743
649.784
685.203
720.379
647.538
656.805
685.084
711.141
824.974
609.447
689.537
646.503
633.766
736.273
599.689
662.585
735.119
615.809
638.815
686.638
604.828
695.455
700.606
627.979
648.218
737.171
603.537
688.275
678.099
757.318
614.745
706.275
670.703
686.92
632.462
685.709
576.937
650.666
673.581
675.329
660.864
699.362
622.56
675.836
653.324
651.556
763.929
739.784
643.123
691.229
698.382
749.329
670.208
650.269
745.567
703.688
702.062
772.208
649.917
756.768
641.185
698.502
642.944
624.231
636.414
698.731
726.538
706.388
722.079
656.911
670.241
774.36
752.173
713.814
769.869
715.807
643.886
714.421
699.057
687.017
654.881
701.284
741.781
707.217
639.604
637.233
703.662
713.259
689.08
619.819
667.484
687.779
726.759
677.653
707.38
688.116
800.388
628.696
598.012
739.739
734.557
666.18
660.507
637.399
756.369
713.831
615.814
746.883
715.42
710.661
707.931
782.794
866.729
741.531
717.012
643.968
692.476
686.173
664.526
787.683
725.372
578.112
726.84
694.505
637.376
650.846
639.934
705.851
610.413
754.328
533.367
629.492
770.008
709.796
607.715
684.909
662.852
692.997
715.646
665.201
682.26
679.96
688.702
710.151
737.007
731.486
683.841
681.633
724.774
701.237
677.613
756.864
723.424
652.939
650.994
798.508
619.445
697.262
656.24
688.581
705.596
662.128
673.057
697.663
795.438
722.428
726.714
724.908
683.308
679.075
711.138
669.326
681.398
780.407
660.046
652.44
773.254
641.173
676.52
663.741
693.096
643.401
696.477
731.978
630.845
674.671
700.654
659.192
715.677
661.133
694.297
769.252
695.723
734.746
689.645
646.31
693.769
699.454
650.308
695.318
661.343
647.161
645.922
659.352
689.337
672.346
639.064
741.082
611.753
658.074
609.877
634.427
641.895
730.64
722.408
740.144
708.857
647.667
793.006
672.871
702.269
717.862
680.027
619.453
642.582
656.558
608.422
624.147
601.773
669.841
693.275
685.494
685.297
723.283
641.805
785.288
655.266
583.204
749.807
627.663
716.021
703.689
815.806
686.922
665.921
669.425
744.643
649.069
660.417
577.593
697.911
756.019
765
673.133
751.683
711.871
686.004
698.915
724.648
635.887
630.019
718.44
615.643
675.451
679.12
707.794
677.664
692.2
693.201
613.135
661.699
762.958
567.662
668.551
638.314
723.519
668.471
730.181
780.999
691.157
689.774
691.303
747.193
742.43
763.221
715.962
711.953
774.287
679.393
718.515
771.95
715.287
632.19
705.184
765.692
783.5
615.362
590.77
676.052
655.558
640.68
679.558
631.447
699.65
575.876
700.962
774.432
669.442
713.488
732.94
654.668
692.99
713.068
674.986
594.779
704.01
726.981
702.422
702.773
639.952
643.917
714.689
694.955
767.08
658.785
692.61
679.423
740.059
671.055
650.723
687.2
610.026
703.639
699.684
631.252
701.917
786.586
633.165
635.176
723.052
724.084
717.783
736.147
650.886
598.426
690.905
753.474
665.12
607.019
712.613
706.166
692.423
811.439
652.903
737.245
742.206
588.709
782.069
627.754
646.456
752.838
730.661
665.043
606.794
646.935
764.243
639.109
717.223
723.198
650.126
707.055
714.22
663.288
611.991
759.166
766.114
613.744
711.185
702.259
699.948
765.939
676.868
678.767
731.459
669.169
683.285
594.112
661.281
718.856
706.189
693.921
743.059
697.217
601.686
644.917
697.714
713.054
677.504
671.215
643.662
682.091
735.033
689.446
679.209
699.184
746.828
618.299
620.746
679.302
720.434
598.091
639.597
637.78
787.838
676.288
623.232
720.781
728.062
648.004
680.128
697.364
740.326
661.983
758.045
861.286
764.203
664.346
705.403
642.477
679.493
702.978
699.666
702.602
624.248
636.616
782.663
671.481
665.377
694.36
668.687
692.352
667.688
618.053
746.484
690.291
731.779
681.401
786.129
681.826
745.996
693.709
696.863
678.437
689.345
610.778
726.394
627.406
688.42
736.17
638.677
776.957
774.878
654.489
584.007
786.335
860.972
683.088
639.401
705.793
720.606
744.023
694.242
795.855
698.2
682.33
675.566
686.968
614.242
743.829
670.267
668.195
662.581
724.257
547.638
635.144
714.386
643.34
675.243
720.117
682.408
589.692
650.55
721.127
717.716
739.322
759.933
669.657
766.574
653.506
749.344
653.838
650.65
726.131
699.649
649.033
773.035
680.385
675.391
730.776
620.541
639.419
773.016
791.666
685.692
691.499
626.643
723.795
710.556
628.73
701.001
639.924
671.532
724.396
641.04
613.74
619.594
768.617
687.416
680.725
653.818
659.427
841.645
689.471
649.204
670.876
651.212
649.873
711.447
712.773
652.448
815.455
705.001
739.625
691.749
649.697
634.617
756.691
669.816
698.145
687.361
674.952
644.529
626.39
657.141
648.133
719.299
621.438
611.431
657.598
631.868
674.243
776.049
673.057
691.126
725.558
684.983
699.217
711.846
696.772
705.217
618.304
579.092
679.57
625.185
754.21
680.297
662.69
705.364
741.26
666.113
714.344
769.568
678.229
634.624
775.37
645.537
658.556
830.061
668.575
616.904
592.115
673.378
565.553
654.013
717.391
750.811
725.013
669.21
806.198
760.586
653.328
696.856
583.274
717.424
671.2
696.867
660.216
758.648
631.325
737.492
696.042
660.705
680.782
713.915
718.629
643.601
640.697
614.897
802.266
627.046
691.828
710.343
652.647
603.164
658.946
697.161
726.137
598.958
618.793
780.774
693.291
661.296
698.973
642.599
679.028
687.42
717.392
728.783
713.197
655.385
689.403
783.759
664.107
699.926
641.945
763.771
659.498
756.858
716.742
692.278
658.51
653.417
712.305
648.778
616.478
711.454
653.855
717.738
625.293
720.3
665.09
770.118
652.3
605.706
804.678
793.234
629.402
714.985
758.184
741.274
620.954
650.375
739.105
589.657
760.346
678.728
669.221
599.557
681.34
728.73
691.118
670.508
668.87
802.629
692.536
755.896
702.657
621.524
688.877
716.852
636.84
677.366
660.845
592.488
685.054
723.127
631.152
805.979
639.414
594.061
720.25
618.739
713.214
716.936
656.039
718.902
731.108
665.888
692.769
655.397
699.67
655.024
731.136
694.184
626.213
665.612
677.913
728.505
710.586
659.354
763.146
729.784
669.974
741.086
654.813
662.786
693.087
695.422
650.576
652.001
719.231
708.056
784.917
668.752
663.727
733.841
692.646
614.014
678.957
718.633
677.49
697.526
709.156
690.787
689.088
758.666
678.847
656.35
647.195
673.356
686.277
700.316
663.763
757.289
667.068
657.147
724.983
716.9
635.538
624.32
623.065
666.746
784.372
693.124
701.952
645.897
754.716
582.025
716.06
768.477
727.697
702.198
729.172
688.775
624.493
713.058
622.446
635.466
730.688
697.803
592.502
699.821
750.969
714.513
662.626
613.709
704.388
657.916
632.197
681.065
621.778
740.584
827.072
698.975
744.066
696.084
757.035
733.406
614.585
735.359
729.94
752.461
625.483
656.127
696.833
740.613
652.896
630.257
531.131
690.196
713.039
672.519
619.152
728.689
634.112
674.222
648.57
822.688
803.181
690.581
694.29
668.625
664.961
764.03
698.284
693.295
720.047
589.504
688.104
666.431
612.505
677.922
744.099
661.775
724.127
667.016
667.906
565.439
733.9
808.354
712.611
766.315
681.593
596.761
659.253
594.863
651.574
627.005
682.493
749.235
706.054
713.928
614.119
677.862
668.733
758.504
649.934
762.166
696.859
673.196
628.157
643.182
775.813
652.336
716.012
710.791
682.699
727.709
694.976
690.829
749.213
730.016
586.303
654.793
719.88
600.292
718.406
534.253
736.119
760.514
706.169
687.681
707.34
789.453
723.885
732.551
709.098
677.987
692.849
659.518
675.13
673.434
629.223
675.942
643.943
698.26
723.266
654.684
666.815
725.972
636.193
776.774
693.989
690.445
654.953
699.064
698.182
665.42
711.069
693.677
704.871
699.597
694.254
769.76
640.768
715.12
752.369
627.205
598.645
672.763
640.259
707.648
700.693
626.393
708.955
722.391
726.303
607.886
759.282
711.423
677.94
689.76
678.473
774.988
671.6
750.715
759.296
704.91
712.027
672.187
745.889
689.287
713.598
683.638
690.455
598.256
625.744
664.052
627.416
588.97
725.071
704.515
630.78
692.148
666.775
679.341
636.503
756.164
761.036
633.794
728.708
662.923
796.828
669.7
659.224
690.009
675.677
747.02
688.284
677.595
590.504
678.653
729.898
769.657
647.033
716.642
712.839
685.15
688.078
652.75
764.797
801.66
600.045
675.648
697.116
770.947
684.866
608.708
653.189
674.668
680.213
647.899
744.134
602.218
667.979
646.051
620.112
667.88
662.428
742.537
653.865
796.399
605.95
688.535
705.917
735.357
698.218
640.079
770.222
662.469
751.177
683.3
593.556
636.284
703.412
764.867
624.265
758.254
649.129
749.177
665.589
681.53
724.577
749.678
591.859
678.95
686.086
624.333
695.222
644.115
763.958
744.908
637.651
682.452
700.634
656.897
765.516
731.108
657.043
626.632
646.218
730.072
695.584
752.867
720.897
835.574
757.367
847.679
670.069
701.261
683.654
787.969
658.953
667.738
663.62
764.315
704.597
599.456
810.166
661.123
679.701
724.972
723.743
678.518
696.056
648.754
667.927
643.924
626.601
593.178
682.445
760.811
678.447
773.514
606.56
674.732
743.451
678.796
706.038
673.79
706.891
688.892
730.43
771.19
750.884
639.719
667.229
729.396
642.376
681.957
701.178
740.166
656.286
642.923
627.9
730.852
699.291
657.199
611.571
582.103
630.203
645.224
719.413
716.186
802.208
706.405
805.661
655.341
780.364
610.9
612.922
667.073
667.75
750.622
768.278
640.685
724.029
755.401
779.709
726.496
641.484
619.904
622.238
703.421
672.047
636.564
747.027
759.25
647.974
710.159
663.246
709.452
758.471
670.753
642.502
674.027
731.157
608.398
714.016
656.227
697.751
579.597
799.383
719.841
763.91
687.197
677.825
733.805
633.472
747.906
702.345
661.14
704.328
781.528
688.992
680.371
752.858
757.449
659.585
657.16
598.013
779.251
644.01
580.569
664.292
830.456
726.326
734.153
668.299
738.937
668.029
746.612
649.136
666.915
660.075
685.597
587.176
717.632
727.7
628.882
672.421
552.695
664.125
641.858
704.654
790.602
626.958
612.747
586.265
632.946
729.891
786.813
786.795
783.579
776.518
706.897
680.431
731.782
653.816
758.63
744.309
668.401
759.879
645.342
626.289
715.093
730.632
601.723
632.935
613.029
658.72
678.725
654.414
784.618
688.942
721.785
744.395
677.724
709.88
649.665
675.593
690.401
576.268
640.237
656.394
637.925
702.331
765.688
674.057
699.157
752.546
675.58
647.901
636.587
591.156
703.07
664.302
784.097
698.653
821.422
786.696
672.772
715.621
749.735
701.308
720.708
700.51
721.193
663.76
676.864
748.033
708.34
695.349
658.276
711.518
656.884
663.271
680.923
699.998
653.169
615.125
761.017
651.803
702.154
606.294
752.829
675.595
764.532
649.788
688.565
593.559
673.135
670.001
674.396
667.089
638.227
850.854
684.502
662.797
699.143
731.244
708.41
675.583
638.974
675.011
634.086
760.534
598.684
645.08
710.705
687.497
668.31
770.387
674.188
728.943
791.619
558.883
659.797
721.17
707.466
735.372
731.883
651.392
611.988
703.004
683.48
692.915
667.951
676.834
744.59
727.393
694.537
678.375
756.001
662.463
703.05
665.746
685.864
732.087
719.88
645.737
715.073
611.513
675.239
741.164
738.244
734.356
657.514
633.679
718.743
633.051
720.745
709.755
706.32
640.382
689.665
818.777
714.584
688.224
705.699
734.802
717.34
635.857
695.822
717.775
635.206
644.433
749.584
588.526
728.737
705.295
749.103
641.119
737.499
739.332
679.209
667.395
707.008
597.149
660.847
624.525
771.761
687.835
679.533
653.629
741.589
643.179
739.732
661.717
697.574
669.327
641.967
623.322
662.124
679.24
781.228
750.061
733.306
714.744
733.757
671.863
711.384
544.805
762.058
730.12
692.728
703.677
621.571
663.151
733.444
732.75
638.935
651.78
647.469
668.107
699.012
599.748
662.385
669.596
626.933
763.446
669.013
707.585
787.914
621.463
630.611
772.451
629.741
745.126
741.567
789.229
697.935
653.245
749.897
774.474
618.731
720.628
699.27
803.787
698.364
648.16
760.313
670.446
737.265
638.069
699.502
668.077
695.784
568.458
670.457
715.926
685.685
628.663
730.808
676.18
675.885
532.926
612.612
717.238
642.276
780.265
727.921
715.518
652.404
718.91
689.976
599.103
663.231
641.54
678.703
687.613
687.318
650.383
725.367
717.248
651.28
636.078
712.094
720.805
651.757
647.556
733.163
680.305
714.086
750.541
753.827
645.565
679.845
667.143
681.958
703.32
678.294
670.759
717.663
750.041
704.127
689.831
686.962
633.727
704.712
734.814
705.237
628.433
766.979
657.951
690.757
715.664
747.098
712.135
721.865
695.472
676.09
641.336
679.886
651.845
638.293
655.398
626.1
722.861
669.188
631.452
648.507
656.477
680.76
695.759
645.272
633.929
743.325
699.851
726.717
574.91
696.421
706.87
603.06
685.66
777.379
651.345
654.184
710.467
644.263
741.93
626.565
690.37
682.778
705.027
752.672
764.327
666.927
736.922
702.572
610.841
732.771
764.421
656.634
776.094
637.638
743.205
644.285
670.812
630.739
692.053
709.368
608.302
595.541
796.175
608.082
626.013
622.554
696.349
763.709
773.011
770.429
739.141
608.387
668.886
687.407
635.231
645.058
617.77
599.787
700.73
783.075
674.619
700.777
711.18
623.922
685.419
757.507
700.27
709.422
617.256
670.541
690.427
701.153
665.844
787.346
636.15
713.723
616.531
556.517
688.558
605.869
678.791
700.745
637.519
679.875
705.804
666.521
657.724
701.576
693.5
657.935
751.071
665.623
755.927
684.305
648.376
674.852
740.588
674.618
802.072
620.223
658.964
709.697
638.079
667.768
661.388
669.628
679.964
711.975
667.322
702.853
649.636
741.078
616.89
671.6
655.447
628.869
718.791
790.778
629.505
676.081
816.732
671.096
769.061
721.257
751.951
678.455
699.34
720.754
692.248
677.854
717.263
647.568
676.831
732.104
707.584
737.609
723.772
656.716
708.193
679.078
650.24
676.531
604.838
693.359
660.618
702.997
599.603
712.645
614.559
693.156
692.963
689.455
723.116
699.331
680.709
681.128
685.56
681.262
737.564
630.926
628.243
650.707
730.001
755.69
759.257
700.16
644.059
666.861
704.248
622.118
616.277
689.349
648.674
612.131
693.234
562.011
612.32
698.757
627.441
700.647
660.219
680.189
816.173
660.19
719.381
587.564
642.195
723.604
736.313
614.298
742.705
692.643
693.823
677.515
687.223
720.701
651.805
752.302
799.158
675.558
713.624
657.786
730.364
675.489
660.465
746.526
693.702
614.724
728.507
711.989
701.538
591.589
614.875
661.873
728.635
672.988
824.726
678.274
702.203
816.244
616.477
771.792
720.189
683.156
695.839
721.073
817.466
612.771
710.092
598.451
695.626
739.772
726.393
725.521
690.529
581.305
713.583
615.232
715.343
629.492
830.755
716.019
694.353
579.292
627.372
699.432
736.535
700.978
681.495
602.192
724.581
665.696
739.505
769.151
657.6
636.234
675.12
659.712
679.474
657.782
564.934
674.093
656.325
695.249
730.077
649.213
807.037
620.201
660.661
657.317
692.606
673.196
791.838
696.827
680.002
652.989
736.669
655.981
765.959
723.373
747.384
772.76
658.782
767.124
609.078
610.182
729.428
685.372
751.327
658.81
718.707
622.849
739.584
741.286
621.632
771.528
735.353
612.485
728.314
744.623
680.251
773.659
613.203
666.858
661.18
667.099
674.551
689.501
707.741
765.581
664.595
699.832
619.171
616.367
729.526
709.79
676.32
604.925
751.242
670.78
704.809
753.024
718.177
734.514
796.921
824.867
691.183
725.771
725.027
703.257
648.345
748.036
724.377
670.696
602.395
658.735
676.493
700.096
656.692
679.837
662.587
732.869
773.093
630.609
681.88
567.485
776.301
722.627
771.932
792.7
756.315
747.473
680.349
707.139
648.356
550.785
786.933
726.979
685.068
558.605
590.277
718.517
672.608
802.982
690.891
607.193
764.431
682.982
590.75
685.381
701.623
714.55
711.597
718.958
662.832
682.001
767.536
676.454
618.582
724.234
685.104
701.386
619.354
693.239
665.172
694.063
599.724
661.645
668.502
635.873
734.313
710.812
764.48
770.781
656.807
766.438
686.978
716.79
712.757
742.632
667.113
675.94
677.214
679.54
656.944
685.321
622.231
734.625
698.87
679.337
728.724
613.647
656.398
773.18
718.757
669.189
701.922
609.347
722.292
671.116
714.887
732.422
707.182
646.752
570.821
805.775
737.742
616.316
631.798
691.401
739.731
621.312
699.385
606.048
688.935
739.165
712.401
632.263
702.797
689.744
660.059
731.361
666.205
763.498
695.424
737.052
691.124
727.323
725.599
685.891
713.688
741.667
670.909
710.622
788.926
636.201
670.665
668.223
663.597
677.529
690.007
817.872
716.693
662.555
699.325
627.858
700.661
748.931
699.555
650.829
670.767
730.075
723.32
626.837
758.973
652.685
758.428
648.041
730.879
684.212
721.995
755.786
689.857
776.743
785.893
622.59
663.462
634.05
664.289
773.833
634.482
727.325
625.257
710.69
638.845
733.623
788.605
649.866
656.667
701.421
760.325
748.03
731.75
712.928
643.754
709.054
649.262
748.652
622.262
732.73
633.081
651.009
706.481
668.069
722.503
724.999
590.815
739.101
776.84
746.784
664.513
640.771
732.285
750.827
663.114
665.216
594.691
572.634
609.357
747.271
686.672
770.917
699.02
753.785
693.916
641.505
776.231
668.198
647.503
632.748
820.861
643.361
726.611
642.75
730.429
692.291
672.254
697.61
676.775
645.786
749.169
709.626
797.038
621.156
619.064
688.643
736.539
805.783
731.089
613.622
748.205
735.321
608.956
709.595
691.063
696.655
717.233
681.03
658.089
639.765
737.908
620.437
706.801
735.835
764.177
605.227
649.189
686.962
689.985
618.434
604.683
730.586
664.251
699.88
632.837
750.536
707.209
760.668
585.994
701.042
736.731
653.472
691.588
626.413
618.094
690.668
681.952
676.793
680.119
750.242
755.25
517.025
662.948
710.615
598.886
725.768
666.872
676.068
660.835
748.36
706.937
679.735
651.479
643.268
737.012
765.456
715.944
663.144
680.084
666.421
668.51
793.95
624.22
622.491
621.781
683.302
751.654
700.793
643.084
748.713
682.893
712.162
686.783
761.405
679.065
795.228
646.883
694.165
618.477
736.69
710.289
663.332
648.756
635.631
613.826
743.986
677.915
665.099
714.358
637.78
746.879
787.887
699.862
674.198
585.191
608.189
748.084
714.377
713.087
574.87
618.061
738.795
554.489
615.002
676.306
672.685
780.299
724.282
642.516
694.53
689.268
625.599
676.209
726.309
668.572
667.762
609.159
624.896
601.471
781.774
726.136
651.881
655.319
611.316
662.833
644.96
604.589
682.029
674.945
636.863
646.103
620.474
732.373
753.815
717.481
663.983
702.391
642.181
663.968
609.189
721.127
669.877
662.66
681.351
599.271
685.744
708.454
670.256
768.412
724.486
693.368
651.968
599.719
699.188
643.723
720.859
603.844
709.417
779.019
660.22
621.267
657.56
702.861
641.664
709.727
697.218
686.336
653.424
696.866
697.998
676.424
685.222
782.078
615.196
726.444
678.451
670.026
729.29
649.448
718.29
674.014
769.731
725.134
634.806
718.77
672.068
743.781
691.425
715.91
683.578
699.767
723.088
665.355
676.225
723.139
746.411
638.787
722.742
681.039
641.262
674.537
704.95
711.647
654.385
702.877
672.124
648.892
766.418
771.951
657.016
654.744
638.844
748.128
711.106
625.105
706.727
695.663
733.022
722.039
646.731
738.289
753.519
688.672
758.542
718.075
743.518
649.591
695.608
671.47
644.125
651.818
751.925
685.61
730.537
652.332
702.409
734.861
655.959
705.819
708.377
647.712
736.877
712.293
665.33
591.691
642.379
595.286
690.768
711.065
693.589
697.575
631.19
628.892
726.62
654.102
656.621
731.887
600.256
707.307
718.638
730.754
680.893
714.487
618.129
671.222
615.757
627.879
654.605
671.244
676.794
650.282
738.355
708.34
726.217
709.985
740.038
634.764
678.803
693.961
687.184
594.965
644.285
617.534
662.582
699.738
679.775
712.049
729.681
711.458
672.635
756.355
661.458
546.082
701.257
730.747
714.363
651.982
681.238
606.639
682.583
669.032
661.296
764.044
662.934
699.995
684.832
737.89
612.04
683.65
683.425
678.012
718.489
633.534
696.432
668.984
649.673
777.662
602.526
648.732
703.919
697.524
733.169
702.589
741.221
725.428
705.445
713.836
665.307
544.794
642.523
741.884
680.396
693.709
675.271
571.379
682.465
665.763
641.895
666.152
619.183
679.41
741.952
652.827
652.181
617.796
590.739
666.777
725.808
621.922
691.463
636.052
633.372
703.912
720.874
760.408
689.88
681.644
690.185
721.95
662.25
810.647
599.584
715.446
692.847
720.777
631.764
609.098
741.834
745.269
757.746
706.287
676.491
619.55
702.902
652.447
699.735
665.548
641.383
634.018
642.331
681.73
701.207
647.143
805.163
695.642
659.416
707.274
778.706
794.94
671.875
692.097
721.868
645.098
623.833
676.597
737.887
681.41
665.189
706.471
613.277
713.491
647.411
660.061
606.028
686.263
587.926
747.508
769.254
711.38
657.402
664.245
684.856
683.061
617.871
682.172
643.883
741.402
630.362
699.627
592.482
611.881
639.493
687.426
646.453
714.366
666.995
581.737
655.562
624.232
589.594
670.598
691.772
737.091
668.177
700.965
691.775
661.993
664.173
643.649
604.904
678.189
715.329
688.522
667.987
696.58
712.503
553.351
669.512
668.009
636.909
637.143
666.897
730.036
683.268
715.23
705.077
713.408
699.062
723.22
672.983
687.366
748.666
649.033
716.378
687.806
681.161
713.517
681.139
663.044
773.792
683.604
623.371
582.331
853.959
673.98
694.727
662.475
697.814
669.494
696.567
717.907
628.615
735.349
764.349
642.44
603.679
653.537
803.41
715.298
684.303
718.405
681.493
646.223
615.762
630.195
658.889
713.11
760.158
718.829
801.539
621.938
677.422
715.78
648.935
634.484
733.437
694.571
685.513
694.077
722.091
677.281
566.503
713.75
778.912
636.985
648.142
675.746
729.217
745.875
743.654
660.577
734.678
652.648
635.869
734.676
651.957
688.388
634.902
753.242
743.864
651.863
695.102
673.254
750.871
605.851
733.473
758.819
649.347
720.042
735.737
692.042
702.191
655.858
654.933
616.673
674.078
619.746
572.435
653.781
721.793
717.146
731.032
740.394
713.035
682.75
641.286
582.724
635.827
627.247
682.331
595.736
612.403
771.376
635.957
630.854
716.49
709.586
722.025
629.971
702.519
629.677
646.536
763.819
728.931
661.523
758.256
622.049
735.699
690.934
622.21
733.698
757.412
763.438
745.036
720.057
609.04
782.436
805.362
635.46
757.863
667.326
698.938
734.066
695.636
800.935
715.909
689.952
686.699
678.155
659.302
777.51
701.868
762.077
756.855
619.457
748.884
691.547
703.486
666.573
707.369
771.3
679.651
733.028
736.802
621.665
663.038
587.754
676.05
647.11
765.257
657.469
679.454
660.379
704.475
585.662
614.541
635.568
684.488
671.874
625.075
783.44
682.617
644.417
792.19
699.541
737.205
593.588
587.32
660.473
594.108
776.383
680.351
649.446
672.817
722.386
696.768
678.504
693.954
765.445
716.856
570.99
783.076
749.88
699.262
671.528
746.502
665.851
739.764
743.048
596.809
697.587
670.628
637.407
632.904
662.082
674.051
722.579
621.81
626.608
649.509
759.992
737.122
618.11
669.094
715.954
711.17
573.035
659.025
690.819
722.76
612.631
733.134
720.141
612.24
701.923
690.105
629.819
675.511
667.669
641.818
633.432
638.428
618.064
768.431
603.754
748.355
670.311
764.488
710.307
647.754
741.232
685.027
630.379
677.169
653.803
716.808
694.91
663.507
778.56
713.277
793.701
651.371
751.894
747.445
637.33
742.377
641.555
631.901
696.113
682.136
667.575
672.715
716.019
762.087
768.229
621.978
615.784
704.314
713.831
604.673
666.2
636.275
649.874
698.97
754.806
828.807
766.622
694.707
547.072
680.046
704.177
764.202
702.473
619.919
762.558
690.373
703.372
569.005
693.445
763.321
668.235
727.4
548.859
763.507
639.907
715.946
633.311
757.714
667.255
705.567
691.624
793.58
668.576
701.972
713.209
721.899
728.785
665.087
676.464
717.919
696.782
698.978
705.899
738.047
676.07
730.715
602.904
707.722
646.323
544.094
661.878
583.007
691.946
677.241
678.398
687.585
673.688
682.052
688.729
716.04
703.303
698.837
722.286
731.362
813.287
651.373
673.726
692.421
744.314
662.296
794.659
729.223
603.224
646.228
652.881
642.999
743.237
661.664
579.172
691.309
720.413
651.721
668.767
697.12
615.265
590.979
651.933
644.654
707.344
710.464
754.363
734.298
676.646
641.02
740.294
719.079
722.221
752.751
744.697
762.66
643.369
682.657
736.574
589.111
607.596
690.729
595.477
658.166
649.209
687.364
628.026
657.489
786.847
678.18
638.154
644.642
651.188
561.154
606.805
694.276
742.312
678.329
762.324
748.903
685.501
613.937
683.726
724.98
725.272
718.89
671.158
740.579
622.137
724.35
699.259
677.908
683.015
714.024
714.662
768.842
660.237
715.729
594.942
677.446
677.564
734.664
638.891
671.857
628.126
776.662
618.702
762.682
705.886
698.694
674.214
654.619
651.094
648.574
684.068
709.331
752.647
750.56
653.188
753.419
776.204
723.189
746.871
665.271
751.183
648.997
649.686
773.458
722.795
774.016
654.397
703.566
733.07
679.162
750.626
735.262
781.71
657.991
679.269
683.619
644.029
687.511
730.743
652.05
680.064
634.947
674.632
666.5
649.339
672.384
721.831
706.212
727.625
747.482
665.973
636.41
563.307
634.444
676.187
727.332
706.264
709.397
706.092
658.151
657.981
740.974
767.818
619.623
747.503
627.318
635.269
788.675
678.989
721.512
710.323
779.801
667.054
746.463
605.292
654.39
738.921
667.215
757.558
654.924
704.628
765.055
641.279
757.682
718.699
706.962
671.904
669.394
732.191
667.157
680.033
647.538
657.945
632.975
716.515
678.194
742.784
655.379
722.149
645.277
624.998
692.885
627.613
705.189
660.415
692.722
672.557
616.742
697.429
714.097
671.466
799.544
627.762
651.01
713.973
654.794
713.13
705.345
692.773
730.104
705.417
707.071
772.401
701.597
645.505
646.399
613.019
680.38
632.018
771.978
721.301
703.998
668.728
708.519
597.557
587.98
721.58
702.797
677.069
683.947
658.167
770.367
768.267
733
618.109
679.985
642.251
634.269
647.12
818.117
705.566
717.109
765.284
581.418
667.871
749.167
679.449
724.111
673.887
719.953
672.442
696.589
714.982
742.974
657.538
654.702
729.468
746.439
689.065
765.929
762.045
680.568
580.222
766.74
705.642
687.254
736.735
845.584
643.648
665.117
634.526
672.05
695.873
671.774
719.464
575.284
783.016
701.947
642.388
666.021
698.299
672.806
571.972
628.707
646.972
609.65
618.413
739.852
735.277
730.241
781.387
692.698
752.969
666.504
772.724
784.07
704.945
687.024
726.682
711.109
614.353
777.066
707.816
647.333
681.14
567.642
620.473
707.177
660.364
580.371
623.186
640.001
781.854
634.922
728.758
757.562
756.872
771.054
705.956
701.776
720.423
667.906
641.373
705.653
763.975
695.761
683.466
653.752
679.962
655.787
612.644
653.584
700.041
640.844
635.523
699.119
700.132
690.641
779.143
663.784
658.499
656.778
687.205
745.092
738.946
627.819
631.797
639.32
714.819
616.222
693.27
788.252
667.72
726.587
680.72
633.508
684.563
785.983
751.002
677.58
714.158
618.122
769.709
713.839
631.967
615.56
758.362
660.371
658.578
693.24
649.515
734.741
699.762
646.508
680.062
678.126
588.861
756.794
628.588
681.989
606.922
709.489
661.623
636.961
668.822
730.759
687.769
719.103
645.298
710.791
647.028
723.786
706.436
711.309
659.031
673.326
653.307
718.146
763.378
677.903
726.61
783.629
780.502
763.386
737.982
753.915
635.161
603.894
674.909
743.657
727.259
698.026
733.898
715.92
698.994
711.757
620.637
694.781
646.923
640.538
716.686
731.669
632.611
766.099
726.774
702.52
758.271
605.81
725.329
665.576
680.122
628.657
729.813
747.351
648.852
725.252
690.106
630.368
611.021
592.541
625.198
636.322
782.557
738.17
710.537
665.89
785.468
676.797
810.52
679.218
692.41
680.397
660.37
766.852
711.857
686.137
667.413
613.903
659.166
808.588
792.755
748.118
620.311
642.334
766.235
653.197
740.24
652.406
583.313
720.938
657.437
684.039
673.31
708.134
623.184
683.714
708.046
704.699
712.753
794.033
624.62
649.292
700.712
621.476
663.228
725.903
770.278
647.341
734.208
619.312
703.038
629.215
538.25
647.388
717.71
642.443
734.961
636.428
629.416
671.199
718.535
740.775
775.95
644.662
818.787
622.31
645.973
738.976
698.522
670.801
768.964
698.806
753.005
682.085
736.326
625.051
635.389
706.127
686.264
683.35
690.365
751.947
721.037
724.363
673.976
692.502
777.047
721.562
799.528
691.442
663.031
740.013
715.901
695.371
644.437
690.631
767.193
677.28
745.738
688.078
684.806
703.492
668.502
627.713
693.527
727.732
638.453
723.79
708.979
744.714
756.966
584.948
740.85
597.349
754.304
713.806
605.245
661.75
623.545
623.125
612.74
678.58
712.216
693.65
790.036
682.095
680.924
652.506
643.011
698.027
675.056
727.793
677.286
771.73
682.276
649.875
672.91
726.906
776.298
757.674
646.738
635.435
779.739
752.17
699.414
700.583
741.934
699.717
666.211
715.245
847.451
794.493
655.17
673.893
657.465
776.023
838.519
629.863
698.454
773.563
668.698
693.358
754.834
668.839
679.507
707.94
681.474
683.488
776.805
774.994
725.33
689.744
564.221
721.192
652.507
686.485
651.512
664.66
743.317
670.923
659.339
768.51
725.492
633.696
773.267
656.308
674.519
718.494
727.645
773.327
702.533
619.448
642.812
720.282
678.874
621.433
728.795
690.165
699.038
685.608
683.323
613.86
704.867
676.403
729.929
640.697
710.818
665.328
662.935
695.136
730.856
623.761
683.997
724.1
631.649
772.636
702.306
688.921
713.125
700.213
743.917
601.329
719.482
712.184
596.366
597.249
645.368
669.262
742.793
596.07
636.818
735.385
660.248
722.735
637.357
725.979
702.664
700.998
626.782
653.208
792.543
621.255
716.534
743.157
698.473
723.379
631.619
694.478
644.699
666.327
720.77
638.492
729.244
756.488
702.117
631.034
677.782
654.917
621.387
747.655
755.246
762.564
703.279
634.508
738.595
735.88
697.499
623.982
668.21
688.012
641.709
731.405
719.329
666.386
651.571
722.864
635.869
653.792
752.623
717.188
815.22
703.092
729.402
688.282
637.257
672.986
645.213
710.723
721.984
670.769
709.038
639.503
729.982
682.803
701.858
768.144
676.949
579.061
709.966
688.919
693.434
733.163
675.912
676.667
717.048
676.442
648.99
694.872
662.82
723.399
671.029
695.133
639.121
631.358
751.436
712.072
763.586
754.516
698.287
665.615
598.014
658.777
668.486
669.261
621.632
720.352
723.239
667.687
662.568
661.275
668.645
674.694
783.838
736.579
722.123
729.538
565.714
757.54
664.267
789.071
633.184
773.892
729.24
665.095
660.024
679.554
736.007
693.517
665.531
644.201
614.023
627.982
663.62
683.368
740.838
754.151
645.487
664.35
640.274
679.315
642.353
703.064
708.947
679.386
647.525
598.712
721.411
705.143
702.886
653.599
713.954
686.237
698.94
636.088
735.488
686.36
666.266
678.106
668.053
655.649
748.224
702.399
599.447
677.794
748.373
686.979
683.651
677.184
712.849
723.534
657.889
799.148
691.652
684.519
732.502
618.251
742.72
673.711
702.153
665.233
776.029
613.01
770.489
610.418
755.47
625.182
639.061
751.407
737.434
636.876
685.437
684.166
681.097
636.825
830.406
619.622
677.718
633.814
699.186
643.256
630.811
602.053
726.443
722.867
665.291
588.449
649.025
650.946
658.681
577.845
738.399
688.88
737.073
766.052
730.822
688.634
719.805
638.14
672.614
690.722
730.558
683.646
736.909
643.881
613.935
673.866
699.326
681.609
743.914
728.206
666.634
720.132
652.276
679.427
656.716
707.548
667.224
762.31
709.493
713.371
642.033
676.549
670.895
650.6
739.478
689.974
728.721
737.183
707.927
712.754
634.216
639.321
757.031
687.904
663.046
723.309
699.952
670.162
745.326
670.5
658.649
674.52
679.494
792.002
708.448
546.73
641.499
731.32
783.566
609.168
727.295
772.059
720.164
573.132
732.107
696.241
621.003
718.768
665.186
722.563
557.252
662.992
688.252
756.055
691.653
703.409
663.938
698.672
626.227
844.761
689.191
642.442
689.696
652.618
707.032
784.893
720.848
706.864
653.99
651.942
724.002
637.14
781.463
688.552
674.551
620.732
808.442
662.537
788.324
649.599
721.712
786.735
673.411
689.91
656.957
757.902
724.472
749.664
682.289
708.649
633.159
634.75
697.063
725.658
733.295
629.664
737.898
640.409
646.496
661.277
689.777
754.076
690.558
764.908
663.386
710.499
651.759
601.063
672.757
709.981
739.693
703.713
738.759
576.284
664.453
722.195
692.504
668.233
767.651
559.374
608.85
741.001
640.855
709.981
725.11
687.928
590.024
625.081
752.232
761.431
612.466
685.682
765.559
720.888
759.315
654.034
716.894
694.7
777.542
741.464
593.531
749.986
674.164
633.998
670.266
701.798
773.793
709.073
661.666
646.921
724.307
536.981
800.013
758.958
659.48
672.747
639.026
723.634
735.717
699.965
781.484
685.179
735.46
741.376
639.327
748.88
758.841
742.177
685.654
705.332
719.906
734.446
720.349
739.209
684.816
776.633
710.56
684.29
697.574
728.329
740.51
685.037
639.376
692.424
721.062
688.666
664.844
771.447
665.944
702.673
699.815
756.321
631.411
613.448
650.949
703.939
705.388
649.96
732.309
592.938
759.704
702.97
784.293
685.328
619.614
758.544
621.09
673.247
698.184
626.653
641.029
644.364
755.946
725.004
645.589
648.33
726.186
702.668
746.504
670.046
674.4
761.405
725.471
769.924
717.829
720.617
639.937
746.053
663.515
631.709
598.523
695.14
734.44
593.45
743.825
675.629
724.681
769.708
691.972
747.501
723.02
699.577
683.007
710.719
741.618
701.383
669.873
578.519
811.491
674.257
665.925
660.367
847.884
641.586
750.985
659.439
694.474
677.76
706.81
671.164
711.668
682.265
599.932
605.48
734.479
682.153
742.076
717.304
651.549
765.906
711.34
698.119
633.157
691.18
695.875
684.399
630.685
661.582
750.597
708.85
693.627
628.03
597.904
714.053
726.193
726.16
704.663
748.474
681.408
631.264
753.501
600.459
714.949
703.788
742.3
644.345
773.396
665.878
750.477
702.929
712.548
681.358
730.216
642.852
655.846
709.116
696.432
679.516
777.634
674.575
650.657
725.452
749.718
634.881
669.817
682.828
759.277
672.023
647.599
693.38
653.378
718.129
754.332
770.147
671.814
581.306
675.739
688.771
697.245
664.036
611.187
734.796
582.575
744.516
781.123
746.245
681.73
776.719
748.897
757.84
717.889
737.189
673.014
773.926
641.818
651.21
663.26
656.059
673.257
771.381
736.717
717.813
796.725
645.685
727.299
687.178
663.344
580.759
629.656
668.704
692.634
642.645
672.725
651.929
748.514
671.584
586.29
734.069
657.774
752.159
692.86
716.073
822.882
737.877
702.501
680.57
735.985
654.816
777.465
671.387
605.735
645.101
685.927
710.878
669.836
802.499
756.598
636.354
733.134
740.274
633.476
663.047
614.043
721.409
668.434
601.753
740.672
708.294
682.136
746.319
736.501
738.423
722.63
752.013
750.127
726.124
769.716
648.948
713.783
707.961
695.417
808.799
746.681
626.24
674.853
558.68
620.703
710.804
665.723
653.812
783.152
676.351
780.986
701.1
670.307
756.134
707.181
655.477
744.773
654.889
