444.452
511.969
444.664
445.349
460.299
458.857
422.621
428.646
443.089
462.296
406.645
477.468
497.454
484.303
508.812
496.316
465.268
416.077
475.388
477.675
388.912
441.803
382.822
441.438
435.09
368.909
408.19
429.475
426.984
425.014
442.751
473.774
401.097
451.77
409.065
423.66
497.114
410.427
500.113
395.487
451.532
448.418
472.072
426.469
415.061
480.874
505.478
465.393
484.36
448.789
455.989
470.127
416.08
462.405
470.645
491.794
401.275
457.646
465.091
460.773
500.34
464.567
392.377
457.21
441.878
427.209
467.336
511.458
460.15
495.744
462.982
398.666
481.509
482.742
390.705
378.497
426.761
512.333
414.996
495.206
482.702
535.042
427.576
399.223
432.204
429.613
452.1
466.647
543.66
457.463
436.884
424.977
411.243
422.472
366.352
465.741
461.684
486.572
491.53
417.971
407.566
428.338
522.813
434.815
404.159
466.396
392.347
517.075
390.451
483.97
431.519
456.669
448.254
480.462
456.481
528.331
496.4
463.749
456.392
460.057
406.16
460.929
493.047
506.689
437.642
543.256
423.699
435.203
447.214
469.079
476.409
428.674
383.736
484.152
500.374
459.249
430.496
410.182
469.178
397.719
494.637
430.272
440.064
458.815
396.456
388.321
436.497
448.06
421.996
414.494
476.715
443.587
365.461
439.711
433.287
515.979
401.292
453.581
425.602
388.208
453.504
441.276
433.584
454.936
441.068
456.874
462.435
421.414
456.925
491.348
435.728
477.421
418.327
446.408
473.488
433.745
419.423
440.836
495.852
424.948
402.433
456.592
521.358
467.956
398.587
459.002
421.16
459.283
547.934
552.153
433.2
462.747
382.959
383.566
462.049
368.057
451.388
392.876
490.417
476.978
450.331
444.789
500.289
413.855
464.735
412.852
402.631
498.946
451.354
464.578
451.496
376.839
533.215
412.69
506.391
388.348
431.216
476.741
426.705
462.302
547.694
408.965
464.294
406.713
446.444
441.917
494.068
495.615
461.293
470.809
463.378
398.769
420.988
534.836
440.579
446.775
419.042
449.759
453.695
489.674
446.354
397.443
420.901
441.877
510.874
467.125
489.874
536.149
410.641
460.836
441.758
430.891
408.475
482.76
434.225
491.377
453.892
332.05
511.439
411.528
424.927
430.717
436.761
461.14
464.312
447.209
383.009
467.119
566.935
482.514
460.518
398.993
436.595
437.113
440.521
418.575
463.607
391.429
522.889
520.408
453.94
405.898
376.432
439.626
432.003
437.627
435.412
434.165
375.924
427.203
470.352
446.765
409.637
523.507
515.387
381.644
414.537
493.623
359.327
513.037
454.36
461.462
487.744
393.001
503.947
469.837
462.33
499.524
494.909
467.923
421.311
433.128
425.804
488.313
426.28
535.212
506.438
434.55
461.455
484.176
429.88
454.691
451.535
497.615
453.401
417.099
487.139
362.302
414.776
477.046
447.074
447.291
439.536
436.171
453.424
435.139
386.199
404.993
447.343
457.891
466.683
419.043
450.745
416.97
475.521
536.473
443.626
449.955
449.72
402.725
442.955
436.873
470.193
435.423
462.242
374.694
488.298
499.176
449.68
468.021
411.259
437.811
404.244
408.962
432.245
403.337
489.277
399.574
464.307
420.384
473.717
510.965
447.083
426.719
451.702
442.822
435.525
518.736
465
497.27
450.137
373.952
481.797
502.478
444.253
450.359
458.324
424.587
425.984
471.965
452.351
477.521
427.591
449.256
362.499
456.66
431.524
431.372
498.1
469.973
330.644
475.321
451.615
474.236
442.934
346.623
536.91
439.337
442.265
537.654
474.135
385.716
414.852
372.983
434.14
470.711
514.13
387.055
433.203
435.154
474.557
456.036
524.3
513.63
557.575
451.78
376.786
483.884
404.083
502.682
474.04
452.008
506.176
435.954
478.004
435.211
433.305
492.284
474.94
442.521
420.92
479.731
463.246
375.857
469.082
517.691
418.391
428.71
456.882
384.503
429.197
455.859
464.183
450.465
425.512
412.735
453.291
389.985
485.873
405.341
335.883
408.816
424.943
485.769
452.783
388.618
399.57
467.315
392.782
428.797
503.641
418.708
401.583
449.068
558.109
428.302
463.436
422.321
469.688
475.222
455.68
444.693
511.415
403.03
522.293
447.484
387.372
453.674
527.5
479.782
357.904
443.033
411.93
484.777
435.857
476.592
438.332
439.028
522.366
509.629
549.191
384.313
451.901
395.855
515.868
442.097
416.129
441.618
443.763
367.407
483.145
436.231
418.29
494.456
413.139
418.561
398.741
431.28
438.431
453.662
470.722
442.824
518.714
444.115
465.178
405.492
496.026
373.141
482.906
406.694
447.647
409.099
418.298
425.785
342.37
423.941
450.261
380.035
384.996
425.675
451.808
445.187
491.391
383.489
453.621
489.425
494.22
464.51
496.115
429.718
459.152
383.767
378.669
499.024
429.931
492.339
440.662
486.338
448.189
496.42
522.512
418.469
491.722
432.549
475.278
479.232
489.058
407.487
403.94
418.908
499.948
432.936
537.171
413.111
372.882
483.25
432.553
468.703
405.027
396.999
443.55
488.364
394.987
461.141
417.271
433.733
433.552
416.159
405.983
416.173
491.968
457.577
385.422
490.967
521.374
452.866
378.097
444.767
449.926
451.363
422.382
448.202
420.623
466.8
503.978
397.339
571.711
489.342
418.462
461.166
419.318
422.724
425.56
448.895
382.081
417.479
444.794
482.661
479.961
464.292
512.972
384.913
493.233
443.211
395.804
421.798
384.337
493.169
429.888
487.017
499.9
462.329
493.407
471.979
440.818
447.535
434.065
432.992
461.889
452.439
424.952
459.103
443.612
449.772
496.249
467.727
533.36
433.773
470.276
419.541
439.248
385.818
434.586
399.723
434.368
431.392
382.188
476.698
357.988
459.609
436.945
456.431
448.374
407.143
487.744
505.352
519.243
379.301
471.371
398.272
481.497
406.23
400.291
393.21
519.537
378.552
455.536
443.089
607.883
413.771
459.395
464.089
430.874
421.133
405.936
447.988
535.249
419.265
436.981
481.508
439.218
458.31
468.019
440.736
470.443
367.189
379.9
455.382
481.382
408.986
483.732
463.981
420.239
420.991
414.201
510.148
485.585
448.173
497.832
515.521
426.332
476.325
418.455
434.068
491.946
452.824
471.783
471.528
470.099
478.909
438.264
512.337
524.79
406.08
444.503
452.411
430.978
425.902
415.334
449.094
413.898
420.011
445.684
474.703
457.469
469.644
478.953
423.905
485.189
461.998
475.649
432.314
458.863
401.54
492.511
423.492
491.9
480.12
444.159
456.545
472.786
421.471
466.411
480.378
431.073
498.963
500.557
491.263
436.49
396.603
454.505
411.69
476.225
429.008
470.591
410.584
336.219
483.406
471.032
463.453
489.632
459.53
446.568
501.294
442.52
445.661
489.405
410.554
395.98
441.288
413.511
486.247
454.033
438.308
468.122
382.449
469.423
435.915
427.958
457.339
465.944
403.559
399.808
464.869
423.834
423.769
446.983
378.483
436.592
421.863
422.755
440.4
484.098
467.404
484.061
445.012
410.852
444.084
438.211
431.962
470.316
418.171
514.696
499.011
507.426
580.026
430.58
449.103
499.164
384.881
464.191
406.415
439.265
455.15
450.449
452.929
440.113
423.128
418.425
470.276
403.25
444.531
516.609
534.037
514.525
479.773
412.261
449.585
566.709
476.003
543.486
454.836
412.426
450.617
497.296
457.382
462.754
487.57
440.328
481.947
549.805
418.808
420.521
437.443
477.223
409.54
466.491
408.712
409.198
454.628
463.623
433.723
434.61
431.283
400.885
448.631
448.331
493.119
512.938
492.097
481.808
459.093
417.281
509.275
473.169
546.002
473.76
456.8
435.738
471.564
453.214
441.098
452.636
481.671
342.676
420.778
387.506
467.184
465.434
512.851
534.9
408.558
398.023
445.228
453.887
436.422
407.185
465.358
417
505.648
466.916
384.759
450.893
495.47
491.712
469.457
466.217
512.298
405.951
430.613
480.308
387.656
460.405
439.748
463.424
407.868
485.955
447.072
423.502
505.851
492.689
425.988
438.448
493.952
401.392
467.062
466.574
460.599
427.67
506.392
383.142
463.277
565.457
434.728
394.274
411.762
377.413
423.092
522.525
463.851
427.765
400.363
490.831
496.991
484.481
388.537
482.713
411.028
444.352
367.145
470.253
428.694
446.932
442.481
426.938
365.911
450.645
435.809
464.727
481.795
496.081
421.287
476.96
408.809
417.642
413.268
464.949
490.974
443.886
463.961
464.347
484.571
375.819
480.192
465.923
412.302
405.778
552.456
516.994
426.505
368.521
443.542
485.025
339.957
404.869
447.678
463.305
458.868
413.9
395.374
465.624
465.393
404.497
389.05
455.419
417.386
472.773
496.489
385.783
496.79
460.74
391.607
470.005
465.525
423.165
422.037
516.586
496.67
440.704
420.011
431.746
464.185
415.251
515.409
486.429
436.521
427.152
478.101
407.162
417.83
450.387
374.987
460.858
487.079
436.294
433.924
461.271
439.303
451.912
350.91
461.602
466.866
464.15
546.633
383.875
469.112
480.452
453.08
489.397
440.496
462.027
410.295
382.864
391.966
468.617
499.562
456.955
407.151
407.409
473.438
511.571
428.314
437.832
471.003
470.299
424.381
435.132
399.349
430.693
482.212
525.069
482.044
429.556
467.858
430.51
451.217
450.539
528.039
456.728
422.721
489.737
473.396
433.152
466.188
533.578
462.526
469.205
434.974
495.494
438.634
388.828
428.092
405.192
483.135
341.79
414.418
471.373
446.864
562.438
431.427
478.618
430.121
465.873
451.637
479.027
454.085
426.269
444.108
429.362
482.959
499.602
456.726
449.133
436.028
359.857
477.776
470.055
374.683
354.512
428.649
487.368
418.258
423.206
484.043
472.861
457.262
497.099
516.578
523.883
393.049
517.628
495.766
490.238
458.06
408.17
458.574
355.833
428.097
498.126
477.587
441.622
455.908
476.713
453.732
431.866
458.076
381.442
491.122
453.065
447.526
438.442
507.392
471.007
505.973
409.943
416.333
435.241
458.275
438.465
426.612
504.415
358.586
516.093
441.896
456.054
434.1
478.963
413.721
506.333
431.294
407.01
484.037
489.44
437.803
463.165
493.083
430.414
445.815
395.909
470.797
398.767
377.904
498.567
473.508
369.601
453.008
381.29
396.728
410.323
490.379
397.411
372.615
520.921
425.879
411.702
380.989
511.512
475.662
495.757
419.917
535.967
430.318
414.352
404.173
469.88
474.832
468.23
509.966
449.554
454.595
471.216
468.474
403.055
429.681
489.921
439.506
454.334
475.765
417.009
437.993
519.628
396.166
483.561
491.366
468.082
450.044
438.721
498.882
491.641
489.6
488.852
413.6
343.992
457.658
440.534
445.151
437.722
434.667
450.691
506.165
421.746
496.832
482.268
560.407
438.072
459.455
466.95
487.806
458.114
384.564
429.755
388.786
491.509
483.536
380.126
493.109
467.473
425.564
495.998
466.786
404.295
408.305
367.078
424.162
555.594
514.861
488.675
414.183
457.439
457.537
506.207
506.564
399.285
419.502
520.791
412.302
419.127
401.934
512.869
437.614
454.758
432.224
378.435
419.263
539.489
451.776
472.166
530.742
425.334
476.635
428.234
379.245
404.716
479.538
476.525
487.032
483.805
504.523
384.087
467.57
429.01
426.868
450.504
416.23
445.505
379.666
433.231
471.046
535.913
466.029
441.952
452.116
350.036
437.266
349.471
411.018
507.229
512.249
496.465
435.403
399.945
431.294
454.145
437.773
441.338
497.453
416.662
375.513
400.916
442.372
532.554
502.633
464.382
477.106
514.801
466.831
538.372
481.954
424.139
399.168
427.062
487.379
427.346
438.899
440.128
485.583
431.945
474.759
419.341
396.41
444.885
395.381
469.694
449.988
430.227
446.696
459.485
452.024
496.7
474.706
467.305
406.994
414.206
423.475
417.988
481.715
481.868
442.628
535.848
377.192
451.341
412.875
446.313
450.131
424.65
460.126
408.523
453.34
470.418
431.603
423.795
500.744
454.994
432.899
435.96
425.866
459.779
469.426
441.86
497.377
414.965
478.464
406.539
364.409
446.583
462.311
437.248
393.25
375.825
425.798
428.756
485.843
450.84
452.967
517.436
417.886
418.016
477.481
447.371
441.101
429.409
429.155
490.674
501.386
359.871
346.027
368.619
422.664
410.965
390.805
485.609
450.965
469.169
452.187
466.847
409.103
451.214
398.935
463.797
401.959
439.058
471.768
414.455
373.698
449.103
450.242
427.115
421.226
429.905
471.222
432.818
446.162
406.498
509.386
451.483
440.237
481.346
431.371
377.076
480.603
492.433
398.627
481.405
480.91
461.532
507.003
439.124
465.267
440.441
438.725
468.58
470.836
482.783
528.872
428.672
470.999
490.111
495.345
435.008
446.538
497.923
467.371
419.154
384.896
436.498
470.471
437.881
501.927
476.382
417.236
453.603
465.158
436.179
439.888
492.501
489.522
460.363
505.45
523.005
394.012
437.372
489.86
454.448
537.093
458.979
427.937
411.205
448.319
507.476
404.03
492.92
448.295
416.04
426.123
458.435
454.966
415.779
476.233
459.658
411.169
451.387
461.776
418.251
454.318
523.362
483.27
508.051
500.527
437.175
468.998
377.388
431.316
462.159
413.991
502.076
432.863
447.904
435.503
472.696
424.068
430.291
405.231
449.724
411.897
423.082
551.176
481.284
493.836
447.667
456.688
470.749
420.861
416.219
409.383
472.563
431.564
498.198
408.705
382.834
477.75
519.569
425.387
433.722
476.138
422.819
516.562
458.105
512.953
429.901
480.877
417.078
520.209
406.163
449.857
373.591
444.592
473.744
486.727
440.784
451.41
448.827
457.39
388.373
442.149
517.704
454.07
426.102
396.19
384.363
480.162
371.756
434.227
550.853
459.037
422.748
425.969
412.604
431.077
491.578
460.314
439.157
493.456
412.633
492.92
417.328
350.925
394.654
471.058
509.245
474.087
424.952
469.011
440.667
511.895
463.302
494.912
498.756
382.469
422.183
430.497
507.271
475.555
521.145
514.217
479.086
381.821
406.753
508.524
509.88
452.953
391.93
426.997
413.119
420.821
362.022
480.464
392.511
529.706
397.64
502.475
527.387
521.681
428.756
405.611
430.682
430.719
469.254
517.514
436.461
551.34
475.632
445.898
404.598
358.53
462.346
514.889
463.549
468.494
470.07
457.775
518.122
483.421
446.295
503.222
488.795
438.098
459.502
456.01
463.719
445.611
427.18
398.096
430.912
414.436
382.596
517.796
467.321
474.371
425.646
410.18
467.513
479.503
476.428
395.995
457.376
456.895
400.254
460.596
385.569
397.537
404.143
452.543
473.862
455.208
440.868
537.713
464.372
442.167
525.806
428.829
439.332
438.17
415.743
380.087
475.451
462.851
412.6
463.342
506.847
453.902
419.4
447.976
452.394
437.277
470.408
467.94
413.002
423.227
432.615
459.706
461.028
458.244
541.584
424.516
415.883
409.526
401.084
432.979
374.123
430.635
421.953
490.064
484.558
433.061
451.334
362.385
424.068
364.19
503.816
400.727
451.606
417.544
414.248
547.724
541.496
394.128
520.263
410.92
469.698
449.242
484.75
425.665
448.463
448.534
462.32
485.674
461.034
513.468
446.112
459.543
514.809
446.183
403.938
402.022
453.834
457.86
526.329
474.855
441.067
486.633
439.846
424.933
435.418
434.317
489.204
417.972
448.7
486.962
507.173
414.336
437.522
420.333
436.17
521.422
449.105
402.747
432.905
483.934
431.47
398.436
428.659
531.715
454.497
398.822
480.295
499.675
418.828
405.953
499.174
462.21
417.129
461.944
473.79
409.835
444.291
427.847
414.724
475.363
450.154
416.651
439.458
441.405
435.345
451.595
468.615
455.952
418.667
461.929
500.902
468.966
407.137
502.534
460.75
503.03
400.508
450.664
467.582
426.858
484.065
491.485
404.086
366.408
504.437
445.265
438.461
500.864
490.475
406.506
347.627
443.579
407.082
374.065
525.237
455.636
488.154
461.403
494.824
447.417
453.563
511.652
439.992
515.348
476.187
458.124
402.51
501.838
470.931
426.277
458.557
484.112
479.936
460.335
392.404
431.816
424.824
473.943
420.342
408.484
446.088
460.927
470.309
432.621
443.68
442.797
475.053
436.276
415.695
504.731
370.183
378.867
455.467
385.526
507.108
411.783
481.607
427.816
414.695
576.047
431.305
464.386
466.024
456.075
447.656
443.401
404.181
401.46
481.328
425.743
542.662
392.999
422.148
445.678
437.884
423.523
457.67
412.581
498.688
441.371
453.572
414.33
470.344
484.963
434.681
416.558
426.978
454.768
445.28
465.804
416.604
436.466
479.86
330.479
369.29
423.931
414.092
445.638
485.042
510.419
511.255
433.498
458.821
441.99
431.801
432.567
442.596
562.061
438.412
479.25
386.276
445.214
378.303
530.576
487.931
444.524
528.403
373.346
446.557
441.657
475.686
520.279
364.053
453.523
464.378
423.292
472.515
439.814
464.478
503.224
489.947
489.494
402.561
480.138
375.803
421.924
423.732
412.06
484.789
550.708
451.385
398.84
456.485
503.864
429.982
448.883
422.493
398.72
507.093
518.307
450.026
480.191
517.694
408.52
400.739
373.345
435.218
398.949
356.903
389.092
440.636
492.205
457.379
494.092
468.213
476.036
519.273
452.022
456.131
462.533
418.956
468.086
378.591
424.686
435.55
471.538
411.311
430.596
425.17
559.587
409.503
489.155
410.052
464.739
417.535
421.323
418.126
399.225
411.357
432.182
431.661
404.655
435.816
493.201
417.336
397.732
428.261
434.658
535.434
402.083
530.87
466.357
482.647
481.92
487.222
471.181
511.254
438.085
461.272
548.859
381.444
425.3
463.932
459.544
377.386
442.663
384.738
436.986
400.048
424.242
435.625
439.567
397.821
517.886
500.964
392.179
419.01
414.032
478.312
440.327
459.717
484.29
439.517
481.522
412.53
474.927
443.091
401.393
366.839
410.19
397.014
460.487
436.58
440.248
408.466
443.862
462.004
445.923
405.848
400.854
422.976
432.918
462.27
457.538
424.441
474.491
442.121
407.06
444.322
451.944
434.16
490.901
406.811
413.646
493.019
554.846
473.853
472.839
491.673
515.749
433.199
466.658
521.066
473.203
347.894
444.992
484.413
472.889
409.874
424.183
468.166
407.727
482.117
431.269
434.67
407.711
473.181
457.961
407.988
531.087
398.47
470.338
407.023
445.553
400.36
416.315
432.607
507.458
485.594
418.866
428.093
465.193
423.517
420.002
445.568
452.285
447.406
478.381
424.592
422.504
412.377
400.545
403.888
539.279
449.66
380.146
481.105
472.934
382.352
419.228
426.178
408.658
423.914
420.109
436.105
459.516
455.293
492.928
435.635
432.999
439.336
382.26
493.369
407.392
433.683
400.907
391.954
425.726
436.885
429.793
461.125
406.87
456.948
538.162
392.999
468.76
480.984
479.425
495.358
434.253
523.943
434.614
417.159
435.892
419.997
416.67
391.58
437.148
515.212
431.929
460.73
420.805
465.196
463.053
476.484
525.349
435.376
377.063
397.167
441.617
404.773
413.357
416.843
389.262
396.549
510.683
452.364
355.241
438.865
438.747
491.806
358.004
434.496
472.509
430.819
452.488
494.149
490.942
491.011
439.11
473.545
396.437
447.016
432.511
467.384
476.321
467.899
530.731
443.354
464.02
460.94
546.852
389.11
432.723
401.462
446.541
388.246
458.234
406.903
406.529
505.534
414.772
500.198
543.118
361.902
431.085
478.792
428.169
445.637
421.979
465.159
428.616
389.39
467.314
490.368
436.915
385.981
397.106
437.634
475.83
509.653
401.022
472.268
465.194
496.748
428.034
392.595
452.571
478.088
387.266
483.459
513.564
390.871
480.501
400.648
468.297
428.92
457.412
474.947
445.566
413.882
425.083
524.993
494.708
411.202
494.945
460.229
545.235
399.721
540.125
462.312
475.78
433.444
505.465
452.477
508.035
440.746
410.525
456.315
382.649
432.578
484.724
445.643
444.438
462.479
444.021
465.237
360.272
483.643
425.536
453.175
421.819
413.6
428.208
382.991
419.971
471.414
507.082
472.442
468.794
475.345
420.361
424.295
477.816
404.061
444
501.765
392.055
436.522
436.277
431.05
506.379
452.549
449.138
419.278
519.54
413.054
465.164
401.347
462.037
398.14
394.81
458.609
419.995
499.749
458.88
511.906
475.817
434.839
394.947
424.084
440.334
422.951
505.207
388.032
478.162
377.99
438.043
395.425
461.219
463.493
420.311
519.649
428.444
383.85
420.866
513.898
500.443
517.449
459.562
448.173
520.842
485.715
459.177
411.889
405.071
491.75
452.987
400.211
384.174
412.828
419.316
499.858
395.143
496.343
436.919
469.415
428.413
425.697
461.948
424.015
438.053
384.226
479.296
448.99
458.389
512.883
463.065
453.165
571.707
427.395
503.125
444.896
456.209
463.646
447.847
397.639
472.76
399.349
473.471
397.887
479.158
405.784
428.131
497.945
427.51
459.85
485.675
458.594
467.273
513.851
452.395
489.641
492.303
491.112
403.674
455.186
544.063
451.266
451
445.363
500.609
433.742
499.579
460.55
460.865
447.559
429.464
440.193
523.131
395.932
408.374
438.601
412.372
480.605
444.476
404.016
483.017
446.448
352.666
418.616
426.538
427.142
442.029
473.693
455.829
467.844
491.003
444.75
395.678
433.781
459.673
495.45
377.673
443.329
434.558
434.568
437.356
466.855
480.411
404.476
407.704
427.775
493.435
390.622
448.071
448.506
409.84
497.546
513.461
469.051
448.678
505.568
422.213
388.177
441.189
353.29
450.783
462.661
435.835
454.398
410.483
463.096
381.341
462.339
412.088
425.711
405.06
381.202
437.177
480.334
448.15
399.27
473.142
438.965
427.818
376.731
436.126
371.855
528.785
511.893
470.621
427.373
375.621
451.532
454.044
506.402
478.482
471.942
428.855
465.561
540.235
379.441
478.453
470.079
401.282
536.441
431.73
456.692
473.58
447.33
414.007
426.519
463.101
448.89
412.046
478.079
464.679
396.283
370.173
410.935
439.844
419.931
347.766
448.922
439.272
410.214
485.785
477.749
506.585
444.739
444.86
397.081
442.35
475.242
411.786
481.424
445.569
473.968
430.278
558.801
514.842
436.363
352.247
430.77
541.943
439.396
400.485
435.382
476.58
451.898
484.306
434.402
475.209
458.882
461.648
469.249
422.394
387.146
432.36
508.965
414.461
515.081
453.883
409.906
444.07
436.583
514.384
475.711
436.277
441.481
462.902
384.607
513.042
479.359
459.039
440.081
451.351
507.069
493.924
416.308
448.864
538.928
489.803
462.251
437.03
388.019
451.025
422.2
517.021
427.505
431.171
440.305
425.026
439.548
461.359
454.319
461.804
496.323
489.282
428.826
392.515
443.225
486.799
484.895
452.969
423.233
466.52
496.658
462.555
457.862
448.663
426.003
478.876
458.478
428.201
424.555
468.221
433.675
449.286
337.386
422.076
483.028
473.487
452.472
490.045
453.609
414.762
380.94
438.186
453.723
444.249
397.329
439.619
436.19
513.67
465.981
462.436
435.606
435.79
461.056
390.756
372.821
474.969
423.14
432.067
405.007
394.335
436.735
534.55
464.726
489.24
422.428
459.362
515.088
485.607
561.902
439.542
444.253
478.69
472.067
426.883
463.675
447.299
421.894
440.957
413.975
442.571
477.964
371.979
455.9
529.158
391.827
452.342
490.639
480.517
471.994
469.439
460.626
439.883
403.949
480.186
468.63
397.987
492.091
430.238
450.595
468.885
473.296
455.698
465.979
408.779
412.579
446.253
451.673
396.534
523.682
424.446
421.805
452.691
506.326
523.372
446.908
502.964
407.041
412.153
497.607
455.405
504.638
494.109
424.785
471.86
421.566
406.386
414.932
464.105
485.893
504.356
403.7
381.851
454.177
510.492
434.843
442.284
441.599
449.992
391.147
424.283
463.361
410.946
450.712
462.086
438.194
435.493
437.917
394.04
524.648
551.038
412.115
469.752
398.171
416.661
414.793
468.281
460.878
499.657
427.697
433.543
525.236
421.419
421.036
415.945
388.189
531.603
461.809
435.145
457.747
458.251
447.594
477.909
464.866
384.423
422.295
428.159
383.042
477.677
430.599
528.23
457.535
437.999
409.04
422.434
448.202
433.548
467.577
441.843
425.123
509.799
379.626
451.927
435.593
522.274
507.67
421.938
460.318
429.227
450.761
426.913
392.999
464.719
521.376
402.904
545.521
396.806
451.839
483.81
410.974
458.062
401.223
422.604
488.971
443.771
418.121
377.55
441.266
450.508
477.633
361.464
515.09
464.093
390.056
440.968
499.987
461.733
507.965
514.13
453.288
503.876
451.13
463.563
434.026
443.995
401.381
457.009
531.018
424.26
382.033
481.107
433.65
438.235
490.888
499.377
411.911
424.934
412.869
445.566
429.218
440.493
531.688
453.339
432.269
447.31
461.218
443.272
512.292
508.861
439.756
457.661
481.224
411.658
453.985
435.546
475.882
435.674
482.338
451.472
467.186
426.469
465.749
492.669
460.713
435.209
474.588
484.467
431.228
417.498
409.966
430.604
469.092
430.522
450.681
427.847
421.693
412.51
469.192
455.153
383.18
459.216
393.949
437.602
436.894
493.077
458.152
403.52
487.55
438.47
511.381
408.221
510.375
500.891
457.574
476.961
500.673
457.342
451.423
404.277
454.507
432.19
485.786
521.341
454.921
498.697
420.611
447.724
448.291
397.305
422.21
459.681
429.348
481.702
441.134
460.786
429.555
422.65
393.731
416.402
378.857
361.426
440.022
415.631
461.016
493.741
406.642
458.198
458.321
491.72
482.741
478.662
445.118
497.73
402.226
465.525
404.55
427.775
429.719
500.449
463.845
528.928
469.805
402.655
391.87
507.449
391.908
448.503
546.839
463.437
498.13
470.511
447.691
441.106
461.508
470.553
481.265
411.737
440.507
465.244
466.526
430.422
434.1
473.178
441.096
438.592
529.741
449.354
498.488
514.735
369.445
505.223
402.177
455.96
430.476
483.376
514.775
509.21
488.684
486.677
478.836
417.711
430.548
417.604
408.91
555.273
418.966
404.339
433.453
524.687
503.203
415.2
481.185
447.674
453.273
482.15
468.262
419.54
480.489
430.567
479.216
420.174
404.335
358.081
440.115
467.156
466.287
539.246
480.105
455.26
452.015
418.775
372.408
447.388
441.298
486.736
490.026
494.482
456.733
478.062
395.659
460.808
409.286
398.488
480.411
452.714
416.704
411.861
450.154
463.48
468.499
411.461
469.298
439.375
487.047
418.397
515.614
359.597
471.062
454.309
444.568
479.789
390.639
456.983
413.664
377.611
466.055
377.197
402.088
441.826
393.502
509.946
431.462
456.646
466.313
402.596
441.298
365.786
377.779
369.483
463.585
492.956
453.356
439.978
454.297
399.039
437.283
501.701
395.212
443.018
514.081
371.548
413.912
388.125
498.729
594.811
428.436
408.285
475.577
401.371
409.827
427.964
455.578
388.241
508.05
469.206
452.498
435.71
498.894
408.467
473.368
420.031
451.199
376.18
366.974
479.65
405.102
442.58
448.975
373.162
499.014
395.529
445.322
470.645
458.591
382.807
410.264
503.515
470.479
399.05
443.348
445.16
466.373
490.544
514.23
419.075
438.386
430.733
365.106
439.717
523.988
410.116
460.502
362.212
428.004
445.693
551.491
493.924
491.732
401.956
423.347
418.873
465.321
472.79
457.595
381.74
410.051
454.959
490.209
445.477
463.954
383.934
418.377
478.842
452.51
471.467
426.797
409.042
478.661
515.39
445.616
424.59
493.171
459.195
427.426
454.02
454.139
403.255
405.936
496.803
449.434
471.382
420.537
487.767
435.152
381.839
419.449
438.722
444.437
482.111
436.432
511.949
393.033
414.691
371.053
463.342
435.637
362.165
400.238
435.531
464.039
398.376
362.793
452.659
394.833
376.574
423.599
404.052
488.579
430.959
461.124
358.544
435.913
509.546
464.865
416.043
457.037
456.562
463.672
375.478
428.81
397.766
418.677
428.327
432.935
453.666
459.886
417.706
411.7
410.369
436.902
487.425
469.782
516.597
464.163
417.896
476.633
407.593
448.426
396.857
420.094
492.994
421.768
456.868
400.781
412.087
451.959
485.68
440.423
430.438
468.14
438.694
453.802
392.099
386.168
465.746
466.469
460.757
435.179
425.537
510.238
442.446
467.265
437.32
454.593
430.786
484.467
436.104
417.638
429.247
431.373
426.731
449.646
426.009
451.019
414.489
470.606
517.522
461.714
378.517
478.027
440.335
432.828
484.189
449.649
387.423
432.984
405.662
438.217
443.782
419.282
472.746
460.216
439.209
455.14
425.654
427.626
402.463
452.788
480.673
504.736
467.121
396.252
432.821
454.164
455.109
440.186
418.674
457.598
387.247
417.16
412.531
438.225
428.84
413.107
450.582
414.755
471.861
508.078
431.306
440.676
411.007
389.313
434.609
378.767
415.367
512.568
374.602
504.602
407.544
413.187
395.461
376.592
475.768
478.175
531.636
454.019
432.445
425.494
412.228
446.229
382.81
442.004
446.714
447.195
446.66
411.745
428.103
425.817
455.872
409.663
475.722
422.932
433.444
455.135
483.812
445.826
425.488
482.408
477.243
528.25
459.277
419.77
465.005
386.783
445.424
507.386
438.242
499.463
420.519
494.632
404
411.578
458.992
424.726
450.646
462.871
464.454
417.612
510.537
448.914
447.107
420.302
453.056
441.959
393.27
525.913
438.049
430.49
354.744
417.576
453.448
453.083
435.032
456.485
473.096
417.931
397.637
399.38
408.559
452.092
440.864
435.047
433.864
452.147
386.628
449.948
374.373
495.142
420.018
426.943
495.063
443.215
497.987
427.695
500.646
431.74
522.4
412.38
431.734
404.569
464.2
519.763
438.767
406.193
471.926
463.853
376.791
463.616
451.285
406.066
391.246
513.357
445.069
416.133
519.545
466.728
424.711
408.19
429.279
444.789
504.064
387.064
455.213
477.714
435.595
441.058
438.821
400.469
427.304
410.506
445.808
458.076
510.335
434.703
544.073
440.731
439.701
451.159
433.57
437.15
450.797
441.041
552.308
457.694
452.724
486.487
427.748
456.432
394.07
471.452
427.772
365.751
449.494
474.246
451.147
383.907
505.429
421.569
407.679
494.48
435.275
405.459
416.974
428.474
478.324
443.752
407.482
511.756
386.489
439.105
494.136
424.508
456.089
493.086
503.492
410.936
397.188
476.695
352.938
432.867
542.86
443.324
431.514
445.253
439.651
544.297
413.013
447.616
496.398
490.616
506.911
483.041
506.693
485.641
449.087
465.2
446.323
400.308
371.628
378.819
417.397
426.683
525.529
410.834
421.435
390.409
446.706
483.969
463.919
392.755
426.99
414.361
459.463
447.401
487.021
436.013
515.052
458.291
449.326
406.281
359.419
416.759
481.251
418.494
460.201
468.924
437.736
410.399
420.657
393.959
452.545
452.712
367.997
556.447
491.421
489.135
432.844
499.857
371.676
449.833
464.606
501.406
480.766
418.77
492.631
475.222
462.332
485.342
386.406
496.017
475.932
453.428
526.167
400.723
379.509
452.541
498.671
475.238
428.943
432.613
455.937
544.801
448.598
401.633
496.849
493.401
400.355
423.179
462.209
391.392
405.364
523.262
464.684
385.12
407.471
440.822
370.39
401.763
528.413
430.942
440.732
408.512
435.288
506.647
447.414
411.342
468.746
350.435
432.952
458.538
485.647
480.003
446.504
468.794
441.679
438.403
440.123
474.615
427.073
513.548
413.424
463.684
459.459
383.139
389.625
455.481
396.949
396.092
465.139
481.809
462.463
427.585
468.062
524.541
482.901
483.57
510.691
453.921
508.44
464.395
484.809
436.569
423.51
445.162
494.66
448.539
462.693
444.383
455.909
433.889
424.893
455.427
465.886
460.492
461.845
453.687
492.452
429.449
436.057
458.289
431.479
470.488
431.888
413.912
452.083
447.71
441.965
465.169
416.118
436.278
449.503
499.879
430.707
388.753
418.606
455.671
510.248
425.798
439.385
485.657
479.939
469.977
420.631
533.804
455.89
380.457
419.261
344.55
443.805
414.784
460.751
436.866
455.024
457.549
462.028
451.404
443.387
525.945
502.272
509.115
490.667
446.092
372.924
533.357
562.394
465.902
481.053
468.201
470.425
416.366
440.584
475.78
452.58
405.535
432.758
425.727
410.042
448.193
402.87
440.406
435.533
509.035
429.586
455.341
418.978
413.509
375.193
477.707
462.35
455.853
529.983
420.896
410.444
493.329
459.62
474.934
498.804
483.619
453.86
458.65
474.538
503.633
504.483
429.934
478.751
457.26
428.336
460.756
497.679
585.068
476.159
420.067
498.078
414.541
459.12
461.283
425.933
538.533
432.854
420.076
474.794
395.932
431.631
432.921
453.943
383.905
495.3
393.67
446.134
479.513
451.38
435.528
486.439
457.257
461.241
483.881
381.902
505.971
450.464
467.298
477.003
474.163
427.116
509.025
455.49
427.741
430.701
467.416
359.203
409.793
519.062
421.033
440.701
464.112
442.88
355.932
414.86
478.301
443.488
399.724
422.98
488.393
410.536
403.523
461.849
422.694
446.994
472.128
400.377
435.381
483.215
524.137
392.555
444.071
452.216
537.531
454.899
448.079
461.326
510.977
495.428
425.479
480.414
456.419
449.842
422.142
449.916
484.904
481.246
482.242
411.519
442.864
415.825
523.924
400.832
454.377
448.269
447.665
468.053
456.137
468.136
449.387
377.354
408.685
453.977
452.009
473.372
394.843
432.109
490.077
438.867
510.932
426.056
440.264
443.898
386.591
455.147
457.69
415.512
462.772
356.727
483.402
449.341
408.502
414.369
426.211
495.541
414.53
444.271
455.398
410.09
426.173
430.239
421.965
437.471
437.93
446.875
425.015
434.218
471.778
510.499
462.81
442.37
386.374
423.283
465.56
472.335
400.772
374.395
436.243
499.256
507.129
418.929
482.211
407.166
508.043
507.8
361.79
425.335
451.546
461.367
472.887
444.725
443.958
464.276
492.852
402.88
458.431
408.997
421.39
394.743
443.793
423.094
488.261
464.595
506.385
453.828
436.356
443.427
467.042
477.069
513.703
472.077
456.697
388.353
430.347
471.546
472.062
431.065
467.978
429.411
434.763
415.046
473.41
437.273
446.433
438.318
456.252
421.229
477.091
448.865
444.282
392.256
419.655
426.354
448.883
491.308
454.289
397.656
416.119
410.344
493.698
524.909
453.552
446.464
443.711
450.052
495.51
498.117
429.894
428.148
430.543
441.04
475.241
333.295
462.145
464.593
446.476
486.4
456.112
379.497
372.302
467.309
438.795
463.949
564.735
413.172
418.355
387.492
483.579
486.526
531.984
424.796
441.825
421.527
413.881
428.398
526.623
483.648
423.555
459.069
437.805
411.785
417.779
577.452
433.242
408.806
408.271
483.881
425.788
462.708
478.972
443.346
419.716
422.187
453.845
400.097
443.316
409.429
436.261
399.336
406.579
468.948
426.988
501.221
433.882
448.36
441.291
388.526
495.479
446.444
376.612
433.556
528.922
416.955
408.531
408.865
515.512
416.621
459.262
416.806
412.183
389.462
412.82
420.243
473.383
468.859
443.286
445.763
421.484
426.252
486.55
446.861
479.428
437.7
405.908
401.346
462.89
502.958
386.319
393.551
457.559
537.669
453.995
432.847
419.438
450.807
438.038
467.27
436.832
459.904
415.309
495.166
342.6
461.103
379.477
478.479
442.248
519.669
439.101
465.222
401.648
444.253
499.487
463.276
455.438
422.357
431.72
403.499
431.721
487.965
446.058
557.02
490.685
479.342
448.859
443.784
510.26
406.761
444.444
429.617
406.273
471.432
432.266
416.949
460.632
415.149
446.864
462.42
428.015
449.197
507.693
508.199
401.196
506.119
491.211
425.675
468.256
522.86
441.236
460.657
483.044
511.041
508.785
488.614
505.513
347.389
513.216
420.96
477.521
438.14
406.116
429.821
509.072
357.701
465.519
434.749
377.263
522.69
439.741
441.436
399.882
413.785
419.581
485.689
464.18
393.969
447.778
501.184
418.488
487.839
483.942
403.515
409.876
457.994
470.038
420.999
476.871
385.48
402.299
462.71
383.099
430.179
435.343
519.537
405.919
415.072
418.879
407.491
486.586
386.287
489.089
431.784
446.724
579.152
433.415
428.132
476.521
503.26
385.025
423.113
412.742
404.421
449.46
371.323
448.104
519.858
407.851
416.063
423.891
474.829
538.113
425.733
470.266
467.259
431.972
546.624
451.393
470.773
446.273
446.245
468.723
348.377
401.049
418.028
448.95
535.682
367.242
457.539
451.523
505.168
451.984
448.583
350.697
434.629
459.496
491.434
405.563
530.64
404.082
371.879
444.679
423.66
471.39
460.028
452.806
515.41
452.193
390.603
487.885
450.58
525.474
481.529
468.378
430.812
466.759
396.587
401.872
390.757
438.53
492.624
493.138
396.545
506.849
468.31
441.451
454.503
483.834
460.949
419.195
441.61
448.032
411.007
443.503
392.279
524.157
445.611
397.248
486.736
489.861
426.356
407.369
555.675
401.705
468.647
392.954
455.018
480.847
477.924
438.77
448.108
429.456
441.321
418.937
448.846
471.127
370.968
486.014
445.37
454.632
548.327
357.523
523.652
397.194
434.059
449.881
378.084
422.396
357.273
470.788
469.643
467.337
418.201
536.145
472.5
378.578
417.922
486.982
428.639
510.342
401.388
446.5
414.35
416.776
426.838
545.396
477.04
507.804
398.18
457.047
478.988
457.154
401.964
442.997
449.118
432.509
389.237
451.7
453.572
413.942
476.514
508.608
519.841
498.469
477.837
469.694
412.422
483.194
521.604
456.411
407.329
506.748
502.479
410.662
496.645
513.655
453.856
454.79
519.186
498.437
444.21
416.008
469.97
425.838
452.976
450.759
485.562
457.937
471.928
458.454
444.604
432.877
394.631
451.782
426.76
456.749
454.372
385.559
383.021
505.637
382.862
456.576
427.251
483.797
475.164
510.844
441.855
528.066
400.028
481.255
479.299
416.49
408.138
498.279
521.336
480.844
529.083
402.961
448.895
410.317
370.251
442.319
490.776
407.728
455.334
402.07
420.526
428.292
530.445
417.082
403.868
482.106
492.709
428.308
462.746
428.084
432.106
383.76
481.515
416.199
450.244
507.021
453.726
405.494
496.489
425.687
464.028
400.057
425.504
398.601
472.421
490.618
555.162
438.055
403.514
391.596
426.76
459.701
447.457
459.827
438.709
424.145
463.711
390.555
439.485
399.692
452.947
428.73
429.607
400.659
477.137
400.016
419.903
468.621
424.391
438.159
412.238
394.614
455.62
401.36
503.263
402.134
455.715
431.674
406.506
409.771
430.205
481.304
350.831
400.881
522.602
485.474
406.943
427.919
440.784
452.465
494.42
437.477
397.729
422.706
518.595
483.067
389.44
368.544
528.363
581.848
485.321
472.561
452.733
429.074
392.722
436.188
443.651
457.573
476.231
466.132
373.436
431.886
418.171
413.644
532.373
388.816
440.66
424.48
465.803
431.24
471.849
481.156
530.827
458.108
474.857
451.395
409.758
474.45
427.036
464.049
462.734
400.784
427.181
428.899
414.192
490.498
418.924
486.871
477.201
393.978
405.144
389.845
472.14
449.628
455.537
371.163
433.628
382.815
399.438
462.908
530.313
472.229
482.795
456.075
453.047
446.876
451.167
418.157
500.262
331.514
464.002
398.071
517.679
479.784
413.753
423.755
513.67
410.81
438.004
484.227
428.36
413.861
424.305
425.067
466.913
412.747
413.193
527.723
391.195
482.993
447.927
473.438
442.744
429.487
413.312
380.292
388.697
430.985
457.491
456.335
412.207
491.243
382.692
436.321
400.84
419.821
491.562
469.207
431.126
502.254
439.677
455.141
546.742
420.755
408.838
427.214
439.606
544.23
430.963
411.715
439.448
434.731
434.143
481.926
467.272
470.693
380.79
346.856
431.441
441.823
330.26
423.496
452.787
452.989
483.179
470.247
508.809
442.163
417.61
465.747
437.93
404.057
513.21
391.282
543.497
464.572
350.596
420.912
474.231
499.993
413.896
429.9
442.38
460.067
455.706
406.097
436.12
446.826
495.981
429.047
500.442
447.245
506.486
465.879
408.33
452.989
472.892
408.309
480.499
415.294
429.814
434.618
437.643
407.673
455.614
512.884
443.917
449.635
518.799
406.305
457.638
382.548
435.372
488.053
501.273
435.49
438.352
442.241
502.872
405.205
388.451
504.601
491.355
415.79
415.014
406.723
459.562
460.583
396.545
425.546
443.17
411.567
484.416
384.022
475.223
462.874
467.271
459.585
436.995
422.867
462.671
522.773
515.522
407.119
440.77
485.167
524.595
438.132
469.408
480.321
419.514
468.581
408.232
377.942
499.788
422.899
465.75
389.528
391.452
514.605
478.721
352.066
495.231
360.336
410.992
413.3
459.173
450.122
442.958
487.705
471.812
426.404
533.561
393.818
414.735
449.157
452.05
427.848
401.158
549.205
432.336
424.912
431.646
530.7
416.053
471.076
395.89
479.497
486.325
431.262
487.425
419.886
389.996
468.652
516.612
427.862
433.909
443.251
414.164
493.99
437.184
454.436
396.677
409.57
422.149
396.024
489.277
455.246
463.552
388.861
468.079
438.214
436.073
452.476
582.299
438.682
477.051
393.717
446.643
428.263
414.339
506.123
402.863
443.123
439.504
446.45
518.582
496.053
433.787
461.596
422.793
453.888
479.566
494.843
467.071
407.836
352.602
388.965
460.749
523.996
445.487
427.721
485.909
405.78
440.905
376.202
441.706
416.846
389.343
406.784
464.711
416.731
451.176
382.116
436.249
401.058
443.639
482.687
478.757
373.317
455.354
477.257
469.903
411.405
457.599
486.361
428.62
437.551
463.316
441.395
411.303
475.168
468.217
461.744
403.091
461.288
520.767
463.612
462.819
367.075
416.432
419.782
452.501
436.952
477.096
491.556
445.346
495.593
465.16
436.157
434.769
411.188
410.301
472.811
484.783
406.622
482.228
426.697
455.559
482.589
355.555
488.399
465.198
560.075
495.12
359.674
547.054
468.946
411.538
522.744
475.017
477.109
381.004
449.484
445.245
432.632
422.639
362.803
474.706
540.621
405.395
502.506
441.462
558.12
426.918
552.019
453.048
394.866
532.807
438.186
372.039
441.509
528.574
493.776
435.092
442.887
454.665
448.519
379.16
477.543
479.809
467.25
415.113
437.626
445.145
381.791
507.37
380.608
387.696
428.161
376.421
383.732
421.615
486.099
428.238
417.821
516.721
466.48
566.488
375.068
457.236
429.705
491.975
472.725
395.756
444.25
430.282
494.301
436.316
433.434
508.497
498.606
439.8
404.511
332.291
434.711
434.862
373.151
459.693
391.557
413.3
515.533
374.058
463.806
425.092
526.857
457.577
519.402
441.84
423.799
435.809
502.866
383.441
454.088
406.897
488.525
436.501
426.58
371.084
532.871
453.914
384.896
472.539
392.765
435.462
468.135
436.497
521.272
398.304
432.892
445.942
392.755
369.942
384.731
451.566
506.688
425.333
442.499
523.93
450.005
490.238
506.096
360.574
509.113
406.292
430.279
471.374
410.525
430.019
494.28
459.392
373.448
478.504
458.397
443.748
452.776
434.212
490.375
467.269
411.731
552.119
423.857
443.437
447.105
434.423
415.251
403.757
415.734
527.181
471.614
344.783
470.67
439.133
353.773
423.818
499.171
478.749
494.696
419.346
446.068
474.294
428.287
509.22
472.353
428.067
441.592
391.688
411.505
494.816
540.003
422.406
373.314
461.051
424.148
436.317
464.981
485.454
409.924
477.613
555.773
470.05
404.088
427.448
448.182
434.826
463.763
456.536
440.901
398.392
463.345
439.728
394.458
428.848
451.505
443.732
431.243
393.511
464.625
447.71
435.86
414.993
405.355
476.429
487.063
483.665
461.856
413.812
487.61
458.276
423.19
475.312
462.783
521.088
476.756
427.486
473.127
396.705
449.717
431.653
488.462
423.706
403.098
467.576
445.214
427.712
502.302
468.664
538.333
496.015
385.574
455.416
456.571
514.898
398.573
508.495
422.537
467.824
458.341
418.392
486.338
471.741
443.317
405.348
445.778
491.893
461.269
441.574
490.614
463.205
435.788
395.208
509.28
382.476
481.813
459.731
459.527
372.287
467.986
408.028
421.505
422.607
449.114
447.252
410.289
453.668
441.6
403.443
530.361
444.713
384.323
471.366
449.482
570.688
429.42
416.634
480.679
476.781
502.278
484.291
456.793
488.919
445.019
404.513
441.508
377.298
428.174
435.559
458.339
465.831
488.494
396.122
474.328
430.133
412.037
408.162
446.831
400.282
388.485
361.599
447.799
417.673
421.776
454.978
535.629
413.494
463.534
416.596
476.037
551.711
440.686
464.001
440.886
447.413
490.028
464.474
387.167
484.767
321.747
484.835
449.215
383.869
431.363
475.579
452.975
365.564
436.82
542.731
420.574
469.637
480.809
534.807
525.722
401.276
444.115
450.427
451.954
422.251
462.004
439.621
492.574
448.079
438.513
476.413
440.004
477.508
489.478
448.177
426.212
418.499
415.659
477.989
439.92
360.061
459.846
506.878
475.834
486.25
436.076
426.842
519.354
416.713
445.671
470.604
434.467
505.855
399.178
402.14
392.114
450.484
484.136
376.768
495.351
424.541
481.778
445.499
438.226
482.635
433.949
417.728
424.094
412.277
436.448
436.424
477.617
405.75
475.994
489.313
412.627
446.643
449.455
488.849
419.487
404.76
485.417
509.928
465.782
441.206
350.033
421.173
400.842
441.943
461.603
434.878
476.002
457.152
460.381
457.255
518.244
526.078
447.276
524.289
472.49
453.072
498.914
572.574
448.704
327.346
402.66
443.302
383.981
461.021
423.293
471.07
395.123
414.05
379.725
484.331
471.633
427.059
389.122
444.541
407.531
451.858
493.243
469.027
476.345
498.223
482.645
481.163
495.862
439.614
477.563
429.678
506.048
393.826
433.963
477.503
407.698
393.72
469.015
370.497
535.189
430.535
393.373
478.114
444.529
421.01
413.724
464.914
539.217
410.605
453.571
418.047
445.567
428.835
458.548
427.822
443.329
508.217
454.105
425.416
411.361
457.729
435.792
425.224
424.234
434.245
430.111
409.408
430.101
475.961
464.89
553.325
395.181
468.69
469.703
395.692
467.458
474.8
415.843
487.562
376.044
443.337
500.934
361.114
378.419
455.517
429.477
488.755
423.882
488.748
453.955
500.401
387.769
367.427
520.693
398.204
488.912
365.817
449.896
465.966
408.314
473.538
508.894
466.099
423.079
483.404
437.739
460.376
426.078
339.189
442.632
445.996
471.744
529.236
409.177
455.447
430.729
388.909
524.041
446.637
434.366
440.845
408.771
363.162
494.01
484.585
424.435
378.2
444.295
514.206
371.833
477.462
459.723
460.721
409.493
480.429
442.962
434.524
402.009
462.906
513.608
416.873
437.563
499.662
385.528
461.783
475.332
436.251
435.824
414.99
430.616
510.543
453.672
546.068
466.992
375.32
477.478
439.53
433.377
471.7
420.782
450.111
385.323
446.482
448.903
404.313
477.351
411.561
466.194
456.475
408.709
390.279
405.009
436.77
446.021
475.67
551.042
423.645
441.426
437.589
370.443
468.823
486.074
414.128
464.312
348.211
423.371
486.231
374.336
423.794
440.782
440.345
355.123
435.839
403.875
518.76
396.129
441.275
462.947
430.347
458.391
424.71
450.22
357.049
388.654
441.92
400.327
408.898
484.267
385.012
465.416
471.962
406.839
506
424.199
405.082
405.58
430.091
462.831
430.413
432.651
418.987
515.141
384.383
392.035
432.868
417.667
510.989
467.413
469.84
463.701
457.212
403.842
466.355
474.668
445.638
392.679
424.122
379.031
413.98
411.486
370.295
455.791
433.979
558.856
477.325
465.957
440.763
532.796
460.062
462.329
371.654
441.053
427.933
500.329
534.13
503.648
417.838
356.308
479.655
491.175
434.774
347.61
402.832
451.891
423.145
420.659
546.837
437.209
413.582
423.569
517.526
378.558
422.014
489.968
452.599
455.11
460.459
434.287
457.798
475.808
496.289
472.533
488.486
440.416
432.356
496.023
453.505
401.292
484.943
416.486
462.868
468.203
396.938
440.111
457.06
479.86
468.506
419.738
451.49
505.244
491.107
444.7
413.483
440.703
446.601
374.136
422.735
484.821
436.086
451.327
472.49
477.209
428.103
485.35
388.073
401.477
513.192
397.09
397.877
446.62
430.435
468.316
442.106
417.954
520.557
477.647
524.671
433.701
485.765
418.539
442.883
503.753
431.24
372.435
478.75
409.425
450.92
402.202
421.465
531.352
410.702
400.4
464.951
423.547
476.699
497.33
392.97
380.916
358.325
371.153
388.854
416.992
466.93
410.096
387.065
429.521
441.359
460.764
434.97
469.448
482.054
424.988
401.816
434.644
403.718
529.012
447.451
432.494
487.556
441.71
519.03
425.144
476.389
462.113
425.07
442.008
433.425
508.237
463.404
493.985
494.48
409.6
417.921
432.934
420.152
414.199
507.104
394.201
422.545
437.152
366.704
512.981
414.049
386.426
376.999
450.47
417.454
453.477
427.183
413.244
493.692
503.356
479.65
387.703
458.809
505.347
494.045
488.007
443.032
483.047
386.239
404.464
500.144
459.475
419.797
393.95
371.584
413.505
422.242
475.618
524.765
438.587
465.925
510.819
545.197
417.639
473.913
399.67
438.771
488.691
457.739
391.98
432.082
488.284
469.076
434.42
483.467
472.201
437.505
424.992
478.716
410.652
507.644
445.681
394.91
497.233
494.553
463.767
436.904
502.792
451.827
372.716
379.644
410.343
491.568
420.643
454.928
441.195
478.376
440.283
471.269
390.071
450.329
493.267
481.916
473.735
397.894
439.726
410.787
546.371
392.008
447.973
376.853
434.503
436.791
381.933
403.801
431.676
463.196
483.077
410.911
468.022
452.867
453.316
464.131
450.092
478.083
412.371
411.243
439.543
513.541
475.669
453.229
502.453
443.985
494.163
366.208
526.132
397.451
424.544
399.763
414.65
492.199
412.052
539.057
507.71
407.42
459.216
514.453
478.934
531.792
445.654
515.89
463.41
462.576
435.285
430.597
441
416.964
442.616
463.32
449.112
400.135
434.182
384.793
479.19
479.755
530.32
482.853
427.029
449.886
508.539
414.997
440.967
390.158
411.707
439.078
462.736
384.742
444.575
415.721
478.601
396.662
414.827
475.925
391.302
547.075
428.436
383.419
468.899
408.782
471.836
460.892
413.827
479.033
448.515
468.923
436.028
413.138
418.515
337.48
449.432
507.424
488.5
473.833
530.18
483.312
451.839
479.09
369.895
501.021
479.206
457.982
512.669
417.406
465.52
379.693
438.472
396.249
437.444
420.739
423.798
486.61
409.459
447.907
354.629
518.446
402.054
494.708
425.913
434.939
451.679
433.85
408.881
427.809
386.993
439.389
459.644
418.565
468.024
411.64
439.428
470.008
536.984
399.76
428.658
434.241
445.631
430.456
427.139
496.013
387.047
386.627
472.986
482.53
408.769
460.626
456.671
408.089
478.459
477.329
389.773
532.766
422.442
426.531
446.171
474.323
434.116
506.35
438.52
526.913
456.395
411.798
426.848
472.711
464.655
477.051
381.132
542.837
444.974
449.224
412.876
450.753
417.157
433.102
473.445
397.246
438.618
411.66
399.213
459.639
488.681
515.257
430.995
426.242
470.474
442.012
427.654
436.897
459.602
421.565
404.849
426.778
460.861
359.722
431.878
478.805
473.362
441.679
397.893
399.948
471.424
438.672
441.492
454.695
383.861
381.486
418.595
463.455
420.01
418.968
402.48
455.875
456.147
488.842
476.287
438.623
491.264
436.91
440.965
444.126
393.256
534.37
408.8
404.83
441.711
362.303
551.307
446.043
477.889
409.847
375.456
577.653
463.219
531.325
337.782
477.989
430.471
401.243
352.087
436.27
396.705
413.862
419.538
537.502
427.684
516.324
428.593
423.08
404.268
401.869
415.66
496.314
487.266
513.532
448.431
467.391
480.564
383.842
487.607
542.73
380.002
403.251
422.639
496.723
468.299
472.654
476.834
478.01
397.895
457.088
451.74
431.489
465.547
426.068
442.307
481.644
450.365
490.439
444.893
456.264
536.859
483.948
490.021
466.849
489.154
529.098
521.775
487.635
462.883
411.399
486.69
410.49
390.865
504.45
458.001
470.701
450.481
375.709
441.533
412.365
465.046
421.623
433.616
482.483
420.645
454.497
374.943
413.878
523.689
511.645
454.511
440.381
413.954
392.417
505.125
407.272
462.568
413.956
426.37
425.005
451.877
511.847
440.205
465.744
380.269
497.897
361.748
407.781
409.324
437.837
427.73
380.675
480.574
416.395
435.587
445.5
427.341
449.136
433.519
469.615
473.247
439.747
498.651
428.464
449.918
399.829
526.034
474.845
414.573
431.81
384.643
469.515
501.914
380.679
424.769
364.337
477.247
466.648
460.045
428.433
372.982
442.338
437.268
456.245
436.944
377.718
449.812
464.478
437.652
526.523
459.396
428.397
501.237
429.235
402.316
426.995
436.749
433.839
509.58
500.343
465.148
438.405
370.693
513.852
466.55
406.044
380.24
502.872
485.154
408.873
462.567
383.787
407.453
488.108
433.207
455.695
473.585
512.223
466.081
476.842
491.494
478.77
455.221
466.038
496.244
407.17
397.884
402.828
452.895
458.508
484.039
440.715
459.962
483.656
422.187
427.524
443.28
487.888
441.99
363.482
436.912
473.945
407.503
431.285
399.408
423.621
450.121
422.047
462.357
484.725
436.221
375.107
473.39
473.969
442.548
516.143
524.477
479.394
426.348
479.12
491.083
419.078
429.239
472.912
418.754
510.387
448.525
478.124
476.43
435.06
401.161
460.336
478.26
485.085
455.476
480.807
389.677
395.56
445.466
446.428
471.305
397.134
381.604
431.84
426.385
443.472
443.761
445.087
382.332
450.799
475.831
471.701
479.784
447.468
505.689
455.326
409.41
489.52
528.427
471.863
493.174
365.182
426.183
438.53
495.922
432.709
448.528
462.194
510.851
421.74
456.254
438.951
369.789
479.986
550.323
505.688
567.301
518.832
400.868
455.677
529.183
498.8
387.663
452.147
493.216
515.492
421.453
510.709
400.137
431.97
425.477
387.611
400.605
360.595
408.617
466.5
493.811
421.589
395.945
462.101
413.216
424.905
408.458
501.852
488.35
421.905
472.933
450.765
403.857
505.509
406.828
507.431
465.569
504.238
509.085
395.716
488.74
542.167
431.447
417.578
403.088
424.679
468.634
414.464
492.191
409.753
444.853
427.928
431.178
454.792
386.631
469.159
374.39
458.536
398.221
467.47
382.731
484.267
442.689
408.534
494.056
419.566
431.004
464.14
481.136
415.347
444.727
464.154
446.979
419.495
466.252
471.627
437.59
445.758
470.427
395.407
463.295
460.5
469.973
417.837
437.373
454.347
429.484
402.42
425.019
457.391
482.168
436.072
453.95
469.901
512.582
440.987
518.045
370.614
395.955
397.975
478.89
453.505
449.134
430.987
535.367
518.434
405.137
515.085
436.373
461.719
513.518
535.699
493.407
361.428
468.279
452.585
396.673
478.57
488.559
486.691
474.909
395.991
496.916
462.708
398.143
502.243
541.096
472.273
489.25
477.074
328.038
461.574
462.779
454.631
437.74
424.535
417.414
515.225
497.149
517.022
512.249
477.969
408.349
430.626
404.893
433.671
512.688
513.117
425.58
409.98
450.962
404.224
482.519
437.575
507.94
444.929
399.201
463.687
510.362
477.087
431.089
447.387
428.554
389.202
425.569
452.479
411.449
473.993
426.798
451.786
485.853
472.609
417.849
397.497
495.371
434.014
428.244
475.709
350.595
525.599
470.932
455.592
499.581
456.216
412.304
429.919
514.612
470.662
391.72
504.225
383.347
478.989
489.731
476.561
404.942
490.444
491.109
401.921
457.995
437.29
487.521
442.031
429.096
395.942
449.142
520.411
466.936
458.064
512.112
439.537
354.3
373.774
490.844
426.76
465.653
429.686
358.182
429.812
478.835
443.258
450.85
407.04
576.134
409.206
483.433
395.6
428.941
391.813
494.484
472.509
459.115
444.862
473.059
410.841
483.949
438.28
397.635
434.728
464.868
506.934
525.472
467.731
438.342
397.581
398.038
490.874
454.087
431.986
541.539
372.822
490.333
408.863
490.643
472.873
430.654
495.087
478.506
466.965
497.569
385.529
436.983
444.273
469.48
418.847
444.5
478.912
469.694
443.967
407.341
419.603
456.838
425.978
432.596
408.244
461.305
414.374
498.41
391.35
479.805
495.671
473.265
399.067
502.311
526.91
440.806
458.882
388.661
479.411
467.998
382.775
429.126
511.528
462.469
465.383
457.226
455.915
494.196
404.982
419.25
462.272
396.365
506.164
411.841
485.686
430.048
450.906
426.544
436.9
452.932
446.197
494.672
466.45
400.71
439.139
535.729
435.014
474.71
401.086
554.106
429.036
522.141
427.529
464.801
479.745
438.165
516.68
567.779
488.295
384.917
434.874
394.729
382.139
387.767
441.747
477.387
400.253
435.707
415.801
467.447
390.477
454.202
388.774
409.438
522.773
402.127
438.731
471.314
426.127
419.809
435.852
442.79
460.309
473.824
458.826
498.742
430.479
371.128
441.081
457.026
426.949
503.675
448.028
489.659
392.667
450.612
448.013
436.752
576.788
498.342
438.004
477.609
443.911
509.6
458.754
466.045
404.369
426.306
512.504
484.156
437.834
387.912
395.751
402.278
424.576
391.916
435.325
396.384
410.054
401.82
423.414
395.375
395.278
416.942
391.306
424.519
497.186
453.832
535.458
454.417
403.86
501.06
397.366
495.213
448.69
464.973
507.837
457.868
422.189
443.048
454.925
410.091
481.243
443.931
498.234
532.952
446.259
411.167
427.337
471.548
489.151
419.663
481.383
452.128
545.433
417.209
475.522
393.001
464.558
576.063
486.713
444.588
479.748
392.318
394.104
417.652
483.198
475.815
425.243
501.998
436.095
518.582
536.675
444.4
425.136
457.54
395.332
481.324
456.209
502.152
377.355
359.377
517.034
402.153
440.018
462.474
500.565
427.691
394.649
439.246
529.48
513.344
430.417
494.009
463.987
411.049
406.847
447.733
440.36
465.862
427.929
429.364
440.368
432.753
417.801
434.066
410.262
461.53
443.845
418.804
392.925
483.187
400.725
463.123
492.884
442.289
494.251
416.914
527.38
473.852
438.932
447.483
424.227
442.805
466.422
481.727
496.789
451.952
430.012
403.404
407.335
477.949
496.525
415.836
418.938
377.323
422.176
473.809
525.349
457.985
442.441
485.612
371.726
456.164
477.378
460.277
437.483
431.468
452.001
435.515
498.678
436.149
483.347
415.26
387.267
443.136
417.823
450.457
494.796
497.633
440.637
364.951
458.104
498.731
354.745
428.421
423.457
508.086
496.197
418.297
505.342
460.227
426.416
455.175
472.765
419.728
362.927
438.275
469.021
488.632
396.74
507.383
402.467
455.501
424.356
443.69
428.086
483.97
429.835
449.472
399.574
401.23
421.665
396.996
430.642
497.038
448.13
445.541
426.941
455.352
391.216
489.556
435.195
439.438
428.447
428.549
422.952
449.311
460.25
496.979
481.775
486.522
428.713
464.896
497.309
406.105
541.908
430.979
472.704
429.058
436.511
470.405
469.61
376.064
410.535
498.917
428.211
383.399
436.845
391.746
488.738
452.784
386.77
535.624
454.326
475.097
454.825
458.914
441.858
561.586
461.809
526.091
386.736
419.995
496.635
460.094
443.867
486.28
441.373
485.877
436.696
391.046
465.245
440.056
446.174
428.645
427.658
389.354
482.823
565.273
521.582
418.748
508.045
345.183
460.229
412.726
446.075
411.64
459.55
498.115
474.811
524.282
472.704
436.847
482.641
435.969
502.308
421.552
452.132
465.738
446.248
451.967
501.774
429.187
463.526
409.57
411.696
405.129
365.138
437.704
448.83
419.913
411.892
415.064
493.161
442.868
387.517
421.061
485.128
541.005
400.456
512.356
462.62
393.195
411.728
469.038
513.916
483.596
462.542
401.271
416.847
493.386
468.399
421.497
413.159
489.585
408.647
431.653
419.912
436.223
477.794
430.94
426.201
441.847
462.074
437.496
461.258
407.737
381.153
499.325
460.347
411.781
466.003
423.362
484.663
429.674
471.564
441.968
487.551
461.971
482.036
391.827
430.802
431.83
533.089
484.523
388.453
420.081
473.187
463.515
483.118
438.036
374.851
451.047
392.053
464.206
442.019
490.384
425.227
385.022
434.268
428.758
390.03
458.255
406.558
424.391
452.6
408.273
467.59
499.523
403.233
432.018
469.08
426.131
503.42
457.864
424.367
389.244
420.713
412.711
447.243
487.247
468.361
480.353
443.494
412.875
471.186
447.9
497.416
435.13
422.38
450.73
494.785
490.51
400.315
536.304
473.09
425.296
426.253
433.133
432.672
462.836
464.204
440.563
512.33
441.091
419
420.499
454.076
467.785
410.89
489.735
530.262
463.358
460.688
409.115
494.103
478.308
440.149
424.16
474.472
413.927
451.538
449.495
428.796
462.787
446.188
455.031
454.583
466.747
457.393
443
444.454
436.687
448.972
398.078
444.681
456.229
426.013
424.414
477.217
407.243
502.776
448.415
449.241
434.893
413.816
420.315
394.575
492.283
453.962
475.545
429.163
395.312
487.689
460.588
425.352
423.507
485.612
433.611
444.551
439.6
451.53
479.744
439.599
425.06
455.224
482.923
392.545
482.26
364.829
499.124
552.668
430.74
387.99
473.732
432.43
534.846
465.855
422.227
483.035
459.596
447.845
465.153
472.07
511.197
464.243
439.2
454.207
447.418
452.44
405.201
486.002
479.21
444.799
384.353
378.162
471.645
417.396
437.067
439.102
501.896
430.568
434.175
380.051
473.837
489.787
420.756
461.013
442.622
486.279
368.833
452.85
440.083
410.492
473.313
429.448
416.857
448.884
422.919
589.539
386.375
427.844
444.927
461.741
449.102
475.587
422.287
476.126
478.057
410.286
496.703
422.437
472.684
405.473
456.365
522.148
457.188
380.97
440.706
480.862
474.487
458.088
499.662
463.04
427.579
466.608
354.751
452.967
401.884
483.397
439.96
463.298
460.381
474.04
434.141
489.003
443.067
443.927
519.536
486.496
527.753
502.517
378.438
393.56
443.174
410.429
491.946
392.187
499.576
428.467
464.609
336.295
429.419
498.481
447.489
465.951
414.288
467.475
472.414
386
435.196
449.216
436.252
464.864
480.974
447.442
410.131
467.646
388.034
478.123
442.443
443.011
467.545
419.616
466.652
444.096
432.045
536.499
424.825
468.72
546.821
458.989
411.802
514.79
421.972
423.142
436.899
494.18
366.571
484.506
409.514
475.537
457.947
449.256
421.011
447.805
400.942
411.616
442.666
474.328
458.37
512.527
462.715
497.655
485.241
389.14
457.513
517.568
482.932
485.851
334.687
360.682
467.101
380.834
483.085
416.15
465.173
462.451
389.642
452.053
478.794
573.467
433.394
438.807
488.276
512.772
449.573
408.125
454.493
386.918
418.688
419.568
484.158
452.117
481.705
449.336
461.237
482.768
397.157
445.275
455.947
492.095
481.727
399.148
510.69
416.248
479.578
410.139
426.266
454.251
456.763
441.294
488.251
445.737
511.925
477.654
458.548
435.233
441.555
497.767
430.752
496.41
457.436
416.009
478.263
446.644
431.739
446.839
398.757
461.205
480.433
449.025
477.502
426.518
491.568
437.144
346.543
426.804
442.806
467.627
518.093
422.578
427.668
483.044
405.517
468.792
382.321
506.916
417.312
470.227
454.28
464
435.659
397.884
460.801
556.554
416.875
440.29
413.107
423.033
355.529
476.446
458.805
451.869
435.795
395.971
492.8
449.769
470.793
529.537
376.682
446.963
455.337
445.527
459.219
517.812
479.014
476.216
512.151
460.215
448.227
440.315
420.878
456.412
454.811
558.01
405.381
433.587
443.053
424.162
454.884
413.883
440.701
445.405
414.469
494.592
405.463
370.547
442.627
473.839
377.812
405.791
449.687
402.5
437.351
523.704
517.772
461.681
500.693
432.495
508.788
368.635
394.035
484.655
467.626
421.215
481.404
435.489
385.21
465.197
443.971
480.673
469.951
502.582
418.683
400.277
449.783
463.578
406.467
456.408
514.514
368.289
469.214
404.187
438.336
432.201
461.421
525.737
532.854
409.34
487.282
420.831
473.3
477.845
462.515
432.886
403.045
506.735
463.608
471.387
521.728
417.312
419.489
532.329
452.043
424.202
477.124
442.78
419.437
439.128
489.112
504.444
418.861
572.624
459.557
364.618
403.21
388.944
460.397
379.351
401.334
428.591
435.984
474.551
548.098
459.373
498.15
487.601
475.029
395.502
455.58
459.629
487.026
475.037
401.019
430.883
435.603
468.489
523.488
531.36
437.409
498.047
461.505
479.867
438.232
478.084
453.761
507.269
446.131
428.763
501.048
489.459
393.396
397.48
495.143
493.487
514.605
464.99
529.153
401.584
482.468
475.986
462.386
444.16
517.065
428.879
430.874
516.707
386.414
370.023
390.852
442.688
482.021
440.623
432.086
462.768
444.018
407.069
405.977
426.906
439.826
481.284
476.011
504.967
449.028
485.784
430.398
432.611
489.451
407.961
498.299
436.662
399.658
531.147
450.398
494.491
474.505
446.224
440.228
444.464
433.637
456.022
432.162
428.222
470.91
488.244
413.694
431.766
403.3
441.768
368.781
441.916
510.619
516.945
382.962
420.608
471.047
497.949
482.207
471.328
397.42
456.175
421.372
481.759
462.864
403.961
498.601
437.606
453.899
426.849
422.215
417.288
385.355
394.659
420.261
438.685
513.27
416.824
366.713
432.715
390.967
463.777
435.877
404.706
492.301
530.879
423.353
513.139
492.805
396.729
502.533
414.758
465.329
500.379
431.686
481.431
400.561
321.318
410.143
421.641
440.679
405.45
405.367
540.854
441.89
426.448
515.381
468.52
366.064
458.103
426.091
410.176
436.988
468.109
377.743
453.934
408.313
449.333
466.505
451.19
360.932
466.59
530.697
427.087
447.117
414.612
418.944
485.398
432.514
455.75
482.978
410.076
423.395
432.801
372.788
378.615
421.575
479.931
487.488
447.34
477.754
483.412
466.612
516.956
499.353
404.906
441.952
497.703
392.196
461.512
444.28
448.433
533.383
406.584
411.22
486.584
474.479
496.031
396.585
476.847
467.423
430.114
428.335
406.198
459.223
552.193
460.161
495.566
460.48
429.125
478.32
450.755
478.838
443.591
487.846
444.189
416.079
461.614
397.177
426.173
465.814
422.097
395.742
476.745
372.524
429.999
480.588
398.612
412.976
494.91
482.005
459.448
476.759
523.339
407.264
418.726
453.241
409.25
408.334
510.464
453.782
425.002
479.002
445.094
442.89
447.855
455.971
537.62
462.326
465.277
441.548
490.906
465.995
479.04
487.248
486.094
430.919
373.111
458.7
506.159
456.525
476.866
479.99
445.917
451.32
495.58
474.313
456.396
382.109
439.191
408.052
407.696
444.382
459.023
460.137
508.005
479.805
428.848
430.882
424.459
395.69
432.138
452.143
435.968
426.903
502.266
447.177
454.897
457.836
446.454
457.697
460.184
437.751
516.962
467.192
410.873
439.749
477.783
386.646
430.42
418.501
488.072
435.437
460.002
481.2
363.639
466.834
448.752
464.508
426.964
490.394
463.493
483.889
417.582
427.068
468.417
442.528
475.08
495.992
410.876
490.722
424.54
406.785
457.957
455.238
442.243
519.505
461.307
397.31
454.839
470.255
466.641
387.97
403.121
497.591
430.437
419.88
415.848
438.425
418.629
470.7
477.193
484.37
437.58
344.727
420.648
439.019
449.743
400.942
462.296
379.501
425.117
447.248
446.586
405.311
405.423
475.886
437.074
440.752
430.169
381.251
473.693
413.763
498.8
419.727
443.782
379.101
447.309
447.792
451.557
382.871
443.226
468.048
467.652
542.474
503.956
362.943
429.705
404.676
474.142
409.723
499.664
429.55
444.567
455.963
477.814
439.112
458.093
514.377
463.238
422.39
388.72
454.989
476.289
434.25
469.512
480.991
453.479
520.341
366.986
450.01
436.201
413.17
420.938
486.132
505.614
438.622
419.826
418.647
498.973
532.742
551.776
406.331
382.858
386.206
534.207
432.484
456.43
400.744
432.654
536.408
418.838
364.049
414.98
509.386
466.793
425.927
419.508
481.524
477.892
472.24
488.909
391.022
434.069
409.286
408.029
394.109
461.604
427.834
412.558
409.201
486.639
428.187
415.053
486.895
510.292
460.744
454.422
481.866
432.014
464.482
492.191
454.193
400.884
499.278
454.658
551.264
397.499
468.845
471.527
406.206
417.815
512.149
412.436
519.108
476.841
493.245
400.285
433.968
455.796
439.393
389.796
465.589
406.868
475.885
427.945
378.044
449.111
453.077
442.199
443.062
464.516
480.607
471.446
462.426
510.811
490.404
407.818
419.048
510.073
460.4
395.568
406.104
424.346
507.862
409.593
478.412
406.178
485.589
446.438
421.637
463.701
483.525
441.732
535.253
435.625
482.739
444.358
504.637
443.213
508.875
466.383
453.153
422.337
424.796
461.823
472.148
367.941
391.275
378.153
424.177
436.869
504.491
485.673
433.731
390.875
433.116
475.455
437.614
450.568
443.913
452.807
394.364
438.899
444.709
456.089
442.972
475.818
472.995
473.436
436.11
456.501
483.59
376.097
433.362
497.992
382.002
439.107
521.138
389.086
392.005
424.14
398.884
468.47
340.734
397.479
482.333
421.279
470.459
444.277
388.623
394.95
375.021
472.991
518.195
440.847
422.038
421.131
406.448
438.248
435.504
424.736
499.786
403.507
518.489
441.23
400.154
406.045
391.977
426.984
378.393
501.894
440.256
454.939
372.816
400.063
432.497
520.788
407.299
422.049
417.199
418.167
407.746
447.29
456.096
459.242
510.217
373.181
472.492
513.231
445.289
472.128
429.251
452.044
504.14
441.703
442.722
448.274
460.538
428.936
396.794
476.091
449.06
472.098
426.637
471.521
454.183
484.913
436.08
410.835
480.781
453.25
419.11
429.518
457.901
442.587
442.516
445.759
402.755
441.615
437.285
497.383
440.666
430.905
465.894
375.898
429.115
499.016
399.32
486.881
466.246
438.789
479.828
411.454
400.213
416.977
421.769
349.345
460.323
481.6
509.296
455.734
420.465
432.41
479.684
440.357
479.372
426.72
453.91
408.813
483.873
444.879
460.593
435.446
420.18
546.806
425.907
486.03
447.709
466.173
463.654
446.531
461.593
421.976
506.95
462.635
382.485
480.946
483.439
499.714
457.154
505.653
467.976
417.831
473.588
411.382
443.756
494.331
425.286
437.522
434.727
467.287
438.729
433.808
459.716
501.691
452.481
382.1
401.408
433.056
436.32
478.22
444.594
470.174
383.521
456.846
506.125
386.285
430.398
510.568
468.252
474.776
410.279
485.8
422.944
443.913
498.736
487.328
512.163
479.855
423.269
467.859
453.635
501.381
453.702
469.098
411.027
446.829
490.951
412.386
512.068
489.026
493.113
410.493
499.111
494.286
466.38
520.988
446.246
430.08
384.627
438.514
433.596
422.364
446.853
399.891
409.304
401.628
466.439
488.509
429.467
436.832
456.938
437.28
414.546
433.093
474.951
446.657
432.75
463.869
495.066
422.758
424.107
371.39
435.711
413.964
448.545
433.099
441.019
470.269
426.658
471.801
419.582
469.564
449.379
535.62
462.381
409.325
460.391
444.678
482.97
398.485
326.834
449.188
476.141
474.223
428.489
427.319
420.401
497.443
479.257
406.549
471.166
508.332
541.521
505.367
455.799
507.539
470.892
464.63
437.602
445.913
465.995
420.716
437.427
492.69
434.009
445.115
492.22
457.494
459.09
473.466
506.752
414.131
535.111
470.247
422.169
395.448
442.847
487.459
437.108
458.849
413.518
429.097
430.807
485.194
495.202
475.953
398.651
426.169
341.27
438.156
445.505
428.417
496.156
522.476
460.94
450.027
473.19
485.535
464.76
504.301
418.699
453.624
431.431
474.177
418.113
472.277
425.936
414.728
468.472
451.885
429.442
348.254
432.226
446.258
488.781
410.934
459.2
474.464
433.414
519.72
439.878
415.376
400.773
446.754
474.181
406.813
407.759
448.15
448.931
455.737
361.088
458.971
451.597
437.913
450.197
414.877
435.676
412.519
538.208
408.806
478.128
451.065
503.996
457.712
460.578
474.134
461.547
481.969
452.145
476.378
526.385
429.84
453.04
479.449
479.812
445.74
407.224
422.358
415.556
405.234
496.613
426.89
411.193
407.77
400.045
470.383
417.112
417.837
412.178
419.232
503.596
490.642
410.874
444.214
409.794
488.274
355.317
392.364
393.087
491.391
425.497
401.734
479.006
499.576
443.283
371.611
439.774
533.979
361.212
496.848
504.919
514.561
506.11
414.954
475.507
433.207
476.316
403.643
486.096
394.052
462.682
481.361
418.352
468.743
508.922
467.773
452.495
400.721
388.091
464.611
448.525
420.307
425.912
500.783
427.125
487.044
500.655
483.222
424.232
408.311
405.276
457.4
413.511
427.232
385.647
412.744
433.755
394.231
422.86
455.444
466.71
402.753
458.185
438.857
483.106
378.517
380.948
458.496
518.605
431.204
435.762
411.117
500.273
424.377
462.574
465.613
453.128
501.718
490.371
458.748
479.284
490.485
497.3
409.027
465.876
460.532
507.299
421.872
408.495
425.565
436.129
433.91
516.311
504.041
468.188
461.565
409.99
412.563
435.292
450.462
488.895
449.029
428.131
499.35
472.386
470.96
384.224
480.213
461.481
378.221
414.804
500.068
465.316
451.252
362.767
425.584
420.311
475.232
453.414
383.579
402.864
471.974
467.4
427.681
524.485
410.056
406.634
379.956
400.975
494.67
436.547
420.394
395.187
383.915
404.668
433.897
438.461
477.722
429.479
443.01
432.269
434.046
395.812
526.535
393.926
417.704
512.147
384.252
522.752
477.722
439.564
437.745
458.95
389.395
438.78
378.054
490.923
540.679
439.99
387.051
422.744
430.849
571.519
514.478
431.416
443.865
394.196
467.148
383.501
448.147
517.014
488.442
434.83
366.255
516.33
478.51
451.461
410.322
466.641
435.872
418.404
477.427
463.595
422.455
442.606
407.567
438.241
398.795
480.731
498.773
405.922
443.529
453.157
484.679
439.076
374.877
439.158
414.677
449.622
463.313
461.251
477.418
494.152
428.13
446.464
398.348
482.92
431.865
427.451
416.368
428.383
454.404
425.454
415.974
448.431
442.251
418.319
497.203
447.884
492.262
516.005
502.39
444.371
485.676
452.897
486.888
471.798
393.223
414.69
433.691
403.845
377.49
455.724
504.344
458.59
430.439
402.925
401.282
454.817
465.278
442.827
436.334
418.903
444.678
466.332
454.051
489.092
409.776
480.903
414.177
379.25
450.186
386.943
468.721
414.298
457.884
401.919
442.746
446.079
461.11
426.497
510.849
397.161
427.43
418.677
427.482
468.018
500.597
478.087
463.1
455.542
452.565
412.542
367.374
508.11
496.017
445.884
415.839
513.021
483.337
491.142
454.22
518.428
492.59
478.174
392.817
491.798
420.015
458.246
436.708
446.451
485.81
424.943
461.184
427.014
399.295
351.652
441.121
463.418
415.242
410.688
451.65
421.719
411.411
530.724
409.353
450.52
425.385
511.264
476.006
393.699
426.314
457.839
392.694
472.278
489.279
461.556
484.929
469.907
412.09
430.372
458.147
517.108
443.564
492.968
468.818
429.874
463.897
404.337
418.719
439.208
464.074
522.072
418.986
401.923
453.878
419.339
472.721
403.752
393.829
492.833
343.194
421.538
378.167
421.648
512.221
509.876
482.046
499.506
496.064
442.68
387.659
449.134
464.54
428.387
483.131
536.355
469.851
426.458
470.14
475.964
487.459
458.235
435.586
376.414
487.047
451.236
452.779
489.238
443.999
396.905
487.393
369.944
479.62
487.175
384.096
506.736
465.042
477.923
455.258
412.942
385.12
393.593
430.963
402.849
485.578
460.464
494.811
437.504
419.622
478.327
393.772
539.076
429.712
373.933
452.004
524.094
478.024
363.062
416.052
430.052
479.977
405.901
459.277
496.888
469.267
467.174
475.618
384.145
458.913
434.975
480.371
494.348
508.334
393.187
373.318
536.55
474.625
482.211
467.818
347.936
467.977
417.23
429.469
435.868
341.815
371.007
390.829
403.843
426.641
498.514
460.675
463.112
412.754
390.843
506.961
449.545
418.615
495.982
445.073
346.036
449.16
389.197
443.573
497.621
455.294
484.35
452.951
406.77
426.904
410.35
429.734
405.654
497.77
457.038
411.245
423.498
457.781
506.135
414.635
435.678
373.844
460.454
436.16
360.734
422.529
489.034
433.203
455.098
477.867
488.922
400.15
410.678
379.104
481.069
482.599
459.163
420.64
416.854
375.985
397.654
379.326
442.599
476.328
451.996
447.412
473.817
439.056
452.61
454.139
475.23
352.272
504.919
407.793
458.311
493.624
497.155
516.811
418.727
438.344
433.976
472.983
390.91
465.808
464.047
420.788
512.236
478.189
433.78
457.286
462.993
475.167
415.068
477.364
453.121
534.124
499.207
413.433
464.393
425.185
470.818
511.281
475.392
496.076
461.716
432.944
463.953
389.061
459.305
404.263
431.984
367.825
470.259
446.399
427.39
429.996
428.782
412.933
405.536
469.442
440.275
385.52
472.088
378.825
378.189
481.453
475.278
508.249
541.291
411.254
451.339
424.089
468.67
378.756
462.864
422.517
449.57
453.048
449.4
415.985
491.633
439.957
475.522
400.736
406.355
371.825
433.968
461.323
491.745
427.768
421.995
440.369
450.441
476.206
487.548
493.589
510.326
389.324
413.673
475.459
428.667
453.876
458.313
482.724
430.54
487.705
446.092
504.741
437.887
513.083
414.779
518.403
433.81
411.552
484.823
548.154
532.364
464.176
349.441
530.418
454.304
407.047
488.157
501.264
465.136
507.076
451.193
408.607
422.986
512.25
439.374
439.38
429.177
448.893
424.06
471.565
403.463
411.234
487.731
447.406
473.862
436.719
445.267
498.354
453.875
472.439
458.399
505.908
412.512
479.17
503.586
459.372
442.487
420.444
539.587
413.421
494.689
407.571
493.797
404.956
433.473
463.21
432.552
446.296
447.589
397.305
448.17
425.384
402.745
412.822
431.947
433.566
410.994
457.69
389.158
506.198
487.083
389.49
497.452
457.15
545.115
430.563
391.27
523.48
417.499
427.128
523.517
497.036
521.793
467.178
526.813
499.03
415.482
429.229
446.845
427.673
434.939
407.16
431.558
497.44
444.591
458.424
451.291
503.131
464.586
405.804
471.354
438.824
441.742
421.863
464.613
455.259
437.789
474.598
392.614
416.538
467.961
412.784
456.382
394.054
480.361
407.988
374.562
457.784
506.12
451.131
427.034
471.123
429.761
424.513
432.927
390.646
441.105
468.631
476.224
391.857
390.759
413.087
504.778
387.819
450.323
464.229
481.674
441.279
466.927
464.451
425.719
458.626
467.881
389.173
432.619
391.585
419.566
492.038
400.994
425.927
406.388
488.2
467.759
436.012
378.664
402.208
389.341
476.78
450.772
421.188
429.659
470.82
552.781
542.343
468.9
523.249
495.962
368.748
479.003
445.531
447.983
384.767
476.253
423.336
479.977
382.885
449.879
533.181
483.574
411.587
396.099
450.093
391.406
429.707
381.92
442.096
455.725
403.358
545.164
429.49
460.491
381.402
452.903
457.707
407.232
472.176
532.16
394.391
471.932
409.053
542.861
462.365
406.991
397.823
475.08
406.017
469.854
426.303
478.982
388.314
418.179
493.103
434.405
383.649
434.271
448.736
397.468
419.473
504.932
458.273
484.904
475.745
409.596
435.578
440.778
412.377
401.448
384.871
403.852
453.148
471.137
450.464
445.686
448.49
467.475
468.439
460.743
448.9
427.878
413.349
496.247
455.162
434.907
437.078
443.621
433.924
352.919
553.194
461.976
438.16
454.288
412.37
413.821
438.897
453.576
462.436
477.137
521.609
441.597
385.537
509.146
409.461
387.79
583.985
412.422
418.133
452.148
455.805
448.782
455.774
440.89
520.167
440.599
437.228
471.357
366.843
492.157
419.432
437.527
452.039
437.418
452.777
438.975
483.237
511.495
442.763
526.893
481.928
465.526
396.019
470.938
425.763
473.196
452.232
463.436
467.573
490.648
448.274
396.808
407.893
454.541
469.105
456.602
437.604
448.502
452.055
477.583
479.651
459.878
404.386
487.478
424.577
481.3
530.276
447.255
424.265
431.742
470.114
391.241
502.503
437.611
426.274
516.793
453.535
415.097
474.011
412.557
525.868
499.168
405.929
503.734
411.784
469.216
467.374
353.803
545.835
431.898
466.406
504.537
409.366
443.208
420.265
479.892
400.686
449.281
452.542
442.651
436.222
545.625
419.89
584.351
416.931
430.297
504.336
455.827
447.998
466.695
384.16
470.309
451.982
408.614
382.764
429.443
536.114
455.685
474.187
435.562
411.027
444.954
508.285
467.037
440.894
460.26
453.468
445.203
432.76
448.79
404.309
483.317
423.559
477.202
467.673
417.703
480.661
406.266
442.21
471.738
466.172
449.2
430.288
413.865
399.607
404.337
396.374
446.574
368.347
419.44
515.211
473.424
515.81
472.226
422.121
422.377
450.473
454.988
467.994
458.98
463.172
463.925
388.577
421.563
427.156
420.975
449.431
485.728
426.918
524.209
420.13
408.381
390.046
439.68
418.605
452.914
487.646
430.696
449.56
435.602
425.918
458.047
474.659
388.635
439.327
456.585
438.814
412.992
418.364
473.284
386.968
460.167
434.216
441.376
540.317
473.667
455.103
439.761
522.219
462.792
399.605
387.648
463.506
477.455
466.504
473.588
417.88
412.93
464.964
422.287
406.838
442.797
417.926
419.67
470.857
404.795
438.447
415.079
419.467
441.24
367.183
389.804
450.954
386.097
447.218
344.306
455.031
423.445
437.065
401.35
368.311
471.841
462.13
545.143
391.258
419.219
425.309
405.076
402.979
416.431
513.544
393.058
497.71
454.801
440.598
461.941
404.311
395.281
483.59
412.489
537.489
466.636
442.842
478.924
450.15
424.026
396.97
390.564
434.782
483.451
397.845
500.694
437.991
443.87
445.181
465.783
418.529
407.627
436.616
458.189
406.493
474.388
495.309
456.716
420.391
459.881
461.182
483.301
435.259
409.23
483.304
393.234
459.195
492.129
450.828
456.53
457.392
477.069
359.011
530.714
507.417
491.59
498.767
413.335
340.57
401.926
431.083
475.589
416.337
472.323
431.705
451.424
513.003
440.263
433.869
456.427
508.797
482.984
491.484
415.26
472.454
472.076
395.219
425.919
476.694
518.753
463.636
552.714
491.376
416.624
450.492
492.076
493.317
463.014
425.683
421.095
453.437
439.986
399.717
368.927
416.769
480.118
468.385
415.879
367.308
455.571
448.861
377.471
418.381
406.586
460.841
435.65
475.208
378.878
410.876
435.836
384.154
482.122
467.053
470.052
487.91
436.167
434.232
430.134
427.586
475.879
444.478
474.694
452.029
422.79
458.827
503.289
424.018
377.415
429.28
438.952
434.27
517.767
462.096
453.221
480.826
431.215
495.139
407.145
457.453
440.24
429.33
442.272
467.119
460.613
430.649
480.362
453.03
429.041
505.57
451.243
520.345
537.544
430.602
442.167
411.946
496.112
531.502
389.947
429.514
422.957
406.318
463.001
394.083
492.554
415.943
434.568
395.687
428.862
406.542
380.068
463.8
473.91
513.756
438.621
486.209
433.294
481.237
461.229
434.008
404.68
459.715
392.704
465.222
427.515
492.807
473.826
491.735
509.23
468.373
387.937
458.152
388.37
509.556
407.316
459.064
426.593
400.959
443.88
372.38
384.156
492.671
399.978
565.979
446.722
501.9
535.116
483.089
455.672
440.456
509.443
414.666
466.759
480.625
444.497
409.128
452.948
460.746
428.308
470.305
398.718
430.99
471.642
457.015
469.301
515.231
490.527
498.418
377.103
496.633
474.57
467.519
522.303
429.34
374.491
474.752
463.154
439.101
451.584
595.903
433.385
407.316
431.517
432.231
394.308
472.286
440.284
441.309
418.435
427.474
562.073
409.282
414.862
416.86
390.707
519.155
493.898
505.037
434.968
465.503
424.093
418.214
442.109
434.053
419.788
412.792
417.403
508.236
453.451
488.332
464.147
421.195
438.524
427.597
467.439
390.702
420.657
415.843
471.202
467.184
440.154
445.191
447.163
424.128
357.933
478.984
499.564
418.214
485.904
396.723
524.939
462.134
468.52
474.227
442.16
399.555
442.902
348.051
529.425
473.361
469.726
457.372
427.006
371.415
493.733
406.904
443.278
472.926
453.8
467.677
433.227
469.81
480.066
451.685
479.605
412.602
382.712
435.016
418.199
465.799
401.229
412.502
455.159
484.102
438.087
367.49
501.583
423.491
423.281
496.568
509.497
368.507
447.672
431.255
441.981
497.759
435.678
522.233
463.752
460.583
475.69
456.206
365.532
531.797
480.568
456.872
488.145
504.95
474.214
432.127
498.828
421.199
455.278
511.866
447.223
457.112
472.482
443.667
476.349
433.385
485.687
501.85
370.123
457.669
428.557
433.656
446.828
472.606
499.093
384.543
374.056
513.974
401.813
464.222
463.063
504.972
449.389
408.209
479.145
544.444
427.907
483.88
552.909
430.202
405.051
434.91
410.435
422.016
421.108
464.363
424.413
449.661
519.298
499.886
462.859
441.515
459.244
442.833
493.215
367.114
454.775
433.394
466.782
401.221
447.45
445.964
413.525
370.915
425.8
489.128
503.194
473.79
558.829
477.768
411.844
380.334
430.485
391.586
469.121
414.765
452.572
522.181
456.957
431.1
446.306
429.212
391.821
467.376
373.416
415.776
458.318
458.193
471.386
472.589
406.534
530.534
479.321
403.966
523.879
448.5
366.878
485.346
482.481
479.928
484.01
421.528
390.614
507.034
484.136
447.576
481.751
447.759
377.512
413.62
473.51
469.498
464.909
420.897
417.847
408.415
478.462
501.132
434.349
505.294
451.561
463.889
443.474
487.842
487.099
423.02
397.57
494.275
479.298
497.655
442.075
399.281
467.126
475.866
435.743
518.477
449.326
495.521
414.055
406.35
431.31
513.208
386.79
546.573
423.929
484.315
418.148
500.417
377.285
407.337
454.948
384.373
403.383
441.684
383.756
393.469
445.68
455.1
462.99
445.082
404.468
462.365
491.142
446.292
454.517
436.701
515.104
473.34
450.784
433.478
442.123
488.633
484.647
373.768
487.556
439.95
520.283
478.296
523.465
434.198
438.134
424.906
423.575
404.406
445.872
459.401
356.888
436.527
435.981
491.77
492.626
502.679
387.997
454.795
522.836
419.255
412.246
435.027
476.515
497.091
418.616
445.955
409.155
507.379
412.72
396.822
362.29
549.896
465.461
510.837
382.178
421.85
456.982
512.468
501.034
439.02
522.794
371.699
440.228
474.901
438.17
468.622
591.844
386.909
432.122
428.001
439.209
378.386
478.011
431.258
457.841
420.454
450.942
352.858
446.418
434.229
416.11
448.301
477.279
395.643
501.337
490.908
464.818
431.71
490.735
434.024
391.31
472.789
411.988
448.938
416.337
498.888
480.715
465.155
477.116
448.47
439.68
498.436
474.997
393.887
477.096
496.13
446.509
461.619
467.627
457.059
537.19
437.715
452.695
422.796
455.339
441.182
417.027
486.531
466.111
460.081
432.381
469.53
465.703
455.901
487.406
453.172
489.787
374.194
431.684
375.531
524.17
435.282
403.325
497.655
458.015
505.508
432.639
524.7
419.854
461.847
572.551
452.214
501.979
542.651
457.042
470.962
412.629
506.447
425.165
464.449
