2197.57
2192.91
2186.3
2108.51
2065.02
2107.48
2170.97
2042.96
2388.35
2094.81
2254.75
2162.39
2067.14
2116.16
2174.2
2236.59
2377.92
2163.32
2016.45
2135.26
2221.44
2177.31
2131.15
2275.69
2116.94
2311.66
2072.99
2140.76
2223.6
2235.48
2081.13
2065.81
2106.38
1991.97
2107.48
2121.51
2345.38
2170.73
2077.98
2242.27
2076.41
2127.46
2178.63
2056.5
2082.54
2185.87
2158.31
2123.79
2226.12
2115.61
2142.85
2204.2
2079.9
2192.81
2175.79
2122.75
2239.03
2049.8
2121.43
2187.57
2210.83
2205.65
2170.7
2140.77
2195.81
2335.57
1988
2160.94
2134.16
2123.65
2030.14
2234.62
2109.67
2330.12
2140.32
2165.01
2179.38
2256.44
2047.14
2170.12
2505.88
2132.4
2252.52
2193.58
2198.45
2127.17
2264.98
2315.6
1999.99
2084.83
2137.57
2110.87
2201.25
2204.44
2005.93
2088.19
2177.85
2094.25
2189.7
2155.43
2036.5
2191.01
2254.53
2328.05
2109.26
2118.57
2299.8
2047.4
2132.88
2007.26
2162.13
2183.9
2114.01
2247.48
2154.27
2346.31
2246.77
2128.46
2194.38
2228.98
2235.03
2277.92
2068.26
2089.13
2437.63
2151.09
1949.23
2186.43
2205.24
2162.65
2164.14
2078.44
1979.81
2243.59
2201.9
2049.42
2144.46
2205.36
2104.18
2087.27
2214.49
2300.34
2233.76
2262.82
2220.71
2233.62
2160.1
2050.56
2250.01
2163.67
2076.3
2232.32
2200.24
2177.39
2169.32
2196.86
2060.11
2186.12
2152.03
2201.5
2172.49
2194.14
2065.12
2086.27
2274.08
2366.16
2189.21
2237.02
2269.07
2151.04
2115.85
2207.13
2116.78
2342.64
2182.79
2069.42
2291.65
2220.35
2093.02
2131.66
2075.55
2375.13
2061.61
2400.66
2221.71
2040.28
2255.71
2131.46
2260.91
2152.68
2127.82
2243.7
2290.42
2072.3
2317.72
2208.59
1999.32
2034.1
2334.7
2224.34
2305.84
2087.82
2159.31
2296.75
2192.47
2195.54
2401.01
2083.22
2214.12
2243.24
1985.34
2040.11
2063.83
2194.67
2146.22
2085.94
2138.2
2299.89
2175.54
1985.08
2293.89
2337
2026.08
2233.99
2217.64
2370.11
2139.8
2224.57
2275.3
2013.78
2135.94
2138.08
2051.98
2200.67
2103.51
2216.1
2220.97
2215.89
2096.11
2145.08
2225.34
2252.13
2197.07
2064.94
2163.75
2091.17
2199.89
2078.26
2282.12
2306.59
2135.83
2054.17
2148.77
2276.36
2054.97
2170.49
2124.28
2124.68
2289.5
2218.58
2089.52
2227.65
2231.18
2116.21
2206.29
2124.57
2063.12
2194.98
2204.07
2158.04
2044.63
2187.23
2193.7
2102.03
2354.62
2315.59
2143.01
2081.79
2289.07
2108.6
2182.17
2165.37
2191.01
2139.46
2143.56
2031.82
2360.35
2199.58
2315.63
2207.41
2375.67
2174.22
2175.72
2273.31
2171.77
2053.3
2247
2119.77
2203.96
2114.39
1950.14
2213.93
2072.52
2130.78
1990.18
2139.72
2072.04
2101.94
2259.31
2203.86
2205.74
2288.94
2122.38
2227.4
2312.06
2235.66
2047.65
2040.59
2289.77
2188.41
2266.34
2212.32
2365.56
2236.56
2196.74
2246.32
2332.49
2361.87
2179.14
2265.39
2253.1
2235.91
2339.27
2237.66
2158.76
2147.03
2187.95
1994.65
2041.08
2176.34
2290.82
2241.76
2091.27
2250.87
2250.43
2261.59
2103.8
2177.45
2164.38
2065.18
2200.59
2163.95
2274.89
2153.35
2196.53
2039.78
2248.19
2213.1
2086.95
2109.71
2024.11
2342.64
2194.62
2212.05
2071.68
2390.97
2120.79
2125.65
2171.21
2329.3
2228.26
2254.18
2265.69
2087.38
2133.86
2118.62
2249.17
2093.78
2097.73
2154.31
2295.85
2212.99
2332.41
2146.26
2010.63
2244.72
2045.55
2302.59
2104.66
2242.59
2141.17
2119.21
2253.84
2186.29
2189.17
2059.37
2104.85
2190.45
2037.24
2239.56
2128.85
2044.03
2200.84
2212.92
2044.43
2279.31
2293.23
2160.57
1985.4
2046.54
2141.66
2109.43
2250.16
2233.53
2024.17
2104.56
2066.54
2079.11
2006.75
2021.29
1925.31
2132.04
2273.89
2073.78
2313.7
2227.89
2240.95
2126.34
2041.15
2118.74
2300.65
2397.08
2038.7
2328.11
2033.99
2152.91
2134.22
2277.46
2155.47
1911.59
2386.64
2061.56
2272.61
2076.48
2100.59
2222.04
2039.15
2200.25
2114.04
2168.6
1917.21
2064.27
2106.52
2171.55
2012.99
2094.85
2355.17
2286.84
2107.56
2141.2
2247.79
2116.31
1983.78
2150.09
2247.97
2157.45
2146.52
2238.55
2091.9
2161.8
2099.76
2093.74
2054.31
2300.26
2095.72
2114.87
2160.64
2183.7
2190.72
2134.33
2257.16
1997.13
2234.38
2229.9
2033.55
2035.95
2263.99
2101.18
2103.51
2210.05
2201.61
2293.94
2177.42
2197.17
2207.34
2113.77
2049.92
2142.53
2173.71
2090.41
2186.38
2175.71
2197.63
2149.26
2248.68
2310.1
2242.59
2300.72
2226.75
2329.93
2181.21
2145.69
1974.82
2229.78
2086.54
2121.92
1892.75
2318.04
2077.77
2390.55
2462.55
2149.13
2253.32
2313.64
2188.01
2194.6
2194.27
2206.48
2114.53
2171.83
2089.53
2157.43
2173.83
2271.94
2150.67
2174.54
2022.95
2199.04
2044.21
2304.01
2304.1
2147.1
2242.09
2112.43
2310.1
2162.46
2181.2
2072.05
2281.44
2045.07
2078.63
2136.45
2008.29
2156.41
2150.47
2235.68
2261.56
2178.58
2227.96
2134.17
2142.59
2141.69
2030.82
2326.5
2156.56
2097.7
2066.58
2250.22
2175.92
2070.65
2198.19
2147.75
2153
2099.77
2350.86
2191.72
2102.06
2152.59
2153.42
1983.4
2109.38
2174.81
2155.18
2022.42
2112.88
2254
2182.06
2211.7
2152.86
2055
2082.71
2467.75
2245.64
2176.34
2125.79
2209.78
2266.39
2108.26
2354.79
2133.99
2222.83
2065.92
2180.73
2276.66
2218.17
2186.12
2097.04
2228.02
2318.93
2306.47
2153.98
2114.44
2216.82
2319.2
2211.51
1878.74
2040.7
2039.7
2070.53
2354.48
2179.81
2228.88
2045.61
2215.5
2158.36
2198.77
2244.29
2126.83
2068.16
2274.11
2175.39
2218.69
2313.73
2435.56
2093.88
2357.38
2188.15
2048.19
2117.51
2206.89
2165.63
2050.77
2054.9
2144.28
2121.98
2108.79
1959.15
2135.72
2216.63
2237.86
2122.07
2073.48
2237.59
2072.64
2261.17
2191.48
2256.15
2158.53
2281.01
2188.27
2257.57
2099.79
2164.69
2254.57
2033.77
2196.36
2193.55
2184.09
2109.01
2072.3
2139.41
2259.68
2334.14
2145.92
2166.38
1956.38
2105.87
2224.38
2192.33
2023.18
1973.05
2294.05
2278.52
2137.51
2314.9
2184.23
1987.64
2140.18
2162.15
2316.13
2136.83
2510.85
2001.41
2267.5
2089.87
2135.11
2244.6
2263.69
2052.22
2143.66
2210.22
2181.7
1943.13
2179.13
2056.51
2097.99
2192.41
2134.54
2169.7
2186.74
2266.21
2065.56
2130.01
2194.52
2185.83
2039.75
2237.76
2181.86
2101.9
2113.81
2262.45
2135.43
2109.9
2025.03
2047.72
2317.33
2257.94
2305.93
2064.39
2163.68
2261.35
2162.28
2078.01
2299.7
2134.23
2126.73
2233.67
2063.88
2090.23
2292.61
2084.6
2327.99
2168.15
2050.22
2063.9
2221.49
2185.6
2171.75
2202.12
2183.65
2037.23
2145.45
2271.12
2272.63
2203.69
2195.86
1863.78
2139.25
2164.43
2157.68
2342.54
2154.44
2206.43
2145.19
2274.89
2127.84
2250.24
2022.76
2047.57
2304.85
2214.15
2199.59
2121.18
2272.37
2324.72
2082.16
1998.11
2040.93
2010.47
2014.45
2184.82
2373.73
2167.51
2394.74
2180.62
2224.83
2209.32
2270.55
2132.12
2328.26
2166.92
2073.27
2212.34
2301.35
2277.73
2246.33
2345.33
2325.04
2141.82
2130.73
2130.17
2085.11
2070
2170.57
2266.51
2039.7
2111.67
2293.68
2256.81
2381.12
2187.77
2358.41
2170.75
2134.11
2083.8
2157.21
2087.48
2211.79
2298.47
2124.92
2312.31
2222.2
2193.23
2190.91
2232.09
2151.21
2137.75
2312.65
2155.2
2085.07
1984.16
2123.82
2282.2
2041.54
2042.72
2190.37
2262.59
2221.74
2071.44
2069.14
2184.06
2242.21
1991.77
2194.52
2175.57
2167.21
2123.2
2198.42
2043.36
2230.97
1950.96
2132.98
2265.76
2117.29
2061.98
2100.42
2116.77
2073.72
2348.71
2223.43
2176.34
2071.71
2210.24
2176.5
2253.56
2164.15
2078.72
2162.44
2071.75
2118.56
2117.75
2190.55
2008.17
2150.54
2183.52
2063.89
2152.8
2064.79
2032.32
2315.95
2060.26
2130.97
2228.38
2027.87
2189.88
2156.16
2037.51
2126.87
2135.81
2118.21
2092.98
2313.39
1962.09
2155.18
2075.22
2250.72
2056.42
2055.94
2446.19
2185.74
2386.36
2284.4
2218.39
2349.37
2311.33
2429.76
2115.47
2146.17
2162.61
2118.22
2229.21
2220.58
2279.23
2038.01
2189.05
2191.89
2142.75
2167.88
2104.92
2212.41
2263.45
2127.68
2147.43
2205.07
2085.44
2078.3
2143.44
2181.06
2068.05
2313.59
2187.7
2221.62
2295.38
1995.26
2142.97
2055.81
2137.51
2065.93
2257.75
2082.74
2265.71
2113.58
2283.68
2209.5
2113.74
2080.26
2169.3
2203.66
2150.42
2144.73
2003.61
1997.81
2319.89
2081.36
2147.9
2129.82
2267.03
2291.03
2126.7
2080.47
2095.33
2097.4
2163.9
2191.82
2257.07
2268.58
2207.42
2232.56
2032.91
2226.68
2051.37
2172.74
2132.96
2070.32
2079.33
2228.67
2099.96
2167.8
2054.52
2196.98
2130.54
2122.06
2401.41
2316.33
2008.68
2067.47
2048.6
2195.79
2179.62
2108.05
2290.14
2279.46
2250.53
2219.8
2265.44
2135.8
2281.85
2115.71
2147.51
2315.66
2242.09
2115.32
2172.88
2266.18
2249.27
2204.16
2220.85
2069.53
2012.63
2134.41
2249.01
2279.57
2200.3
2204.14
2143.29
1995.58
2092.2
2299.77
2221.75
2109.21
2259.07
2096.92
2171.99
2255.05
2276.83
2218.85
2024.36
2213.5
2156.99
1897.58
2184.6
2311.02
2152.44
2111.87
2088.6
1927.39
2058.45
2019.03
2110.57
2177.68
2016.61
2004.15
2271.14
2345.14
2175.12
2242.47
2165.22
2235.81
2099.51
2166.04
2255.68
2174.85
2282.91
2244.45
2164.03
2269.28
2221.89
2157.22
2198.05
2116.91
2082.3
2331.79
2144.98
2252
2062.41
2264.73
2371.09
2058.39
2183.64
2142.04
2329.28
2138.6
2243.35
1951.61
2268.24
2246.34
2303.07
2095.37
2037.31
2080.18
2083
2014.39
2082.79
2049.47
2063.8
2287.13
2316.83
2143.77
2047.45
2247.83
2175.41
2152.37
2040.59
2012.99
2246.76
2188.26
2299.7
2074.65
2203.89
2017.69
1969.21
2326.52
2018.29
2319.01
2226.25
2109.83
2128.86
2172.93
2133.45
2256.87
2322.06
2288.76
2144.25
2189.05
2205.72
2216.9
2082.19
2135.66
2235.83
2183.42
2102.84
2275.95
2209.99
2168.83
2121.44
2198.53
2308.46
2175.28
2295.7
2364.74
1938.39
2267.78
2181.4
2206.83
2221.14
1971.22
2114.77
2211.56
2037.64
2272.12
2151.7
2126.93
2191.48
2292.75
2149.04
2111.87
2066.77
2029.04
2230.48
2218.38
2225.24
2289.6
2160.47
2108.76
2222.89
2267.39
2114.68
2075.87
2168.35
2100.77
2179.27
2055.41
2420.39
2141.81
2235.78
2124.59
2249.48
2144.62
2188.34
2124.23
2048.57
2215.95
2221.7
2179.06
2084.22
2313.92
2201.35
2197.25
2254.9
2172.82
2223.38
2128.42
2456.69
2182.19
2049.61
2139.59
2193.23
1977.9
2294.61
2245.65
2256.18
2277.93
2254.8
2139.66
2023.72
2160.02
2119.32
2176.97
2244.35
2123.4
2022.47
2273.08
2170.99
2091.38
2178.71
2090.68
2061.24
2211.56
2243.6
2280
2250.18
2203.72
2219.67
2366.37
2076.01
2073.83
2108.11
2096.14
2147.01
2223.71
2195.87
2129.94
2154.37
2232.25
2056.4
2096.15
2289.85
2127.37
2434.07
2324.49
2359.67
2278.53
2127.51
2414.92
2241.05
2064.39
2297.93
2038.44
2084.58
2169.41
2091.32
2038.52
2092.34
2311.43
2094.14
2297.18
2226.43
2275.72
2076.36
2068.54
2025.74
2284.26
2210.93
2202.62
2088.99
2024.8
2118.85
2159.4
2076.31
2167.52
2155.03
2250.73
1967.9
2075.47
2184.08
2041.26
2242.2
2276.85
2175.92
2193.01
2030.43
2303.11
2182.86
2219.83
2099.05
2073.46
2133.35
2144.14
2212.04
2209.58
2356.38
2184.23
2157.01
2300.79
2124.44
2062.91
2089.48
2198.39
2219.11
2179.31
2134.75
2115.44
2059.45
2192.89
2208.73
2131.83
2026.78
2315.83
2311.13
2112.97
2131.82
2077.62
2045.85
2113
2216.19
2179
2169.28
2120.88
2053.8
2403.07
2085.6
2260.94
2255.05
2086.25
2056.5
2196.86
2174.03
2171.66
2319.53
2132.9
2097.14
1964.88
2235.04
2181.34
2037.39
2197.82
2086.09
2031.21
2177.05
2018.45
2110.97
2257.35
2189.37
1950.21
2198.02
2137.2
2244.06
2055.57
2169.31
1900.12
2211.32
2243.18
2109.7
2166.88
2142.44
2232.43
2378.43
2169.79
2246.87
2189.79
2180.99
2185.91
2116.61
1988.28
2066.73
2013.2
2109.43
2173.81
2240.4
2160.11
2176.19
2191.62
2123.04
2210.12
2231.77
2221.04
2179.78
2242.92
2083.34
2221.17
2200.31
2279.48
2263.72
2284.19
2098.74
2137.31
2186.09
2304.85
2178.88
2270.01
2261
2240.21
2129.13
2319.35
2201.74
2135.77
2123.92
2179.37
2067.78
2151.4
2110.82
2124.78
2170.69
2051.8
2231.57
2140.94
2130.95
2330.99
2195.86
2230.82
2146.04
2051.6
2196.64
2155.84
2113.59
2100.63
2280.02
2064.06
1966.21
2190.04
2061.95
2122.29
2217.36
2176.36
2207.67
2149.54
2286.97
2213.19
2283.5
2070.29
2141.88
2094.29
2108.71
2217.73
2082.55
2179.52
2297.72
2170.67
2033.08
2275.02
2143.4
2155.2
2219.75
2018.33
2231.66
2151.23
2201.66
2250.76
2198.45
2170.97
2138.42
2181.67
2439.15
2188.58
2173
2289.76
2110.12
2190.39
2188.88
2174.97
2121.6
2168.49
2351.3
2420.42
2254.25
2206.07
2352.46
2235.14
2226.4
2099.69
2070.79
2192.54
2027.8
2255.23
2169.62
2191.42
2159.07
2229.39
2102.85
2285.99
2034.81
2255.39
2260.66
2172.33
2152.67
2121.63
2155.43
2151.99
2208.51
2245.59
2166.81
2247.35
2245.25
2051.01
2217.56
2225.43
2336.23
2026.59
2198.39
2058.58
2122.23
2157
2287.03
2066.86
2236.94
2032.06
2319.31
2150.5
2139.4
2120.87
2106.22
1991.24
2107.42
2210.38
2206.18
2192.07
2207.26
2288.21
2056.31
2052.51
2154.96
2492.62
2294.57
2226.38
2308.35
2333.63
2255.18
2167.29
2151.05
2172.44
1943.19
2376.3
2018.14
2298.83
2187.83
2182.25
2227.87
2083.92
2028.67
2311.53
2262
2145.51
2195.16
2040.53
2175.84
2042.48
2119.84
2080.5
2176.92
2157.23
2266.44
2155.16
2173.36
2012.67
2206.46
2036.43
2202.42
2128.74
2302.01
2087.58
2125.34
2302.84
2272.44
2121.46
2160.8
2176.86
2187.25
2293.92
2295.76
2164.05
2094.42
2240.31
2027.07
2237.55
2139.22
2071.71
1904.83
2161.88
2132.42
2158.29
2095.14
2216.27
2208
2070.61
2265.91
2095.75
2158
2040.88
2124.46
2155.82
2099.25
1983.87
2265.23
2130.81
2158.27
2032.68
2229.09
2232.79
2082.15
2287.8
2227.89
2113.32
2298.38
2080.4
2056.35
2190.1
2177.72
2246.31
2319.66
2220.48
2173.69
2122.38
2117.97
2186.74
2142.39
2041.93
2133.15
2140.35
1979.3
2081.83
2053.54
2123.66
2115.79
2159
2296.48
2159.94
2147.14
2230.89
2212.27
2092.47
2192.25
1998.36
2439.81
2103.62
2227.18
2212.53
2286.04
2396.21
2210.64
2104.89
2169.25
2295.07
2136.96
2176.5
2208.96
2148.29
2143.91
1975.53
2259.19
2221.03
2109.54
2169.39
2347.87
2281.13
2170.61
2050.29
2015.59
2078.83
2199.52
2179.88
2039.22
2198.3
2286.25
2065.75
2035.07
2365.69
2098.06
2187.2
2169.36
2241.3
2263.45
1943.66
2104.32
2145.37
2165.22
2140.54
2161.22
2173.96
2307.24
2167.89
2060.03
2235.15
2165.58
2120.59
2155.4
2159.36
2021.21
2328.59
2143.73
2185.35
2204.52
2311.64
2148.9
2226.7
2304.15
2308.41
2108.13
2318.63
2176.31
2395.32
2193.85
2044.14
2114.7
2090.72
2302.68
2238.73
2293.63
2294.29
2269.43
2145.77
2168.48
2081.44
2155.68
2093.12
1964.4
2102.3
2107.07
2248.01
2271.22
2072.61
2128.13
2125.01
2006.1
2088.23
2221.08
2242.03
2082.89
2146.59
2097.55
2187.65
1994.36
2150.6
2219.85
2370.17
1949.17
2221.67
2214.94
2172.14
2113.53
2099.02
2124.48
2291.55
2093.39
2295.25
2000.47
2304.71
2115.22
2114.64
2075.91
2046.44
1993.51
1979.71
2369.94
2122.64
2125.76
1997.03
2158.14
2142.03
2065.4
2268.21
2185.15
2129.14
2164.65
1999.42
2263.44
2290.85
2201.54
2317.44
2342.18
2241.07
2226.75
1980.02
2132.34
2228
2262.43
2137.89
2056.6
2169.16
2143.64
2217.66
2156.01
2269.93
2229.89
2187.04
2230.81
2381.04
2271.03
2071.54
2116.45
2176.18
2360.57
2150.41
2106.12
2229.75
2093.16
2064.47
2089.56
2285.39
2226.5
1984.63
2225.05
2288.63
2122.44
2122.82
2191.47
2127.6
2306.5
2142.27
2093.55
2260.53
2221.6
1958.56
2116.13
1895.35
2196.09
2233.11
2087.86
2022.43
2067.63
2093.66
2091.66
2118.83
1949.5
2111.79
2070.71
2113.93
2246.84
2235
2201.52
2281.23
1949.23
2291.89
2214.81
2190.28
2032.51
2200.65
2158.61
2265.39
2287.36
2277.88
2008.01
2176.23
2247.77
2070.84
2088.96
2133.56
2200.63
2018.19
2186.72
1964.11
2195.66
2108.16
2291.17
2144.94
2080.75
2139.05
2294.59
2171.4
2191.54
2318.15
2092.33
2144.1
2159.18
2266.07
2392.98
2114.21
2107.3
1902.42
2161.12
1985.13
2125.04
2123.76
2142.05
2148.05
2332.45
2227.82
2219.33
2218.37
2091.05
2314.95
2306.67
2248.45
2089.29
2215.06
2237.22
2186.49
2113.64
2150.9
2282.29
2094.18
2192.68
2227.18
2193.46
2337.82
2132.99
2026.89
2169.2
2134.68
2217.86
2197.1
2257.43
2171.17
2316.99
2234.35
2172.69
2094.28
2152.94
2371.09
2066.34
2228.19
2002.29
2019.82
2074.62
2071.73
2191.27
2228.85
2262.87
2228.06
2242.88
2139.51
2120.76
2263.72
2217.32
2122.94
2148.11
2128.42
2139.95
2119.32
1971.9
2133.27
2199.09
2347.7
2125.31
2093.37
2378.84
2105.41
2293.9
2149.05
2173.57
2053.53
2207.39
2199.21
2284.81
2159.6
2060.78
2249.65
2124.91
2244.05
2276.68
2118.03
2159.14
2014.68
2155.54
2107.62
2029.63
2036.36
1975.44
2037.99
2253.53
2303.08
2036
2267.26
2107.64
2069.32
2205.86
1972.56
2093.84
2348.51
2007.2
2058.82
2132.18
1980.28
2066.78
2077.41
2243.82
2168.3
2223.8
2241.25
2080.14
2205.12
2129.25
2186.88
2138.82
2285.21
2197.95
2216.74
2112.93
2193.43
2205.57
2257.01
2139.87
2086.73
2039.73
2135.12
2118.52
2106.14
2155.78
2252.71
2180.25
2167.07
2277.85
2093.22
1981.21
2298.51
2139.5
2194.56
2155.52
2086.36
2153.9
2074.55
1982.91
2176.31
2013.56
2295.7
2082.08
2349.01
2144.88
2172.66
2335.03
2003.28
2051.41
2016.74
2054.46
2363.64
2272.57
2297.72
2096.18
2316.53
2290.39
2128.77
2201.9
1975.11
2177.62
2076.72
2281.26
2145.36
1987.83
2116.42
2208.29
2167.8
2151.87
2115.18
2229.86
2044.59
2031.46
2270.34
2249.81
2214.3
2180.41
2029.49
2216.29
2188.76
2114.47
2131.18
2145.17
2103.72
2252.35
2062.7
2214.52
2295.37
2204.58
2248.78
1982.65
2176.89
2040.55
2120.41
2231.75
2179.11
2193.5
2141.42
2206.39
2268.63
2199.45
2097.25
2305.31
2243.98
2090.11
2171.73
2194.03
2077.26
2149.35
2170.88
2141.72
2085.32
2236.95
2147.43
2005.06
2069.57
2110.31
2299.97
2200.45
2086.64
2398.51
2137.7
2196.49
1926.77
2128.11
2082.65
2245.14
2124.64
2133.01
2127.13
2259.18
2136.7
2222.4
2115.64
2169.91
2423.93
2310.44
2109.97
2115.59
2241.29
2111.99
2185.13
2168.24
2093.43
2124.32
2128.64
2137.66
2030.77
2151.83
2203.36
2107.46
2150.71
2106.29
2131.98
2078.22
2287.84
2235.97
2214.63
1999.39
2144.71
2336.13
1981.06
2059.93
2188.95
2212.18
2222.97
2071.27
2130.04
2410.63
2101.68
2184
2196.6
2137.53
2219.17
2296.38
2169.49
2127.1
2177.45
1984.36
2034.89
2086.4
1964
1987.15
2117.92
2273.61
2259.37
2049.52
2126.13
2325.62
2156.15
2201.92
2221.98
2115.69
2093.97
2212.72
2088.19
2186.05
2193.11
2337.97
2050.72
2184.72
2191.61
2016.8
1945.75
2257.9
2095.22
2267.56
2060
2076.69
2129.53
2205.44
2153.95
2267.48
2192.51
2092.43
2051.03
2151.28
2137.67
2159.52
2147.13
2093.17
2221.77
2150.26
2128.22
2181.79
2083.17
2013.46
2240.58
2108.55
2276.3
2269.93
2241.68
2138.48
2205.42
2240.44
2149.28
2202.1
2152.91
2173.65
2321.68
2131.48
2126.19
2170.65
2120.65
2176.32
2144.9
2024
2262.41
2194.9
1958.55
2100.87
2092.29
2051.75
2166.37
2048.91
2264.89
2278.35
1973.1
2031.87
2270.16
2127.1
2212.63
2043.6
2047.8
2072.56
1987.46
2090.85
2121.32
2074.09
2008.82
2129.05
2292.5
2121.63
2206.9
2107.37
2233.34
2292.29
2340.81
2248.2
2231.79
2283.19
2197.6
2116.24
2294.22
2084.28
2132.82
2115.29
2208.85
2238.1
2250.34
2261.3
2255.9
2171.36
2218.8
2092.91
2138.16
2142.49
2129.08
2193.03
2216.06
2206.05
2351.42
2206.5
2302.75
2100.97
2235.84
2101.32
2078.78
2295.17
2015.49
2151.21
2343.44
2154.61
2209.79
2228.17
1990.21
2288.01
2113.28
2096.59
1986.86
2059.44
2289.45
2204.96
2192.53
2303.69
2284.68
2138.29
2207.99
2251.04
2199.29
2342.54
2175.44
2127.82
2154.45
2118.99
2088.84
2024.33
2051.53
2161.33
2297.69
2117.69
1980.34
2107
2124.52
2223.42
2093.69
2126.5
2082.93
2160.44
2006.89
2235.21
2212.31
1887.65
2095.69
2157.54
2220.54
2284.92
2121.16
2182.17
2216.53
2135.5
2184.26
2133.84
2089.34
2140.77
2275.18
1996.38
2396.29
2161.85
2082.73
2137.34
2208.92
2109.86
2202
2149.17
2163.24
2033.36
2256.85
2244.18
2164.16
1998.95
2171.81
2243.58
2207.51
2098.73
2194.96
2133.84
2224.84
2136.55
1989.2
2198.11
2174.25
2185.8
2253.17
2123.22
2066.34
2254.48
2074.29
2322.18
2113.33
2323.49
2240.63
2112.33
2146.94
2297.27
2199.61
2039.32
2302.86
2200.74
2112.24
2245.91
2130.62
2043.64
2199.93
2194.27
2077.66
2234.5
2072.24
2044.1
2168.11
1984.05
2131
2102.57
2185.12
2430.23
2136.45
2123.2
2248.53
1977.86
2035.6
1997.95
2333.7
2261.19
1996.49
2179.27
2291.87
2308.38
2294.56
2108.05
2068.68
2270.04
2126.68
2284.67
2128.05
2108.32
2208.23
2093.53
2080.82
2090.25
2260.93
2292.66
2301.27
2225.8
2195.89
2010.97
2244.97
2266.25
2013.82
2183.02
2120.76
2051.21
2299.08
2310.36
2074.16
2066.85
2089.86
2265.6
2059.69
2394.63
2235.39
2073.48
2170.32
2352.93
2226.9
2267.7
2095.28
2327.67
2158.85
2145.73
2349.38
2003.94
2419.49
2171.29
2366.75
2252.06
2080.67
2108.31
2266.08
2124.5
2234.78
2226.75
2243.41
2414.59
2105.65
2152.65
2121.64
2255.09
2111.67
2088.81
2167.12
2015.15
1884.45
2080.59
2231.53
2236.41
2367.54
1985.75
2364.29
2142.64
2005.8
2262.82
2109.77
2169
2168.14
2176.98
1991.95
2171.21
2183.38
2185.33
2285.54
2197.23
2257.91
1946.22
2213
2180.62
2142.77
2116.68
2209.06
2092.81
2111.04
2061.83
2160.33
2108
2146.22
2086.83
2223.97
2264.56
2222.26
2274.32
2201.64
2341.41
2186.83
2180.34
2087.67
2036.33
2057.31
1916.73
2134.43
2198.11
2310.53
2288.31
2215.01
2042.56
1900.33
2242.54
2235.33
2209.87
2204.58
2149.69
2181.59
2156.13
1943.29
2279.75
1981.07
2248.07
2138.6
2204.61
2259.68
2168.49
2188.69
2165.36
2179.3
2273.62
2253.3
2253.7
2232.77
2082.91
2281.77
2158.69
2199.56
2284.24
2228.32
2133.12
2050.56
2222.79
2189.36
2109.67
2255.68
1980.57
2203.14
2033.24
2184.06
2229.71
2291.4
2310.77
2062.45
2110.83
2129.7
2285.67
2034.67
2223.53
2266.35
2306.67
2056.54
2274.61
2190.79
2131.29
2354.62
2231.8
2155.96
2361.59
2045.89
2125.44
2240.95
2084.03
2206.98
2183.65
2120.23
1948.45
2070.05
2277.4
2185.9
2109.78
2101.5
2293
2050.62
2253.5
2170.52
2239.93
2229.98
2124.85
2095.27
2062
2389.29
2196.67
2370.93
2218.69
2168.79
2161.88
2110.47
2009.04
2261.52
2222.72
2198.13
2116.03
2032.48
2126.18
2233.48
2195.08
2116.42
1965.53
1980.99
1975.92
2169.78
2318.24
2212.28
2090.59
2182.27
2123.71
2185.45
2086.56
2322.81
2215.5
2202.41
2037.93
2208.98
2431.62
2327.79
2111.57
2157.26
2231.34
2033.65
2136.48
2099.3
2166.55
2106
2059.18
2129.83
2212.26
2108.4
2267.02
2175.99
2094.67
2143.16
2209.3
2357.32
2097.33
2408.05
2078.35
2380.38
2279.61
1942.01
2204.67
2230.23
2285.89
2374.2
2182.88
2281.36
2188.89
2277.33
2219.73
2251.95
2216.74
2142.29
2068.02
2043.71
2244.75
2240.01
2278.13
2341.57
2079.04
2304.57
2135.55
2356.15
2066.07
2123.42
2026.47
2146.79
2253.94
2063.34
2289.44
2215.22
2133.5
1951.33
2065.58
2175.88
2170.01
2281.2
2195.75
2308.39
2269.42
2124.11
2085.06
2098.19
2274.75
2091.83
2204.55
2180.44
2322.8
2030.81
2302.13
2269.53
2147.01
2233.08
1893.24
2186.15
2111.34
2113.45
2160.5
2221.04
2168.96
2202.53
2210.81
2113.49
2217.48
2229.82
2113.82
2086.13
2118.62
2158.35
2131.2
2066.53
2234.83
2212.18
2196.88
2158.81
2328.65
2170.02
2182.78
1961.74
2168.07
2178.51
2048.71
2262.07
2184.5
2110.5
2102.7
2351.82
2188.49
2055.77
2302.73
2120.64
2088
2008.75
2061.4
2291.72
2204.81
2227.44
2257.6
2227
2130.47
2250.79
1872.28
2158.44
2180.22
2156.28
2305.63
2182.6
2278.8
2213.6
2141.07
2077.33
2265.67
2148.38
2019.23
2226.73
2245.91
2148.31
2085.65
1973.64
2148.71
2162.69
2118
2453.03
2094.46
1998.03
2157.89
2107.69
2312.75
2264.4
2114.98
2312.96
2110.1
2225.24
2176.13
2098.7
2137.06
2051.94
2155.01
2198
2124.64
2189.2
2372.83
2017.43
2283.78
2275.32
2173.37
2276.88
2174.4
2241.05
2039.72
2081.52
1997.12
2308.46
2073.75
2217.28
2175.14
2212.94
2304.12
2160.37
2177.82
2031.68
2139.82
2235.88
2089.13
2232.2
2234.51
2186.26
2180.45
2204.52
2205.48
2234.38
2044.68
2137.87
2153.73
2091.86
2242.5
2065.65
2053.7
2334.04
2094.1
2092.69
2212.29
2192.21
2190.39
2139.02
2142.12
2036.74
2131.28
2051.21
2199.55
2244.05
2337.76
2171.85
2226.39
2015.61
2135.85
2105.5
2261.79
2188.02
2187.79
2197.68
2161.99
2177.65
2180.93
2243.97
2132.38
2226.22
2200.54
2217.23
2169.66
2262.2
2214.33
2269.39
2228.97
2009.37
2212.19
2076.4
2167.75
2272.22
2277.49
2103.47
2270.34
2124.42
1886.39
2216.44
2144.32
2124.98
2253.49
2066.17
2182.67
2415.62
2123.41
2223.08
2264.39
2118.16
2218.7
2121.65
2261.17
2159.24
2249.06
2136.31
2069.94
2160.86
2116.98
2197.09
2256.79
2143.73
2312.85
1957.03
2161.4
2157.35
2003.76
2259.44
2202.1
2298.15
2192.72
2018.53
2114.85
1975.08
2191.26
2150.67
1974.23
2300.88
2142.49
2189.75
2246.58
2211.3
2277.28
2155.37
2167.97
2135.42
2182.01
2154.85
2009.36
2177.85
2250.61
2213.18
2231.94
2240.98
2131.45
2190.22
2202.29
2104.9
2287
2134.4
2088.07
2157.77
2113.95
2150.03
2125.46
2263.89
2158.69
2073.77
2118.98
2308.02
2098.26
2260.64
2214.68
2058.28
2220.37
2364.44
2207.36
2133.66
2040.44
2068.82
2236.71
2255.68
2267.09
2149.13
2230.11
2194.72
2114.13
2139.71
2161.83
2050.29
2121.58
2289.22
2313.08
1960.95
2207.37
2208.24
2263.81
2223.52
2195.58
2176.3
2063.21
2163.29
2177.5
2273.45
2327.3
2173.44
2213.29
2186.68
2127
2147.15
2142.24
1940.93
2031.53
2228.65
2127.74
2289.06
2174.58
2328.16
2235.26
2287.34
2211.38
2107.04
2094.09
2035.8
2203.74
2210.54
2195.23
2109.32
2230.74
2046.51
2276.85
2296.73
2324.03
2221.95
2089.59
2203.13
2224.04
2307.04
2166.32
2090.83
2131.69
2199.02
2245.49
1998.94
2245.13
2224.27
2266.15
2084.34
2019.83
2372.67
2080.94
2339.86
2151.66
2179
2088.12
2164.73
2084.18
2033.93
2153.64
2128.51
2349.65
2194.01
2225.23
2275.47
2118.26
2176.02
2011.93
2128.63
2195.25
2135.01
2089.55
2175.6
2164.33
2182.75
2117.57
2220.04
2194.65
2022.49
2162.83
2212.76
2131.39
2163.01
2102.47
2077.97
2285.01
2094.79
2231.69
2094.65
2225.75
2292.19
2188.86
2037.72
2153.1
1984.9
2059.28
2330.63
2114.33
2098.04
2256.73
2199.86
2270.53
2196.05
2092.14
2070.08
2166.43
2171.89
2272.15
2079.31
2227.06
2012.81
2039.12
2062.57
2155.93
2155.99
2367.03
2153.31
2286.52
1981.18
2084.41
1969.68
2138.62
2142.85
2042.09
2125.77
2213.77
2212.76
2224.77
2296.2
2103.45
2433.7
2093.65
2292.31
2076.46
2182.45
2228.78
2201.64
2193.06
2048.98
2080.85
2149.02
2134.48
2140.72
2108.59
2125.72
2240.9
2128.51
2162.05
2100.32
2317.81
2156.66
2191.91
2146.67
2168.83
2226.36
2088.91
1980.6
2176.48
2157.16
2010.42
2147.66
2096.56
2125.36
2078.96
2129.08
2131.32
2218.82
2282.24
2183.07
2078.58
2224.6
2141.79
2103.45
2026.62
2114.84
2122.11
2199.34
2128.16
2058.02
2001.84
2292.87
2318.23
2312.64
2048.81
2436.77
2214.07
2188.33
1889.72
2126.49
2169.5
2263.36
2108.94
2163.51
2042.02
2207.96
2204.47
2067
2120.5
2349.98
2022.75
2327.17
2261.87
2255.03
2349.36
2105.23
2153.02
2144.08
2210.38
2172.94
2231.39
2164.99
2130.64
2193.25
2168.69
1939.56
2337.29
2200.94
2040.31
2105.2
2125.46
2133.16
2371.75
2172.21
2161
2049.22
2149.23
2134.91
2180.42
2001.23
2117.24
1923.05
2015.23
2015.56
1986.72
2172.13
2085.85
2035.63
2090.39
2140.16
2127.9
2190.68
2139.35
2329.32
2018.69
2023.45
2090.15
2307.97
2241.07
2096.03
2168.77
2194.95
2399.65
2139.07
2157.32
2103.5
2052.36
1953.02
2090.65
2099.24
2289.8
2301.57
1975
2268.97
2072.33
2127.23
2182.79
2028.1
1993.93
2270.95
2262.94
2247.89
2355.85
2367.94
2280.25
2240.03
2082.26
2251.09
2194.74
2050
2152.13
2316.45
2220.36
2112.91
2315.02
2076.85
2282.21
2103.23
2118.23
2135.69
2232.42
2116.56
2331.78
2164.12
2283.41
2230.15
2301.69
2131.82
2251.12
2034.24
2022.11
2206.44
2014.09
2001.22
2034.42
2083.61
2314.36
2126.73
2200.51
2058.81
2219.02
2155.25
2236.74
2218.83
2064.48
2321.64
2186.15
2123.85
2171.79
2212.76
1989.73
2132.5
2333.43
2215.54
2117.02
2227.61
2197.81
2071.33
2183.35
2195.23
2193.61
2177.18
2033.58
2290.22
2250.9
2066.37
2183.93
2135.69
2111.72
2097.86
2012.61
2080.09
2135.89
2181.25
2145.19
2055.34
2355.43
2111.81
2212.32
2379.77
2291.26
2247.54
2157.21
2057.64
2195.11
2075.22
2122.76
2260.57
2213.77
2117.17
2252
2294.42
2148.53
2016.01
2144.89
2150.14
2116.51
2034.09
2224.18
2184.91
2237.02
2154.28
2073.58
2130.06
2114.19
2095.67
1986.59
2115.87
2303.76
2238.06
2266.1
2111.04
2126.23
2163.75
2246.41
2177.14
1998.12
2130.73
2084.88
2108.3
2043.76
2225.21
2162.11
2273.63
2134.96
2104.37
2067.39
2150.89
2174.08
2239.65
2038.4
2078.14
2172.35
2095.74
2252
2107.58
2049.43
2085.41
2075.8
2142.44
2237.14
2024.55
2094.16
2258.35
2273.92
2200.95
2185.14
2174.96
2183.36
2174.09
2237.69
2069.4
2103.91
2313.11
2247.83
2045.41
2154.03
2226.09
2328.62
2083.67
2184.46
2195.42
2107.61
2119.81
2250.25
2306.42
2281.86
2329.87
2179.42
2119.29
2306.23
2202.17
2203.24
2218.13
2224.21
2164.4
2082.47
2186.12
2201.62
1998.41
2212.9
2201.15
2050.16
2262.38
2239.13
2098.15
2182.14
2072.84
2122.56
2205.27
2265.34
2224.71
2207.63
2420.58
2290.68
2312.45
2088.88
2234.95
2212.15
2082.79
2128.07
2310.49
2104.06
2023.33
2058.71
1979.62
2269.59
2221.27
2195.52
2216.36
2149.28
2124.47
2206.54
2084.35
2193.2
2219.11
2096.29
2126.23
2194.01
2172.8
2084.58
2231.89
2137.37
2162.36
2385.63
2153.9
2147.52
2171.57
2167.61
2053.86
2359.37
2202.88
2165.49
2376.82
2152.96
2116.68
2019.05
2272.7
2151.79
2093.32
2131.74
2114.55
1987.61
2001.03
2074.27
2112.03
2041.62
2096.58
2180.16
2325.13
2291.52
2194.11
2188.67
2257.62
2226.52
2129.89
2150.84
2264.01
2187.06
2284.7
2149.71
2055.56
2135.26
2375.75
2142.22
2170.69
2114.08
2164.44
2122.8
2274.54
2158.96
2158.69
2260.75
2034.28
1954.4
2208.7
2138.25
2064.35
2181.17
2166
2056.4
2170.7
2270.84
2082.76
2109.9
2190.34
2072.55
2283.59
2334.31
2003.29
2145.32
2208.47
2303.85
2369.11
2210.53
2062.91
2066.19
2073.12
2258.05
2109.99
2266.77
2187.66
2079.78
1916.37
2475.04
2131.08
2244.03
2216.69
2026.12
2232.55
2196.87
2257.15
2089.43
2157.34
2259.07
2325.69
2363.26
2087.7
2101.14
2130.57
2383.11
2189.71
2191.04
2186.31
2060.71
2138.37
2261.22
2257.22
2004.38
2374.82
2218.58
2131.34
2315.18
2073.92
2271.89
2083.9
2082.88
2345.32
2234.26
2197.33
2169.21
2194.55
2266.93
2000.7
2114.08
2166.57
2156.82
2018.69
2370.42
2177.1
2072.45
2144.65
2202.24
2236.47
2078.02
2237.27
2287.96
2120.15
2121.79
2305.04
1988.63
2225.31
2198.09
2093.13
1998.91
2299.37
2198.92
2221.24
2279.29
2166.15
2108.09
2248.14
2237.21
2310.69
2258.9
2236.13
2156.16
2185.93
2088.69
2035.22
2115.67
2164.89
2107.17
1927.13
2154.16
2200.57
2236.05
2143.36
2189.01
2166.7
2209.03
2248.3
2232.49
2215.16
2242.84
2146.31
2145.52
2068.79
1995.95
2202.11
2126.25
2124.49
2180.65
2180.34
2139.38
2388.27
2086.87
2120.35
2040.34
2004.15
2214.27
2120.99
2302.81
2044.76
2058.23
2158.49
2140.92
2227.76
2255.53
2220.41
2036.26
2069.89
2253.1
2138.56
2195.16
2153.72
2087.24
2178.93
2124.86
2207.94
2267.36
2045.1
2196.42
2169.49
2092.26
2053.32
2166.01
2167.87
2287.41
2158.4
2288.15
2213.09
2269.41
2166.72
2102.61
2286.93
2040.89
2365.62
2100.98
2172.77
2337.73
2132.01
2098.49
2093.51
2126.13
2071.14
2096.64
2284.53
2262.99
2237.07
2036.16
2127
2241.72
2177.03
2206.97
2299.54
2190.55
2173.93
2130.53
2371.43
2423.08
2261.7
2315.32
2202.94
2109.54
2222.48
2205.26
2170.02
2050.31
2263
2140.27
2138.55
2341.99
2007.99
2160.94
2181.05
2180.45
2330.82
2194.67
2142.95
2263.03
2206.94
2147.85
2230.43
2220.78
2239.11
2096.83
2279.88
2278
2179.53
2143.61
2206.76
2161.41
2192.11
2209.02
2270.45
2045.64
2073.59
2071.39
2083.55
2232.12
2105.58
2199.06
2309.6
2230.47
2074.99
2077.61
2145.78
2127.81
2209.5
2040.68
2187.19
2303.27
2153.97
2117.86
2219.06
2319.6
2131.93
2089.06
2040.02
2233.07
2256.89
2156.15
2176.82
2279.5
2075.05
1984.84
1926.75
2163.06
2319.64
2144.43
2174.61
2096.49
2106.52
2074.14
2250.68
2220.76
1974.57
2349.64
2034.84
2337.32
2149.88
2027.83
2019.95
2377.44
2192.48
2299.29
2118.92
2128.26
2113.7
2143.6
2216.6
2180.98
2167.58
2062.74
2076.66
2081.53
2222.15
2019.99
2092.56
2106.68
2141.55
2218.72
2235.7
2049
2070.79
2260.21
2145.48
2340.24
2398.89
2128
2213.9
1983.65
1978.43
2225.89
2249.96
2220.89
2401.12
2198.23
2004.04
2239.41
2183.44
2217.52
2072.71
1985.46
2306.62
2097.46
2116.91
2045.7
2115.02
2139.72
2253.45
2208.56
2102.23
2228.92
2104.78
2232.61
2033.17
2263.99
2054.97
2211.58
2134.87
2183.37
2176.79
2229.68
2356.63
2186.82
2197.36
2301.89
2163.1
2116.56
2173.73
2126.65
2148.28
2231
2192.56
2205.29
2179.39
2088.74
2208.49
2193.11
2299.59
2168.11
2422
2123.81
2278.37
2265.3
2234.82
2319.43
2223.6
2089.7
2294.51
2151.94
2167.82
2127.98
2190.08
2194.87
1999.53
2074.01
2292.93
2214.91
2178.17
2240.51
2204.29
2088.26
2226.17
2159.43
2132.64
2047.03
2250.93
2299.95
2205.3
2225.43
2261.04
2101.85
2045.01
2221.54
2057.04
2139.83
2192.36
2120.26
2169.81
2200.77
1972.81
2218.03
2337.8
2146.04
2243.01
2250.02
2261.19
1970.03
2222.31
2166.78
2193.14
2053.07
2145.41
2219.65
2127.12
2263.93
2251.3
2204.63
2030.91
2036.72
2034.66
2137.32
2037.71
2271.22
2370.79
2056.31
2230.62
2149.52
2198.77
2257.91
2169.82
2131.71
2231.84
1982.62
2065.07
2078.79
2170
2053.7
2132.63
2256.97
2027.89
2186.77
2010.79
2241.5
2128.16
2240.68
2115.99
2167.72
2205.02
2205.06
2261.83
2328.27
2140.41
2190.35
2246.51
2242.79
1983.84
2135.37
2061.05
2169.44
2099.29
2146.72
2094.15
2075.4
2177.5
2011.22
2221.94
2114.91
1989.83
2180.86
1984.4
2025.79
2191.51
2436.66
2168.96
2191.61
2141.02
1975.86
2042.6
2234.04
2046.22
2083.31
2091.8
2185.03
2142.86
2089.5
1920.8
1916.22
2333.68
2338.79
2219.9
2322.51
2152.17
2118.72
2194.93
2297.22
2050.79
2326.17
2217.79
2101.44
2126.82
2253.03
2263.64
2057.04
2179.77
2107.03
2139.42
2117.8
2134.19
2299.57
2277.39
2218.02
2109.23
2249.5
2235.9
2288.47
2129.77
2226.86
2251.31
2233.52
2181.54
2087.3
2153.6
2106.47
2374.5
2138.28
2044.93
1961.25
2109.68
2172.85
2049.05
2199.06
2077.65
2351.53
2240.66
2193.86
2116.23
2072.76
2151.02
2074.42
2227.63
2291.18
2028.42
2250.69
2122.33
2082.06
2207.84
2317.51
2159.95
2227.11
2111.82
2196.57
2304.51
2166.61
2141.02
2153.97
2041.08
2096.46
2045.55
2132.74
2050.69
2081.62
2200.51
2145.16
2109.89
2189.1
2281.4
2152.18
2039.59
2122.47
2067.25
2069.49
2206.49
2286.69
2296.27
2087.21
2120.06
2225.93
2125.9
2083.02
2116.86
2104.99
2208.69
2184.09
2108.16
2220.17
2080.58
2191.72
2030.51
2110.71
2144.54
2038.87
2214.04
2116.35
2316
2243.65
2044.5
2107.86
2223.59
2079.71
2036.79
2177.07
2208.81
2201.07
2144.76
2084.94
2096.03
2147.85
2373.71
2201.14
2026.01
2176.65
2317.61
2152.46
2200.19
2166.19
2041.33
2103.43
2166.71
2312.2
2070.32
2107
2269.47
2172.24
2249.11
2106.76
2122.13
2114.48
2077.35
2061.36
2044.28
2274.48
2105.88
2019.57
2209.02
2169.27
2225.26
2155.43
2155.38
2178.66
2154.69
2016
2177.4
2191.57
2222.19
2201.95
2004.64
2414.02
2095.6
2242.92
2322.91
2243.3
2193.31
2176.44
2109.05
2102.86
2189.54
2072.27
1989.19
2104.55
2162.58
2077.11
2168
2136.7
2234.67
2237.7
2263.44
2234.14
2266.22
2315.99
2095.9
2074.07
2140.93
2116.95
2145.55
2095.78
2163.98
2287.66
2253.81
2156.73
2144.15
2173.18
2176.34
2154.76
1992.57
2357.16
2103.95
2191.65
2286.87
2194.76
2372.93
2256.64
2149.06
2250.44
2108.32
2366.11
2198.23
2341.46
2260.11
2055.84
2229.89
2058.73
2141.99
2097.54
2315.5
2197.02
2232.91
2279.62
2046.1
2232.57
2270.88
2105.49
2292.55
2171.83
2051.09
2232.63
2084.14
2154.6
2028.08
2162.93
2192.49
2193.34
2227.43
1998.19
2304.14
2113.82
2036.36
2143.93
2193.86
2055.54
2153.1
2217.16
2127.02
2192.82
2234.45
2166.25
2207.25
2014.09
2099
2429.41
2146.36
2148.69
2154.76
2189.94
2218.29
2101.41
2089.14
2097.6
2228.25
2151.95
2392.43
2274.09
2154.85
2056.72
2105.87
2147.83
2182.78
2023.02
2128.99
2179.1
2301.27
2349.55
2210.76
2208.23
2109.82
2071.83
2339.53
2025.83
2122.21
2409.27
2275.02
2264.13
2202.8
2283.04
2182.31
1943.06
2151.14
2258.6
2126.51
2238.28
1936.62
2149.25
2261.56
2283.22
2144.43
2142.74
2100.63
2172.14
2343.95
2099.26
1976.87
2245.31
2233.61
2151.7
2197.69
2047.48
2234.45
2337.06
2126.53
2090.37
2141.99
2158.71
2183.48
2326.95
2185.56
2361.07
2059.11
2048.83
2064.14
2133.79
2085.14
2177.65
2249.58
2083.58
2176.56
2070.22
1904.78
1997.41
2085.11
2177.14
2056.48
2096.42
2018.8
2046.22
2315.56
2081.41
2257.79
2202.95
2148.55
2144.76
2152.26
2369.46
2136.02
2270.19
2380.56
2334.74
2170.83
2046.31
2131.72
2104.47
2346.27
2103.74
2135.15
2133.19
2165.6
2072.72
2106.73
2332.79
2171.7
2278.17
2162.12
2030.16
2117.95
2031.97
2148.07
2046.8
2222.85
1984.87
2179.67
2326.14
2114.48
2100.65
2123.41
2327.47
2181.59
2140.06
2072.12
2089.83
2160.1
2313.14
2186.47
2051.32
2148.64
2198.54
2133.31
2213.38
2164.88
2110.43
2089.17
2111.07
2235.25
2358.69
2051.4
2236.36
2059.91
2102.81
2183.85
2119.25
2196.87
2111.57
2125.92
2268.65
2205.76
2187.97
2169.62
2126.9
2415.14
2191.16
2193.28
2210.18
2237.64
2115.36
1988.4
2227.17
2139.17
2162.06
2126.8
2208.92
2124.02
2221.88
2060.73
2051.45
2112.61
2099.02
2023.65
2199.3
2102.33
1926.04
2087.05
2284.08
2067.16
2209.81
2136.11
2161.36
2248.66
2150.38
2116.02
2197.58
2173.45
2024.25
1977.9
2197.04
2097.32
2097.53
2010.47
2047.45
2071.35
2353.92
1945
2080.82
2266.96
2084.41
2219.43
2035.86
2254.4
2185.55
2086.38
2353.63
2129.51
2179.04
2175.23
2161.42
2185.14
2086.65
2234.28
2332.97
2256.31
2367.49
2270.69
2204.79
2122.11
2152.09
2118.22
2245.48
1985.38
2137.45
2219.48
2375.34
2223.97
2181.17
2168.37
2266.86
2220.88
2188.4
2136.24
2103.86
2296.22
2233.42
2106.46
2003.22
2142.24
2296.73
2060.71
2161.2
2290.89
2305.31
2197.16
2315.49
2277.11
2024.57
2151.64
2391.07
2174.77
2291.04
2039.97
1976.24
2196.05
2079.35
2142.19
2101.02
2253.18
2076.01
1983.88
2205.65
2135.62
2239.29
2013.92
2050.26
1931.86
2164.56
2298.53
2219.98
2322.73
2133.84
2145.68
1960.47
2230.94
2053.6
2062.59
2161.08
2077.44
2204.99
2193.7
2011.35
2190.97
2178.68
2182.94
2249.81
2263.8
1955.61
2030.97
2235.89
2202.14
2064.53
2183.69
2183.24
2123.87
2094.84
2366.36
2134.49
2178.39
2085.02
2080.22
2303.23
2153.64
2186.75
2241.76
2057.59
2181.91
2276.77
2052.46
2158.14
2078.67
2189.94
2192.62
2306.66
2161.58
1972.32
2126.44
2028.21
2189.68
2271.1
2180.55
2155.35
2145.63
2131.14
2185.52
2177.69
2273.46
2268.63
2102.04
2295.84
2036.03
2072.96
2315.84
2133.04
2169.73
2226.82
2065.41
2067.18
2174.99
2103.35
2165.12
2127.55
2244.64
2113.68
2363.23
2103.18
2124.22
2212.62
2215.24
2034.65
2199.52
2078.55
2300.96
2468.19
2149.83
2019.6
2038.65
1970.9
2177.81
2171.37
2199.17
2081.14
2177.93
1979.98
2188.16
2044.93
2273.31
2304.93
2219.58
2107.93
2214.2
2244.17
2235.03
2158.57
2049.63
2167.44
2092.01
2199.48
2004.8
2079.13
2208.21
2270.09
2149.34
2360.44
2090.85
2134.84
2197.7
1976.05
2228.59
2091.54
2189.83
2223.94
2193.84
2244.94
2117.9
2344.33
1997.63
2156.09
1904.15
2129.22
2165.68
2331.93
2127.13
2220.7
2202.96
2267.93
2206.62
2196.06
2255.49
2235.07
2124.87
2127.63
2162.37
2164.46
2135.32
2200.98
2116.85
2256.11
2096.71
2148.49
2264.63
2280.64
2251.29
2276.98
2038.5
2192.17
2055.13
2258.43
2117.95
2296.54
2032.99
2178.57
2072.22
2239.77
2307.06
2138.15
2186.03
2087.13
2123.61
2122.04
2212.97
2126.2
2250.57
2237.18
2210.71
2075.93
2239.7
2118.83
2108.24
2076.22
2086.43
1945.53
2070.56
2155.51
2066.45
2212.85
2199.96
2352.72
2134.66
2258.26
2178.54
2201.29
2164.32
2209.55
2167.3
1986.52
2148.72
2159.01
2137.19
2261.18
2026.51
2121.73
2262.41
2091.42
2192.81
2216.31
2058.28
2222.68
2267.53
2158.97
2205.63
2075.56
2191.39
2189.74
2224.03
2124.33
2119.49
2161.5
2078.04
2392.85
1962.43
2119.12
2037.2
2134.32
2252.68
2249.91
2237.5
2212.61
2197.69
2117.59
2014.06
2048.52
2009.83
2174.83
2098.63
2146.35
2150.17
2087.44
2021.75
2109.5
2131.83
2268.23
2152.54
2167.03
2068.02
2120.02
2150.69
2178.93
2201.85
2115.94
2146.93
2192.7
2174.91
2208.18
2312.07
2314.94
2019.29
2090.03
2295.92
2187.81
2225.93
2141.79
1955.98
2263.19
2128.45
2447.64
2305.91
2116.83
2062.62
2249.37
2219.79
2008.42
2096.61
2201.87
2159.54
1996.32
2176.4
2467.1
2146.51
2014.75
2067.04
2120.02
2254.35
2142.67
2023.01
2043.95
1842.53
2294.06
1974
2006.45
2233.07
2053.44
2229.68
2181.96
2197.3
2188.09
2126.39
2156.04
2147.47
2052.4
2109.41
2250.09
2301.38
2123.46
2261.51
2171.99
2250.05
2173.5
2074.24
2189.26
2191.9
2155.77
2264.89
2016.06
2154.03
2252.78
2331.11
2123.08
2256.15
2153.21
2369.13
2080.25
2250.83
1975.64
2077.07
2118.19
2270.68
2180.68
2332.1
2137.55
2053.1
2239.37
2160.85
2150.86
2236.19
2245.46
2005.22
2275.48
2091.13
2150.52
2057.45
2137.93
2089.16
2095.9
2129.29
2103.46
2203.78
1963.97
2151.6
2262.96
2167.23
2251.4
2222.67
2163.7
2297.45
2053.56
2258.84
2153.98
2009.27
2251.35
2255.29
2414.21
2126.97
1984.03
2114.54
2287.05
2138.46
2263.35
2137.41
2046.88
2157.87
2216.72
2249.76
2021.93
2206.24
2181.11
2082.01
2310.69
2133.77
2126.07
2310.87
2184.6
2262.03
2286
2257.06
2315.81
2031.7
2060.24
2177.8
2216.77
2163.03
2091
2095.04
2290.56
2032.65
2259.13
2309.22
2237.62
2070.15
1971.14
2254.95
2169.7
2203.92
2187.77
2064.82
2236.59
2255.84
2244.01
2297.35
2263.1
2136.51
2189.77
2213.99
2214.24
2206.18
2138.19
2189.81
2207.4
2068.6
2029.19
2125.76
2133.19
2228.5
2111.13
2205.63
2208.88
2208.8
2112.97
2286.75
2003.1
2233.63
2172.02
2076.51
2349.97
2153.25
2107.74
2231.27
2291.03
2264.31
2050.76
2131.77
1913.1
2102.56
2276.06
2219.54
2208.3
2100.28
2246.5
2187.23
2101.3
2102.92
2110.37
2237.87
2194.7
2143.88
2174.31
2133.41
2222.96
2211.4
2312.82
1968.1
2254.19
2270.16
2272.65
2109.58
2260.5
2122.68
2112.86
1992.41
1995.91
2192.89
2180.54
2241.19
2146.36
2149.83
2036.2
2235.39
2335.86
2144.67
2041.87
2072.15
2316.2
2198.21
2203.55
2028.95
2131.39
2289.37
2208.7
2201.17
2203.04
2166.73
2278.38
2095.51
2153.19
2132.21
2214.13
2274.09
2257.39
2242.76
2212.56
2326.16
2175.03
2112.03
2217.29
2018.14
2018.48
2211.73
2110.37
2093.17
2200.11
1967.48
2257.39
2124.75
2155.63
2132.38
2201.98
2324.5
2280.97
2271.92
2346.25
2116.38
2220.57
2178.74
2075.22
2132.58
1988.41
2202.31
2194.87
2112.1
2260.6
2188.77
2218.16
2072.01
2152.3
1969.61
2160.06
2199.54
2120.13
2192.96
2193.35
2118.56
2293.69
2106.88
2199.99
2016.2
2344.47
2125.2
2151.95
2068.06
2228.79
2179.02
2077.9
2125.89
2040.4
1949.3
2062.28
2115.2
2350.48
2301.26
2152.92
2133.31
2207.1
2329.79
2140.17
2095.85
2057.95
2161.32
2281.9
2145.31
2348.07
2089.8
2012.06
2256.17
2200
2262.62
2168.34
2221.15
2150.25
2163.83
2084.64
2380.28
2176.78
2119.68
2325.98
2165.22
2349.13
2056.17
2181.55
2141.29
2408.9
2314.77
2154.25
2136.47
2016.81
1908.41
2217.79
2266.24
2110.33
2174.28
2199.14
2127.46
2143.44
2249.95
2223.86
2131.66
2281.89
2024.76
2186.6
2268.23
2184.09
2109.49
2073.05
2167.62
2103.33
2044.52
2198.46
1931.36
2161.41
2279.43
2281.19
2167.03
1992.69
2284.51
2237.35
2127.06
1942.84
2103.9
2208.4
2063.56
2097.36
2364.59
2240.98
2251.12
2000.05
2092.42
2147.08
2320.54
2099.43
2185.26
2177.56
2069.29
2344.86
2118.02
2120.07
2210.62
2148.21
2091.42
2276.39
1992.63
2227.99
2030.92
2223.6
2315.07
2093.61
2057.16
2193.53
2153.56
2010.42
2075.8
2069.48
2094.63
2281.8
2090.46
2169.2
2125.27
2113.36
2023.97
2215.58
2140.6
2308.57
2149.08
2365.72
2074.14
1928.62
2138.31
2111.75
2100.88
2150.03
2208.89
2264.22
2053.23
2208.41
2212.1
2213.64
2218.05
2130.36
2093.79
2084.4
2174.61
2109.09
2032.08
2051.96
2215.28
2145.54
2042.22
2304.64
2099.17
2019.74
2071.38
2276.58
1965.44
2068.87
2046.52
2143.53
1968.27
1962.72
2096.95
2137.53
1958.45
2255.56
2128.92
2052.74
1941.09
2103.1
2226.87
2122.04
2182.57
2298.12
2218.9
2255.28
1967.84
2110.63
2131.44
2090.21
2225.07
1966.42
2175.72
2022.09
2208.41
2190.46
2354.62
2172.33
2321.97
2164.77
2106.09
2171.37
2100.49
2253.72
2108.83
1869.36
2231.4
2038.73
2183.05
2184.55
2243.86
2093.44
2119.83
2247.6
2125.13
2022.27
2100.89
2257.22
2289.88
2131.91
2126.4
2209.41
2132.67
2377.17
2094.82
2116.6
2244.52
2149.56
2254.05
2254.25
2319.35
2110.22
2133.33
2064.01
2144.23
2162.13
2005.35
2215.29
2127.16
2089.86
2185.29
2170.45
2063.8
2178.68
2090.57
2121.74
2121.67
2056.49
2283.52
2194.2
2070.19
2208.17
1940.78
2156.53
2211.86
2235.42
2187.56
2104.48
2309.62
2093.15
2109.07
2113.35
2126.2
2146.38
2080.99
2073.88
2140.91
2238.31
2174.97
2272.39
2266.87
2166.02
2137.32
2265.31
2135.32
2083.27
2072.22
2173.52
2205.53
2099.68
2207.37
2234.09
2130.95
2069.87
2120
2030.96
2224.39
2123.93
1991.56
2176.84
2144.43
2170.05
2181.76
2027.69
2124.67
2258.35
2114.22
2105.44
2054.01
2274.76
2135.25
2142.28
2151.96
2105.75
2004.28
2240.26
2272.95
2062.21
2103.59
2149.12
2286.64
1980.15
1975.58
2164.19
2067.37
2244.45
2083.03
2152.42
2136.36
2191.36
2166.88
2185.28
2044.23
2027.73
2166.61
2212.48
2132.38
2308.56
2289.84
1985.13
2156.78
2117.22
2210.56
2252.6
1926.49
1888.87
2213.27
2215.42
2287.13
2289.88
2179.88
2188.15
2140.19
2059.47
2085.56
2220.02
2137.9
2012.46
2231.81
2104.86
2210.13
2255.22
1977.63
2207.02
2300.57
2402.45
2425.86
2119.97
2139.37
2030.57
2089.62
2012.97
2274.3
2094.18
2100.17
2229.99
2317.09
2136.71
2054.44
2000.43
2038.44
2165.14
2052.8
2339.55
2159.99
2183.03
2293.84
2148.85
2020.94
2135.18
2172.62
2189.37
2208.82
2245.81
2184.99
2101.74
2339.12
2229.62
2164.53
2038.4
2158.49
1946.61
2177.93
2230.69
2323.18
2192.25
2204.52
2262.41
2175.35
2135.82
2198.15
2218.53
2196.85
2114.94
2201.29
2238.85
2160.77
2190.84
2182.46
2108.57
2173.35
2196.87
2148.41
2256.78
2067.84
1991.24
2112.77
2174.32
2096.31
2212.66
2224.22
2063.38
2291.5
2106.99
2170.19
2191.42
2049.99
2031.21
2210.58
2156.91
2207.67
1988.34
2170.78
2239.84
2244.31
2235.2
2327.23
2179.35
2244.19
2202.33
2379.14
2138.95
2251.93
2001.45
2428.01
2366.76
1947.71
2091.84
2175.82
2252.22
2168.37
2226.17
2108.91
2349.72
2247.26
2213.95
2257.34
2097.81
2257.79
2166.33
2132.44
2149.25
2300.68
2114.75
2115.62
2169.63
2245.56
1988.21
2453.73
2145.54
2147.14
2286.92
2351.18
2168.27
2275.32
2102.11
2212.84
2157.3
2199
2040.49
2117.59
1980.5
1938.92
2029.15
2082.56
2220.86
2151.76
2201.98
2075.41
2282.55
2173.15
2300.77
2295.93
2104.06
2160.92
2227.59
1967.05
2100.39
2246.99
2256.08
2137.25
2265.26
2309.84
2262.14
2159.52
2113.76
2041.91
2133.13
2225.32
1972.84
2026.29
2169.13
2203.82
2150.48
2215.98
2078.16
2100.65
2212.95
2266.72
2209.6
2227.6
2136.36
2069.74
2158.98
2173.13
2121.63
2293.87
2153.87
2102.73
2199.59
2109.6
2213.94
2190.01
2012.08
2246.76
2236.11
2155.35
2272.05
2125.77
2182.25
2210.21
2200.85
2071.28
2237.86
2114.5
2003.55
2334.71
2112.8
2282.04
2030.41
2123.77
2250.75
2195.7
2180.27
2235.16
2064.64
2212.03
1966.91
2187.3
2113.15
2182.74
2111.98
2278.77
2056.97
2255.09
2314.55
2295.38
2233.93
2122.25
2174.97
2046.74
2115.65
2214.28
2278.2
2517.98
2084.3
2100.8
2243.39
2203.34
2429.56
2232.99
2081.99
2175.54
2227.04
2074.15
2145.19
2275.07
1969.46
2231.31
1949.05
2318.98
2206.39
2322.73
2066.55
2261.69
2137.24
2136.49
1992.56
2121.81
2058.42
2301.99
2070.06
2046.64
2300.7
2229.2
2075.9
2104.66
2168.01
2243.81
2200.63
2172.5
2038.18
2180.6
1988.27
2110.85
2000.12
2092.73
2056.1
2154.94
2233.68
2182.67
2190.9
2224.81
2163.74
1957.65
2102.19
1982.33
2213.05
2250.46
2167.91
2079.21
2258.75
2185.15
2181.54
2138.33
2023.49
2193.99
2042.8
2102.57
2293.54
2111.75
2302.68
2295.31
2046.66
2033.58
2273.16
2213.69
2318.15
2108.94
2170.52
2161.91
2209.95
2119.75
2030.9
2107.82
2226.12
2123.63
1970.48
2374.12
2116.6
2028
1973.36
2076.91
2114.7
2383.94
2082.32
2226.07
2144.1
2151.6
2079.11
2172.11
2078.24
2279.97
2102.52
2082.6
2178.93
2089.96
2318.87
2247.21
2057.2
2154.34
2311.28
2234.49
2121.59
2182.69
2053.34
2081.85
2291.97
2223.53
2363.05
2237.84
2247.52
2118.76
2283.28
2263.54
2166.52
2348.74
2207.91
2110.11
2151.84
2260.45
2158.93
2254.78
2153.22
2075.09
2072.74
2261.56
2254.17
2199.2
2073.2
2167.98
2299.51
2147.15
2230.65
2186.73
2196.93
2142.53
1950.59
2214.63
2041.69
2076.08
2299.67
2119.85
2110.43
2217.52
2219.37
2198.84
2158.36
2263.41
2059.88
2191.39
2161.81
2185.53
2109.18
2090.05
2067.53
2062.54
2197.12
2294.47
2146.24
2168.24
2098.2
2229.12
2332.06
2433.42
2089.73
2280.2
2081.19
2204.12
2284.62
2242.61
2073.64
2162.84
2156.39
2226.92
2124.16
2194.87
2072.04
2149.62
2210.89
2032.69
2361.55
2222.58
1974.06
2193.89
2067.71
2215.13
2209.13
2113.83
2215.33
2135.52
2273.9
2153.2
2269.49
2265.11
2203.67
2168.71
2037.54
2203.32
2231.33
2124.54
2165.67
2097.69
2172.44
2151.15
2321.69
2030.2
2250.24
2206.88
2056.45
2136.4
2052.24
2304.98
2314.64
2285.53
2185.5
2388.66
2301.46
2109.07
2326.86
2178.33
2080.4
2373.77
2179.7
2067.93
2347.68
2152.44
1942.67
2026.9
2315.76
2178.56
1988.77
2117.27
2148.31
2386.2
2301.86
2272.94
2252.69
2178.51
2193.94
2050.1
1996.89
2099
2197.69
2236.07
2050.25
2225.4
2221.71
2235.18
2195.94
2184.47
2300.55
2190.44
2082.11
2123.11
2185.9
2178.43
2091.72
2043.07
1897.68
2041.23
2245.72
2179.92
1881.14
2137.85
2210.1
2117.12
2071.97
2022.81
2228.09
1946.38
2279.4
2092.96
2191.63
2216.62
2216.02
2217.38
2140.91
2043.62
2311.09
2285.96
2092.45
2088.45
2186.46
2228.92
2327.21
2061.44
2134.4
2190.88
2175.93
2188.73
2264.95
2141.26
2330.39
2111.92
2049.11
2165.95
2192.29
2237.78
2113.06
2159.04
2166.87
2220.24
2082.48
2148.06
2238.24
2228.29
2222.11
2293.76
2241.12
2171.84
2032.81
2222.59
2095.28
2186.29
2314.96
2215.83
2174.29
2200.91
2118.88
2124.33
2239.63
2349.95
2166.88
2185.82
2121.68
2200.25
2248.73
2169.34
2138.54
2198.01
2140.12
2250.67
2092.48
2198.75
2102.83
2054.8
2133.87
2149.66
2091.75
2207.18
2247.96
2152.61
2160.97
2265.58
2065.19
2193.58
2133.31
2203.64
2065.92
2200.3
2067.06
2179.14
2170.57
2009.99
2249.98
2056.82
2113.99
2193.21
2177.68
2263.83
2132.92
2164.86
2050.3
2198
2266.47
2242.03
2106.86
2154.2
1916.64
2210.8
2038.84
2327.46
1988.8
2110.52
2171.51
2162.86
2197.31
2189.35
2020.98
2161.67
2169.98
2149.59
2248.5
2098.18
2285.67
2210.26
2335.22
2185.61
2108.13
2078.71
2021.37
2211.86
2290.15
2046.82
2276.9
2295.14
2211.63
2288.44
2261.25
2213.64
2236.43
2006.57
2198.24
2180.38
1993.79
2195.99
2212.91
2194.05
2147.88
2290.94
2269.1
2013.38
2099.57
2226.23
2272.9
2186.25
2126.58
2282.24
2133.84
2087.19
2064.11
2047.31
2199.28
2173.81
2341.99
2170.3
2229.52
2227.9
2161.19
2382.03
2206.46
2182.44
2196.49
2135.55
2075.56
1998.1
2187.75
2178.66
2133.53
2104.06
2045.09
2248.79
2266.17
2132.58
2272.08
2093.19
2279.75
2162.6
2323.59
2078.17
2109.09
2144.89
2233.36
2258.94
2130.82
1989.11
2139.48
2256.63
2105.12
2225.9
2185.21
2184.61
2271.77
2126.65
2297.15
2235.52
2151.01
1971.93
2169.05
2280.38
2136.26
2135.78
2136.34
2046.91
2253.94
2136.31
2261.13
2172.56
2099.65
2147.65
2147.37
2004.95
2292.94
2040.02
2250.79
2255.61
2077.58
2248.97
2036.66
2208.35
2288.31
2017.69
2023.41
2093.1
2131.97
2023.51
2131.69
2050.69
2187.43
2117.27
2102.55
2140.68
2140.04
2121.35
2228.61
2077.85
2264.71
2143.62
2090.45
2188.97
2112.15
2133.73
2023.17
2204.03
2210.15
2220.92
1933.34
1907.09
2205.96
2268.33
2106.46
2116.19
2208.93
2084.6
1952.51
2257.85
2274.46
1987.47
2170.02
2155.38
2136.71
2246.57
2238.3
2258.84
2170.35
1942.78
2205.05
2170.45
2138.7
2388.99
1913.37
2284.04
2012.38
2123.32
2207.84
2453.66
2010.55
2106.95
2230.38
2115.48
2237.74
2152.4
2330.97
2105.6
2304.83
2188.3
2021.76
2150.62
2297.31
2225.68
2252.08
2031.84
2237.81
1970.97
2268.29
2312.57
2061.49
2160.36
2187.23
2105.87
2135.44
2272.03
1997.71
2197.29
2200.45
2215.15
2144.08
2009.4
2046.54
2037.14
2098.31
2109.18
2221.36
2170.92
2106.77
2150.1
2125.39
2027.38
2147.27
2178.09
2289.86
2190.06
2074.27
2008.72
2196.15
2285.9
2299.35
2152.06
2189.96
2179.85
2149.89
2133.95
2092.21
2278.4
2107.13
2334.07
2268.49
2075.97
2011.31
2245.76
2072.58
2265.23
2126.88
2116.34
2076.11
2218.37
2235.18
2275.04
2116.61
2131.86
2047.75
2187.21
2242.12
2271.91
2445.82
2054.3
2259.29
2248.95
2146.64
2170.7
2184.15
2162.03
2199.98
2174.69
2019.1
2289.39
2073.33
2189.99
2285.3
2267.46
2248.76
2156.98
2220.87
2172.63
2172.92
2107.84
2188.65
2113.7
1995.8
2118.32
2212.57
2057.22
2248.62
2140.68
2120.47
2230.4
2072.92
2118.87
2154.14
2246.7
2206.94
2043.41
2339.19
2138.97
2021.92
2167.04
2166.83
2069.56
2331.04
2223.66
2319.63
2195.45
2143.68
2154.59
2205.39
2132.79
2168.26
2260.73
2275.94
2043.73
2295.61
2192.33
2121.42
2169.99
2119
2278.48
2243.52
2032.4
2259.88
2120.23
2322
2129.88
2261.37
2164.6
2281.2
2087.16
2194.15
2244.37
2222.52
2106.54
2178.95
2191.13
2076.63
2242.48
2278
2077.13
2180.87
2002.91
2138.8
2169.22
2121.51
2251.71
2195.55
2139.67
2000.92
2179.77
2219.71
2192.46
2300.78
2124.99
2047.1
2002.83
2264.22
2353.95
2305.98
2316.18
2141.02
2453.28
2125.84
2151.09
1993.21
2229.99
2084.61
2159.92
2541.09
2090.56
2231.34
2133.91
2178.88
2212.02
2222.22
2146.66
1972.9
2188.96
2176.39
2089.56
2081.21
2139.36
2349.26
2008.22
2025.58
2166.94
2141.98
2152.95
2044.36
1969.62
2277.69
1886.05
2157.85
2172.8
2076.87
2146.8
2138.17
2086.28
2203.41
2088.54
2288.45
2040.86
2223.71
2201.71
2278.89
2125.17
2096.97
2203.8
2300.17
2008.78
2140.55
2189.2
2194.59
2241.3
2234.01
2310.74
2040.72
2168.66
2039.53
2056.94
2090.63
2359.86
2157.17
2134.89
2019.7
2144.81
1927.59
2131.37
2123.5
2342.53
2155.54
2173.65
2203.18
2230.02
2136.75
2138.59
2258.71
2227.32
2070.03
2166.23
2160.49
2068.44
2216.28
2128.5
2300.4
2062.57
2303.2
2049.66
2220.19
2126.31
2205.19
2088.37
2021.51
2281.53
1999.69
2007.07
2246.55
2123.7
2319.28
2136.3
2173.65
2251.91
2129.25
2198.98
2253.17
2210.48
2281.93
2169.92
2305.61
2037.02
2115.62
2102.94
2250.86
2215.48
2219.6
2216.81
2177.17
2183.38
2198.84
2157.78
2120.03
2137.83
2136.1
2201.4
2144.1
2237.49
2244.99
2115.48
2187.19
2203.24
2046.39
2277.45
2239.11
2208.93
2205.37
2108.34
2246.03
2330.03
2142.55
2037.99
2136.3
2009.9
2119.19
2081.37
2063.56
2028.4
2138.55
2154.53
2023.23
2095.32
2196.56
2201.7
2335.55
2081.14
2224
2191.12
2159.06
2175.99
2198.53
2066.49
2170.66
2249.37
2190.81
2283.35
2304.47
2089.72
1904.91
2017.38
2249.61
2034.97
2193.7
2056.89
2158.39
2308.12
2320.71
2260.25
2134.79
2110.52
2249.43
2287.26
2245.21
2171.87
2162.22
2127
1913.79
2099.3
2113.48
2148.91
2378.41
2125.78
2227.54
2012.13
2112.2
2212.2
2149.04
2224.18
2026.1
2255.69
2165.29
2172.39
2067.6
2149.43
2221.14
2096.39
2062.93
2272.87
2100.24
2237.06
2163.36
2236.6
2162.34
2087.58
2314.49
1944.45
2089.81
2059.96
2155.42
2166.95
2145.79
2131.91
2149.24
2152.47
2145.47
2005.7
2086.78
2152.52
2222.25
2229.11
2085.91
2312.43
2253.43
2133.51
2282.09
2258.66
2157.94
2138.83
2155.69
2109.01
2236.41
2291.38
2183.15
2079.35
2156.37
2382.77
2129.66
1941.27
2262.47
2236.45
2201.27
2150.72
2134.14
2118.94
2135.08
2236.85
2008.16
2076.95
2098.16
2114.84
2194.93
2272.03
2150.39
1914.84
2147.28
2180.64
2047.93
2195.6
2095.84
2222.75
2181.62
2248.71
2154.74
2241.31
2020.27
2171.11
2110.84
2128.84
2240.48
2174.2
2130.19
2090.56
2131.39
2302.31
2057.37
1989.68
2282.65
2163.09
2315.51
2161.59
2257.2
2229.75
2145.22
2191.68
2129.59
2180.35
2145.75
2239.07
2161.75
2321.53
2157.09
2108.38
1999.97
2054.15
2314.54
2133.44
2085.24
2144.58
2089.4
2207.28
2184.59
2303.11
2027.89
2316.84
2148.41
2177.83
2051.24
2193.36
2124.02
2228.75
2205.26
2182.33
1988.55
2206.62
2316.96
2098.38
2078.54
2215.28
2162.05
2239.05
2123.52
2178.45
2215.32
2328.98
2117.34
2165
2215.42
2254.88
2122.76
2100.35
2336.89
2247.55
2331.41
2038.38
2085.46
2224.29
2203.87
2059.08
1960.21
2148.41
2192.32
2101.86
2030.12
2066.86
2166.62
2236.74
2095.22
2092.4
2187.49
2227.73
2412.52
2071.83
2235.75
2067.6
2165.17
2185.58
2212.52
2072.2
2250.23
2144.4
2045.04
2139.99
2216.72
2202.48
2068.75
2352.32
2221.63
2193.93
2458.45
2116.62
2072.96
2158.35
2129.39
2112.13
2179.05
2223.86
2246.9
2207.29
2241.92
2259.01
2259.33
1959.5
2231.51
2208.54
2081.02
2295.5
2073.23
2035.86
2374.33
2193.98
2075.93
2093.66
2080.07
2230.2
2043.18
2259.24
2107.11
2032.87
2200.95
2302.24
2102.2
2227.39
2066.66
2094.79
2294.47
2139.91
2277.4
2105.77
2044.08
2139.45
2033.01
2052.59
1950.82
2115.54
2196.67
2073.29
2257.46
2255.01
2253.77
2211.25
2153.45
2328.33
2223.87
2149.59
1996.19
2180.99
2009.85
2230.52
1895.19
1970.72
2103.39
2199.78
2166.83
2203.9
1988.9
2065.44
2197.21
2135.34
2155.82
2101.49
1903.08
2115.63
2171.66
2067.3
2165.5
2246.79
2133.15
1983.68
2216.36
2188.45
2146.24
2094.29
2199.75
2339
2081.37
2105.31
2315.37
2163.33
2021.26
2265.11
2379.14
2118.48
2168.88
2072.78
2104.27
2134.09
2104.56
2221.55
2111.75
2309.9
2290.16
2346.58
2126.9
2086.9
2309.71
2134.63
1998.65
2340.79
2054.59
2327.81
2175.68
2227.68
2309.12
2186.59
2083.55
2144.17
2165.82
2301.53
2109.61
2174.65
2212.78
2188.01
2079.12
2064.66
2005.98
2228.02
2217.77
2095.97
2078.75
2209.39
2006.96
2321.92
2242.61
2214.66
2211.86
2215.18
2215.2
2065.72
2172.87
2196.44
2256.04
2154.4
2188.11
2080.99
2191.63
2121.3
2315.62
2159.68
2304.11
2215.47
2173.31
2066.91
2160.58
2171.15
2326.6
2182.83
2078.77
2127.76
2278.81
2193.65
2224.14
2251.43
2159.14
2224.85
2128.23
2216.4
2243.89
2269.22
2077.22
2204.91
2089.39
2289.85
2190.36
2163.25
2069.16
2015.61
2165.99
2207.54
1982.43
2117.09
2100.77
2248.49
2253.1
2160.78
2147.16
1817.75
2280.09
2194.61
2311.55
2205.89
2127.13
2094.72
2041.67
2223.38
2197.88
2246.78
2061.37
2013.48
2063.8
2140.74
2129.51
2118.21
2234.53
2052.46
2195.43
2160.14
2165.13
2310.68
2317.74
2097.54
2306.25
2214.39
2125.8
2269.21
2211.96
2263.6
2184.56
2267.68
2195.02
2035.25
1931.11
2167.45
2117.26
2091.85
2258.98
2318.22
2396.19
2216.77
2185.4
2249.59
2105.03
2206.28
2253.5
2091.4
2350.25
1991.37
2293.21
2288.01
2190.13
2115.46
2039.01
2291.39
2232.28
2282.25
2135.77
2271.7
2185.76
2243.13
2165.25
2140.95
2227.79
2242.79
2238.84
2099.11
2144.03
2138.49
2104.97
2240.73
2264.75
2258.64
2282.46
2232.18
2335.79
2147.85
2174.1
2271.92
2328.94
2063.39
1991.48
2248.78
2200.76
2062.62
2209.33
2131.15
2052.22
2042.53
2090.75
2186.15
2004.95
2114.39
2004.2
2095.88
2261.41
2231.94
2121.83
2190.21
2084.39
2077.82
2333.84
2237.28
2185.23
2200.2
2041.15
2304.1
2097.59
2315.43
2073.8
2098.81
2111.82
1991.81
2213.6
2297.08
2071.89
2169.88
2112.95
2230.33
2192.41
2091.83
2273.39
2174.44
2126.08
2343.63
2113.93
2149.61
2327.2
2185.25
2146.11
2150.12
2079.59
2161.23
2235.74
2291.65
2192.42
2231.89
2080.57
2249.21
2197.44
2204.78
2076.79
2273.96
2206.87
2363.97
2300.11
2120.99
2130.32
2102.72
2196.89
2219.03
2194.16
2057.8
2168.57
2123.25
2119.8
1980.89
2338.35
1959.27
2078.38
2132.86
2151.31
2009.01
2226.17
2162.82
2213.9
2070.88
2194.13
2337.72
2046.31
2143.09
2243.87
2276.52
2259.45
2178.12
2132.83
2014.7
2078.5
2345.71
2308.55
2252.05
2208.71
2130.63
2159.25
2130.43
2132.1
2302.54
2214.41
2088.6
2086.44
2106.2
2158.42
2059.08
2241.99
2123.14
1972.53
2193.49
2230.68
2280.72
2249.13
2246.29
2271.74
2307.28
2095.29
2136
2483.86
2117.26
2171.34
2163.05
2258.65
2206.85
2136.89
2217.95
2079.7
2026.05
2163.85
2330.7
2193.25
2125.77
2297.64
2065.58
2316.23
2263.33
2010.68
2237.55
2092.01
2199.11
2142.67
2200.6
2219.29
2213.81
2134.64
2018.55
2125.5
2232.37
2255.83
1986.43
2180.47
2244.67
2134.72
2074.01
1978.57
2276.27
2308.08
2088.69
2003.92
2169.78
2126.8
2127.93
1953.2
2241.54
2127.42
2055.76
2060.56
2098.22
2054.34
2133.61
2138.5
2107.06
2070.58
2138.86
2062.88
2170.56
2180.01
2186.3
2178.37
2065.71
1995.91
2225.23
2113.4
2317.98
2261.12
2070.46
2175.55
2190.65
2064.41
2379.02
2077.46
2360.67
2241.08
2053.54
2209.46
2101.08
2375.7
2195.67
2101.99
2291.22
2182.69
2239.57
2133.91
2078.99
2251.89
2211.98
2094.68
2162.34
2162.73
2140.01
2171.01
2089.41
2176.08
2103.99
2146.63
2239.76
2234.94
2173.49
2027.03
2187.43
2350.83
2072.5
2224.33
2348.29
2116.88
2432.49
2012.84
2120.28
2183.62
2151.82
2105.5
2042.98
2171.85
2293.96
2123.49
2203.47
2043.87
2077.55
2160.34
2152.57
2163.37
2239.72
2108.87
2080.13
2156.86
2178.24
2145.62
2284.58
2218.01
1990.33
2355.43
1984.1
2095.73
2248.3
2217.01
2190.09
2346.96
2082.34
2275.35
2150.12
2120.78
2224.76
2288.62
2077.78
2026.1
2201.8
1926.78
2096.11
2056.71
2103.57
1977.51
2246.61
1936.67
2174.46
2178.42
2206.63
1987.63
2056.64
2210
2198.87
2294.28
2138.45
2154.24
2260.17
2209.43
2142.75
1997.91
2341.51
2235.96
2136.48
2164.99
2162.95
2393.94
2212.56
2145.03
2258.77
2096.86
2171.68
2259.78
1994.15
2211.15
2146.78
2096.73
2270.87
2230.56
2380.33
2168.2
2152.9
2109.48
2144.97
2203.25
2207.47
2227.34
2186.18
2267.95
2223.72
2196.18
2215.57
2106.67
2274.32
2165.09
2371.78
2082.67
2225.75
2227.81
2226.2
2076.02
2075.74
2073.37
2131.27
2315.4
2237.05
2121.67
2256.05
1934.43
2269.95
2023.54
2032.42
2178.03
2024.84
2249.37
2191.05
2026.52
2103.08
2261.17
2249.2
2133.8
2166.47
2314.07
2227.33
2072.64
2129.26
2238.12
2169.06
2048.92
2248.43
2061.48
2135.44
2162.51
2099.56
2163.17
2217.49
2090.05
2087.58
2352.63
2198.84
2219.12
2232.59
2148.79
2255.56
2188.78
2228.32
2135.99
2040.63
1985.86
2077.2
2068.66
2106.47
2157.11
2248.5
2156.66
2108.88
2170.72
2190.54
1951.85
2137.95
2238.01
2078.23
2349.15
2188.45
2161.05
2205.6
2161.51
2070.76
2029.23
2164.27
2136.45
2209.56
2142
2147.53
2171.51
2278.95
2261.2
2092.03
2281.56
2151.48
2292.8
2137.38
2233.34
2090.8
2134.45
2132.63
2233.73
2147.86
2113.49
2175.53
2238.42
2008.05
2171.91
2156.09
2143.56
2104.75
2177.26
2063.52
2074.86
2079.69
2147.22
2132.57
2038.42
2403.47
2089.75
2307.35
2087.89
2136.81
2072.23
2232.48
2302.46
2185.01
2009.14
2198.09
2087.64
2189.23
2251.07
2012.48
2114.69
2213.87
2165.4
2144.34
2188
2214.41
2180.47
2228.05
2156.19
2126.84
2147.22
2100.81
2357.13
1968.93
2219.93
2265.57
2056.52
2189.64
2128.92
2026.09
2008.57
2300.06
2089.45
2411.41
2076.44
2080.67
2304.77
2214.07
2229.79
2066.31
2245.52
2087.67
2163.32
2174.2
2094.47
2143.67
2089.64
2267.05
2212.61
2075.56
2162.18
2113.62
2221.16
2254.11
2403.12
1990.25
2158.84
2185.74
2176.32
2143.78
2057.52
2211.19
2357.17
2189.32
2210.02
2101.09
2040.15
1984.7
2126.24
2020.77
2193.72
2257.72
2328.41
2057.42
2086.86
2260.27
2258.7
2073.27
2059.15
2052.79
2114.16
2169.2
2041.12
1986.11
2215.1
2209.37
2280.21
2376.15
2179.63
2289.39
2133.55
2197.24
2289.07
2264.18
2161.57
2267.64
2244.34
1980.84
2060.04
2043.77
2103.34
2195.17
2247.87
2056.13
2235.39
2207.15
2097.22
2324.66
2366.71
2328.79
2186.41
2312.47
2010.18
2310.89
2180.75
1998.38
2150.55
1927.94
2102.91
2287.73
2109.76
2173.77
2085.29
2196.47
2245.04
2185.12
2012.67
2100.67
2177.77
2222.81
2224.81
2357.51
2164.57
2248.19
2070.41
2007.34
2184.95
2228.04
2061.07
1953.33
2201.41
2143.4
2137.38
2236.91
2214.76
2333.32
2172
2049.43
2291.2
2098.75
2222.38
2257.34
2047.97
2154.57
2032.4
2159.14
2117.02
2377.23
2227.84
2076.59
2200.63
2258.59
2454.94
2135.85
2141.61
2056.32
2164.76
2044.44
2058.94
2319.4
2165.14
2315.4
2173.14
2019.38
2201.65
2229.64
2280.35
2151.23
2203.9
2115.75
2171.62
2170.72
2127.5
2057.87
2136.79
2220.71
2207.83
2174.19
2155.05
2148.93
2340.34
2131.35
2033.29
2144.95
2017.53
2074.41
2130.45
2241.82
2062.32
2269.13
2226.31
2096.05
2164.37
2050.86
2142.72
2148.32
2135.21
2247.59
2098.4
2127.12
2139.29
2093.56
2338.48
2211.08
2112.47
2341.67
1978.86
2162.81
2102.25
2151.56
2120.5
2113.24
2488.23
2278.55
1993.93
2190.87
2152.51
2317.81
2186.5
2145.81
2199.96
2129.71
2004.55
2131.07
2280.1
2107.09
2146.42
2302.3
2065.25
2100.2
2113.87
2029.76
2074.88
2118.85
2002.12
2085.28
2187.04
2193.59
2021.74
2186.83
2254.81
2167.84
2169.96
2210.08
2298.44
2232.9
2181.91
1971.43
2270.26
2287.2
2195.34
2241.33
2188.19
2048.89
2158.61
2223.04
2016.31
2272.41
2118.73
1997.52
2221.96
2472.43
2190.21
2025.8
2078.21
2218.84
2372.6
2086.24
2125.33
2214.95
2067.29
2086.6
2158.86
2122.44
2322.85
2219.31
2076.63
2023.5
2083.23
2093.22
2108.49
2157.11
2201.33
2225.28
1999.68
2111.01
2267.3
2157.16
2161.92
2100.41
2234
2195.02
2079.88
2038.75
2177.43
2211.89
2135.97
2123.15
2271.16
2206.89
2266.9
2018.11
2194.8
2185.66
2086.06
2221.33
2087.13
2371.06
2170.14
2262.44
2179.07
2143.47
2278.24
2197.21
2384.37
2280.63
1926.27
2136.28
2131.59
2253.12
1950.82
2168.72
2212.09
2288.79
2159.12
2035.61
2110.81
2185.18
2185.21
2145.59
2341.41
2309.94
2268.71
2146.73
2138.76
2125.79
2047.76
2244.67
2146.65
2099.26
2104.66
2034.78
2113.95
2197.09
2191.9
2037.13
2156.74
2157.67
2234.88
2172.37
2256.5
2052.43
2105.08
2303.56
2123.5
2181.46
2003.05
2132.73
2124.5
2129.33
2247.77
2258.38
2266.75
2311.27
2118.16
2086.54
2076.35
2317.08
2151.58
2055.68
2308.05
2231.31
2099.68
2263.08
2286.1
2172.89
2247.4
2300.55
2158.06
2210.13
2120.18
2160.17
2220.65
2182.44
2126.01
2087.39
2181.54
2213.42
2183.78
2008.3
2076.04
2146.76
2199.55
2080.03
2368.24
2071.38
2080.59
2167.06
2207.26
2045.94
1990.7
2116.44
2116.32
2008.89
2119.69
2204.43
2163.99
2238.94
1937.12
2117.61
2141.45
2122.4
2079.16
2223.96
1989.73
2275.15
2182.24
2142.17
2187.37
2109.07
1982.92
2041.03
2143.66
2135.83
2218.33
2035.62
2274.31
2114.58
2169.76
2244.89
2213.79
2074.5
2152.78
2111.33
2285.19
2303.18
2062.61
2190.5
2108.68
2149.03
2100.84
2121.33
2209.08
2202.09
2252.18
2129
2002.19
2098.54
2222.54
2221.03
2227.82
2161.77
2157.93
2105.85
2140.28
2091.97
2222.09
2059.17
2021.55
2025.96
2219.05
2290.72
2027.23
2020.18
2124.4
2351.68
2278.59
2434.44
2127.33
2275.77
2103.64
2075.66
2002.09
2199.99
2122.27
2258.84
2357.62
2190.4
2216.74
2103.94
2342.88
2263.52
2218.04
2215.41
2214.7
2198.1
2345.3
2263.51
2211.8
2239.54
2022
2335.37
2242.35
2137.48
2083.93
2047.05
2185.46
2083.1
2160.81
2111.49
2172.3
2131.37
2157.3
2291.2
2221.46
2280.97
1997.99
2235.69
2083.3
2266.77
1977.11
2191.94
2180.59
2178.23
2103.37
1980.02
2145.74
2231.5
2275.86
2192.1
2337.76
2198.48
2098.06
2241.89
2128.83
2054.4
2205.12
2073.5
2191.35
2149.1
1970.21
2192.75
2390.73
2125.27
2087.33
2269.36
2092.85
2171.84
2143.51
2166.96
2076.96
2326.51
2248.84
2136.33
2090.18
2223.29
2221.9
2213.92
2205.45
2170.7
2152.11
2068.45
2148.1
2094.51
2345.05
2123.9
2139.86
2138.56
2270.89
2015.38
2220.8
2128.56
2308.78
2194.84
2031.52
1920.91
2207.34
2218.53
2134.74
2134.1
1934.51
2358.46
2097.23
2164.87
2110.68
2143.37
2011.79
2267.38
2277.07
2116.7
2086
2156.75
2178.2
2035.37
2261.81
2231.1
2048.12
2151.19
2167.34
2091.66
1985.74
2180.64
2225.85
2019.25
2344.93
2279.42
2167.35
2097.07
2273
2195.06
2220.79
2371.91
2259.89
2296.67
2293.85
2156.16
2192.71
2167.35
2159.69
2113.6
2119.93
2226.41
2189.51
2227.96
2216.02
2286.56
2222.11
2251.29
2166.29
2088.84
2196.33
2133.87
2088.1
2387.45
2203.86
2142.74
2250.48
2307.24
2241.31
2435.22
1952.25
2115.01
2215.07
2233.82
2121.21
2193.45
2102.73
2061.88
2176.02
2338.95
2019.49
2171.81
2261.81
2305.24
2067.48
2175.83
2114.95
2238.42
2296.06
2009.31
2112.02
2197.52
2277.37
2265.43
2184.48
2147.36
2261.89
2203.71
2146.86
2085.45
2155.27
2243.51
2153.69
2301.17
2122.81
2165.72
2371.71
2219.55
1940.25
2350.25
2342.87
2124.12
2125.31
2056.2
2203.01
2116.45
2200.01
2079.81
2148.68
2120.02
2193.42
2158.35
2158.75
2358.47
2408.58
2098.71
2081.9
2102.55
2279.67
2161.86
2169.26
2244.76
2078.04
1995.76
2126.49
2199.53
2168.05
2109.61
2141.77
2132.24
2158.62
2256.19
2023.42
2061.62
2144.82
2280.13
2182.33
2004.18
2167.47
2016.24
2332.71
2161.3
2200.11
2158.83
2247.82
2155
2061.95
2278.11
1954.77
2170.04
2213.28
2162.39
2241.14
2229.63
2135.17
2302.26
1994.82
2149.33
2128.67
2109.47
2181.79
2092.89
2100.8
2036.14
2174.1
1986.95
2119.88
2226.02
2080.7
2003
2212.89
2113.77
2118.26
2160.69
2247.59
2046.08
2180.72
2147.29
2251.54
2249.63
2200.09
2098.77
2187.93
2036.74
2168.16
2158.92
2156.12
2054.08
2035.52
2227.01
2194.91
1992.63
2205.38
2047.81
2198.72
2108.05
2152.04
2024.69
2359.79
2260.98
2161.65
2241.99
2312.63
2175.32
2228.02
2235.41
2149.95
2258.85
2199.93
2090.43
2200.74
2126.05
2075.35
2243.41
2139.7
2154.33
2262.83
2194.94
2321.71
2042.42
1948.61
1999.64
2331.33
2188
2193.94
2079.48
2302.94
2004.86
2078.96
2117.19
1986.33
2096.14
2174.59
2205.02
2101
2281.04
2009.68
2252.78
2162.61
2161.5
2159.63
2103.9
1948.18
2218.08
2141.39
2046.88
2250.68
2059.21
2275.15
2329.74
2299.57
2179.33
2055.93
2456.68
2122.65
2037.8
2032.07
2209.71
2195.77
2216.15
2165.01
2076.35
2080.38
2084.92
2056.71
2120.06
2081.09
2099.62
2239.7
2356.95
2192.63
2090.45
1989.76
2112.88
2136.44
2222.92
2056.73
2265.47
2103.04
2039.59
2094.38
2051.76
2198.57
2299.23
2215.7
2095.79
2007.56
2220.15
2041.79
2199.05
2025.65
2332.07
2098.01
2173.35
2084.48
2178.38
2254.75
2152.22
2136.52
2237.94
2063.5
2019.21
2187.31
2072.8
2235.27
2098.16
2239.25
2160.54
2285.9
2267.36
2227.23
2283.95
2126.35
2180.38
2105.7
2052.14
2031.24
2441.19
2038.54
1971.43
2163.81
2105.26
2119.29
2134.69
2262.94
2137.55
2173.51
2244.61
2228.13
2216
2347.07
2375.42
2154.8
2170.5
2197.46
2141.77
2105.61
2085.95
2212.63
2312.65
2165.45
2088.16
2108.32
2269.19
2208.73
2075.44
2093.07
2097.73
1926.43
2283.32
2165.49
1978.16
2109.65
1960.64
2267.35
2138.44
2235.9
2276.04
2148.97
2108.9
2159.5
2153.69
2330.04
2220.96
2068.1
2184.77
2118.25
2167.63
2027.37
2262.01
2237.15
2104.11
2287.7
2108.34
2124.42
2323.58
2065.33
2289.26
2229.1
2196.52
2173.59
2275.36
2179.35
2336.75
2173.43
2095.09
2112.68
2173.98
2069.54
2329.4
2083.35
2124.96
2192.04
2118.26
2138.53
2228.46
2107.79
2112.15
2216.38
2095.07
2171.68
2165.44
2219.8
2101.22
2268.68
2232.55
2149.83
2044.86
2282.04
2139.42
2169.28
2256.29
2286.28
2125.16
2111.9
2174.9
2116.68
2274.73
2230.28
1988.27
2151.57
2230.56
2156.04
2265.34
2040.65
2011.34
2129.03
2192.04
2090.2
2223.91
2232.23
2113.78
2155.88
2117.01
2305.45
2216.21
2160.79
2129.74
2156.88
2226.24
2259.32
2219.95
2205.76
2187.43
2231.02
2147.27
2196.56
2085.11
2122.29
2149.19
2182.15
2092.03
2076.06
2163.13
2140.7
2216.39
2079.58
2139.24
2068.48
2302.31
2076.84
2039.88
2081.56
2022.17
2050.46
2050.71
2124.1
2171.22
2240.42
2211.88
2212.51
2109.85
2284.07
2407.89
2166.55
2256.09
2490.31
2207.97
2238.08
2138.95
2145.49
2139.08
2007.28
2147.76
2137.13
2210.29
2163.43
2096.36
2206.89
2129.16
2276.13
2090.47
2214.28
2141.36
2155.73
2209.55
2206.96
2148.76
2192.96
2062.79
2193.2
2152.17
2217.75
2173.81
2044.31
2152.23
2139.63
2229.89
2232.03
2331.4
2283.78
2276.61
2395.29
2177.45
2259.74
2405.74
2193.31
2114.39
2161.79
2063.58
2144.98
2097.64
2101.86
2125.61
1990.17
2150.66
2136.47
2233.59
2101.56
2241.74
2257.59
2177.13
2362.37
2384.77
2203.35
2171.18
2076.35
2050.78
2177.81
2044.48
2053.59
2066.99
2177.01
2270.75
2419.53
2410.82
1958.21
2237.16
2236.61
2015.94
2221.82
2209.03
2168.98
2162.28
2178.32
2112.04
2276.38
2069.87
2163.19
2095.42
2050.95
2028.15
2109.79
2271.46
2130.25
2145.75
2288.47
2123.19
2149.26
2264.97
2121.99
2113.4
2174.58
2088.65
2296.59
2411.17
2480.23
2201.99
2229.71
2331.45
2193.95
2145.58
2194.33
2090.87
2114.61
2100.28
2085.67
2053.6
2256.03
2168.83
2235
2155.29
2203.18
2162
2070.11
2173.78
2139.54
2292.74
2200.1
2209.63
2228.95
2303.51
2103.05
2112.27
2166.57
2125.58
2300.66
2025.64
2065.49
2041.49
2194.3
2163.69
2063.43
2221.39
2228.38
2194.17
2169.97
2121.03
2026.5
2095.5
2121.33
2175.21
2077.48
2104.32
2198.85
2269.18
2129.4
2023.6
2248.36
2344.82
2071.35
2152.81
2220.2
2184.54
2096.17
2046.88
2174.19
2300.51
2290.05
2115.25
2291.54
2157.68
2178.79
2045.17
2258.95
2156.77
2102.76
2014.94
2016.71
2210.81
2236.36
2162.28
2087.73
2249.24
2043.9
2165.19
2060.33
2041.06
2311.71
2347.07
2224.09
2354.68
2094.11
2246.59
2170.98
2342.15
2355.64
1981.12
2256.18
2272.85
2206.34
2214.94
2256.52
2174.9
2176.63
2138.98
2282.62
2078.95
2181.57
1844.02
2088.14
2107.83
2249.27
2223.52
2146.1
2167.84
2072.35
2036.61
2132.37
2353.16
2067.54
2207.46
2240.91
2274.44
2213.8
2198.55
2161.89
2142.88
2193.23
1984.28
2094.54
2087.99
2142.28
2150.04
2170.32
2203.68
2252.8
1966
2238.61
2133.18
2055.24
2316.17
2265.99
2239.38
2228.36
2201.04
2331.57
2207.68
2204.03
2075.37
2268.17
2172.08
2048.78
2122.55
2323.4
2003.68
2213.91
2231.58
2136.77
2267.47
2121.22
2225.12
2143.11
1960.76
2177.43
2112.48
2178.86
2056.64
2283.97
2224.2
2401.63
2140.4
2135.84
2150.32
2092.76
2184.24
2273.82
2106.73
2052.29
2160.19
1985.71
2212.23
2198.2
2172.65
2213.45
2149.28
2262.41
2058.26
2152.6
1974.56
2070.54
2001.81
2111.33
1999.74
2177.86
2079.69
2063.29
2157.23
2197.73
2279.31
2122.49
2159.39
2236.09
2132.46
2388.09
2193.17
2128.9
2237.62
2021.9
2177.54
2158.65
2125.54
2111.28
2112.03
2231.02
2124.98
2054.21
2262.18
2247.76
2168.25
2122.01
2143.32
2108.47
2319.9
2218.31
2165.63
2254.48
2190.11
2191.92
2228.43
2146.8
2108.13
2228.96
2172.58
2136.88
2139.1
2277.36
2081.07
2414.87
2179.78
2096.45
2062.67
2176.29
2184.02
2189.71
2188.63
2021.09
1945.24
2237.95
2104.06
2227.49
2226.53
2266.76
2193.36
2233.35
2192.02
2111.91
2109.71
2289.03
2311.55
2159.53
2160.63
2013.5
2286.04
2161.11
2164.32
2193.1
1926.86
2102.67
1942.9
2091.34
2370.09
2152.28
2240.93
2187.21
2224.68
2212.73
2191.38
2111.62
2173.71
2047.22
2209.13
2194.44
2125.29
2119.45
2055.02
2151.61
2173.27
2249.64
2210.66
2063.5
2200.25
2128.14
2124.8
2248.17
2179.54
2094.72
2105.13
2106.35
2123.84
2295.5
2053.35
2205.72
2062.11
2063.84
2374.49
2090.79
2126.11
2198.12
2204.9
2008.91
2219.7
2253.74
2204.51
2206.65
2305.09
2347.32
2227.03
2102.34
2168.04
2242.52
2143.57
2119.06
2190.51
2141.9
1999.9
2312.91
2228.85
2272.44
2164.54
2064.37
2314.93
2184.82
2147.64
2381.57
2161.28
2239.81
2230.11
2172.67
2161.74
2353.17
2095.19
2194.08
2275.1
2182.04
2223.77
2185.75
2047.4
1902.87
2101.33
2243.42
2154.59
2293.87
2073.79
2183.78
2276.87
2094.24
2210.64
1988.86
2306.67
2215.93
2200.68
2034.08
2277.78
2235.35
2024.5
2039.65
2335.79
2163.29
2077.11
2149.16
2210.98
2178.27
2119.59
2001.91
2283.88
1889.42
2090.6
2196.23
2259.88
2125.62
2045.27
2318.92
2221.69
2331.95
2273.91
2147.48
2074.5
2149.7
2190.5
2181.42
2083.42
2099.51
2258.46
2354.64
2281.09
2179.65
2157.66
2241.6
2135.04
2102.71
1872.54
2103.62
2358.65
2253.46
2158.68
2107.62
2235.13
2084.73
2069.24
2219.59
2297.41
2253.18
2211.11
2219.59
2110.93
2373.45
2047.14
2159.58
2205.45
2138.76
2180.84
2327.13
1955.34
2178.88
2100.27
2189.57
2047.32
2215.83
2289.05
2161.57
2269.18
2109.32
2172.74
2378.73
2310.44
2265.66
2391.9
2079.18
2143.74
2108.33
2251.5
2168.41
2195.5
2030.99
2127.16
2051.71
1996.02
2060.18
2211.54
2005.12
2110.81
2079.11
2153.15
2166.19
2120.08
2061.53
2083.08
2045.19
2237.86
2099.52
2289.74
2142.41
2198.73
2117.75
2101.42
2206.71
2141.56
2160.73
2164.44
2007.62
2150.35
2201.85
2215.25
2105.24
2114.51
2113.07
2249.58
2036.62
1992.85
2110.24
2232.7
2234.32
2168.88
2207.23
2145.33
2280.77
2108.36
2188.66
2294.08
2166.31
2204.27
2098.14
2172.21
2240.63
2279.56
2137.35
2159.22
2152.59
2140.63
2090.95
2071.72
2066.64
2064.34
2002.04
2252.76
2212.86
2126.37
1984.48
2230.55
2083.58
2259.47
2303.52
2262.48
2217.94
2145.35
2155.16
2203.37
2195.8
1946.08
2029.81
1999.65
2133.45
2257.91
2061.71
2116.64
2089.12
1972.61
2220.89
2034.35
2090.76
2088.86
2303.36
2237.05
2324.07
2275.96
2027.9
2039.6
2358.49
2101.86
2198.04
1986.19
2372.73
2155.67
2212.13
2160.99
2169.89
2089.66
2040.18
2322.34
2281.47
2069.41
2129.33
2082.88
2174.64
2234.97
2165.54
2209.33
2087.15
2168.26
2115.45
2261.78
2066.43
2197.62
2292.21
2101.16
1985.7
2368.95
2204.84
2396.65
2205
2088.66
2062
2062.2
2302.26
2110.46
2093.11
2177.21
2142.35
2100.63
2282.58
2137.05
2155.72
1883.36
2105.8
2160.33
2030.59
2135.84
2245.67
2177.88
2057.42
2165.97
2120.65
2166.09
2219.35
2149.98
2064.56
2209.74
2216.46
2157.98
2227.9
2222.61
2410.17
2045.68
2156.2
2029.43
2157.23
2333.36
2177.26
2197.62
2175.79
2059.56
2035.26
2192.67
2291.89
2307.86
2019.13
2252.84
2246.97
2187.21
2241.65
2083.35
2172.64
2329.47
2193.36
2276.35
2133.44
2209.79
2061.32
2252.97
2168.21
2075.85
2095.29
2396.44
2138.44
2124.82
2271.47
2174.06
2261.3
2224.42
2035.22
2103.25
2209.79
2125.92
2146.52
2171.57
2149.71
2266.7
2213.72
2287.65
2187.32
2245.89
2257.02
2278.36
2265.77
2216.54
2342.74
2097.86
2244.96
2060.09
2043.83
2124.75
2066.42
2255.49
2197.1
2273.73
2269.52
2334.89
2060.17
2120.28
2153.17
2109.64
2019.95
2185.12
2136
2015.03
2107.52
2287.99
2061.37
2240.81
2215.92
2172.11
2074.01
2098.83
2082.25
2087.43
2219.26
2320.66
2296.21
2152.02
2199.19
2234.24
2236.06
2176.6
2049.96
2101.9
2108.78
2213.23
2353.27
2122.69
2108.16
2339.52
2163.82
2126.26
2233.13
2076.77
2152.81
2190.11
2116.35
2088.01
2232.41
2109.68
2142.14
2179.76
2318.82
2182.85
2168.65
2026.26
2173.59
2057.13
2229.92
2182.05
2084.8
2314.94
2135.59
2068.69
2034.09
2330.34
2101.47
2244.2
2157.54
2118.24
2155.73
2147.73
2175.3
2162.15
2250.81
2062.15
2194.27
2089.11
2237.09
2124.24
2173.04
2281.6
2152.9
2211.58
2069.98
2201.68
2084.39
2261.08
2260.85
2261
2280.08
2222.35
2105.44
1969.94
2180.34
2295.23
2352.11
2209.36
2430.9
2289.35
2081.87
2167.85
2206.65
2189.91
2243.81
2283.86
2234.08
2100.64
2246.33
2223.47
2144.27
2074.68
2015.77
2238.23
2346.14
2092.69
2134.55
2231.18
2212.3
2149.82
2098.25
2100.01
2100.08
2225.75
2088.24
2234.69
2071.02
2101
2070.46
2210.53
2200.86
2084.16
2046.48
2148.3
2043.95
2235.97
2138.59
2239.99
2232.05
2153.96
2316.9
1899.76
1938.69
2270.03
2203.64
2312.29
2275.44
2248.49
2179.97
2189.65
2040.24
2020.31
2177.93
2096.31
1964.21
2027.39
2118.52
2286.13
2145.91
2278.95
2214.56
2017.07
2265.87
2105.31
2157.02
2197.19
2048.87
2035.75
2312.77
2369.36
2023.45
2073.99
2148.8
2154
2110.31
2114.11
2228.37
2087.81
2043.4
2314.38
2113.52
2101.56
2086.63
2249.68
2284.06
2099.77
2055.8
1968.09
2288.36
2204.73
2193.19
2245.27
2161.83
2250.43
2043.71
2122.98
2166.22
2336.24
2029.13
2085.45
2093.92
2236.54
2106.73
2081.46
2120.26
2295.25
1863.51
2269.95
2181.3
2377.73
2104.11
2165.99
2047.46
2377.41
2126.58
2262.5
1994.52
2060.96
2087.89
2162.02
2019.19
2241.37
2098.07
2101.82
2022.64
2223.92
2335.26
2237.77
2196.23
2250.67
2243.93
2265.14
2160.67
2176.59
2165.04
2126.96
2338
2071.56
2116.28
2089.01
2081.26
2161.49
2169.64
2023.91
2086.99
2421.97
2101.04
2180.87
2241.05
2110.1
2328.47
2224.48
2118.75
2087.81
2285.08
2173.28
2055.66
2325.25
2080.16
2170.49
2126.45
2154.55
2287.71
2293.4
2252.79
2164.52
2097.39
2083.99
2187.86
2199.86
2211.68
2169.49
2199.88
2083.6
2289.21
2280.23
2224.82
2095.95
2152.49
2144.13
2314.68
2052.18
2148.76
2348.49
2227.36
2082.59
2123.64
2022.97
2279.37
2192.31
2157.51
2116.77
2280.56
2355.05
2277.32
2161.56
2351.67
2159.84
2224.65
2113.92
2252.54
2202.79
2090.13
2304.55
2135.27
2248.53
2259.9
2168.38
2199.85
2223.53
2153.55
2299.75
2184.95
2176.74
2273.08
2162.92
2034.73
2192.29
2253.43
2116.82
2067.99
2069.17
2264.19
2298.09
2235.58
2138.99
2271.03
2230.04
2147.64
2153.91
2255.82
2215.39
2047.99
2289.39
2008.38
2257.31
2131.78
2258
2110.53
2133.93
1920.35
2201.34
2201.86
2192.9
2182.25
2255.85
2186.49
2226.39
2169.73
2197.87
2048.75
2079.93
2168.99
2096.19
2159.52
2161.65
2140.19
2257.53
2144.58
2223.26
2117.38
2112.87
2159.3
2271.27
2062.16
2204.46
2140.09
2290.05
2271.27
2058.64
2068.37
2222.65
1930.43
2249.46
2108.76
2121.05
2068.09
2260.05
2141.49
2109.37
2026.88
2232.66
2148.22
2081.02
2151.45
2229.32
2050.4
2111.49
2226.08
2261.54
2190.04
2027.78
2114.47
1975.41
2214.08
2217.08
2200
2293.84
2181.36
2177.61
2148.85
2249.46
2050.87
2126.74
2087.38
2113.19
2475.11
2181.47
2232.87
2362.61
2097.18
2188.12
2335.28
2139.61
2198.71
2130.18
2059.26
2150.89
2147.23
2026.6
2138.28
2082.83
2262.61
2068.16
2188.44
2295.04
2174.26
2310.16
2299.16
2326.63
2164.43
2011.35
2160.35
2250.4
2127.51
2070.62
2322.7
2120.98
2119.96
2251.77
2154.41
2049.04
2296.34
2168.2
2071.89
2236.99
2128.5
2204.09
2055.19
2227.78
2101.37
2220.27
2223.19
2231.54
2071.5
2128.8
1998.98
2077.57
2083.85
2173.58
2315.17
2017.2
2084.2
2210.82
2183.13
2099.07
2336.05
2130.43
1989.02
2106.36
2293.02
2074.06
2314.19
2217.31
2214.02
2116.41
1963.32
2058.81
2127.75
2258.3
2057.5
2222.54
2228.77
2171.29
2122.26
2057.22
2088.24
2225.8
2057.96
2308.63
2208.35
2396.9
2212.69
2156.38
2098.68
2052.78
2142.65
2146.08
2052.82
2121.39
2140.26
2174.38
2202.8
2199.87
2137.69
2343.45
2236.73
2129.42
2250.89
2208.93
2154.03
2368.46
2006.11
2140.2
2149.27
2048.23
2160.91
2169.76
2039.66
2052.31
2221.77
2083.81
2245.21
2129.82
2188.33
2106.75
2336.25
2201.61
2084.76
2205.74
2143.58
2228.13
2294.61
2255.29
2035.39
2151.42
1987.73
2145.15
2233.34
2204.96
2061.45
1807.01
2178.68
2186.18
2113.48
2237.3
2103.75
2135.31
1917.92
2378.02
2282.63
2154.36
2171.74
2144.54
2032.3
2208.45
2063.63
2114.85
2197.45
2264.97
2206.28
2230.99
2057.76
2234.39
2254.05
2137.24
2169.68
2332.91
2222.38
2160.26
2127.06
2237.49
2279.62
2162.63
2188.42
2233.82
2160.64
2182.56
2103.44
2255.23
2086.9
2036.33
2253.01
1984.57
2313.15
2127.59
1982.12
2119.13
2125.8
2352.16
2096.39
2177.02
2256
2188.48
2253.62
2102.92
2089.72
2278.73
2050.26
2101.35
2082.92
2186.16
2023.13
2139.72
2054.72
2072.62
2042.96
1996.7
2370.57
2203.09
2217.13
2326.26
2224.85
2076.72
2142.41
2186.95
2084.5
1941.01
2049.55
2182.83
2154.37
2174.14
2129.36
2357.15
2172.31
2013.96
2212.36
2151.65
2182.93
2141.85
2143.6
2095.43
1997.05
2204.15
2165.58
2221.83
2374.59
2319.63
2117.22
2206.41
2132.03
2356.41
2260.71
2064.01
2187.42
2247.46
2157.61
2079.25
2166.04
2096.26
2063.02
2180.84
2193.53
2037.18
2192.75
2207.68
2133.35
2016.08
2077.17
2252.44
2281.43
2153.86
2278
2210
2143.94
2003.51
2138.09
1918.92
2238.18
2150.49
2236.38
2057.37
2121.42
2161.64
2252.22
2154.35
2053.24
2195.13
2222.3
2121.68
2100.28
2243.54
2202.38
2198.32
2204.97
2193.21
2166.45
2297.96
2208.41
2315.22
2031.92
2246.82
2140.29
2203.68
2338.47
2006.58
2309.97
2161.35
2062.57
2393.11
2206.14
2031.21
2398.81
2083.98
2177.98
2098.87
2087.73
2129.27
2185.73
2219.42
2145.27
2131.88
2085.97
2204.27
2106.19
2172.99
2217.47
2099.25
2181.68
2062.25
2145.93
2288.99
2092.79
2399.14
2210.66
2069.12
2138.21
2192.23
2202.15
2299.09
