176.801
221.856
250.017
160.829
211.133
180.893
211.057
235.271
226.713
170.36
125.896
215.814
172.356
157.534
235.686
190.744
194.662
201.789
183.207
136.388
203.172
208.613
208.437
218.044
206.789
168.859
194.688
164.17
211.09
146.563
213.037
199.605
186.157
185.989
214.078
169.841
173.611
202.423
180.022
194.533
185.467
181.016
241.187
184.191
210.636
207.538
152.247
181.821
174.211
244.564
205.556
266.891
229.364
185.38
212.319
176.59
192.752
198.328
179.491
207.653
175.226
278.539
196.603
163.169
200.144
211.3
232.566
195.393
215.133
153.962
223.115
193.703
210.222
192.867
201.779
235.837
182.963
197.502
206.006
191.956
197.908
178.117
190.917
244.299
191.37
169.278
215.103
208.144
188.287
159.102
224.871
175.167
203.554
192.523
208.508
192.398
188.758
201.736
187.713
238.064
159.052
204.851
154.498
211.599
217.069
188.321
194.977
235.208
187.004
216.646
224.326
190.324
176.624
167.034
219.728
189.023
199.501
143.548
150.973
200.894
205.417
235.692
182.574
182.88
204.742
175.571
186.2
198.169
181.999
162.526
202.814
189.44
203.117
216.265
203.031
222.562
215.77
242.922
154.989
217.37
186.703
169.73
200.17
200.375
197.963
160.027
175.1
176.858
234.021
185.571
214.28
184.421
230.796
168.426
189.869
190.491
211.341
196.227
192.781
185.448
202.654
181.577
195.959
174.599
232.989
157.58
202.745
206.824
179.526
206.585
186.206
159.662
183.723
194.997
183.383
174.368
221.007
232.196
212.155
196.663
201.294
162.621
193.126
180.069
186.407
226.653
177.616
180.836
218.12
176.114
164.512
196.954
186.871
175.124
213.313
195.396
160.853
202.937
186.126
181.824
184.391
161.828
203.645
181.291
210.964
205.518
229.251
199.05
163.159
195.077
232.619
182.681
207.898
175.729
170.714
170.88
211.416
220.512
154.949
169.59
165.286
204.233
204.438
172.117
175.613
169.812
164.108
209.456
193.329
209.076
166.518
221.738
242.873
225.489
193.674
218.478
193.275
220.955
197.652
175.938
189.436
186.062
175.631
184.399
193.062
218.04
195.135
209.332
187.853
194.103
209.804
160.636
192.384
219.707
187.954
201.324
176.264
182.434
203.501
214.045
174.706
204.973
162.188
213.736
185.429
216.075
228.023
216.488
191.32
174.479
185.258
150.539
236.696
215.085
173.266
164.109
179.652
262.114
214.379
176.731
211.361
198.102
188.032
143.631
221.443
192.708
177.722
227.155
204.679
172.426
169.287
233.517
165.377
172.124
242.471
179.072
198.886
225.343
206.641
165.568
213.372
197.279
215.212
187.859
167.36
189.852
159.979
202.389
223.618
186.232
196.447
174.104
229.234
192.967
223.812
225.133
166.375
191.1
189.455
173.006
176.987
189.427
234.27
181.979
207.935
233.255
217.703
174.583
210.576
231.616
152.548
216.288
182.701
198.475
203.953
217.11
176.264
224.159
220.408
175.687
200.503
217.932
199.287
157.28
178.284
180.146
180.867
179.662
259.593
145.17
203.676
205.627
190.593
179.653
234.047
194.744
172.552
219.058
227.384
211.623
173.172
213.671
174.578
187.762
151.248
225.444
219.285
129.987
199.676
192
214.757
179.788
209.139
192.901
179.246
190.683
182.694
179.861
179.075
213.797
185.865
200.826
156.01
211.118
245.941
189.105
172.461
182.944
184.39
254.863
209.702
164.726
208.629
160.215
175.194
175.648
196.696
175.672
193.666
197.215
142.965
204.779
183.907
195.326
235.223
202.152
208.766
193.435
183.33
183.705
192.227
154.318
163.228
168.318
159.84
209.35
221.869
230.731
220.691
218.295
176.454
194.616
214.63
214.42
173.52
185.099
181.118
238.443
186.904
175.852
216.03
232.247
191.118
189.447
241.262
209.143
193.095
176.06
222.245
219.767
161.243
175.958
223.527
218.38
211.878
226.273
209.762
205.875
213.518
221.894
250.574
160.688
209.854
158.57
228.723
180.964
211.143
184.977
204.684
208.304
204.842
163.511
210.281
252.231
228.948
207.046
178.721
194.279
215.124
175.631
186.995
209.74
209.393
204.867
183.294
181.606
216.465
232.504
219.977
154.308
158.663
182.619
156.725
242.287
192.511
152.706
168.066
178.223
161.336
196.461
193.868
136.298
222.755
161.037
206.069
214.031
181.041
178.739
173.195
163.887
208.24
137.975
196.566
210.969
173.516
185.239
185.353
165.551
151.178
196.536
181.812
176.546
165.697
180.826
206.846
140.803
198.355
171.475
193.336
203.755
156.115
181.459
206.906
232.694
205.055
260.072
189.525
215.158
198.968
175.047
210.938
182.185
243.651
181.106
191.955
163.102
159.798
183.328
174.011
260.123
176.184
256.39
185
166.967
204.798
182.709
139.869
174.627
167.613
176.021
227.113
216.11
209.239
177.913
191.52
205.343
158.69
158.735
178.908
211.757
208.803
242.073
202.998
210.42
168.856
187.736
222.511
181.022
201.895
210.318
221.17
202.57
183.95
210.439
199.2
231.136
152.812
179.715
174.956
199.915
185.513
249.52
174.694
227.465
198.627
206.371
184.257
187.721
182.506
204.708
196.74
177.197
191.169
215.307
193.966
205.336
201.11
208.654
221.052
237.26
180.318
192.535
194.476
199.477
162.577
170.933
217.457
190.743
192.913
205.727
218.914
171.692
205.595
172.221
216.074
200.227
188.156
183.456
185.889
172.312
150.515
185.608
177.174
163.85
202.322
202.753
217.435
217.32
183.648
206.135
247.677
203.448
174.293
220.428
187.531
182.516
182.502
181.936
178.915
203.44
218.014
183.17
210.266
215.283
209.767
207.619
163.999
219.277
164.583
159.398
186.967
199.348
151.757
169.323
183.385
222.869
171.165
201.127
233.857
224.158
166.853
213.927
219.03
189.085
163.341
182.31
203.482
243.526
212.513
209.008
178.629
225.239
179.218
187.866
159.078
209.525
220.723
186.699
181.602
147.928
173.744
236.468
174.802
207.534
195.248
161.768
227.903
177.209
175.473
172.891
154.706
232.997
182.025
253.538
191.702
214.628
226.086
175.068
152.955
194.114
170.626
198.404
207.639
196.652
185.213
198.703
169.362
214.82
225.664
195.6
203.386
242.981
217.643
188.078
238.114
181.561
194.172
173.19
186.502
177.316
203.359
198.122
195.73
225.65
197.891
215.916
217.047
226.172
187.764
206.736
165.487
207.383
215.105
202.726
155.39
175.278
207.71
174.969
216.261
247.764
174.809
216.432
223.868
205.731
187.776
183.816
221.936
170.539
196.758
129.537
219.036
211.509
153.27
237.379
178.653
173.768
194.425
200.593
222.407
166.413
206.513
238.886
237.902
245.422
150.205
203.807
200.222
225.641
202.929
187.182
190.051
203.624
181.576
204.893
192.52
184.79
169.624
169.965
161.931
183.052
217.378
164.153
192.758
193.044
190.283
242.908
169.985
238.828
167.3
207.296
203.577
171.509
243.523
186.038
197.125
197.623
163.42
188.274
208.991
210.392
249.55
149.093
187.932
198.997
215.708
251.096
173.491
190.647
188.274
173.396
186.865
183.244
169.59
223.607
215.54
213.335
211.203
156.681
202.997
186.209
225.745
184.794
174.641
215.717
166.292
198.415
174.472
182.365
199.377
193.246
233.489
231.265
170.176
181.754
189.421
233.358
226.196
199.649
204.225
205.425
201.198
221.464
199.365
145.455
208.188
206.802
237.201
211.458
189.74
224.346
211.422
205.284
202.274
204.986
184.587
201.856
181.581
217.015
206.324
185.118
213.567
190.645
189.887
180.139
195.861
199.166
158.194
202.532
182.526
174.857
212.088
218.306
175.811
184.894
224.501
170.563
141.551
205.101
209.415
153.273
213.421
223.062
162.658
189.228
218.769
210.896
173.664
149.919
197.477
222.469
210.309
204.038
188.889
195.848
206.202
190.491
188.672
183.501
176.212
188.293
211.826
183.493
170.027
179.418
241.714
226.169
248.165
177.31
214.121
190.921
202.544
210.771
196.897
231.507
185.428
176.081
227.583
174.29
206.722
188.654
234.611
200.318
180.448
202.638
178.537
191.518
174.876
172.772
179.952
183.962
223.576
150.307
159.372
202.104
173.246
179.915
188.242
190.201
215.061
169.4
193.977
207.691
189.666
167.588
228.29
170.063
186.496
172.079
209.305
173.229
222.829
197.992
174.847
170.872
187.884
182.292
166.924
215.113
163.17
216.741
226.12
174.187
175.529
213.382
185.377
174.312
184.68
175.291
158.964
160.709
192.062
179.649
214.192
227.998
213.692
212.695
196.802
203.983
182.221
230.059
156.223
182.809
163.544
202.226
232.224
193.434
181.996
197.636
243.934
176.57
165.381
193.119
177.261
225.69
208.877
194.202
194.138
235.404
185.842
200.259
197.272
175.663
240.839
202.238
191.5
183.943
214.049
205.506
177.007
203.807
160.756
161.711
186.222
157.798
199.073
258.961
224.428
191.14
157.551
197.266
200.053
178.123
198.604
171.31
216.426
207.34
150.972
161.78
197.014
203.493
163.426
176.621
177.012
152.84
195.152
219.954
190.668
242.472
169.07
190.495
151.715
160.931
182.129
208.369
189.565
197.675
238.354
226.936
146.201
185.899
221.186
171.21
185.577
211.235
164.842
190.54
218.111
197.902
213.036
201.041
175.98
157.555
173.37
194.275
191.409
177.253
198.408
184.799
234.686
201.059
217.32
166.173
197.677
198.002
225.149
215.239
222.779
224.712
184.445
212.954
174.18
187.601
210.474
174.567
174.567
225.66
181.609
185.074
201.719
187.321
203.846
176.374
231.354
189.817
205.963
206.148
210.178
163.655
206.014
191.011
164.307
197.038
205.31
193.099
208.868
228.87
196.744
171.097
201.878
167.225
171.312
224.787
203.624
183.872
212.54
201.299
192.308
213.64
226.914
235.94
244.589
222.105
239.464
198.887
167.732
173.061
184.586
262.988
205.526
215.988
216.397
229.648
199.121
181.455
220.334
175.377
159.987
219.584
202.055
198.428
197.069
161.493
190.174
179.725
204.985
177.809
177.003
176.592
186.148
210.841
181.728
187.45
204.934
174.324
181.6
217.484
150.17
179.316
179.971
179.057
206.079
206.66
175.535
195.991
206.432
183.998
222.731
269.702
245.393
169.516
198.706
224.6
174.647
159.057
189.833
190.843
196.8
207.727
214.874
149.554
182.24
207.669
227.491
175.883
178.498
224.577
169.497
190.77
214.325
169.891
208.459
223.566
197.15
169.958
183.933
165.36
208.829
203.434
192.293
220.746
186.56
169.547
194.11
202.504
177.384
185.388
170.754
185.801
193.721
201.687
176.536
177.015
155.367
206.743
193.284
200.476
186.381
166.009
176.31
244.93
166.605
157.103
205.597
237.878
230.341
183.79
218.626
164.702
206.557
153.919
182.096
191.162
166.926
183.264
232.272
214.196
190.406
168.945
183.359
178.747
190.584
202.095
200.756
172.009
183.97
138.266
207.682
160.546
161.214
195.94
213.328
177.506
194.539
174.717
170.329
147.311
189.862
172.058
207.073
219.761
204.403
134.182
182.433
183.136
166.361
205.222
242.41
152.154
270.834
221.574
223.634
147.329
211.302
196.89
190.513
202.423
177.46
176.836
148.852
160.346
150.195
183.961
207.974
249.737
171.986
199.194
163.597
178.312
207.887
169.842
170.043
178.66
175.215
190.969
186.381
179.394
185.18
179.196
185.702
200.81
212.831
221.447
163.663
193.975
178.74
204.541
161.372
180.905
211.231
244.525
170.698
176.253
159.287
203.118
198.9
199.063
187.922
179.988
187.741
169.075
196.852
171.471
184.522
195.931
179.012
210.646
232.427
223.264
189.389
144.635
178.566
197.79
168.438
165.348
151.722
228.452
188.997
178.443
195.217
206.146
178.835
218.023
186.945
191.6
188.791
179.892
187.313
216.128
177.697
219.231
241.124
205.393
206.271
208.96
138.804
185.278
221.651
191.624
184.942
175.044
208.066
208.906
204.49
193.858
192.732
171.67
185.858
185.826
146.13
207.346
192.073
229.285
181.671
216.425
203.588
180.563
175.471
162.544
197.732
187.077
165.797
187.106
176.843
180.632
189.701
219.59
225.969
210.82
184.518
189.727
159.866
192.416
241.495
163.548
156.298
202.774
169.872
177.594
203.952
193.848
255.887
226.142
200.777
202.188
208.558
202.366
204.295
222.813
209.42
173.018
193.454
212.518
166.143
234.077
183.77
189.221
192.039
178.86
227.319
184.584
189.298
149.782
183.867
210.877
134.275
191.891
180.729
185.123
157.435
211.598
168.034
188.993
173.168
176.512
176.217
176.853
218.566
179.788
176.001
179.972
219.099
181.907
188.636
220.245
230.029
215.34
185.359
196.336
185.427
176.148
231.43
154.755
210.929
215.632
159.376
168.164
222.293
176.596
205.63
169.4
173.872
200.972
170.511
166.385
200.188
211.123
154.404
244.333
196.33
196.627
142.531
133.137
199.435
223.177
197.182
205.203
220.538
200.642
178.16
184.148
199.848
211.36
166.138
183.821
242.718
225.152
185.962
176.896
189.367
147.467
214.873
234.104
175.879
191.59
157.065
136.595
179.656
208.243
181.779
205.161
189.197
207.968
194.379
210.024
163.271
199.733
158.437
146.778
204.534
231.991
220.637
168.808
180.575
183.866
177.122
188.969
195.085
212.187
217.51
242.981
206.52
188.012
171.995
195.806
228.987
176.174
162.393
201.51
212.656
186.436
206.491
172.597
187.005
186.101
213.392
226.466
188.027
202.255
215.749
154.883
191.553
214.809
280.597
221.321
170.549
219.082
206.018
210.833
173.131
181.455
217.808
204.018
218.354
209.886
202.367
222.339
180.546
242.984
179.848
204.453
187.636
247.909
214.138
184.84
209.668
201.992
200.623
196.96
155.516
210.106
180.394
172.315
227.082
183.474
206.616
168.439
192.312
158.774
219.67
154.844
202.91
227.149
177.803
196.815
209.557
198.638
184.887
190.869
218.624
207.542
208.783
212.471
148.151
206.063
173.135
202.29
179.956
258.595
229.371
212.958
199.319
200.106
220.099
214.613
168.103
191.162
188.323
198.454
134.342
190.72
183.853
188.38
188.38
173.992
184.967
185.338
196.455
198.52
204.364
184.784
236.708
152.761
201.702
213.441
173.07
193.547
211.005
166.502
163.994
237.104
215.702
202.102
176.416
234.693
194.363
195.049
238.576
193.239
171.005
197.914
229.985
195.822
183.86
187.341
213.365
179.274
204.294
187.583
180.067
205.345
194.503
166.036
180.804
181.231
194.641
218.838
187.807
169.172
200.893
215.396
208.948
208.869
225.766
205.97
225.409
229.704
206.811
180.571
181.517
219.752
152.467
232.271
160.372
195.994
230.486
183.971
176.846
211.949
203.717
154.47
190.916
166.65
184.833
229.419
214.208
178.383
203.459
197.742
176.512
155.729
190.876
240.678
249.705
199.789
208.164
209.483
193.736
174.131
179.271
163.949
207.11
167.298
231.924
209.278
180.065
209.209
166.442
184.914
266.332
141.196
218.337
193.124
124.309
186.953
161.802
209.586
150.422
187.237
177.538
195.178
196.284
195.499
196.994
198.495
229.431
213.244
198.361
186.922
205.283
186.967
177.591
229.931
135.827
201.257
230.646
169.893
235.691
167.008
206.916
226.056
205.504
198.496
201.303
189.303
201.603
162.617
206.156
166.405
196.702
200.843
222.015
213.496
192.026
266.538
222.156
227.572
183.364
164.747
208.958
202.926
195.851
196.687
231.952
143.961
214.466
199.211
199.522
181.527
188.692
183.027
225.646
147.787
177.053
164.009
168.977
208.242
238.392
180.336
244.866
197.485
208.67
228.531
233.03
166.009
171.114
194.89
166.95
196.271
184.202
205.524
219.645
194.302
168.861
185.054
173.061
176.901
169.131
154.701
195.434
202.787
195.338
156.473
155.519
185.469
165.503
177.4
190.545
177.077
190.175
197.203
146.827
187.019
235.489
208.406
192.755
144.637
211.659
261.952
190.91
162.113
215.205
221.414
178.929
205.225
187.591
149.301
186.579
178.773
269.365
182.665
183.846
233.276
178.522
196.057
193.305
194.343
198.225
143.921
233.422
170.412
175.984
181.172
224.231
256.801
159.574
236.358
189.177
198.679
156.821
248.79
217.703
179.287
199.944
200.049
226.816
185.382
176.013
199.637
192.075
172.726
179.994
194.304
177.703
150.887
186.387
168.361
203.82
200.867
189.471
196.658
198.699
168.166
177.36
188.748
190.648
250.025
219.374
202.969
184.24
196.192
159.713
182.465
203.707
153.848
203.225
164.513
167.517
220.257
190.008
203.378
161.406
193.381
190.688
216.488
188.582
210.805
204.284
212.749
171.138
227.082
175.777
189.512
198.466
177.716
245.274
208.875
196.082
214.103
169.946
186.011
224.546
169.508
205.561
192.774
185.608
210.001
170.788
189.357
223.252
151.329
183.799
216.711
171.762
195.123
205.725
192.333
170.63
197.097
208.085
187.065
207.544
164.223
197.3
156.634
158.182
232.467
142.764
179.853
172.581
186.23
225.451
211.606
182.656
214.21
179.172
194.824
205.675
196.469
210.145
224.196
164.429
146.705
192.043
220.757
215.897
176.129
192.439
152.768
162.474
155.512
159.891
174.895
183.076
162.121
147.209
218.885
188.096
194.539
220.949
211.385
190.838
168.483
175.151
170.268
196.16
185.884
208.132
161.547
216.83
178.506
238.118
196.585
225.354
203.57
184.186
249.495
144.931
209.672
178.439
193.828
170.383
214.902
174.726
197.178
189.617
227.895
191.747
193.602
197.614
181.931
193.366
246.036
216.673
174.137
172.871
189.818
206.101
140.476
190.716
220.161
219.635
188.431
225.841
243.417
242.886
166.357
185.354
192.588
188.084
161.035
206.123
195.04
184.252
225.948
161.019
204.497
187.077
199.187
178.826
233.518
173.221
225.29
170.739
220.369
238.651
188.074
179.99
201.936
207.218
213.074
179.153
204.407
200.695
179.812
179.074
205.795
196.353
216.725
200.252
161.63
203.915
208.257
199.115
214.978
196.176
268.746
203.913
218.339
196.91
199.269
204.312
214.152
179.287
183.953
203.01
183.203
201.715
199.222
162.129
177.201
186.331
166.82
193.909
181.894
246.719
215.489
188.686
191.07
215.222
226.541
163.171
165.317
207.924
200.373
268.981
187.362
203.076
191.767
176.469
232.662
224.072
195.298
219.661
166.295
191.637
183.486
217.519
215.794
178.856
229.783
186.378
169.844
163.854
187.767
150.972
194.423
184.653
202.766
217.296
222.385
196.21
183.679
177.594
210.184
222.514
222.682
216.102
169.167
215.515
204.837
224.952
212.953
216.379
175.555
163.712
244.208
183.45
206.7
186.192
213.526
202.335
173.564
217.225
214.3
187.854
179.084
140.55
171.547
164.56
200.962
160.05
171.249
133.9
259.479
200.226
202.854
216.612
162.499
174.332
199.538
227.829
164.2
191.119
188.859
180.125
169.521
134.739
200.124
170.48
217.424
188.493
185.984
165.815
214.811
161.273
176.059
223.693
226.491
193.8
194.745
160.742
190.418
213.751
183.931
190.811
201.808
168.269
196.834
177.324
219.57
166.428
216.93
212.823
214.635
201.487
168.267
164.239
177.556
199.232
218.95
167.589
213.421
241.276
165.343
145.16
177.412
172.843
171.396
222.32
172.473
188.598
189.338
249.709
199.364
197.307
180.82
215.426
193.359
167.906
184.209
149.294
231.625
176.787
197.048
179.797
220.898
189.939
245.637
194.834
236.721
159.123
212.904
189.073
214.026
200.626
212.488
199.895
262.686
184.327
187.07
218.105
209.151
193.167
198.261
151.067
165.562
190.397
169.492
147.427
221.726
144.415
158.267
187.821
192.848
197.421
228.282
175.041
169.6
173.679
212.579
200.593
192.378
175.399
167.888
210.516
202.177
179.561
192.208
204.306
232.333
144.525
196.769
208.746
178.951
156.052
205.552
237.584
193.872
230.038
174.806
201.92
191.082
187.219
257.092
186.12
161.383
168.757
167.349
172.004
199.556
235.32
147.41
172.814
199.409
208.968
193.312
202.157
208.608
143.256
209.574
225.506
189.84
198.061
183.106
193.761
163.86
210.4
262.919
167.033
230.988
188.835
215.792
186.761
179.429
176.602
135.866
245.848
186.19
174.744
181.417
183.202
185.536
204.538
183.713
174.077
217.76
226.779
147.281
174.175
270.975
266.466
232.791
151.49
172.77
180.502
233.989
165.554
143.92
190.592
170.543
224.446
171.231
269.375
141.659
212.521
186.279
184.552
232.724
182.145
191.71
226.806
181.553
174.98
207.465
167.349
211.978
192.845
239.768
207.902
185.693
161.53
215.925
186.732
234.642
155.775
227.8
201.105
180.389
145.565
184.516
142.282
210.952
187.95
243.105
230.28
186.135
193.583
210.175
223.638
169.738
255.013
152.433
219.208
220.214
188.117
176.085
206.969
192.489
201.283
233.126
199.859
200.286
204.505
174.492
175.791
198.164
220.812
205.708
207.543
196.79
218.386
208.353
176.165
182.169
171.482
194.971
210.017
175.454
142.882
187.784
209.191
146.53
166.885
224.916
216.13
182.255
179.706
203.672
175.775
216.831
198.249
179.029
191.831
145.995
169.011
195.441
228.951
184.535
251.174
221.719
160.774
213.09
242.326
190.114
206.432
228.823
220.073
185.317
151.402
194.077
193.491
175.356
184.255
174.412
188.671
217.312
166.976
185.463
170.365
182.555
186.512
205.368
202.399
209.583
182.848
143.434
190.758
155.18
183.052
214.385
162.437
203.263
155.308
188.845
149.907
210.192
246.289
203.843
172.58
183.954
169.977
212.665
189.874
159.628
192.687
187.755
205.907
202.9
209.793
199.222
167.261
208.109
164.499
207.475
172.189
202.637
172.49
220.169
192.483
240.924
238.933
210.792
193.039
192.071
234.539
220.636
216.584
211.599
197.779
192.714
216.901
168.954
172.62
189.466
221.44
248.21
166.036
222.866
229.045
178.075
140.254
186.643
201.495
173.49
187.512
178.781
194.868
169.172
215.815
191.1
201.554
192.805
197.239
229.533
159.707
144.665
203.391
168.294
195.644
190.87
179.529
153.967
166.559
201.697
231.048
221.761
168.861
190.296
154.186
208.619
170.321
192.262
204.064
170.643
224.086
204.427
157.453
172.362
222.218
160.978
188.715
200.662
186.642
198.317
155.016
175.117
185.838
177.018
223.839
176.489
195.267
213.446
192.965
258.396
146.058
167.335
196.17
187.377
204.477
194.835
231.272
194.945
206.975
177.458
185.78
170.668
239.475
245.381
171.196
197.121
205.193
219.099
181.178
197.74
151.663
188.913
191.62
233.429
199.921
155.847
203.542
236.012
171.35
182.733
175.247
149.144
213.261
204.454
222.238
193.477
197.183
186.084
194.577
252.709
180.467
193.277
184.991
190.26
214.355
209.677
175.49
192.895
222.629
253.615
208.18
190.876
174.44
190.69
195.107
217.939
164.978
168.378
206.901
203.167
184.35
210.878
161.905
193.608
235.876
168.317
184.091
210.573
227.023
212.757
208.233
161.052
217.215
215.549
233.884
214.44
233.845
205.599
165.663
188.235
180.588
188.871
221.523
208.224
206.444
217.264
230.482
209.436
206.154
160.728
196.502
178.604
177.309
175.676
188.678
213.001
167.445
188.868
214.047
213.641
220.386
200.346
173.382
198.32
208.18
201.928
151.123
188.735
198.255
232.212
227.513
165.902
181.54
198.347
193.621
215.244
162.047
210.834
178.612
207.603
203.556
166.808
188.433
179.618
180.593
182.99
155.217
190.44
161.444
162.08
183.864
190.599
224.235
179.032
214.259
197.772
179.252
190.541
213.337
179.667
178.405
168.209
219.788
206.003
136.565
195.32
236.344
165.797
211.195
178.218
209.893
155.864
228.178
245.336
203.851
210.044
137.059
212.083
220.868
212.459
184.364
201.685
206.574
240.647
154.582
185.403
193.069
171.381
199.674
184.697
133.098
154.615
193.737
215.693
143.524
223.891
206.603
227.507
243.051
213.401
187.39
179.575
201.097
233.768
222.755
197.549
185.298
198.241
174.586
195.123
180.636
230.093
199.294
200.483
194.936
204.864
233.377
168.322
172.766
217.258
177.1
184.491
221.708
157.621
203.757
231.028
243.715
164.957
190.534
173.715
222.978
173.2
202.675
213.614
205.003
224.116
219.344
187.045
200.282
222.081
185.718
167.975
199.29
213.939
211.953
177.58
165.619
231.063
196.313
187.257
167.251
181.589
210.155
149.953
239.099
204.711
161.204
179.234
236.625
208.969
170.684
203.671
175.596
175.337
185.301
175.115
182.488
179.459
207.468
221.212
166.496
251.648
219.982
210.275
165.706
136.109
232.234
193.367
122.237
229.14
215.912
221.169
206.278
212.444
239.649
170.042
211.178
226.928
222.853
189.509
199.894
193.649
184.567
173.639
152.635
148.15
197.719
201.67
153.665
171.752
202.202
211.724
212.342
210.801
239.936
163.624
190.849
221.837
146.908
172.093
187.803
237.273
213.843
198.962
267.452
180.719
147.327
175.778
209.934
188.082
269.808
199.056
218.774
227.311
194.234
179.725
195.627
235.623
193.412
215.791
199.002
194.827
174.197
217.479
169.897
190.761
191.837
209.519
215.421
154.543
145.303
180.944
185.465
152.007
222.466
206.171
166.124
182.357
212.802
266.963
240.968
209.75
199.181
214.344
224.319
155.938
219.507
178.763
212.095
219.321
194.914
167.493
202.669
182.892
229.921
151.556
181.458
220.032
196.595
136.557
160.977
206.317
171.223
204.334
217.499
211.455
203.306
198.86
187.917
215.927
189.764
175.482
132.076
188.944
194.289
176.964
174.625
217.335
233.834
250.479
242.97
210.483
192.843
206.771
182.259
241.152
179.515
193.901
171.404
170.819
169.734
205.641
242.592
204.716
183.294
163.568
222.973
199.808
274.538
165.473
216.277
224.411
195.07
196.493
202.468
220.119
178.14
267.676
195.185
163.795
191.708
163.644
172.421
181.943
197.036
201.824
172.894
167.025
179.014
187.844
186.02
215.112
160.834
187.037
191.469
202.291
217.531
187.03
184.177
213.061
180.532
198.632
190.148
169.099
155.693
191.274
192.953
167.107
186.315
169.859
188.218
186.692
190.998
232.458
208.535
176.042
196.474
177.868
210.476
193.16
219.143
176.84
162.597
211.287
186.044
215.906
143.838
204.951
219.283
222.363
180.792
154.361
159.309
185.338
159.613
158.411
178.934
176.344
216.169
210.045
173.878
197.937
222.689
194.23
198.387
204.303
193.454
184.13
193.438
184.298
230.471
175.09
207.848
203.012
196.481
224.758
194.522
151.818
178.751
191.637
167.821
183.362
158.36
195.457
201.294
198.505
188.161
184.198
229.044
160.608
163.796
198.681
179.789
205.001
209.124
179.887
199.903
198.142
198.442
240.31
194.626
177.706
184.442
196.315
165.387
170.53
220.42
184.82
184.942
198.77
183.515
184.134
172.468
163.999
215.289
192.339
179.104
233.842
215.493
200.925
236.082
155.678
128.862
151.166
224.716
186.091
208.906
179.968
158.977
219.497
198.972
190.03
221.113
180.299
179.041
158.16
211.133
179.796
222.62
203.429
199.758
189.142
185.207
166.22
220.143
181.873
183.59
225.224
177.292
166.666
209.811
192.439
187.964
197.627
222.457
186.576
197.68
214.12
197.639
181.72
184.283
184.488
184.597
169.44
186.507
174.609
201.359
210.812
186.766
175.49
202.348
204.783
150.275
182.854
216.59
156.448
253.547
192.741
212.997
244.499
207.621
222.225
262.444
180.415
226.404
181.525
174.477
196.459
202.005
172.135
131.645
184.882
195.262
203.735
168.477
198.625
220.404
182.684
185.841
208.601
223.748
220.34
195.347
197.861
228.693
195.107
159.557
205.473
192.7
215.25
173.638
177.077
174.255
174.139
211.636
197.537
145.137
209.618
203.919
159.847
168.232
206.688
198.127
212.188
174.027
226.448
161.414
170.665
239.107
204.507
168.723
169.846
204.738
191.235
203.817
197.668
221.391
217.931
207.07
207.62
220.431
180.925
263.7
202.334
193.961
194.013
208.251
218.044
200.614
185.835
207.529
157.459
215.689
217.769
219.62
188.26
232.891
183.75
197.13
189.676
204.595
225.415
183.727
161.808
194.572
205.075
176.47
235.264
195.277
176.221
165.202
251.105
157.958
147.42
223.707
184.366
172.433
225.185
177.602
206.7
184.886
244.969
205.729
181.843
224.033
176.559
195.082
195.439
209.329
168
198.74
174.067
198
180.573
208.965
217.638
174.909
169.214
224.174
206.587
202.067
186.811
217.959
211.448
185.352
172.392
185.254
189.829
188.065
179.073
179.096
212.002
208.052
166.969
232.564
162.469
185.752
160.015
200.488
203.809
212.217
195.049
214.695
150.057
189.914
191.06
204.539
220.169
197.511
201.389
196.432
178.612
158.579
213.714
212.157
212.559
200.348
127.081
239.943
167.303
264.082
170.291
196.812
170.763
169.238
203.674
167.998
193.75
173.474
229.136
236.048
193.012
223.962
204.347
178.519
199.778
206.425
197.545
187.683
183.931
223.071
246.102
200.294
169.29
175.789
158.46
197.226
188.203
217.111
163.848
168.801
203.879
201.066
201.239
177.615
199.072
216.174
225.164
235.154
170.254
185.858
234.397
209.129
214.468
187.06
206.951
186.07
163.752
183.72
200.46
160.557
204.703
163.458
249.788
244.474
152.687
211.197
208.023
232.16
175.544
208.549
239.789
184.304
178.353
187.04
195.32
178.257
158.139
203.056
221.63
156.915
206.14
221.248
202.052
246.691
196.503
197.57
182.33
193.449
185.155
183.659
156.789
174.746
195.305
163.65
230.014
168.593
208.479
201.479
157.775
261.894
230.013
197.11
209.299
196.027
145.819
223.539
203.636
175.215
208.214
161.645
213.236
168.816
198.266
199.466
210.454
164.851
180.282
217.401
225.498
259.828
188.953
209.386
182.837
235.79
198.879
202.97
200.369
172.087
176.719
185.721
213.239
199.524
207.788
174.933
200.865
187.894
208.263
174.604
178.113
195.462
172.567
157.123
165.018
181.333
208.933
196.563
194.546
182.879
235.562
145.33
182.362
210.433
239.009
217.86
217.463
265.82
183.182
248.462
193.015
201.559
208.739
168.398
204.93
208.844
167.631
205.939
214.591
196.749
218.881
201.747
179.527
169.2
227.248
197.362
182.19
179.231
178.838
163.641
192.183
219.913
145.832
176.296
186.846
177.31
165.714
171.94
218.381
182.531
189.753
192.426
177.893
226.298
199.62
174.06
177.399
186.678
188.696
184.733
195.99
211.794
207.561
195.831
192.98
170.235
198.046
218.322
194.045
198.988
174.449
252.588
200.291
210.611
191.405
154.07
176.101
205.017
175.282
214.874
238.948
205.725
187.191
221.455
188.523
166.751
200.318
156.1
139.658
173.339
176.26
192.25
183.065
178.959
232.893
170.78
203.158
201.28
178.907
202.09
217.834
235.645
213.638
206.223
173.157
239.083
168.107
208.539
227.62
194.359
208.151
168.688
199.166
154.761
200.145
251.035
203.015
208.278
210.815
186.922
140.95
165.037
158.264
162.004
204.066
220.072
198.248
234.091
183.474
166.605
191.278
217.312
190.857
185.295
162.979
201.818
174.214
201.603
190.834
209.222
210.64
182.969
149.236
251.525
169.865
206.899
226.218
147.466
195.146
189.47
230.207
184.062
142.76
200.792
154.071
208.082
205.482
149.819
182.368
158.449
210.594
188.182
219.043
197.171
203.693
210.69
142.88
211.405
144.768
207.776
166.655
197.676
170.993
167.292
181.888
172.694
193.823
224.208
172.127
195.202
187.346
159.54
189.889
175.122
146.442
157.474
171.303
200.083
204.366
211.106
197.246
229.774
231.441
225.269
192.528
226.413
217.507
200.058
190.346
200.854
226.211
208.381
204.063
212.856
190.382
185.126
179.648
205.442
196.126
239.892
183.401
181.649
167.334
175.168
221.631
216.63
214.027
183.044
211.079
236.822
183.943
170.456
147.986
200.44
198.735
195.901
141.98
184.99
196.708
191.871
179.076
206.067
227.331
212.661
210.041
183.376
235.615
191.913
167.695
177.582
211.924
190.423
183.041
209.308
175.038
159.114
182.893
222.786
192.243
171.402
209.582
193.12
235.053
196.984
201.139
209.755
185.58
156.282
199.954
155.554
179.185
156.603
170.049
175.195
166.114
185.749
194.525
163.2
191.019
195.832
195.915
164.176
216.063
201.114
166.709
184.658
207.849
206.825
177.343
207.974
202.46
220.039
190.643
155.115
223.821
153.296
212.124
174.691
189.957
206.782
263.801
240.294
188.233
191.698
215.084
188.22
212.643
227.121
219.91
209.843
214.007
203.196
196.935
182.543
178.445
193.33
200.427
232.518
180.121
213.619
217.791
187.983
157.993
205.868
176.653
246.472
179.997
233.559
185.268
192.84
207.17
197.025
177.135
206.11
217.681
195.46
185.538
246.63
185.897
234.875
185.194
205.853
161.81
240.622
178.096
219.988
217.806
159.542
192.243
180.263
162.14
161.527
225.388
189.057
180.516
217.826
193.252
176.093
185.79
171.334
206.825
199.439
239.955
242.821
189.398
215.762
215.109
212.593
176.722
219.876
208.097
178.914
166.265
170.343
216.384
186.351
246.235
224.571
219.166
183.655
162.255
205.756
202.523
197.641
246.555
191.283
200.549
156.669
218.103
168.516
193.292
180.449
224.086
198.802
218.126
147.392
192.458
189.173
208.211
204.304
196.278
166.895
201.985
165.005
188.217
162.433
192.563
184.405
180.694
198.723
159.984
224.798
201.172
194.799
231.489
195.416
228.767
222.456
204.297
166.727
184.139
164.164
179.215
171.975
197.137
190.872
232.266
163.951
213.828
201.37
215.598
221.075
208.576
179.76
224.547
185.334
230.911
199.427
172.823
200.84
178.969
198.33
141.993
168.355
197.936
192.551
179.177
182.066
197.83
173.289
239.236
224.397
206.805
184.563
185.49
181.542
193.292
202.203
164.988
193.744
197.014
271.811
202.611
195.381
196.029
234.211
206.267
183.333
167.128
166.231
173.748
165.898
201.349
199.501
244.62
197.63
158.489
166.245
203.135
175.737
168.825
201.983
202.507
247.325
156.28
213.821
180.542
246.062
191.09
185.74
193.746
166.316
223.672
209.098
192.442
201.032
191.057
212.797
188.44
165.664
210.326
156.37
147.658
215.617
165.212
225.224
185.805
198.135
207.127
189.947
205.253
196.947
242.516
197.561
158.28
179.503
193.329
207.976
187.132
216.696
180.174
190.372
220.69
228.699
214.191
161.187
199.494
182.145
211.225
207.618
202.42
193.424
204.941
180.306
213.922
163.025
204.484
170.43
152.164
157.442
222.779
177.171
218.8
181.609
206.883
198.518
198.779
190.557
179.353
236.968
207.398
169.027
185.251
199.134
222.281
264.691
186.6
186.828
181.004
196.468
190.978
169.175
199.796
207.95
205.529
190.267
228.159
160.484
175.232
157.334
196.871
184.192
226.901
205.148
162.885
190.183
167.807
188.063
165.486
152.123
188.803
192.957
189.337
191.636
193.9
180.065
179.212
233.284
160.213
190.814
167.321
244.176
236.143
199.984
166.787
200.132
240.147
172.151
219.156
181.893
200.477
215.506
203.16
238.787
227.926
255.079
177.802
218.747
208.55
176.442
182.399
227.711
209.251
200.578
177.103
246.846
224.094
199.3
198.868
222.302
181.223
187.979
185.691
199.76
173.685
185.989
239.846
171.732
174.837
186.686
220.613
193.657
196.657
210.366
215.205
224.086
198.237
234.678
179.696
195.707
195.232
177.613
255.386
197.89
153.482
198.88
220.411
192.604
249.852
173.432
179.173
256.171
186.179
186.055
218.618
166.428
222.287
221.879
190.95
180.552
181.782
210.733
164.716
198.861
190.745
140.642
212.175
189.978
173.387
161.236
219.876
167.593
185.718
152.814
180.808
186.353
143.966
225.275
177.304
221.604
181.574
197.185
191.871
194.597
176.011
174.32
161.877
178.164
178.501
190.755
216.706
187.613
173.963
162.526
193.422
169.246
201.94
186.106
215.662
155.605
207.982
182.44
237.667
187.6
174.533
249.741
190.969
192.047
175.175
190.509
218.576
212.121
193.724
186.019
142.447
171.07
193.176
213.837
177.396
199.936
157.522
153.347
261.612
176.6
186.981
217.717
208.56
198.329
197.531
236.992
201.601
199.547
173.596
188.263
193.618
186.682
199.508
174.197
199.105
203.8
156.629
163.203
220.796
193.605
153.781
185.562
226.474
213.86
243.774
170.104
211.964
172.646
187.803
238.671
271.69
193.273
152.599
174.252
186.837
204.39
230.981
177.903
209.209
239.995
176.094
185.395
203.601
200.735
206.122
174.168
169.729
195.679
160.677
190.031
164.07
195.956
211.219
201.956
231.524
165.609
199.229
188.155
223.88
190.086
204.901
188.173
172.933
187.479
190.766
232.251
186.729
211.066
202.513
204.46
178.023
178.315
218.583
186.71
200.552
160.781
206.954
187.667
189.055
228.683
212.363
189.83
193.766
232.758
195.805
208.472
144.987
176.82
169.694
230.513
185.472
215.95
230.565
227.202
198.002
153.996
198.989
231.068
226.795
186.712
239.454
167.866
184.277
176.756
203.971
194.621
187.317
189.532
185.803
189.269
213.658
231.736
184.453
236.826
189.087
193.21
173.84
184.119
176.263
206.675
210.987
212.523
224.96
195.9
211.846
241.468
190.44
186.961
178.148
216.772
173.725
185.885
222.188
167.63
206.037
179.409
239.404
214.453
236.792
205.125
208.002
172.111
236.976
220.361
173.931
207.587
200.778
203.391
184.146
218.264
165.631
190.053
233.565
181.491
223.282
181.197
227.856
219.501
159.87
143.014
174.993
175.734
206.229
208.999
219.112
192.665
228.401
164.703
164.913
146.526
185.264
181.703
223.262
208.766
212.095
205.655
172.181
225.173
183.506
195.894
185.078
171.346
166.308
197.756
238.932
230.636
191.917
165.181
175.355
186.311
171.595
224.009
163.07
177.439
204.889
238.845
187.261
179.079
207.305
215.282
171.682
201.371
198.707
191.752
153.469
186.067
246.302
158.314
233.376
166.277
200.83
189.435
183.715
167.314
203.773
207.916
209.042
205.24
234.125
182.736
197.042
203.204
197.555
204.538
226.16
232.86
225.473
199.001
198.104
156.15
201.019
177.667
197.221
174.016
203.633
209.431
220.295
189.768
174.87
159.112
186.665
257.526
223.958
200.677
162.293
219.081
207.914
204.731
214.51
196.387
224.672
186.535
190.566
207.711
204.412
176.272
200.897
230.293
215.02
149.841
170.129
214.552
191.495
199.328
175.811
220.528
141.087
170.897
218.331
192.008
188.183
230.334
218.175
193.24
191.14
214.603
214.26
222.045
187.35
212.283
158.696
224.49
188.211
205.354
151.612
157.403
225.135
166.3
175.618
181.864
153.286
209.145
172.602
199.512
194.352
202.522
192.294
181.022
213.473
171.429
181.323
188.19
180.969
175.368
185.157
231.239
227.822
190.272
216.833
224.264
168.041
234.952
201.139
157.845
185.451
175.385
178.153
190.595
152.34
160.99
182.14
184.461
249.239
226.348
211.378
216.906
214.91
179.232
211.742
183.641
198.023
217.439
152.073
176.117
177.799
192.919
175.493
204.38
225.625
221.103
230.977
233.352
168.177
165.498
226.78
219.545
197.068
184.05
186.114
177.368
188.22
260.77
170.275
200.808
222.077
157.575
195.91
215.23
175.587
172.708
198.419
154.942
158.149
161.506
187.788
222.162
187.176
211.922
188.709
181.29
198.493
211.001
184.407
219.778
225.892
181.626
216.633
222.63
171.384
184.919
234.301
165.764
210.146
231.399
216.798
198.758
166.072
180.794
196.064
212.787
187.117
179.593
230.19
187.538
197.916
155.126
192.483
168.968
182.734
195.841
189.606
190.892
185.989
160.143
213.914
210.228
180.792
173.882
180.167
185.627
188.835
206.891
214.461
273.289
172.947
182.615
221.217
193.961
190.813
169.269
170.474
193.942
193.258
177.391
168.472
148.5
147.733
186.622
218.972
176.18
191.903
198.243
201.719
232.257
202.916
246.172
207.688
184.866
164.143
191.475
176.231
229.773
228.892
203.422
178.171
197.742
201.168
211.327
155.549
184.537
245.846
133.509
189.935
190.647
253.341
178.633
198.226
199.567
209.468
193.893
197.968
179.629
180.944
188.221
180.602
191.505
155.256
186.515
214.346
228.74
214.134
232.005
160.607
207.71
189.216
165.707
247.097
206.792
182.13
229.59
207.811
176.216
202.319
225.877
220.411
166.591
207.556
188.048
159.778
246.275
233.12
178.903
165.42
204.545
189.734
233.711
153.826
220.363
159.683
187.905
219.556
168.058
265.887
233.108
192.346
207.487
224.801
201.755
216.991
210.222
246.703
177.323
180.001
221.735
213.597
249.822
174.829
184.613
175.546
209.155
187.264
253.262
152.229
200.308
187.647
188.738
181.891
229.248
200.032
272.996
142.06
189.085
204.47
193.329
201.348
152.979
228.143
180.41
246.497
204.379
197.873
176.764
155.781
204.163
142.34
169.86
209.493
214.401
160.157
191.743
162.604
195.972
172.175
183.083
188.377
171.804
194.978
230.848
177.271
184.214
228.928
204.298
200.824
165.136
205.165
223.372
178.093
194.177
184.142
231.161
212.69
183.409
175.662
202.332
204.262
170.541
206.163
184.354
189.587
191.761
155.932
211.144
202.165
183.358
226.85
223.896
166.473
160.768
210.015
160.177
207.06
207.027
210.084
231.334
168.746
203.234
219.641
227.62
189.09
170.6
217.657
178.101
206.941
198.869
162.459
196.956
189.501
158.263
165.791
217.755
166.544
187.997
176.406
214.14
193.168
236.439
220.875
205.191
220.866
172.238
216.124
202.33
233.947
174.026
203.944
207.872
153.954
194.121
155.413
175.79
211.614
198.217
231.998
216.365
203.127
179.855
225.89
196.777
177.783
147.866
220.099
217.886
230.811
193.176
210.355
196.684
216.447
199.346
174.377
205.806
236.46
204.799
171.558
211.33
183.82
182.176
179.989
182.235
190.266
234.243
242.834
209.345
220.053
184.151
160.367
197.323
188.96
128.889
240.917
164.164
178.733
168.041
205.947
186.427
174.235
175.127
197.758
213.937
183.161
177.706
163.844
196.73
209.617
214.34
168.506
190.147
175.383
234.777
222.4
235.047
207.047
196.396
213.518
158.538
167.42
199.427
212.692
221.315
180.517
211.24
191.829
211.786
197.475
206.401
202.893
188.591
211.306
208.208
209.911
216.129
246.315
188.486
221.679
181.663
154.848
176.518
187.459
204.438
168.995
192.341
173.112
230.134
214.234
265.023
191.551
161.713
198.807
242.754
232.37
199.633
195.342
200.114
175.69
182.465
156.905
170.715
230.949
149.221
177.717
186.986
217.797
160.397
200.136
201.122
201.007
198.295
203.386
186.127
195.934
208.618
158.658
185.738
192.254
187.299
184.031
221.209
180.708
190.879
222.306
180.135
211.95
227.886
187.919
203.229
207.124
176.034
229.535
190.452
204.035
163.196
234.391
239.751
166.48
168.19
235.048
232.359
171.711
191.059
198.671
220.293
126.855
146.372
197.08
158.439
174.073
231.965
174.896
181.047
181.132
158.237
204.453
201.14
216.787
214.493
141.96
192.119
221.579
201.908
174.111
229.095
199.579
147.093
241.133
187.429
196.592
220.957
160.949
204.942
197.72
167.979
199.831
195.411
193.604
181.556
235.873
198.725
241.176
166.754
217.242
224.743
215.176
211.362
238.355
158.836
231.707
209.107
191.993
218.268
223.949
209.271
195.48
189.794
181.626
188.333
235.317
183.925
231.054
199.166
218.638
196.379
199.52
209.74
165.976
200.709
195.703
227.79
147.53
205.701
153.734
210.001
216.786
190.134
138.888
197.026
213.396
197.395
190.169
163.27
225.191
177.558
188.714
236.121
160.037
162.311
138.047
179.307
166.814
200.108
199.134
196.999
159.758
204.591
233.949
181.257
223.434
173.89
168.878
171.997
224.868
159.436
205.22
182.685
169.79
189.421
203.853
177.369
197.289
174.494
197.475
219.812
183.11
152.408
219.742
238.919
182.53
182.02
222.83
195.522
202.651
142.989
232.822
208.588
183.553
248.864
197.746
181.457
188.077
157.806
185.863
199.612
182.834
175.442
202.411
187.65
183.108
147.1
228.272
174.596
197.138
187.183
161.993
199.764
207.609
186.635
194.66
190.983
165.851
215.708
206.031
218.003
202.411
227.147
236.213
212.359
220.342
266.195
187.929
213.241
192.299
138.856
213.859
180.352
170.011
197.898
197.207
188.194
199.628
158.436
148.057
151.554
202.893
203.441
210.706
224.961
191.131
194.704
184.188
184.028
181.953
138.73
249.155
200.026
191.774
206.357
185.629
202.459
242.247
199.872
161.542
213.685
213.651
191.441
166.256
208.817
218.421
177.378
204.283
213.117
153.15
177.241
208.21
188.576
179.121
191.012
211.383
209.701
195.67
158.12
172.036
161.738
243.131
166.423
178.087
176.576
217.211
216.541
196.037
184.428
264.964
177.508
186.764
214.449
181.693
199.022
140.593
192.466
203.597
204.075
143.061
159.389
190.126
179.168
234.906
217.291
179.823
185.695
187.85
171.637
205.26
220.554
218.497
190.342
197.461
183.701
213.084
193.225
179.788
218.67
177.017
201.567
231.709
170.388
191.838
208.909
192.385
176.865
193.361
203.454
207.934
236.816
195.477
219.342
178.541
186.15
193.212
185.51
181.765
225.395
195.032
177.532
198.629
175.401
160.271
188.883
262.116
174.689
231.585
175.918
170.584
195.207
165.041
202.124
221.26
243.86
206.639
185.163
190.433
169.508
197.386
194.008
184.113
154.287
264.193
215.224
227.308
167.603
213.879
159.446
193.788
160.483
188.019
143.982
179.234
170.116
164.661
202.035
174.343
227.776
190.883
221.896
197.193
227.924
214.59
174.963
201.146
202.427
168.035
246.196
182.589
205.282
198.904
189.858
196.99
173.523
222.973
193.274
195.276
190.248
221.222
206.375
240.262
179.15
200.661
181.137
210.884
251.439
219.051
207.414
233.267
211.5
243.542
169.967
212.798
194.312
231.028
228.943
186.199
177.544
199.777
229.106
202.711
182.76
217.767
183.308
179.416
153.271
194.542
191.854
206.698
172.027
219.207
161.016
185.819
169.338
205.817
202.068
199.965
215.371
171.567
207.266
258.701
208.31
188.59
156.535
208.652
227.846
172.27
197.566
211.595
182.644
210.968
217.198
193.144
223.62
184.009
231.685
199.115
176.425
193.426
203.498
229.298
172.016
273.04
172.953
170.974
179.306
194.387
192.655
170.462
134.045
185.644
211.332
196.249
178.167
206.855
235.241
194.917
195.59
203.985
205.558
221.653
171.348
189.822
188.147
194.428
189.901
218.436
190.681
189.386
159.131
168.972
219.14
212.447
189.069
151.339
210.734
226.524
149.343
152.958
220.929
172.351
203.884
207.433
162.658
203.233
213.184
210.572
258.709
227.724
154.674
183.418
228.42
230.983
267.053
197.156
235.355
194.024
165.812
214.468
231.247
202.125
176.802
196.075
215.111
239.963
221.877
211.076
166.853
179.399
236.606
210.085
189.937
212.633
199.719
220.919
182.431
235.182
145.349
226.539
173.485
178.649
233.072
252.71
223.643
179.095
167.73
163.753
177.734
251.858
193.22
184.635
203.509
195.115
204.526
208.209
187.77
195.802
217.556
166.04
199.436
165.326
207.058
174.637
239.733
190.323
199.906
180.37
192.912
197.503
175.666
190.679
228.911
213
197.772
171.765
170.547
184.447
258.341
212.799
186.633
170.349
178.028
178.714
172.142
180.74
225.281
183.978
172.943
203.987
215.58
172.367
222.605
150.422
205.477
187.51
146.455
212.731
236.395
186.095
218.085
235.578
172.052
175.226
209.051
232.968
179.905
185.629
206.895
224.646
165.581
199.296
193.453
234.706
163.431
202.068
204.67
179.73
240.694
205.55
186.239
214.886
197.96
199.97
193.547
183.2
204.66
255.512
180.503
182.124
215.983
196.258
245.917
196.041
218.949
215.07
168.981
207.017
184.366
246.278
208.744
195.104
207.661
194.228
195.198
204.139
175.351
186.006
161.366
172.135
176.41
189.25
173.041
224.65
213.435
183.782
217.019
198.239
217.064
206.786
218.439
201.562
212.851
168.741
211.804
194.379
224.033
125.572
175.318
205.792
229.915
185.457
169.839
172.866
198.57
181.246
228.263
192.434
151.076
148.637
185.972
187.76
179.552
174.15
181.648
187.159
200.923
205.576
197.587
194.627
166.784
204.06
202.902
228.136
208.11
156.869
224.16
192.189
221.266
200.842
209.507
217.624
223.083
206.011
204.153
202.115
202.221
226.477
198.14
148.283
198.495
233.694
161.913
181.572
179.947
186.366
203.666
187.552
153.748
235.62
209.596
164.491
189.499
232.88
222.299
209.44
237.548
192.465
213.001
181.086
219.13
149.223
187.029
214.607
184.403
180.776
231.484
173.621
151.616
162.088
214.963
221.787
193.033
211.291
218.163
148.653
191.817
203.876
209.365
188.18
206.477
197.917
226.191
199.703
160.184
210.691
203.404
187.9
200.878
174.44
182.694
171.384
209.669
180.458
189.562
213.467
193.023
148.05
225.524
172.392
233.583
183.917
174.812
202.459
151.53
195.361
190.103
204.317
178.718
178.704
209.754
177.242
170.797
176.647
210.493
176.293
194.244
191.528
198.165
209.229
157.876
202.267
214.24
174.939
209.177
162.692
191.884
274.187
216.578
220.234
156.649
227.316
187.458
191.393
188.5
198.868
167.969
199.376
214.149
208.585
178.325
235.172
203.191
188.313
218.8
209.073
201.79
224.49
178.816
190.644
214.5
166.746
213.305
190.006
187.43
192.874
225.892
153.771
214.807
200.293
222.454
176.065
176.49
200.317
178.562
198.753
185.48
177.016
199.524
197.066
177.133
191.612
168.194
179.45
216.294
180.258
168.658
195.421
166.903
193.149
180.548
214.753
215.833
214.611
155.218
236.249
217.254
157.184
164.482
181.932
168.236
157.33
207.717
193.288
204.076
179.526
181.209
185.697
173.013
203.708
210.955
182.369
221.725
182.218
201.173
192.295
235.795
191.083
215.114
249.98
214.255
168.425
206.554
206.212
172.326
186.674
171.015
222.102
200.546
164.553
183.327
195.714
188.855
187.812
199.512
223.625
218.129
196.566
179.777
237.547
193.235
179.074
158.232
212.458
161.57
221.789
215.993
162.748
206.185
185.878
192.577
202.656
177.997
232.34
173.64
209.074
212.164
254.969
211.611
199.61
202.248
200.867
144.617
189.68
188.661
218.28
198.899
183.195
180.453
234.804
170.568
185.25
147.138
184.617
200.65
194.562
204.686
204.026
221.385
187.206
214.7
172.547
223.829
187.063
160.886
204.357
197.728
196.323
219.315
214.578
240.699
232.865
193.33
156.653
204.731
187.961
212.13
173.33
173.168
204.981
196.697
222.844
205.26
188.648
231.938
198.464
174.049
154.598
153.287
168.435
199.874
217.78
183.184
196.713
215.268
178.037
239.513
210.081
199.658
171.482
244.773
210.322
167.58
188.262
196.899
170.003
176.78
175.211
191.945
208.923
211.835
221.649
285.021
192.84
164.502
217.653
189.482
185.757
139.033
177.881
225.9
215.32
177.99
197.328
175.94
162.174
207.853
187.237
163.8
181.13
177.215
194.749
195.827
186.152
157.084
188.834
189.893
187.316
171.623
233.65
165.257
217.966
177.843
139.616
160.558
152.858
177.407
193.48
170.987
169.641
206.956
137.98
192.025
214.457
209.011
196.426
206.22
220.316
242.048
223.724
155.433
209.717
210.037
248.323
186.634
240.363
203.392
158.488
222.003
207.141
198.079
199.339
195.187
223.532
161.628
212.908
165.849
200.974
195.156
170.734
248.889
190.238
203.382
219.829
176.381
226.107
194.979
203.07
221.485
208.916
178.277
185.949
239.995
174.938
217.885
199.851
212.764
177.037
169.014
203.945
193.732
203.18
219.377
197.281
186.924
203.368
165.034
203.668
154.547
222.263
207.507
178.222
241.691
158.487
198.522
187.758
148.804
213.979
216.305
233.008
206.443
195.219
243.952
216.232
200.23
204.654
187.497
209.943
212.265
209.691
201.334
170.521
194.845
202.393
210.047
207.079
148.798
217.962
209.856
168.622
171.85
206.804
238.43
199.942
208.994
189.055
256.936
184.329
180.655
221.415
204.199
190.649
202.871
153.308
193.185
152.658
174.382
170.218
165.453
168.047
175.605
172.829
198.625
172.096
196.287
149.776
243.007
174.442
220.505
222.042
177.19
201.011
141.366
193.568
241.232
154.078
198.137
234.071
201.717
179.8
212.834
217.121
189.034
202.731
179.004
169.508
177.469
193.026
158.016
193.312
164.786
183.394
174.156
207.586
201.647
210.361
190.07
167.101
176.874
168.228
203.442
200.424
193.808
189.427
204.872
168.239
186.859
194.445
189.106
181.421
176.108
212.261
193.533
216.927
164.711
220.862
191.875
188.436
199.34
199.756
210.823
204.771
192.934
194.42
181.494
173.616
213.663
175.026
148.643
189.382
172.015
202.591
156.801
176.675
141.257
219.202
196.678
222.267
167.028
199.389
223.035
171.762
187.58
211.917
151.697
213.146
212.189
191.87
153.99
134.457
209.217
204.799
240.469
190.493
151.172
235.738
185.882
175.795
222.615
203.79
194.18
145.249
192.565
222.793
232.006
181.8
201.675
230.604
195.356
199.678
191.96
221.656
140.304
149.156
187.523
199.41
209.208
189.967
225.992
157.745
177.855
208.105
164.39
185.638
189.254
220.965
246.015
192.257
214.284
213.607
206.036
164.808
257.389
176.088
212.841
210.177
217.637
211.748
213.658
155.866
229.311
166.478
157.514
183.651
169.832
267.442
225.446
189.847
234.907
206.136
205.879
221.677
191.155
174.962
199.119
232.274
225.77
161.3
186.737
201.739
199.053
184.994
151.075
198.452
217.727
211.637
159.965
210.724
166.21
185.815
211.671
218.898
153.534
201.429
210.594
193.079
182.229
214.41
189.235
185.412
199.921
175.697
213.177
234.331
184.194
171.249
202.315
216.183
190.295
197.167
206.775
155.46
224.337
201.98
201.352
220.68
201.711
199.749
198.133
136.311
158.627
278.777
218.367
186.142
206.719
196.597
199.055
194.429
174.555
178.461
204.388
212.695
138.613
207.576
176.54
162.37
160.919
258.987
204.76
192.109
204.456
251.685
231.96
190.627
228.413
161.286
209.656
163.762
244.589
215.04
200.507
195.666
224.223
173.407
160.709
155.657
213.335
181.783
208.031
188.958
197.342
204.407
180.322
183.492
213.98
215.625
161.442
168.706
209.539
174.411
186.568
172.47
194.291
151.498
142.072
203.196
227.593
179.551
155.76
179.636
195.673
146.121
158.69
174.284
194.516
157.279
186.498
240.217
213.463
209.757
187.104
210.089
194.727
228.428
215.026
215.986
203.12
216.791
188.871
199.179
169.641
173.731
187.217
222.605
202.436
246.848
174.572
203.81
166.65
236.307
161.63
220.894
177.187
175.981
189.796
188.796
222.418
216.985
202.947
220.498
177.798
223.818
231.76
234.266
177.424
192.977
165.024
165.876
264.243
166.723
197.945
222.701
235.813
151.005
177.736
193
222.566
202.259
167.596
205.51
214.82
216.525
217.149
201.983
217.854
192.607
181.947
171.61
175.035
217.185
180.45
221.963
193.051
189.263
215.973
201.821
208.292
211.169
146.348
203.231
192.199
207.799
210.06
177.054
181.995
157.621
181.925
187.397
193.069
201.538
192.691
234.094
184.482
175.583
210.809
205.483
195.499
201.058
146.425
247.238
154.047
244.873
236.003
202.988
163.995
161.559
209.847
217.163
186.265
149.81
218.354
170.672
181.086
206
226.732
202.637
174.768
220.983
218.968
209.737
190.96
165.023
211.253
226.806
208.949
269.679
194.168
183.309
172.229
244.717
176.939
212.466
149.964
236.815
154.037
183.785
167.325
224.729
180.193
158.978
199.608
164.616
212.291
174.278
171.912
165.759
202.919
180.06
203.239
186.694
181.323
172.968
192.984
223.657
173.366
181.3
207.757
208.307
208.448
159.357
180.674
199.158
162.503
177.46
200.164
162.624
183.735
206.575
216.617
189.118
170.316
185.641
163.334
153.825
208.597
165.379
189.995
197.912
216.06
208.801
185.037
188.441
165.851
183.367
159.769
220.977
204.377
168.2
146.433
142.965
212.678
191.104
200.784
164.468
155.964
183.775
177.152
187.322
193.129
217.765
199.478
162.93
180.889
195.996
200.696
197.692
165.886
177.69
236.077
150.222
179.383
207.443
178.625
187.416
226.294
123.267
201.592
164.937
245.959
187.564
199.001
207.727
239.083
208.696
176.113
202.042
185.175
180.557
188.777
219.561
243.497
234.15
209.905
183.567
188.025
236.828
245.381
163.126
207.527
206.368
178.389
167.769
208.278
188.766
192.848
166.112
196.322
209.434
226.639
190.234
220.281
184.9
213.002
176.756
201.291
161.007
215.417
191.078
174.179
187.231
220.778
169.517
197.415
159.225
223.161
161.759
141.005
223.212
213.286
206.631
175.651
200.683
233.857
236.617
191.665
241.165
181.833
202.375
175.036
201.744
223.971
173.118
185.225
217.165
240.028
174.597
156.38
175.325
236.641
238.064
195.83
205.73
206.066
208.617
205.061
213.964
228.506
163.215
195.033
173.942
215.242
176.034
164.79
205.114
262.085
195.866
205.217
199.789
265.886
152.472
216.77
189.622
159.596
172.646
196.415
234.887
214.169
218.407
185.313
229.838
222.188
231.328
172.68
197.422
200.199
207.924
243.299
208.743
189.507
208.5
206.483
212.815
191.942
230.596
164.449
198.641
217.566
192.834
173.66
196.562
198.288
222.367
227.921
209.307
171.635
178.269
174.625
208.939
195.375
206.734
158.806
239.058
175.378
165.227
214.221
184.179
186.656
180.504
208.763
218.225
135.05
141.686
226.787
199.671
193.695
227.082
190.757
198.458
177.882
205.795
178.91
206.298
198.679
175.961
194.274
174.684
170.044
238.887
225.283
239.226
191.204
181.162
214.718
169.222
187.151
168.715
222.067
210.493
235.927
203.603
220.416
229.79
197.577
174.261
189.971
188.218
182.262
180.832
160.758
201.907
171.22
231.565
188.02
198.435
203.479
197.268
217.783
210.607
212.697
190.371
154.81
242.419
169.338
190.325
205.453
217.855
207.902
165.877
173.845
196.04
186.592
151.873
234.471
153.837
222.998
175.067
226.004
172.369
164.474
171.441
177.032
227.601
182.293
203.11
206.865
166.052
190.601
155.559
184.698
189.829
210.245
205.907
177.834
170.044
139.565
147.83
201.156
170.017
180.521
177.488
167.813
182.206
213.261
170.745
157.202
212.97
173.52
202.344
195.03
201.818
212.568
197.767
153.117
190.585
217.592
187.735
259.145
194.187
167.728
178.892
222.124
211.165
177.437
184.157
177.806
192.778
200.117
163.487
173.773
213.049
194.93
192.819
200.945
188.024
191.274
168.469
218.734
185.195
176.859
183.045
223.551
221.533
165.194
199.853
190.96
189.966
175.342
154.927
133.144
243.931
190.733
176.288
184.764
173.981
170.078
206.219
165.632
209.66
224.995
231.944
205.017
221.232
190.449
215.837
215.995
202.866
210.821
165.233
144.799
157.519
191.896
216.116
170.289
172.269
172.253
188.173
176.471
198.519
185.223
164.608
179.753
212.108
184.091
211.51
192.255
208.818
217.729
202.543
183.782
161.349
194.4
182.213
186.246
166.824
176.199
180.246
186.737
208.292
237.005
152.128
209.573
163.163
213.538
217.259
195.737
215.594
205.024
176.571
202.553
193.712
234.608
199.075
197.454
151.297
190.07
153.815
166.41
157.121
178.237
204.185
225.959
195.181
188.018
207.664
219.59
189.544
203.216
202.623
186.802
227.713
165.065
216.631
197.531
223.054
187.832
195.885
158.48
171.192
218.044
161.092
222.545
215.724
204.346
203.74
229.225
203.14
212.587
240.966
199.51
168.93
230.39
216.098
181.175
266.054
188.412
226.106
214.495
204.474
223.382
198.693
227.855
194.662
163.992
227.533
215.83
190.614
218.304
175.429
173.199
182.033
232.976
210.895
205.049
167.747
182.549
196.149
173.178
181.789
204.359
199.326
232.723
180.43
209.138
171.698
190.434
186.041
162.031
218.425
226.29
201.021
171.94
210.709
221.653
220.715
216.159
175.645
173.352
196.151
181.251
170.48
175.441
194.074
193.177
214.289
167.145
196.647
162.094
202.844
172.828
200.059
222.544
198.852
165.376
160.842
153.318
187.415
230.511
198.216
209.325
207.318
219.183
173.734
202.412
137.148
205.431
213.919
178.996
204.886
194.23
196.17
181.499
239.686
206.53
205.748
179.569
231.931
188.741
146.854
186.547
168.853
181.191
171.669
221.526
169.502
130.92
207.835
183.256
182.253
186.147
191.125
169.034
194.474
241.552
189.887
223.769
205.389
248.01
206.467
183.978
186.068
235.061
181.594
189.993
196.653
184.183
209.371
188.004
168.267
175.46
170.667
154.818
150.212
173.41
177.503
171.088
160.504
232.762
234.857
155.438
248.363
167.147
232.883
173.424
251.521
212.017
185.07
195.833
156.371
200.015
241.237
179.38
165.998
229.13
151.823
183.63
212.181
191.96
195.386
175.043
224.656
179.719
182.545
200.47
249.104
180.954
185.486
206.019
210.258
242.87
213.4
205.551
189.003
182.968
208.081
225.374
219.97
229.718
162.325
193.076
197.164
191.25
163.338
158.162
283.602
199.076
238.242
158.587
145.077
175.407
206.916
208.746
164.115
221
168.432
194.746
172.5
184.067
167.344
186.859
181.641
234.368
166.585
171.263
214.439
171.133
216.564
216.128
187.131
220.49
200.694
169.571
171.846
213.789
190.484
188.522
140.767
206.306
187.413
163.733
177.597
156.049
193.862
216.096
181.542
188.309
211.869
206.962
163.308
174.626
177.248
204.748
225.146
167.398
146.267
171.567
239.671
184.406
176.127
200.419
232.063
230.288
193.241
173.228
203.77
195.951
175.47
184.593
227.909
182.362
163.956
167.874
193.366
168.68
198.317
186.973
174.715
182.582
192.039
192.314
228.207
171.199
195.931
188.114
167.628
233.027
201.826
187.426
169.104
196.993
206.132
191.711
197.578
212.175
215.373
164.976
178.654
187.79
214.378
158.637
158.818
197.034
171.766
195.055
197.349
168.795
222.666
207.054
219.976
133.546
186.256
179.154
222.821
206.774
228.738
264.126
204.837
224.089
192.292
156.033
227.829
196.623
187.025
176.209
202.722
181.156
212.71
182.687
207.975
244.058
260.083
180.918
204.108
172.165
161.137
208.387
211.674
222.979
223.362
176.367
204.189
173.298
223.776
167.75
198.243
180.157
197.041
207.901
215.381
204.973
186.848
236.362
216.77
177.703
157.783
205.5
195.516
205.071
190.069
206.073
257.112
206.346
200.558
184.396
191.34
228.958
174.606
185.073
179.654
176.48
149.969
227.082
173.489
190.738
200.561
171.192
210.902
174.205
206.676
171.366
218.699
176.209
184.428
188.475
257.384
216.676
226.503
180.623
171.707
141.212
237.973
188.62
239.707
177.253
205.883
194.351
176.186
244.544
215.199
226.593
217.617
199.703
247.421
229.146
166.92
187.744
197.126
200.446
200.445
193.12
169.261
234.953
206.158
162.353
180.317
180.806
211.092
193.494
218.819
158.85
224.103
172.216
174.313
176.788
223.367
190.038
187.275
197.708
231.827
210.879
240.381
187.262
201.257
250.603
197.351
229.733
229.043
209.377
221.445
227.113
199.396
200.435
191.121
175.027
223.984
182.972
183.391
198.765
156.14
209.177
209.218
233.474
230.222
183.083
199.129
193.839
178.04
186.781
208.994
208.419
181.295
197.305
181.563
171.78
182.148
173.957
170.75
182.64
211.848
217.372
193.126
185.24
222.501
212.325
168.244
222.258
167.589
191.992
228.401
186.128
155.329
202.742
187.658
216.396
211.07
231.755
183.983
195.948
163.871
199.938
181.679
193.115
202.727
168.155
171.15
226.603
193.259
226.108
166.185
214.49
218.468
194.1
269.331
179.023
193.917
172.811
144.14
196.549
165.423
182.269
195.326
288.477
191.568
214.891
213.452
208.603
160.27
185.629
186.765
223.947
196.556
222.914
190.113
200.412
214.821
170.892
164.636
184.215
211.508
199.643
179.875
149.604
195.284
200.918
210.223
213.38
197.548
172.841
200.512
201.814
192.286
216.812
214.39
203.874
212.942
188.347
169.06
199.237
190.505
200.609
198.379
216.923
179.379
196.466
231.804
147.925
184.214
183.978
221.154
162.978
149.003
197.146
206.911
196.973
200.566
184.175
194.322
221.253
199.498
200.434
214.755
160.255
188.275
230.576
166.594
191.89
203.575
229.949
170.785
180.524
160.721
206.189
149.64
213.685
202.165
201.177
170.69
242.58
166.793
218.781
214.979
209
217.829
145.906
185.126
209.867
193.739
208.175
177.802
174.92
179.546
175.941
221.748
212.73
195.018
207.243
173.933
168.844
211.038
185.825
189.469
204.709
208.06
223.955
196.723
204.494
237.191
212.869
208.195
200.449
193.769
211.213
218.435
210.84
188.217
173.819
242.792
135.699
163.375
153.443
217.495
184.322
193.593
206.758
177.153
185.834
203.899
201.638
166.946
198.048
206.7
167.33
183.626
177.063
156.841
204.853
219.097
188.158
196.362
153.66
205.14
182.058
196.636
217.371
236.924
201.557
230.475
196.084
172.657
203.84
194.853
182.573
192.324
231.825
183.822
178.165
159.629
180.898
207.317
193.797
211.022
155.217
210.911
206.3
214.925
198.39
191.953
177.653
182.394
186.632
204.121
209.526
171.516
187.07
148.02
186.618
207.02
228.787
181.067
193.32
218.248
220.333
182.15
275.695
195.291
214.249
149.645
218.687
192.75
195.866
157.215
186.603
195.692
159.684
181.773
133.153
249.57
196.567
186.486
192.755
215.862
192.809
173.932
206.286
177.569
209.259
210.351
203.255
203.468
233.742
194.964
213.852
165.509
197.895
150.537
194.017
214.348
193.046
143.942
218.334
201.897
172.376
188.185
248.799
178.166
191.077
194.728
198.216
186.509
231.666
237.613
202.242
150.814
136.826
194.031
207.749
182.145
183.782
215.178
198.203
196.519
163.796
151.012
177.114
206.656
218.422
161.733
192.774
188.785
195.572
222.376
221.508
161.788
172.318
194.584
197.577
203.402
191.249
232.478
181.151
220.062
201.481
226.764
176.351
195.76
188.125
184.45
185.176
211.456
167.559
184.035
229.87
216.363
177.73
191.809
197.311
187.521
209.621
173.302
214.933
192.633
181.124
210.257
224.629
196.554
173.761
216.052
166.015
171.641
178.247
165.907
206.423
282.41
203.539
178.236
173.423
199.204
217.773
187.586
184.119
181.458
184.148
142.793
199.883
169.984
207.886
164.354
248.342
185.573
193.764
212.639
228.136
190.623
245.951
166.518
191.289
169.191
223.403
176.014
147.753
220.039
184.914
194.694
185.028
216.284
197.279
166.772
232.976
171.654
210.377
223.811
192.745
221.58
229.605
175.149
188.029
184.952
171.955
191.41
201.557
192.612
190.232
209.358
186.005
221.94
175.099
180.596
164.802
164.511
194.128
229.12
156.797
210.74
196.152
188.343
147.779
181.871
224.827
198.136
182.361
231.233
159.337
183.889
171.305
191.957
184.114
226.599
188.202
195.947
210.239
187.958
202.068
170.074
216.326
200.256
212.694
171.733
176.225
203.211
189.403
190.744
162.832
162.343
222.863
134.125
167.232
207.255
199.07
211.913
227.452
195.506
183.491
181.336
177.916
179.249
156.263
173.563
242.452
220.178
195.364
147.691
180.921
211.611
239.078
183.943
218.08
228.443
179.867
177.29
161.328
222.575
225.376
183.456
212.7
174.368
150.253
221.105
170.453
226.401
206.446
192.843
164.156
184.411
181.579
183.218
207.134
194.749
145.367
168.456
198.854
186.83
155.905
196.452
180.796
162.566
208.781
255.76
195.854
195.082
220.596
192.828
200.346
160.143
209.126
220.93
169.262
177.669
199.677
152.642
193.694
159.697
237.677
224.755
157.828
225.005
235.613
209.82
187.254
191.429
187.604
255.902
202.366
236.993
219.698
174.197
180.625
153.841
204.653
178.228
192.756
197.514
193.7
170.922
251.352
161.799
201.978
211.899
183.916
203.568
217.248
160.649
224.66
213.739
202.763
202.964
171.103
185.588
192.967
197.521
214.323
166.777
214.111
191.907
181.14
167.459
167.929
176.47
182.488
225.623
218.642
204.352
189.572
187.202
170.012
209.301
159.001
185.081
169.148
219.398
171.217
176.386
210.261
191.397
154.961
188.312
221.163
188.352
181.19
162.708
208.803
183.396
208.226
191.577
190.15
153.41
176.034
254.571
216.398
209.968
183.959
203.411
214.011
188.409
159.166
217.609
217.091
216.8
178.776
183.397
228.059
156.384
147.165
191.186
196.685
213.316
167.307
199.033
239.979
168.294
205.936
206.437
149.994
202.659
144.938
179.026
191.429
206.606
171.255
147.511
162.407
198.142
185.175
190.967
210.784
211.672
181.383
193.76
203.904
198.142
212.954
211.646
222.506
208.257
190.219
207.84
163.688
218.527
172.691
211.087
204.438
170.495
190.814
185.47
189.053
186.708
211.107
135.05
242.384
238.272
197.914
199.096
169.439
222.543
207.738
189.064
163.014
197.59
233.329
163.91
232.571
176.508
212.779
230.933
187.544
195.209
162.114
184.052
210.394
179.542
219.293
181.741
209.182
179.105
147.423
226.697
179.833
230.524
266.178
158.876
202.575
230.152
179.336
184.523
160.489
182.081
203.401
234.272
198.915
168.686
182.904
187.439
204.634
243.558
214.116
219.026
175.826
223.101
174.431
203.558
187.347
216.896
171.406
155.755
207.456
233.121
185.558
163.629
148.555
160.274
212.067
185.057
241.327
180.166
245.445
196.953
191.208
160.416
193.981
227.358
225.194
187.485
197.623
208.505
212.206
199.663
174.805
202.139
230.218
219.198
167.756
194.303
183.289
235.798
195.186
205.785
175.499
192.347
175.587
209.848
166.93
160.732
201.888
177.494
144.033
212.504
165.737
197.989
230.991
188.118
228.38
171.728
151.417
167.013
241.083
179.499
195.309
188.178
164.776
230.953
178.444
168.356
219.724
201.042
158.855
176.8
237.733
176.674
212.568
173.926
185.822
213.405
172.712
211.041
208.82
166.99
195.949
215.567
167.594
198.165
198.735
209.606
191.154
205.164
165.935
152.201
179.999
155.716
194.651
192.65
214.869
226.267
197.557
173.74
237.454
175.933
206.582
244.416
199.191
176.149
172.967
185.738
222.35
202.337
203.01
173.388
194.523
193.552
176.22
203.409
214.457
214.196
185.978
181.844
202.047
197.789
190.796
200.139
195.794
147.521
216.791
191.575
194.193
213.862
201.923
155.596
189.74
206.383
172.746
217.216
182.885
194.383
208.594
155.228
170.413
154.797
180.053
217.934
210.878
189.596
190.843
149.633
218.486
175.226
210.847
180.439
176.046
187.692
186.51
182.928
190.704
220.005
202.514
210.234
178.836
261.619
188.883
172.659
164.542
198.707
176.789
163.706
229.693
178.386
194.456
193.932
166.324
216.561
232.383
192.084
170.617
189.871
216.268
198.231
190.44
220.779
174.469
152.116
224.209
197.118
209.092
208.211
185.067
182.688
190.701
197.591
162.975
192.149
256.836
227.185
208.935
172.705
204.319
200.82
169.335
169.149
250.182
216.834
168.441
173.398
202.451
191.624
218.929
230.184
233.249
203.247
198.585
170.867
199.388
192.59
174.273
181.344
185.309
211.992
175.944
224.257
185.818
151.131
197.966
197.037
197.077
163.409
236.95
175.285
224.516
213.197
194.785
213.744
244.07
166.864
195.638
229.046
160.68
199.25
157.437
179.733
215.311
180.651
211.73
212.96
136.358
217.529
208.293
203.841
199.243
176.5
186.779
199.112
166.509
198.005
150.123
183.972
170.331
235.248
171.69
253.71
148.705
173.576
189.502
132.608
196.336
180.56
208.205
228.414
210.334
224.847
170.955
205.865
186.41
178.628
203.818
256.941
198.216
217.994
200.658
166.769
186.636
194.484
213.725
195.896
246.566
193.302
195.765
203.337
199.83
206.729
197.357
217.563
207.238
191.897
191.116
182.559
161.485
210.008
213.586
164.847
195.11
214.923
239.963
178.623
185.298
165.846
162.858
254.8
154.95
228.089
179.463
190.367
244.886
194.906
197.482
187.724
173.381
219.079
189.212
176.122
210.843
231.004
188.714
210.268
184.375
172.17
200.868
209.101
198.161
212.645
226.703
205.59
155.258
225.314
189.038
181.897
198.337
201.668
182.053
189.63
166.685
201.405
189.333
197.522
204.961
184.162
218.626
183.503
218.532
193.577
175.996
233.067
206.267
196.235
223.358
206.475
235.696
223.47
219.419
237.865
131.096
209.902
190.03
208.935
216.309
195.357
174.053
195.47
165.803
192.734
189.265
214.899
195.857
192.936
171.715
220.184
188.861
194.425
181.757
224.831
239.626
194.87
174.062
186.903
150.397
217.563
219.225
215.214
222.283
192.798
111.239
195.19
182.189
164.057
210.917
163.495
198.783
195.833
177.174
162.995
180.242
164.509
215.194
194.881
171.973
139.259
227.67
182.75
164.928
189.229
171.159
187.807
226.97
230.975
228.149
163.895
163.184
236.658
197.929
149.889
199.575
258.95
221.87
151.695
232.874
181.592
216.54
207.978
171.608
194.992
175.026
141.499
175.432
174.197
194.887
229.644
235.271
155.143
175.849
198.836
216.299
167.241
197.471
208.935
163.426
207.491
169.012
196.654
241.163
182.966
195.172
214.054
195.855
214.103
210.401
232.546
194.354
189.347
185.923
207.038
170.118
221.882
186.027
196.585
168.152
238.189
165.878
244.913
175.773
194.206
180.176
137.206
160.606
197.781
205.401
185.16
233.212
169.936
263.969
153.909
153.772
157.483
168.233
159.682
190.595
187.981
175.169
192.13
216.971
211.193
168.293
177.961
185.912
229.624
174.667
153.251
167.705
190.694
211.389
242.763
216.291
203.34
183.435
221.853
217.527
198.443
200.057
217.806
176.222
185.04
207.661
181.533
156.066
200.925
181.716
179.29
226.639
155.47
186.665
201.524
201.07
214.227
228.663
191.824
160.822
182.375
164.542
225.932
201.748
201.698
193.813
202.959
154.816
184.491
207.229
217.176
211.259
178.888
216.126
214.761
211.984
206.549
193.873
185.549
190.432
219.476
181.808
216.056
208.375
160.993
188.146
191.728
208.339
182.676
207.468
195.672
202.962
165.546
199.186
254.841
178.278
216.494
175.519
168.624
204.262
177.057
175.464
193.293
214.903
198.061
218.143
164.233
205.962
160.429
201.857
193.754
165.875
179.813
180.602
171.98
193.102
157.559
167.386
173.771
177.843
190.598
178.397
178.62
212.569
172.179
187.997
182.823
198.808
232.644
173.22
172.639
184.456
195.507
190.146
202.967
177.197
197.482
237.309
193.025
182.155
235.976
187.627
190.549
161.183
219.857
180.498
197.648
226.953
229.67
191.283
226.794
180.139
223.208
199.231
233.405
158.579
214.716
207.36
183.436
196.344
213.727
228.482
188.564
174.98
232.7
192.989
185.063
163.905
173.514
178.012
200.232
181.269
150.93
202.211
212.867
206.49
170.887
162.255
178.488
186.027
172.792
215.936
236.129
216.319
183.496
216.589
209.375
189.332
202.461
171.878
203.112
235.382
161.579
220.774
212.714
151.153
164.073
150.167
205.344
215.513
186.244
208.303
188.008
169.029
156.02
194.388
189.616
199.144
192.323
218.825
202.538
168.149
164.731
210.414
177.04
196.545
199.364
218.21
184.62
150.511
226.999
195.906
209.517
162.704
209.999
174.6
208.287
249.969
194.965
178.204
201.429
192.91
197.597
173.603
210.832
220.716
185.539
236.157
182.45
222.689
157.858
226.214
225.424
188.271
169.21
174.078
181.606
211.379
196.526
172.063
180.156
191.708
165.421
218.626
216.613
172.866
212.253
196.045
209.673
169.28
206.794
213.304
201.198
188.257
182.952
185.422
202.686
194.546
177.856
193.318
237.452
193.754
195.803
162.072
210.535
251.13
184.723
166.264
150.45
191.373
190.815
213.984
213.664
166.93
190.17
180.651
168.745
209.694
258.276
182.203
228.591
205
218.687
175.121
213.003
188.278
233.927
299.953
159.576
206.859
203.222
191.966
200.922
216.892
202.577
217.294
204.449
191.233
194.51
189.754
194.017
237.669
196.619
188.291
195.486
198.34
178.18
156.166
194.776
204.986
205.614
171.473
170.227
192.228
177.684
196.932
225.263
187.116
157.994
198.262
177.782
205.567
197.761
180.383
218.394
224.584
216.049
187.148
159.685
164.328
209.337
195.597
133.952
182.959
156.948
204.251
213.671
217.689
184.725
136.643
185.071
193.321
172.051
209.672
207.58
206.903
163.936
198.746
190.445
225.499
189.917
207.059
206.103
187.999
219.919
240.364
221.92
216.749
192.972
213.574
161.911
255.681
193.127
160.26
157.827
172.136
191.4
175.005
239.6
186.919
211.213
167.255
185.369
196.678
203.625
189.17
174.437
189.361
162.698
175.249
222.58
174.708
216.122
196.542
204.606
189.255
188.517
167.208
188.213
190.827
200.938
186.086
208.022
177.261
163.578
221.026
215.311
183.953
184.588
194.855
175.467
226.077
205.488
190.185
181.382
207.198
191.368
148.411
190.879
194.553
186.319
248.6
200.123
177.845
183.055
182.445
213.66
219.568
187.562
186.496
173.146
205.762
202.868
209.238
177.277
206.238
170.952
189.585
171.002
174.093
163.549
183.415
186.488
211.548
214.376
179.605
196.765
171.672
196.053
206.256
208.055
228.711
169.136
235.761
241.018
191.233
181.491
205.479
199.503
207.097
179.511
204.399
179.945
168.664
196.374
233.663
184.87
208.308
212.767
176.085
176.308
161.929
199.166
204.497
168.12
186.572
179.931
208.738
156.002
213.594
185.402
206.668
190.017
182.509
155.441
199.311
201.437
242.551
199.75
213.222
199.98
216.729
195.609
231.671
182.703
185.187
155.794
177.252
168.641
232.657
204.355
202.003
187.135
191.525
202.209
164.914
197.455
186.263
195.727
184.827
236.129
181.267
145.177
175.529
210.192
222.787
186.837
179.409
221.915
169.638
234.687
233.604
213.77
201.203
231.133
198.428
225.739
183.64
154.574
240.574
227.065
199.216
196.746
164.581
187.657
201.93
225.998
150.528
216
182.834
195.331
154.114
245.038
218.437
215.195
225.519
203.919
194.014
244.68
218.948
157.691
196.508
223.238
201.739
201.468
150.421
177.676
209.182
204.555
233.533
238.441
193.583
192.262
168.415
212.312
221.199
183.174
203.29
177.932
198.354
184.09
186.189
201.603
200.389
184.71
191.308
198.321
224.541
243.151
211.297
182.555
273.45
202.314
144.628
196.807
195.349
174.718
219.335
144.192
205.658
203.313
160.373
203.792
149.355
201.461
215.166
191.19
174.084
193.535
191.075
163.157
172.523
172.309
166.184
181.266
187.861
208.294
200.618
202.357
202.984
195.839
159.869
271.317
171.872
197.712
212.574
212.302
226.42
185.875
208.916
243.493
259.09
179.604
170.733
220.833
197.711
228.097
172.345
191.739
199.859
234.626
182.104
226.404
155.474
185.745
185.103
227.49
194.2
218.151
185.405
193.163
175.34
220.599
171.38
193.719
213.397
208.766
191.947
187.803
205.886
197.121
201.207
196.967
208.448
187.882
220.979
167.02
185.412
198.357
211.571
196.019
163.273
222.742
166.54
195.537
173.697
211.271
183.512
237.63
189.05
209.463
197.141
190.261
221.116
181.911
215.484
185.201
163.987
186.593
214.223
204.721
181.391
195.133
174.201
163.838
224.75
221.167
206.326
198.117
179.037
213.951
197.249
181.493
178.462
156.187
186.596
184.047
199.005
212.415
235.422
195.169
176.167
180.147
201.15
214.209
203.981
195.094
163.719
166.064
157.577
186.076
142.214
182.223
168.285
187.171
201.209
156.729
188.643
185.262
215.181
254.101
234.284
183.609
211.905
181.905
157.724
183.796
174.318
230.175
181.602
175.964
199.737
188.845
197.165
186.827
200.426
184.146
180.994
198.208
174.133
176.392
184.724
215.853
208.03
184.155
167.553
196.774
174.056
188.165
146.08
207.613
194.268
190.915
220.39
179.413
219.725
220.37
158.668
202.754
178.667
176.749
177.557
164.019
187.028
231.968
203.099
235.252
202.817
174.704
227.266
201.626
189.417
223.085
203.496
146.559
203.399
195.36
204.216
184.932
212.193
222.702
203.809
205.599
205.498
175.644
180.209
200.558
179.867
217.467
166.109
182.34
163.077
217.468
172.698
204.026
207.441
224.961
215.208
207.018
207.323
243.051
175.827
199.916
218.732
184.092
206.583
186.445
183.578
163.024
152.629
176.161
192.206
204.734
200.099
238.709
214.779
217.872
255.793
213.382
206.592
155.663
175.299
241.762
213.871
210.342
232.113
170.545
214.141
160.212
230.36
171.914
257.114
210.853
185.456
203.471
251.258
163.621
194.239
165.907
195.548
189.409
213.431
188.314
188.842
205.716
194.308
175.221
233.906
171.906
177.273
234.744
202.325
161.246
212.452
188.606
209.812
160.032
198.216
146.411
180.884
251.601
171.923
201.91
196.481
229.984
230.035
234.485
173.611
166.898
171.388
215.469
213.008
191.732
172.939
215.286
210.79
184.293
154.985
146.669
220.727
215.53
157.872
169.715
180.699
204.402
196.663
187.145
183.059
184.337
200.215
194.859
179.844
170.709
202.508
231.72
195.678
206.078
171.471
205.763
194.514
170.794
231.188
201.708
189.316
192.7
173.982
193.454
181.382
206.108
205.898
184.448
213.326
216.444
205.053
206.132
184.688
200.539
218.043
198.505
181.242
207.26
168.624
221.55
154.592
173.307
209.744
149.698
207.052
172.207
172.807
190.852
181.772
199.794
200.779
179.549
169.511
175.493
225.288
179.425
177.666
225.551
213.203
196.825
200.299
194.217
157.332
235.373
212.962
197.713
234.995
193.503
178.113
192.172
197.398
235.536
169.085
207.231
235.011
203.903
190.83
228.618
207.769
202.799
215.268
252.204
184.779
189.99
190.183
178.296
233.403
189.681
164.607
168.293
165.298
207.368
216.429
223.968
224.014
194.007
177.47
171.029
173.017
170.72
195.441
172.437
198.594
180.743
221.171
210.385
185.268
179.029
186.525
154.764
188.096
165.501
221.353
213.265
173.934
201.176
171.998
181.358
194.828
208.855
171.4
259.154
197.015
169.708
154.945
266.301
214.958
177.348
202.638
172.168
159.529
177.785
213.499
184.313
189.916
194.352
165.351
233.984
222.382
195.166
174.48
180.473
257.905
222.49
205.116
169.973
185.384
209.97
224.416
188.441
185.57
221.822
228.133
212.135
141.226
178.514
178.93
209.678
156.418
172.173
183.177
170.601
196.702
180.332
219.625
177.992
192.781
243.521
187.315
149.131
212.863
217.145
205.276
210.065
216.359
174.119
197.362
204.607
184.014
195.039
185.927
171.907
235.521
193.613
209.208
217.249
194.755
205.365
231.263
189.495
174.697
201.11
173.36
179.563
205.807
196.185
204.402
176.636
170.885
169.967
185.628
184.639
189.76
198.089
214.152
210.699
187.938
208.194
221.998
153.688
168.675
182.912
190.003
182.914
200.5
168.677
193.694
208.505
194.683
200.815
216.247
197.164
211.482
218.069
159.455
205.056
184.363
177.78
177.458
176.549
230.233
256.565
188.906
178.103
190.393
179.883
155.978
198.085
145.33
180.508
165.625
197.914
240.974
195.296
225.592
199.622
192.299
185.034
190.253
235.626
164.006
200.105
197.794
201.738
142.801
183.207
194.765
184.383
212.059
184.575
209.438
170.253
193.213
217.233
129.182
159.378
188.372
220.501
194.056
225.322
249.924
149.798
224.898
232.872
209.823
214.688
232.17
187.451
187.981
226.273
203.877
228.506
216.174
222.485
184.079
233.441
193.677
187.031
202.845
182.163
253.947
173.238
189.365
201.832
171.34
160.016
183.232
184.004
173.269
202.612
241.705
198.654
189.623
215.386
180.948
219.712
263.571
234.292
188.855
220.021
147.832
158.498
197.171
177.592
207.306
194.364
205.043
202.89
255.006
220.741
158.005
199.725
180.587
243.818
167.985
221.042
159.624
158.993
200.45
162.932
156.006
178.12
134.472
224.867
201.717
182.189
156.879
205.001
145.443
208.07
188.876
170.273
134.324
215.947
199.196
177.459
171.482
228.216
200.862
202.161
219.46
186.696
203.832
219.376
199.983
174.462
188.395
211.528
205.978
167.795
194.947
194.739
209.351
174.695
158.675
264.215
141.789
201.96
199.977
154.121
217.091
188.478
171.969
162.131
148.43
239.764
153.223
218.748
195.537
178.332
196.109
207.338
195.785
175.481
219.505
214.459
169.975
194.735
169.795
162.667
152.82
172.414
223.893
201.197
197.712
230.991
184.021
227.136
212.767
174.643
199.698
201.15
165.775
170.845
205.745
206.352
242.891
188.303
182.318
189.859
196.532
199.403
170.618
222.292
187.842
182.74
178.358
200.116
189.922
147.854
197.902
191.758
194.37
195.816
194.797
248.004
196.939
241.442
193.939
180.642
234.51
247.747
170.963
234.044
170.832
169.67
168.014
227.219
243.543
200.341
184.899
223.383
160.02
202.254
227.729
185.045
157.024
188.636
197.191
198.884
195.17
225.255
205.415
198.366
181.995
197.184
211.777
192.471
187.738
191.496
156.458
185.936
208.824
211.234
185.233
174.802
186.703
216.387
223.201
198.547
212.459
223.449
219.357
169.782
196.775
183.265
219.829
217.293
195.825
214.252
167.82
202.417
188.735
172.193
222.206
179.38
211.533
147.119
222
200.309
174.526
209.805
201.378
199.419
218.202
201.647
180.206
199.318
202.567
183.06
199.553
206.339
225.923
182.057
209.349
245.968
179.963
170.163
227.146
201.127
195.057
178.417
226.059
181.993
215.58
234.946
205.261
156.442
178.104
209.265
177.69
187.966
165.248
178.069
157.834
198.773
214.772
200.49
212.73
141.194
196.885
171.078
206.605
168.536
192.623
216.385
234.245
191.708
180.597
196.415
189.231
132.426
169.369
202.58
202.57
226.746
204.605
169.052
199.25
220.585
222.238
194.434
172.203
229.131
195.201
170.377
174.615
178.07
233.362
169.046
201.204
213.878
191.308
191.2
217.649
223.453
199.041
213.803
222.209
162.331
190.516
198.233
200.737
172.255
170.15
192.792
203.573
208.071
178.85
216.12
141.692
197.882
193.972
190.848
210.666
200.541
212.019
180.652
184.404
215.292
177.382
207.395
176.757
202.195
232.285
211.854
238.931
193.414
207.417
211.932
215.413
192.668
193.598
195.238
182.598
207.379
214.962
202.047
241.943
216.635
216.126
201.334
210.852
175.883
224.976
218.33
207.38
169.442
178.948
173.897
223.943
181.119
189.463
189.261
225.468
166.529
191.577
218.725
219.28
165.952
202.444
178.192
206.172
203.236
170.349
209.653
194.71
217.772
172.745
166.199
204.812
208.7
212.091
184.431
231.16
167.579
217.616
166.021
209.153
211.434
179.391
172.497
190.376
196.017
218.297
208.838
169.839
217.562
211.156
188.561
218.223
231.27
224.62
225.361
233.407
194.26
159.717
191.257
188.566
164.956
176.994
196.395
231.877
163.09
206.837
196.273
195.768
149.898
151.053
175.906
174.642
210.446
194.794
186.144
153.22
194.749
196.787
236.02
207.522
208.181
182.671
215.177
