1809.47
1920.28
1763.86
1808.73
1764.15
1913.63
1932.92
1890.13
1881.04
1779.53
1786.39
1786.59
1857.12
1631.28
1854.57
1913.49
1892.08
1861.93
1783.8
1928.7
1810.07
1881.06
1781.98
1858.02
1842.01
1791.85
1839.27
1740.81
1833.57
1808.82
1771.45
1733.28
2068.06
1751.51
1893.41
1922.83
1685.65
1889.76
1961.53
1742.43
1925.64
1905.51
1738.36
1669.81
1769.63
1891.34
1917.29
1779.21
1879.38
1857.44
1854.53
1810.45
1809.31
2017.75
1836.19
1878.13
1894.49
1812.99
1742.5
1891.89
1702.46
1847.67
1890.36
1622.27
1809.95
1722.85
1732.6
1801.73
1810.74
1875.33
1605.23
1858.7
1757.92
1828.82
1712.53
1805.69
1748.07
1792.31
1866.88
1743.39
1946.68
1968.27
1980.45
1854.55
1694.34
1871.58
1748.95
1929.57
1801.4
1980.2
1942.38
1855.36
1752.1
1813.59
1738.87
1772.4
1945.79
1836.67
1733.83
1915.05
1822.7
1660.57
1861.01
1759.13
1850.89
1904.89
1739.91
1705.58
1892.72
1973.69
1909.93
1704.61
1659.46
1878.1
1932.55
1671.92
1787.42
1714.07
1749.95
1915.89
1841.55
1848.73
1799.37
1811.44
1868.81
1786.84
1740.45
1830.23
1851.66
1794.77
1721.23
1839.45
1785.01
1870.34
1982.24
1774.87
1905.65
1986.59
1832.31
1831.15
1766.67
1888.93
1820.19
1835.1
1694.41
1831.16
1818.83
1713.68
1813.96
1777.52
1748.44
1770.63
1740.14
1911.99
1870.62
1722.8
1674.97
1737.59
1834.84
1833.89
1934.96
1923.31
1887.26
1736.9
1692.21
1818.56
1755.51
1680.4
1698.24
1782.34
1857.32
1985.56
1669.21
1770.6
1758.91
1712.81
1798.2
1615.1
1700.77
1733.52
1736.28
1894.91
1758.88
2014.87
1844.63
1947.06
1846.46
1733.67
1648.14
2011.35
1882.83
1736.98
1839.32
1705.31
1800.04
1710.56
1683.62
1677.66
1934.45
1741.95
1737.37
1836.82
1879.69
1807.69
1934.15
1828.69
1761.75
1847.61
1686.42
1940.27
1940.19
1681.68
1871.22
1801.72
1819.49
1773.99
1842.03
1814.91
1924.67
1789.42
1821.98
1830.61
1828.28
1859.1
1886.19
1874.17
1794.5
1814.3
1898.33
1867.55
1763.59
1935.55
1833.2
1656.96
1912.14
1895.78
1718.85
1821.06
1929.48
1735.66
1986.66
1814.11
1701.22
1554.71
1975.07
1888.17
1871.71
1837.52
1803.65
1755.17
1913.98
1831.31
1867.62
1900.48
1776.74
1607.56
1843.51
1884.08
1888.23
1935.36
1653.06
1896.69
1763.49
1829.93
1828.01
1684.47
1958.63
1708.18
1643.18
1692.35
1874.11
1771
1722.27
1813.27
1841.84
1819.67
1924.73
1936.24
1827.68
1909.54
1712.77
1805.6
1825.78
1850.19
1750.58
1639.78
1878.34
1785.99
1837.76
1887.96
1969.71
1892.58
1733.08
1868.49
1861.92
1871.58
1821.64
1834.74
1920.8
1789.96
1773.98
1668.3
1973.59
1973.34
1840.66
1714.83
1879.58
1779.38
1870.86
1838.01
1743.04
1806.03
1752.33
1765.06
1799.75
1847.77
1844.59
1900.88
1816.14
1781.97
1802.49
1902.77
1862.27
1768.91
1767.29
1870.9
1840.65
1766.46
1808.15
1662.39
1699.27
1739.21
1780.58
1762.15
1847.35
1791.83
1735.69
1624.55
1703.63
1719.57
1785.27
1737.7
1786.63
1774.72
1759.49
1728.69
1807.7
1663.16
1837.59
1879.13
1879.93
1610.25
1895.2
1746.35
1944.99
1839.2
1872.47
1773.75
1819.59
1746.84
1721.02
1824.93
1800.53
1789.38
1809.63
1817.43
1806.91
1982.9
1912.79
1978.14
1798.36
1804.11
1856.91
1930.42
1708.12
1701.08
1912.89
1845.79
1708.79
1716.91
1902.52
1755.43
1764.75
1775.51
1765.14
1878.6
1841.09
1804.92
1790.86
2017.07
1792.53
2025.51
2007.57
1711.79
1797.74
1832.53
1856.46
1915
1903.3
1676.48
1730.72
1866.41
1899.47
1906.12
1786.47
1915.66
1859.93
1918.87
1885.34
1884
1884.63
1749.62
1633.4
1893.97
1891.45
1937.46
1657.98
1697.69
1843.9
1771.85
1695
1704.47
1815.86
1859.18
1982.35
1852.94
1901.82
1766.53
1803.59
1899.69
1981.56
1927.49
1895.32
1884.29
1819.48
1710.93
1776.74
1921.12
1964
1848.7
1936.67
1790.27
2069.51
1741.8
1843.14
1831.71
1614.43
1629.49
1817.11
1811.94
1751.13
1816.96
1865.71
1719.13
1794.02
1838.92
1680.32
1770.79
1755.02
1899.14
1852.97
1817.37
1832.72
1867.48
1773.46
1579.79
1844.54
1839.1
1819.34
1770.29
1960.75
1624.76
1847.56
1766.81
1939.24
1929.44
1726.38
1920.56
1742.12
1772.89
1760.26
1739.15
1876.05
2006.37
1850.38
1714.01
1806.33
1957.06
1967.45
1968.9
1775.33
1811.83
1761.24
1729.01
1779.54
1937.67
1785.54
1956.11
1881.25
2015.6
1733.03
1711.46
1715.97
1800.48
1925.09
1798.29
1736.75
1737.66
1853.7
1829.11
1775.16
1862.85
1696.68
1793.54
1771.51
1665.81
1666.01
1748.1
1827.03
1893.8
1680.09
1807.89
1912.94
1903.42
1874.82
1906.1
1851.66
1877.18
1689.09
1851.22
1858.57
1767.57
1774.73
1804.42
1691.58
1735
1917.55
1904.71
1801.5
1789.16
1719.24
1869.88
1790.15
1780.56
1775.74
1861.88
1710.37
1883.97
1901.32
1665.18
1825.96
1900.74
1888.36
1925.61
1828.46
1835.56
1668.02
1883.49
1781.72
1798.23
1692.96
1870.78
1819.1
1917.43
1756.51
1732.11
1767.44
1693.58
1823.24
1716.77
1755.7
1769.51
1848.92
1847.59
1857.36
1873.23
1854.34
1808.3
1850.32
1766.39
1742.95
1777.69
1724.59
1712.23
1849.04
1720.98
1852.68
1717.67
1865.88
1796.45
1752.17
1891.45
1904.22
1792.95
1774.87
1759.4
1946.31
1796.05
1696.71
1973.12
1845.24
1740.07
1768.06
1822.89
1751.3
1929.03
1986.56
1744.58
1927.41
1952.9
1692.46
1940.27
1791.75
1817.32
1994.85
1761.74
1778.2
1776.45
1764.28
1772.81
1885.67
1850.88
1844.42
1884.49
1823.96
1926.97
1786.81
1844.02
1792.31
1906.34
1959.83
1637.46
1839.18
1939.98
1794.3
1910.33
1866.8
1866.8
1719.14
1749.46
1644.7
1844.27
1822.01
1808.35
1912.61
1848.74
1795.49
1779.01
1896.95
1859.87
1889.54
1878.24
1785.95
1808.66
1868.8
1864.65
1825.74
1798.78
1840.47
1943.85
1816.43
1882.38
1761.38
1737.07
1791.37
1900.59
1879.99
1713.33
1711.8
1832.45
1814.58
1678.62
1728.8
1810.26
1817.46
1791.97
1878.58
1792.45
1886.29
1788.31
1695.93
1711.76
1718.45
1889.72
1791.3
1932.08
1649.83
1839.08
1781.5
1735.99
1786.16
1890.75
1844.04
1784.16
1870.93
2067.3
1831.86
1865.45
1868.94
1882.74
1764.11
2003.06
1807.74
1752.55
1689.02
1750.46
1875.85
1845.67
1676.16
1804.83
1901.11
1789.47
1828.97
1896.84
1768.78
1742.87
1788.4
1857.94
1906.85
1878.32
1996.61
1892.28
1828.35
1842.96
1753.25
2129.24
1851.5
1787.1
1718.56
1895.3
1773.89
1731.7
1854.15
1837.52
1773.56
1895.74
1730.83
1987.93
1709.79
1845.22
1736.65
1817
1913.41
1767.66
1905.34
1881.61
1775.66
1987.89
1886.88
1660.71
1708.57
1715.22
1838.87
1709.66
1776.05
1785.2
1796.02
1745.76
1970.98
1739.4
1778.97
1840.1
1811.2
1961.93
1914.66
1728.19
1854.98
1959.71
1866.7
1727.14
1751.92
1732.16
1738.73
1957.13
1855.76
1862
1682.87
1726
1646.81
1620.85
1825.63
1773.45
1760.64
1783.41
1711.8
1874.39
1826.97
1745.37
1897.02
1729.44
1765.28
1917.58
1860.89
2000.12
1854.61
1755.08
1776.74
1858.78
1751.36
1826.43
1820.26
1729.12
1708.84
1936.47
1859.4
1791.78
1815.79
1692.19
1815.84
1738.68
2011.86
2050.28
1843.98
1888.17
1762.46
1769.07
1862.9
1795.94
1755.41
1733.14
1906.28
1784.14
1688.12
1869.8
1899.06
1772.68
1839.47
1820.88
1708.52
1996.09
1825.99
1838.78
1829.31
1905.05
1841.96
1862.47
1871.57
1814.11
1613.18
1666.26
1840.42
1810.86
1799.16
1808.14
1834.8
1754.82
1794.83
2023.04
1925.5
1937.5
1708.2
1914.69
1873.23
1687.54
1782
1849.47
1800.6
1802.75
1897.88
1809.99
1661.95
1791.67
1777.6
1901.68
1801.01
1796.46
1866.57
2010.71
1791.89
1874.45
1733.52
1737.91
1909.36
1916.26
1824.73
1785.23
1844.98
1754.55
1764.52
1726.98
1846.39
1697.65
1890.09
1623.17
1744.97
1898.66
2002.38
1793.77
1803.34
1827.63
1751.23
1732.41
1841.4
1863.86
1770.39
1792.83
1743.33
1799.12
1786.53
1858.45
1810.75
1897
1825.13
1883.32
1840.35
1729.67
1682.44
1797.06
1822.54
1808.06
1705.23
1966.39
1839.16
1823.75
2116.22
1748.07
1722.44
2044.77
1964.05
1750.39
1770.11
1825.48
1821.7
1966.4
1838.59
1804.92
1807.98
1808
1942.8
1777.25
1857.29
1805.96
1801.54
1696.97
2004.26
1781.4
1868.53
2001.42
1848.73
1867.73
1798.2
1723.62
1776.95
1786.06
1820.54
1802.45
1907.47
1872.22
1891.34
1770.36
1861.86
1772.51
1804.79
1655.7
1884.96
1733.25
1829.61
1770.05
1963.71
1818.6
1725.85
1669.43
1851.74
1629.51
1837.56
1781.96
1917.53
1785.75
1719.99
1772.07
1812.03
1891.16
1887.78
1753.93
1747.95
1883.42
1702.12
1780.16
1893.91
1729.57
1694.49
1833.21
1876.5
1931.03
1781.86
1850.44
1802.31
1868.21
1707.37
1866.16
1706.48
1673.58
1894.55
1879.31
2045.74
1858.73
1809.3
1927.99
1908.32
1874.34
1962.16
1749
1882.78
1853.41
1709.81
1959.91
1769.52
1809.22
1882.68
1772.87
1755.55
1814.83
1878.86
1974.59
1781.7
1906.99
1742.61
1841.96
1745.99
1626.83
1766.67
1739.94
2013.23
1779.9
1766.93
1767.74
1896.36
1863.64
1897.74
1671.41
1723.25
1864.97
1930.56
1856.3
1902.82
1735.62
1769.45
1683.14
1774.43
1860.98
1789.26
1843.6
1704.68
1872.51
1917.87
1915.47
1805.14
1820.6
1842.15
1714.41
1706.74
1924.03
1845.45
1883.48
1625.97
1911.77
1764.18
1877.8
1824.71
1839.15
2014.54
1966.46
1884.54
1704.79
1883.85
1839.17
1848.08
1703.59
1900.76
1781.92
1896.97
1731.03
1937.18
1844.58
1835.73
1707.17
1909.57
1864.58
1834.66
1867.62
1794.28
1720.04
1815.71
1736.06
1771.01
1780.92
1866.8
1756.81
1913.19
1829.49
1884.05
1846.86
1808.43
1793.93
1879.66
1752.91
1802.18
1854.72
1875.51
1845.32
1600.56
1883.2
1884.56
1859.15
1902.85
1844.03
1859.05
1827.35
1881.68
1874.2
1771.28
1921.78
1952.45
1835.35
1867.5
1811.74
1710.68
1811.66
1732.42
1856.14
1841.03
1651.84
1976.88
1915.29
1654.73
1821.6
1831.9
1787.31
1986.4
1821.49
1766.03
1755.15
1784.05
1857.17
1773.03
1823.12
1790.66
1883.26
1756.94
1919.88
1883.18
1746.53
1655.25
1862.59
1780.16
1873.79
1985.27
1782.38
1691.62
1876.39
1805
1916.79
1838.93
1839.84
1825.62
1887.38
1834.41
1919
1820
1833.31
1868.55
1736.02
1805.21
1821.93
1944.45
1870.62
1754.23
1663.51
1820.78
1838.04
1657.6
1905.05
1729.42
1963.47
1715.26
1873.64
1874.42
1812.38
1907.1
1779.24
1681.58
1879.84
1695.18
1622.43
1511.4
1695.45
1965.54
1882.54
1895.24
1659.92
1808.78
1869.26
1803.56
1691.54
1795.52
1937.41
1772.38
1936.62
1736.14
1717.02
1633.21
1682.17
1884.06
1770.54
1845.35
1789.3
1858.6
1837.94
1784
1929.4
1868.1
1912.01
1842.38
1894.27
1776.2
1785.45
1848.04
1656.43
1739.16
1826.42
1849.05
1824.36
1621.02
1847.04
1807.28
1840.65
1755.24
1891.14
1860.42
1786.07
1757
1921.07
1728.9
1880.66
1897.3
1959.74
1712.89
1654.32
1631.6
1827.52
2020.61
1788.3
1828.32
1898.85
1826.6
1804.54
1694.01
1920.71
1929.66
1797.81
1894.84
1757.07
1902.85
1767.42
1830.91
1729.43
1793.73
1761.31
1933.59
2034.09
1761.05
1951.96
1744.61
1984.72
1898.02
1922.21
1877.89
1844.12
1805.19
1802.86
1901.01
1867.8
1948.77
1804.53
1703.2
1863.16
1874.5
1861.51
1762.61
1840.26
1670
1846.17
1869.14
1742.97
1870.31
1831.16
1825.05
1937.1
1843.88
1847.99
1934.86
1920.23
1689
1825.66
1889.88
2034.14
1787.91
1790.98
1759.2
1715.47
1818.01
1906.28
1842.75
1842.91
1793.4
2009.01
1916.39
1750.86
1752.59
1919.04
1909.14
1956.3
1782.24
1873.19
1727.96
1837.89
1834.28
1688.18
1770.19
1871.08
1774.77
1837.84
1817.49
1793.8
1943.51
1833.94
1874.47
1867.67
1783.5
1910.77
1853.29
1887.62
1838.44
1748.09
1758.64
1929.91
1706.69
1784.45
1767.93
1817.4
1708.28
1779.02
1745.45
1851.21
1836.12
1842.15
1921.09
1844.23
1778.57
1753.36
1799.99
1768.86
1768.84
1815.86
1821.96
1964.72
1814.98
1723.19
1773.19
1759.67
1846.2
1850.7
2013.98
1905.62
1930.6
1803.32
1790.3
1877.57
1839.75
1749.27
1883.64
1759.46
1784.24
1755.09
1801.27
1784.27
1841.16
1804.36
1940.24
1884.88
1811.67
1791.1
1849.81
1893.94
1804.55
1702.67
1770.42
1784.9
1743.42
1710.34
1627.28
1870.73
1941.61
1833.13
1722.42
1900.45
1659.89
1834.46
1924.3
1894.77
1734.53
1796.13
1822.71
1770.05
1852.25
1646.55
1622.33
1762.12
1719.09
1802.42
1868.89
1791.72
1746.86
1713.69
1747.84
1796.77
1865.52
1946.66
1841.3
1772.47
1957.68
1861.55
1872.5
1859.57
1902.22
1727.9
1914.01
1901.36
1812.21
1778.93
1887.78
1774.65
1654.63
1747.04
1921.51
1715.54
1934.19
1829.93
1905.59
1821.02
1787.29
1902.11
1850.11
1947.98
1753.6
1940.84
1811.23
1787.07
1807.15
1943.5
1770.38
1768.27
1969.48
1801.41
1952.64
1965.69
1802.31
1801.38
1807.91
1720.67
1886.26
1819.76
1823.61
1748.47
1851.54
1716.96
1936.65
1791.36
1767.98
1826.11
1759.01
1844.41
1957.92
1930.5
1807.04
1706.59
1656.3
1786.66
1815.63
1743.84
1882.64
1820.35
1852.59
1936.73
1939.49
1855.65
2002.35
1820.46
1766.82
1619.59
1764.61
1751.63
1820.64
1632.76
1963.57
1852.79
1849.76
1813.33
1786.12
1804.47
1629.12
1810.47
1836.02
1833.1
1966.34
1903.57
1819.62
1896.47
1953.34
1761.49
1797.88
1892.65
1716.42
1946.12
1796.34
1761.42
1771.79
1872.27
1741.09
1778.09
1795.95
1698.72
1744.88
1771.4
1786.9
1776.92
1763.26
1885.78
1692.22
1719.88
1983.34
1947.76
1807.55
1851.55
1770.35
1885.2
1812.16
1900.05
1880.14
1888.87
1749.86
1845.95
1652.4
1772.84
1816.71
1803.23
1805.5
1788.17
1955.98
1882.01
1802.03
1927.34
1923.84
1947.39
1757.43
1601.49
1837.54
1817.57
1722.12
1861.06
1838.54
1737.58
1771.09
1823.89
1714.95
1863.95
1901.07
1843.96
1813.78
1961.74
1683.13
1981.1
1677.24
1862.42
1968.26
1759.04
1745.15
1784.77
1932.78
1868.95
1849.37
1768.38
1851.45
1952.87
1921.6
1876.63
1881.81
1945.31
1818.97
1899.45
1839.1
1908.09
1775.74
1854.92
1792.99
1783.97
1841.9
1764.87
1832.09
1971.45
1997.42
1754.01
1889.12
1746.3
1744.59
1651.63
1812.55
1841.27
1751.5
1727.77
1638.79
1830.25
1554.15
1943.45
1756.67
1714.46
1930.11
1600.55
1854.94
1943.72
1831.99
1944.2
1818.62
1993.22
1742.91
1838.63
1673.12
1859.3
1878.28
1934.67
1740.18
1720.41
1860.2
1903.37
1915.81
1905.25
1928.77
1810.18
1840.4
1961.87
1855.86
1684.23
1708.02
1852.92
1829.69
1784.05
1841.33
1803.01
1963.66
1901.13
1789.15
1807.16
1893.8
1790.99
1805.19
1741.29
1928.94
1849.21
1683.76
1633.73
1776.06
1889.17
1748.97
1928.23
1947.72
1855.09
1825.29
1941.08
1886.48
2032.44
1820.82
1603.7
1809.27
1856.21
1890.49
1732.42
1838.5
1708.47
1867.88
1866.08
1788.8
1662.38
1782.34
1788.99
1889.82
1882.61
1958.72
1838.57
1764.64
1723.49
1926.87
1897.33
1716.28
1774.55
1917.71
1840.05
1710.87
1614.53
1771.85
1823.97
1832.76
1642.01
1881.11
1754.05
1770.35
1910.58
1745.25
1925.08
1756.13
1927.7
1769.18
1809.26
1732.74
1774
1797.81
1747.93
1796.14
1771.85
1849.28
1816.83
2002.33
1772.15
1951.07
1923.4
1792.76
1904.34
1876.62
1874.55
1740.2
1918.73
1773.49
1596.35
1855.22
1861.66
1795.88
1854.75
1842.69
1818.05
1750.39
1792.29
1732.24
1727.71
1618.34
1710.77
1830.23
1738.4
1799.77
1769.11
1731.17
1699.1
2021.17
1789.66
1906.64
1686.8
1835.47
1738.4
1863.81
1811.36
1860.01
1786.04
2005.25
1811.89
1899.23
1798.13
1891.32
1778.01
1756.37
1677.99
1858.55
1646.68
1616.91
1775.45
1788.16
1818.63
1777.39
1937.2
1789.21
1890.56
1924.89
1790.54
1929.23
1898.61
1756.84
1729.62
1808.72
1871.73
1950.38
1801.8
1838.41
1737.73
1766.04
1761.17
1819.93
1619.19
1763.44
1867.06
1709.65
1903.83
1920.72
1780.1
1898
1707.26
1654.9
1856.48
1872.25
1881.67
1718.71
1824.3
1795.34
1721.38
1769.89
1795.08
1926.75
1672.14
1746.77
2081.12
1669.68
1929.35
1892.43
1844.65
1936.97
1802.62
1843.78
1811.3
1823.65
1740.55
1816.19
1991.77
1827.9
1867.25
1788.4
1857.75
1810.55
1714.88
1882.39
1950.53
1780.73
1691
1851.59
1807.81
1786.23
1884.32
1837.27
1956.6
2002.83
1840.08
1842.11
1962.3
1760.17
1916.46
1866.77
1899.03
1892.54
1832.49
1698.39
1919.58
1943.5
1653.72
1758.43
1782.27
1762.05
1602.51
1900.06
1703.86
1915.4
1926.34
1808.38
1980.16
1853.9
1855.85
1774.92
1826.44
1857.64
1685.31
1814.48
1765.08
1889.96
1695.82
1835.55
1625.86
1728.65
1835.09
1751.11
1665.97
1797.79
1696.57
1802.66
1811.72
1817.72
1750.57
1884.23
1920.93
1860.56
1807.65
1874.02
1746.58
1639.38
1923.7
1700.05
1799.4
1702.58
1834.85
1756.57
1743.45
1861.97
1845.5
1840.19
2058.38
1665.41
1779.35
1900.76
1794.59
2021.89
1885.51
1923.83
1774.82
1869.48
1896.91
1882.56
1732.96
1738.93
1842.42
1816.88
1880.94
1741.45
1757.61
1729.9
1793.14
1847.14
1958.64
1833.71
1658.42
1789.14
1700.54
1814.63
1762.95
1813.66
1918.87
1851.36
1802.28
1833.51
1784.19
1865.64
1775.16
1749.77
1944.46
1623.22
1727.24
1954.13
1900.49
1872.82
1761.51
1918.13
1809.08
1713.96
1764.42
1821.28
1777.1
1805.38
1726.11
1767.13
1787.47
1739.15
1675.03
1926.58
1861.64
1928.5
1738.84
1902.68
1878.77
1810.88
1642.92
1873.36
1748.19
1850.67
1742.36
1968.4
1928.72
1941.44
1843.29
1752.51
1797.48
1846.52
1807.74
1828.47
1833.26
1724.42
1912.05
1804.82
1897.51
1774.18
1755.29
1799.29
1664.39
1930.93
1832.5
1801.35
1867.23
1795.54
1888.66
1693.15
1684.12
1636.86
1917.43
1730.45
1786.46
1831.85
1862.12
1889.41
1855.77
1751.05
1841.44
1803.81
1857.63
1771.6
1809.91
1962.3
1875.38
1708.43
1718.6
1959.83
1802.65
1741.64
1701.8
1733.58
1868.99
1830.15
1887.99
1740.79
1774.13
1811.07
1754.87
1792.83
1748.61
1776.38
1755.54
1766.95
1834.44
1840.66
1679.48
1762.06
1750.19
1760.07
1667.09
1651.68
1870.37
1877.01
1845.91
1738.11
1847.74
1687.16
1840.87
1946.65
1843.89
1849.33
1758.36
1706.8
2018.72
1788.43
1763.87
1709.67
1858.86
1861.54
1830.6
1863.22
1868.51
1741.06
1604.99
1917.85
1887.32
1788.33
1897.91
1731.5
1795.98
1827.26
1751.6
1847.32
1882.97
1737.91
1822.01
1928.19
1796.53
1818.98
1800.51
1954.27
1932.12
1949.57
1725.08
1919.61
1774.81
1849.86
1848.84
1688.39
1687.99
1745.14
1832.21
1762.57
1884.54
1747.63
1846.98
1746.18
1963.93
1755.93
1769.62
1773.72
1830.92
1735.89
1879.11
2087.14
1889.62
1676.89
1568.8
1867.91
1789.7
1744.66
1864.86
1700.77
1794.52
1923.56
1667.31
1865.8
1844.21
1758.81
1793.49
1833.08
1782.45
1962.47
1847.82
1865.7
1873.17
1868.8
1783.95
1950.72
1833.08
1944.84
1795.81
1805.49
1680.83
1754.18
1772.35
1851.58
1727.26
1861.76
1783.23
1855.51
1698.34
1783.51
1871.16
1857.28
1756.27
1724.78
1850.85
1941.63
1785.38
1738.07
1945.41
1755.32
1815.67
1872.2
1658.86
1778.07
1881.6
1706.81
1771.74
1694.73
1840.95
1913.45
1781.06
1894.97
1865.05
1928.88
1880.26
1811.23
1678.11
1782.19
1845.7
1802.34
1803.88
1751.02
1790.43
1957.34
1822.71
1722.53
1932.68
1960.08
1909.59
1734.16
1791.98
1739.83
1763.35
1786.88
1821.11
1643.55
1837.02
1854.11
1841.9
1878.36
1864.4
1777.2
1795.19
1721.24
1680.39
1849.42
1640.33
1726.75
1806.76
1760.09
1692.64
1805.64
1783.84
1950.17
1752.67
1834.12
1599.33
1764.37
1868.44
1831.92
1727.43
1861.86
1867.67
1861.71
1816.25
1882.21
1749.88
1882.7
1783.14
1752.49
1722.08
1794.67
1773.72
1671.67
1844.74
1715.33
1834.65
1903.16
1913.17
1700.88
1678.77
1655.13
1753.72
1915.54
1798.81
1706.81
1825.23
1840.05
1851.63
1731.84
1794.55
1989.6
1852.36
1727.51
1851.89
1820.21
1811.45
1930.33
1875.55
1869.8
1906.7
1882.2
1734.6
1823.91
1719.84
1860.48
1957.63
1816.07
1820.24
1766.91
1673.35
1718.38
1813.28
1694.56
1782.58
1803.86
1987.46
1992.86
1858.13
1938.2
1924.03
1897.89
1832.14
1717.75
1824.24
1738.86
1621.51
1759.73
1954.58
1858.77
1909.92
1935.59
1716.63
1936.82
2012.07
1846.03
1831.65
1805.2
1737.02
1792.69
1828.95
1740.44
1799.04
1774.89
1849.36
1869.76
1767.07
1851.31
1735.09
1824.12
1937.87
1711.95
1741.52
1851.23
1964.83
1735.72
1720.19
1940.46
1764.64
1772.84
1813.46
1987.91
1786.6
1806.65
1743.66
1783.07
1795.24
1766.88
1878.05
1923.35
1835.91
1819.74
1690.48
1903.29
1963.04
1689.97
1794.48
1856.72
1833.44
1808.97
1815.03
1901.91
1882.96
1780.75
1822.14
1850.9
1802.44
1743.24
1800.79
1799.21
1584.49
1922.14
1849.72
1781.62
1866.17
1845.64
1775.18
1777.06
1827.88
1750.35
1827.2
1889.7
1928.53
1939.13
1824.52
1919.75
2011.5
1780.64
1857.31
1795.48
1795.26
1883.95
1868.95
1952.09
1756.1
1840.48
1929.51
1856.01
1840.92
1810.87
1742.15
1898.22
1704.21
1902.83
1706.22
2049.75
1798
1906.24
1839.45
1770.5
1906.17
1857.3
1860.75
1825.22
1656.43
1755.43
1825.68
1935.38
1863.24
1830.86
1838.03
1928.21
1843.55
1864.51
1808.08
1760.71
1796.25
1855.81
1989.21
1903.82
1978.14
1993.9
1871.76
1825.36
1849.47
1654.55
1983.99
1768.95
1807.94
1884.73
1820.73
1965.37
1797.55
1884.2
1903.65
1781.08
1831.97
1928.72
1985
1963.85
1679.39
1985.5
1784.84
1919.26
1886.89
1857.65
1890.05
1902.88
1851.68
1864.8
1815.77
1853.7
1760.42
1790.24
1786
1823.01
1724.66
1871.84
1827.23
1831.47
1849.61
2002.45
1827.99
1825.57
1699.29
1858.99
1863.13
1789.78
1644.58
1878.79
1808.11
1811.66
1704.75
1806.05
1834.81
1812.07
1850.82
1653.3
1830.26
1901.1
1785.39
1797.5
1808.08
1785.56
1718.76
1812.5
1854.97
1783.35
1759.31
1807.21
1793.8
1868.85
1719.6
1748.16
1891.3
1991.63
1755.73
2061.96
1896.23
1962.56
1770.96
1726.84
1886.75
1833.73
1755.56
1764.42
1784.36
1874.99
1818.36
1838.9
1740.63
1753.06
1862.55
1770.18
1916.35
1802.11
1785.74
1701.11
1926.92
1871.72
1816.83
1741.79
1802.33
1794.07
1655.23
1840.6
1805.68
1848.1
1874.71
1901.52
1708.78
2029.51
1855.95
1913.07
1836.4
1921.19
1844.8
1827.78
1851.09
1817.78
1724.07
1748.11
1895.91
1827.29
1738.33
1770.98
1864.22
1817.46
1867.87
1880.65
1801.76
1788.09
1822.7
1835.89
1782.07
1926.1
1835.68
1926.18
1672.71
1639.85
1895.84
1863.14
1815.6
1949.28
1696.93
1674.36
1763.65
1740.85
1804.59
1908.09
1826.07
1838.98
1777.8
1762.48
1920.84
1658.24
1833.47
1924.3
1814.42
1843.62
1749.26
1737.99
1796.42
2051.79
1872.06
1726.64
1882.97
1785.79
1833.12
1749.13
1870.34
1864.2
1678.31
1773.36
1794.6
1650.13
1864.15
1715.45
1808.92
1841.96
1840.25
1796.38
1978.97
1878.77
1867.9
1831.63
1885.29
1859.33
1785.21
1700.84
1705.48
1822.64
1835.37
1714.91
1751.67
1799.38
1844.11
1932.85
1787.29
1970.4
1898.66
1836.14
1840.31
1811.18
1884.69
1854.91
1869.14
1843.28
1734.8
1645.37
1877.52
1765.16
1865.06
1802.03
1818.37
1786.46
1926.17
1875.5
1685.13
1803.39
1732.05
1737.65
1801.51
1839.64
1534.83
1818.49
1803.74
1689.31
1746.89
1871.38
1854.24
1716.91
1903.15
1767.7
1766.97
1864.7
1879.68
1724.66
1753.24
1852.75
1840.64
1807.17
1749.22
1958.26
1935.67
1889.77
1850.7
1646.42
1696.84
1771.66
1832.02
1888.36
1919.63
1808.9
1705.18
1843.45
1838.44
1766.64
1847.75
1857.45
1832.68
1883.23
2014.77
1820.17
1860.27
1785.06
1816.57
1852.32
1624.84
1743.63
1929.66
1773.09
1672.1
1887.34
1801.14
1681.48
1860.47
1758.78
1747.79
1739.42
1708.33
1682.61
1724.62
1817.67
1920.54
1800.13
1843.5
1765.13
1937.39
1748.96
1788.37
1928.8
2033.8
1745.94
1782.74
1695.45
1711.61
1946.3
1970.09
1779.12
1686.24
1908.91
1990.79
1961.45
1927.81
1657.81
1721.91
1924.65
2010.74
1833.29
1848.78
1817.09
1898.49
1778.69
1709.84
1864.08
1703.25
1767.98
1756.57
1789.68
1784.55
1797.21
1895.58
1807.54
1820.77
1731.68
1953.19
1807.02
1835.02
1960.31
1756.39
1836.01
1916.56
1794.48
1756.99
1607.93
1843.06
1662.8
1775.86
1865.95
1854.89
1815.4
1892.99
1903.6
1846.73
1944.44
1861.99
1823.03
1756.03
1741.05
1788.02
1815.49
1850.23
1902.87
1846.72
1842.52
1791.06
1697.7
1792.21
1860.9
1771.74
1749.19
1832.39
1863.39
1691.3
1694.91
1846.59
1964.71
1867.2
1795.78
1865.38
1734.74
1836.35
1797.48
1941.36
1974.72
1920.46
1800.62
1754.66
1890.8
1845.59
1828.2
1842.06
1822.23
1840.83
1740.14
1873.21
1826.34
1891.47
1680.48
1930.66
1840.24
1781.84
1860.98
1715.44
1927.31
1807.64
1783.77
1968.78
1904.33
1963.37
1766.25
1896.78
1714.8
1741.43
1780.56
1671.95
1713.98
1694.2
1838.01
1727.18
1719.08
1859.54
1827.08
1856.21
1696.52
1806.87
1873.77
1895.09
1720.24
1825.46
1731
1855.88
1846.67
1852.25
1751.75
1940.64
1756.31
1799.1
1646.14
1695.84
1794.19
1734.31
1717.99
1646.3
1836.35
1792.31
1797.26
1772.84
1714.99
1788.16
1781.33
1821.16
1673.35
1757.19
1854.42
1723.26
1810.57
1642.96
1883.46
1821.32
1936.79
1756.05
1888.65
1939.34
1743.74
1953.68
1877.3
1783.67
1912.35
1865.08
1824.88
1677.37
1598.84
1857.07
1898.92
1876.59
1729.84
1692.19
1801.86
1753.93
1717.14
1799.6
1766.59
1839.69
1811.51
1953.14
1759.48
1943.76
1796.67
1912.37
1822.65
1991.76
1824.75
1851.47
1730.99
1830.36
1914.17
1903.24
1767.26
1872.56
1735.55
1730.68
1826.45
1740.36
1828.87
1785.18
1919.98
2001.47
1821.6
1816.82
1698.58
1712.58
1860.58
1713.06
1776.94
1847.19
1909.7
1876.96
1859.82
1759.53
1832.36
1771.22
1657.88
1714.8
1725.19
1872.07
1816.67
1849.74
1759.04
1802.52
1702.71
1738.02
1769.52
1910.29
1701.81
1894.71
1808.21
1873.01
1781.58
1908.01
1831.28
1714.5
1756.41
1768.49
1914.04
1754.21
1793.81
1793.86
1713.69
1825.22
1788.5
1827.87
1943.87
1715.55
1822.89
1637.4
1765.51
1801.35
1778.04
1764.82
1760.84
1752.47
1757.1
1734.15
1689.71
1912.49
1881.09
1692.97
1790.38
1920.65
1779.89
1901.16
1854.27
1804.12
1793.88
1970.29
1753.87
1666.32
1794.59
1751.86
1727.33
1750.66
1817.77
1797.56
1813.63
1702.97
1856.94
1753.24
1889.14
1810.68
1909.27
1836.11
1744.11
1648.32
1862.3
1811.46
1904.1
1752.87
1913.19
1682.41
1912.45
1792.78
1884.21
1867.37
1926.89
1881.99
1873.53
1831.04
1921.12
1877.41
1765.04
1890.01
1840.87
1768.65
1693.72
1791.88
1702.38
1683.08
1937.87
1959.26
1617.69
1784.26
1780.64
1846.24
1905.01
1901.81
1900.47
1840.18
1857.05
1762.86
1738.01
1744.24
1810.02
1935.59
1915.15
1708.73
1766.29
1786.11
1861.02
1762.12
1710.55
1583.79
1871.43
1785.47
1886.59
1660.42
1933.37
1848.03
1762.58
1704.49
1873.47
1895.92
1778.89
1704.25
1811.68
1685.82
1805.92
1811.33
1706.61
1923.9
1801.98
1773.41
1871.68
1850.64
1795.48
1917.84
1861.54
1980.72
1937.47
1916.78
1804.23
1853.76
1684.59
1778.04
1742.84
1878.42
1795.16
1714.21
1850.94
1872.71
1776.44
1772.25
1718.93
1663.76
1769.69
1641.6
1826.98
1852.79
1774.68
1764.77
1945.75
1735.52
1707.53
1745.6
1733.54
1919.2
1903.35
1755.42
1749.57
1827.73
1977.06
1621.94
2026.1
1825.22
1948.13
1946.34
1775.58
1964.37
2013.87
1860.08
1763.95
1847.77
1893.45
1707.03
1749.11
1688.7
1653.92
1809.37
1853.7
1917.89
1706.11
1743.5
1762.34
1853.73
1929.13
1802.35
1756.74
1915.88
1660.04
1696.95
1745.2
1737.62
1855.96
1876.3
1758.29
1796.15
1769.57
1929.33
1724.46
1905.17
1811.88
1804.41
1798.62
1742.9
1898.24
1936.09
1846.19
1790.27
1733.06
1859.34
1928.48
1885.81
1834.83
1807.92
1630.26
1755.95
1875.38
1880.55
1738.65
1681.99
1881.01
1890.07
1906.27
1853.61
1796.58
1867.72
1779.73
1953.3
1757.56
1833.37
1745.84
1977.26
1640.37
1775.57
1740.36
1800.34
1730.53
1993.69
1827.64
1854.41
1837.71
1950.23
1841.48
1934.76
1831.42
1907.18
1776.73
1797.41
1850.86
1796.28
2048.64
1874.01
1794.33
1983.62
1778.74
1826.6
1633.87
1865.54
1794.48
1887.98
1864.2
1798.79
1788.45
1723.77
1803.07
1975.81
1810.89
1746.32
1886.69
1847.42
1918.15
1736.46
1782.59
1747.56
1720.32
1831.51
1795.15
1706.96
1756.71
1727.95
1683.87
1844.01
1837.65
1906.37
1674.34
1903.49
1848.2
1851.74
1753.9
1649.9
2003.22
1758.38
1890.77
1804.41
1697.45
1864.36
1925.26
1710.89
1812.6
1807.62
1896.41
1905.9
1701.43
1854.94
1873.18
1686.17
1903.41
1910.61
1992.28
1931.39
1665.38
1841.14
1746.42
1734.85
1839.08
1802.78
1767.12
1715.76
1871.79
1854.41
1822.63
1862.02
1950.57
1747.21
1869.31
1787.35
1664.42
1937.07
1777.57
1786.68
2036.28
1738.37
1829.37
1889.15
1853.71
2060.55
1690.92
1748.72
1608.7
1707.18
1794.02
1782.83
1719.52
1900.56
1871
1793.03
1763.15
1779.55
1954.73
1697.26
1851.17
1825.31
1856.42
1834.23
1838.94
1720.18
1700.38
1831.11
1965.95
1724.37
1623.74
1771.97
1860.1
1792.89
2062.31
1943.74
1840.13
1776.45
1903.21
2004.51
1771.59
1635.92
1784.89
1764.32
1780.37
1887.48
1752.13
1727.66
1778.55
1794.31
1782.91
1791.59
1810.61
1628.48
1883.27
1837.15
1883.98
1743.82
1885.45
1864.21
1619.37
1827.88
1905.5
1838.37
1845.72
1833.7
1911.73
1850.75
1775.82
1683.61
1804.64
1650.86
1693.67
1730.47
1749.78
1758.08
1848.21
1877.3
1747.13
1837.37
1684.2
1773.47
1815.42
1780.94
1645.65
1827.42
1757.58
1784.9
1816.93
1627.15
1799.94
1925.22
1856.7
1727.64
1873.67
1937.6
1689.58
1863.53
1818.64
1788.7
1878.65
1874.19
1716.83
1771.74
1924.25
1670.68
1887.24
1912.39
1704.82
1850.05
1816.74
2117.1
1838.76
1858.37
1648.07
1778.89
1674.85
1892.92
1808.98
2037.41
1660.12
1853.13
1819.06
1921.64
1872.55
1982.34
1723.67
1797.08
1915.14
1826.83
1790.11
1787.04
1857.15
1791.05
1795.54
1831.37
1746.68
2054.81
1954.71
1794.19
1788.38
1715.88
1897.77
1822.65
1847.65
1828.11
1881.05
1914.25
1728.05
1729.73
1787.67
1773.36
1910.64
1757.59
1860.58
1773.89
1934.87
1895.78
1742.12
1795.87
1777.02
1898.99
1931.05
1897.9
1715.29
1811.38
1802.64
1902.39
1761.41
1791.61
1702.18
1845.63
1829.32
1656.15
1943
1864
1839.31
1778.54
1736.27
1805.98
1721.82
1844.58
1753.97
1757.15
1805.75
2025.43
1648.75
1851.2
1943.4
1749.79
1775.16
1763.59
1796.37
1875.15
1661.3
1963.31
1701.3
1760.77
1956.46
1715.45
1635.59
1819.25
1742.62
1860.16
1896.14
1850.88
1830.57
1702.36
1974.55
1765.56
1901.69
1792.62
1695.84
1848.57
1778.96
1876.97
1907.72
1706.07
1969.67
1814.64
1855.21
1784.2
1886.78
1844.69
1971.96
1806.06
1775.57
1883.14
1737.32
1611.91
1914.21
1899.15
1713.14
1870.2
1686.02
1817.84
1889
1823.94
1807.37
1930.27
1773.6
1886.58
1806.74
1856.05
1854.08
1790.03
1777.82
1930.1
1824.58
1959.95
1818.61
1772.79
1714.92
1840.28
1807.55
1688.11
1895.5
1703.82
1665.22
1760.57
1823.94
1860.93
1924.8
1721.76
1806.79
1952.51
1869.71
1915.91
1828.94
1791.04
1984.75
1912.59
1858.9
1973.07
1856.18
1796.03
1728.02
1871.12
1980.37
1816.66
1876.63
1951.59
1845.41
1862.39
1741.58
1982.81
1789.23
1785.26
1738.11
1870.19
1993.94
1702.25
1702.76
2010.47
1790.1
1799.49
1732.44
1609.64
1786.07
1856.75
1815.98
1693.35
1921.57
1788.89
1673.14
1837
1882.02
1762.51
1871.38
1815.24
1761.09
1699.01
1767.2
1910.41
1782.38
1763.07
1848.47
1792.41
1758.54
1857.65
2019.26
1731.05
1965.12
1915.43
1939.68
1769.58
1794.53
1749.34
1875.53
1910.41
1764.49
1612.13
1850.67
1915.56
1832.72
1870.96
1770.16
1760.27
1858.02
1724.1
1817.43
1765.93
1707.84
1858.64
1792.54
1832.07
1840.63
1917.39
1729.92
1774.51
1808.98
1786.52
1840.05
1720.33
1749.61
1816.44
1753.85
1772.91
1816.85
1735.47
1721.84
1982.74
1624.4
1807.83
1652.36
1718.56
1924.44
1724.45
1569.58
1758.85
1812.21
1933.37
1695.89
1982.6
1757.07
1890.15
1748.95
1643.03
1695.82
1606.35
1769.52
1686.84
1720.21
1748.24
1735.37
1860.55
1918.34
1806.98
1718.7
1798.14
1591.2
1952.15
1770.35
1702.08
1866.65
1720.1
1924.35
1934.16
1813.75
1944.58
1796.99
1789.93
1752.49
1825.73
1678.56
1771.06
1840.7
1781.25
1962.51
1824.96
1763.6
1810.96
1853.18
1677.5
1775.33
1744.98
1884.94
1861.84
1787.58
1856.77
1789.13
1770.62
1723.09
1782.89
1949.32
1893.33
1693.53
1871.63
1890.54
1811.53
1895.9
1790.21
1960.97
1856.76
1835.62
1707.73
1957.93
1779.59
1858.51
1833.04
1838.26
1675.58
1798.08
1852.11
1790.46
1755.95
1824.04
1806.18
1835.72
1887.35
1723.17
1850.98
1683.13
1791.61
1839.32
1779.21
1757.44
1856.99
1943.66
1660.68
1786.44
1814
1806.25
1818.82
1909.08
1965.5
1953.03
1711.43
1811.73
1891.23
1789.63
1761.09
1761.78
1672.59
1774.47
1727.76
1785.69
1799.39
2022.47
1767.46
1827.63
1740.87
1734.3
1940.31
1972
1793.39
1778.88
1778.92
1811.6
1712.03
1808.78
1680.07
1935.23
1890.72
1846.46
1677.47
1646.86
1855.26
1735.07
1874.04
1867.08
2087.57
1731.96
1711.95
1831.87
1759.96
1737.66
1813.15
1776.2
1715.12
1811.97
1977.85
1830.31
1839
1806.6
1843.8
1749.99
1784.58
2000.65
1870.98
1899.82
1894.45
1819.87
1610.06
1717.25
1777.03
1857.89
1745.5
1706.65
1646.91
1859.52
1780.52
1800.71
1834.83
1823.74
1758.86
1855.28
1877.37
1807
1806.83
1763.2
1938.46
1826.88
1726.92
1681.22
1849.98
1759.97
1836.34
1667.31
1822.63
2011.28
1877.69
1829.85
1861.56
1832.88
1852.07
1773.57
1781.42
1817.79
1843.42
1838.38
1720.58
1800.99
1784.21
1798.83
1892.81
1817.35
1823.6
1953.48
1740.74
1692.82
1833.77
1688.68
1755
1856.21
1969.19
1676.73
1953.48
1751.16
1690.79
1897.41
1761.13
1822.75
1829.26
1844.56
1740.88
1908.93
1898.14
1657.95
1842.15
1773.76
1908.52
1751.49
1725.93
2011.64
1809.89
1747.25
2003.96
1817.98
1703.12
1882.73
1809.04
1857
1788.6
1897.33
1910.53
1696.51
1820.36
1661.1
1793.96
1879.8
1842.02
1895.31
1732.85
1844.65
1956.34
1777.82
1819.88
1790.89
1725.07
1859.66
1764.5
1860.89
1873.86
1992.19
1921.66
1819.72
1762.98
1881.02
1810.54
1688.85
1918.73
1767.37
1976.44
1782.25
1931.64
1900.24
1854.11
1729.29
1818.29
1710.99
1856.85
1730.42
1907.98
1761.61
1974.73
1941.92
1958.6
1744.79
1869.85
1974.76
1846.61
1939.44
1793.32
1837.85
1831.41
1663.94
2076.94
1907.86
1829.18
1688.92
1896.32
1801.69
1699.01
1736.72
1829.58
1919.83
1763.19
1940.33
1833.67
1690.28
1711.72
1803.66
1779.83
1829.6
1808.27
1842.13
1878.9
1746.32
1733.56
1723.69
1978.69
1835.15
1748.91
1847.4
1824.7
1646.78
2003.5
1760.15
1830.29
1758.32
1854.41
1835.06
1737.07
1887.91
1996.82
1918.89
1797.31
1797.58
1904.62
1792.33
1818.89
1949
1864.04
1778.99
1698.76
1823.75
1822.69
1741.35
1760.95
1869.56
1786.79
1699.18
1594.11
2028.14
1863.96
1732.33
1879.82
1786.25
1773.1
1867.19
1707.28
1789.35
1804.63
1755.45
1907.27
1910.55
1864.56
1806.33
1784.75
1985.17
1859.97
1707.25
1809.07
1936.84
1782.28
1833
1781.33
1771.8
1666.06
1814.9
1802.53
1801.14
1843.39
1789.58
2027.49
1729.74
1923.23
1887.94
1680.59
1823.82
1791.23
1872.24
1915.24
1873.89
1758.87
1861.96
1946.71
1843.07
1814.16
1680.96
2035.54
1875.46
1801.22
1865.81
1832.01
1743.7
1777.36
1731.83
1801.67
1774.69
1903.77
1813.24
1851
1879.84
1715.22
1702.4
1677.34
1852.59
1871.96
1733.47
1840.87
1929.89
1942.76
1820.86
1760.39
1801.29
1740.09
1656.86
1856.1
1889.18
1689.77
1833.03
1905.79
1890.44
1819.17
1757.16
2085.37
1860.14
1713.96
1755.23
1789.11
1746.62
1886.36
1712.38
1893.93
1820.31
1898.81
1708.68
1921.42
1583.89
1880.96
1806.24
1838.57
1817.88
1863.29
1733.89
1804.23
1679.98
1817.96
1722.44
1781.96
1780.42
1849.73
1718.07
1798.14
2023.65
1674.48
1843.99
1850.52
1766.08
1703.26
1729.5
1891.92
1803.97
1882.13
1706.54
1793.09
1933.7
1822.05
1866.45
1685.27
1636.45
1917.77
1701.84
1818.58
1758.08
1831.11
1753.88
1787.73
1887.27
1781.21
1857.26
1810.38
1853.82
1683.13
1747.29
1839.18
1809.59
1794.37
1744.42
1745.95
1764
1726.24
1838.99
1889.11
1866.56
1883.5
1960.85
1826.49
1819.77
1800.02
1883.77
1832.7
1912.51
1696.18
1836.34
1715.37
1703.57
1672.84
1802.27
1877.78
1760.15
1869.05
1932.48
1871.12
1850.93
1794.54
1691.72
1895.67
1758.01
1815.05
1927.57
1606.92
1713.8
1967.19
1787.2
1778.84
1766.72
1864.28
1849.23
1744.41
1846.4
1825.36
1768.7
1755.39
1774.3
1816.96
1797.33
1736.1
1978.99
1953.96
1739.48
1898.27
1678.31
1825.42
1736.8
1737.97
1771.83
1720.22
1798.02
1798.3
1898.22
1726.82
1833.58
1819.09
1769.9
1808.22
1618.5
1677.8
1732.66
1843.3
1735.48
1866.05
1729.17
1774.1
1769.05
1814.19
1789.31
1777
1751.62
1823.82
1847.44
1770.45
1820.45
1741.81
1710.09
1734.41
1818.48
1917.41
1864.07
1940.5
1942.63
1844.35
1683.26
1953.98
1886.79
1917.33
1854.87
1985.52
1882.08
1814.92
1804.68
1807.01
1711.6
1896.91
1689.87
1805.15
1819.29
1779.35
1770.64
1805.93
1736.2
1717.64
1854.97
1773.35
1762.87
1802.79
1972.32
1796.69
1739.51
1731.55
1850.2
1925.62
1836.88
1819.64
1632.35
1764.85
1837.44
1765.74
1767.2
1752.82
2037.78
1789.17
1836.79
1714.54
1828.1
1909.11
1747.4
1920.68
1888.47
1775.57
2042.81
1963.74
1960.59
1867.56
1899.72
1896.6
1779.07
1622.58
1841.61
1790.59
1703.85
1946.45
1799.28
2085.14
1835.08
1728.98
1859.27
1727.89
1868.85
1826.76
1862.09
1840.74
1874.36
1784.88
1828.37
2003.41
1851.28
1761.76
1829.12
1764.38
1664.27
1771.04
1680.69
1801.94
1777.65
1816.23
1692.33
1964.29
1780.17
1962.44
1833.48
1736.68
1785.44
1879.39
1805.3
1732.52
1764.91
1816.24
1794.54
1668.13
1836.32
1869.47
1683.62
1835.39
1735.52
1842.84
1671.42
1787.15
2018
1652.17
1956.7
1900.8
1804.66
1790.54
1781.44
1744.73
1793.63
1705.72
1669.3
1698.16
1772.21
1738.4
1718.93
1835.94
1820.58
1870.5
2020.78
1852.89
1715.47
1727.17
1779.25
1897.19
1824.35
1906.47
1801.14
1993.84
1754.66
1738.39
1678.25
1837.57
1915.55
1843.2
1940.51
1744.43
1967.37
1646.65
1672.34
1776.59
1815.94
1766.25
1944.14
1757.97
1713.89
1720.75
1671.37
1735.08
1841.1
1736.38
1911.92
1936.2
1793.2
1882.71
1722.22
1871.7
1608.37
1911.81
1819.65
1692.39
1882.62
1932.1
1737.62
1808.4
1798.02
1744.9
1741.72
1937.47
1746.29
1713.47
1882.6
1704.55
1931.32
1799.99
1924.22
1937.89
1831.4
1859.1
1903.52
1870.35
1825.31
1762.49
1800.19
1744.65
1882.75
1986.79
1794.85
1832.21
1832.06
1748.69
1906.73
1788.49
1842.56
1712.06
1733.1
1716.18
1926.9
1867.36
1826.39
1767.04
1756.16
1686.29
1781.8
1692.7
1738.39
1617.5
1944.84
1880.26
1823.75
1729.03
1693.82
1835.08
1912.58
1764.81
1635.76
1906.81
1819.07
1780.12
1836.37
1847.03
2000.04
1614.98
1739.01
1758.1
1899.63
1731.26
1816.79
1832.24
1839.53
2016.22
1863.23
1943.89
1728.49
1933.11
1862.71
1842.91
1738.63
1885.85
1720.84
1763.43
1917
1718.66
1762.53
1745.36
1842.76
1975.65
1761.34
1923.66
1770.18
1894.62
1750.52
1916.56
1755.05
1924.66
1753.86
1778.21
1836.04
1659.41
1706.41
1799.07
1897.21
1819.23
1800.97
1893.03
1799.83
1865.1
1713.53
1928.59
1836.01
1785.6
1754.25
1826.33
1844.76
1736.77
1776.83
1938.16
1830.8
1660.42
1975.26
1787.25
1819.83
1873.33
1739.33
1668.28
1860.97
2037.82
1903.55
1710.26
1806.62
1822
1659.15
1737.57
1900.23
1888.27
1679.65
1881.32
1676.86
1756.72
1877.51
1720.69
1848.16
1800.05
1715.19
1883.73
1805.57
1769.68
1812.39
1830.86
1639.74
1988.68
1875.06
1790.86
1841.57
1743.09
1928.38
1746.35
1751.25
1787.77
1784.18
1856.41
1892.67
1706.18
1861.77
1788.24
1880.5
1785.91
2017.68
1841.49
1800.29
1845.56
2082.37
1683.75
1724.92
1690.01
1775.64
1687.01
1821.31
1781.26
1781.2
1934.25
1902.34
1755.86
1992.14
1731.31
1872.43
1814.61
1820.39
1832.06
1716.29
1888.48
1796.62
1786.72
1814.5
1693.21
1784.38
1904.09
1736.42
1747.29
1773.82
1852.45
1857.25
1937.42
1912.69
1753.41
1754.37
1872.83
1833.39
1769.35
1943.86
1669.68
1767.07
1873.41
1744.46
1724.12
1877.01
1782.6
1896.07
1959.61
1811.97
1907.69
1836.56
1879.27
1905.11
1761.87
1776.62
1810.49
1728.36
1709.19
1854.94
1753.32
1745.83
1897.38
1845.43
1812.9
1715.24
1684.48
1829.54
1748.77
1866.63
1921.02
1786.07
1956.78
1735.77
1839.07
1732.36
1895.17
1756.07
1820.09
1910.8
1786.61
1797.27
1986.67
1638.92
1783.83
1731.88
1975.2
1822.07
1809.19
1916.1
1684.93
1704.18
1804.62
1809.56
1947.56
1901.29
1789.51
1809.89
1791.42
1838.96
1956.7
1824.95
1751.4
1814.18
1686.42
1602
1885.84
1874.86
1891.42
2007.54
1860.49
1863.49
1877.34
1881.68
1769.96
1831.2
1691.1
1824.09
1706.4
1864.79
1743.11
1927.97
1754.2
1654.06
2033.13
1735.41
1849.43
1898.93
2022.75
1844.42
1882.22
1902.28
1860.61
1882.63
1901.92
1809.15
1688.42
1863.02
2002.86
1757.52
1669.12
1795.79
1901.64
1907.49
1737.65
1955.23
1892.09
1752.79
2016
1713.77
1919.67
1814.18
1735.56
1699.21
1777.37
1698.35
1707.72
1764.52
1819.09
1908.63
1713.04
1958.94
1711.73
1687.59
1880.7
1848.44
1834.01
1880.01
1852.9
1857.82
1854.34
1819.88
1821.47
1865.07
1768.73
1762.08
1783.76
1770.47
2004.95
1902.31
1993.32
1883.39
1849.41
1821.05
1830.3
1786.39
1834.33
1981.15
1629.99
1838.08
1941.84
1632.36
1879.91
1942.01
1828.52
1895.62
1681.02
1759.05
1898.5
1692.66
1892.7
1777.95
1885.05
1599.13
1897.17
1806.1
1640.51
1770.74
1725.66
1939.43
1798.1
2011.9
1901.6
1763.76
1674.8
1741.1
1775.17
1891.69
1836.27
1808.82
1948.19
1832.98
1900.16
1674.54
1645.77
1734.21
1828.13
1820.04
1876.09
1844.7
1949.09
1802.26
1841.78
1794.56
1794.16
1862.05
1760.32
1725.45
1741.76
1809.35
1730.42
1797.41
1771.84
1812.58
1826.56
1811.7
1866.54
1768.5
1829.64
1895.22
1799.23
1849.48
1739.62
1944.96
1673.93
1789.06
1789.5
1944.49
1956.14
1800.86
1772.62
1679.73
1697.35
1687.94
1710.89
1790.53
1924.56
1918.21
1742.06
1925.43
1865.61
1738.2
1877.56
1878.9
1852.33
1701.14
1790.01
1761.94
1876.52
1872.27
1770
1905.98
1978.92
1791.07
1786.22
1628.4
1829.09
1974.93
2021.73
1778.95
1696.42
1995.8
1924.56
1683.05
1712.18
1763.85
1831.63
1742.89
1840.73
1903.22
1815.87
1722.66
1867.46
1822.71
1782.29
1693.16
1846.86
1817.59
1856.17
1891.64
1719.48
1822.14
1909.21
1608.01
1861.3
1912.07
1632.86
1801.28
1704.84
1750.17
1688.84
1842.39
1915.14
1962.41
1770.24
1880.5
1844.9
1753.51
1755.33
1777.42
1892.2
1915.11
1812.9
1845.54
1741.18
1930.14
1961.4
1835.99
1869.85
1775.66
1943.33
1807.95
1959.35
1929.14
1818.58
1833
1912.76
1795.35
1917.66
1819.11
1759.15
1793.04
1941.47
1749.86
1963.22
1678.68
1945.4
1794.67
1982.03
1762.89
1899.34
1742.79
1911.03
1759.27
1851.12
1818.62
1760.35
1790.49
1850.44
1886.79
1786.88
1938.25
1891.12
1885.96
1712.4
1876.38
1992.85
1843.17
1880.79
1864.27
1974.35
2006.5
1738.12
1784.3
1778.03
1740.88
2034.53
1810.07
1790.44
1801.76
1828.2
1832.64
1838.53
1920.06
1898.72
1888.5
1700.79
1762.72
1666.4
1856.04
1729.94
1920.01
1836.49
1815.75
1745.34
1861.65
1790.38
1893.14
1840.21
1898.99
1767.93
1783.35
1963.18
1837.41
1786.92
1812.24
1718.65
1932.03
1730.44
2025.17
1801.13
1818.52
1893.45
1856.43
1861.03
1849.26
1951.06
1803.63
1693.16
1825.35
1757.77
1822.6
1877.96
1791.76
1755.78
1679.48
1829.78
1936.16
1860.33
1799.1
1750.63
1701.01
1743.69
1693.39
1730.92
1893.17
1811.73
1928.79
1817.22
1975.7
1784.52
1888.72
1774.36
1866.98
2028.75
1879.17
1962.18
1869.82
2079.69
1693.89
1893.74
1829.93
1759.6
1711.62
1766.98
1710.44
1994.09
1703.83
1806.7
1882.05
1743.88
1728.51
1837.09
1685.53
1854
1748.72
1947.75
1849.58
1808.79
1816.15
1741.84
1690.03
1932.22
1740.36
1794.84
1811.44
1769.71
1796.35
1816.84
1841.33
2010.27
1850.09
1776.48
1829.69
1912.31
1872.89
1715.4
1849.52
1879.43
1809.18
1780.7
1684.97
2066.52
1953.38
1826.55
1816.57
1887.71
1803.09
1959.6
1839.69
1787.35
1766.56
1800.22
1860.78
1823.58
1768.31
1830.32
1973.9
1934.88
1786.26
1880.7
2062.65
1749.41
1932.81
1851.56
1947.81
1917.51
1709.67
1779.23
1792.55
1843.12
1871.4
1790.87
1885.07
1868.31
1790.4
1764.46
1815.46
1766.25
1764.62
1766.55
1753.7
1925.29
1929.86
1834.24
1784.86
1777.74
1764.52
1913.25
1857.44
1789.07
1860.31
1898.98
1957.22
1896.02
1728.76
2021.25
1918.23
1931.53
1835.24
1905.18
1824.3
1750.03
1726.48
1837.28
1824.21
1815.55
1867.27
1908
1781.95
1693.86
1709.18
1933.08
1801.27
1817.01
1747.15
1847.31
1761.89
1878.3
1744.22
1562.21
1761.36
1849.72
1701.17
1843.08
1777.02
1754.85
1914.83
1750.49
1671.11
1809.02
1711.23
1717.41
1805.89
1751.53
1691.32
1846.2
1766.02
1898.07
1755.31
1827.74
1755.57
1852.41
1842.99
1759.04
1850.27
1722.2
1787.62
1917.19
1636.85
1892.1
1824.28
1916.54
1716.4
1792.15
1874.18
1818.54
1727.08
1808.28
1652.95
1814.34
1967.46
1895.71
1773.16
1732.41
1781.19
1828.79
1783.08
1936.47
1771.39
1834.11
1870.09
1757.49
1853.69
1816.03
1904.69
1776.27
1804.68
1769.73
1794.1
1844.82
1873.41
1885.25
1950.1
2024.76
1702.1
1804.22
1920.55
1824.23
1948.92
1837.84
1938.91
1954.72
1747.23
1870.31
1785.35
1787.19
1707.47
1953.52
2035.66
1805.83
1698.42
1945.22
1788.96
1895.13
1923.33
1994.42
1668.52
1824.9
1793.59
1851.6
1870.47
1868.82
1839.48
1789.21
1902.89
1866.59
1892.09
1879.03
1600.51
1770.43
1891
1737.15
1842.58
1848.16
1759.24
1802.23
1842.72
1797.13
1894.18
1738.05
1867.75
1791.13
1807.92
1999.22
1790.64
1719.44
1883.11
1634.12
1677.04
1792.78
1778.6
1940.71
1798.29
1829.54
2013.04
2026.39
1747.9
1811.6
1798.12
1766.29
1825.73
1806.59
1907.72
1698.64
1760.61
1865.06
1743.69
1921.82
1826.48
1814.06
1818.27
1836.44
1836.6
1916.79
1857.21
1691.14
1781.11
1914.2
1689.41
1743.32
1829.11
1716.16
1857.38
1837.47
1846.83
1843.55
1751.86
1681.82
1879.27
1832.69
1692.53
1726.64
1768.96
1800.45
1856.64
1870.22
1902.65
1886.71
1926.41
1851.07
1854.95
1899.5
1764.45
1765.06
1772.88
1785.51
1852.84
1908.39
1715.97
1762.06
1821.37
1736.7
1761.31
1828.22
1873.31
1482.49
1707.59
1825.5
1718.25
1710.74
1768.5
1822.1
1788.63
1626.52
1777.51
1809.1
1881.98
1806.14
1790.34
1873.89
1690.44
1763.27
1886.61
1824.48
1776.71
1799.61
1761.87
1865.08
1905.48
1947.89
1898.56
1726.05
1662.79
2011.58
1774.04
1725.11
1764.79
1922.11
1902.84
1824.52
1861.9
1851.03
1967.87
1840.64
1881.36
1804.16
1850.54
1918.8
1783.92
1786.96
1892.11
1731.07
1733.16
1823.56
1820.48
1847.29
1916.06
1913.4
2023.53
1987.69
1790.86
1714.29
1959.7
1716.6
1926.96
1825.72
1821.08
1649.88
1852.4
1751.31
1713.72
1809.44
1806.21
1815.74
1718.69
1791.34
1724.02
1775.3
1784.99
1743.93
1703.88
1809.52
1683.77
1760.08
1801.39
1779.85
1962.71
1795.01
1966.19
1781.71
1901.29
1828.55
1937.63
1594.59
1669.35
1949.1
1876.98
1784.95
1806.94
1716.46
1977.11
1928.93
1906.77
1837.18
1924.68
1926.2
1720.82
1796.74
1794.02
1888.31
1864.68
1763.21
1852.42
1729.02
1821.28
1827.89
1598.39
1664.29
1811.74
1813.31
1957.65
1785.77
1734.91
1862.89
1835.42
1761.97
1809.68
1968.32
1914.62
1853.15
1779.31
1715.45
1966.3
1830.54
1775.62
1859.34
1808.24
1751.71
1796.39
1721.08
1679.56
1751.8
1818.79
1890.93
2015.57
1770.28
1794.7
1896.39
1676.39
1812.79
1794.44
1730.75
1783.13
1840.15
1908.96
1632.52
1754.7
1813.89
1718.13
1918.43
1564.88
1852.59
1646.65
1949.1
1719.21
1799.69
1736.5
1849.25
1812.81
1748.74
1840.99
1812.72
1687.8
1697.94
1697.63
1933.16
1918.97
1737.03
1626.41
1782.19
1934.03
1783.6
1599.79
1689.79
1937.41
1798.82
1993.81
1701.99
1800.79
1763.86
1801.56
1833.99
1882.39
1764.97
1916.39
1733.54
1881.25
1673.52
1834.58
1633.6
1881.79
1754.11
1912.27
1766.4
1861.92
1697.05
1939.23
1812.09
1897.13
1931.9
1706.39
1691.51
1847.04
1815.14
1805.62
1722.72
1760.84
1798.72
1705.56
1928.9
1734.04
1897.21
1882.39
1925.44
1841.29
1758.38
1706.53
1760.37
2009.12
1766.11
1537.83
1733.33
1719.87
1776.88
1793.05
1720.72
1795.57
1890.37
1773.65
1755.13
1763.17
1822.76
1865.8
1729.16
1749.18
1892.44
1943.1
1772.37
1988.41
1851.54
2002.45
2046.31
1694.47
1772.9
1910.64
1724.36
1721
1786.48
1796.66
1848.19
2017.07
1830.28
1860.61
1887.55
1827.19
1884.38
1893.32
1854.22
1718.94
1927.22
1867.11
1673.12
1860.59
1681.86
1908.23
1830.24
1818.79
1748.39
1726.22
1929.95
1859.13
1908.67
1892.56
1800.56
1809.05
1884.65
1757.82
1868.03
1911.99
1823.44
1922.75
1871.97
1736.34
1772.07
1832.26
1929.05
1681.78
1882.96
1681.5
1927.43
1674.51
1809.8
1876.74
1681.78
1985.79
1959.74
1861.98
1845.28
1748.9
1753.98
1731.11
1865.39
1923.45
1747.53
1857.44
1763.07
1777.86
1763.46
1908.99
1928.94
1733.33
1770.78
1919.53
1910.09
1961.33
1902.6
1675.25
1884.39
1789.4
1660.3
1772.38
1813.13
1758.96
1747.33
1942.05
1813.48
1730.71
1763.35
2043.67
1843.33
1927.74
1721.05
1965.68
1699.36
1704.47
1897.5
1803.48
1850.25
1766.43
1811.52
1862.96
1763.83
1748.23
1770.35
1856.11
1891.39
1775.96
1855.36
1961.48
1713.18
1823.23
1886.84
1846.96
1923.26
1812.77
1733.37
1943.95
1799.27
1910.27
1866.61
1795.88
1700.83
1833.07
1659.28
1838.27
1715.16
1756.62
1886.49
1694.66
1707.5
1816.22
1925.57
1949.47
1822.67
1662.96
1682.2
1821.5
1867.98
1828.1
1823.99
1865.45
1774.71
1786.14
1714.68
1830.39
1758.91
1981.3
1776.88
1723.62
1692.2
1811.1
1901.52
1775.68
1767.25
1718.95
1877.1
1794.01
1862.54
1875.41
1823.72
1820.19
1804.43
1629.36
1732.68
1739.16
1894.21
1868.47
1860.26
1847.75
1743.02
1730.15
1872.27
1682.43
1788.22
1940.8
1759.87
1894.88
1714.32
1816.49
1870.16
2061.4
1721.85
1827.03
1784.11
1701.47
1748.16
1853.93
1869.04
1651.97
1843.76
1842.08
1951.63
1887.68
1833.15
1912.88
1768.12
1733.12
1754.77
1765.72
1717.51
1831.93
1846.53
1828.98
1664.93
1830.1
1872.55
1876.7
1805.42
1909.03
1922.66
1764.83
1746.57
1776.98
1885.84
1892.55
1914.91
1840.21
1839.06
1765.42
1818.38
1789.75
1881.59
1760.11
1802.98
1760.05
1847.35
1863
1775.83
1881.83
1624.96
1881.46
1812.68
1769.73
1691.37
1828.98
1757.08
2011.43
1796.84
1936.39
1704.73
1818.28
1996.25
1866.03
1791.27
1878.76
1894.14
1844.91
1836.51
1751.4
1884.05
1710.41
1940.73
1801.81
1950.62
1940.86
1909.4
1777.86
1888.16
1758.77
1782.93
1683.21
1800.03
1813.54
1833.49
1637.82
1792.96
1917.43
1801.45
1933.95
1844.56
1703.42
1774.3
1895.86
1631.36
1757.19
1853.43
1750.65
1746.67
1874.47
1725.51
1845.57
1694.02
1862.14
1803.96
1854
1750.91
1832.3
1705.09
1741.33
1715.77
1728.5
1899.64
1851.33
1758.74
1842.13
1689.97
1734.24
1798.13
1968.26
1753.11
1710.51
1830.74
1692.22
1990.64
1873.26
1754.97
1770.74
1790.27
1943.79
1743.06
1789.6
1860.23
1812.32
1835.64
1837.55
1976.06
2060.13
1732.18
1864.61
1845.61
1817.67
1885.34
1779.63
1857.67
1804.72
1917.29
1823.96
1812.83
1857.07
1715.71
1884.85
1687.18
1603.64
1899.14
1664.94
1724.99
1771.31
1802.54
1793.22
1766.58
1711.04
1939.16
1657.7
1683.98
1671.55
1697.25
1717.23
1766.02
1839.19
1693.14
1838.67
1800.08
1603.48
1806.45
1798.97
1909.63
1742.23
1778.6
1917.61
1782.98
1838.36
1831.76
1833.18
1928.45
1971.84
1873.5
1896.81
1715.2
1744.8
1943.59
1968.44
1893.23
1932.44
1682.51
1812.18
1884.65
1804.23
1717.68
1836.8
1881.99
1728.96
1730.79
1831.99
1765.02
1830.67
1785.58
1823.51
1669.33
1732.78
1918.64
1838.73
1833.15
1954.2
1921.77
1840.35
1882.08
1814.86
1825.26
1842.73
1700.2
1778.31
1688.86
1719.37
1714.31
1702.69
1867.32
1803.23
1687.36
1839.05
2056.38
1809.61
1717.82
1993.9
1818.01
1720.27
1773.41
1838.8
1910.79
1847.07
1777.54
1858.67
1672.96
1733.73
1932.22
1680.19
1700.77
1823.4
1947.61
1869.92
1848.21
1765.47
1783.04
1932.54
1916.09
1838.23
1746.93
1771.78
1719.9
1874.78
1752.99
1766.54
1777.31
1798.4
1753.56
1864.62
1873.13
1796.59
1798.34
1816.28
1875.9
1773.99
1745.86
1806.85
1936.26
1799.95
1680.51
1813.4
1863.38
1676.46
1780.08
1708.15
1831.58
2038.78
1702.66
1710.35
1721.19
1915.02
1849.74
1685.52
1867.44
1741.67
1924.74
1774.65
1797.3
1863.81
1940.51
1822.86
1867.29
1806.96
1903.37
1684.58
1824.14
1706.89
1832.64
1928.3
1731.66
1911.47
1729.08
1694.96
1657.51
1931.3
1843.94
1804.26
1684.88
1865.96
1810.68
1867.65
1920.83
1899.2
1817.86
1670.66
1799.34
1829.68
1959.1
1915.89
1701.55
1871.52
1630.76
1934.76
1689.31
1985.93
1976.23
1647.03
1839.3
1765.83
1761.02
1862.41
1748.96
1790.06
1758.74
1831.33
1879.76
1888.76
1895.08
1916.89
1817.48
1707.83
1763.4
1863.06
1784.18
1762.59
1824
1937.95
1816.42
1764.92
1845.2
1874.15
1827.87
1763.07
1924.85
1836.35
1729.15
1897.68
1858.3
1866.4
1811.01
1842.42
1884.42
1639.17
2024.45
1814.27
1940.7
1616.6
1936.02
1825.8
1742.74
1606.74
1850.05
1923.37
1953.47
1660.91
1747.55
1791.06
1763.04
1858.08
1882.46
1684.23
1821.25
1866.36
1943.59
1721.7
1875.57
1731.47
1918.1
1820.88
1710.87
1875.46
1664.11
1962
1847.42
1947.7
1809.19
1812.37
1875.77
1843.57
1752.84
1726.68
1858.06
1748.75
1888.08
1929.1
1771.18
1773
1870.22
1914.86
1878.36
1710.75
1709.79
1809.85
2002.6
1785.06
1747.41
1894.04
1805.19
1774.8
1970.75
1835.91
1749.32
1774.95
1844.63
1620.96
1824.86
1955.03
1843.88
1788.51
1724.79
1751.08
1959.71
1864.02
1610.74
1822.57
1642.33
1722.62
1742.44
1847.72
1938.91
1604.91
1859.81
1856.35
1847.5
1711.55
1735.46
1926.75
1846.82
1755.91
1771.78
1742.57
1767.85
1801.94
1892.09
1674.27
1828.26
1848.24
1814.82
1826.52
1895.3
1855.31
1822.99
1813.25
1789.49
1754.06
1726.4
1787.65
1742.1
1865.22
1848.76
1863.97
1675.14
1752.52
1739.81
1799.28
1929.08
1776.12
1768.62
1834.26
1882.69
1646.8
1819.33
1751.85
1880.26
1874.04
1918.39
1736.42
1708.2
1861.6
1769.73
1737.71
1738.75
1940.95
1965.61
1862.79
1752.67
1775.35
1912.35
2023.69
1725.84
1795.4
1636.04
1727.48
1710.19
1789.92
1678.37
1777.57
1891.41
1741.85
1859.6
1780.65
1799.38
1744.01
1870.39
1638.06
1947.53
1805.37
1888.11
1838.72
1904.49
1751.55
1740.53
1751.66
1702.03
1751.32
1756
1937.86
1907.42
1737.08
2029.19
1673.52
1820.94
1907.75
1955.42
1627.72
1836.44
1829.94
1794.54
1928.79
1684.84
1760.53
1844.37
1849.56
1764.45
1723.08
1872.9
1669.9
1798.66
2000.78
1891.71
1783.44
1894.17
1888.3
1931.7
1866.46
1702.19
1875.09
1774.7
1945.03
1856.59
1857.37
1865.94
1934.39
1900.02
1955.97
1806.08
1781.15
1740.82
1844.65
1774.26
1933.92
1913.04
1758.44
1823.02
1810.44
1764.33
1864.46
1685.44
1877.72
1806.14
1804.36
1862.9
1977.3
1946.68
1855.32
1801.95
1843.12
1850.23
1915.14
1859.83
1828.51
1786.79
1875.33
1880.99
1838.73
1681.29
1767.19
1775.7
1785.59
1700.15
1814.06
1780.05
1831.55
1838
1791.49
1826.17
1759.86
1888.52
1748.27
1789.06
1842.81
1874.01
1785.96
1674.45
1783.71
1733.05
1762.09
1951.64
1813.74
1795.8
1736.64
1763.57
1872.72
1735.5
1868.07
1851.14
1627.3
1872.26
1794.8
1771.12
1819.18
1791.89
1750.24
1829.27
1904.23
1987.04
1881.33
1817.07
1857.34
1792.69
1797.54
1794.24
1859.26
1827.82
1895.37
1738.97
1941.87
1727.31
1911.08
1787.49
1892.76
1686.02
1960.81
1692.37
1799.3
1759.69
1857.58
1789
1793.45
1727.68
1836.37
1837.58
1885.67
1699.58
1724.53
1919.33
1729.28
1682.42
1717.13
1746.9
1791.61
1737.24
1809.25
1667.09
1775.89
1756.76
1772.69
1799.49
1740.09
1679.17
1778.2
1785.52
1776.41
1769.39
1869.74
1807.48
1713.31
1672.14
1876.26
1774.41
1755.27
1747.23
1773.56
1801.77
1803.54
1818.04
1831.84
1760.72
1762.24
1911.95
1707.31
1995.88
1713.74
1844.9
1952.64
1868.54
1937.79
1753.03
1663.77
1869.02
1844.37
1844.45
1765.88
1776.55
1735.89
1717.71
1940.76
1742.43
1820.19
1803.44
1745.69
1798.88
1846.87
1801.75
1831.19
1944.84
1774.5
1914.38
1765.46
1723.22
1764.05
1881.61
2004.72
1894.38
1804.25
1859.18
1920.92
1818.73
1765.99
1882.28
1913.3
1863.67
1735.64
1644.7
1745.24
1818.01
1875.93
1810.06
1786.89
1765.91
1726.12
1609.51
1883.7
1827.45
1659.67
1833.64
1862.93
1834.08
1786.34
1791.37
1859.82
1733.81
1852.26
1819.23
1873.44
1891.78
1686.81
1766.06
1897.47
1731.29
1699.06
1794.9
1833.71
1957.75
1775.56
1723.95
2056.85
1910.58
1855.6
1928.33
1765.35
1843.87
1873.16
1746.14
2017.84
1768.02
1763.24
1833.99
1801.86
1781.29
1943.92
1756.11
1891.91
1654.25
1851.91
1791.3
1806.69
1945.38
1879.83
1820.34
1818.61
1961.38
2032.18
1892.11
1752.89
1864.23
1969.05
1705.66
1779.29
1857.04
1846.57
1811.34
1826.74
1890.99
1738.34
1856.47
1801.02
1867.13
1899.73
2068.68
1766.72
1809.73
1966.76
1819.08
1725.52
1878.4
1808.06
1966.16
1766.09
1733.02
1677.27
1813.98
1948.04
1834.6
1724.61
1880.88
1776.48
1733.03
1869.93
1731.67
1791.02
1684.81
1751.2
1816.58
1586.14
1892.47
1823.36
1796
1738.96
1865.2
1953.34
1764.57
1841.27
1891.44
1814.43
1929.91
1870.4
1709.5
1900.55
2090.88
1849.45
1700.43
1832.89
1924.6
1874.39
1923.49
1874.13
1677.67
1700.85
1679.06
1724.75
1675.79
1865.74
1954.31
1801.18
1843.78
1867.81
1660.55
1863.56
1841.24
1946.22
1805.66
1657.04
1711.39
1840.06
1764.03
1848.79
1843.81
1813.12
1855.23
1727.31
1804.64
1699.68
1757.37
1805.45
1877.36
1854.11
1750.6
1737.01
1843.93
1900.19
1762.47
1839.67
1738.77
1889.49
1924.48
1781.83
1649.28
1898.34
1755.19
1847.66
1870.65
1900.81
1929.94
1846.27
1812.67
1852.85
1841.59
1805.4
1808.54
1739.43
1861.88
1795.28
1760.36
1861.77
1810.22
1901.28
1814.27
1671.05
1765.84
1886.63
1914.1
1850.91
1812.87
1806.45
1734.57
1880.83
1955.55
1803.11
1803.57
1828.58
1860.17
1843.37
1781.08
1899.04
1831.28
1652.4
1733.22
1786.03
1743.34
1803.34
1855.36
1768.35
1867.51
1714.48
1828.48
1833.05
1864.31
2018.65
1751.2
1960.13
1929.27
1890.26
1693.93
1697.5
2084.39
1801.16
1832.27
1978
1774.34
1931.04
1801.43
1755.55
1831.61
1759.18
1927.14
1939.58
1828.09
1785.59
1761.7
1849.78
1892.03
1862.2
1816.34
1786.9
1894.48
1733.69
1672.25
1794.99
1774.38
1895.81
1841.22
1817.72
1993.24
1831.23
2115
1908.37
1796.17
1786.46
1746.34
1780.69
1809.95
1730.79
1901.63
1879.43
1886.84
1928.34
1859.06
1811.17
1691.27
1879.88
1931.24
1739.77
1767.47
1902.48
1759.8
1832.28
1856.25
1849.77
1900
1999.47
1900.81
1796.65
1983.49
1791.61
1723.78
1809.17
1791.2
1773.58
1760.72
1845.93
1679.43
1937.05
1951.82
1920.78
1852.65
1719.69
1669.86
1943.23
1786.71
1705.25
1993.47
1697.59
1796.22
1784.7
1725.12
1897.9
1780.9
1950.01
1912.44
1848.27
1767.1
2017.8
1814.12
1865.62
1910.29
1712.04
1772.55
1684.34
1990.78
1997.45
1767.08
1721.74
1898.08
1814.81
1782.54
1802.53
1676.67
1829.68
1750.22
1799.11
1879.27
1775.36
1770.56
1745.23
1795.5
1821.81
1825.83
1856.04
1844.58
1830.89
1845.61
1663.43
1770.35
1836.67
1701.89
1723.23
1851.17
1812.04
1843.23
1828.08
1800.01
1792.25
1763.56
1790.21
1883.9
1863.86
1792.92
1792.35
1811.54
1793.22
1840.73
1843.31
1865.72
1830.77
1777.21
1875.03
2053.68
1736.88
1781.14
1775.04
1673.02
1800.76
1957.64
1942.95
1973.26
1644.32
1747.38
1706.26
1897.08
1731.2
1878.13
1781.44
1744.6
1788.45
1860.66
1733.97
1916.35
1692.61
2097.04
1729.13
2048.69
1823.94
1775.1
1863.07
1749.27
1806.7
1831.86
1997.56
1859.64
1808.32
1833.15
1814.1
1724.89
1756.38
1790.22
1822.92
1990.92
1684.55
1791.12
1816.89
1794.55
1857.41
1697.47
1689.65
1846.2
1841.34
1910.66
1895.35
1799.46
1825.32
1741.55
1738.79
1751.28
1842.33
1803.33
1660.2
1815.43
2000.73
1882.29
1895.48
1837.04
1723.51
1748.63
1845.23
1765.48
1709.77
1920.23
1736.57
1917.25
1658.86
1768.96
1875.49
1727.77
1849.32
1891.45
2017.79
1730.82
1656.6
1577.96
1612.17
1851.12
1782.97
2019.87
1926.5
1912.59
1729.63
1755.02
1997.76
1770.03
1677.75
1681.23
1777.72
1743.15
1725.61
1862.59
1826.67
1863.42
1987.7
1792.07
1919.95
1916.53
1742.4
1746.54
1787.33
1912.19
1793.79
1740.74
1767.36
1750.93
1854.2
1852.72
2038.77
1856.96
1892.51
1912.58
1875.86
1730.97
1774.56
1774.69
1760.22
1733.27
1788.06
1785.71
1811.92
1693.94
1959.13
1856.62
1862.91
1783.81
1886.01
1803.89
1719.07
1772.83
1945.76
1969.66
1751.85
1817.66
1701.97
1714.45
1892.08
1844.64
1814.2
1803.99
1720.06
1923.62
1960.96
1811.92
1817.01
1856.23
1975.53
1751.5
1739.43
1807.99
1867.15
1885.72
1805.52
1730.43
1843.22
1784.2
1879.13
1901.87
1830.16
1721.07
1773.78
1977.99
1842.31
1708.29
1759.56
1854.43
1922.61
1874.91
1682.62
1800.32
1811.93
1906.69
1800.24
1819.31
1826.26
1801.7
1589.5
1779.34
1740.94
1753.87
1845.38
1767.29
1706.25
1821.33
1854.11
1837.72
1709.7
1716.56
1866.2
1860.54
1739.6
1961.57
1909.57
1890.2
1851.69
1862.74
1844.55
1858.99
1722.9
1818.15
1761.66
1732.19
1839.84
1746.04
1726.41
1816.9
1690.56
2002.73
1615.66
1556.92
1871.06
1840.04
1905.93
1880.73
1900.79
1724.81
1798.76
1985.68
1815.57
1677.95
1733.3
1773.43
1820.48
1861.44
1798.43
1715
1825.54
1823.73
1991.49
1821.72
1805.25
1864.06
1837.69
1890.13
1976.94
1813.14
1791.3
1747.33
1975.81
1712.82
1734.84
1943.64
1859.11
2013.7
1808.94
1859.27
1862.05
1983.53
1852.45
1893.33
1845.69
1832.55
1794.56
1907.57
1767.27
1766.16
1765.65
1918.94
1868.22
1897.24
1635.45
1759.05
1732.82
1939.42
1749.36
1885.37
1717.47
1805.48
1802.19
1840.93
1756.84
1814.41
1777.29
1890.86
1798.52
1673.16
1945.42
1806.09
1668.72
1884.37
1834.02
1935.26
1747.18
1820.58
1639.21
1849.81
1757.09
1864.05
1742.49
1826.5
1830.19
1852.65
1786.33
1908.29
1723.54
1840.16
1938.61
1885.83
1827.66
1795.89
1922.4
1782.07
1985.62
1670.43
1820.54
1816.2
1883.35
1919.5
1799.23
1859.24
1771.19
1824.66
1927.69
1963.87
1910.48
1650.72
1816.51
1853.88
1798.85
1718.39
1934.27
1721.02
1760.85
1761.49
1759.36
1734.28
1817.7
1911.44
1825.35
1774.13
2001.12
1929.05
1945.95
1829.01
1719.68
1796.68
1707.25
1856.23
1756.05
1906.52
1823.9
1903.65
1807.73
1739.98
1714.25
1798.78
1817.47
1703.89
1835.64
1640.65
1785.2
1756.7
1720.52
1920.35
1907.03
1821.38
1671.64
1759.08
1612.57
1814.56
1940.69
1795.94
2009.04
1841.24
1820.83
1930.94
1848.3
1645.94
1770.57
1869.37
1765.24
1795.27
1807.38
1918.2
1823.39
1999.15
1732.86
1836.85
1754.99
1635.8
1799.64
1870.49
1755.54
1874.38
1732.25
1848.6
1851.95
2025.69
1795.04
1893.33
1842.18
1774.32
1778.92
1931.6
1956.07
1612.85
1910.85
1883.21
1714.24
1723.9
1784.02
1810.47
1710.07
1954.82
1820.9
1714.95
1747.88
1683.41
1721.54
1641.37
1799.2
1928.78
1858.28
1857.99
1725.93
1951.77
1844.22
1691.32
1792.64
1734.42
1912.85
1676.08
1897.18
1841.46
1803.25
1763.95
1792.96
1875.15
1755.74
1856.81
1809.28
1643.21
1949.9
1811.44
1757.63
1811.78
1701.39
1874
1823.17
1885.12
1961.24
1808.89
1789.62
1898.55
1723.21
1791.77
1656.28
1876.96
1750.33
1825.57
1878.66
1885.24
1964.3
1700.61
1870.47
1970.13
1790.85
1782.77
1790.91
1791.98
1837.08
1779.85
1769.01
1747.98
1879.05
1852.3
1941.34
1823.71
1954.12
1875.39
1879.17
1824.42
1877.41
1777.6
1793.12
1909.65
1842.24
1839.37
1822.16
1985.1
1821.21
1842.3
1880.18
1908.82
1874.42
1702.65
1775.96
1860.22
1746.65
1757.68
2048.7
1744.74
1767.02
1720.94
1930.17
1827.31
1835.66
1730.16
1815.76
1863.73
1837.49
1768.03
1951.18
1927.14
1709.14
1807.35
1801.17
1872.55
1815.79
1822.78
1791.66
1777.55
1932.12
1740.31
1842.66
1824.61
1854.76
1789.52
1814.98
1842.1
1855.86
1762.62
1824.78
1853.49
1852.7
1902.08
1879.1
1988.69
1848.98
1738.11
1695.76
1843.19
1824.28
1873.14
1714.66
1628.46
1796.66
1936.74
1775.34
1864.54
1834.68
1667.08
1797.41
1701.77
1958.54
1880.51
1882.79
1725.96
1868.08
1886.99
1859.63
1866.13
1825.12
1759.58
1785.07
1847.56
1897.44
1637.83
1762.54
1982.33
1812.76
1769.02
1787.65
1726.67
1862.7
1830.52
1874.61
1924.65
1651.91
1797.48
1667.98
1727.51
1912.26
1851.04
1794.43
1874.94
1900.59
1746.04
1839.68
1745.89
1760.61
1808.59
1961
1871.72
1831.45
1922.1
1859.17
1638.62
1679.77
1774.41
1725.71
1865.2
1656.51
1739.11
1746.28
1929.78
1833.01
1835.27
1740.86
1733.31
1857.9
1772.76
1714.44
1744.18
1953.67
1765.09
1833.8
1750.26
1741.33
1745.73
1820.43
1759.67
1754.11
1932.88
1868.49
1802.07
1887.17
1729.83
1878.37
1786.34
1967.24
1806.83
1790.53
1831.31
1867.82
1656.8
1900.79
1736.9
1722.36
2024.56
1763.32
1715.97
1794.82
1859.59
1889.18
2003.19
1817.63
1870.37
1839.81
1777.37
1797.48
1814.61
1689.07
1755.76
1895.6
1936.4
1708.27
1660.27
1836.56
1727.16
1769.51
1777.1
1828.95
1764.25
1962.43
1730.64
1777.37
1780.17
1791.15
1769.12
1822.17
1959.3
1891.38
1810.03
1829.43
1832.91
1880.28
1751.11
1823.37
1958.66
1761.98
1858.26
1689.41
1963.98
1770.71
1558.84
1751.39
1863.43
1890.65
1893.55
1804.35
1761.33
1808.51
1676.75
1760.53
1867.31
1894.56
1828.58
1804.43
1658.28
1901.54
1796.11
1984.08
2123.62
1782.23
1792.15
1861.47
1920.23
1832.24
1782.42
1950.33
1916.85
1840.19
1869.79
1747.31
1856.83
1758.11
1738.13
1769.16
1919.13
1767.67
1761.4
1923.26
1730.1
1858.33
1702.99
1756.05
1814.51
1749.75
1812.89
1877.78
1893.98
1930.9
1782.93
1927.6
1871.15
1757.64
1707.26
1814.76
1908.92
1784.42
1859.12
1743.89
1730.21
1912.91
1717.7
1974.41
1702.19
2018.58
1810.76
1872.62
1887.01
1914.64
1812.11
1629.1
1823.64
1743.48
1913.8
1802.49
1850.75
1954.78
1908.46
1786.96
1739.12
1922.26
1776.87
1801.14
1763.64
1931.79
1637.67
1746.75
2015.03
1874.55
1944.93
1926.1
1785.85
1815.76
1905.41
1869.29
1774.6
1651.1
1711.04
1933.83
1948.26
1748.09
1657.82
1731.83
1849.87
1805.09
1883.83
1796.17
1761.74
1870.41
1735.47
1804.74
1803.6
1753.73
1828.65
1801.23
1814.63
1793.37
1820.37
1806.75
1799.87
1849.43
1762.9
1664.13
1794.21
1888.55
1796.11
1956.89
1884.81
1891.52
1967.42
1813.68
1869.88
1890.13
1912.28
1978.65
1768.9
1789.28
1864.16
1800.19
1829.67
1699.73
1787.88
1776.61
1819.01
1796.31
1701.66
1931.77
1695.05
1868.49
1788.91
1754.82
1768.68
1990.16
1954.02
1796.97
1882.14
1725.41
1817.53
1916.85
1920.54
1830.26
1687.53
1832.05
1853.36
1834.93
1661.83
1808.82
1940.6
1868.61
1792.23
1963.04
1827.98
1729.58
1900.65
1752.08
1977.08
1866.21
1765.94
1853.68
1866.21
1842.28
1883.64
1738.45
1956.51
1740.86
1696.02
1811.64
1791.4
1790.34
1856.1
1925.59
1776.47
1826.61
1794.97
1796.33
1849.77
1751.68
1611.15
1917.7
1899.33
1835.27
1927.92
1951.1
1717.48
1802.75
1800.05
1726.99
1803.09
1763.95
1714.56
1830.17
1860.35
1923.45
1759.15
1840.92
1507.86
2046.22
1894.1
1835.43
1678.88
1837.47
1841.1
1812.86
1681.26
1838.43
1732.63
1917.86
1804.11
1793.37
1779.49
1960.15
1730.11
1799.76
1729.16
1767.68
1827.67
1832.93
1755.93
1681.5
1987.41
1950.7
1793.51
1853.15
1857.08
1824.95
1847.92
1919.47
1787.14
1794.91
1708.78
1818.66
1871.43
1753.34
1810.89
1865.44
1664.49
1843.3
1727.14
1939.55
1820.79
1682.83
1794.6
1989.28
1793.93
1631.44
1724.73
1727.94
1785.79
1791.49
1683.78
1670.99
1809.37
1746.99
1649.03
1861.92
1799.35
1863.46
1978.03
1712.88
2006.14
1781.06
1782.39
1822.04
1778.41
1721.27
1854.54
1895.22
1864.51
1759.15
1998.01
1877.49
1777.91
1920.71
1840.55
1825.19
1828.19
1983.93
1809.14
1847.85
1954.49
1697.64
1993.06
1852.1
1871.88
1800.24
1848.34
1683.34
1811.34
1841.99
1700
1847.01
1871.83
1810.57
1947.64
1860.29
1928.23
1833.46
1873.41
1764.5
1763.17
1942.25
1846.1
1732.24
1877.41
1640.81
1960.04
1742.16
1875.75
1751.88
1660.32
1780.77
1726.62
1666.82
1794.35
1744.56
1882.94
1886.55
1836.52
1841.76
1824.65
1827.27
1734.92
1918.55
1714.02
1798.45
1910.11
1662.61
1719.45
1856.2
1708.14
1711.35
1816.6
1942.73
1918.28
1884.21
1929.28
1745.96
1620.28
1781.97
1822.58
1757.47
1824.56
1827.9
1915.41
1722.17
1798.03
1813.26
1786.53
1756.31
1816.01
1783.16
1753.62
1666.26
1813.81
1811.67
1777.78
1624.44
1966.84
1875.03
1718.85
1808.65
1826.23
1723.67
1821.36
1922.49
1885.59
1858.43
1911.83
1883.59
1760.62
1871.43
1702.06
1920.31
1889
1860.86
1860.39
1882.97
1809.45
1867.03
1823.94
1803.84
1857.27
1830.75
1946.43
1759.78
1765.72
1821.56
1881.57
1799.82
1741.28
1783.41
1765.56
1747.02
1827.98
1828.15
1902.74
1827.7
1806.61
1903.22
1798.96
1820.93
1840.2
1914.33
1747.08
1776.12
1755.17
1979.73
1869.16
1759.49
1726.57
1963.26
1742.19
1882.6
1798.58
1702.98
1727.23
1850.76
1741.17
1840.25
1780.8
1941.41
1819.36
1804.69
1932.82
1678.51
1818.33
1753.18
1778.92
1845.77
1909.88
1788.15
1748.1
1892.02
1960.59
1731.8
1739.65
1783.34
1726.09
1958.24
1757.6
1770.6
1710.14
1763.17
1615.18
1747.4
1791.7
1772.83
1769.04
1828.98
1790
1896.24
1808.05
1859.78
1900.49
1798.29
1800.19
1858.79
1802.27
1743.96
1611.98
1885.08
1889.83
1946.51
1780.09
1808.89
1778.19
1746.36
1809.19
1905.7
1724.03
1927.76
1817.94
1804.45
1711.64
1875.54
1785.55
1741.06
1922.96
1794.32
1739.74
2004.39
1908.59
1849.43
1909.49
1907.23
1938.68
1715.31
1830.04
1804.87
1781.37
1937.6
1905.41
1892.02
1794.22
1724.21
1880.08
1786.99
1824.74
1831.25
1793.16
1715.57
1718.03
1856.09
1769.62
1877.04
1740.92
1856.51
1809.87
1807.34
1698.24
1948.81
1810.12
1890.7
1800.58
1893.16
1760.3
1709.74
1742.56
1868.68
1948.41
1733.88
1797.79
1855.8
1878.07
1930.04
1882.58
1962.48
1936.35
1898.62
1632.25
1715.21
1759.8
1930.29
1908.3
1896.18
1780.38
1907.63
1935.81
1999.55
1935.13
1764.29
1732.64
1752.82
1812.1
2047.92
1784.42
1703.56
1856.64
1723.07
1887.22
1896.04
1821.34
1888.42
1742.22
2016.28
1804.32
1806.73
1825.11
1906.44
1661.89
1865.25
1776.17
1902.88
1779.54
1715.22
1796.04
1806.55
1912.37
1741.46
1758.39
1776.87
1922.36
1772.08
1687.1
1827.98
1850.14
1779.67
1860.98
1950.41
1964.14
1740.76
1679.38
1765.11
1705.95
1802.95
1786.62
1788.07
1783.16
1879.15
1728.58
1991.25
1968.34
1809.81
1924.06
1990.65
1833.3
1796.97
1820.67
1909.6
1789.67
1816.24
1833.9
1781.42
1697.56
1903.89
1997.57
1778.22
2151.61
1892.75
1779.43
1774.39
1654.23
1865.18
1815.14
1741
1919.36
1849.65
1721.73
1699.09
1638.68
1872.9
1702.65
1934.05
1778.75
1923.28
1833.4
1856.2
1763.9
1819.8
1775.04
1594.3
1984.5
1905.76
1880.46
1880.53
2031.37
1844.14
1757.84
1906.58
1825.11
1756.01
1758.6
1800
1838.28
1867.04
1896.16
1796.28
1763.64
1972.2
1871.16
1721.34
1784.68
1877.08
1747.5
1896.51
2042.33
1911.88
1875.03
1840.37
1817.73
1790.58
1849.06
1880.39
1813.17
1828.48
1676.88
1787.03
1698.44
1852.57
1871.5
1763.63
1907.61
1975.41
1777.21
2096.77
1894.11
1778.64
1899.01
1796.63
1830.25
1783.15
1926.79
1752.46
1676.15
1753.43
1860.71
1767.8
1754.02
1829.37
1788
1904.44
1845.48
1836.4
1777.01
1910.51
1879.25
1779.31
1869.72
1923.39
2000.84
1789.77
1923.11
1667.87
1891.84
1711.44
1766.76
1884.9
1958.61
2009.4
1749.98
1842.04
1751.46
1688
1870.45
1770.54
1879.73
1806.85
1906.32
1800.3
1729.46
1909.16
1941.16
1979.35
1781.88
1766.39
2002.09
1758.39
1806.36
1823.04
1836.07
1789.28
1949.01
1814.1
1739.52
1686.18
1670.88
2005.65
1873.31
1714.79
1814.72
1714.64
1830.56
1767.41
1715.87
1820.39
1880.48
1833.51
1784.44
1798.3
1790.32
1860.75
1915.38
1778.87
1948.84
1725.6
1705.37
1716.81
1700.15
1721.55
1817.6
1763.2
1878.66
1867.45
1918.79
1766.65
1794.85
1845.01
1747.72
1886.88
1632.05
1862.08
1945.89
1842.07
1862.77
1809.63
1838.44
1798.13
1798.63
1728.51
1943.96
2004.14
1708.88
1662.2
1807.52
1765.9
1869.99
1722.65
1878.4
1856.31
1849.46
1941.96
1781.87
1758.28
1952.28
1604.97
1779.92
1994.4
1886.01
1914.76
1884.13
1823.14
1720.86
1904.87
1790.51
1898.42
1808.69
1661.29
1845.35
1984.74
2031.36
1783.3
1879.46
1733.99
1798.01
1675.1
1720.92
1923.05
1805.79
1819.57
1788.21
1777.43
1835.02
1915.77
1885.05
1747.68
1634.96
1805.49
1927.75
1907.22
1777.09
1819.88
1811.24
1892.84
1790.64
1922.92
1791.34
1793.69
1672.53
1898.3
1779.77
1814.54
1759.88
1762.04
1906.92
1700.53
1862.29
1807.71
1634.04
1936.01
1777.85
1680.6
1802.33
1803.89
1820
1808.02
1907.42
1742.97
1795.47
1823.22
1814.61
1698.89
1811.9
1697.06
1703.17
1824.85
1671.02
1681.93
1833.05
1865.62
1786.39
1879.81
1787.49
1779.63
1885.9
1913.27
1785.92
1782.76
1920.85
1876.99
1790.83
1848.65
1695.3
1814.94
1864.3
1946.34
1781.99
1781.64
1853.98
1778.17
1851.82
1871.94
1868.3
1910.2
1684.43
1683.85
1829.49
1809.83
1815.58
1706.1
1798.93
1756.62
1815.95
1822.7
1781.38
1683.92
1743.94
1686.4
1750.28
1900.07
1757.1
1760.68
1861.16
1867.71
1863.79
1821.67
1784.72
1831.86
1782.52
1832.08
1922.95
1928.72
1815.93
1875.01
1766.66
1961.54
1952.41
1805.68
1842.61
1858.4
1780.93
1828.81
1696.42
1831.8
1805.36
1765.77
1837.34
1774.63
1732.18
1798.65
1773.41
1763.83
1795.79
1693.16
1886.79
1838.77
1825.89
1770.69
1834.35
1805.01
1778.73
1796.2
1779.38
1865.48
1910.79
1918.37
1845.83
1801.08
1703.69
1812.59
1735.53
1858.12
1787.08
1831.79
1851.88
1834.55
1680.12
1748.18
1956.45
1837.78
1779.54
1904.66
1809.02
1838.71
1798.57
1717.87
2001.14
1832.24
1912.26
1556.99
1786.76
2054.5
1722.68
1843.56
1699.29
1796.51
1829.65
1786.1
1927.39
1937.68
1887.25
1800.44
1877.26
1872.92
1633.04
1727.24
1775.36
1726.05
1775
1803.55
1799.26
1816.56
1786.27
1755.17
1903.11
1600.94
1838.76
1967.18
1661.59
1815.1
1641.62
1823.5
1769.29
1943.68
1928.48
1759.57
1839.42
1652.41
1722.45
1960.1
1821.23
1826.32
2005.83
1889.66
1841.18
1900.13
1685.28
1999.51
1837.08
1832.7
1829.48
1599.57
1977.52
1904.92
1838.58
1824.64
1771.44
1866.79
1820.45
1673.84
1798.37
1842.63
1880.55
1926.6
1760.26
1823.37
1981.42
1764.27
1774.94
1858.17
1788.62
1654.11
1851.84
1785.02
1795.8
1820.68
1965.68
1859.7
1743.79
1750.2
1960.51
1845.81
1908.69
1950.17
1790.13
1840.54
1688.77
1706.68
1716.62
1958.55
1966.8
1917.89
1782.98
1672.05
1679.72
1926.16
1695.1
1788.46
1904.7
1879.62
1851.77
1854.48
1818.85
1752.91
1753.34
1873.28
1717.12
1810.73
1763.11
1827.99
1696.38
1808.22
1797.2
1916.31
1808.92
1857.14
1895.53
1726.54
1757
1954.48
1691.71
1856.12
1638.52
1826.14
1903.15
1703.04
1809.29
1831.86
1846.95
1820.19
1917.63
1918.65
1937.7
1826.48
1736.34
1741.9
1883
1878.77
1943.94
1807.25
1911.18
1871.09
1781.62
1922.1
1815.71
1984.16
1862.26
1719.12
1661.65
1789.39
1611.24
1932.23
1875.93
1727.58
1831.43
1937.8
1858.97
1666.78
1843.81
1760.39
1912.4
1699.79
1684.89
1908.3
1736.71
1805.4
1856.95
1653.09
1831.75
1803.85
1800.62
1936.9
1826.16
1950.22
1819.57
1870.03
1903.95
1957.58
1648.12
1786.53
1641.47
1823.61
1855.79
1853.45
1942.51
1792.37
1839.66
1633.89
1696.09
1915.8
1786.2
1696.68
1749.62
1786.36
1764.67
1786.35
1715.18
1752.05
1823.37
1626.04
1949.06
1786.01
1644.21
1699.98
1976.7
1714.19
1871.86
1791.95
1853.28
1945.58
1803.45
1658.19
1850.62
1843.91
1790.62
1828.52
1824.64
1941.02
1903.89
1669.95
1849.12
1871.77
1601.59
1795.26
1660.13
1812.19
1874.66
1752.6
1941.74
1799.25
1876.31
1878.11
1812.91
1906.24
1800.7
1889.66
1794.37
1867.89
1793.5
1819.02
1744.46
1877.3
1865.83
1885.72
1749.29
1865.44
1899.36
1845.14
1825.34
1887.41
1744.46
1808.18
1812.94
1852.24
1944.06
1804.13
1877.34
1798.86
1782.91
1836.24
1911.02
1564.66
1825.94
1829.1
1894
1824.04
1722.06
1751.53
1763.03
1593.02
1670.31
1716.07
1786.49
1744.31
1848.22
1776.94
1884.07
1694.44
1924.4
1880.27
1691.13
1726.5
1902.55
1724.9
1899.3
1862.73
1839.26
1703.19
1767.76
1820.24
1766.04
1788.55
1812.25
1997.86
1838.13
1800.77
1960.37
1693.78
1803.2
1837.89
1811.9
1818.96
1751.96
1725.07
1871.19
1857.21
1760.69
1768.61
1712.33
1959.5
1702.24
1935.75
1860.51
1922.92
1922.04
2015.21
1786.28
1739.2
2045.51
1899.25
1743.11
1905.26
1819.47
1882.65
1828.31
1859.3
1782.8
1766.92
1898.71
1885.92
1799.68
1740.04
1973.04
1723.97
1858.23
1867.97
1737.4
1818.98
1877.63
1700.51
1744.33
1840.2
1915.73
1829.86
1821.98
1685.61
1792.14
1951.99
1867.38
1926.63
1857.12
1827.22
1609.64
1789.97
1889.44
1830.86
1850.84
1895.71
1803.31
1833.25
1755.9
1934.17
1888.24
1699.64
1701.39
1736.3
1841.56
1963
1790.99
1838.68
1792.43
1853.78
1818.67
1955.91
1604.74
1876.32
1859.73
1768.82
1846.78
1893.24
1975.43
1852.21
1717.14
1712.16
1854.42
1914.12
1797.07
1895.38
1753.69
1795.11
1751.89
1734.51
1900.16
1645.34
2029.91
1840.67
1817.71
1878.28
1847.65
1740.67
1807.53
1804.42
1681.72
1949.01
1768
1780.05
1936.24
1774.95
1852.15
1960.36
1920.63
1806.5
1818.94
1732.91
1670.13
1794.66
1844.33
1697.89
1668.12
1897.2
1880.27
1872.49
1805.09
1717.67
1784.66
1798.02
1950.68
1918.41
1889.1
1866.93
1995.35
1787.19
1792.16
1855.78
1704.53
1787.61
1749.12
1778.45
1829.18
1844.48
1802.65
1853.78
1884.56
1781.96
1788.4
1827.52
1777.84
1884.37
1813.16
1922.7
1787.84
1692.34
1897.56
1829.99
1826.28
1684.07
1867.97
1747.06
1753.39
1785.15
1816.14
1792.83
1964.51
1838.75
1692.37
1852.42
1733.95
1729.44
1869.03
1822.92
1950.13
1951.81
1865.87
1787.87
1664.72
1767.97
1686.23
1818.34
1727.34
1825.35
1833.16
1778.95
1778.56
1971.5
1949.6
1721.63
1854.42
1757.26
1724.88
1928.58
1718.91
1862.31
1765.34
1818.38
1833.7
1734.93
1823.32
1642.57
1888.02
1885.64
1776.76
1835.89
1888.79
1738.84
1754.33
1928.58
1792.06
1904.67
1866.84
1706.92
1904.77
1904.79
1779.4
1810.67
1839.35
1873.74
1758.96
1802.76
1796.86
1876.37
1831.4
1817.18
1755.6
1785.12
1902.18
1910.76
1781.3
1821.19
1883.94
1738.91
1731.41
2014.37
1799.65
1808.38
1710.72
1804.61
1929.16
1875.48
1831.96
1830.62
1592.9
1752.29
1888.28
1931.16
1790.09
1732.17
1851.53
1748.25
1874.89
1741.89
1925.86
1654.11
1788.26
1708.69
1670.9
1890.07
1791.63
2072.73
1783.81
1974.36
1890.4
1850.16
1808.12
1774.22
1858
1832.72
1730.9
1833.59
1847.66
1735.99
1827.04
1870.06
1965.79
1891.78
1873.12
1963.6
1803.88
1758.96
1857.34
1790.17
1761.58
1759.31
1897.3
1925.2
1952.4
1929.88
1693.38
1910.39
1731.16
1705.7
1783.38
1963.89
1774.39
1943.83
1785.71
1984.33
1920.18
1706.52
1796.95
1699.97
1755.24
1947.48
1845.88
1730.22
1883
1831.65
1748.53
1826.65
1795.24
1754.43
1741.93
1827.83
1891.06
1847.57
1805.16
1661.33
2011.61
1740.02
1708.13
1740.9
1878.95
1713.21
1915.41
1849.79
1775.05
1732.45
1862.06
1863.39
1933.49
1850.74
1821.91
1704.01
1755.9
1911.04
1882.32
1739.56
1769.97
1887.66
1734.11
1902.8
1889.48
1790.64
1749.33
1728.75
1796.37
1911.58
1650.23
1852.27
1644.06
1903.05
1868.5
1799.72
1799.48
1806.23
1875.08
1731.72
1726.75
1782.66
1829.51
1717.48
1827.74
1758.33
1697.48
1854.52
1745.45
1897.52
1807.92
1895.67
1691.44
1861.57
1843.15
1794.41
1844.63
1833.6
1755.26
1638.24
1879.15
2002.19
1747.17
1971.4
1661.76
1790.8
1942.51
1527.62
1832.13
1673.04
1817.91
1795.99
1835.91
1869.37
1867.71
1710.84
1815.09
1888.58
1702.17
2021.4
1764.84
1939.72
1913.33
1863.07
1762.84
1928.22
1780.73
1724.86
1731.75
1842.27
1847.98
1932.35
1883.92
1861.14
1858.38
1933.92
1858.07
1773.75
1909.97
1871.17
1839.6
1800.43
1764.65
1738.03
1791.53
1713.09
1828.34
1709.8
1878.29
1699.1
1755.26
1942.01
1819.16
1872.77
1721.4
1856
1951.63
1770.07
1790.43
1805.34
1887.7
1899.07
1892.97
1922
1749.27
1842.85
1776.88
1814.71
1721.4
1837.74
1837.29
1758.48
1917.37
1915.87
1968.38
1877.55
1767.77
1768.36
1818.67
1704.11
1884.31
1941.37
1926.64
1843.92
1748.97
1770.27
1916.77
1813.73
1660.55
1749.53
1828.86
1913.1
1853.24
1731.07
1816.12
1988.21
1823.3
1739.07
1853.82
1822.57
1884.26
1734.95
1804.86
1953.35
1679.75
1993.08
1633.52
1748.33
1893.55
1831.74
1929.19
1891.17
1979.12
1880.94
1872.39
1736.71
1821.41
1746.78
1868.66
1711.18
1897.27
1835.55
1949.59
1765.22
1903.46
2036.18
1869.39
1894.85
1826.97
1633.74
1777.22
1779.09
1920.79
1913.11
1690.88
1856.31
1746.68
1853.73
1719.82
1935.44
1785.49
1962.47
2064.98
2030.13
1919.97
1948.32
1792.98
1835.36
1811.65
1735.32
1996.28
1913.58
1817.08
1964.55
1898.74
1847.04
1931.11
1939.09
1662.7
1857.55
1834.74
1824.18
2004.11
1744.28
1855.33
1836.29
1764.18
1821.04
1731
1811.06
1710.68
1992.08
1860.62
1717.9
1911
1918.44
1791.57
1717.47
1751.97
1833.54
1717.4
1954.79
1673.79
1800.23
1906.05
1955.6
1916.82
1656.16
1902.56
1833.55
1795.9
1864.02
1810.63
1806.4
2022.53
1702.32
1912.23
1666.64
1803.43
1823.85
1859.64
1871.21
1761.22
1964.04
1856.03
1849.18
1764.77
1796.09
1926.02
1713.94
1652.88
1747.91
1863.07
1844.25
1766.4
1675.75
1829.9
1904.65
1943.74
1815.07
1875.54
1829.87
1933.44
1741.15
1807.76
1856.75
1916.7
1893.57
1827.85
1881.02
1958
1824.17
1705.29
1818.58
1687.39
1723.99
1884.07
1907.73
1816.74
1907.47
1749.2
1841.28
1630.46
1872.25
1932.51
1839.92
1740.94
1784.76
1753.44
2002.67
1757.69
1836.44
1814.05
1844.22
1755.17
1755.14
1810.01
1823.47
1896.73
2080.92
1696.08
1760.03
1873.09
1777.36
1923.36
1771.52
1828.04
1770.47
1834.74
1919.7
1673.16
1869.64
1791.78
1774.42
1767.11
1774.2
1898.06
1708.13
1911.37
1915.81
1720.39
1875.58
1850.92
1696.44
1604.28
1641.02
1691.69
1688.55
1826.19
1672.48
1832.78
1636.06
1887.08
1597.22
1905.97
1846.18
1797.47
1750.31
1885.34
1843.47
1633.75
1733.85
1717.98
2040.62
1773.95
1787.89
1743.18
2069.32
1619.12
1836.24
1808.95
1806.14
1813.23
1887.67
1685
1791.18
1903.63
1859.59
1901.73
1831.73
1942.03
1744.48
1772.95
1803.32
1983.4
1719.96
1828.92
1778.58
1799.19
1716.47
1921.16
1829.6
1722.7
1727.58
1893.13
1741.59
1788.11
1821.5
1820.45
1880.46
1749.69
1763.43
1723.62
1655.3
1908.23
1858.43
1826.74
1812.5
1942.89
1808.18
1914.37
1772.73
1916.91
1716.9
1745.64
1819.04
1795.51
1770.47
1799.78
1968.52
1699.08
1822.17
1868
1806.02
1829.19
1880.32
1730.34
1819.44
1958.78
1814.25
2015.15
1805.16
1770.03
1816.42
1734.45
1865.3
1783.94
1816.98
1812.83
1831.06
1802.03
1901.32
1775.84
1735.91
1824.04
1872.94
1698.77
2064.57
1910.54
1786.47
1705.98
1851.32
1768.77
1776.04
1890.17
1844.46
1791.48
1903.96
1730.69
1896.75
1706.25
1682.22
1749.71
1767.27
1906.77
1890.59
1677.77
1493.33
1826.55
1796.86
1734.5
1754.64
1898.2
1778.27
1801.76
1867.91
1851.49
1674.26
1797.35
1907.77
1797.02
1804.34
1809.64
1720.75
1838.89
1705.61
1748.75
1861.04
1954.38
1833.35
1786.59
1721.82
1905.02
1799.63
1730.73
1924.06
1821.11
1795.87
1806.54
1791.62
1823.86
1811.38
1818.26
1770.46
1847.74
1815.77
1832.25
1660.64
1835.02
1740.71
1830.97
1748.29
1789.06
1787.61
1877.42
1869.78
1648.98
1665.25
1816.04
1859.36
1707.21
1872.17
1984.95
1810.25
1650.84
1818.44
1742.15
1845.39
1864.4
1914.69
1877.86
1912.32
1844.06
1742.35
1833.5
1856.15
1805.1
1933.45
1778.36
1913.76
1965.69
1878.3
1849
1940.9
1955.78
1946.96
1851.76
1751.36
1838.42
1737
1792.45
1765.29
1789.82
1814.5
2027.93
1678.47
1756.24
1905.73
1884.33
1860.4
1729.42
1746.43
1896.52
1801.2
1812.78
1770.25
1777.02
1892.41
1812.83
1986.19
1861.24
1796.49
1864.54
1641.57
1810.48
1733.06
1808.88
1770.26
1937.64
1834.03
1779.86
1771.78
1804.38
1694.14
1927.23
1840.49
1934.82
1619.37
1860.3
1794.01
1839.9
1943.36
1770.33
1788.16
1807.72
1897.21
1744.9
1793.81
1749.85
1891.53
1833.29
1749.72
1828.45
1858.83
1839.59
1812.55
1879.62
1924.01
1806.24
1782.96
1936.37
1777.2
1727.87
1790.9
1779.93
1860.42
1748.5
1840.84
1822.96
1769.34
1783.85
1839.74
1823.11
1721.6
1944.87
1804.01
1702.27
1849.92
1858.91
1765.03
1881.82
1779.34
1713.86
1820.48
1816.25
1905.06
1877.58
1793.3
1849.68
1689.28
2021.91
1727.99
1847.42
1805.03
1720.58
1912.05
1739.64
1826.29
2023.96
1760.77
1848.91
1651.17
1712.44
1768.41
1780.18
1827.15
1827.54
1725.92
1988.09
1844.55
1764.91
1864.98
1821.45
1731.99
1749.83
1886.07
1867.63
1789.08
1742.19
1942.87
1802.34
1828.93
1892.63
1726.22
1742.37
1771.31
1756.88
1686.71
1775.54
1780.97
1815.05
1912.66
1856.69
1890.42
1987.01
1751.17
1869.26
1942.83
1671.6
1969.97
1687.1
1839.66
1566.79
1766.35
1839.66
1766.07
1861.66
1808.84
1921.88
1767.28
1934.84
1872.43
1692.63
1949.78
1906.36
1907.73
1770.27
1902.69
1953.73
1807.29
1814.45
1877.38
1708.15
1780.81
1842.52
1880.81
1689.74
1674.58
1839.12
1916.03
1786.55
1776.12
1810.4
1827.6
1811.23
1773.94
1878.6
1815.72
1800.67
1743.08
1868.37
1709.32
1755.91
1853.42
1706.83
1847.03
1749.72
1713.08
1696.47
1809
1720.86
1678.02
1705.83
1963.66
1809.71
1849.91
1701.42
1864.69
1904.1
1836.97
1741.74
1770.8
1885.57
1643.88
1800.65
1664.78
1859.97
1855.01
1652.16
1917.19
1887.18
1943.76
1788.06
1913.98
1940.75
1924.38
1785.66
1826.29
1854.7
1768.51
1829.51
1731.92
1794.94
1843.81
1790.71
1763.72
1798.02
1705.07
1862.07
1943.49
1871.92
1696.41
1864.59
1705.33
1782.8
1756.18
1779.6
1891.08
1883.14
1934.35
1843.31
1720.77
1866.72
1874.42
1810.12
1637.71
1630.32
1669.04
1827.28
1880.23
1935.04
1737.26
1795.57
1839.21
1847.58
1841.61
1813.06
1826.31
1756.68
1993.72
1664.09
1761.3
1760.33
1634.84
1862.71
1878.58
1916.68
1780.85
1827.88
1786.53
1806.97
1856.34
1860.83
1848.21
1875.66
1840.98
1677.76
1889.35
1839.23
1842.88
1657.4
2022.56
1943.47
1858.04
1739.66
1791.11
1709.38
1745.09
1901.82
1942.97
1937.35
1831.13
2017.41
