1917.12
2001.27
1948.47
1867.32
1818.28
1986.27
1866.32
1946.7
2163.42
1910.04
1960.01
1852.16
1973.63
1865.44
1917.87
1886.72
2183.68
1934.32
1913.7
2065.57
1937.08
1938.95
2023.42
1857.92
1956.8
1935.66
1744.59
1980.32
2009.24
2001.92
1897.73
1930.58
1857.33
1968.83
1878.25
2090.51
1965.84
1967.71
1997.81
1877.88
1992.17
1838.47
1984.62
1815.3
1851.23
1886.27
2031.16
1928.04
1932.09
1842.86
1937.08
1999.51
1802.16
1909.33
1896.22
1950.79
1809.1
1950.58
1757.11
1900.92
2048.14
1867.34
1866.89
1928.92
2054.07
2010.1
2021.6
1974.81
1875.76
2019.05
1831.22
1842.69
1906.03
1966.95
1944.63
1918.88
1940.25
1834.92
1814.95
2014.03
1897.71
1952.32
1981.05
1782.52
1842.34
1830.91
1936.92
2025.51
1893.37
2033.83
1986.74
1951.63
1869.7
1928.73
1893.93
1933.5
1977.29
2071
1891
2053.61
1846.14
1943.32
2117.71
1922.76
1990.43
2019.19
1814.48
1898.49
1817.16
1944.8
1964.49
1969.03
2046.76
1852.58
1918.42
1748.72
1819.89
1748.73
1808.79
2070.88
2045.15
1930.97
1903.12
1905.35
1839.44
2051.88
1997.29
1975.23
1919.37
1817.76
1930.7
2100.23
2104.96
1851.43
2011.53
1958.89
2153.18
2105.74
2085.36
1899.1
1902.32
1951.87
1823.58
1908.03
1985.16
1814.12
1970.09
1962.68
2018.47
1906.39
1738.89
1901.91
2017.14
2055.03
1898.27
1871.21
1885.36
1940.76
1840.62
1956.21
1949.96
1878.67
1878.15
1964.2
1872.53
1949.41
1845.48
1952.99
1897.38
1996.76
1890.74
1863.81
1866.82
1999.14
1973.54
1742.05
1897.89
1891.18
2053.17
1828.87
1734.19
2039.4
1912.69
1982.83
1957.7
1887.04
2202.21
1793.47
1959.85
1979.26
1962.37
1747.76
1875.02
1941.5
1992.44
1842.6
1889.05
1799.16
2013.32
1896.55
2067.93
1969.69
1938.67
1928.91
2038.85
1879.4
1773.42
1894.54
1964.93
2010.01
1950.56
1955.18
1948.13
1926.29
1939.78
2014.97
1863.36
1853.16
1916.91
1816.39
1983.18
2001.13
2011.81
1937.46
1907.61
1826.31
1895.94
2032.19
1868.62
1713.97
1841.24
1991.88
1860
1834.32
1882.05
1868.94
1871.88
1776.97
1949.33
1985.49
1742.86
1913.85
1876.84
1940.45
2030.31
1892.53
1945.29
1895.7
2022.51
1958.82
1818.43
1762.23
1818.01
1938.63
1844.54
1898.65
1877.33
1760.37
1814.84
2030.34
1834.99
1818.19
1865.89
1867.03
1945.28
1809.94
2041.57
1814.89
1812.32
1923.73
1827.98
1828.84
1905.14
1951.56
2031.67
1958.1
1944.41
2015.15
1899.49
1865.72
1984.61
1835.6
1758.55
1987.26
1844.44
1850.98
2087.74
2020.14
1999.97
1922.3
2007.66
2105.23
1960
2003.1
1920.23
1918.4
1951.65
1775.94
1800.92
1812.8
1888.19
1991.73
2104.48
1909.65
1794.99
1847.86
1950.07
2081.09
1925.75
2025.83
1878.43
1769.81
1859.89
1829.68
1916.59
1872.06
1865.84
1964.16
1918.9
1924.93
1873.57
1789.18
1921.35
1907.95
1885.63
1919.07
2065.14
1925.66
1914.06
1922.94
1786.44
1815.58
1902.67
1891.89
1949.82
1941.84
1766.99
1839.66
1882.4
1944.21
1920.71
1937.05
1876.31
1891.84
1919.1
1802.66
1879.97
1801.28
1884.55
2032.07
2013.25
1925.91
1874.32
1730.02
2086.17
1984.93
1914.84
1976.09
1779.31
1949.08
1775.43
1987.63
1834.92
1743.87
1870.08
2000.01
1884.51
1961.83
1882.76
1969.86
1889.44
1881.59
1980.15
1806.61
1763.49
1851.06
1972.33
2001.7
1869.31
1868.36
1906.02
1897.41
1853.51
2021.31
1940.68
1864.32
1938.02
1877.4
2086.88
2068.49
1815.45
1952.7
1886.76
1796.3
1824.93
1733.58
1937.16
1867.72
1951.33
1945.94
1775.16
2024.76
1887.75
2030.55
1968.01
1926.97
1816.08
2005.45
1857.48
1924.41
2007.65
1947.35
1833.84
1902.36
1931.3
1823.61
1889.78
1840.89
1983.08
1966.89
1853.26
1979.35
2167.29
1993.45
2134.86
1997.44
1888.32
1755.96
1826.02
1813.75
2001.33
1895.81
1939.16
1938.53
1896.3
1901.67
1881.86
1963.6
1822.12
1908.97
1985.58
1765.52
1848.92
1927.45
1823.31
1775.26
1926.32
1912.1
1860.79
2041.19
1872.65
1789.24
1955.51
1832.43
1889.86
1832.1
1964.78
1907.97
1852.83
1936.35
1919.19
1862.34
1891.79
1974.38
2063.08
2002.88
1820.54
1899.81
1918.37
1906.26
1903.21
1838.33
2070.32
2026.51
1854.42
1809.04
1701.18
1944.5
1957.8
1822.29
1962.49
1805.35
1909.15
2054.24
1882.8
1979.53
2025.88
1828.13
2026.44
1822.49
1902.72
1895.52
1985.51
1865.31
1948.8
1915.68
1730.76
1992.53
1896.76
1928.49
1929.06
1965.13
1725.52
1914.81
2036.95
2055.57
1874.15
1887.85
1828.4
2145.51
2025.29
1798.34
1920.29
1904.2
1796.91
1897.05
2007.11
1827.58
1867.12
1919.17
2010.19
1973.23
1878.14
1833.37
2017.86
1894.49
1981.22
1813.23
1926.47
1887.63
1850.76
1946.06
1857.39
1928.93
1922.38
1917.35
1900.3
1795.65
2007.81
1923.14
1766.8
1845.45
1855.02
1911.08
1937.56
2005.54
2000.98
1882.75
1972.82
1890.61
1859.75
2091.92
1807.47
1836.78
2076.51
1855.37
1947.99
1917.78
1748.27
2057.19
1886.41
1832.09
1861.92
2060.45
1955.95
1935.04
1849.32
1924.45
1821.52
1814.23
1920.44
1882.07
1797.03
1825.8
1916.89
1915.31
1873.76
1858.34
1865.75
1924.32
1823.81
1899.63
2010.93
1953.89
1865.3
1890.02
2027.66
1748.24
1809.51
1914.9
1994.14
1915.76
2024.86
1856.51
1879.4
1830.16
1970.25
2029.11
1939.64
2125.04
1976.85
1792.61
1853.68
1866.03
1880.2
1875.47
1966.56
1849.74
2036.61
1873.26
1760.14
1883.24
1955.3
2041.23
2043.18
1791.69
1830.27
1866.68
1807.29
1934.49
2007.33
1762.1
2116.28
1851.37
1964.79
2063.65
1960.05
1864.88
1802.01
1962.87
1929.59
2005.95
1690.69
2037.18
1843.08
2049.68
1962.26
1917.13
1993.96
1914.38
1894.7
1935.34
1769.95
1901.74
1897.43
1875.99
1877.09
1915.03
1773.38
2048.14
1806.3
1820.85
1976.26
1997.43
1896.71
1924.73
1809.95
1837.83
1912.31
1945.84
1851.63
2056.89
1761.09
1895.16
1911.57
1896.37
1900.63
1782.27
1973
1875.68
1870
1920.45
2039.3
1957.55
1736.19
1873.71
1872.05
1914.38
1782.01
1965.25
2109.48
1910.81
1908.13
1810.43
1936.4
1970.43
1897.01
1935.09
1852.3
1827.94
1927.16
2074.84
1980.9
2075.94
1837.08
1862.36
2019.98
1866.17
1882.01
1981.39
2049.2
2057.88
1753.26
1896.6
1908.73
1895.84
1917.89
2031.5
1861.17
1799.45
1875.62
1787.99
1785.57
1997.12
1919.93
1858.72
1790.6
1861.11
1841.56
1863.48
1988.63
2006.29
1847.17
1972.57
1968.36
1952.55
1821.51
1839.34
1827.99
1858.14
1894.74
1934.81
1720.43
1891.84
1974.51
1919.02
1825.97
1947.25
1890.86
1929.17
1830.89
1855.88
1879.46
1857.39
1897.31
2008.29
1989.59
1926.26
1937.94
1851.07
1998.06
1837.18
1848.61
2070.09
1867.95
1871.67
1905.94
1943.68
1861.27
1910.69
1941.38
1968.93
1617.63
1782.33
1940.43
1934.75
1868.2
1844.11
1908.23
1924.19
1953.05
1877.15
2107.6
2016.13
1844.89
2107.21
1766.79
1936.14
1746.48
1895.7
1824.89
1943.39
1846.22
1851.13
1981.01
1914.66
1764.66
1865.01
1955.44
1918.67
1824.57
1819.56
1706
1994.5
1981.69
2059.08
2038.83
1861.94
2009.55
1961.14
1985.49
1936.2
1935.1
1953.59
1852.18
1872.81
1852.57
1942.39
1938.22
2138.82
1810.64
1864.23
1880.74
1827.76
1817.14
2039
1873.6
1901.49
1772.7
1965.46
1896.17
1788.37
1921.92
1979.85
1910.6
1740.89
1893.65
2002.64
2046.3
1911.4
1842.68
1990.38
2130.27
1874.2
1914.66
2116.37
1950.74
1949.7
1902.97
2017.44
1700.99
1984.01
1831.16
1904.78
2044.52
1906.58
1884.68
1926.94
2063.71
2066.05
1818.78
1872.16
2025.97
1804.09
2002.44
2038.71
1810.29
1871.56
2011.41
2045.01
1841.61
1879.34
1836.04
1795.49
1874.02
1829.59
1928.06
1981.42
1957.46
1992.54
1858.45
1881.15
1889.23
2012.64
1878.51
1822.78
1930.35
2019.38
1966.22
1818.11
1751.33
1838.08
1788
1869.8
1968.88
1898.71
1957.93
1810.75
1878.6
1973.52
1780.31
1914.44
1790.69
1852.86
1821.7
1981.59
1876.68
1792.01
1977.17
1923.33
1909.96
2069.87
1715.59
1994.66
1874.67
1986.39
1890.47
2003.54
1880.63
1939.86
2027.83
1954.57
1825.27
1926
1925.42
1853.33
1827.88
2073.28
1848.74
1908.08
1891.35
1802.27
1938.67
1936.47
1949.34
1992.01
1823.39
1987.88
1983.82
1926.86
2029.86
1994.56
1875.87
1765.63
1996.59
1798.14
1839.8
1849.37
1912.39
1686.34
1825.08
1827.09
1926.34
1799.52
1903.02
1918.46
2161.46
2154.35
1916.98
1833.46
1910.28
1903.21
1947.18
2003.2
1906.14
1919.75
1919.84
1888.46
1955.47
1910.38
1820.55
1702.86
1798.8
1920.53
1853.56
1940.34
2139.42
1726.95
1929.58
2103.4
2049.45
1860.1
1848.29
1934.05
1829.48
2051.26
1791.97
1869.36
1889.77
1959.15
1909.1
1840.52
1816.51
2196.17
1801.71
1908.65
1919.44
1834.64
2031.62
2009.09
1932.72
1827.13
1714.37
1850.13
1963.58
1988.74
1939.83
1940.52
2060.8
1947.63
1911.6
2061.53
1907.55
1782.32
2087.05
2059.69
1986.99
1802.22
1983.29
1854.76
1970.35
1957.9
1943.35
1907.24
1968.82
1906.79
1887.86
1903.49
1939.1
1836.95
1938.4
1865.15
1959.79
2025.15
1850.73
1861.03
2005.19
1850.77
2032.62
2117.03
2039.03
1972.47
2012.65
2017.82
1832.25
1728.76
1885.19
1894.76
1847.24
1937.73
2038.56
1872.93
1816.87
1999.95
1873.79
1785.9
2008.31
1970.57
2043.13
1928.08
1883.03
1884.4
1784.23
1904.01
1886.71
2035.97
1926.6
1939.42
2047.27
1948.46
1856.77
2052.38
1832.02
1833.71
1939.39
1996.52
1956.17
1939.76
1872.3
1927.05
1998.3
1787.25
1805.65
1918.59
1965.13
1865.85
1955.62
2041.77
1870.53
1803.71
1939.81
1910.48
1858.24
2027.03
1909.05
1840.17
1961.39
1929.79
1918.19
1934.16
2060.71
1728.37
1940.77
1805.07
2049.86
1904.93
2011.56
1704.91
1955.15
2191.97
1844.95
1965.75
1932.2
1862.06
2018.13
1852.88
1856.56
1780.63
2057.46
1949.95
1861.96
1976.04
2086.66
1851.85
1960.96
1968.55
1924.26
1899.81
1926.12
2029.1
1828.55
1838.64
1923.52
1882.24
1652.29
2094.93
2071.67
1928.66
1906.72
1856.68
1973.75
1837.28
1847.16
1981.79
1851.85
1796.06
1773.09
1881.29
1874.29
1921.18
2029.98
1964.12
1802.94
2091.16
2036.92
1875.1
1845.53
1883.61
1851.41
2026.08
1951.7
1896.49
1904.83
1880.41
1935.16
1890.78
1970.86
1891.3
1929.3
1891.1
1768.09
1782.01
1902.61
1839.78
1828.05
1848.01
1929.42
1934.54
1748.01
1806.54
1862.37
2009.39
1746.12
1921.93
1888.59
1937.77
1948.87
1866.09
1764
1769.89
1904.94
1855.78
1756.33
1777.02
1875.44
1715.48
1954
1782.77
1959.39
1837.7
1800.79
1894.53
1997.86
1994.17
1935.24
1793.32
1926.57
1895.26
1822.33
1944.92
1839.42
1852.18
1921.64
1847.66
1790.09
1887.93
1826.73
1767.57
1979.42
1965.87
2074.54
1974.8
2004.08
1956.77
1863.78
1938.13
1916.37
1911.36
1956.32
1780.36
1877.4
2058.82
1855.92
2018.32
1917.99
2035.05
1805.14
1872.31
1851.86
1878.68
1805.42
1949.49
1821.2
1868.5
1955.06
2034.55
1876.16
1826.28
1898.82
1861.42
2002.42
1930.73
1910.42
1923.77
2054.24
1877.52
1911.39
1915.67
2157.45
1848.96
1899.96
1842.31
1858.02
1836.34
1974.27
1903.8
1877.3
1949.39
2103.43
2209.69
1941.28
1937
2014.91
2003.11
1854.23
1980.12
1920.77
1956.11
1932.31
1950.57
1891.24
1834.73
2010.6
1910.8
1915.35
1867.38
1892.94
1844.21
1810.32
1855.43
1852.51
1921.25
1984.93
1872.42
1921.86
1953.91
1822.43
1845.94
1924.1
1880.07
1834.82
1864.58
1988.35
1725.78
1944.89
1758.4
1980.5
1901.65
1963.54
1942.74
1819.41
2044.24
1816.74
1748.52
1926.15
1987.12
1823.68
1887.78
1871.46
2041.29
2102.44
1981.16
1965.56
1768.99
1880.19
1961.93
1847.88
1782.43
1844.03
2056.41
1936.77
1965.15
2000.28
1977.39
1887.1
1822.65
1967.36
1786.53
2050.91
1976.81
1865.54
1907.13
1899.47
1691.97
2011.75
1971.29
1933.63
1896.58
1852.01
1887.43
1784.77
1958.64
1855.74
1819.94
1900.15
1884.76
1909.99
1998.1
2007.26
1759.4
1930.12
1926.32
1891.5
1857.82
1856.73
1845.9
1778.43
1909.9
1916.77
1830.61
1842.24
1918.49
1982.91
2017.96
1816.23
1882
2080.77
1927.94
1843.77
1838.79
1859.34
1823.42
2000.57
2004.81
1880.39
1893.01
1857.65
1870.44
1900.79
1940.94
1985.38
1862.25
1794.07
1661.09
1926.34
1939.49
1782.13
2102.3
1867.77
1784.55
1844.56
1914.57
2092.77
1742.61
1854.05
1842.74
1954.52
1831.27
1767.5
1899.97
1755.19
1823.74
1889.33
1883.46
1907.75
1902.02
1813.42
2033.41
1932.87
1847.96
1857.58
1858.2
1844.83
2028.63
1929.31
2020.54
1908.9
1914.3
2003.62
1845.07
1857.61
2009.19
1838.95
1922.8
1840.99
2102.94
2023.05
1979.81
1976.85
2015.02
1854.96
1858.19
1723.32
1922.31
1867.08
1796.25
1905.68
1957.39
1940.75
2096.94
2046.02
1809.82
1957.98
2027.73
1932.17
1971.3
2022.56
2055.33
2113.23
1875.76
1981.32
1839.57
2042.38
2015.14
2080.74
2029.32
2099.05
1829.57
1887.31
2159.62
2014.3
1943.71
1685.18
2003.23
1965.25
1995.03
1858.86
2087.93
1882.79
1941.12
1788.22
2041.09
1837.79
1742.3
1933.59
1900.11
1980.19
1813.86
1920.68
1759.96
1854.84
1996.34
2060.53
1937.28
1880.77
2059.08
1864.52
1852.44
1936.85
1883.62
1817.36
2022.65
2014.67
1929.62
1888.79
1908.12
1826.48
1843.72
1877.74
2025.49
1908.39
2048.46
2022.45
1886.37
2083.63
1775.2
1940.76
2025.34
1898.77
1957.3
1819.94
1998.37
1857.39
1898.6
2011.46
1867.8
2004.47
1739.11
1830.9
1999.61
1960.49
1798.88
1858.98
1898.8
1902.92
1909.04
2014.29
2009.33
1949.57
1844.9
1980.45
1987.57
1840.61
1912.02
1920.53
1835.4
1785.62
1839.83
1990.93
1820.59
2029.42
1954
2193.55
1970.49
1808.22
1839
1914.06
1822.98
1972.57
1959.77
1771.52
2017.67
1941.76
1859.51
2016.01
1905.43
1915.68
1952.89
1882.65
1903.52
1996.2
1963.22
2003.31
2065.88
1992.22
1875.99
2147.58
1869.26
1814.68
1886.42
1945.47
1911.48
1929.89
1899.45
1980.2
1951.8
1843.53
1766.18
1799.32
1879.38
1921.18
1809.45
1758.19
1846.26
1922.59
1905.88
1779.71
1924.65
1859.31
1804.72
1878.02
2013.94
1904.26
1945.46
1848.89
1888.12
1912.89
1994.4
1959.86
1884.98
1865.61
2029.89
1826.62
1893.95
1786.46
1904.8
1997.65
1951.02
1864.39
2057.68
1902.76
2002.99
1859.62
1805.62
2063.46
1932.17
1830.84
1987.13
1862.7
1855.63
1854.49
1944.41
2018.81
1922.07
1945.41
1945.56
1956.18
1926.41
1830.15
1979.4
1764.96
1838.28
1980.13
1838.44
1882
1926.85
2109.98
1846.46
1994.52
2093.84
1860.71
1802.15
1919.91
2029.47
1813.99
2019.29
1855.43
1842.45
1922.93
1981.34
1981.71
1811.62
2000.73
1810.11
1913.13
2020.7
2026.22
1908.28
1859.38
2049.14
1859.12
1940.69
1783.81
1896.3
1854.71
1912.49
1967.97
1890.32
1994.76
2066.87
1871.51
1745.84
1813.14
1854.42
1762.5
1924.8
1955.29
1923.25
1978.38
2076.37
1856.05
1864.86
1926.06
1831.62
2002.29
1882.08
1810.71
2072.42
1971.96
1808.14
1866.53
1913.87
2013.92
1844.08
1972.58
1945.93
1946.09
2030.11
1850.15
1866.78
1907.4
1809.02
1888.07
1834.53
1987.83
1927.12
1885.04
1981.21
1923.31
1992.11
1832.04
1848.48
1880.92
1737.85
1873.01
1932.67
1710.55
1772.82
2122.87
1932.89
1956.06
1945.1
1949.42
2009.61
2163.61
1818.71
2062.8
1996.68
1863.45
1790.79
1844.22
1879.73
2108.4
1865.83
1920.24
1839.81
1942.4
1996.76
1903.48
1957.42
1896.9
1868.88
1846.07
1994.27
1870.01
1989.28
1974.81
1970.78
1795.83
1758
2012.38
1873.16
1818.82
1852.06
1812.22
1997.06
1990.16
1971.36
1980.92
1989.69
1968.21
1890.7
1768.67
1807.78
1880.53
1919.68
1873.95
1838.9
2188.19
1930.5
1825.27
1957.64
1992.96
1994.43
1901.8
1755.33
1841.48
2063.51
1805.92
1900.2
1963.92
1928.61
1887.65
1826.61
1824.47
1990.76
1740.47
1914.31
1877.14
1835.11
1866.64
1818.46
1896.31
1852.4
2052.77
2073.33
1829.26
1994.27
1953.73
2072.61
1993.38
1720.35
2119.64
1898.94
1836.17
2100.17
1976.36
1903.78
1817.63
1971.76
1966.12
2017.05
1756.36
1762.88
1919.51
1960.27
1914.9
1926.34
1874.27
1955.33
1833.3
1864.61
2034.44
1905.98
1938.67
1935.93
2018.74
1971.07
1903.91
1985.95
1987.35
1783.94
1805.52
1752.51
1740.44
2013.03
2016.86
1885.31
1763.85
1969.17
1880.26
1909.37
1898.74
2039.15
2024.53
1905.41
2008.28
2075.96
1923.58
1965.35
1844.77
1772.63
2011.21
1854.38
1831.74
1771.21
1850.73
2072.91
1858.18
1908.62
1933.3
1965.11
1777.94
1677.51
1940.85
1951.59
1878.36
1992.79
1953.33
1898.99
1937.24
2026.46
1721.76
2028.21
1916.73
1996.71
2043.19
1979.38
1870.05
1772.73
1751.24
1868.73
1955.17
1952.98
1827.52
1753.18
1783.52
1837.22
2144.37
1958.71
1862.63
1992.21
2064.65
1998.09
2089.39
2017.16
1933.17
1962.47
2013
1916.51
1993.7
1813.49
1851.05
2019.09
2003.79
1937.64
1883.5
2051.7
1850.43
1984.72
1979.36
1732.01
2021.1
1965.39
1958.83
1891.34
1899.9
1824.11
2021.35
2069.67
1872.8
1885.01
1916.17
1999.26
2081.32
1857.06
1908.59
1870.46
2020.76
1966.5
1836.97
1968.49
1864.4
1990.02
2123.61
2082.69
1757.16
2087.17
1713.14
1800.54
1710.48
1765.4
1810.51
1850.54
1938.71
1900
1954.93
1847.37
2013.34
1820.64
1728.49
1746.74
2055.31
1910.63
1858.25
1959.9
1769.07
2031.93
2099.71
1884.55
1835.61
1826.73
1901.39
1834.78
1902.99
1868.11
2104.64
1863.33
1733.42
2026.11
1894.93
1812.43
1694.55
2019.96
1953.86
1913.55
1961.36
1809.61
1968.9
2002.63
1750.04
1886.69
1976.43
1989.16
1934.57
1823.16
1989.29
2080.01
2015.63
2065.41
1687.9
1890.53
2001.42
1917.54
2000.19
1880.88
1844.41
1962.07
1984.91
2017.73
1957.79
1791.99
1821.08
1917.47
1732.49
2030.66
1890.02
1759.35
1857.24
1927.8
1987.1
1770.14
1888.25
1884.73
2088.26
2140.74
1766.02
2026.73
1966.14
1771.11
1852.86
2000.86
1847.13
1971.72
1862.14
1970.51
1933.53
2108.74
1996.79
1865.58
1947.54
1874.46
1767.2
1902.32
1937.5
1702.53
1856.63
1982.77
2036.2
1931.85
1939.86
1912.33
1754.88
1741.6
1824.47
1874.5
1981.23
2002
1969.68
1955.51
1952.9
1983.63
1796.66
1978.5
1831.24
1819.89
1918.72
1979.06
1814.99
1978.28
2026.77
1868.38
1911.47
2022.92
1940.48
2019.08
1929.52
1885.86
1861.62
1869.5
1721.33
1998.18
1834.13
2043.27
2051.98
1711.67
1851.92
1819.85
2015.28
1891.57
1886.34
1835.39
1890.64
1989.35
1720.84
1937.51
1887.52
1846.65
1903.88
1906.88
1974.33
1871.12
1915.41
1851.46
1960.5
2085.53
1840.41
1949.95
2000.04
1835.62
1915.86
1968.74
1931.17
1976.96
1894.91
1800.98
1852.98
1856.92
1946.23
1947.92
1745.62
1891.99
2080.33
1922.13
2091.5
2017.61
1932.93
2036.9
1959.11
1827.11
1776.03
1869.78
1703.78
1945.66
1907.69
1824.36
1896.5
1948.46
1946.88
1961.1
1893.9
1922.84
1909.15
1746.39
1968.43
1849.14
1983.71
2023.96
1909.9
1779.43
1858.77
1744.24
1810.45
2040.01
1806.98
1847.72
1984.14
1915.17
1755.76
1880.96
1756.46
1915.72
1932.27
1936.92
1752.8
1979.4
1968.25
1917.67
1972.67
1941.41
1922.22
1923
1920.76
1923.78
1956.71
2030.71
1902.99
1957.91
2057.8
1935.62
2059.68
1799.25
1914.05
2046.35
1924.39
1919.19
1882.04
1888.55
1792.21
1885.45
1939.33
1899.22
1771.02
1836.96
1972.23
1778
1880.11
1958.18
1792.68
1759.89
1988.81
1918.55
1964.51
1977.86
1988.57
1784.72
1958.02
1924.86
1966.5
1880.25
1890.85
2022.69
1929.16
1863.24
1783.91
1843.64
2056.47
1783.39
1881.08
1899.39
2001.29
1958
1834.67
1886.44
1899.95
1897.19
1930.95
1916.86
2062.64
1966.54
2052.54
1858.67
1885.06
1773.56
1950.59
1914.24
2028.79
1953.11
1821.41
1900.1
1998.96
1680.52
2017.67
1958.27
2028.62
1893.76
1863.67
1758.17
1828.56
1792.61
1758.5
1844.92
1867.75
1988.84
1893.28
1890.79
1987.85
1858.05
1959.06
1961.1
1912.07
1727.05
1980.24
1851.24
1878.84
1766.9
1930.08
1917.42
1921.4
1919.86
1881.46
1779.68
1980.27
2022.76
1932.38
1789.88
2004.04
1873.07
1924.43
1742.36
1775.13
1917.48
1724.93
1907.21
1951.79
1782.73
2042.38
2140.65
1976.62
1841.18
1870.55
1911.79
1813.85
1755.87
1874.98
1951.3
1868.56
1831.33
2072.47
1865.34
1932.55
1965.7
1918.39
1996.41
1918.37
1988.46
1755.84
1849.25
1862.67
1842.49
1910.22
1751.94
1784.57
1784.62
1870.38
1884.94
1843.73
1916.9
1932.87
2068.62
1896.63
2146.58
1845.51
1998.43
1970.99
1964.18
1965.08
1851.47
1914.78
1755.08
2094.46
1801.24
1785.48
1864.48
1932.95
1800.91
1927.66
1883.59
1852.52
1794.92
1861.94
2006.97
1855.56
1967.53
1833
1751.72
1965.36
1909.1
1975.97
2060.85
2100.17
1914.44
1881.5
1827.79
1937.84
2125.25
1811.88
1887.98
1942.75
1856.9
2002.46
1951.25
1899.67
1995.3
1766.03
1888.41
1958.76
1735.31
1823.68
1941.13
1968.06
1981.03
1964.82
1981.47
1974.11
1970.03
1947.08
1833.53
1868.85
1951.24
2039.31
1841.43
2043.12
1728.84
1860.48
1807.25
1839.13
1831.41
1969.56
1868.27
1951.34
1897.6
1923.19
1746.88
1789.64
1882.39
1800.64
1915.23
1861.03
1745.96
1854.21
1866.56
1853.52
1820.21
1993.55
1927.14
1894.37
2084.8
2063.91
1860.3
2032.56
1858.66
1982.2
1996.17
1838.89
2102.39
1921.49
1902.13
2004.23
1924.03
1923.39
1851.81
1863.68
1763.42
2056.95
2031.66
2004.02
1895.96
2008.47
2019.17
2035.32
1893.37
2023.86
1974.26
1802.02
1821.63
2027.27
1945.73
1937.22
1899.78
1912.92
1959.79
1937.06
1677.31
1807.89
1897.41
2098.94
1886.27
1914.58
1932.16
1881
2085.46
2163.09
1813.89
1778.3
1852.2
1934.18
1901.05
1870.51
1884.12
1949.68
1840.06
1971.72
1802.02
2015.3
2010.68
1986.26
1946.76
1899.49
1894.06
2073.75
1848.34
1919.7
1798.12
1832.58
1799.94
2122.45
1886.4
2012.56
1879.64
1871.86
1790.64
1870.64
2073.15
1965.01
1910.61
1826.01
1814.81
1866.27
1927.33
2019.76
1901.95
1980.58
1823.56
1925.53
1957.76
1961.11
1968.64
1857.07
1805.99
1798.07
1900.03
1953.19
1870.34
1814.89
2020.94
1779.51
1914.16
1874.34
1843.05
1890.52
1832.83
1896.81
1779.55
2096.27
2013.8
1924.4
1985.55
1923.76
1982.45
1921.94
2095.3
1897.43
2040.42
1973.8
2015.23
1861.34
1824.8
1939.46
1993.78
1847.62
1972.08
1896.68
1819.81
2008.62
1980.03
1953.8
1959.45
1771.88
1960.21
1906.37
1805.48
2045.37
1972.8
1882.98
2066.26
2110.25
2014.31
1899.15
1746.73
1999.86
1726.17
1879.95
1909.89
1882.06
1790.16
1962.35
1973.49
1979.52
2068.87
1971.34
1952.98
1855.13
1901.44
1923.28
1884.48
1925.76
2052.08
1880.42
1781.76
1873.85
1886.44
1736.73
1764.68
1888
1811.58
1972.67
1876.64
1787.68
1933.35
2014.78
1931.34
2059.58
2023.62
2041.76
1960.08
1969.55
1872.28
1960.81
2038.76
1739.21
2006.78
1909.1
1976.77
1637.54
1831.1
1815.01
1975.54
1858.32
1942
1929.59
2143.04
1946.61
2068.41
1856.57
1949.62
1764.47
1952.82
1878.27
1968.41
1859.99
1918.13
1913.85
1832.69
1999.71
2082.99
1898.5
1986.01
2012.31
1868.93
1981.15
1861.83
1968.91
1775.66
1833.23
1960.93
1765.24
1928.17
1999.5
2038.04
2061.53
1866.47
1875.94
1809.42
1866.7
1845.96
2102.63
1823.48
2016.71
1774.65
2027.75
1919.06
1852.21
2031.04
1897.95
1863.33
1940.82
1969.07
1888.75
2084.55
1887.74
2071.08
1867.74
2069.3
1941.15
1880.84
1998.25
1959.88
1930.57
1808.99
2003.35
1853.69
2096.19
1885.76
1729.06
2080.42
1928.63
1884.92
2062.65
1982.79
1707.01
2036.57
1935.73
1886.7
1871.39
1901.87
1901.35
1872.91
1881.92
1964.52
1904.35
1764.54
1965.74
2052.45
1991.03
1803.87
1838.15
1757.56
1909.45
1880.89
1969.03
2017.98
1800.06
1942.32
1928.37
1928.3
1891.22
1847.82
1766.37
1895.09
1957.67
1982.58
1889.18
1995.18
1979.22
1872.05
1927.98
1952.44
1808.06
2036.97
2013.96
2018.7
1953.04
1890.34
2017.25
2059.18
1930.05
1841.84
1818.5
1980.91
1913.31
1997.81
1912.9
1816.43
2032.48
2152.94
2015.68
1842.56
1856.7
1899.51
1873.57
1855.25
1923.49
1874.45
1732.99
1872.45
1961.93
1896.94
1850.05
1923.73
1899.67
1794.36
1768.16
1789.37
1827.54
1808.3
2017.57
2016.74
1953.51
1929.55
1951.78
1971.12
1942.77
1875.8
1809.85
1962.14
2026.78
2001.76
1829.81
1890.82
1808.59
1862.15
1861.02
2007.54
1706.35
1738.43
1906.03
1922.89
1798.05
1846.65
1946.23
2006.31
1744.18
1961.08
1896.85
2001.37
1621.08
1964.3
1959.82
2061.89
1794.73
1762.92
1822.16
1955.29
1983.49
1918.4
1982.2
1980.38
1895.87
1777.86
1834
2032.71
1957.33
1763.04
1911.26
1870.36
1897.44
1968.43
1745.32
1911.69
1925.46
1889.73
1941.78
1898.9
1959.56
2025.45
1969.58
2004.69
1666.9
1880.28
1972.97
2051.62
1962
1854.97
1859.43
1938.85
2141.13
1994.36
2019.42
2070.54
1828.98
1807.96
2007.22
1922.13
1879.15
1842.35
1930.17
1871.42
1883.24
1905.85
1953.91
1925.1
2012
2028.74
2092.37
1946.62
1828.56
1989.22
1871.02
1932.42
1887.98
1894.95
1826.71
1847.58
1840.28
1873.63
2115.03
1889.46
1916.36
1916.39
1812.58
1830.01
1703.76
1940.35
1827.37
1892.27
1822.98
2018.56
1892.31
1931.86
2051.03
1947.55
2043.34
1859.41
1933.34
1822.9
1828.88
2024.39
1782.86
1900.18
2109.86
1981.72
1883.55
1899.65
1935.86
1946.73
1924.21
2047.05
1925.7
1854.4
1771.26
1927.66
1996.96
1932.96
1967.73
1996.59
1802.67
1890.94
1893.22
1781.67
1858.91
2032.54
1825.63
2080.76
1791.86
1783.54
2051.16
1964.53
1951.03
1931
1872.81
2089.05
1884.41
1863.23
1829.77
1922.41
1974.34
1791.51
1801.58
2100.09
2038.45
2006.51
1910.51
2069.55
1858.57
1896.85
1924.38
1802.06
2069.14
1766.63
1867.87
1849.69
1798.78
1919.21
1921.52
1849.66
1770.51
1772.54
1934.22
1804.68
1997.32
1868.87
1965.68
2030.99
1908.88
2029.98
1668.3
1886.93
1986.92
1809.57
2041.06
1969.97
1873.12
2025.79
1837.04
1958.29
1855.83
1875.21
1899.79
1822.38
1955.32
2060.43
1921.31
1863.91
1880.41
1856.85
1763.36
1890.14
1894.14
1967.69
2033.79
1800.58
1746.16
2091.94
1849.17
1822.33
1859.65
1878.81
1726.21
2024.96
2005.99
1950.44
1928.57
1801.53
1926.36
1779.33
2122.12
1933.33
1921.94
1981.43
1966.66
1904.91
2034.14
1744.3
1879.51
1804.71
1694.29
1879.39
1898.57
1826.64
1953.76
1847.97
1950.89
1927.89
2011.12
1921.17
1873.08
1760.53
1864.18
2007.5
1886.19
1749.81
1994.33
1934.19
1914.74
1872.06
2011.69
1936.95
2032.55
1737.54
1926.55
1904.48
1985.24
2090.34
1930.83
1862.34
2011.31
1997.71
1863.61
1890.06
1871.66
1995.79
1796.32
1903.65
1834.2
1876.91
1911.82
2034.29
1867.29
1893.15
1962.19
1994.01
1978.93
1806.33
1962.38
1864.97
1768.16
1765.87
1827.46
1953.61
1812.9
1957.03
2059.76
1911.46
1827.37
1958.45
1851.08
1853.55
1860.71
1807.8
1915.81
1860.95
1983.9
1846.58
1840.11
1891.34
1635.65
1858.35
1752.82
1934.37
2020.81
1871.25
1904.44
1892.33
1987.89
2009.9
1961.83
2032.63
1991.45
1947.33
1972.84
1796.54
1685.94
2115.99
1882.09
2084.56
1890.88
2004.18
1888.04
1761.72
1880.3
1931.39
1888.25
1796.94
1933.36
1907.65
1972.66
1808.83
1900.15
1921.71
1815.73
1820.18
1891.66
1824.83
1916.09
1987.8
1856.95
2003.73
1986.15
1821.02
1784.31
1887.51
1893.1
2087.76
2053.76
1905.74
1893.57
1900.46
1781.42
1911.19
1881.13
1982.22
1969.7
1943.08
1926.53
1867.08
1938.68
1928.88
1986.9
1910.51
2026.78
1755.54
1841.55
1847.34
1867.38
2026.43
1695
1778.97
1941.49
1817.31
1975.43
1784.46
1996.41
1844.38
2039.61
1900.36
1845.88
1941.73
1958.08
2148.19
2113
1830.64
1799.28
1870.48
1821.58
1904.14
1997.7
1945.53
1870.97
1858.29
1836.7
1915.89
1907.57
1907.28
1986.68
1904.05
1767.17
1893.51
1891.11
1757.99
1941.6
1871.02
1843.79
2055.76
1879.06
1911.4
1891.8
1927.54
1931.67
1876.98
1967.67
1949.01
1870.62
1915.27
1864.26
1954.4
1857.53
1805.39
2045.27
1986.26
1807.84
1930.83
1952.5
1941.85
1881.69
1929.89
1984.55
1946.09
1918.08
1976.04
1834.48
1979.59
1871.06
1878.35
1792.22
2070.88
2095.11
1985.5
1734.29
1893.53
2072.09
1879.07
1860.32
1888.25
1835.85
2017.81
1915.71
1819.43
1721.78
2063.19
1971.25
1865.64
1766.65
1894.51
1848.1
1962.08
2020.93
1835.91
1871.28
1843.19
1894.94
1888.35
1802.17
1977.91
1811.97
1923.4
1803.24
1807.92
1895.14
1931.09
1863.62
1835.09
1661
1751.52
1917.83
2022.26
2016.76
1820.32
2024.85
1903.02
1884.35
1939.06
1923.86
1956.86
1899.24
1936.49
1894.57
1997.71
1722.1
1955.29
1932.71
1911.45
1749.41
2004.09
1818.74
1853.56
1924.55
1871.23
1814.17
1823.56
1853.54
2026.25
1785.81
1850.08
1901.46
1777.9
1978.9
1861.36
1943.55
1971.88
1960.56
1964.04
1911.51
1931.99
1829.11
1981.72
1871.86
1985
1964.08
1953.35
1767.94
1916.97
1912.1
2123.47
1819.41
1879.6
1941.13
1919.81
1806.76
1873.76
1811.8
1958.72
2021.12
1937.33
2055.13
1971.03
1771.94
1974.98
1878.77
2046.27
1951.42
1701.95
1902.4
1844.65
2056.75
2023.03
2010.7
2015.2
1822.24
1962.29
1847.67
2018.32
2044.08
1894.08
1957.06
1882.54
1872.85
2023.9
1865.52
1798.17
1828.12
1868.12
1873.94
1955.81
1909.57
1974.24
1913.69
1774.38
1821.41
1977.47
1997.22
1913.47
1854.66
2023.26
1991.81
1866.41
2025.33
1969.7
1955.83
1885.04
1965.21
1736.82
1761.87
1875.09
1899.94
1940.39
1856.06
1993.55
1882.75
1949.08
1999.02
1972.88
1879.49
1876.17
1850.05
1820.29
1935.44
1917.02
1844.72
2006.82
2024.32
1863.63
1565.68
1716.87
1948.97
2037.68
1862.74
1846.87
1853.03
1880.92
1988.11
2028.46
1887.46
1843.99
1817.93
1911.54
1863.9
1957.89
1809.32
1984.94
1967.61
1869.12
1991.49
1891.88
1938.33
1725.52
1885.53
1913.37
2035.45
1781.56
1877.95
1899.65
1978.8
1838.18
1980.25
1925.1
1937.52
1906.72
1894
1911.49
1707.75
2045.95
1985.21
1933.07
1910.43
1906.55
1971.77
1979.95
1750.85
1871.01
1975.75
1988.71
1927.29
1983.2
2100.28
2101.32
2008.15
1878.53
1854.29
1779.9
1859.54
1816.6
1733.62
1987
2077.43
1999.7
1911.73
1757.39
2022.56
1780.01
1888.8
1746.6
1919.73
1984.53
1966.07
2033.57
1866.03
1855.41
1886.91
2176.27
2086.69
2139.06
1785.03
1912.61
1931.86
1924.81
1961.41
2027.93
2012.36
1844.53
1877.84
1920.19
2012.66
1976.64
1780.54
1961.36
1868.01
1776.35
1871.91
1796.25
1953.68
1857.61
1951.44
2003.73
1826.9
1907.35
1957.11
1768.69
1870.83
1888.41
1972.08
1832.78
1796.32
1849.39
1869.3
1848.71
2032.65
1884.31
1946.17
1858.62
1826.71
1830.96
2071.69
1941.03
1821.25
1870.85
1990.24
1815.3
1836.89
1836.76
1844.05
2033.04
1847.39
1912.5
1922.38
1925.54
1926.2
1834.16
1883.94
1791.93
1760.15
1869.25
1902.82
1847.64
1812.91
1931.37
1858.46
1778.49
1957.45
1931.14
1934.77
1980.13
1932.3
1894.42
2036.64
2081.7
2002.42
1972.89
1826.36
2078.53
1969.51
1997.12
1912.29
1767.94
1837.29
1918.3
1920.78
1912.24
1830
2050.57
1835.48
1829.31
1963.18
1941.22
1963.54
2127.26
1935.95
1924.76
1958.55
2094.25
1880.62
2065.26
2011.69
1995.82
1813.86
2061.82
1875.28
1900.04
1966.22
2030.69
2114.31
1964.06
1946.92
1808.15
2048.72
2029.09
2019.89
1960.55
1871.02
1965.66
2014.63
2078.85
1790.57
1958.78
1827.55
1845.66
1772.52
1987.45
1913.62
2029.43
1752.24
1916.26
1942.52
1894.38
1857.77
1927.16
1988.36
1935.7
1970.01
1915.33
2094.07
1869.09
1839.17
2038.1
1912.28
2007.32
1928.13
1814.22
1911.89
1962.29
1968.7
2139.29
1819.27
1765.85
2009.15
1902.82
1878.51
1973
2049.88
1934.56
2085.84
1843.15
1733.29
1888.4
1954.17
2027.77
1873.55
1777.15
1904.31
1903.99
1864.98
1911.32
2073.84
1933.34
1828.15
1900.02
1857.88
1827
2095.25
1917.05
1888.89
1985.59
1988.9
1886.03
1945.76
2121.41
1827.47
2015.03
1901.15
2063.35
2003.45
1911.27
1941.98
2029.9
1899.54
1821.18
1834.76
1820.6
2008.43
2021.31
1830.5
1878.2
1808.08
2094.87
2002.11
1867.72
1814.63
1849.23
1876.68
1938.08
1758.41
1889.7
1987.5
1778.6
1937.79
1955.61
1809.02
2011.29
1894.59
1889.77
1898.9
1732.92
2018.68
1783.86
1939.52
1751.39
1848.03
1877.7
1869.68
1831.22
1799.4
1826.86
1702.12
1899.63
1967.35
2188.11
2109.55
2094.02
1885.81
2038.65
1845.01
1953.67
1859.1
1955.38
1897.85
1716.8
1958.12
1939.06
1906.66
2005.56
1884.45
1941.14
1612.04
1968.76
1888.19
1913.21
1908.69
1927.3
1847.76
1920.79
1937.95
1839.49
2004.63
1918.56
1864.9
2041.62
1896.94
1907.55
1871.52
1983.86
1999.06
1883.8
1967.66
1807.83
1973.8
2007.61
1892.64
1804.13
1800.63
1787.95
1908.44
1833.89
1840.71
1973.07
1884.38
1946.6
1942.8
1969.72
1869.09
1986.25
2011.55
1753.08
1900.37
1886.48
1860.18
1937.06
1757.61
1774.21
1950.16
2041.37
2129.34
1892.85
2032.41
1941.95
1876.57
1910.33
1883.8
1954.38
2051.79
1912.18
1842.17
1811.12
1965.42
1897.77
1856.84
1839.03
1881.71
2161.45
1927.28
1889
2024.85
1998.36
2088.12
1840.89
1941.1
1850.12
1924.29
2005.93
1914.11
1797.44
2116.03
1991.92
1769.54
2171.21
1943
1816.76
1932.72
1820.01
1901.81
1973.99
1972.39
1766.46
1931.91
1798.93
1902.82
1834.16
1931.81
1979.91
1985.36
2017.26
1989.93
1903.91
1903.77
1921.64
1824.81
1914.79
2097.09
1937.88
2097.29
1927.29
1844.39
1891.54
1777.57
1964.3
1824.45
1817.96
1994.2
1834.85
1842.07
1821.78
1900.09
2035.67
1960.22
1903.7
1978.64
1855.67
1949.17
1953.68
1990.66
1976.76
1983.73
1983.71
1861.96
2041.31
1827.07
1980.71
1717.14
1868.84
1926.07
1876.04
1879.18
1980.08
2029.95
2067.81
1809.9
1985.13
2137.43
1941.84
1868.93
1989.47
1910.13
1787.77
1878
2091.05
2080.99
1780.72
1887.11
1854.51
1749.97
1859.65
1829.59
1872.43
1910.98
1952.88
2024.92
1897.31
1929.9
1778.01
1909.51
1758.51
1831.85
1972.23
1923.44
1895.71
1974.01
1895.45
1781.8
1844.39
1827.97
1984.06
1845.22
2001.27
1995.07
2035.26
1892.18
2025.08
1778.17
1807.66
1951.2
1810.07
1974.48
1907.66
2052.14
1674.42
1890.13
1869.61
1927.37
1900.84
1831.38
1942.88
1722.05
1956.81
1891.37
2062.49
2069.81
1974.36
1893.43
1909.09
1885.17
2047.36
1853.43
1940.03
2037.3
1913.01
1737.54
1904.59
1985.26
1988.95
1932.29
1866.15
2028.43
1903.23
1802.26
2041.3
1966.17
2004.12
1868.45
1881.21
1926.2
1883.87
1936.36
1878.29
1849.75
1937.14
2000.6
2009.1
2062.3
1784.91
2002.67
2083.92
1963.13
2012.93
1967.47
1925.86
1893.2
1984.3
1974.82
1977.54
1806.96
1910.11
1990.76
1939.01
1832.83
1796.41
1931.49
1815.42
1950.18
1911.51
1790.14
1963.95
1788.32
1928.1
1757.49
1760.78
1895.77
1897.66
1978.6
1905.63
1868.42
2122.63
1992.43
1868.28
1847.88
2061.86
1834.7
1984.54
1770.69
1835.87
1907.36
1815.18
1799.04
1908.8
1926.18
1967.38
1966.39
1922.58
2110.46
1924.73
1944.89
1912.98
1846.59
1980.01
1867.82
2002.97
1872.11
2031.26
1988.86
1914.43
2081.83
1839.21
1876.64
2004.42
2054.75
2036.51
1989.34
1860.49
1808.95
2002.67
2000.28
1934.32
1825.97
1959.15
1801.37
1807.61
1874.21
1787.87
2080.05
1892.46
1805.82
2109.65
1730.89
1757.23
1808.82
1823.07
1859.64
1936.6
1841.94
1758.91
1927.71
1819.49
1765.09
1914.65
1830.65
1862.19
2025.51
1721.18
1947.1
1866.08
1864.37
1989.41
1769.8
1984.37
2027.65
2017.23
2070.8
2058.77
1830.62
1807.43
1840.42
2044.13
1865.37
1792.67
1770.4
1824.12
1920.35
1879.18
1963.19
1949.95
1990.51
2023.84
2040.65
1948.86
1906.93
1893.37
2188.52
1932.92
2010.35
1818.71
1939.66
2096.9
1869.84
1841.03
1980.17
1890.23
1967.6
1850.91
1929.57
2041.87
1977.31
1937.52
1830.51
2066.33
1915.03
1881.34
1952.92
1995.83
1857.83
2021.61
1803.67
1874.15
1940.13
1894.39
1924.87
2106.46
1940.08
1906.52
1796.64
1889.99
1803.22
1980.81
1991.05
1976.91
2001.69
1859.31
1734.23
2027.47
1924.46
1753.98
2026.95
1942.06
2094.32
1913.78
1846.97
2046.32
2088.34
2042.26
1699.59
1929.45
1978.24
2083.23
2043.71
1826.54
2023.77
1897.61
1837.7
1961.27
1934.32
1997.99
1999.43
1956.52
1868.15
2062.07
1824.64
2067.14
1753.99
1896.69
1943.52
1847
2007.47
1954.58
1885.75
1941.37
1833.65
1904.63
1923.98
1923.82
1863.76
1825.82
1951.71
1918.95
1936.97
1919.93
1880.27
1970.16
1835.36
1931.42
2064.58
1796.51
2003.86
1854.18
2010.08
1848.61
1863.46
1819.47
1895.68
1953.91
1719.28
2089.56
1961.96
1800.68
1764.7
1997.19
1991.51
1902.45
2009.7
1911.17
1991.91
2026.81
1928.56
1805.85
1867.98
1785.18
1850.97
1728.88
1968.52
1864.35
1864.18
2133.14
1933.02
1880.49
2075.39
2033.56
1785.99
1809.67
1907.67
1890.08
1641.52
1859.95
1891.96
1872.69
1883.07
1869.73
1906.84
2015.39
1813.37
1909.71
2163.9
1777.47
1829.45
2003.59
1873.55
1920.28
2081.44
1929.95
1900.99
1858.74
1782.81
1787.37
1885.52
2077.79
1878.14
2022.62
1802.97
1812.17
2063.93
1932.79
2067.89
1919.14
2008.46
2036.89
1899.24
1895.32
1812.08
1924.3
2049.33
1992.52
1828.5
1966.36
1900.36
1933.46
1926.13
2014.29
2008.53
1962.13
1825.43
2009.6
1844.53
2009
1821.95
1915.85
2013.99
1756.13
1827.55
2008.08
1789.76
1725.41
1791
1743.54
1967.26
2095.94
1940.39
1858.71
1980.23
1955.1
1975.44
1966.3
1882.13
1860.69
2028.71
1893.26
1831.83
1850.57
1897
1828.3
1765.19
1754.32
1852.11
1944.1
1825.33
2111.05
1891.71
1852.85
1989.56
1898.63
1945.92
1952.95
2092.32
1960.56
1789.4
1781.48
1913.97
1945.43
1792.39
1812.31
1936.22
1956.36
2033.37
1940.82
1836.06
1908.77
1862.77
2025.95
2039.19
1969.88
1883.74
1858.4
2061.08
1899.74
1889.39
1857.52
2001.12
1941.01
2019.64
1854.14
1986.18
1852.43
1916.25
1921
1899.5
1840.08
1837.1
1966.02
1917.43
1993.56
1842.61
1823.37
1877.67
1930.84
1982.83
2005.61
1959.4
1889.91
1895.74
1908.61
1857.89
1951.67
1897.63
2010.89
2042.32
1827.79
1838.57
2064.74
1880.75
2090.5
1993.38
2022.81
1882.26
1947.71
1949.33
1862.65
1802.55
1893.61
1819.76
1858.78
2014.39
2057.44
1848.14
1901.46
1839.15
1843.01
1820.53
1882.17
1899
1966.04
1850.31
1849.69
1949.48
2039.77
1834.74
1883.55
1950.31
1966.08
2009.58
1966.32
1904.41
1919.32
1724.6
1933.2
1782.44
2073.69
1890.56
1772.93
1919.21
1863.5
1968.21
1815.29
1834.53
1922.35
1998.52
1835.8
2029.7
2029.48
1585.52
1978.79
1894.9
1950.93
1939.92
1889.15
1853.27
2047.77
1991.82
2008.39
1796.26
2026.51
2062.74
1943.66
1883.61
1848.78
1849.53
1871.27
1895.31
2041.36
1897.57
1972.94
1976.02
1943.73
1837.66
1823.11
2059.38
1985.48
1869.39
1914.81
1816.56
1873.07
1958.26
1824.33
1786.62
1901.68
1937.03
2104.12
1776.01
1880.3
1875.85
1911.22
1928.29
2044.71
1944.82
1954.55
2000.97
1968.79
2039.35
1902.71
1947.33
1965.18
1934.47
1866.44
1993.78
1827.81
2015.14
1978.93
1893.37
1914.63
1904.53
1786.64
1882.12
1940.19
1884.88
1872.07
1975.33
1960.87
2090.52
1704.02
1869.68
1864.27
2106.5
1885.79
1882.59
1880.04
2044.28
1858.67
1864.75
1899.99
1967.89
1819.04
1818.55
2038.44
1882.4
2035.16
1929.31
1933.63
1841.23
1836.53
1785.29
1746.16
1790.98
1876.06
1960.58
1881.89
1919.5
2032.96
2016.31
2070.42
1919.22
2017.81
1916.4
2006.32
1869.69
1973.94
1866.08
1893.01
2158.86
1846.37
2000.91
1978.9
1759.57
1804.95
2001.46
2065.03
1819.25
1964.84
2006.62
1823.92
1903.79
1956.9
1916.57
1848.73
1985.98
1859.06
1888.86
1884.45
2032.17
2006.05
1870.35
1787.14
1863.79
1842.38
1933.44
2090.32
1818.48
1867.81
1971.23
1953.27
1943.48
1793.93
1827.6
1821.58
1942.17
1874.28
2291.43
1843.32
1992.32
1932
1897.25
1946.29
1806.3
1874.54
1863.21
1656
1805.9
1868.86
1804.78
2030.64
1795.31
1969.79
1933.59
1887.16
1784.97
1977.27
1864.46
1924.25
1770.76
1863.26
1905.97
1975.27
1801.34
1836.44
1833.18
1997.45
1916.29
1747.03
2025.66
1931.61
1869.76
1707.71
1928.03
1933.51
1890.14
1934.01
1944.17
1782.81
1971.79
1876.36
1964.28
1958.11
1896.91
1975.38
1878.86
1889.65
2065.95
1888.54
1732.88
1799.61
1958.04
2006.7
1820.93
1993.32
1920.3
1832.88
1851.14
1893.31
1829.93
1799.25
1907.46
1919.51
1902.29
2001.49
1796.47
1912.38
1988.73
1832.52
1899.71
1877.41
1828.79
1972.98
1949.74
1806.73
2027.02
1861
1824.37
2013.54
1841.17
1998.46
1929.78
1854.96
1993.08
2007.95
1916.93
1810.1
1922.94
1898.01
1925.16
1845.54
1792.99
1904.97
1798.92
2022.75
1755.69
1794.32
1859.3
1935
1875.64
1978.96
1870.74
1835.54
1799.44
2002.87
1843.41
1916.61
2097.91
2042.44
1956.22
2055.36
1853.86
2039.1
1987.69
1941.5
1764.55
1725.14
1893.54
2003.77
1773.08
1748.9
1926.81
1794.39
1893.16
1961.58
1842.48
1862.11
1977.74
1812.62
2050.01
1956.37
1915.24
1890.75
1970.84
1918.32
1992.36
1898.32
1901.31
1876.42
1791.28
1852.42
1762.91
2004.43
2037.85
1797.53
1815.15
2072.17
2013.82
1917.2
1877.63
1825.47
2156.65
1963.85
1829.15
1806.9
1816.2
1845.03
1855.37
1946.99
1834.43
1899.83
1969.27
1991.52
1917.4
1845.44
1940.27
1987.76
2031.78
1835.4
1831.98
1942.56
1871.01
1987.28
1871.73
1925.62
2027.57
1755.78
2009
1809.94
1935.09
1864.31
1779.22
1999.44
1890.77
1950.19
1955.96
1731.05
1869.42
1794.67
2029.07
1966.7
1865.27
1793.42
2041.24
1887.65
1848.96
1878.36
1861.26
1974.81
1830.53
2077.46
1885.41
1887.46
1937.34
1959.19
1846.15
1714.04
1859.73
2040.95
1953.44
1822.33
1813.97
1748.99
1910.53
1948.42
1766.92
1956.84
2047.29
1793.19
2031.04
1883.51
1967.4
1832.31
1927.04
1970.34
1843.01
1764.07
1891.57
1960.44
1908.58
1980.72
1832.09
1726.56
1845.39
1899.61
1919.65
2068.68
2024.07
1852.85
1938.37
1890.02
1878.88
1734.4
1847.54
1778.65
1871.66
1769.83
1892.91
1825.15
1934.77
2013.7
1664.52
1931.49
1953.37
1953.12
1913.98
1893.37
1916.7
2009.49
1914.67
1776.33
1912.12
1782.94
1857.75
1881.9
2039.86
1909.27
1841.55
1798.2
2030.94
2013.16
1913.46
1806.94
1804.86
2154.35
1933.36
1823.11
1963.86
1844.63
1810.72
1811.84
1910.08
1740.96
1776.98
1803.61
1830.12
1915.74
1894.72
1935.08
1977.18
1914.47
1790.35
2005.48
1761.53
1995.77
1938.97
1745.13
1853.91
1897.41
1931.38
1910.36
1838.96
2133.58
1834.14
1823.49
1805.01
1884.86
2000.11
1860.78
1940.8
1860.3
1865
1915.59
1873.79
1855.71
1821.32
1990.46
1973.62
1855
1912.57
1938.91
1903.63
1925.54
1930.68
1870.83
1877.97
1862.74
1883.52
2036.16
1948.79
1939.12
1849.89
2064.36
1909.29
2203.85
1776.88
1958.66
1835.76
1975.88
1827.22
1989.06
1749.61
2053.19
1832.16
1917.42
1938.69
2062.67
1872.68
1894.2
1954.57
2001.75
1938.02
2047.24
1864.67
1836.32
1908.29
1716.49
1861.22
2016.73
1908.28
1822.04
1957.34
2084.46
1840.41
1748.79
2066.27
1856.38
1811.62
1846.78
1783.8
1749.73
1891.8
2006.17
2022.43
1864.66
1855.17
1987.95
1894.8
2161.19
1683.41
1882.08
2034.38
1902.87
1945.34
1764.86
1912.19
1930.38
1919.67
1939.48
1752.02
1727.78
1796.44
1824.28
1860.64
2039.43
1928.32
2036.6
1942.39
1750.62
2019.06
1982.43
1985.06
1909.94
1865.44
1988.19
1818.29
1808.94
1859.13
1872.44
1894.43
2009.89
1928.57
2015.03
2073.66
1861.09
1966.91
1917
1940.45
1946.74
1950.25
1939.43
1761.66
2032.98
1931.38
1784.71
1912.66
1887.05
1835.63
1954.57
1761.09
1880.69
1905.21
1861.02
1851
1824.13
2001.11
2054.08
1992.46
1940.42
1892.74
2026.12
1976.33
1793.81
1840.94
2004.09
2052.49
1927.17
1875.14
1805.07
1952.08
1756.53
1837.82
1768.6
2017.7
1878.05
1934.89
1861.42
1779.97
1838.35
1845.69
1845.68
1909.34
1930.48
1959.68
1892.21
1964.98
1726.44
1848.29
1983.23
1914.56
1921.63
1949.33
1883.49
1900.19
2012.2
1790.8
2055.47
1911.44
1904.4
1827.19
1927.85
1881.68
1958.47
1945.69
1981.33
1911.66
1878.74
1855.38
1875.27
2071.55
2000.63
1963.46
1885.08
2120.53
1920.71
2075.99
1836.9
2036.55
1808.8
1916.38
2033.87
1953.07
1809.25
1746.68
1887.53
1887.28
2021.86
1945.85
1807.18
1904
1939.68
1882.1
1903.2
2109.09
1772.19
1903.92
1828.26
1814.17
1808.68
1910.65
2016.5
1912.49
2032.73
1802.85
2036.41
2008.41
1894.86
1950.63
2052.43
1941.64
1877.66
1901.28
1880.59
2033.91
1883.38
1983.42
1709.63
1868.46
1834.57
1903.82
2026.38
1835.68
1863.78
1754.45
1950.29
1861.91
1908.51
1865.7
1875.55
1868.24
1905.8
2039.86
1841.94
1985.48
1965.75
1883.29
1862.72
1979.97
1931.91
1800.24
1966.7
1871.39
2002.62
1723.94
1975.76
1853.01
1982.77
1823.73
1866.49
1995.11
1806.56
1878.72
1874.91
1998.23
1980.08
1847.14
1917.6
2013.05
1835.76
1891.32
2000.91
1880.64
1797.86
2053.83
1948.36
1779.38
1967.34
1757.86
1915.59
2045.59
1969.27
1982.49
1874.28
1881.4
1903.65
1975.37
2053.63
2036.68
1944.99
1837.21
1859.52
1828.47
1963.42
2070.01
1766.89
1825.8
1918.66
1932.41
2116.39
1959.2
1848.77
1899.8
2062.46
1884.54
1913.82
1946.96
1797.85
1818.62
1825.33
1576.15
1908.61
1917.72
1897.96
1897.82
1920.83
2086.44
1877.55
1788.56
1879.01
1781.89
1805.1
1912.7
1815.13
1775.28
1818
1838.55
1856.93
1958.18
1954.02
1873.35
1941.61
1971.85
2022.91
1921.23
1918.92
1886.34
1939.9
2051.96
1911.31
1992.8
1936.88
2074.22
1989.41
2061.72
1949.73
1821.25
1891.32
2098.19
1892.6
1768.34
1788.57
1985.75
1894.64
1881.54
1966.45
1945.91
1985.81
1973.98
1840.89
2002.48
1976.48
2101.06
1869.78
1819.64
1913.83
1892.53
1974.68
1863
1882.9
1990.95
1973.53
1917.19
1994.83
2157.38
1919.38
1969.2
1909.11
1800.13
1887.48
1987.98
1872.04
1876.32
1828.03
1934.02
1940.12
1911.56
2081.51
1826.32
2076.95
1968.79
1901.82
1961.42
1851.67
1962.68
1854.74
1845.1
1867.49
1799.6
1806.14
1963.17
1722.9
1912.49
1910.16
1942.47
1831.26
1877.57
1978.83
1630.75
1833.43
1954.5
1994.4
1833.17
1982.88
1966.21
2042.05
1862.39
1850.84
1918.3
1837.04
1991.49
1783
1854.38
1864.98
1790.58
1929.86
1868.46
2075.35
1955.16
1959.16
1946.62
1967.94
1762.69
1966.71
1934.87
1872.38
1886.17
1802.46
2012.09
1925.12
1905.57
2087.71
2001.83
1739.14
1872.68
1806.19
1914.44
1899.27
1752.73
1804.17
2100.23
1911.37
1836.4
1874.68
1876.48
1904.75
1984.56
2061
1949.76
1882.09
1948.31
1853.89
1962.65
1962.24
1856.89
1975.8
1962.77
1864.02
1878.85
1878.39
1916.36
1928.8
1809.05
2064.76
2004.15
1954.85
1885.83
1891.19
1754.61
1906.97
1966.97
1895.3
1880.23
1855.79
1995.44
1946.67
2039.74
1872.23
1950.97
1808.61
1895.4
1902.08
1979.23
1866.26
1952.08
2138.12
1780.26
1917.76
1826.4
1850.03
1931.67
1826.89
1975.49
1906.65
1802.77
1971.35
1871.21
1961.63
1885.26
1862.94
1963.04
1928.21
1868.07
1955.24
1885.17
1913.59
1769.89
2126.96
1898.5
2017.36
1813.08
1862.28
1783.14
1835.77
1858.39
1742.44
1759.4
1974.73
1854.53
2020.88
1892.29
1834.49
1979.84
1874.25
1819.5
1969.14
1903.68
1877.16
1972.12
1915.45
1826.32
1808.89
2012.85
1860.71
2096.66
2054.72
1891.64
1987.24
1816.63
2099.82
1843.16
1993.59
1940.05
1883
2134.22
1977.72
1966.4
1951.77
1835.13
2019.37
1944.28
2034.77
1885.17
1896.8
1901.93
1644.27
1718.36
1973.85
1793.37
1956.31
1969.91
1895.45
1887.74
1777.09
2017.69
2050.78
2101.16
1820.04
1953.95
1846.19
2111.33
1728.45
2009.25
1955.35
1863.23
1924.39
1966.25
1922.53
2000.59
2109.44
1878.32
1997.03
1857.02
1897.57
1987.12
1846.68
1976.61
1784.76
1765.48
1876.31
1884.79
1854.82
2011.2
1825.19
1849.45
1870.1
1976.66
2061.73
2006.81
1830.05
1925.72
1882.63
1887.88
1975.79
1747.05
2016.71
1798.22
1884.26
2083.17
1948.51
1832.73
1722.01
1928.96
1861.92
1875.1
2063.47
1833.14
1930.57
1852.81
1917.04
1872.25
1852.33
2002.2
1985.99
1958.02
1858.5
1769.42
2047.52
2001.89
1902.56
1951.54
1905.79
1957.11
1846.87
1760.51
1908.04
1846.02
1919.07
1811.15
2061.96
1891.58
1926.77
1742.36
1956.24
1907.85
2025.72
1943.16
1957.43
1952.68
1992.13
2091.87
1774.35
1756.54
2119.93
1885.16
1882.99
1925.95
1841.68
1958.47
1799.17
1838.97
1863.24
2012.18
1920.67
1868.85
1898.22
2021.51
2012.8
1824.96
1948.49
1943.65
1976.79
1827.17
2048.1
1908.85
1978.27
1978.1
1927.47
1928.36
1995.44
1978.24
1924.64
1971.89
2020.12
1902.27
1814.02
2003.89
1833.89
1953.78
1986.27
1955.86
1860.31
1940.53
2098.08
1757.6
1853.91
1832.44
1902.18
1955.15
1953.42
1922.58
1825.78
1831.66
1969.95
1899.95
1938.27
1763.4
2105.74
1772.14
1810.44
1926.78
1919.05
1935.8
2032.38
1946.65
2005.76
1913.51
1805.45
1992.97
1855.26
1984.41
1855.52
2030
1976.31
1846.99
1955.71
1791.86
1844.56
2090.17
1957.87
1844.98
1888.13
1880.28
1902.03
1806.74
1993.38
1917.96
1795.58
1978.85
1688.2
1915.57
1786.15
1885.7
1792.54
1851.91
1803.09
1992.83
1823.75
1892.9
1943.56
1904.05
1735.97
1974.26
2074.17
1892.56
1866.96
1779.82
1978.08
1962.63
1803.37
1948.12
1843.37
1927
1891.2
1861.93
1952.27
1840.81
1948.64
1947.58
1922.52
1876.83
1864.08
1740.34
1870.88
1822.35
1829.84
1958.55
1940.04
1912.1
1909.49
2063.25
2088.56
1940.45
1810.92
1870.33
1952.95
1786.32
1964.6
1741.14
1913.54
1989.79
1990.96
1971.31
1994.57
1859.15
1842.62
1994.81
1879.95
2063.57
1895.89
1896
1892.95
1947.67
1869.58
1975.23
1903.23
1844.61
1768.65
1783.13
1868.4
1987.15
1929.07
1809.4
1994.37
1797.42
1854.15
2021.05
1855
1880.65
1847.4
1913.12
1860.94
1824.17
1758.39
1747.3
1840.33
2003.93
2017.52
2024.41
1875.1
1787.87
1922.76
1986.07
1995.73
1990.49
1887.33
1874.25
1909.55
1798.59
1996.32
1821.53
1867.11
1859.7
1926
1903.68
1917.33
1845.7
1927.51
2040.45
1960.08
1913.76
1888.97
1875.8
1868.21
2023.46
2103.59
1933.31
1863.53
1899.03
1866.5
2107.46
1693.93
1786.79
1870.9
1775.86
1972.46
2037.65
1830.95
1900.62
1928.26
1942.7
1908.03
1881.56
1840.7
1778.14
1836.62
1708.82
2078.39
2018.51
1834.15
2003.08
1869.56
1911.26
1968.97
1987.93
1861.73
1903.83
1907.86
1952.84
2034.15
1785.47
1875.23
1978.9
1842.1
1940.49
1819.95
1809.35
1902.29
1815.1
1865.64
1943.47
1983.72
1974.71
2053.47
1893.93
1938.26
2091.83
2055.6
2025.94
1860.52
1813.38
1994.67
1820.28
1894.45
1943.25
1844.79
1910.81
2153.72
2064.31
1929.47
2130.32
2005.39
1738.65
1859.25
1844.7
1822.14
1924.63
1997.79
1956.75
2019.05
1948.35
2005.17
1826.32
1932.67
1978.56
2019.71
1868
2062.31
2071.5
1992.55
1718.45
2005.56
1910.65
1892.92
1830.65
1886.06
1866.99
1857.24
1846.18
1939.4
1799.16
1829.66
1912.74
1953.52
1775.51
1842.37
1962.81
1850.28
1962.99
1843.99
1912.81
1896.52
1952.97
1920.7
2011.35
1837.26
2020.73
1816.33
1899.22
1833.28
1963.59
1859.65
1915.11
1966.22
1915.99
1957.09
1906.49
1879.31
1878.28
1794.79
1882.8
1983.38
1819.87
1889.41
1889.54
2001.21
1852.95
1841.63
1808.65
1964.94
1828.8
2033.81
1884.59
1903.73
1889.46
1965.55
1845.74
1837.58
2063.68
1972.17
1823.35
1846.02
1978.91
1825.41
1967.75
1824.57
1998.4
2072.7
1871.67
2001.63
1856.46
2090.44
1926.73
1931.89
1774.94
2001.41
1885.98
1965.77
1832.23
1949.39
2117.24
2112.86
1882.91
1883.4
1834.77
1999.86
1954.61
1912.2
1937.82
1876.7
1794.78
1812.12
1924.93
1795.89
1798.79
2051.54
1970.78
1994.79
2016.53
1985.02
2022.55
2133.34
1886.91
1976.92
1874.03
2130.99
1754.23
1974.61
1899.4
1947.5
2010.33
1988.17
2053.77
2069.22
1777.86
1854.86
2172.18
1699.24
1740.64
1913.81
1922.18
2004.19
1850.26
2023.76
1729.56
1851.22
1745.13
1934.5
1863.99
1981.47
1828.47
1773.35
1769.63
1981.39
1885.87
1978.56
1950.99
1941.85
1917.98
1901.56
1833.09
1901.9
2020.46
2009.7
1895.61
1889.27
1922.14
1819.8
2178.49
1863.17
1882.67
1965.07
1767.08
1782.32
2005.54
1943.94
1827.84
1989.91
2006.77
1926.08
1992.9
1899.59
1924.92
2109.31
1941.07
1886.8
1933.6
1964.57
2000.2
1876.5
1898.45
1757.22
1914.31
1976.6
1842.45
1818.15
1929.47
1938.69
1852.09
2049.49
1907.52
2103.03
1906.05
1804.27
1965.08
2087.41
1926.86
1963.28
1956.94
1822.98
1758.82
1900.79
1935.28
1943.32
2092.2
2000.48
1835.22
1864.22
2030.86
1962.01
1819.41
1922.23
1879.55
1956.84
2047.67
1860.37
1929.82
1819.17
1733.76
1874.82
2010.96
1790.37
2002.35
1829.23
1771.58
1811.6
1840.24
1944.78
1937.06
1849.78
1990.99
1811.57
2011.72
1822
1849.44
1850.12
1968.91
2034.6
1894.88
1941.07
1831.74
2027.82
1736.19
2024.97
1839.75
2026.49
1856.79
1958.28
1869.43
1985.71
1988.83
2112.2
1867.51
1904.91
1857.23
1962.44
1844.73
1906.94
2057.55
2086.66
1803.06
1996.46
1904.64
1737.25
1871.74
1884.99
1982.81
1953.62
2027.99
1865.01
1778.1
2091.48
2141.14
2049.46
1763.77
1870.97
1875.67
1923.44
2000.86
1853.49
1894.8
1942.4
1992.96
1888.73
1909.03
1785.19
2027.29
2062.93
2012.31
1855.29
1891.03
1805.17
2038.84
1820.51
1871.59
1962.76
2014.14
1994.41
1845.75
1920.76
1918.1
1891.73
1968.82
1944.54
1826.92
1890.3
1956.55
1859.77
2141.69
1906.87
2007.46
1999.22
1867.29
1775.53
2013.77
1775.25
1733.17
1999.86
2103.83
2027.97
1833.59
1857.01
1975.36
1964.39
1813.14
1818.38
1978.57
1916.55
1777.29
1867.32
1804.02
1907.91
1866.32
1973.04
1791.28
1791.51
2009.55
1999.37
1925.58
1970.25
1830.98
2034.96
1871.82
1915.98
1755.42
1867.46
1869.49
1945.43
1893.15
2040.61
1967.26
1966.61
2000.04
1927
1961.14
1979.17
1840.34
1927.25
1966.45
1965.62
1942.53
1857.86
2055.38
1959.14
1985.12
1957.61
1873.88
1934.86
1896.06
1822.07
1785.93
1965.66
1825.09
1929.46
2048.22
2028.84
1973.73
1820.29
1978.98
1853.85
2041.7
1727.94
1964.92
1803.8
1930.98
1927.25
1794.89
1919.74
1982.51
1900.12
1856.94
1802.5
1967.4
1921.05
1772.8
1913.02
1936.72
1938.72
1664.49
1783.09
1940.42
1889.49
1805.02
2004.15
1984.62
1935.37
1666.25
1923.95
1878.5
2010
1972.4
2085.8
1941.96
1883.4
1821.64
1821.4
1975.6
1943.13
2051.59
1814.76
1723.79
1755.74
1986.57
1788.9
1977.42
1869.44
1972.58
2081.11
1946.14
1989.26
1899.26
1829.87
1901.42
1836.35
1930.1
1799.74
2048.68
2041.73
1928.43
1782.27
1865.16
1738
1903.55
1949.58
1742.55
1872.9
1961.54
2084.98
1931.65
1777.29
1778.85
1846.84
2101.1
1853.11
2024.03
1927.42
1729.29
1846.15
1839.26
1921.69
2030.45
1900.34
1914.28
1963.92
1887.32
2058.61
1829.38
2091.15
2217.49
2099.01
1879.58
1815.47
1898.76
1927.45
1887.69
2057.41
1888.68
1886.95
1900.47
1792.8
2033.36
1837.59
2010.62
2120.08
1974.85
1824.64
1925.5
1715.13
2162.64
1874.48
2000.57
2095.66
1948.9
1879.55
2085.84
1851.98
1752.8
1887.72
1970.11
1782.8
1895.46
2065.77
1990.01
1972.65
2070.89
1894.79
2034.63
1998.54
1890.72
1805.81
1865.86
1901.16
1922.61
1937.1
1894.28
1933.86
1978.91
2012.56
1791.76
1906.05
1882.45
1858.68
2053.27
1962.2
1883.62
1915.05
1839.07
1923.99
1870.91
1791.57
1834.99
1809.92
1985.31
1970.09
1824.8
2018.5
1828.77
1965.46
1707.33
1959.62
1957.32
1740.89
1894.77
1939.89
2056.98
1787.78
1988.89
1856.19
1784.19
1911.13
1892.25
1829.5
1893.63
1874.38
1849.96
1947.49
1844.76
1928.37
1976.78
1941.32
1802.76
2021.84
1778.95
1863.9
1997.25
1840.19
1906.48
2001.79
1781.46
1921.04
1939.49
1991.2
1846.26
1871.65
1881.84
1912.55
1886.5
2194
1992.21
1994.63
1750.02
1995.05
1946.29
1912.28
1949.37
1825.03
1961.98
2013.83
1951.87
2003.39
1892.62
1994.21
1806.82
1868.44
1978.46
1992.42
1912.76
1786.35
1803.31
1820.6
1916.38
2093.38
1810.09
1979.02
1875.15
2058.52
2059.14
1741.5
1924.05
1858.69
1883.32
1992.76
1792.62
1985.88
2006.22
1874.28
1814.83
1961.49
1942.63
1858.41
2086.61
1993.06
1851.39
1943.87
1841.55
1857.86
1815.65
1949.82
1961.54
2017.71
1909.54
2044.75
1816.09
1815.84
1899.8
1812.3
1998.14
1904.03
1796.24
2088.96
1842.05
1968.52
1834.97
1924.23
1790.81
1979.44
1890.7
1981.24
1842.11
1853.68
1859.6
1845.19
1906.4
1845.83
1909.8
1943.91
1948.05
1840.14
1866.1
1762.74
1741.14
1829.05
1762.95
1819.46
1908.53
2041
1861.89
1832.82
1800.26
1891.08
1935.33
1954.35
1977.58
1855.7
1816.79
2029.87
1891.15
1978.26
2041.78
1930.72
2053.87
1857.64
1997.43
2001.48
1813.83
1837.13
1864.74
1859.29
1877.93
1868.1
1945.51
1848.12
1944.92
1941.61
1756.89
1884.57
1854.4
1877.27
2029.17
1913.24
1951.66
1893.69
1848.39
2010.84
1840.28
1880.73
1883.88
1846.72
1823.05
1982.19
1776.51
1979.61
1857.5
1786.88
1948.57
1967.19
1874.08
1924.41
2003.2
1791.67
1927.53
1911.44
1910.58
1982.8
1842.41
1963.15
1718.81
1839.98
1752.18
1861.84
1842.82
1857.68
1860.31
1809.1
1982.35
1807.71
1971.17
1900.88
1824.63
1725.71
1920.2
2014.02
1934.44
1925.91
1743
2059.48
1829.91
1818.65
2086.78
1943.06
1878.62
1963.94
1970.9
1934.87
1730.68
1913.83
2052.78
2019.55
2018.38
1885.78
2024.31
1782.13
1894.63
2026.23
1850.03
2034.45
2030.58
1933.67
2012.23
1919.99
1794.55
1810.19
1958.15
1867.19
1832.08
1957.3
1999.77
1845.28
2043.59
2005.52
1978.96
1981.91
1905.39
1988.4
1934.17
2151.92
2050.76
1729.81
1829.93
1937.81
1847.17
1756.87
1784.99
1998.4
1917.42
1871.03
1785.82
2006.91
1767.68
2041.2
1974.07
1927.12
1836.2
1861.44
1860.36
1802.86
1998.16
1805.29
1735.49
2034.09
1722.79
1892.1
1876.26
2084.5
2030.01
2057.41
1882.79
1861.57
1881.85
1946.26
1773.91
1999.79
1849.73
1846.02
1972.72
2017.68
1799.56
1827.68
2090.91
1954.25
2072.45
1862.38
1850.63
1909.45
2001.41
2007.09
1898.31
2034.4
1728.41
1898.56
1886.43
1998.8
1965.61
1909.29
2045.59
1913.95
1939.09
1957.68
2031.81
1900.41
1841.69
1950.06
1866.89
1895.62
1974.62
1809.99
1978.61
1957.68
1968.03
1895.31
1722.69
1903.49
1991.64
1940.83
2010.68
1897.63
1910.22
2088.24
1922.8
1959.95
1904.14
1986.52
2013.67
1925.69
1878.21
1903.12
2004.5
1878.69
1947.55
1830.5
1967.18
1858.25
2038.61
1983.77
2111.59
1933.16
2021.19
1713
2011.6
1894.04
1932.16
1852.31
1955.67
1779.62
1931.17
1887.73
1913.79
1923.99
1827.97
1879.5
1994.03
2011.99
1937.27
1825.06
1982.58
1891.39
1982.94
1938.51
1819.08
1900.9
1926
1856.03
1956.07
1913
2037.34
2104.45
2030.51
1926.93
1864.64
2016.03
1740.93
1945.29
2008.7
1932.86
1859.29
1881.14
2012.8
1911.4
1965.45
1770.91
1884.89
1901.55
1884.26
1913.76
1984.23
1923.69
1945.68
2005.23
1994.58
2030.12
1946.59
1843.3
1873.52
1753.29
1983.68
2009.83
1798.31
2050.82
1757.97
1861.76
1958.24
1856.74
2048
1903.3
1976.67
1850.1
1869.14
1939.18
1943.41
1921.93
1998.04
1881.75
1852.87
1726.27
1889.3
1834.3
1845.49
2027.17
1926.62
1783.3
1768.02
1937.66
1844.31
1780.65
1970.6
1995.07
1824.07
1897.59
1862
1793.63
2010.18
1915.83
1964.18
1910.65
1887.43
1965.6
1815.55
1997.96
1897.36
2118.92
1928.97
1931.51
1941.62
1846.55
2000.85
1952.62
1965.32
1980.97
1934.17
1834.48
1867.13
1998.22
1817.08
1919.29
1990.42
1968.34
1819.75
1963.26
1982.85
1853.56
1955.02
1866.95
1895.41
1983.56
1685.52
1921.51
1903.11
2002.29
1882.8
1921.51
1896.54
1793.69
1977.28
1798.48
1752.37
1807.32
1722.88
1927.34
1998.43
1791.64
1972.56
1889.88
1883.99
1956.51
1781.71
2082.27
1947.67
1847.45
1877.08
1796.46
1699.81
1862.76
1957.24
1866.73
1937.42
1913.34
1891.69
1956.02
2062.89
1876.97
1854.56
1820.58
1936.06
2004.35
1927.12
1875.13
1899.75
1828.07
1872.06
1726.59
1860.21
1883.31
1860.72
1876.15
1924.63
2061.51
2091.49
1905.39
2093.91
1891.88
1867.75
1842.87
1955.83
1979.1
1919.51
1958.68
1978.09
1820.36
1903.39
1976.34
2135.3
1950.96
1993.72
2011.82
2004.49
1847.98
2125.92
1854.07
2012.16
1909
1916.88
2046.99
1831.94
1914.75
1909.94
1809.8
1915.93
1871.67
1860.23
2079.27
1865.3
1957.45
2052.31
1855.35
1870.14
1885.98
1867.21
1883.9
2062.01
1819.82
2031.58
1971.66
1900.33
1880.21
1824.56
1977.46
1875.79
1844.25
1844.91
1979.29
1944.65
1935.07
2043.84
1774.98
1970.13
1929.96
2183.95
1898.41
1916.02
1842.78
1850.81
1795.78
1995.09
1845.75
1904.96
1789.21
1716.17
1914.24
1851.76
1809.78
1935.91
1986.89
1923.12
2005.72
2030
1914.12
1891.46
1956.93
1682.24
1840.91
1824.05
1913.37
1792.55
1950.82
1938.88
1855.72
1767.46
1922.44
1920.93
1794.06
1818.89
1901.36
1641.02
1915.72
1855.92
1884.17
1747.05
1945.07
1655.31
1948.34
2038.94
1789.98
1729.62
2022.35
1899.6
1985.43
1959.2
1961.11
2146.24
1927.43
1919.52
1873.66
1922.8
1868.22
1872.8
2019.77
1898.2
1782.7
1908.96
1962.56
1879.69
1914.17
1978.55
1788.29
2007.59
1898.26
1922.94
1941.49
1909.92
1884.35
1695.77
1850.81
1919.48
1885.07
1913.09
1938.13
1968.79
1940.42
1970.28
2144.68
1744.42
1964.1
1919.17
1867.88
1958.23
1938.84
2000.99
2034.28
1889.21
2051.74
1895.09
2048
1895.06
1874.44
1844.99
1837.46
1915.96
1858.87
1933.02
2123.68
1858.07
2009.32
1990.93
1965.48
1921.02
1670.56
1751.98
1855.33
1915.77
1938.48
1921
1822.84
1999.35
2023.43
1767.57
1910.39
1835.81
1906.75
1824.83
1768.34
1794.29
2023.77
1892.91
2041.02
1909.47
1844.21
1888.2
1796.05
1905.09
1886.28
1947.33
2034.29
1915.65
1916.58
1756.66
2094.4
1772.12
2042.74
1936.98
1922.35
1881.8
2020.16
1982.76
1832.81
1857.89
2002.13
2021.09
2089.96
1980.54
1884.74
1921.62
1897.1
1870.53
1923.02
1816.76
1967.05
1973.98
1847.76
2056.65
1862.51
2107.42
1907.42
1961.58
1605.26
1939.79
1827.78
1943.92
1927.73
1937.78
1864.45
1848.36
1990.14
2092.87
1906.33
1797.45
2065.46
1868.37
1999.88
1783.02
1870.83
2066.49
1710.19
1922.7
1864.25
1896.31
1968.33
2051.12
1805.03
1850.71
1758.12
1913.95
1836.21
1914.78
1808.19
1882.23
1894.83
1823.82
1831.87
1924.98
1948.1
1921.94
1918.68
1930.76
1861.89
1763.31
2093.71
1879.81
1797.4
1892.3
1967.77
1917.48
2055.33
1819.25
2163.27
1833.88
2079.08
1846.44
1850.94
1917.06
1942.89
1742.63
1796.37
2014.29
1684.67
1913.51
1974.51
1957.21
1784.72
1933.37
1891.21
1871.6
2069.23
1743.38
1846.59
1996.94
1969.58
1870.6
1897.89
1913.16
1978.03
1885.6
1992.38
1824.83
1835.16
1778.31
2009.78
1849.62
1850.24
1982.58
1940.17
1916.67
1893.08
1827.02
1982.63
1854.59
2013.95
1911.79
2009.21
2002.42
1836.92
2101.15
1867.92
1718.04
2048.22
1834.15
1871.14
1885.55
1814.64
1908.99
1990.13
2146.04
1879.83
1750.01
1968.76
2216.23
1868.35
1965.53
1749.67
1752.27
1838.18
1823.42
1880.63
1836.35
1819.19
1786.4
1846.42
1867.56
1853.29
2025.75
1905.62
1921.16
2140.6
1898.23
1856.28
1919.12
2025.55
1923.33
2022.9
1893.84
1954.09
1904.96
1987.38
2011.28
1966.86
1970.64
1939.76
1899.43
1866.87
1883.72
1877.9
2008.39
1708.09
1906
1744.19
1917.37
1952.04
1883.04
1739.64
2030.21
1907.48
1911.5
1867.99
1816.38
1899.93
1912.63
1914.17
1954.02
1787.8
1807.63
2059.79
1933.67
1938.14
1843.29
2112.72
2009.95
1903.53
1915.79
1870.76
1933.19
1814.65
1981.55
2004.98
2011.83
1912.65
1885.51
1999.64
1713.93
1821.24
1887.58
2103.66
1889.5
1975
1861.78
1955.69
1899.28
1923.24
1883.41
1961.49
1858.48
1957.2
1879.48
1880.38
1810.54
1658.82
1783.58
1709.69
1803.84
1858.75
1941.26
1976.86
1994.87
1871.99
1920.55
1971.76
1874.77
1916.95
1934.21
2000.11
1945.02
1872.42
1993.31
1950.25
2061.11
1943.19
2047.77
1843.35
1994.08
1963.39
1667.77
1922.59
1934.74
1956.04
1810.7
1871.76
1841.72
1840.29
1950.7
1891.61
1910.3
1905.82
1714.25
1942.14
1822
1829.42
1887.71
1948.23
1969.65
1899.58
2071.62
1923.78
1981.77
1834.47
1880.97
1923.64
1856.14
1789.51
1994.76
1924.68
1920.55
2040.47
2045.94
1841.19
1975.1
1934.21
1822.62
1882.76
2043.68
1849.42
1892.72
1993.62
1898.45
1848.78
2039.18
1969.07
1638.73
2147.15
1903.57
1977.75
1796.64
1989.11
1882.75
1846.51
1812.32
1817.02
1881.53
2010.12
1921.25
1981.54
1768.5
1784.62
1967.8
1817.32
1818.93
1976.09
2088.98
1910.51
2080.94
1926.7
1924.54
1999.56
1656.61
1860.86
1883.22
2071.12
1894.59
1875.21
1864.24
2045.58
1721.73
1866.13
2081.99
1828.36
1947.94
1967.03
2078.82
1812.19
1927.75
2083.44
1937.75
2139.84
2047.97
2054.45
1868.65
1879.68
1790.03
1910.66
1987.91
2084.85
1904.18
1965.65
1979.68
2063.16
2048.43
1900.35
1984.2
2043.24
1918.49
1918.14
2073.29
2119.78
1881.24
1952.88
1774.69
1920.49
1940.44
1992.92
1920.94
1945.6
2015.01
1767.02
1857.29
1812.84
1834.18
1868.75
1928.82
2028.64
2001.32
1772.89
1886.54
2136.46
2202.42
1818.85
1764.59
1950.17
1907.2
2036.29
1908.17
1979.83
2078.04
1947.39
1880.13
1933.63
1872.06
2002.97
1985.19
1815.59
1878.59
1846.03
1702.37
1808.96
1972.73
2068.31
1877.85
1983.32
1933.56
1912.64
1828.2
1792.07
1903.64
1871.78
1940.86
1675.01
1963.43
1861.12
2085.05
2010.67
2054.81
1820.34
1926.76
1995.96
1945.15
1878.55
1950.24
1892.48
2070.99
1867.66
2037.24
1919.52
1972.96
1969.18
1782.83
1773.52
1943.65
1855.09
2026.77
1981.56
1934.27
2011.12
1849.82
1888.93
1669.67
1848.69
1934.54
1872.16
2050.31
1975.82
1848.81
1855.45
2069.93
1897.19
1877.82
1951.39
1956.28
1965.6
1827.27
1861.6
1966.67
1721.23
1728.48
1801.93
1907.58
1906.27
1953.61
1882.27
2108.54
2001.06
1852.79
1952.97
1713.92
1900.52
1843.22
1887.85
1943.54
1943.96
1845.41
1932.69
2006.87
1799.43
2010.92
1959.58
2027.34
2139.88
1887.06
1923.63
1811.13
1875.83
1833.52
1785.89
1902.26
1937.59
1897.54
1795.04
1842.32
1774.76
1964.62
1916.97
2019.44
1841.28
1815.61
1967.78
1939.55
1938.17
1992.41
1849.23
1966.44
1919.65
1940.42
2089.47
2016.82
1988.07
1782.19
1780.3
1855.16
2006.6
1896.47
1917.5
1946.09
1926.59
1830.83
1938.61
1922.98
2083.91
2050.98
1871.67
1940.56
1974.21
1916.34
2020.18
2097.54
1909.65
1795.32
1935.58
1896.67
1973.6
1926.77
1943.22
2036.08
1863.2
1832.04
1889.95
1949.83
2003.04
2036.74
2036.53
2045.06
2048.35
2024.01
2021.2
1930.77
2081.69
2071.46
1807.55
2123.96
2039.43
1841.92
1962.88
1908.25
1766.21
1984.06
1805.53
1952.8
2164.96
2055.63
1828.94
1944.22
2001.93
2020.03
1792.66
2041.34
1948.4
2024.33
1870.07
1952.7
1950.59
1754.49
2003.25
1925.31
2043.34
1737.32
1994.01
1877.1
1766.8
1984.74
2186.4
2024.27
2013.1
1944.43
1926.77
1911.71
1910.78
1923.76
2005.92
1969.76
1832.78
2016.22
1935.38
1851.13
2081.28
1863.81
1895.32
1812.41
1843.63
1922.2
2083.04
1991.16
1928.57
1933.9
1942.27
1775.68
1837.87
1937.21
1808.12
2024.43
1821.87
1871.46
1827.67
1927.72
1886.13
1886.72
1859.9
2042.29
2005.21
1936.78
1825.89
1768
2104.63
1840.38
1898.14
1863.86
1966.36
1890.92
1931.63
1789.68
1747.56
2058.06
2143.53
1985.42
1790.63
1691.33
1884.6
1890.31
1798.9
1801.3
1858.69
1817.09
1866.07
1910.36
2061.55
1965.76
1888.41
1939.54
2086.26
2000.52
1965.04
2036.09
1764.29
2110.92
1920.58
1970.69
1947.82
2022.19
2015.95
1855.18
1825.63
1929.18
1855.03
2017.73
1830.5
1807.21
1758.15
1970.63
1842.57
2000.43
1961.57
2003.14
1935.64
1699.47
1851.7
1898.13
1955.76
1816.23
1915.53
2001.49
1764.13
2069.15
1807.91
1860.74
1881.59
1728.68
1806.96
1800.67
2074.58
1985.44
1821.83
1953.52
1882.96
1960.23
2027.58
1883.3
1847.22
1870.71
1925.4
1977.84
1773.8
2042.93
1987.41
1915.26
1808.97
2079.42
1800.69
2062.55
1822.29
1868.05
2029.45
1889.88
2025.23
2025.6
1873.72
1891.89
1908.68
1832.03
1851.19
1960.11
1880.33
1841.35
1912.87
1806.9
1984.05
1873.09
1827.68
1964.43
1820.24
2047.25
2036.37
1828.67
1836.28
1980.16
2013.25
1942.53
1920.74
1818.42
1897.79
2013.47
2071.7
1887.94
1996.72
1854.71
2092.16
1880.37
2033.52
1932.37
1993.58
1887.37
1944.49
2056.98
1738.85
1931.55
1891.57
1902.21
1800.6
2002.12
1953.08
1828.1
2057.14
2033.26
1995.02
1834.65
1864.6
1761.78
1947.77
1937.32
1736.04
2052.05
2055.45
1962.59
1855.58
2023.9
1811.85
1928.14
1821.43
1983.61
1872.81
1866.92
1822.96
1872.68
1806.39
2051.81
1967.05
1985.17
1892.56
2029.39
2093.26
1960.43
1965
1830.76
1910.09
1922.34
1991.36
1977.54
2125.33
2058.76
1940.27
1856.46
2067.94
2032.36
2034.89
1966.83
2121.53
1766.71
1799.54
1890.27
1721.04
2106.74
1744.41
2023.76
1938.49
2012.85
1737.36
1886.78
1880.44
2006.88
2030.6
1909.03
1946.16
1820.04
1926.34
1854.82
1859.19
1815.75
1776.01
1886.96
1836.74
1878.4
2069.71
1846.91
1967.72
1813.4
1966.4
1923.12
1859.83
1993.99
2053.38
1947.92
1864.62
1969.69
1879.29
1774.81
1867.98
1884.7
1993.29
1854.83
2025.92
1678.73
1997.91
1910.43
2067.24
1974.22
1926.53
1931.9
1874.91
1674.55
1870.54
1794.46
2052.8
1954.27
1941.04
1911.11
2172.26
1923.13
1907.2
1872.78
1904.83
2010.3
1880.15
1973.31
1959.59
2003.74
1928.91
1724.06
1863.18
1941.05
1831.57
1915.17
1899.48
1800.47
1780.4
2118.68
2070.21
1856.46
1900.8
1739.71
1843.79
1941.6
1875.41
1806.59
1901.44
1827.88
2038.38
1924.5
1894.42
1911.82
2046.23
1988.25
1873.1
1969.28
1999.54
1931.85
1852.88
1957.83
1939.52
1895.79
1931.71
2024.57
1954.55
1961.58
1912.49
1963.44
2048.82
1882.51
2066.99
1940.44
1831.21
1898.97
1929.04
1805.56
1969.29
1879.22
1870.66
1932.04
1969
2002.58
1822.66
2002.29
1939.61
1790.92
1764.24
1890.08
1741.84
1837.9
1941.17
1948.02
1933.65
1770.91
1824.96
1755.75
2052
1895.35
1892.41
1960.58
1936.1
1991.87
1870.61
2002.55
1908.72
1988.51
1781.9
2047.58
1626.6
1925.91
1901.54
2005.1
1868.26
1912.62
1888.37
1889.43
1983.14
1849.47
1830.15
1854.55
1873.04
1887.06
1831.74
1868.06
1999.37
1976.63
1998.85
2009.49
1948.82
1855.62
1867.31
1919.09
1759.38
1976.8
1996.6
1866.76
2032.11
1997.91
2002.18
1928.31
1789.56
1927.61
1984.23
1827.03
1854.45
1833.82
1905.88
1900.97
1946.86
1885.35
1973.03
1785.44
1928.32
1747.76
1878.07
2006.75
1836.66
1859.89
1898.99
1812.23
1934.24
1870.1
1764.15
2028.76
1916.99
1892.69
1885.07
1951.31
1874.82
1904.95
1945.65
1872.23
1744.11
1945.84
1997.27
1850.71
2043.52
2064.77
1835.03
2006
1973.29
2026.71
1995.19
1848.07
1987.88
1813.74
1697.25
1878.03
1801.2
1907.43
1855.94
2052.92
1902.24
1764.53
1867.32
1967.98
1960.63
1951.78
2016.11
1918.43
1876.16
2030.12
1608.34
1969.47
1933.84
1904.71
1973.38
1836.33
1921.38
1888.98
2113.16
2020.67
1956.07
1781.45
1950.27
1947.71
1994.03
1950.85
2019.73
1910.78
1900.69
1942.62
1771.27
2034.87
1818.39
1964.42
1992.5
1919.22
1857.09
1823.81
1878.61
1911.5
1996.94
1937.18
1859.54
1882.84
2003.04
1941.36
1814.55
1871.45
1946.09
1990.87
1759.19
1960.58
1924.68
1800.84
1925.54
1944.8
1978.82
1871.73
1993.66
2131.63
1979.28
1921.23
2007.57
1942.6
1878.98
1918.92
1879.2
1861.04
1933.3
1824.33
2003.17
1890.88
1981.26
1850.03
1928.09
1882.77
1826.44
1957.37
1867.59
1800.68
1926.07
1944.09
1957.84
1889.37
2009.74
2009.35
1860.39
1871.96
2084.64
1895.34
1934.74
1854.76
1956.86
1911.31
1899
1888.99
1905.1
1913.08
1776.13
1974.63
1978.03
1981.14
1956.33
1942.29
1856.02
1940.39
1993.67
2034.19
1814.82
1964.56
1889.77
1949.89
2000.66
1869.28
1848.84
2074.72
1765.18
1766.3
1873.4
2035.52
1954.52
2047.8
1822.28
1810.77
1913.54
1869.67
1835.46
1892.68
1708.17
1940.98
1886.28
1902.37
1881.69
1870.27
1938.62
1885.03
1784.72
2003.79
1922.93
1923.7
1991.16
1842.21
1981.69
1815.32
1808.33
1914.26
1920.75
1750.94
1869.15
1987.52
1786.11
2041.59
1949.75
2032.59
1927.55
1904.66
1926.88
1780.31
1872.18
1912.45
1975.45
1954.12
1880.97
1880.71
1902.42
1872.25
1894.27
1870.28
1846.3
1947.09
1903
1940.58
1996.76
1760.99
2028.25
1978.19
1838.81
1996.67
1831.33
1941.2
1811.56
2032.1
1992.29
1880.53
1982.73
1911.9
1909.28
1753.82
2028.14
1935.08
2013.69
2030.66
1895.84
2049.45
1841.77
1924.18
1972.42
1798.91
1941.91
1916.9
1815.3
1922.9
1894.48
1963.45
1988.77
1945.85
2027.63
1948.46
1916.07
1812.59
1935.15
1845.84
2081.7
2120.04
1984.31
1674.81
1881.38
2088.52
1871.25
1827.43
2083.86
1797.11
2034.81
1951.51
1948.22
1792.46
1880.53
2058.74
1893.25
1990.46
1964.65
1945.81
1814.51
1981.56
1926.34
2156.84
1796.12
1789.72
2009.3
1882.61
1932.34
1812.79
1969.4
1756.11
1827.84
1846.77
1986.14
1847.15
1987.57
2012.83
1951.43
1863.81
1977.84
1910.26
1915.64
1963.67
1965.67
2002.2
1988.25
1932.22
1875.77
1825.83
1891.87
1756.76
1857.51
1999.04
1916.17
1965.43
1996.74
1910.84
1770.15
1786.59
2027.55
1884.99
1956.98
1900.06
2087.61
1815.19
1844.43
1756.57
2019.52
1937.57
1798.54
1868.22
1977.97
1949.37
2041.37
1917.96
1997.41
2012.99
2022.1
1946.08
1855.96
1907.96
2008.83
1930.54
1977.89
1965.65
2039.35
1762.8
2033.94
2020.92
1897.13
1794.6
1842.21
1959.52
1945.9
1815.58
1890.1
1875.42
1930.03
1867.22
1877.03
1931.66
1844.81
1957.18
1882.69
1984.39
2064.36
1956.94
1996.2
1957.82
1922.24
1897.89
2124.31
1925.37
2013.81
1897.31
2055.21
1836.59
1875.94
1762.09
1882.36
1890.71
2030.4
1944.54
1948.65
1967.89
1935.32
1914.98
1846.1
1970.33
1925.95
1972.93
2004.27
1876.35
1893.56
1900.44
1862.49
1773.21
1832.7
1983.78
1899.15
1888.28
1910.55
1921.6
1929.86
1902.99
1969.75
1858.33
1983.66
2087.14
1871.62
1910.45
1972.73
1972.6
1782.69
1962.29
1955.22
1934.85
1976.92
2103.33
2044.19
2045.04
1899.11
1934.68
2015.02
1849.14
2006.04
1854.4
2018.32
1936.07
2143.28
1974.77
1857.08
1857.61
1867.68
1858.26
1769.98
2009.91
1892.57
1860.42
1860.58
1841.68
2059.72
1965.27
1659.5
1923.77
1735.09
1943.31
1836.65
1797.11
1861.84
1966.03
1860.82
1853.29
1835.66
1943.34
1883.18
2137.99
1997.89
1956.55
2029.69
1903.58
1893.88
1705.15
1868.32
1747.49
1929.76
1935.03
1796.84
1912.95
1726.74
1862.15
1977.3
1969.84
1965.25
1856.94
1830.92
1983.49
1836.15
1875.57
1888.87
1980.98
2083.95
1823.34
1880.78
1748.08
1827
2009.75
1792.46
1913.17
2110.87
1702.46
1813.13
1941.33
1900.02
1965.5
1937.64
1788.81
1905.78
2038.29
1980.61
1779.12
1853.7
1817.27
1913.49
1941.25
1779.57
1742.04
1870.42
1975.56
1848.75
1846.82
2016.06
1833.59
1887
1997.34
1911.34
2010.59
1946.3
2003.92
2009.75
1899.25
1927.59
1857.93
1844.63
1886.32
1966.52
1949.73
1962.35
1960.66
1911.13
1976.39
1833.3
1928.88
1887.92
1942.85
1993.47
1756.57
1778.52
1824.02
2053.15
2009.66
1961.48
1847.64
1848.07
1876.53
1871.57
1915.98
1839.12
1785.69
1958.97
2046.09
1959.35
1771.7
1836.29
1883.27
2005.75
1822.39
2004.82
2064.69
1895.75
2078.12
1944.81
1948.21
1956.7
1807.08
1962.12
1925.98
1761.64
2088.07
2003.99
2096.43
2022.99
1769.77
2021.47
1863.75
1845.08
1946.77
1762.32
1964.07
2165.07
2016.43
1790.11
2046.67
1840.99
1911
1887.57
2068.38
1928.87
2073.07
1713.9
2089.5
1936.57
1822.31
1901.21
2025.96
1925.42
2075.65
1830.62
1879.06
1769.44
1888.82
2122.37
1947.75
1980.16
2082.15
1934.27
2038.06
1816.33
1961.8
1947.77
1894.69
1931.13
2109.14
2000.9
1911.59
1775.79
1806.76
1967.11
1906.78
1973.9
1961.39
1964.54
1785.84
1853.77
1928.25
1717.12
1948.95
1936.35
2003.81
1857.23
1815.32
1896.7
1867.69
1885.06
1887.29
1882.52
1941.76
1921.96
2011.85
1970.22
1882.54
1918.21
1906.04
1862.03
1831.94
1885.78
1859.83
1970.18
1818.15
1785.6
1935.33
1937.99
1925.96
1714.72
1872.67
1975.79
1876.4
2083.13
1919.61
2018.35
2045.11
1866.74
1930.75
1935.6
1835.43
1907.22
1804.37
1927.89
1852.49
2108.15
1835.64
1985.32
2083.51
1813.84
2075.19
1951.61
1891.23
1993.09
1918.02
1775.07
1799.47
1865.55
2025.05
1852.43
1973.78
1861.89
1769.82
1772.39
1929.81
1871.35
1848.9
1976.41
2008.58
1850.29
1760.28
1937.26
1997.59
1839.51
1893.52
1940.49
1858.1
1957.95
1958.89
1873.72
2109.22
1913.12
1731.04
1843.74
2023.71
1986.94
1927.61
2091.47
1845.82
1828.44
1917.64
2125.17
1836.82
1972.82
1932.56
1852.06
1796.03
2034.22
2074.81
2130.57
1888.71
1863.81
1730.26
1917.43
1976.18
1801.05
1930.7
1933.33
1911.42
1925.62
1848.23
1839.12
1946.34
1961.2
2071.22
1778.92
2001.78
1893.09
1929.71
1734.02
1765.86
1965.81
1797.31
2141.98
2004.21
1687.1
1820.46
1866.84
1983.67
1900.14
1909.99
2038.42
1864.58
1905.85
1849.2
1863.44
1880.27
1775.4
1955.23
1886.83
1752.09
1850.44
2044.58
1923.04
1914.1
1913.04
2056.37
1983.85
1765.75
2015.79
1810.58
1939.46
1763.53
2050.57
2057.64
1937.93
1999.83
2042.63
1984.65
1980.4
2013.37
2060.5
1903.54
1837.1
1844.14
1887.21
1826.28
1931.29
2046.69
1919.16
2025.06
1889.37
1989.22
1900.29
1884.48
1849.77
1988.77
2038.29
2040.92
1948.85
1936.35
1986.76
2054.66
1968.85
1956.9
1941.72
1925.14
1845.41
1948.75
2019.96
1941.69
1937.77
1896.62
1897.16
1890.19
2010.73
2000.69
1858.62
1978.3
1889.42
1784.09
1979.11
1818.74
1968.73
1990.84
1949.97
1807.18
1746.36
1936.43
1905.39
1844.24
1993.91
1868.38
1966.98
1767.11
1963.53
1871.51
1906.78
2166.65
1942.42
1982.83
1943.51
1932.63
1747.88
1929.83
1975.04
1959.77
1853.47
2048.71
1924.81
1816.97
1888.8
1907.78
1839.95
1888.89
1992.68
2072.46
1986.5
1974.27
1885.69
1960.02
1940.22
1908.38
1867.07
1945.23
1702.17
1938.13
1886.95
2049.48
1845.55
1849.32
1980.71
1906.5
2005.99
1818.34
1724.13
2006.35
1728.1
1954.22
1834.93
1962.67
1829.44
1908.95
1855.33
1988
1892.34
1897.04
1850.24
1904.74
1958.74
1922.15
1919.71
2045.72
1790.92
2030.2
1888.18
1976.44
1904.03
2049.53
1926.99
1997.56
1848.6
1843.23
1988.98
1817.3
1936.01
1929.46
1822.93
2020.07
1747.97
1897.97
1918.36
1988.98
2010.98
1787.49
1808.29
2098.02
2105.8
1746.59
1865.27
1873.28
1962.16
2035.32
1863.18
2024.83
1855.56
1818.57
1920.98
1867.7
1852.09
1864.07
1751.27
1961.71
1848.75
1962.09
1886.9
1850.48
1922.18
2011.89
1891.29
1906.13
1919.52
1956.86
1939.74
1931.84
1849.83
2084.99
1815.07
1860.98
1898.72
1896.29
1940.23
2001.56
1976.01
1830.46
1933.26
1927.1
1885.12
2006.59
1827.72
1868.14
2051.04
2013.02
1828.58
1870.78
1985.27
1864.39
1978.11
1868.93
1891.25
1921.39
1893.01
2069.37
1942.5
2042.56
1878.34
1942.39
1804.23
1877.34
1894.45
1844.3
2080.22
1929.45
1942.24
1931.85
1945.14
1954.27
1995.79
1854.09
1995.23
1905.8
1856.01
1861.43
1857.95
1820.72
1851.02
1924.21
1669.25
1921.88
1883.63
2051.45
1758.93
1815.87
1999.6
1899.19
1818.07
2070.61
1940.41
1902.37
1810.75
1877.65
1861.1
1931.73
2101.15
1904.43
1841.54
1983.82
1945.23
1893.06
1940.29
1735.57
1907.44
2083.64
1934.19
1734.73
1808.31
1983.55
1925.99
1893.44
1964.08
1995.01
1935.61
1961.31
1995.34
1925.11
1755.72
1750.61
1838.89
1715.14
1907.9
1814.96
1905.7
1981.29
1919.02
1969.71
1831.86
1893.85
1880.23
1897.65
2040.03
1931.75
1926.43
1948.44
1874.61
1869.45
1696.73
2045.98
1966.91
1843.81
1760.19
2022.59
1951.73
1949.84
1839.84
1966.24
1831.42
1937.87
1857.98
1932.71
1856.18
1960.05
2007.38
1896.19
1902.23
1841.08
1938.02
1892.82
2010.8
1907.59
1821.71
1814.69
2000.61
1797.65
2138.62
1883.14
2020.51
1920.33
1825.7
2030.61
1876.37
1874.74
1970.56
1925.85
1881.6
1958.56
1924.46
1886.21
1888.6
1803.91
1932.96
1847.46
2005.92
1836.48
1981.73
1993.97
1931.95
1947.94
2020.27
1812.18
1846.01
2044.19
1863.86
2010.08
1898.94
1956.06
1939.14
1823.18
2033.81
1893.97
1773.34
1960.35
2062.88
1971
1851.37
1822.94
1904.8
1898.25
1884.61
2103.64
2032.83
1936.15
1869.25
1943.33
1991.31
1802.68
1960.72
1843.19
1994.02
1730.27
2036.88
1924.56
1989.28
1949.16
1904.24
2043.41
2016.27
1805.7
2049.9
1904.56
1951.16
1929.74
1843.4
2014.62
2063.61
1981.59
1817.49
1851.86
1833.03
1773.5
1927
1883.28
1719.1
1967.11
1958.89
1855.35
1931.69
2036.62
1838.35
1748.05
1928.22
1973.88
1996.91
1778.07
1841.18
1960.46
2008.23
2090.69
1807.92
1839.33
1847.1
1861.44
1871.11
2173.09
1748.61
1825.75
1951.41
2027.65
1943.83
1919.2
2082.74
2013.01
2154.01
2107.14
1971.65
1867.52
1951.83
1913.89
2079.32
2065.04
1831.86
1946.27
1795.67
1911.87
1947.98
1869.36
2098.55
1933.5
1843.99
1948.53
2027.23
1804.21
2091.18
1978.35
1746.27
1826.24
1896.71
2052.43
1841.11
1744.09
1869.96
1851.81
1874.39
1897.21
1842.3
1864.76
1931.83
1811.9
1808.59
1909.98
1912.71
1855.35
1891.39
1846.78
1891.55
1773.01
1894.31
1944.36
1927.27
1844.18
1926.06
1980.43
1872.04
1986.35
2029.34
2022.88
1929.83
1896.47
1925.39
1796.8
1998.12
2032.69
1952.6
1754.5
1869.62
1797.8
1963.98
1940.22
1945.01
1792.2
2174.3
1955.8
1893.68
1888.66
1840.23
2017
1974.25
1915.81
1783.62
1896.85
1793.57
1902.2
2013.6
1841.26
1798.06
1891.29
2025.97
1970.58
1986.28
1899.76
1936.22
1871.97
1875.45
1927.34
1739.01
2077.41
1992.3
1872.91
2017.71
2070.06
1878.75
1995.31
1751.02
1880.92
1877.68
1749.43
1859.77
1937.27
1904.17
1779.01
2095.09
1934.18
1854.98
1761.49
1973.64
1994.66
1916.61
1979.84
1949.66
1900.52
1979.83
1958.1
1934
1916.84
1897.85
1953.79
1945.1
1946.96
1918.81
1927.08
1877.53
1847.85
1869.29
2034.3
1843.76
2017.33
1962.62
1992.33
1874.81
1863.73
1840.66
1911
1956.42
2071.72
1908.85
1959.47
2119.01
1923.08
1926.64
1795.68
1921.74
2005.12
2028.5
1942.9
1947.23
1755.48
1883.65
1965.85
1936.97
1927.52
1794.82
2052.85
1898.15
1790.6
1914.11
1850.96
1721.48
1811.86
2109.06
1994.04
1874.87
1893.08
1872.78
1981.72
2134.37
1981.81
1744.66
1929.15
1930.57
1849.4
1940.54
1872.75
1984.73
2056.41
2056.14
1961.71
1900.41
1860.52
1884.65
1902.21
2087.22
1844.07
1862.01
2010.44
1959.49
1975.41
1844.26
1861.69
1889.09
1885.54
1834.96
1751.18
1984.59
1821
1959.75
1817.26
1931.67
2038.13
1928.16
2005.2
1944.04
1882.63
1913.99
1904.95
1812.72
1964.08
1956.93
2013.16
1967.38
2013.25
1895.04
1867.7
1909.93
1944.09
1883.64
1933.64
1835.58
1890.64
2024.55
1868.48
1962.63
1843.87
1929.64
1858.05
1977.39
1816.14
1761.83
1947.95
1776.62
1846.64
1773.14
1961.55
1917.51
1877.25
1856.12
1943.83
1935.63
1948.89
1932.97
1866.06
1930.49
1954.8
1926.59
1910.2
1819.31
1916.79
1990
1959.71
1981.23
1978.44
1980.08
1744.21
1953.05
1886.96
1960.77
1936.57
1855.58
1949.17
1845.25
1920.92
1900.56
1871.95
2039.86
1860.46
2009.33
1884.78
1893.02
1973.93
1877.21
1949.45
2039.74
1991.14
1793.47
1939.44
1915.45
1758.49
1671.46
1886.16
2006.79
1964.33
1865.28
1945.62
1945.08
2106.15
1860.47
2035.13
1881.45
1984.85
1824.88
1935.57
1878.44
1829.75
1777.49
1846.39
1930.79
1925.59
1734.27
1913.34
1680.32
2124.92
1737.97
1832.72
1953.96
1839.13
1841.19
1835.03
1873.55
1835.72
2089.75
1933.32
1923.63
2004.07
1900.23
1877.77
2010.78
1864.48
1915.19
2018.16
2176.56
2084.57
1808.61
1928.45
1896.83
1761.18
1924.07
1951.85
1919.79
1993.64
1966.27
1985.33
1919.45
1927.82
1926.67
1894.29
1911.34
1865.49
1943.42
1932.87
1962.26
1899.32
1779.97
2055.53
1805.1
1851.95
1853.33
2006.25
1887.37
2126.73
1988.96
1986.62
1989.93
1921.82
2033.03
1946.73
1993.61
1988.99
1864.19
1866.94
1931.25
1889.16
1839.31
1779.36
1933.65
1923.91
1968.71
1925.55
1907.32
1922.79
1889.11
1912.44
1885.43
2039.31
1889.52
1878.22
1963.43
1855.73
1924.71
1931.13
1987.21
1931.97
1740.44
1865.72
1888.07
1785.54
2082.26
1829.25
1840.23
1904.38
1921.23
1858.8
1970.44
1828.36
2029.51
1783.55
1905.2
1875.32
1891.89
1961.55
2078.99
1930.67
1901.97
1939.97
2069.04
1634.38
1806.03
2110.74
2004.64
2204.2
2102.63
2034.55
1792.12
1875.28
1958.09
1815.68
1907.15
1996.84
1993.08
1997.6
1940.17
1936.91
1977.26
1885.89
1986.39
1965.82
1910.94
1772.88
2130.72
1724.82
1787.91
1846.52
1825.97
1832.53
2036.92
2038.15
1856.58
1854.67
1787.84
1888.65
1705.19
1965.9
1998.01
1965.91
2086.74
1860.45
1921.56
2037.66
1853.41
1878.39
1923.47
1905.19
2076.98
1814.22
1928.37
1953.34
1938.14
1898.39
1880.89
1848.99
1911.88
1861.92
1890.25
1745.77
1932.59
2036.92
1877
1876.94
1960.12
1750.62
1932.79
2103.1
1899.74
2051.67
2021.25
1853.83
1960.65
1694.32
1897.16
1995.26
2044.88
1898.5
1925.3
1958.23
1896.42
1708.84
1962.73
1951.06
1910.09
1804.38
1699.72
2023.49
1938.43
1996.32
1653.17
1980.48
1904.65
1748.63
2121.7
1807.7
1936.49
2180
1940.97
1930.26
1937.52
2037.14
1724.78
2134.74
1895.07
1880.04
2008.03
1930.05
1969.72
1937.45
1922.21
1939.05
1997.98
1894.72
1890.15
2038.8
1938.44
1656.13
1897.65
1808.97
1708.97
1974.61
1922.78
2045.38
2119.95
1882.29
1929.46
2068.52
1751.1
1811.59
1733.03
1684.86
1856.72
1859.21
1930.9
2028.9
1954.35
1937.27
1808.65
1992.35
2026.25
1962.13
1983.6
1854.24
1998.85
1944.42
1684.64
1888.35
1672.98
1907.14
2004.56
1966.97
1870.32
1860.75
2117.17
1897.88
1989.71
1989.63
2039.09
1807.41
1834.52
1952.1
1809.84
1913.14
2053.87
1808.32
2033.37
1862
2165.66
1959.05
1749.93
1870.41
1806.72
1832.28
2037.95
1793.13
2091.86
1927.31
1943.58
1868.83
1855.83
1889.76
2149.22
1825.68
1978.77
1859.4
1948.42
2023.01
1826.36
1965.44
1917.79
1842.22
1897.28
1947.54
1989.06
1845.11
1856.09
1975.48
1812.12
1890.36
1988.98
1893.54
2008.53
1924.48
1939.35
2014.39
1946.31
2184.05
1787.84
1922.77
1864.33
1959.88
1873.93
1934.91
1875.66
2010.54
1880.4
1902.27
1978.63
1989.87
2118.14
1740.54
1800.54
1824.85
2063.29
1882
1798.71
1869.09
2093.61
2062.06
1890.24
1817.02
1799.35
1891.75
1762.84
1880.45
1839.35
1754.77
2038.09
1985.23
1938.75
1914.81
1878.78
1882.67
1889.75
2055.52
1961.79
2069.67
1943.15
1855.83
1852.91
1782.7
1735.06
1885.2
1882.19
1966.24
1889.97
1912.58
1944.62
1765.11
1954.55
1927.18
1940.26
1823.66
1951.72
1943.72
2027.87
1998.18
1787.54
1933.32
1891.34
1724.9
1920.01
1884.82
1925.18
1852.49
1934.69
2056.46
1972.12
1897.53
1980.16
1974.88
1848.77
1806.01
2012.36
1995.6
1913.31
1926.2
1932.9
1923.64
1948.02
1769.84
1906.19
1932.18
1972.3
1911.49
1896.96
1969.25
2071.47
2012.01
1818.34
1919.83
1975.33
1765.24
2037.3
1890.91
1883.32
2000.87
1808.65
1828.64
1941.96
1884.33
2005.33
1811.55
1881.86
1820.76
1786.05
1847.7
1838.23
1847.62
1957.58
1854.77
1955.63
2092.96
2049.31
1876.47
1803.09
1975.09
1872.03
1882.42
1794.16
1879.66
1735.46
1792.2
2088.1
1896.45
1952.09
2090.81
1951.51
1905.82
1788.23
1829.31
1921.95
1943.89
1806.41
1829.41
1873.62
1888.44
1851.02
1920.57
1917.69
1942.39
1942.22
2052.39
1965.85
1952.69
1851.55
1886.46
1827.43
2088.28
1832.82
