3438.17
3334.51
3498.42
3208.96
3548.98
3353.51
3450.47
3405.92
3612.69
3425.63
3224.93
3331.84
3352.09
3092.2
3413.23
3474.71
3285.42
3488.57
3394.9
3429.05
3326.76
3514.78
3406
3494.58
3448.42
3312.19
3433.52
3427.83
3329.74
3554.05
3230.86
3407.8
3226.72
3313.26
3168.69
3353.8
3257.11
3451.89
3329.72
3566.38
3749.32
3141.52
3442.12
3256.66
3547.88
3397.98
3552.79
3506.33
3334.94
3487.72
3530.55
3166.87
3323.32
3337.75
3292.98
3325.3
3452.6
3360.7
3227.69
3260.65
3570.54
3292.09
3544.02
3356.75
3461.45
3324.8
3205.56
3529.97
3745.38
3451.92
3397.59
3340.78
3362.85
3428.03
3320.87
3278.75
3555.1
3405.32
3230.72
3399.11
3175.34
3178.93
3426.54
3423.32
3490.8
3237.31
3428.15
3283.89
3335.07
3473.73
3491.25
3516.27
3194.36
3071.62
3516.73
3279.01
3514.77
3393.88
3303.78
3343.43
3238.63
3296.4
3526
3376.58
3375.44
3265.97
3339.07
3619.67
3238.23
3532.13
3600.93
3480.64
3308.81
3378.47
3323.13
3297.75
3381.82
3307.88
3441.25
3514.87
3199.34
3169.35
3355.98
3233.27
3471.92
3600.87
3301.64
3426
3478.49
3322.68
3524.94
3248.7
3421.26
3441.29
3309.65
3263.56
3511.31
3240.78
3182.08
3386.8
3342.77
3346.56
3347.77
3500.63
3376.56
3356.72
3425.7
3383.14
3397.7
3131.62
3227.1
3279.15
3156.21
3263.21
3467.1
3203.94
3569.26
3407.23
3431.94
3266.98
3386.03
3088.71
3546.42
3226.34
3391.07
3393.7
3088.64
3356.04
3449.11
3489.63
3313.17
3307.96
3370.14
3390.69
3234.18
3494.86
3427.28
3444.83
3545.13
3363.28
3414.62
3719.47
3383.21
3460.21
3540.74
3497.71
3344
3300.46
3155.99
3479.83
3320.58
3400.06
3408.27
3206.51
3427
3584.16
3357.45
3407.74
3275.22
3471.73
3391.15
3360.94
3187.88
3435.13
3502.49
3351.59
3398.45
3364.06
3267.33
3397.99
3242.65
3342.39
3574.85
3277.76
3384.76
3434.33
3295.43
3442.6
3465.46
3225.44
3491.14
3360.91
3241.6
3397.08
3228.52
3266.58
3462.07
3235.55
3263.76
3251.56
3389.01
3352.79
3214.97
3265.32
3423.94
3303.8
3343.6
3289.96
3300.22
3449.57
3503.92
3275.03
3103.41
3319.31
3506.12
3360.21
3303.4
3454.61
3496.97
3664.12
2967.3
3354.22
3184.75
3345.11
3412.46
3476.12
3495.88
3283.46
3647.15
3473.98
3279.26
3236.95
3211.75
3261.97
3153.32
3361.56
3555.07
3333.75
3232.42
3508.84
3495.51
3210.92
3301.09
3448.75
3534.92
3448.56
3322.26
3507.71
3410.81
3136.71
3339.53
3310.03
3218.49
3306.36
3383.85
3232.65
3456.17
3359.71
3473.58
3403.37
3354.26
3376.85
3466.22
3448.1
3313.52
3532.36
3310.22
3325.19
3307.01
3421.38
3410.63
3441.64
3544
3284.46
3186.61
3328.06
3642.59
3494.41
3473.4
3376.17
3618.03
3433.22
3517.47
3134.15
3432.3
3431.63
3372.03
3583.85
3475.52
3016.99
3435.22
3215.78
3499.87
3475.71
3266.92
3373.57
3330.2
3426.92
3377.63
3313.79
3351.81
3478.45
3426.52
3191.47
3303.26
3326.51
3433.93
3405.85
3222.56
3359.2
3358.61
3387.49
3426.36
3389.85
3592.99
3181.32
3212.94
3253.35
3271.63
3325.35
3645.29
3552.98
3413.66
3422.82
3314.08
3482.15
3469.39
3448.49
3096.87
3408.39
3573.77
3323.81
3527.98
3692.08
3352.73
3450.53
3353.06
3457.57
3404.47
3434.53
3463.97
3598.44
3463.13
3288.48
3437.54
3456.52
3273.97
3443.84
3572.7
3591.98
3467.29
3417.29
3275.87
3271.69
3398.59
3448.35
3240.81
3462.93
3557.38
3385.22
3259.67
3328.94
3429.17
3333.12
3374.46
3222.6
3380
3457.33
3343.97
3159.18
3331.89
3328.33
3456.58
3342.56
3350.48
3376.34
3453.88
3589.52
3426.6
3394.18
3404.33
3288.77
3402.08
3466.61
3351.09
3343.73
3075.21
3520.31
3318.19
3348.77
3414.22
3444.53
3641.06
3199.63
3455.57
3186.44
3352.32
3248.97
3265.36
3360.85
3326.97
3391.34
3380.76
3336.91
3271.04
3187.77
3288.63
3258.18
3348.18
3425.99
3246.27
3374.44
3530.28
3167.91
3490.05
3314.96
3296.78
3439
3354.11
3349.57
3297.1
3471.87
3243.04
3109.9
3326.8
3194.16
3404.47
3453.46
3303.19
3497.18
3258.27
3403.38
3299.78
3531.32
3362.93
3311.71
3375.77
3172.26
3457.47
3449.81
3336.92
3365.26
3466.29
3408.38
3315.05
3593.74
3426.27
3278.39
3361.13
3364.31
3340.69
3466.94
3528.22
3195.48
3319.53
3408.52
3318.05
3627.86
3157.99
3275.57
3321.57
3427.17
3337.57
3350.01
3565.05
3231.86
3160.46
3233.11
3373.14
3262.27
3401.57
3310.85
3086.96
3345.87
3285.21
3416.97
3566.27
3230.68
3562.77
3298.59
3243
3356.28
3409.99
3375.08
3262.41
3358.76
3318.65
3044.4
3328.15
3238.09
3383.93
3334.64
3396.39
3200.03
3330.99
3300.17
3713.25
3125.9
3593.97
3300.94
3496.49
3343.07
3418.51
3240.94
3297.68
3596.15
3252.02
3309.41
3428.83
3550.61
3431.74
3616.96
3414.57
3098.89
3457.48
3348.23
3240.58
3641.29
3330.87
3339.35
3350.75
3473.24
3137.36
3366.75
3323.13
3328.52
3393.07
3352.22
3298.21
3439.95
3279.86
3496.7
3467.14
3300.34
3374.81
3435.95
3529.58
3118.95
3205.65
3240.87
3055.73
3199.07
3507.69
3327.3
3432.95
3248.39
3331.25
3327.41
3186.55
3399.51
3596.48
3393.89
3376.33
3379.16
3398
3666.71
3157.84
3258.91
3340.14
3327.6
3647.29
3372.92
3309.19
3423.24
3475.47
3429.91
3398.73
3398.8
3478.28
3466.57
3710.25
3230.69
3523.7
3432.21
3423.68
3386.82
3252.52
3421.55
3334.45
3217.81
3465.19
3460.26
3584.47
3659.13
3133.79
3311.84
3270
3377.64
3412.83
3413.33
3466.19
3299.68
3161.15
3337.9
3503.7
3281.15
3284.46
3289.65
3320.89
3341.43
3267.95
3382.15
3447.16
3225.67
3484.56
3281.9
3251.91
3533.98
3368.79
3359.66
3470.51
3514.52
3311.7
3414.63
3534.24
3349.22
3367.08
3431.45
3292.66
3387.04
3426.39
3588.17
3252.79
3175.67
3479.56
3257.36
3285.03
3290.94
3478.69
3245.07
3284.6
3330.37
3377.41
3473.37
3246.55
3408.79
3313.91
3291.59
3509.93
3225.36
3382.67
3292.36
3439.21
3239.18
3284.82
3306.49
3314.75
3339.42
3447.72
3161.97
3433.88
3319.39
3249.6
3202.18
3442.53
3444.64
3579.68
3251.61
3525.72
3221.96
3801.19
3331.68
3356.25
3259.47
3431.12
3482.87
3127.72
3311.33
3676.42
3440.55
3324.05
3224.11
3341.83
3216.05
3326.54
3375.33
3408.22
3422.43
3442.31
3349.31
3389.67
3403.4
3460.49
3213.38
3489.33
3252.62
3590.73
3317.94
3355.94
3409.61
3425.33
3571.12
3452.31
3361.75
3396.37
3396.01
3603.94
3347.54
3417.57
3316.81
3578.59
3203.49
3379.3
3582.47
3154.38
3298.62
3420.36
3186.35
3409.7
3359.52
3278.85
3172.15
3514.37
3362.41
3589.26
3314.51
3309.12
3409.07
3105.18
3231.96
3244.67
3389.12
3452.14
3480.8
3419.87
3201.22
3313.62
3351.84
3301.26
3311.34
3433.49
3150.75
3528.87
3246.62
3219.92
3418.21
3349.12
3344.67
3451.4
3338.31
3480.47
3288.83
3275.95
3363.6
3524.29
3445.78
3355.4
3239.38
3329.25
3300.6
3366.78
3181.05
3461.41
3387.46
3511.27
3288.58
3561.92
3265.45
3359.47
3288.57
3282.75
3260.55
3556.95
3440.85
3405.09
3431.11
3320.99
3414.63
3407.03
3258.02
3677.78
3195.09
3421.29
3474.99
3639.11
3316.13
3363.89
3474.14
3317.97
3311.98
3355.59
3448.91
3321.63
3412.38
3341.64
3582.34
3542.05
3452.97
3464.94
3308.19
3337.63
3251.71
3445.5
3507.9
3258.44
3382.59
3260.97
3323.7
3142.83
3134.59
3502.96
3590.91
3495.72
3256.92
3300.48
3619.13
3591.68
3355.48
3263.67
3090.46
3471.26
3462.84
3260.43
3526.57
3245.38
3294.12
3642.73
3250.88
3518.58
3304.4
3170.19
3471.21
3446.45
3306.78
3442.26
3209.16
3349.08
3420.86
3378.71
3514.34
3322.49
3192.43
3387.5
3170.28
3409.06
3305.95
3489.51
3591.09
3363.48
3297.47
3247.18
3396.97
3224.38
3363.54
3428.05
3120.72
3569.4
3271.48
3443.62
3108.6
3444.19
3243.32
3322.7
3462.26
3548.9
3432.26
3389.8
3517.69
3605.44
3297.46
3390.94
3278.44
3524.29
3452.42
3457.25
3170.71
3392.9
3400.5
3500.29
3317.18
3344.67
3366.57
3392.71
3544.38
3477.28
3384.33
3246.87
3745.39
3289.97
3073.68
3479.94
3323.54
3317.21
3584.67
3451.19
3160.72
3416.59
3409.78
3523.45
3341.24
3369.12
3384.09
3356.2
3324.21
3347.2
3296.95
3321.16
3426.23
3541.28
3312.93
3552.52
3515.4
3510.71
3628.83
3445.92
3262.78
3325.54
3330.88
3592.37
3076.76
3332.15
3488.33
3219.41
3550.33
3258.02
3215.23
3366.76
3245.54
3361.42
3251.07
3334.92
3303.23
3327.1
3306.37
3487.31
3372.7
3547.05
3255.86
3354.76
3320.58
3351.2
3400.85
3348.61
3407.01
3339.69
3364.01
3394.71
3288.87
3289.97
3355.52
3417.4
3345.11
3264.33
3451.66
3411.99
3299.02
3488.88
3404.5
3407.31
3348.62
3357.96
3364.8
3602.98
3294.43
3386.25
3271.39
3199.94
3266.64
3568.69
3253.89
3479.22
3198.59
3376.36
3466.18
3226.28
3362.37
3534.76
3382.48
3528.36
3293.94
3548.73
3431.54
3578.9
3526.94
3480.13
3427.2
3224.71
3270.56
3197.25
3422.01
3283.22
3298.45
3455.22
3432.14
3533.35
3406.67
3395.68
3550.23
3349.97
3361.92
3285.51
3370.92
3235.98
3517.43
3394.4
3478.36
3577.35
3388.89
3416.96
3394.08
3374.73
3389.31
3164.88
3349.2
3323.42
3469.93
3436.07
3473.01
3257.86
3519.05
3369.81
3339.69
3551.59
3588.75
3446.65
3517.63
3353.89
3252.93
3231.75
3422.33
3264.68
3586.15
3437.52
3267.38
3417.12
3329.52
3332.88
3166.98
3505.87
3447.58
3453.64
3566.01
3420.45
3234.77
3474.93
3397.2
3261.03
3296.41
3347.76
3418.12
3402.62
3565.46
3335.73
3289.2
3329.8
3363.8
3437.11
3195.5
3359.68
3207.06
3368.42
3202.44
3189.25
3282.25
3318.92
3634
3524.58
3555.63
3545.31
3196.47
3213.61
3197.39
3368.72
3319.17
3390.73
3305.08
3357.98
3475.67
3313.54
3299.36
3454.79
3260.34
3370.6
3443.19
3546.71
3243.98
3461.86
3589.06
3376.48
3504.09
3602.5
3250.07
3530.61
3239.75
3252.49
3534.43
3361.42
3404.99
3243.19
3242.76
3350.91
3550.8
3272.19
3136.2
3211.73
3468.02
3275.42
3379.35
3425.76
3374.74
3362.8
3245.97
3548.73
3321.86
3368.87
3251.79
3642.76
3427.85
3218.62
3397.47
3602.3
3408.59
3231.01
3326.13
3277.53
3307.5
3468.92
3534.99
3509.41
3371.73
3200.09
3391.01
3283.66
3401.43
3323.04
3420.51
3413.77
3336
3469.18
3275.33
3464.28
3643.84
3375.6
3278.48
3256.25
3392.67
3359.75
3618.92
3339.05
3377.81
3403.7
3182.86
3507.64
3221.75
3601.32
3617.7
3512.87
3259.33
3280.93
3284.64
3267.32
3188.28
3275.48
3339.15
3308.49
3381.42
3311.57
3237.86
3103.05
3419.87
3339.08
3258.31
3328.28
3277.77
3268.15
3299.04
3280.51
3206.89
3169.82
3600.47
3275.23
3442.07
3160.51
3267.55
3353.51
3310.15
3534.47
3276.96
3456.06
3279.15
3283.46
3357.35
3444.52
3311.3
3232.16
3300.71
3338.64
3236.16
3510.22
3627.52
3225.91
3197.13
3435
3518.23
3230.91
3348.99
3457.8
3371.73
3437.38
3316.38
3351.93
3487.82
3359.42
3304.55
3214.31
3197.9
3408.05
3515.62
3266.44
3418.39
3278.93
3243.81
3471.48
3352.46
3392.42
3393.45
3481.8
3176.5
3075.57
3553.61
3405.89
3413.98
3387.03
3303.14
3080.53
3359.4
3594.28
3531.52
3488.03
3299.89
3343.63
3452.67
3297.53
3176.25
3343.75
3423.54
3319.86
3329.49
3227.56
3213.54
3334.29
3247.61
3593.36
3539.03
3395.79
3431.02
3360.9
3183.86
3566.55
3496.73
3303.25
3213.39
3211.42
3219.43
3441.74
3322.11
3300.12
3568.18
3474.7
3344.01
3498.16
3446.26
3398.94
3317.15
3436.26
3418.19
3282.02
3342.64
3376.85
3399.51
3620.02
3599.72
3511.19
3446.29
3509.55
3429.09
3380.49
3388.49
3256.11
3427.82
3355.96
3320.41
3360.53
3380.04
3255.11
3300.89
3357.32
3479.56
3113.26
3343.14
3346.57
3368.12
3208.1
3380.86
3426.94
3281.62
3379.88
3258.15
3639.29
3268.42
3442.35
3389.69
3445.45
3304.85
3391.85
3378.83
3579.45
3165.73
3358.45
3255.38
3390.33
3347.79
3373.53
3443.74
3344.09
3205.4
3455.8
3113.22
3165.76
3292.35
3441.3
3327.93
3301.33
3325.02
3113.82
3351.5
3523.7
3533.11
3401.15
3339.71
3402.02
3426.61
3418.88
3207.51
3423.42
3481.56
3363.46
3320.73
3280.08
3419.24
3185.89
3644.62
3559.77
3458.18
3264.83
3401.09
3275.42
3389.55
3505.81
3345.98
3350.17
3480.84
3415.4
3424.83
3250.56
3400.73
3320.26
3376.54
3263.12
3164.45
3451.13
3469.3
3375.08
3332.41
3292.4
3340.82
3115.65
3446.15
3279.57
3276.37
3494.3
3273.72
3317.66
3298.82
3163.42
3476.49
3202.28
3404.33
3459.7
3177.08
3319.81
3736.35
3487.1
3455.84
3312.9
3512.55
3181.16
3358.58
3240.94
3366.79
3400.01
3294.1
3425.82
3382.41
3227.56
3248.11
3389.82
3396.24
3315.62
3342.59
3377.2
3291.19
3132.05
3393.62
3419.51
3289.22
3341.94
3336.77
3598.69
3420.7
3368.05
3422.25
3430.52
3430.57
3239.45
3346.82
3241.33
3372.33
3611.63
3387.36
3382.71
3463.04
3466.03
3498.23
3613.75
3317.36
3575.42
3462.39
3636.25
3121.49
3513.45
3279.08
3247.51
3237.89
3447.82
3405.47
3428.79
3400.5
3348.55
3506.13
3317.35
3102.64
3430.12
3490.39
3374.15
3245.64
3291.97
3222.1
3626.01
3308.69
3600.99
3330.25
3257.37
3611.35
3420.01
3545.4
3219.31
3478.23
3230.46
3258.84
3406.96
3178.59
3313.23
3182.16
3475.63
3200.43
3283.41
3279.76
3135.03
3557.42
3187.66
3702.01
3488.61
3572.53
3237.13
3467.54
3519.71
3341.97
3434.34
3421.46
3255.39
3304.51
3260.79
3235.65
3205.92
3326.79
3510.67
3437.02
3455.7
3360.28
3246.5
3333.16
3312.91
3247.61
3242.84
3259.31
3413.39
3116.1
3455.81
3635.56
3319.64
3421.53
3461.81
3497.72
3406.53
3453.55
3321.61
3224.71
3271.03
3410.26
3611
3351.28
3259.3
3572.94
3304.49
3329.39
3349.78
3252.8
3343.33
3298.16
3361.38
3335.89
3506.22
3356.02
3426.34
3257.86
3347.38
3453.73
3424.99
3336.18
3498.67
3218.56
3418.88
3366.77
3427.37
3222.28
3385.09
3446.06
3387.57
3153.35
3598.78
3232.52
3405.87
3311.13
3464.72
3396.91
3317.95
3543.86
3236.22
3454.6
3240.76
3515.82
3408.13
3307.49
3243.57
3615.25
3553.81
3537.58
3348.47
3357.1
3350.43
3347.51
3383.07
3302.63
3536.11
3515.31
3285.93
3537.8
3496.99
3441.58
3491.28
3154.47
3213.53
3290.8
3468.56
3327.52
3113.52
3386.44
3426.8
3364.2
3498.98
3345.16
3387.99
3082
3518.84
3406.02
3293.85
3358.52
3164.68
3300.95
3302.72
3363.48
3405.37
3391.61
3315.06
3435.02
3466.88
3385.9
3386.53
3259.49
3328.64
3397.74
3371.72
3464.4
3373.89
3377.68
3367.97
3316.44
3362.67
3392.05
3429.15
3454.24
3374.4
3366.2
3294.19
3213.91
3381.95
3366.85
3541.53
3314.43
3254.76
3267.83
3366.46
3681.56
3507.3
3469.66
3333.35
3325.43
3274.14
3462.94
3426.81
3455.71
3436.61
3386.25
3531.13
3482.36
3461.67
3504.25
3363.67
3433.28
3401.82
3225.39
3351.17
3475.77
3459.86
3452.04
3431.04
3372.74
3457.57
3323.88
3372.28
3317.02
3449.94
3449.88
3341.92
3327.71
3506.21
3384.79
3583.61
3390.15
3309.32
3429.71
3253.73
3510.84
3399.88
3353.33
3370.2
3272.99
3301.9
3140.4
3358.19
3513.33
3228.61
3454.33
3305.57
3250.82
3536.95
3396.58
3226.3
3259.6
3270.03
3560.7
3394.56
3129.06
3430.21
3488.16
3440.55
3149.03
3355.65
3350.29
3653.1
3568.55
3316.61
3467.16
3647.25
3462.77
3218.28
3195.84
3304.87
3237.22
3365.1
3471.32
3403.56
3338.54
3175.1
3328.13
3452.62
3275.03
3141.94
3205.74
3281.4
3647.15
3329.38
3388.88
3368.93
3378.29
3323.93
3393.76
3338.84
3604.05
3433.13
3550.78
3366.92
3428.51
3189.62
3689.46
3445.35
3211.61
3349.78
3399.34
3328.55
3305.14
3553.87
3165.41
3432.47
3378.44
3446.68
3504.03
3338.08
3509.05
3553.38
3466.98
3486.41
3329.39
3369.33
3173.5
3279.68
3299.07
3400.79
3408.54
3232.18
3303.22
3481.33
3337.42
3421.71
3362.58
3432.32
3221.1
3507.04
3277.07
3188.73
3559.53
3182.21
3285.32
3329.6
3342.66
3368.4
3218.65
3459.77
3239.1
3278.44
3343.21
3363.68
3269.49
3415.15
3362.71
3343.59
3292.92
3294.92
3236.08
3259.98
3222.28
3576.45
3677.2
3089
3315.13
3591.95
3433.29
3385.75
3381.72
3145.22
3198.89
3216.41
3750.79
3626.17
3385.53
3535.26
3552.46
3473.42
3360.13
3302.97
3371.05
3298.99
3351.46
3248.27
3308.66
3266.58
3368.12
3448.96
3358.68
3333.51
3423.74
3262.1
3520.22
3417.1
3272.75
3386.86
3404.61
3448.39
3317.05
3282.87
3418.11
3295.88
3244.98
3321.21
3437.14
3456.36
3462.79
3125.15
3295.77
3349.37
3318.33
3317.75
3357.81
3586.78
3277.3
3427.05
3354.25
3359.26
3505.94
3201.81
3466.99
3382.33
3347.32
3401.34
3445.95
3269.59
3368.24
3320
3149.81
3534.48
3356.15
3646.11
3324.88
3286.82
3202.13
3498.24
3326.74
3348.32
3259.73
3310.89
3338.04
3455.65
3517.74
3174.56
3448.16
3204.14
3467.64
3339.19
3225.49
3478.14
3421.95
3420.15
3317.43
3406.57
3217.82
3318.55
3347.48
3445.4
3188.32
3343.17
3437.22
3402.29
3511.38
3558.79
3356.45
3320.3
3567.14
3311.25
3147.9
3241.91
3236.29
3496.29
3569.49
3457.68
3315.87
3215.11
3309.89
3262.95
3543.54
3331.69
3321.75
3384.04
3347.33
3355.21
3431.63
3558.51
3479.61
3485.31
3248.16
3356.66
3424.01
3311.66
3350.57
3209.97
3499.45
3455.84
3199.44
3277.8
3351.23
3541.74
3273.29
3168.16
3114.92
3272.93
3409.34
3417.73
3471.91
3369.59
3324.12
3351.07
3356
3342.19
3386.17
3430.45
3300.06
3416.49
3486.58
3507.11
3525.28
3437.86
3269.58
3432.15
3235.67
3323.12
3396
3515.79
3305.82
3270.42
3349.04
3246.15
3630.71
3488.84
3324.64
3128.01
3249.9
3423.4
3587.66
3373.85
3192.48
3457.41
3187.98
3280.28
3092.63
3471.72
3458.64
3363.12
3174.32
3309.16
3468.36
3205.75
3264.68
3259.52
3455.8
3560.56
3243.83
3252.01
3343.37
3302.09
3438
3359.72
3435.05
3398.96
3510.25
3245.44
3560.09
3253.98
3241.87
3385.28
3262.93
3458.43
3150.53
3375.96
3606.18
3040.41
3423.33
3371.84
3434.91
3396.64
3483.79
3236.11
3470.14
3377.66
3243.62
3357.91
3223.06
3254.64
3403.87
3437.51
3463.16
3474.1
3515.44
3110.2
3470.6
3270.27
3303.49
3405.98
3368.92
3245.42
3279.78
3217.76
3509.12
3550.49
3272.23
3558.08
3481.24
3438.39
3348.83
3502.79
3357.63
3329.56
3349.64
3408.8
3504.87
3283.99
3286.48
3092.24
3447.41
3561.35
3320.66
3381.27
3486.23
3626.52
3284.47
3460.52
3431.65
3460.12
3322.15
3438.81
3550.51
3374.52
3276.34
3356.29
3219.53
3386.15
3082.73
3313.28
3190.16
3417.8
3541.33
3458.99
3521.49
3358.44
3268.3
3174.86
3227.37
3335.05
3413.04
3327.44
3338.56
3411.88
3408.01
3186.35
3321.52
3603.17
3429.34
3488.04
3095.57
3234.97
3320.67
3656.07
3291.23
3514.68
3241.95
3400.2
3383.2
3527.64
3268.81
3573.23
3066.9
3362.78
3412.16
3527.15
3276.79
3461.18
3211.1
3229.34
3536.87
3402.05
3195.11
3662.03
3521.95
3431.35
3540.78
3327.3
3514.7
3538.58
3133.38
3376.37
3193.82
3459.19
3462.63
3254.16
3192.16
3271.56
3266.27
3359.16
3167.76
3299.79
3212.21
3434.46
3134.86
3460.04
3378.31
3488
3620.9
3364.47
3396.62
3460.27
3247.02
3198.96
3285.57
3434.51
3264.3
3319.17
3527.1
3268.14
3294.04
3307.81
3192.85
3439.61
3466.32
3216.05
3350.91
3452.09
2929.45
3091.45
3383.91
3268.3
3222.05
3262.25
3270.43
3283.21
3285.02
3372.66
3160.51
3157.77
3486.94
3245.62
3382.89
3354.56
3323.2
3314.75
3597.4
3418.51
3341.71
3266.24
3301.75
3510.93
3185.28
3513.86
3467.07
3296.61
3560.55
3132.77
3587.47
3289.79
3331.29
3253.26
3514.6
3282.77
3324.24
3322.25
3238.27
3214.88
3355.76
3305.34
3301.55
3526.21
3393.99
3178.27
3103.17
3371.42
3277.07
3396.09
3358.67
3330.1
3359.35
3419.23
3712.18
3448.72
3732.44
3325.25
3345.09
3355.28
3362.12
3483.16
3378.46
3464.77
3435.34
3219.25
3533.46
3356.55
3672.53
3117.87
3302.82
3343.62
3167.21
3306.56
3340.21
3363.19
3226.13
3212.02
3363.28
3407.16
3398.5
3626.59
3462.91
3430.67
3473.65
3623.16
3434.12
3294.94
3579.12
3578.29
3325.07
3221.73
3445.62
3189.85
3478.37
3290.76
3157.45
3236.57
3391.68
3473.31
3378.85
3402.75
3235.91
3294.01
3387.1
3229.78
3579.56
3435.63
3059.96
3553.97
3384.02
3195.84
3265.79
3583.06
3385.52
3313.44
3361.63
3278.37
3280.42
3332.18
3385.31
3145.42
3400.87
3326.66
3310.16
3239.5
3294.41
3439.26
3439.66
3422
3338.62
3524.78
3501.84
3374.87
3479.97
3260.84
3500.08
3494.09
3422.71
3537.15
3396.72
3258.07
3346.01
3353.6
3309.29
3193.04
3176.81
3322.91
3405.13
3398.31
3541.34
3395.75
3176.6
3351.89
3301.66
3221.64
3275.72
3277.92
3419.13
3195.18
3437.9
3281.31
3199.86
3175.69
3297.22
3527.19
3397.6
3214.95
3311.46
3262.18
3227.18
3373.65
3291.08
3340.14
3502.84
3401.51
3575.03
3294.61
3440.11
3294.32
3290.23
3430.79
3557.16
3302.48
3214.2
3311.64
3411.57
3404.41
3173.76
3349.36
3490.46
3466.07
3202.19
3319.51
3442.46
3490.79
3563.53
3604.82
3341.01
3189.48
3314.21
3421.05
3407.64
3167.74
3260.38
3269.41
3208.01
3438.12
3487.44
3231.87
3211.12
3541.59
3317
3421.59
3523.29
3278.54
3303.41
3436.83
3376.93
3227.07
3357.55
3463.4
3717.53
3541.59
3437.34
3591.05
3483.84
3666.13
3275.2
3478.77
3527.85
3257.25
3250.21
3131.94
3213.54
3282.24
3336.3
3414.08
3483.71
3233
3269.65
3626.42
3409.29
3357.83
3236.79
3291.96
3378.17
3328.99
3136.32
3434.02
3419.28
3438.79
3560.41
3513.94
3553.42
3169.91
3387.95
3387.09
3391.19
3383.04
3270.59
3479
3283.14
3293.56
3348.8
3324.64
3250.11
3371.76
3424.65
3549.8
3453.85
3216.14
3507.27
3362.73
3283.63
3461.55
3450.83
3508.68
3516.66
3396.09
3449.02
3411.6
3539.83
3340.49
3552.35
3392.25
3238.45
3361.65
3204.48
3419.66
3327.72
3657.84
3338.94
3072.57
3131.58
3590.56
3376.88
3270.53
3406.16
3495.73
3193.24
3564.96
3338.1
3498.82
3346.8
3245.24
3340.23
3419.08
3307.56
3377.7
3203.58
3347.28
3418.86
3560.83
3394.83
3519.24
3524.67
3255.2
3319.43
3298.28
3283.47
3441.23
3339.42
3260.93
3536.09
3247.64
3310.39
3355.08
3232.81
3194.35
3242.17
3059.2
3488.03
3381.9
3200.72
3335.94
3259.09
3386.84
3383.8
3426
3470.05
3218.92
3564.69
3330.68
3358.02
3476.42
3318.73
3419.78
3568.55
3324.41
3273.44
3440.5
3259.61
3370.82
3239.92
3618.22
3388.26
3570.18
3445.21
3527.16
3400.61
3064.33
3538.48
3335.42
3304.58
3357.6
3352.67
3232.53
3343.46
3516.95
3219.93
3536.4
3418.98
3071.89
3370.32
3144.32
3393.6
3215.57
3436.95
3610.38
3393.1
3247.36
3439.16
3461.64
3480.88
3336.03
3446.51
3542.28
3173.51
3606.81
3191.96
3312.87
3152.55
3479.78
3564.36
3606.87
3597.34
3606.25
3311.52
3432.93
3427.81
3541.34
3025.25
3144.84
3218.78
3478.44
3278.63
3293.96
3409.38
3592.37
3358.34
3391.66
3336.98
3446.03
3411.56
3403.74
3331.15
3111.97
3296.34
3384.4
3394.62
3509.05
3419.35
3669.76
3228.79
3120.14
3472.56
3255.21
3590.62
3170.29
3614.58
3281.12
3286.77
3476.81
3362.44
3289.49
3149.4
3235.29
3346.17
3553.01
3346.34
3605.87
3544.98
3211.87
3377.24
3308.09
3470.81
3406.93
3423.18
3338.19
3017.86
3488.09
3570.25
3448.48
3674
3465.37
3540.59
3044.86
3258.76
3434.46
3207.45
3195.64
3475.41
3297.86
3359.28
3558.89
3208.81
3157.77
3272
3478.59
3653.56
3246.36
3465.69
3496.61
3394.59
3267.41
3426.69
3409.5
3401.12
3212.15
3554.24
3509.28
3300.28
3178.39
3516.35
3497.64
3380.25
3094.7
3429.77
3317.45
3347.73
3297.22
3360.88
3172.56
3398.87
3552.49
3380.52
3336.58
3622.49
3252.46
3385.36
3411.96
3216.09
3529.82
3516.34
3539.47
3664.7
3462.51
3383.13
3470.11
3164.52
3362.06
3367.96
3445.09
3407.32
3425.71
3180.45
3353.51
3422.57
3261.64
3308.39
3321.45
3312.31
3703.96
3559.03
3587.56
3449.86
3581.27
3517.7
3402.14
3341.87
3164.04
3558.99
3416.75
3365.97
3430.39
3328.53
3521.63
3480.88
3379.24
3265.16
3355.44
3378.3
3247.37
3291.79
3261.62
3470.72
3470.89
3267.9
3433.68
3338.59
3488.1
3532.91
3470.38
3101.14
3209.28
3403.94
3375.82
3588.36
3373.75
3318.27
3267.26
3326.49
3564.49
3369.93
3392.55
3370.85
3290.11
3328.25
3300.87
3203.22
3482.29
3362.4
3247.48
3540.63
3453.67
3305.28
3144.39
3275.14
3470.28
3339.73
3361.47
3390.2
3434.74
3482.04
3535
3316.23
3361.31
3537.83
3374.44
3230.97
3226.24
3184.1
3252.77
3430.88
3346.08
3412.55
3140.5
3491.74
3613.18
3308.01
3508.58
3303.78
3512.1
3458.28
3407.99
3595.89
3624.46
3094.73
3366.6
3217.98
3390.24
3316.08
3373.44
3259.69
3434.78
3495.81
3553.93
3276.13
3329.28
3243.68
3344.44
3391.48
3445.13
3529.34
3568.94
3214.37
3315.44
3329.1
3218.26
3150.78
3295.35
3542.37
3186.07
3408.19
3255.49
3292.8
3383.41
3322.11
3461.97
3345.76
3418.22
3631.14
3539.02
3235.01
3438.05
3166.85
3306.99
3348.14
3261.88
3253.11
3525.55
3415.6
3314.32
3407.99
3340.85
3352.85
3302.52
3306.12
3494.89
3278.39
3334.18
3214.5
3459.95
3009.72
3131.91
3469.79
3433.96
3156.02
3671.62
3278.91
3419.53
3572.37
3456.54
3479.48
3273.89
3477.25
3369.2
3355.51
3410.47
3336.07
3305.82
3426.78
3479.98
3181.63
3309.46
3347.5
3381.38
3280.75
3345.32
3221.58
3492.94
3422.73
3407.74
3368.22
3469.24
3501.77
3303.86
3290.19
3342.91
3462.12
3404.67
3269.25
3372.34
3230.9
3589.06
3479.54
3350.2
3352.31
3337.39
3195.08
3191.14
3332.32
3588.39
3358.68
3386.24
3350.69
3411.29
3216.48
3261.85
3506.43
3355.83
3371.32
3538.69
3271.34
3299.77
3456.85
3261.15
3410.54
3394.12
3231.25
3336.81
3339.13
3280.05
3373.89
3448.85
3521.7
3629.07
3226.94
3271.18
3328.15
3414.29
3341.36
3308.55
3207.6
3324.87
3263.4
3590.52
3243.28
3239.1
3362.74
3343.41
3598.91
3032.56
3460.23
3308.4
3390.93
3265.93
3427.51
3450.71
3270.8
3316.88
3640.87
3230.6
3266.43
3032.2
3319.48
3635.37
3158.12
3317.56
3435.1
3447.63
3415.11
3369.15
3469.06
3299.73
3652.95
3174.34
3330.8
3454.21
3182.85
3313.1
3319.43
3401.19
3449.89
3538.94
3178.24
3315.55
3365.52
3178.27
3348.76
3388.69
3219.12
3556.04
3395.49
3487.17
3455.3
3347.76
3236.68
3384.8
3358.18
3432.01
3187.32
3186.23
3574.47
3183.21
3271.95
3505.26
3428.29
3372.13
3566.11
3422.62
3354.02
3272.14
3407.02
3499.1
3394.89
3381.65
3402
3343.04
3382.95
3402.88
3332.83
3483.62
3488.96
3149.54
3407.77
3534.36
3516.84
3369.4
3234.07
3496.84
3351.32
3395.74
3546.71
3353.16
3155.71
3399.53
3516.58
3267.32
3453.88
3391.01
3390.46
3407.25
3652.66
3299.98
3457.88
3196.19
3310.81
3260.42
3193.71
3162.64
3397.3
3500.73
3139.28
3316.33
3222.47
3265.62
3402.09
3220.67
3369.29
3276.58
3542.27
3494.33
3355.41
3353.17
3309.76
3299.36
3231.55
3368.56
3498.03
3506.89
3327.95
3198.97
3400.19
3321.52
3372.33
3394.68
3427.65
3473.48
3473.21
3283.46
3268.86
3265.92
3212.23
3215.23
3301.67
3284.76
3284.92
3362.55
3405.94
3296.52
3451.05
3372.45
3374.95
3207.56
3147.74
3358.73
3383.68
3395.92
3336.2
3330.97
3266.91
3519.33
3407.38
3449.27
3508.77
3290.49
3539.63
3243.49
3448.49
3402.71
3257.93
3311.41
3255.59
3389.63
3481.91
3514.56
3474.2
3428.11
3122.48
3239.85
3450.71
3482.71
3565.74
3304.42
3398.46
3246.07
3238.83
3428.93
3309.37
3141.81
3362.53
3338.09
3232.82
3384.17
3498.71
3390.17
3402.08
3259.46
3251.69
3459.04
3352.99
3438.12
3591.2
3246.4
3445.17
3331.9
3379.97
3340.65
3179.41
3285.04
3272.58
3292
3296.28
3313.23
3295.44
3292.13
3332.96
3340.85
3355.92
3252.77
3557.8
3329.63
3257.06
3517.54
3339.13
3336.73
3362.44
3395.12
3293.84
3202.04
3208.89
3270.51
3390.99
3521.58
3305.7
3531.44
3301.5
3194.54
3416.78
3502.63
3511.3
3138.26
3202.85
3096.59
3452.06
3420.86
3071.3
3339.59
3488.83
3371.79
3162.31
3334.73
3324.19
3204.7
3285.64
3330.03
3263.42
3214.83
3483.36
3246.79
3382.9
3402.69
3714.94
3281.96
3538.09
3512.84
3459
3322.57
3390.84
3334.93
3217.65
3319.93
3412.12
3291.24
3427.35
3164.68
3460.39
3318.94
3416.03
3249.98
3509.04
3303.85
3323.49
3294.64
3263.44
3417.68
3279.09
3286.72
3294.69
3308.87
3358.54
3405.22
3359.79
3353.23
3443.08
3257.22
3263.6
3326.49
3251.58
3225.93
3177.74
3365.37
3283.6
3443.86
3530.44
3454.61
3274.83
3515.92
3303.88
3536.88
3239.5
3316.98
3506.1
3478.71
3365.19
3419.23
3521.88
3177.37
3543.52
3562.15
3460.7
3194.37
3265.06
3209.39
3338.76
3412.91
3397.45
3295.65
3506.54
3217.17
3536.52
3515.84
3389.3
3343.9
3440.09
3458.44
3416.91
3341.18
3182.25
3470.16
3247.79
3098.9
3304.09
3037.53
3274.23
3394.28
3344.58
3549.74
3320.56
3300.11
3297.7
3580.74
3556.82
3366.51
3681.37
3299.42
3322.94
3386.73
3310.31
3173.87
3528.57
3419.86
3205.6
3155.04
3315.75
3327.14
3489.59
3196.92
3412.65
3314.44
3487.26
3163.06
3396.02
3283.34
3553.19
3267.26
3377.62
3357.36
3110.2
3495.41
3161.83
3444.85
3390.62
3554.51
3417.83
3273.53
3266.64
3413.35
3247.52
3740.48
3262.35
3340.45
3410.13
3773.76
3317.3
3349.19
3547.28
3094.67
3402.32
3413.94
3185.62
3298.23
3388.51
3288.59
3321.27
3470.62
3503.82
3339.48
3609.78
3327.04
3286.97
3505.33
3211.55
3294.29
3422.8
3559.16
3236.95
3314.07
3518.45
3390.19
3386.78
3429.18
3341.57
3299.32
3514.3
3292.48
3261.37
3549.42
3287.48
3298.42
3313.86
3192.73
3316.23
3314.43
3518.33
3265.55
3486.12
3234.4
3116.96
3341.57
3151.08
3560.03
3405.38
3329.43
3208.38
3386.53
3274.13
3355.78
3245.2
3525.52
3337.44
3535.89
3416.76
3374.3
3301.28
3252.84
3186.29
3427.61
3323.13
3355.23
3432.61
3630.1
3187.54
3285.94
3274.22
3274.14
3360.35
3287.45
3122.41
3310.64
3577.24
3457.96
3300.97
3531.83
3397.58
3349.14
3218.31
3384.7
3375.47
3485.69
3453.15
3220.47
3292.67
3324.2
3441.88
3463.66
3308.38
3359.52
3236.47
3399.71
3338.87
3574.88
3237.72
3378.86
3351.27
3493.47
3368.46
3471.5
3301.85
3299.94
3413.94
3490.21
3322.08
3470.92
3402.49
3334.11
3496.45
3484.09
3423.87
3286.41
3246.84
3313.5
3353.12
3339.23
3168
3246.98
3416.03
3389.29
3356.87
3273.08
3314.69
3466.55
3467.79
3457.56
3289.24
3312.5
3410.82
3361.99
3554.12
3499.43
3282.89
3254.74
3348.38
3333.12
3256.85
3385.06
3381.84
3447.02
3265.52
3350.77
3457.08
3275
3431.43
3368.85
3275.95
3323.2
3271.86
3309.13
3180.28
3473.29
3347.66
3281.49
3508.47
3499.97
3340.52
3543.39
3409.18
3289.09
3301.06
3433.08
3293.68
3275.06
3203.17
3416.78
3246.86
3514.02
3324.34
3503.35
3324.56
3237.31
3384.08
3393.03
3418
3346.05
3253.45
3239.76
3312.67
3583.68
3457.13
3209.06
3438.69
3450.9
3484.61
3283.28
3484.59
3526.33
3429.16
3383.98
3530.47
3437.46
3561.42
3257.19
3197.52
3082.27
3456.95
3273.77
3452.39
3265.22
3255.42
3333.89
3215.32
3393.78
3299.42
3244.77
3251.56
3217.94
3353.43
3422.08
3396.1
3402.89
3226.92
3700.86
3285.54
3423.47
3354.09
3555.84
3238.14
3400.83
3518.16
3316.15
3379.76
3617.95
3309.44
3484.95
3291.65
3356.76
3382.84
3448.07
3471.5
3148.16
3376.44
3094.05
3450.26
3338.94
3240.11
3462.88
3408.64
3271.39
3201.35
3191.36
3508.19
3390.74
3445.55
3637.17
3194.37
3462.08
3258.93
3451.84
3455.25
3523.13
3356
3452.82
3420.69
3344.58
3380.02
3302.56
3469.42
3346.8
3514.39
3384.94
3524.92
3421.92
3083.66
3401.02
3271.13
3607.7
3426.12
3306.7
3192.21
3536.28
3388.76
3323.72
3228.63
3240.6
3307.53
3347.68
3375.66
3405.77
3463.92
3417.83
3358.31
3257.49
3372.13
3437.16
3395.13
3297.34
3374.11
3280.93
3190.43
3312.87
3371.21
3327.52
3305.37
3506.83
3401.73
3497.34
3119.12
3546.32
3411.06
3335.97
3443.29
3654.32
3196.04
3360.65
3380.44
3261.41
3107.71
3388.36
3212.11
3301.29
3394.9
3014.52
3402.72
3506.33
3395.79
3307.65
3566.38
3370.31
3373.03
3076.24
3381.61
3373.73
3437.83
3527.6
3251.12
3239.95
3391.67
3431.15
3101.83
3278.25
3310.78
3682.05
3482.88
3373.15
3507.7
3356.97
3487.78
3397.53
3472.28
3308.59
3357.99
3311.92
3384.1
3471.07
3256.81
3437.88
3207.31
3389.83
3391.29
3408.88
3286.32
3271.36
3323.68
3243.1
3236.23
3275.16
3470.5
3281.26
3323.27
3589.01
3132.28
3156.29
3389.92
3650.49
3445.15
3431.76
3592.19
3351.54
3467.05
3372.9
3553.67
3251.15
3117.98
3474.05
3383.68
3377.25
3261.11
3308.21
3426.27
3191.44
3241.23
3181.47
3173.72
3459.4
3472.83
3432.13
3332.64
3432.99
3283.82
3326.61
3421.48
3279.09
3256.24
3638.49
3464.08
3360.31
3623.63
3431.84
3272.96
3142.4
3394.15
3248.21
3377.47
3479.06
3445.25
3611.43
3400.65
3612.03
3296.83
3436.65
3475.83
3533.92
3377.3
3431.65
3574.94
3350.86
3343.3
3395.62
3205.13
3480.24
3473.03
3310.53
3316.15
3398.97
3224.79
3360.28
3323.58
3175.37
3451.65
3293.55
3279.68
3490.81
3142.34
3395.75
3320.15
3403.39
3261.74
3376.95
3355.85
3290.67
3435.35
3372.41
3289.78
3329.39
3305.76
3434.23
3267.65
3276.5
3564.8
3369.64
3402.33
3225.11
3401.23
3365.74
3173.6
3113.99
3359.68
3419.19
3474.84
3383.77
3303.76
3391.19
3465.53
3251.4
3341.46
3392.52
3435.65
3392.74
3174.77
3347.96
3512.36
3552.8
3406.16
3451.79
3456.8
3416.09
3110.86
3505.21
3421.8
3507.37
3349.63
3351.89
3092.65
3503.21
3252.4
3351.28
3279.47
3210.48
3410.69
3386.72
3337.87
3328.15
3359.73
3634.24
3438.23
3346.02
3319.78
3399.36
3272.24
3388.47
3235.34
3475.77
3206.49
3244.53
3367.78
3477.62
3557.14
3339.54
3357.6
3412.59
3460.17
3393.46
3531.18
3517.76
3487.59
3316.81
3394.13
3403.43
3350.75
3317.45
3374.38
3410.28
3386.87
3330.56
3372.13
3259.44
3361.46
3446.23
3409.45
3472.12
3333.76
3218.32
3464.58
3109.28
3529.91
3568.94
3368
3426.36
3351.37
3267.65
3416.85
3387.6
3393.1
3273.59
3369.22
3426.07
3313.96
3431.99
3268.35
3327.43
3358.21
3311.78
3342.31
3094.44
3425.86
3351.38
3500.57
3481.6
3196.17
3537.79
3263.74
3557.47
3541.78
3335.58
3411.14
3456.03
3257.6
3338.26
3285.84
3266.23
3486.69
3399.41
3418.62
3114.71
3371.83
3482.38
3440.29
3309.32
3406.25
3255.06
3467.04
3368.56
3471.77
3413.72
3150.45
3486.8
3395.48
3499.5
3399.93
3187.91
3413.67
3263.36
3551.27
3316.62
3510.82
3568.48
3226.5
3255.72
3248.59
3595.14
3462.15
3656.03
3266.56
3112.48
3545.41
3134.7
3216.14
3376.31
3251.53
3348.53
3296.83
3406.02
3520.89
3383.73
3554.57
3513.25
3400.41
3347.39
3440.75
3664.38
3388.51
3288.37
3340.69
3278.6
3357.96
3410.54
3206.09
3368.86
3321.27
3388.74
3308.09
3383.37
3335.79
3350.41
3391.5
3348.14
3427.96
3301.27
3368.18
3250.56
3131.55
3479.93
3330.9
3332.66
3385.54
3443.9
3682.62
3211.78
3278.23
3406.62
3403.72
3159.86
3525.3
3288.72
3388.99
3400.94
3466.58
3269.26
3278.61
3088.08
3271.69
3211.48
3460.38
3214.54
3313.05
3355.88
3366.94
3253.72
3532.4
3209.99
3447.91
3414.06
3574.5
3461.74
3405.49
3280.59
3350.12
3458.26
3170.62
3422
3390.73
3405.07
3253.5
3501.33
3538.85
3286.65
3362.43
3584.21
3427.92
3485.01
3415.9
3582.46
3300.59
3316.4
3138.2
3328.8
3447.75
3490.2
3251.49
3146.78
3503.94
3474.02
3294.03
3369.21
3325.66
3409.89
3311.54
3356.6
3439.46
3341.99
3315.49
3272.33
3454.63
3297.06
3236.33
3419.12
3315.96
3379.31
3510.17
3298.53
3502.73
3582.01
3472.45
3526.37
3413.1
3309.79
3346.61
3408.4
3298.33
3401.75
3306.78
3236.09
3366.45
3268.64
3646.93
3336.74
3453.5
3402.85
3366.16
3466.71
3615.86
3131.46
3476
3473.2
3512.67
3275.41
3351.94
3388.35
3414.54
3419.08
3507.02
3521.69
3562.26
3016.87
3409.86
3475.62
3346.97
3307.52
3222.63
3449.76
3439.95
3393.85
3358.83
3256.06
3342.27
3401.08
3403.73
3366.03
3377.1
3456.65
3446.72
3223.44
3248.63
3350.51
3121.38
3339.61
3345.61
3408.83
3481.91
3119.06
3549.8
3344.23
3498.59
3389.1
3312.85
3182.76
3386.63
3386.94
3348.3
3370.87
3431.04
3429.81
3583.55
3399.51
3108.78
3211.73
3550.46
3438.59
3364.07
3327.85
3436.42
3262.67
3367.18
3307.38
3255.52
3195.37
3187.18
3563.03
3389.19
3201.65
3269.03
3560.12
3406.72
3187.22
3597
3500.18
3410.93
3188.98
3429.35
3284.09
3355.14
3202.25
3476.38
3480.65
3517.95
3335.52
3303.76
3570.13
3482.65
3331.74
3419.34
3540.9
3363.47
3281.93
3480.05
3294.82
3322.65
3381.82
3521.3
3472.28
3271.3
3432.41
3473.07
3382.32
3283.66
3467.28
3432.08
3418.91
3228.21
3500.42
3218.85
3487.24
3452.05
3305.47
3413.47
3174.87
3132.32
3409.2
3197.01
3328.68
3401.88
3273.26
3491.5
3249.81
3021.22
3310.8
3325.03
3639.64
3219.71
3551.76
3455.1
3372.27
3237.9
3356.3
3362.31
3207.82
3336.96
3379.53
3230.99
3300.51
3643.35
3386.96
3188.26
3572.2
3308.08
3370.68
3494.44
3308.62
3342.05
3463.05
3198.86
3305.18
3487.48
3304.46
3295.44
3317.93
3391.82
3160.71
3174.49
3335.58
3507.64
3287.86
3382.51
3454.02
3417.15
3262.64
3461.72
3426.52
3614.71
3371.03
3096.99
3398.77
3369.31
3417.33
3170.29
3412.21
3175.77
3145.54
3490.78
3513.64
3250.79
3435.42
3551.95
3271.14
3258.63
3172.91
3401.44
3388.01
3112.62
3280.41
3397.9
3268.74
3152.88
3249.04
3493.59
3202.29
3470.82
3234.89
3599.86
3178.96
3400.2
3224.46
3443.34
3204.35
3436.86
3452.45
3333.83
3454.19
3713.68
3392.34
3206.18
3410.53
3630.57
3419.52
3230.44
3245.84
3722.18
3272.07
3399.71
3421.49
3444.4
3313.99
3337.05
3441.94
3453.11
3209.36
3329.67
3431.98
3359.7
3432
3360.33
3305.75
3553.55
3232.68
3469.41
3382.51
3508.92
3362.07
3194.09
3308.71
3232.8
3691.33
3466.21
3428.26
3430.44
3520.32
3519.95
3368.04
3261.83
3351.97
3600.4
3429.39
3314.43
3024.34
3236.91
3259.57
3474.38
3462.58
3451.98
3471.56
3392.06
3445.94
3559.93
3490.6
3507.53
3438.76
3580.41
3286.77
3471.2
3347.98
3494.27
3396.86
3371.04
3338.59
3336.67
3382.91
3341.66
3331.7
3418.39
3280.03
3293.51
3224.16
3653.16
3417.01
3315.83
3415.89
3489.5
3358.02
3330.61
3631.88
3297.87
3408.21
3411.62
3469.03
3184.68
3360.66
3228.7
3465.12
3371.67
3256.82
3489.96
3356.57
3547.32
3220.82
3339.07
3434.21
3398.09
3325.68
3381.74
3296.83
3393.47
3334.23
3327.52
3549.7
3300.01
3302.25
3277.72
3439.45
3586.75
3658.37
3315.97
3468.63
3664.12
3407.79
3286.37
3187.99
3370.88
3291.44
3418.96
3230.43
3214.82
3189.93
3402.02
3392.26
3372.96
3149.71
3375.84
3453.9
3549.54
3195.74
3371.87
3298.65
3397.45
3298.53
3540.91
3241.88
3360.02
3577.87
3416.55
3370.47
3403.97
3308.89
3244.28
3410.31
3406.82
3349.23
3372.48
3316.38
3484.11
3388.76
3299.11
3347.72
3457.74
3164.14
3450.76
3208.42
3510.4
3366.57
3233.09
3304.28
3556.58
3245.97
3112.98
3385.61
3319.67
3371.7
3536.44
3648.97
3337.57
3006.93
3390.4
3360.24
3410.41
3528.74
3436.71
3516.65
3395.08
3174.49
3446.29
3485.59
3361.25
3493.43
3530.79
3166.94
3236.94
3465.59
3366.46
3287.24
3504.75
3390.73
3187.08
3530.4
3257.49
3502.55
3396.73
3416.07
3228.52
3129.13
3439.78
3276.98
3243.8
3457
3471.45
3355.47
3490.15
3441.23
3170.97
3358.87
3321.91
3294.89
3443.1
3521.11
3304.44
3330.59
3429.31
3322.43
3453.72
3569.31
3228.63
3469.12
3324.37
3271.4
3285.13
3294.16
3501.23
3449.15
3248.55
3285.31
3264.78
3488.44
3169.87
3458.4
3430.31
3398.88
3557.62
3571.4
3378.4
3146.8
3225.41
3542.84
3549.17
3412.27
3452.77
3450.83
3318.9
3248.99
3380.71
3479.16
3346.88
3046.4
3261.04
3551.58
3125.17
3315.21
3321.1
3394.48
3344.33
3373.17
3229.9
3327.06
3376.43
3485.86
3276.85
3448.01
3223.51
3346.94
3317.32
3336.24
3469.57
3306.32
3381.01
3281.24
3325.61
3341.79
3449.38
3188.94
3521.29
3332.22
3315.29
3284.64
3281.23
3342.57
3419.07
3389.14
3338.21
3238.15
3570.09
3601.6
3358.89
3412.15
3452.4
3327.61
3461.88
3360.97
3537.82
3469.87
3345.04
3200.56
3120.69
3349.74
3322.79
3361.13
3310.96
3697.34
3122.3
3536.08
3545.23
3427.61
3472.96
3225.8
3477.64
3371.45
3274.8
3321.09
3606.83
3490.77
3394.45
3319.86
3478.01
3397.61
3418.72
3436.57
3445.77
3361.92
3536.1
3477.86
3073.06
3127.76
3401.57
3299.33
3300.13
3322.03
3468.69
3622.9
3319.86
3194.09
3395.11
3378.71
3473.42
3567.04
3546.36
3324.3
3503.4
3285.88
3158.7
3249.17
3446.73
3153.73
3443.96
3472.94
3313.92
3465.59
3594.22
3344.55
3306.68
3396.75
3275.18
3435.08
3525.71
3437.89
3351.34
3296.93
3395.42
3378.02
3307.33
3082.01
3340.63
3247.05
3225.92
3227.15
3159.16
3623.6
3279.68
3328.66
3334.17
3292.96
3220.1
3253.75
3417.63
3213.02
3398.9
3424.96
3516.27
3297.84
3491.44
3582.3
3428.86
3407.08
3091.47
3168.82
3243.86
3464.61
3654.22
3494.27
3203.86
3709.93
3414.85
3516.84
3344.99
3311.23
3496.65
3456.03
3169.76
3166.31
3417.25
3531.2
3331.42
3128.34
3701.33
3263.14
3339.87
3339.66
3262.07
3476.39
3120.79
3405.16
3493.45
3202.92
3347.11
3332.99
3241.43
3447.29
3315.49
3331.44
3197.13
3278.72
3432.65
3642.07
3498.8
3414.71
3331.58
3159.96
3547.03
3342.53
3483.77
3465.34
3461.02
3147.82
3329.23
3316.48
3378.58
3202.29
3610.34
3464.87
3489.78
3255.08
3446.58
3514.91
3267.88
3481.49
3424.62
3379.76
3406.16
3509.06
3332.97
3220.39
3294.09
3392.99
3456.3
3254.25
3112.36
3271.38
3445.46
3434.6
3363.54
3322.62
3421.6
3229.77
3398.57
3371.79
3750.01
3116.88
3363.06
3316.74
3334.43
3275.9
3523.5
3345.61
3169.17
3415.13
3490.36
3358.03
3344.18
3579.2
3295.55
3559.99
3635.59
3243.49
3401.35
3230.93
3190.83
3230.24
3190.66
3448.97
3129.14
3576.51
3154.75
3315.64
3354.25
3398.67
3417.95
3405.84
3427.82
3423.26
3443.9
3335.15
3335.24
3386.43
3407.78
3232.32
3532.53
3497.28
3320.36
3269.13
3433.89
3493.75
3184.24
3314.46
3252.48
3164.68
3417.96
3204.45
3268.92
3426.62
3320.64
3605.5
3386.11
3301.52
3299.98
3393.41
3508.98
3222.99
3520.23
3418.44
3478.46
3452.48
3586.53
3654.14
3259.49
3372.25
3252.53
3316.33
3179.25
3417.33
3280.63
3283.92
3219.71
3331.17
3190.76
3491.44
3334.38
3544.64
3391.73
3296.93
3488.33
3329.44
3392.35
3240.94
3120.34
3202.62
3492.87
3260.82
3463.87
3301.84
3619.67
3298.06
3280.76
3610.14
3279.09
3326.82
3226.25
3346.47
3620.67
3200.03
3389.94
3301.25
3494.97
3505.96
3303.08
3284.24
3144.36
3489.36
3377.16
3435.18
3174.9
3323.36
3364.72
3453.72
3334.28
3334.93
3075.84
3409.02
3324.8
3175.71
3270.44
3516.59
3378.94
3520.21
3400.92
3183.92
3404.33
3334.17
3517.63
3443.4
3463.13
3139.63
3624.15
3475.15
3173.31
3535.49
3452.07
3442.94
3357.26
3486.71
3527.31
3466.17
3462.99
3562.74
3289.03
3262.22
3380.85
3395.01
3505.4
3269.7
3256.11
3339.4
3434.75
3504.81
3471.75
3263.3
3574.68
3310.76
3662.06
3263.28
3080.05
3358.61
3190.34
3370.95
3357.79
3062.54
3440.22
3235.86
3198.53
3494.14
3276.64
3467.09
3474.16
3169.75
3407.89
3345.01
3310.5
3350.35
3222.47
3536.71
3337.43
3246
3202.59
3378.2
3229.99
3230.63
3468.11
3494.01
3495.99
3445.02
3276.04
3428.53
3650.66
3345.87
3425.63
3369.88
3437.75
3310.37
3320.74
3275.8
3480.86
3357.71
3505.96
3583.33
3335.25
3219.06
3387.53
3382.63
3414.82
3411.45
3328.59
3364.83
3248.94
3428.69
3452.67
3361.81
3244.31
3326.21
3368.84
3404.46
3562.81
3424.18
3448.62
3318.56
3457.49
3212.07
3312.77
3265.59
3260.01
3431.5
3529.84
3271.89
3429.24
3493.56
3383.51
3267.24
3331.11
3290.34
3366.45
3550.64
3124.36
3267.29
3194.85
3211.88
3227.49
3334.54
3314.53
3435.04
3424.35
3211.21
3297.13
3397.6
3288.85
3252.35
3274.66
3404.18
3404.86
3368.26
3215.03
3522.19
3467.35
3411.47
3481.75
3426.3
3096.77
3443.26
3443.66
3343.4
3571.66
3631.31
3375.36
3249.19
3328.45
3275.54
3325.96
3368.81
3382.65
3170.08
3252.11
3302.26
3247.52
3234.84
3412.06
3384.89
3304.83
3302.82
3525.8
3701.73
3384.02
3586.94
3309.14
3277.23
3489.84
3416.27
3311.51
3345.6
3218.6
3199.45
3351.55
3415.07
3171.62
3184.86
3240
3362.21
3454.84
3192.58
3274.28
3401.21
3673.67
3268.1
3380.45
3330.94
3452.87
3386.44
3424.17
3526.18
3344.39
3310.56
3379.43
3381.47
3279.75
3158.39
3398.33
3228.88
3313.05
3448.31
3375.85
3318.68
3379.65
3404.43
3188.92
3284.4
3497.74
3233.13
3387.7
3353.56
3409.42
3409.06
3432.92
3196.08
3396.89
3397.49
3411.43
3312.67
3490.24
3233.67
3357.38
3474.01
3361.09
3278.29
3242.41
3441.07
3305.6
3286.48
3515.51
3509.17
3258.56
3194.07
3363.85
3394.13
3612.22
3325.68
3241.82
3276.38
3638.28
3245.24
3460.51
3403.47
3281.11
3398.4
3413.8
3277.89
3549.61
3320.49
3501.16
3311.86
3396.18
3677.21
3314.55
3240.73
3297.42
3408.49
3411.77
3411.7
3335.74
3245.27
3416.03
3297.18
3164.43
3375.35
3274.94
3300.12
3325.61
3515.21
3426.95
3468.96
3534.42
3365.26
3548.59
3505.77
3295.53
3586.25
3318.72
3336.91
3552.56
3230.8
3299.23
3357.97
3560.82
3294.79
3344.22
3648.32
3341.69
3261.9
3423.8
3493.38
3352.42
3352.94
3603.06
3266.85
3289.67
3429.27
3329.93
3540.88
3295.28
3384.21
3258.63
3480.51
3546.14
3353.07
3367.65
3335.29
3313.66
3467.43
3350.35
3309.39
3389.08
3399.72
3232.84
3252.28
3323.61
3174.07
3253.45
3328.06
3130.06
3502.2
3374.43
3277.12
3568.4
3300.2
3536.57
3463.25
3218.32
3225.51
3444.13
3430.81
3231.19
3489.57
3364.76
3379.92
3446.88
3187.03
3141.35
3332.71
3134.9
3354.05
3441.6
3422.52
3610.38
3514.41
3441.72
2958.8
3427.28
3412.32
3548.07
3395.3
3420.02
3126.22
3386.51
3350.97
3402.45
3341.12
3351.52
3492.57
3492.83
3374.1
3415.65
3562.13
3577.81
3387.14
3372.6
3456.83
3315.2
3384.95
3251.37
3474.72
3410.39
3173.97
3385.21
3438.62
3200.19
3452.07
3235.58
3435.11
3199.81
3445.15
3333.56
3421.99
3420.64
3420.99
3292.78
3357.49
3291.85
3385.64
3466.67
3606.51
3311.02
3384.75
3458.63
3514.65
3261.23
3323.65
3418.6
3512.51
3467.3
3388.9
3216.91
3211.07
3328.21
3295.35
3326.21
3705.7
3472.57
3366.82
3419.02
3306.04
3232.95
3364.82
3365.1
3422.96
3279.4
3241.69
3424.02
3332.09
3327.05
3200.8
3389.58
3529.2
3383.17
3383.42
3348.39
3268.16
3393.99
3089.78
3281.22
3174.05
3351.52
3611.5
3282.74
3380.81
3428.46
3332.68
3403.85
3419.06
3298.34
3457.11
3380.71
3103.35
3323.99
3236.3
3294.87
3354.48
3420.78
3275.78
3284.83
3533.32
3200.36
3225.49
3372.01
3480.23
3324.5
3207.15
3285.56
3546.38
3243.76
3244.12
3556.98
3330.62
3416.57
3413.2
3543.76
3230.25
3296.74
3391.29
3338.93
3331.58
3333.26
3163.63
3303.51
3366.5
3503.54
3342.76
3432.04
3394.69
3141.28
3206.72
3321.51
3278.4
3408.52
3415.61
3422.27
3539.85
3140.43
3500.96
3298.98
3324.25
3169.16
3250.69
3219.98
3456.6
3384.58
3399.4
3292.41
3430.08
3237.35
3445.02
3246.1
3493.58
3277.54
3288.5
3412.61
3303.15
3189.87
3416.77
3443.47
3318.72
3346.6
3351.48
3146.6
3352.43
3413.18
3318.11
3333.66
3168.8
3408.68
3289.12
3484.59
3455.57
3290.97
3211.58
3181.05
3578.84
3314.04
3341.53
3351.51
3536.98
3285.15
3291.06
3416.68
3418.88
3370.59
3264.16
3276.64
3414.74
3273.41
3386.75
3598.9
3336.91
3326.57
3390.34
3364.31
3392
3342.23
3509.15
3438.32
3431.26
3434.75
3391.45
3125.97
3274.03
3376.93
3372.57
3266.24
3480.45
3261.95
3284.78
3233.33
3170.26
3332.92
3439.28
3165.6
3643.68
3497.32
3307.9
3174.8
3408.55
3309.63
3214.82
3295.27
3308.4
3431.63
3474.81
3467.81
3280.58
3616.11
3138.09
3523.11
3372.83
3405.66
3522
3374.44
3319.04
3322.57
3349.04
3343.83
3550.03
3394.54
3648.35
3399.95
3347.69
3213.13
3570.28
3264.72
3379.48
3246.94
3509.32
3331.81
3258.12
3210.1
3195.46
3412.01
3433.35
3438.24
3496.61
3330.06
3440.05
3384.95
3271
3239.95
3434.23
3400.5
3360.61
3333.74
3473.68
3560.29
3372.33
3472.21
3493.44
3417.15
3070.3
3325.67
3308.87
3437.62
3300.11
3391.52
3221.38
3354.15
3387.87
3344.4
3314.06
3554.94
3404.71
3288.29
3237.27
3317.74
3425.44
3495.78
3154.71
3377.42
3557.49
3183.11
3573.99
3256.23
3160.39
3371.7
3212.59
3419.36
3509.19
3377.72
3322.15
3427.51
3362.53
3298.08
3403.55
3186.65
3417.48
3285.81
3363.77
3525.5
3277.1
3497.33
3345.7
3325.48
3311.52
3259.94
3146.36
3363.96
3266
3351.85
3432.24
3463.02
3246.03
3236.6
3314.81
3386.98
3370.16
3415.61
3304.86
3316.55
3384.85
3321.59
3426.45
3339.96
3389.44
3363.22
3416.78
3403.94
3402.5
3293.29
3429.55
3166.43
3596.48
3418.44
3337.11
3209.84
3151.08
3162.51
3493.91
3499.2
3385.18
3447.98
3214.52
3286.72
3466.77
3491.01
3338.03
3467.72
3391.58
3455.54
3470.89
3382.81
3373.16
3310.9
3354.1
3409.61
3601.02
3406.1
3611.82
3465.9
3398.92
3462.79
3383.62
3111.38
3373.46
3400.57
3196.83
3350.99
3144.12
3493.32
3257.01
3497.68
3496.85
3466.25
3138.85
3357.17
3308.86
3550.08
3321.83
3335.51
3291.48
3184.56
3346.07
3463.19
3315.61
3406.11
3524.12
3416.76
3313.27
3303.05
3415.71
3125.75
3185.93
3615.13
3501.34
3399.22
3390.04
3241.93
3093.35
3349.77
3534.78
3299.96
3259.08
3280.43
3452.9
3413.03
3394.32
3502.7
3459.13
3245.16
3288.27
3446.34
3188.56
3273.07
3362.49
3432.53
3432.95
3469.89
3338.82
3287.97
3290.95
3649.98
3501.76
3389.86
3321.11
3369.75
3561.73
3345.46
3251.37
3548.16
3287.1
3025.11
3246.02
3495.81
3209.69
3179.59
3473.95
3489.17
3221.79
3473.49
3262.74
3539.21
3285.37
3234.97
3203.22
3263.5
3100.88
3333.2
3492.44
3232.37
3343.69
3416.46
3268.91
3674.87
3169.56
3421.46
3402.04
3507.39
3318.68
3454.15
3292.39
3369.14
3305.23
3363.04
3436.86
3236.15
3184.17
3379.57
3304.25
3513.65
3361.02
3403.96
3454.24
3199
3262.04
3389.12
3146.71
3280.3
2898.78
3359.57
3254.27
3448.06
3504.94
3344.33
3377.35
3492.5
3471.92
3299.32
3402.04
3440.58
3322.23
3351.56
3318.35
3229.34
3111.47
3246.35
3487.22
3571.53
3344.04
3542.57
3211.71
3442.41
3473.31
3356.02
3252.29
3376.16
3388.93
3197.29
3276.58
3249.04
3269.74
3462.65
3216.45
3441.15
3633.4
3300.11
3264.97
3550.84
3244.8
3348.59
3504.84
3488.63
3352.51
3381.98
3527.1
3291.9
3573
3212.24
3430.89
3418.86
3404.05
3455.8
3527.95
3260.41
3342.05
3548.77
3267.77
3591.44
3453.51
3445.23
3586.35
3535.36
3430.83
3371.33
3173.65
3300.38
3173.47
3382.47
3397.1
3273.98
3100.56
3463.42
3280.6
3200.46
3322.74
3442.26
3351.78
3347.92
3483.44
3179.53
3361.43
3206.55
3440.76
3317.53
3379.75
3252.36
3404.78
3268.9
3157.14
3318.08
3429.86
3327.14
3228.82
3429.54
3488.72
3348.02
3463.17
3393.61
3194.88
3330.43
3442.14
3398.4
3220.1
3370.11
3294.71
3315.06
3397.49
3328.82
3532.77
3321.11
3311.76
3569.72
3375.61
3265.03
3453.08
3506.32
3400.53
3005.62
3429.03
3368.88
3199.72
3337.64
3294.25
3350.28
3393.2
3307.94
3313.68
3389.98
3228.21
3325.29
3300.32
3376.9
3438.88
3523.34
3336.38
3338.07
3385.72
3445.05
3476.4
3523.94
3235.2
3387.39
3545.39
3546.56
3324.45
3166.76
3308.5
3568.81
3188.69
3522.53
3255.09
3261.92
3451.16
3320.33
3359
3415.09
3404.11
3262.04
3244.44
3225.67
3364.86
3208.51
3348.46
3364.6
3392.35
3513.45
3402.74
3369.52
3281.78
3306.98
3248.83
3476.14
3165.41
3185.62
3535.13
3502.55
3411.45
3194.1
3208.42
3377.94
3514.2
3345.42
3447.82
3417.57
3349.33
3451.04
3249.01
3425.3
3353.93
3272.48
3473.08
3393.56
3307.74
3364.89
3180.62
3392.67
3360.84
3196.21
3156.33
3139.33
3398.75
3510.09
3269.73
3419.86
3241.89
3413.69
3517.04
3305.23
3259.1
3632.42
3475.2
3319.38
3228.01
3236.04
3411.67
3413.7
3273.65
3409.08
3368.2
3292
3251.15
3572.41
3418.07
3588.53
3301.7
3286.33
3517.47
3444.85
3482.66
3324.7
3344.25
3380.69
3443.92
3438.58
3428.97
3357.51
3373.77
3533.84
3424.47
3335.95
3205.15
3446.99
3389.4
3590.57
3415.39
3133.44
3276.52
3458.39
3475.48
3761.02
3409.23
3625.5
3086.73
3286.48
3502.84
3503.58
3365.84
3375.83
3338.38
3215.9
3340.78
3402.74
3435.68
3349.76
3453.44
3457.81
3436.63
3426.97
3599.49
3407.3
3420.22
3295.58
3143.26
3288.16
3498.34
3342.58
3331.48
3728.75
3155.65
3579.91
3403.57
3648.81
3245
3430.15
3330.25
3423.5
3164.78
3536.16
3284.81
3398.66
3381.84
3239.38
3347.04
3318.27
3215.47
3161.26
3390.7
3279.51
3461.17
3296.71
3552.69
3272.28
3259.24
3372.76
3328.26
3314.72
3433.38
3284.42
3419.24
3287.15
3412.43
3471.88
3539.38
3395.79
3409.67
3544.04
3153.27
3609.63
3357.09
3299.51
3262.83
3310.83
3221.38
3334.4
3273.48
3477.63
3378.77
3214.89
3222.23
3330.75
3353.45
3193.15
3338.59
3292.21
3447.46
3358.05
3471.73
3397.58
3127.26
3345.96
3315.18
3423.06
3416.59
3453.21
3258.23
3310.8
3570.5
3523.94
3559.49
3433.64
3348.67
3120.24
3413.44
3157.4
3544.32
3401.8
3473.93
3356.01
3376.09
3328.17
3425.14
3197.79
3352.79
3311.56
3382.85
3216.18
3292.43
3373.45
3352.32
3340.19
3148.93
3372.06
3611.77
3150.41
3174.23
3351.47
3393.72
3372.79
3205.17
3261.68
3468.98
3451.16
3398.56
3544.93
3411.34
3190.73
3329.41
3211.55
3171.81
3429.81
3316.5
3184.18
3437.56
3321.24
3326.81
3567.2
3329.16
3405.68
3420.71
3308.95
3429.71
3115.85
3366.89
3372.81
3351.59
3238.46
3334.74
3310.66
3413.33
3414.86
3391.39
3371.19
3329.98
3331.71
3201.67
3494.77
3383.06
3268.2
3484.7
3187.88
3590.62
3517.31
3223.46
3449.71
3449.65
3495.57
3105.06
3607.56
3220
3442.6
3433.68
3430.7
3180.87
3403.98
3541.25
3320.05
3372.23
3346.95
3558.47
3462.45
3455.54
3350.47
3314.25
3184.27
3298.53
3488.41
3290.18
3392.85
3281.41
3391.34
3595.19
3253.58
3252.65
3661.7
3436.21
3454.97
3324.85
3353.61
3291.53
3465.78
3174.62
3272.86
3426.36
3254.61
3170.06
3317.48
3312.19
3305.68
3239.72
3250.7
3304.14
3291.23
3464.02
3104.26
3427.68
3461.1
3424.28
3308.75
3300.38
3319.66
3250.25
3347.87
3328.78
3412.62
3241.18
3303.47
3235.56
3219.44
3347.49
3461.88
3337.58
3234.15
3320.27
3298.86
3457.86
3450.75
3500.54
3359.85
3310.11
3499.76
3303.16
3349.18
3370.06
3245.89
3170.08
3380.59
3356.54
3287.3
3395.4
3218.11
3566.63
3296.95
3381.56
3382.44
3358.36
3234.54
3150.86
3209.68
3567.04
3462.84
3570.4
3429.91
3337.05
3465.94
3342.63
3259.1
3366.13
3238.01
3185.55
3374.9
3432.81
3282.18
3358.26
3380.43
3260.38
3518.53
3328.7
3479.96
3527.64
3472.48
3226.44
3306.68
3222.28
3513.79
3157.88
3340.66
3626.98
3339
3390.74
3270.55
3363.69
3181.02
3353.73
3552.15
3458.85
3610.89
3357.77
3346.62
3215.27
3406.76
3458.32
3281.07
3381.8
3358.59
3284.34
3124.93
3332.32
2999.59
3681.99
3200.03
3691.1
3396.12
3481.27
3535.2
3265.12
3277.65
3186.04
3395
3349.42
3558.6
3439.42
3393.04
3357.95
3494.42
3361.95
3446.82
3347.01
3453.33
3352.83
3237.61
3277.74
3197.34
3381.24
3440.11
3366.63
3379.95
3496.38
3265.51
3159.62
3255.44
3466.92
3332.92
3381.15
3351.82
3230.6
3195.11
3387.47
3219.69
3454.9
3333.11
3500.88
3409.27
3303.08
3266.52
3446.25
3433.59
3562.03
3463.14
3435.12
3329.83
3386.74
3502.96
3130.94
3480.68
3323.02
3666.35
3412.5
3577.78
3664.28
3192.98
3493.06
3561.55
3650.96
3274.08
3404.8
3491.8
3167.25
3311.4
3444.08
3226.02
3361.88
3287.98
3313.57
3312.85
3300.87
3426.04
3186.92
3267.34
3177.23
3408.28
3477.71
3432.39
3385.86
3397.12
3357.34
3467.55
3382.38
3512.41
3754.85
3250.3
3300.77
3237.82
3197.83
3575.28
3117.06
3333.41
3390.01
3456.69
3208.82
3241.65
3592.04
3213.36
3252.86
3388.96
3134.08
3108.22
3466.37
3371
3440.91
3255.33
3367.2
3436.84
3499.66
3370.54
3332.81
3368.87
3279.96
3356.8
3261.09
3611.97
3449.59
3313.03
3377.48
3388.23
3314.22
3473.53
3180.85
3440.31
3267.6
3422.82
3326.16
3510.8
3361.64
3442.23
3467.57
3394.29
3361.53
3449.86
3657.99
3176.3
3413.62
3103.46
3261.82
3410.61
3574.4
3209.86
3333.11
3258.47
3253.93
3206.73
3532.69
3177.83
3215.44
3468.01
3202.46
3660.47
3384.87
3275.54
3464.09
3390.13
3414.96
3646.45
3351.73
3091.85
3517.93
3359.07
3432.25
3172.54
3557.46
3387.42
3295.68
3272.39
3330.59
3227.1
3443.7
3435.62
3416.31
3477.01
3467.06
3199.57
3246.44
3377.65
3332.46
3473.75
3345.11
3375.57
3288.19
3501.42
3361.96
3247.98
3372.37
3373.58
3300.01
3427.29
3612.05
3404.7
3105.46
3394.5
3344.71
3372.67
3558.63
3495.84
3318.07
3249.52
3422.2
3494.46
3387.57
3222.24
3393.07
3455.81
3276.74
3322.45
3379.67
3216.67
3584.75
3478.27
3084.34
3389.71
3347.16
3425.27
3413.52
3367.01
3399.68
3288.94
3530.11
3164.75
3305.46
3446.05
3134.28
3394.53
3309.72
3409.81
3162.07
3255.86
3514.42
3244.71
3531.59
3120.34
3448.52
3512.85
3341.87
3472.61
3248.32
3313.26
3302.12
3366.23
3354.07
3227.47
3553.31
3324.15
3330.07
3497.05
3351.65
3325.5
3605.56
3397.43
3231.14
3366.57
3412.86
3347.86
3374.75
3382.76
3325.9
3253.35
3482.59
3325.57
3403.19
3412.72
3336.67
3482.28
3342.94
3291.56
3482.37
3271.25
3372.39
3226.09
3435.17
3435.09
3399.6
3283.57
3351
3511.91
3437.06
3448.16
3568.23
3582.27
3544.61
3272.32
3421.16
3301.59
3399.83
3396.71
3491.07
3276.97
3473.06
3292.18
3392.57
3359.06
3581.81
3289.29
3247.76
3396.36
3325.56
3319.38
3365.79
3580.52
3369.12
3239.22
3290.45
3199.42
3464.67
3367.74
3472.29
3047.64
3467.22
3442.61
3398.63
3368.5
3548.81
3440.63
3175.26
3450
3516.4
3404.83
3352
3536.38
3318.94
3342.89
3173.3
3447.37
3332.69
3277.69
3506
3235.06
3269.86
3454.61
3410.32
3620.59
3351.5
3220.79
3482.66
3534.1
3352.66
3335.14
3580.77
3420.71
3472.65
3459.81
3383.86
3537.12
3389.16
3343.96
3371.85
3313.01
3357.34
3270.24
3233.45
3137.33
3304.93
3300.28
3374.67
3387.18
3535.29
3273.9
3441.35
3401.53
3462.32
3308.91
3395.72
3388.72
3190.57
3283.99
3256.97
3536.16
3499.86
3230.77
3247.03
3498.71
3362.58
3448.2
3404.98
3276.38
3397.14
3135.96
3418.33
3390.42
3277.92
3332.64
3680.73
3307.24
3371.89
3338.97
3379.33
3418.93
3465.48
3423.24
3316.05
3609.11
3163.23
3301.89
3273.62
3342.43
3162.17
3440.91
3216.86
3352.06
3367.75
3329.4
3523.84
3344.08
3361.91
3247.74
3372.33
3458.22
3482.32
3651.65
3390.51
3146.38
3083.05
3388.52
3464.99
3351.57
3291.83
3286.23
3459.84
3487.49
3301.67
3527.61
3479.01
3319.69
3274.04
3529.18
3229.29
3230.73
3470.63
3417.2
3468.3
3237.77
3330.01
3527.01
3426.44
3264.13
3469.41
3443.74
3204.79
3230.44
3340.8
3362.36
3485.18
3449.23
3464.63
3210.77
3314.95
3329.04
3441.14
3198.74
3163.93
3235.33
3258.45
3354.65
3547.49
3555.72
3260.87
3496.88
3315.18
3271.84
3129.27
3420.19
3323.82
3216.19
3341.24
3375.39
3564.46
3353.97
3336.01
3358.07
3287.54
3250.81
3328.22
3337.63
3308.95
3385.94
3288.42
3460.48
3241.52
3176.62
3269.72
3422.06
3348.29
3188.52
3208.76
3621.92
3290.16
3188.11
3297.63
3520.77
3373.97
3385.42
3359.1
3407.26
3455.59
3424.25
3313.44
3250
3116.09
3433.98
3240.6
3075.35
3356.73
3407.49
3371.62
3332.78
3436.15
3470.96
3395.44
3237.92
3228.1
3396.89
3273.23
3362.56
3422.58
3385.06
3300.25
3423.74
3362.18
3123.34
3543.68
3298.34
3411.54
3349.48
3378.83
3393.45
3251.61
3262.51
3369.7
3391.02
3365.47
3338
3210.57
3445.99
3366.6
3287.78
3208.55
3557.34
3166.12
3577.43
3399.06
3334.97
3360.2
3286.82
3197.7
3531.44
3348.82
3351.81
3412.31
3543.95
3444.1
3368.24
3300.16
3424.36
3389.38
3326.26
3353.28
3415.72
3338.01
3458.54
3281.37
3203.29
3217.75
3242.56
3681.1
3261.72
3364.68
3571.48
3419.5
3486.57
3410.11
3362.74
3526.72
3422.2
3609.22
3319.24
3260.65
3206.23
3664.64
3630.18
3163.84
3428.35
3115.59
3442.75
3403.97
3577.1
3414.16
3553.75
3296.61
3423.24
3296.12
3641.06
3400.65
3402.25
3381.56
3297.74
3272.33
3216.44
3424.8
3528.52
3373.78
3328.9
3320.91
3331.01
3416.56
3368.93
3427.2
3380.8
3402.47
3195.26
3444.94
3406.72
3279.13
3255.21
3345.41
3488.07
3357.9
3435.17
3456.58
3342.53
3533.7
3438.99
3154.38
3092.67
3396.41
3474.68
3204.85
3373.41
3518.48
3380.28
3232.07
3325.7
3296.81
3241.79
3480.51
3586.45
3136.59
3433.04
3343.97
3508.35
3243.17
3450.65
3306.7
3266.57
3342.89
3183.11
3444.19
3186.63
3293.08
3232.28
2991.65
3369.17
3302.27
3407.07
3370.91
3315.07
3231.05
3571.13
3463.45
3429.28
3386.88
3260.93
3532.19
3390.18
3327.46
3429.4
3344.47
3478.77
3534.48
3120.44
3227.04
3589.29
3380.42
3265.65
3589.58
3259.86
3251.59
3502.78
3301.28
3110.49
3262.44
3100.6
3383.72
3376.38
3189.82
3226.58
3593.35
3567.02
3375.58
3264.56
3255.39
3444.4
3485.29
3229.2
3219.57
3316.39
3250.46
3582.96
3341.65
3156.35
3605.9
3371.41
3249.96
3216.29
3340
3276.9
3325.48
3515.02
3339
3394.28
3470.76
3245.12
3370.72
3261.04
3284.32
3230.74
3334.82
3680.1
3396.64
3345.22
3341.32
3351.67
3198.85
3261.82
3573.19
3239
3335.28
3065.88
3481.88
3419.62
3400.45
3458.97
3680.08
3422.02
3247.41
3306.69
3449.75
3195.57
3287.39
3528.53
3412.47
3537.94
3375.89
3102.62
3407.88
3433.08
3381.34
3475.04
3510.21
3245.77
3258.85
3506.7
3214.96
3413.39
3283.62
3333.03
3568.86
3544.04
3250.29
3490.13
3353.08
3360.39
3507.08
3306.2
3447.95
3466.35
3491.31
3326.94
3426.64
3260.94
3069.11
3165.39
3372.25
3516.35
3472.94
3207.9
3505.36
3341.62
3425.86
3143.45
3407.86
3393.18
3342.12
3219.88
3503.56
3375.89
3252.49
3584.04
3193.47
3453.5
3407.75
3444.98
3216.96
3432.01
3476.23
3353.65
3296.41
3253.13
3318.62
3239.28
3703.12
3125.83
3330.62
3427.75
3232.94
3336.33
3382.62
3453.31
3452.11
3307.83
3260.61
3353.21
3479.24
3333.55
3337.91
3335.09
3419.09
3397.98
3317.21
3345.02
3401.64
3260.29
3361.87
3579.15
3505.19
3338.2
3370.44
3259.75
3275.7
3294.23
3448.3
3654.66
3179.76
3507.57
3348.52
3269.89
3418.1
3417.09
3370.38
3228.2
3432.75
3309.61
3332.84
3540.23
3498.71
3410.59
3522.74
3277.23
3326.16
3301.73
3334.29
3243.44
3347.71
3448.22
3437.93
3281.48
3305.04
3283.59
3315
3058.88
3204.26
3431.87
3279.44
3381.01
3237.33
3338.43
3538.19
3179.17
3315.69
3210.78
3271.4
3393.64
3297.68
3364.31
3427.75
3416.39
3640.99
3445.02
3217.76
3498.73
3560.89
3388.18
3310.16
3104.61
3405.05
3301.39
3284.96
3643.5
3536.93
3491.27
3411.6
3219.08
3097.89
3571.41
3544.14
3536.72
3355
3441.55
3481.52
3142.03
3358.04
3495.86
3255.21
3726.62
3568.66
3371.23
3322.26
3530.94
3368.24
3263.78
3302.49
3486.59
3238.6
3376.84
3391.65
3426.27
3502.07
3290.69
3220.67
3032.87
3202.28
3438.81
3367.97
3144.47
3375.71
3442.98
3434.32
3399.65
3393.89
3332.8
3604.14
3204.85
3379.03
3358.56
3571.89
3236.16
3641.5
3440.33
3480.07
3494.99
3330.98
3277.85
3526.05
3388.86
3445.52
3383.17
3385.43
3442.7
3452.77
3429.06
3381.16
3242.7
3322.34
3133.61
3300.08
3465.35
3424.61
3338.7
3303.74
3324.83
3653.58
3407.72
3294.8
3422.24
3329.33
3586.14
3552.85
3207.2
3162.9
3312.94
3426.15
3217.86
3380.94
3243.18
3226.09
3282.65
3517.67
3464.54
3313.57
3379.71
3349.44
3370.03
3361.51
3379.29
3452.47
3160.25
3550.05
3043.37
3508.94
3387.31
3656.45
3428.69
3489.4
3512.23
3241.5
3308.9
3317.48
3248.35
3169
3441.4
3294.99
3267.15
3263.59
3373.38
3332.11
3438.17
3347
3218.23
3502.4
3121.48
3375.65
3206.15
3341.04
3200.31
3567.47
3507.38
3648.4
3078.69
3346
3391.04
3320.85
3306.11
3363.85
3434.4
3454.07
3519.35
3479.16
3039.72
3681.56
3461.86
3357.79
3300.42
3424.12
3325.89
3324.73
3279.8
3354.8
3344.65
3487.82
3417.93
3136.23
3470.78
3486.59
3395.41
3389.62
3431.07
3249.83
3301.23
3260.05
3623.43
3547.8
3521.45
3371.68
3466.21
3259.68
3438.35
3297.3
3387.63
3460.2
3219.24
3315.48
3520.05
3403.18
3615.17
3459.77
3323.54
3343.8
3377.75
3183.25
3425.82
3344.87
3192.29
3357.14
3550.85
3428.71
3321.49
3307.95
3313.92
3165.12
3488.9
3526.21
3353.82
3380.13
3516.3
3387.77
3383.37
3354.16
3464.31
3366.53
3455.63
3363.22
3264.31
3439.18
3399.98
3414.3
3323.19
3431.49
3327.67
3450.88
3440.61
3509.37
3377.81
3418.67
3321.23
3331.31
3444.08
3494.65
3361.93
3264.78
3201.43
3259.91
3195.81
3472.71
3443.81
3085.59
3180.16
3348.22
3427.36
3387.05
3326.48
3185.24
3416.44
3182.88
3482.18
3541.25
3566.55
3415.53
3524.32
3464.01
3283.7
3390.64
3541.59
3352.5
3353.92
3305.98
3293.23
3356.88
3401.62
3592.79
3287.69
3388.75
3184.62
3504.04
3382.84
3375.84
3621.46
3261.45
3420.91
3499.24
3385.95
3407.76
3350.91
3455.54
3342.01
3123.45
3326.67
3506.22
3215.51
3377
3488.93
3628.33
3427.63
3303.81
3447.12
3536.21
3456.63
3362.27
3452.88
3486.22
3370.38
3420.83
3214.21
3405.99
3515.5
3205.58
3189.37
3196.27
3382.7
3195.23
3318.11
3247.03
3349.71
3448.63
3171.62
3489.1
3680.21
3211.87
3245.46
3479.13
3572.54
3380.09
3480.5
3384.49
3390.74
3522.8
3341.78
3321.73
3492.39
3348.11
3548.38
3356.19
3331.69
3514.91
3062.14
3078.84
3362.97
3303.6
3286.8
3332.28
3439.91
3155.44
3479.9
3477.39
3435.67
3388.59
3669.56
3162.87
3088.68
3353.67
3377.66
3395.02
3150.06
3240.32
3394.78
3410.44
3500.64
3360.37
3533.46
3304.02
3458.34
3366.6
3414.48
3447.62
3287
3446.91
3386.04
3407.05
3307.01
3513.08
3428.64
3227.77
3318.22
3673.56
3589.71
3331.43
3181.78
3412.73
3647.62
3525.34
3400.11
3342.32
3424.84
3279.77
3679.5
3352.8
3449.19
3296.75
3406.79
3450.09
3512.84
3344.97
3281.58
3249.03
3331.3
3415.11
3196.56
3574.65
3416.34
3168.47
3182.89
3407.7
3449.63
3251.57
3442.61
3432.11
3497.32
3260.29
3510.28
3079.47
3292.71
3224.13
3313.97
3159.15
3453.29
3153.12
3339.42
3398.09
3293.78
3503.65
3257.29
3412.64
3424.51
3242.36
3437.22
3407.25
3433.43
3315.03
3548.72
3350.57
3245.08
3405.13
3480.28
3357.99
3486.09
3296.12
3487.87
3296.73
3385.93
3171.21
3398.05
3365.81
3384.98
3324.29
3581.34
3433.21
3477.21
3290.47
3306.53
3429.08
3240.41
3405.18
3240.2
3472.14
3674.23
3581.35
3460.71
3423.34
3514.72
3509
3495.89
3282.75
3324.54
3406.27
3129.92
3397.99
3375.15
3359.47
3463.76
3354.17
3362.85
3446.23
3605.44
3450.69
3199.52
3357.05
3139.64
3482.21
3438.86
3470.25
3202.69
3452
3317.67
3274.43
3273.25
3416.85
3605.58
3491.5
3242.96
3403.37
3492.54
3340.91
3436.54
3389.42
3376.29
3178.3
3315.11
3372.96
3370.6
3321.23
3528.41
3458.93
3484.21
3363.3
3431.55
3385.5
3446.14
3253.42
3562.57
3428.68
3194.55
3461.7
3221.08
3409.71
3453.95
3263.76
3307.58
3315.88
3378.53
3466.96
3333.67
3354.95
3479.1
3438.64
3331.01
3504.32
3402.92
3439.12
3378.79
3257.44
3518.33
3394
3311.3
3524.94
3509.35
3382.9
3444.85
3486.72
3245.4
3378.92
3193.57
3256.26
3424.45
3543.67
3304.32
3491.99
3356.94
3466.55
3449.55
3290.21
3420.9
3575.77
3315.24
3143.18
3516.57
3155.84
3531.54
3262.18
3362.76
3232.86
3361.73
3506.39
3287.01
3150.15
3379.4
3264.41
3166.94
3247.02
3465.51
3157.06
3282.3
3489.67
3440.94
3425.84
3255.05
3293.51
3342.88
3431.8
3424.1
3131.32
3404.92
3227.35
3397.13
3439.3
3461.59
3597.88
3412.83
3434.5
3305.87
3451.84
3684.62
3213.64
3414.61
3290.02
3381.95
3551.17
3440.35
3301.65
3474.42
3254.45
3384.57
3234.73
3188.56
3381.4
3458.03
3339.83
3402.34
3120.43
3657.84
3210.88
3421.81
3491.51
3288.83
3152.13
3470.04
3362.57
3497.5
3275.98
3441.58
3469.27
3198.01
3391.52
3471.15
3191.48
3329.61
3487.8
3347.05
3487.02
3386.22
3310.26
3132
3239.29
3608.42
3363.9
3184.24
3185.04
3440.84
3431.09
3333.55
3440.71
3379.58
3504.75
3430
3403.63
3321.57
3484.85
3264.95
3130.5
3318.23
3508.7
3434.54
3338.02
3269.98
3213.95
3417.75
3350.45
3276.43
3531.07
3351.06
3363.88
3380.1
3429.26
3318.07
3358.23
3342.13
3155.33
3438.98
3532.95
3379.1
3506.88
3323
3174.14
3307.7
3274.86
3359.31
3309.15
3553.69
3222.33
3273.83
3407.98
3411.87
3473.76
3550.65
3378.97
3276.7
3179.65
3503.85
3319.03
3379.19
3325
3216.17
3489.68
3310.86
3352.26
3259.65
3359.58
3323.06
3401.83
3430.98
3312.21
3324.58
3458.33
3219.65
3455.99
3126.86
3553.71
3469.62
3054.19
3528.83
3407.4
3408.67
3105.74
3151.18
3308.43
3222.83
3493.4
3401.53
3365.49
3187.94
3488.03
3322.84
3257.12
3492.48
3475.07
3468.98
3163.76
3614.56
3403.5
3264.9
3200.27
3659.12
3447.65
3348.14
3399.7
3275.87
3266.2
3312.45
3255.54
3396.42
3358.99
3607.07
3730.14
3211.36
3197.61
3380.4
3568.85
3347.55
3251.79
3319.4
3285.33
3206.77
3410.91
3496.59
3384.85
3229.04
3392.39
3407.77
3585.54
3251.24
3372.64
3276.35
3395.67
3548.13
3146.33
3264.32
3295.17
3491.98
3624.33
3417.79
3178
3466.99
3560.26
3186.25
3397.96
3570.91
3469.13
3579.85
3348.9
3415.29
3313.72
3211.85
3473.89
3390.14
3447.84
3324.67
3374.72
3319.24
3260.76
3442.49
3467.59
3506.81
3444.33
3336.09
3496.47
3307.39
3428.59
3339.87
3515.39
3408.25
3216.18
3244.12
3036.41
3462.59
3421.19
3330.08
3442.89
3408.05
3159.23
3364.66
3252.73
3434.34
3356.02
3476.28
3431.68
3440.03
3180.4
3335.02
3320.27
3476.24
3314.97
3553.13
3221.23
3184.48
3283.94
3319.77
3500.14
3295.96
3392.83
3307.89
3384.49
3396.8
3384.23
3287.81
3390.09
3514.55
3377.37
3563.73
3101.63
3337.16
3298.46
3344.91
3197.17
3202.36
3246.87
3440.64
3330.62
3606.8
3312.33
3160.61
3416.01
3502.04
3312.52
3361.36
3380.7
3571.81
3437.03
3333.27
3327.14
3452.53
3475.35
3221.06
3254.58
3381.61
3316.49
3446.97
3394.77
3518.49
3237.4
3274.5
3279.21
3525.44
3366.45
3468.55
3271.26
3627.99
3453.12
3526.49
3198.14
3217.28
3406.89
3217.62
3284.05
3543.02
3477.46
3377.72
3272.37
3345.72
3422.79
3392.31
3116.4
3261.97
3280.73
3309.69
3625.5
3596.54
3414.18
3346.62
3325.35
3387.89
3505.5
3411.33
3254.74
3231.42
3342.42
3404.67
3412.14
3392.53
3623.94
3158.59
3382.03
3499.67
3347.48
3173.53
3384.61
3329.18
3324.04
3458.58
3402.42
3447.66
3467.16
3412.12
3401.93
3449.66
3434.28
3425.24
3281.93
3432.55
3172.85
3283.41
3500.49
3356.75
3379.91
3159.31
3365.96
3279.34
3386.57
3344.4
3398.44
3266.23
3463.74
3187.95
3283.96
3291.46
3363.42
3261.32
3371.92
3432.58
3360.19
3441.11
3205.5
3343.82
3243.8
3341.48
3164.25
3349.52
3387.28
3262.22
3368
3273.75
3264.12
3185
3228.25
3520.25
3337.09
3363.27
3253.19
3375.35
3482.71
3267.5
3645.78
3571.29
3332.08
3446.75
3481.65
3230.47
3304.94
3614.1
3479.13
3190.88
3364.56
3292.66
3298.25
3520.07
3239.52
3271.66
3545.73
3364.64
3311.38
3377.89
3351.64
3400.64
3465.88
3406.83
3360.31
3520.08
3609.06
3465.02
3547
3202.93
3421.31
3462.54
3453.74
3507.32
3477.97
3148.58
3364.53
3473.97
3445.4
3462.12
3252.74
3403.47
3476.33
3366.61
3455.77
3356.45
3207.09
3428.22
3151.82
3257.11
3256.86
3455.61
3296.8
3445.91
3397.05
3561.45
3158.2
3286.46
3169.87
3342.67
3424.49
3259.78
3583.35
3419.66
3331.82
3344.32
3209.7
3314.16
3604.02
3518.22
3281.44
3350.3
3167.88
3356.9
3446.43
3694.77
3359.86
3286.96
3397.57
3283.36
3321.79
3281.9
3519.27
3287.19
3293.88
3506.2
3355.63
3383.52
3125.71
3426.8
3298.05
3230.6
3387.25
3314.58
3260.15
3358.49
3558.91
3450.23
3142.27
3361.38
3347.72
3479.73
3298.61
3508.36
3372.51
3239.57
3238.2
3262.99
3397.98
3229.95
3547.03
3212.79
3350.12
3230.96
3455.27
3355.43
3600.19
3246.75
3050
3252.41
3352.16
3386.38
3177.28
3435.37
3573.51
3333.11
3225.93
3481.75
3464.5
3464.3
3272.83
3417.75
3539.72
3495.99
3290.91
3387.89
3396.17
3465.39
3421.32
3156.48
3259
3260.34
3434
3299.8
3507.59
3370.02
3369.28
3434.38
3388.73
3436.02
3339.59
3512.18
3145.97
3397.89
3439.31
3235.97
3391.67
3310.61
3264.57
3520.94
3381.26
3383.09
3223.68
3221.21
3339.92
3370.97
3471.55
3377.39
3457.97
3403.7
3414.34
3324.18
3421.93
3502.54
3341.53
3331.43
3423.41
3470.3
3528.79
3290.85
3379.58
3359.07
3443.64
3165.19
3467.04
3382.7
3021.01
3285.63
3488.59
3237.99
3511.56
3346.19
3180.04
3173.21
3447.36
3279.34
3419.49
3295.14
3361.79
3421.66
3373.92
3549.61
3445.24
3321.24
3416.2
3471.71
3120.1
3229.42
3415.95
3424.15
3318.15
3292.01
3424.68
3276.45
3280.51
3484.55
3700.13
3421.86
3495.05
3248.71
3400
3285.26
3235
3240.35
3528.84
3481.96
3375.86
3364.37
3376.28
3234.27
3474.16
3457.61
3383.69
3319.74
3356.63
3547.61
3509.7
3465.5
3265.68
3230.15
3308.52
3529.08
3410
3176.37
3386.99
3330.74
3439.85
3279.92
3333.6
3274.71
3446.24
3509.49
3341.46
3247.29
3275.17
3587.65
3290.93
3157.97
3382.77
3555.63
3241.12
3509.65
3258.57
3261.69
3386.94
3425.45
3409.92
3432.64
3274.06
3417.02
3372.05
3218.94
3375.23
3379.38
3274.66
3413.63
3347.49
3500.17
3215.24
3275.43
3466.48
3287.98
3271.66
3244.94
3378.8
3237.36
3368.82
3316.55
3652.78
3528.85
3341.63
3161.15
3247.6
3180.81
3426.67
3215.03
3483.2
3193.93
3609.27
3553.07
3286.73
3273.5
3325.32
3351.81
3114.87
3566.95
3238.96
3465.73
3495.94
3483.54
3392.57
3370.78
3436.03
3428.69
3286.77
3497.71
3531.25
3186.87
3252.86
3216.42
3429.21
3479
3292.86
3439.62
3210.84
3334.81
3521.05
3323.79
3237.4
3531.45
3375.45
3329.13
3375.74
3375.08
3163.91
3360.66
3317.95
3262.49
3265.94
3664.71
3435.44
3297.44
3370.2
3333.69
3194.83
3468
3417.71
3341.56
3303.34
3305.7
3403.01
3481.65
3419.23
3525.27
3270.58
3193.97
3582.15
3342.54
3353.35
3639.07
3345.72
3180.43
3506.85
3326.45
3362.6
3219.73
3515.5
3398.16
3192.71
3272.79
3312.38
3302.04
3413.03
3191.96
3173.41
3362.58
3408.2
3206.09
3400.4
3423.12
3564.47
3393.55
3301.15
3244.12
3437.43
3422.64
3449.71
3212.16
3274.09
3375.64
3263.86
3426.73
3310.4
3384.32
3156.47
3251.63
3302.26
3398.79
3428.74
3223.75
3230.14
3455.84
3389.35
3439.75
3397.54
3855.96
3405.07
3236.56
3352.97
3251.2
3413.55
3334.81
3518.55
3537.26
3441.07
3514.84
3528.18
3292.18
3455.49
3522.2
3298.87
3420.87
3478.18
3484.91
3329.23
3205.04
3450.32
3352.53
3286.85
3249.18
3321.49
3459.45
3511.36
3374.04
3403.12
3275.56
3364.09
3291.15
3451.94
3187.31
3203.1
3536.24
3542.87
3386.48
3309.22
3171.07
3355.12
3294.68
3194.32
3354.3
3484.4
3405.4
3589.03
3219.82
3378.77
3374.58
3298.04
3461.29
3347.15
3621.03
3274.97
3303.08
3195.6
3377.37
3484.72
3365.95
3176.84
3410.05
3437.14
3425.32
3414
3340.87
3356.87
3420.91
3243.36
3286.37
3318.72
3312.68
3071.38
3532.96
3499.26
3290.6
3595.38
3293.45
3304.37
3310.65
3463.71
3555.87
3420.67
3319.6
3534
3277.16
3392.93
3143.85
3389.37
3379.75
3547.53
3409.97
3279.44
3215.45
3189.43
3448.95
3234.73
3288.55
3483.05
3259.7
3471.46
3609.77
3425
3549.59
3520.37
3374.67
3172.24
3397.39
3351.91
3429.6
3281.92
3314.68
3226.38
3432.63
3310.87
3400.49
3222.44
3413.63
3260.4
3161.62
3594.61
3350.61
3267.77
3271.71
3052.85
3602.93
3187.71
3467.75
3517
3543.1
3593.09
3425.34
3344.99
3395.54
3255.43
3516.94
3119.15
3406.41
3456.4
3344.58
3446.64
3405.43
3440.55
3385.79
3282.63
3298.68
3431.38
3335.99
3327.8
3395.27
3449.07
3446.46
3403.45
3541.85
3368.33
3332.39
3341.99
3520
3365.69
3294.5
3330.61
3455.42
3475.74
3624.57
3326.43
3319.27
3439.15
3164.19
3486.98
3218.77
3458.67
3393.72
3432.42
3353.83
3445.57
3367.11
3511.62
3480.72
3289.71
3350.75
3293.27
3128.75
3500.29
3572.78
3099.63
3286.37
3276.5
3093.72
3357.61
3261.94
3477.01
3420.92
3205.48
3340.6
3124.28
3391.27
3365.03
3307.26
3308.02
3384.74
3435.11
3543.06
3348.63
3174.92
3452.34
3577.29
3482.32
3464.06
3438.42
3491.22
3204.27
3422.92
3523.24
3295.4
3235.53
3372.46
3201.24
3518.82
3347.24
3346.54
3107.53
3440.35
3290.72
3374.13
3426.49
3257.83
3270.04
3437.39
3248.18
3219.7
3354.36
3314.06
3515.55
3258.15
3514.3
3415.38
3526.19
3352.56
3394.56
3354.64
3678.34
3499.39
3265.14
3215.68
3118.75
3220.99
3471.43
3429.54
3412.64
3482.93
3386.45
3448.07
3342.76
3420.18
3487.96
3389.13
3356.36
3223.75
3343.26
3295.78
3264.79
3399.17
3419.76
3416.91
3276.74
3325.02
3368.74
3425.35
3176.35
3341.46
3222.11
3253.93
3335.47
3379.34
3504.52
3316.2
3360.58
3392.89
3176.46
3581.58
3360.58
3274.72
3342.99
3341.79
3376.42
3327.26
3334.2
3595.27
3425.17
3302.52
3258.86
3242.85
3431.98
3463.37
3447.57
3289.03
3505.09
3299.73
3478.59
3267.84
3424.52
3482.14
3461.37
3353.18
3204.14
3223.75
3647.58
3421.46
3426.84
3429.84
3293.33
3466.67
3514.14
3274.8
3329.39
3472.52
3507.31
3295.79
3432.67
3242.45
3335.25
3371.68
3378.9
3259.03
3435.76
3322.27
3361.64
3491.45
3466.75
3654.07
3597.76
3322.32
3414.75
3770.88
3316.64
3399.02
3359.51
3234.24
3282.33
3340.96
3195.56
3433.21
3250.73
3312.98
3301.43
3356.5
3366.81
3628.71
3315.19
3445.71
3481.83
3219.2
3268.77
3220.58
3416.66
3108.16
3285.29
3415.99
3533.15
3256.38
3246.6
3461.17
3262.32
3420.24
3374.68
3279.4
3196.09
3432.78
3271.72
3321.38
3348.76
3481.36
3571.35
3205
3410.68
3273.31
3259.49
3423.98
3350.86
3437.63
3464.26
3347.06
3325.79
3324.03
3392.58
3357.31
3298.28
3179.47
3227.57
3355.21
3358.11
3380.96
3483.84
3516.69
3288.86
3284.69
3429.25
3371.03
3319.4
3447.32
3263.46
3497.7
3532.79
3293.89
3302.04
3571.23
3389.91
3374.84
3458.37
3359.83
3470.55
3471.2
3472.42
3476.17
3390.26
3322.85
3299.14
3252.26
3255.04
3155.13
3491.6
3284.37
3668.72
3153.34
3339.3
3383.9
3387.12
3278.99
3515.45
3373.6
3282.91
3268.97
3512.19
3173.53
3405.35
3081.05
3350.67
3233.25
3443.82
3505.99
3352.55
3328.35
3502.27
3375.01
3364.98
3281.35
3339.84
3395.32
3399.7
3381.43
3396.24
3397.56
3378.9
3298.27
3477.18
3216.82
3404.43
3567.06
3328.66
3271.43
3323.15
3236.06
3497.69
3331.77
3439.9
3359.01
3227.33
3292.71
3525.8
3279.08
3245.26
3241.06
3423.62
3259.93
3484.2
3535.23
3240.05
3595.56
3231.49
3251.84
3452.7
3553.8
3118.67
3348.97
3393.65
3306.56
3295.09
3417.6
3274.49
3499.73
3441.01
3330.74
3472.64
3588.97
3690.18
3423.85
3430.5
3284.82
3486.33
3477.42
3139.83
3551.04
3400.08
3174.05
3446.89
3226.15
3460.77
3388.65
3502.34
3385.61
3380.16
3504.88
3357.84
3230.07
3579.22
3569.8
3314.92
3513.48
3202.58
3437.88
3268.57
3268.43
3374.13
3284.8
3365.91
3454.14
3261.32
3595.41
3449.14
3270.73
3417.09
3384.01
3273.52
3427.74
3246.45
3348.1
3233.44
3169.78
3369.19
3210.94
3617.61
3187.09
3471.42
3205.58
3319.03
3209.14
3502.93
3410.84
3261.9
3500.15
3488.08
3416.36
3568.21
3294.51
3723.89
3492.91
3619.43
3213.43
3276.74
3379.42
3319.66
3545.46
3305.88
3222.52
3453.19
3403.92
3280.19
3416.1
3310.83
3473
3267.08
3281.3
3259.12
3240.32
3460.83
3546.5
3531
3332.58
3442.68
3245.35
3209.18
3567.45
3585.91
3248.09
3298.12
3426.33
3326.43
3165.47
3257.41
3449.99
3297.62
3395.9
3393.57
3302.4
3267.39
3463.07
3280.33
3295.75
3382.22
3391.09
3317.72
3468.29
3342.92
3348.52
3579.77
3474.54
3218.04
3145.04
3674.66
3261.34
3464.18
3268.33
3468.89
3487.11
3172.33
3253.76
3316.18
3371.14
3187.45
3365.85
3395.87
3337.12
3365.98
3083.78
3361.7
3355.02
3353.79
3565.52
3301.06
3374.37
3250.33
3101.11
3288.72
3426.3
3713.56
3390.03
3356.03
3564.24
3395.61
3373.6
3380.04
3448.43
3431.73
3352.08
3271.75
3286.43
3381.62
3593.32
3274.58
3235.56
3257.69
3463.67
3454.44
3286.51
3386.53
3139.27
3347.1
3413.81
3501.37
3323.18
3369.97
3413.29
3203.53
3418.82
3169.54
3574.04
3600.84
3429.52
3233.79
3244.81
3469.32
3289.79
3721.58
3636.02
3476.09
3313.53
3277.59
3294.42
3374.85
3569.65
3393.64
3380.17
3098.08
3340.19
3651.05
3266.45
3392.3
3434.48
3373.81
3453.46
3485.85
3477.24
3322.79
3268.58
3438.79
3495.23
3276.9
3280.35
3363.07
3411.38
3152.45
3260.95
3459.5
3544.04
3343.83
3596.59
3333.46
3208.84
3615.95
3255.47
3442.93
3407.74
3407.35
3338.96
3689.6
3367.3
3439.33
3404.46
3220.51
3374.44
3537.27
3360.49
3596.08
3393.34
3288.69
3318.2
3461.41
3426.57
3417.53
3333.2
3459.1
3354.5
3447.05
3462.36
3376.41
3330.05
3395.58
3291.16
3254.89
3289.09
3446.76
3442.68
3249.54
3398.88
3451.47
3285.37
3540.43
3077.68
3470.91
3395.69
3390.52
3255.08
3481.22
3386.03
3390.21
3106.89
3637.72
3471.79
3485.75
3417.39
3033.19
3416.22
3283.46
3306.68
3425.56
3152.88
3299.93
3440.18
3313.27
3197.92
3436.68
3469.48
3299.19
3534.91
3196.55
3379.63
3280.94
3279.24
3104.12
3328.29
3255.6
3563.34
3246.1
3334.38
3246.86
3386.79
3269.48
3460.56
3277.04
3303.71
3578.69
3213.29
3364.33
3542.83
3541.47
3352.75
3456.55
3497.5
3561.68
3583.79
3376.19
3376.54
3424.02
3530.46
3365.7
3238.35
3484.49
3332.58
3350.74
3149.13
3289.57
3494.42
3375.41
3612.17
3244.06
3349.93
3465.91
3305.27
3524.76
3490.16
3309.93
3364.53
3453.2
3273.51
3437.1
3324.57
3335.64
3364.75
3463.16
3315.56
3267.7
3439.59
3505.94
3298.3
3349.05
3195.79
3421.44
3352.48
3138.67
3641.01
3384.62
3402.88
3288.28
3096.81
3244.59
3312.87
3364.56
3448.78
3332.21
3167.53
3394.92
3399.12
3264.83
3273.71
3477.53
3389.53
3254.26
3378.19
3291.07
3418.52
3327.32
3401.29
3356.05
3200.7
3447.13
3196.51
3214.12
3359.13
3317.16
3516.06
3634.97
3290.15
3277
3238.8
3387.53
3400.15
3585.67
3401.63
3515.4
3394.4
3503.62
3402.94
3348.65
3317.08
3455.4
3171.17
3461.88
3272.7
3433.79
3423.7
3063.53
3337.87
3324.2
3300.81
3515.8
3095.63
3302.33
3552.75
3314.44
3181.91
3498.9
3526.09
3228.88
3528.23
3464.52
3298.43
3352.51
3317.02
3536.36
3372.84
3377.03
3310.54
3390.21
3267.01
3312.16
3651.14
3398.2
3262.67
3501.4
3214.29
3459.89
3170.24
3440.4
3186.08
3399.02
3297.94
3297.7
3200.39
3497.44
3458.82
3293.47
3244.65
3282.16
3407.84
3487.81
3321.96
3080.82
3403.8
3156.17
3303.94
3454.33
3494.53
3612.07
3511.84
3418.49
3474.25
3490.01
3388.66
3331.9
3352.3
3239.9
3269.01
3344.64
3304.58
3482.93
3420.97
3346.89
3339.38
3230.61
3042
3275.35
3165.61
3561.73
3414.07
3473.24
3309.96
3541.66
3116.05
3409.56
3458.47
3535.99
3648.12
3228.99
3483.35
3414.46
3173.72
3432.24
3429.27
3426.17
3433.61
3427.9
3562.01
3207.85
3379.48
3456.83
3186.11
3584.17
3197.61
3497.19
3398.83
3269.9
3331.47
3346.88
3317.65
3502.61
3256.19
3380.74
3298.32
3221.93
3458.06
3221.3
3350.11
3334.2
3172.24
3167.5
3389.37
3352.36
3514.75
3373.85
3452.61
3469.84
3499.35
3508.46
3500.55
3471.47
3310.02
3304.53
3488.75
3139.94
3304.12
3384.07
3312.09
3414.35
3404.45
3488.3
3322.76
3388.72
3252.55
3359.98
3355.13
3372.47
3219.4
3385.57
3320.56
3556.23
3524.27
3206.74
3311.46
3333.65
3320.01
3275.8
3245.93
3329.51
3381.8
3474.02
3534.27
3224.35
3130.28
3565.89
3368.76
3583.23
3157.55
3365.57
3358.32
3517.97
3590.84
3351.84
3510.27
3396.84
3345.91
3238.14
3361.13
3455.38
3328.99
3323.37
3480.74
3170
3524.71
3203
3091.28
3546.66
3336.95
3235.1
3296.26
3572.52
3454.53
3281.39
3249.21
3538.27
3266.2
3441.41
3316.18
3086.35
3270.48
3279.78
3316.82
3428.48
3170.97
3473.66
3343.45
3090.45
3206.59
3489.2
3300.8
3245.25
3394.05
3382.66
3531.49
3428.52
3260.47
3253.64
3480.21
3498.17
3418.4
3417.55
3573.34
3324.15
3265.75
3521.83
3301.8
3370.01
3515.28
3264.08
3336.39
3697.27
3152.64
3419.85
3361.17
3442.51
3198.06
3133.67
3512.52
3375.33
3317.85
3305.1
3345.65
3563.42
3094.16
3331.33
3412.89
3142.75
3387.44
3167.95
3430.61
3227.37
3063.07
3525.5
3376.86
3617.62
3351.21
3272.67
3320.7
3297.25
3279.73
3390.22
3433.43
3330.61
3351.56
3119.85
3323.65
3245.07
3420.39
3401.66
3586.86
3404.39
3384.05
3440.13
3670.16
3456.37
3528.17
3191.43
3436.64
3629.66
3175.52
3230.38
3361.68
3413.86
3580.81
3313.53
3208.69
3509.65
3430.78
3443.96
3287.17
3370.44
3273.56
3311.15
3245.31
3526.03
3578.87
3122.92
3438.16
3210.28
3366.27
3341.41
3237.94
3312.53
3438.75
3461.78
3490.22
3332.15
3511.47
3508.96
3473.3
3502.93
3391.06
3243
3424.89
3452.57
3308.56
3342.96
3605.79
3640.09
3267.06
3282.41
3256.15
3122.57
3351.04
3276.9
3264.62
3474.41
3330.5
3362.04
3465.16
3302.86
3472.38
3352.36
3317.56
3371.39
3351
3374.31
3166.05
3608.49
3513.71
3373.66
3235.96
3152.86
3466.54
3460.28
3302.58
3401.02
3482.96
3330.91
3503.01
3431.94
3139.34
3265.96
3521.61
3420.41
3404.51
3287.7
3441.63
3154.27
3358.07
3462.52
3404.49
3445.61
3386.29
3149.85
3515.53
3165.5
3298.14
3343.76
3270.68
3364.86
3511.15
3469.65
3256.55
3146.9
3120.45
3404.44
3318.3
3164.63
3457.09
3545.54
3258.57
3388.57
3371.07
3339.25
3129.59
3319.3
3276.86
3317.67
3378.5
3450.35
3459.67
3312.28
3202.42
3269.33
3217.23
3322.39
3355.22
3403.22
3386.42
3217.92
3231.26
3406.95
3167.35
3389
3479.14
3456.15
3279.51
3361.06
3218.57
3321.36
3266.56
3075.34
3350.67
3407.82
3242.44
3463.74
3398.36
3366.28
3390.15
3255.67
3488.25
3401.69
2980.8
3362.64
3455.3
3332.84
3381.46
3445.83
3584.87
3338.49
3392.59
3325.62
3473.73
3426.14
3353.04
3227.41
3059.66
3376
3200.88
3208.02
3523.43
3484.98
3314.85
3439.97
3296.62
3297.32
3327.47
3327.43
3290.7
3348.14
3336.88
3523.76
3309.26
3306.92
3510.62
3358.34
3458.21
3296.63
3332.27
3302.35
3548.32
3293.35
3347.93
3372.68
3399.65
3325.24
3230.06
3251.45
3294.1
3334.35
3457.28
3220.12
3224.18
3332.05
3505.52
3311.61
3204.44
3245.55
3371.17
3435.12
3355.03
3258.29
3195.61
3299.13
3194.39
3468.82
3317.91
3378.98
3283.27
3454.79
3381.81
3290.73
3326.32
3534.45
3335.57
3169.14
3479.7
3267.1
3243.43
3290.67
3494.41
3331.67
3241.79
3211.62
3262.55
3357.78
3382.87
3356.44
3447.32
3370.43
3245.01
3423.93
3501.49
3424.08
3572.39
3344.18
3370.85
3319.46
3255.23
3396.99
3162.87
3365.04
3220.79
3181.15
3247.39
3436.29
3478.96
3460.18
3451.56
3407.12
3410.21
3417.31
3499.48
3451.23
3296.47
3371.11
3265.58
3496.78
3298.04
3472.8
3249.46
3445.96
3358.48
3566.98
3305.29
3280.13
3599.89
3289.66
3281.05
3325.04
3218.98
3395.97
3369.68
3428.24
3418.27
3226.72
3489.69
3160.25
3232.01
3473.51
3315.8
3193.58
3378.09
3336.75
3524.13
3220.25
3372.16
3174.97
3288.85
3560.46
3389.98
3496.47
3410.01
3447.78
3323.35
3389.33
3452.49
3614.77
3533.78
3425.05
3224.49
3565.21
3337.94
3350.25
3456.75
