269.685
280.783
297.531
259.731
296.421
303.555
334.859
242.577
261.688
315.445
257.572
295.112
304.778
276.111
324.153
285.966
249.422
292.892
314.18
352.129
246.502
290.242
316.423
318.993
289.329
350.189
287.349
256.514
263.362
290.968
271.972
300.298
338.159
254.756
327.336
283.307
224.693
241.825
289.038
264.396
271.542
289.746
270.174
263.432
295.309
303.053
291.18
269.575
277.122
244.52
253.308
332.259
267.729
287.994
372.759
270.545
289.714
308.774
258.24
333.296
271.881
286.47
226.723
256.339
272.815
247.63
294.297
237.313
245.451
324.24
290.008
224.258
249.927
293.813
325.251
325.053
323.784
323.171
275.918
234.718
205.969
301.103
320.333
276.276
249.579
270.217
260.291
286.64
308.949
244.709
274.021
279.496
279.634
345.522
273.579
293.246
299.636
300.694
258.756
296.466
277.569
276.058
355.308
318.151
195.507
250.18
253.954
292.97
274.202
230.616
292.5
247.303
281.281
251.484
289.241
274.618
294.115
252.32
324.52
266.009
258.28
323.892
338.26
243.07
337.679
317.227
263.736
295.516
288.412
277.599
276.316
294.663
302.157
278.894
280.976
291.716
253.071
342.631
249.558
301.951
259.291
262.614
249.718
261.253
246.043
278.357
222.794
305.47
293.684
257.934
303.979
286.276
289.291
237.199
227.666
277.505
303.951
278.6
324.799
236.801
317.05
303.418
264.27
279.733
273.242
300.596
292.435
316.432
275.409
323.681
287.301
298.559
342.456
210.247
267.34
280.782
309.519
262.305
269.948
253.656
358.492
273.16
285.802
293.003
260.884
300.301
279.888
321.264
315.819
310.964
300.352
291.201
223.489
269.045
301.134
262.016
268.479
264.751
289.22
312.095
278.823
272.691
272.386
262.883
329.295
253.083
300.39
314.252
342.651
241.652
363.654
231.953
293.011
262.448
267.595
299.619
282.734
269.304
307.198
290.314
351.876
290.152
291.342
311.924
296.438
280.561
294.546
313.429
309.198
285.947
260.926
317.28
269.593
260.262
280.375
284.607
242.83
301.376
223.247
241.106
311.115
290.494
252.344
254.451
271.305
251.379
284.327
266.807
275.145
277.556
337.903
224.851
255.153
222.427
324.47
278.767
287.965
273.16
283.014
278.828
317.952
336.784
260.184
324.084
223.428
285.804
265.053
276.44
284.301
276.067
307.751
312.452
269.795
270.078
309.62
284.561
280.338
261.154
294.889
304.375
376.562
241.649
325.657
247.271
321.249
294.956
251.149
250.398
265.356
382.775
344.601
312.568
315.238
268.711
304.636
253.127
352.887
290.337
295.156
373.059
316.438
244.834
324.914
306.917
276.351
267.655
269.035
314.883
325.883
284.528
330.43
287.521
269.547
329.642
327.971
316.036
283.406
277.483
240.257
308.438
266.942
285.74
213.827
256.348
295.532
284.11
252.003
315.762
308.869
270.327
284.544
257.02
316.786
287.527
304.84
261.128
278.857
313.798
266.765
285.871
232.197
289.653
331.903
251.652
232.44
297.337
303.836
301.705
285.891
288.024
273.555
298.643
286.156
315.512
231.323
242.618
239.002
323.242
282.787
260.676
228.049
282.757
254.164
279.309
314.033
282.365
299.958
248.174
325.985
315.013
278.39
236.922
268.72
309.638
278.231
293.077
274.969
243.374
207.762
317.252
279.937
313.378
279.618
255.385
299.974
313.672
298.236
289.808
307.588
288.385
285.861
256.158
319.764
245.295
298.188
289.507
237.401
287.459
270.439
334.394
251.296
270.468
314.301
302.826
252.905
277.138
329.612
268.499
360.492
287.479
256.297
205.396
257.577
278.844
243.864
292.57
345.03
317.015
324.408
231.597
262.865
297.34
324.021
308.489
274.109
279.965
279.607
305.59
302.19
232.129
280.165
307.591
269.431
257.742
331.251
291.55
323.879
282.519
295.121
272.811
294.386
314.975
253.135
261.036
287.832
215.252
317.238
278.389
284.46
282.321
289.132
274.074
341.548
283.566
283.095
305.891
286.228
225.136
250.554
266.354
324.483
256.066
260.892
269.45
274.242
189.567
297.83
263.549
317.02
293.545
284.869
269.647
296.169
312.886
274.885
256.499
336.683
295.95
292.442
259.522
282.524
294.346
227.054
299.722
247.163
279.941
274.783
303.847
249.364
268.57
273.186
290.735
295.237
321.221
283.893
356.173
224.61
274.702
333.836
239.673
302.762
242.326
253.981
377.972
343.139
256.821
261.447
279.451
239.404
270.995
265.075
270.494
329.332
293.588
270.595
296.221
270.097
301.863
249.863
291.523
271.796
284.366
302.803
305.684
239.031
334.337
256.887
301.206
253.922
293.149
311.068
273.907
322.755
237.949
311.224
247.339
311.991
295.045
300.796
268.887
258.009
298.462
255.245
292.665
250.738
270.912
281.631
221.648
251.711
226.727
362.891
351.905
330.716
268.125
299.684
282.805
270.003
301.345
295.521
343.664
271.967
283.928
242.916
311.025
284.418
284.188
288.141
262.828
257.814
267.005
283.992
315.316
270.509
322.256
309.419
275.65
269.866
273.167
338.23
276.252
298.297
308.093
258.753
260.139
297.64
260.17
276.239
275.315
283.168
253.752
304.214
254.718
321.773
303.715
334.53
281.645
273.662
305.575
280.472
317.188
331.895
320.189
286.839
232.095
275.881
361.627
324.84
277.992
234.804
286.763
281.74
291.76
302.962
315.573
248.929
283.862
262.109
334.388
228.767
274.259
296.498
324.782
295.57
303.944
287.651
264.112
288.663
301.994
244.987
321.844
296.951
361.645
255.315
273.393
265.957
272.242
297.437
277.081
289.506
304.933
269.554
272.34
310.234
255.575
284.674
287.619
292.491
358.314
278.448
267.442
273.967
272.101
314.71
299.533
309.452
248.329
272.477
332.575
318.765
339.001
270.349
245.247
282.942
290.863
306.817
329.154
283.248
271.141
277.483
259.831
261.335
284.815
246.793
327.855
289.945
253.686
295.042
251.515
290.143
276.453
284.348
252.11
289.869
272.668
289.331
245.278
273.001
287.26
257.43
268.093
264.703
330.419
293.199
265.403
243.367
302.067
278.488
249.072
292.167
276.741
303.564
274.243
272.156
276.173
217.983
270.307
262.527
271.275
294.609
337.188
289.291
317.409
283.734
309.346
285.776
327
287.174
213.149
284.707
307.786
274.832
274.662
376.559
263.287
271.557
294.934
297.122
288.906
338.332
234.047
227.684
268.807
311.048
309.337
270.818
282.833
263.438
303.349
273.849
265.384
287.563
285.297
303.527
271.505
340.157
233.528
279.706
293.149
240.47
239.972
237.884
265.191
262.487
332.606
296
266.773
300.928
305.675
260.26
302.426
256.041
286.421
289.591
312.352
320.208
274.77
276.579
227.673
297.029
297.382
224.862
263.794
285.038
325.76
251.21
320.71
292.781
278.929
319.352
300.222
239.699
300.268
301.155
287.255
277.694
273.414
271.74
256.525
271.32
302.039
311.564
256.116
311.775
261.122
246.861
223.136
310.835
282.085
208.078
257.095
271.705
308.606
299.891
326.583
264.669
258.898
284.17
247.682
330.314
278.27
257.432
273.057
272.542
310.082
333.428
323.547
298.237
372.531
266.926
246.735
251.701
315.057
207.791
239.135
255.4
344.895
238.012
236.853
308.339
285.096
258.444
273.83
268.435
280.336
240.797
330.556
310.387
278.664
297.485
302.707
281.472
290.067
275.124
292.056
235.613
274.815
262.389
254.786
286.885
325.09
339.644
295.183
247.211
279.818
318.208
269.433
267.353
248.656
302.77
280.747
306.696
313.057
241.736
270.25
239.037
251.155
276.953
304.545
261.021
273.244
247.51
311.752
271.449
314.343
241.619
180.83
365.796
316.373
283.626
309.178
299.503
294.89
312.095
212.443
323.204
285.994
338.528
276.801
267.088
323.874
233.297
311.325
266.357
301.335
317.963
279.623
285.349
268.349
351.468
227.441
285.103
272.889
245.251
225.56
304.581
301.455
301.694
270.205
294.732
281.486
302.586
293.964
254.556
288.024
313.259
266.064
291.954
297.982
296.522
285.794
310.072
254.856
321.997
322.76
280.641
322.324
270.589
227.915
254.221
270.337
264.187
247.783
197.194
286.742
261.08
281.863
292.132
260.591
233.964
346.511
340.409
284.529
303.295
302.624
258.685
251.168
267.392
292.717
350.858
350.243
362.773
248.175
273.147
243.948
288.37
259.497
284.853
219.68
279.227
333.209
314.619
285.194
258.445
300.44
289.527
248.571
310.371
287.625
243.143
277.771
274.637
293.18
314.076
243.24
265.423
349.27
287.402
272.871
314.596
367.431
257.873
230.206
320.655
246.22
250.684
278.907
218.645
297.515
279.496
263.737
279.608
259.231
263.928
329.271
301.347
279.163
341.747
252.144
275.128
328.004
309.74
244.381
300.388
337.813
330.868
255.042
329.752
343.049
261.153
293.516
264.148
311.026
267.299
345.336
221.568
360.748
273.622
250.473
281.599
253.905
228.298
251.751
311.238
343.512
231.185
296.294
274.804
227.582
262.142
296.823
355.32
250.795
261.963
280.662
231.101
300.799
292.18
278.805
272.34
268.071
281.038
314.973
292.692
267.668
338.93
255.86
289.067
306.777
285.048
286.419
283.169
333.778
256.387
295.702
266.635
279.814
254.108
343.683
334.391
261.759
221.597
320.298
311.705
292.195
294.149
299.848
280.248
218.957
301.807
310.709
273.076
350.984
244.599
260.541
304.804
289.653
291.075
244.459
268.676
303.899
239.677
281.124
309.348
271.809
321.851
212.067
286.088
295.295
333.844
297.967
320.561
266.599
236.826
323.78
311.197
316.117
278.88
299.73
336.186
243.017
268.159
279.938
250.654
300.338
278.893
283.249
288.777
286.53
270.004
309.138
292.006
279.216
251.677
302.169
286.815
334.075
277.031
280.582
288.166
314.417
353.909
334.526
291.506
250.55
228.037
318.69
255.009
275.642
279.547
279.728
297.692
287.481
273.463
347.551
342.9
282.052
281.672
337.002
266.834
303.127
277.465
274.701
291.942
319.632
329.787
305.39
266.835
295.51
269.033
350.067
279.729
258.795
284.048
373.965
258.64
288.896
292.687
340.966
228.189
294.619
270.624
312.509
296.74
266.869
249.138
318.437
263.98
259.917
272.344
280.115
294.948
330.981
275.372
281.069
302.027
285.284
265.803
328.902
313.105
297.894
243.984
371.462
317.567
294.321
292.781
293.631
277.518
278.322
279.749
348.532
259.918
397.548
308.117
263.095
343.678
307.842
297.005
281.471
258.325
292.722
292.051
304.632
321.776
310.934
312.894
232.925
264.938
278.36
225.511
244.9
278.945
296.906
303.569
232.93
333.666
320.146
347.253
253.607
276.55
355.79
306.498
233.758
265.226
290.934
317.959
241.702
306.503
269.777
348.402
351.453
340.651
268.126
298.327
298.309
293.376
326.736
327.078
318.716
262.997
267.572
251.06
319.112
251.709
283.124
231.39
243.456
335.306
280.185
246.003
290.88
325.072
215
265.886
257.073
244.385
261.327
289.837
279.011
255.575
270.162
345.284
328.696
276.193
317.811
293.854
279.289
255.508
285.942
316.823
259.278
273.429
331.023
295.515
324.78
260.411
251.835
305.465
306.384
247.524
230.576
320.588
284.421
293.047
283.827
262.941
256.823
296.606
314.042
270.474
262.227
358.857
293.111
294.269
293.937
320.124
315.156
345.472
258.638
228.362
284.645
304.113
262.998
223.999
231.037
305.771
241.437
252.574
283.164
274.875
257.439
300.951
311.208
295.353
289.173
299.363
363.055
290.044
308.183
256.851
285.129
313.28
259.804
281.959
293.799
249.757
320.437
250.364
317.683
326.778
337.905
258.709
279.186
259.604
273.128
346.042
243.774
228.877
287.154
302.754
294.374
270.208
232.263
320.687
356.703
328.43
347.345
246.866
294.367
310.047
314.394
235.215
307.374
243.565
296.248
286.646
280.476
282.186
292.932
293.925
260.72
283.112
265.754
322.11
281.67
248.141
314.13
286.689
333.17
334.116
300.279
261.085
285.189
316.638
267.357
292.782
276.655
276.623
253.154
352.36
281.585
254.112
305.051
249.355
264.265
294.349
298.533
223.721
303.545
251.763
280.248
315.9
320.374
284.23
317.813
342.327
237
306.408
271.389
238.689
281.587
326.963
204.845
334.698
188.706
307.925
288.688
240.999
356.756
341.217
317.705
301.763
272.906
277.265
317.04
275.429
230.874
319.712
316.439
309.521
227.998
284.535
263.948
268.865
259.053
295.128
257.394
286.478
248.997
286.677
312.78
300.175
307.363
268.829
306.961
241.338
253.536
289.266
304.963
246.295
256.31
289.319
278.401
275.391
220.915
286.629
274.38
290.513
288.433
278.967
322.194
252.894
233.136
303.316
290.642
298.235
314.39
320.595
328.77
241.31
293.769
289.156
368.574
244.624
312.066
320.642
300.234
275.857
301.667
262.947
274.99
270.921
281.99
312.134
331.982
285.8
305.541
258.009
299.749
298.091
325.886
247.578
249.769
236.165
281.058
240.367
282.055
309.333
270.016
314.593
241.974
281.3
275.984
283.298
236.218
248.135
262.988
234.952
311.728
285.008
322.803
275.925
291.85
238.142
325.763
344.427
406.434
289.025
281.217
272.53
266.495
251.297
275.097
228.321
256.069
300.701
306.736
223.721
245.96
325.584
290.71
248.649
248.015
247.403
321.78
257.227
241.181
306.346
280.533
289.78
258.56
304.289
309.081
310.19
299.521
305.08
319.02
317.574
293.105
278.752
314.911
361.468
244.238
248.967
317.215
312.587
278.22
327.064
284.214
326.444
314.749
303.67
278.868
316.779
267.497
272.323
295.213
305.948
293.661
242.63
257.141
275.912
338.133
282.739
282.589
296.885
305.22
248.301
282.157
231.909
320.624
259.35
303.293
247.491
263.429
301.049
276.022
316.386
297.764
316.636
255.869
309.815
242.052
269.305
312.011
392.248
287.517
356.842
254.15
342.991
288.839
277.235
267.494
244.412
324.009
267.912
269.218
274.974
275.795
286.81
276.091
271.456
267.738
264.455
253.24
249.241
299.343
285.56
236.917
248.09
238.337
292.873
244.565
282.569
244.122
268.133
337.141
352.603
341.891
301.888
292.216
263.127
234.793
245.798
327.919
259.03
354.376
318.33
308.941
279.861
322.783
225.551
327.153
336.939
323.957
236.308
239.066
325.241
317.122
291.032
257.092
336.563
311.062
337.315
336.786
257.269
282.415
243.622
293.695
305.964
330.965
258.461
280.097
247.716
278.01
325.259
239.408
342.195
249.961
273.787
244.306
278.159
267.033
326.595
312.777
290.632
289.173
240.508
325.084
230.815
276.278
313.008
318.83
347.689
256.483
279.611
278.581
272.123
303.375
274.892
291.305
274.672
300.796
295.897
293.889
268.386
262.962
263.239
240.682
293.924
277.127
289.63
205.196
325.993
250.557
282.138
318.656
272.628
263.553
307.924
271.468
311.091
369.96
307.405
305.351
229.487
235.329
296.38
308.475
286.167
261.949
276.701
279.365
236.837
308.801
264.718
262.298
364.792
309.018
297.438
250.111
246.364
225.501
244.85
251.996
253.797
316.882
367.368
339.159
266.184
264.251
273.307
244.604
194.185
318.42
307.904
225.772
247.362
272.272
268.114
339.662
366.908
285.007
258.739
294.292
271.506
247.924
278.495
275.982
272.504
272.75
284.804
233.704
290.453
227.351
327.206
307.038
259.517
271.566
285.176
291.004
222.386
273.184
222.422
266.334
255.28
287.437
249.65
253.909
272.918
232.025
281.568
278.304
288.498
338.252
270.167
321.562
281.223
236.189
284.975
272.56
279.436
317.225
343.386
282.804
296.411
324.529
288.606
305.201
290.151
297.854
250.779
306.208
322.992
307.251
269.366
304.095
270.234
270.431
309.929
321.166
251.923
338.872
370.084
256.549
318.805
322.138
263.25
303.389
261.985
279.22
290.554
250.083
286.056
278.489
357.236
289.309
285.305
262.628
231.485
250.481
288.133
288.063
271.014
291.613
227.07
291.448
327.148
326.773
229.671
303.135
285.504
308.063
273.636
342.089
286.431
249.427
277.812
249.51
290.116
259.343
283.431
282.022
265.871
253.521
316.513
277.334
298.495
276.242
240.238
312.914
275.922
235.007
255.948
254.216
312.531
308.951
264.197
370.491
240.287
231.076
267.029
271.214
313.771
276.381
271.755
289.086
292.778
318.858
338.336
271.804
294.398
313.656
257.893
251.287
334.38
294.844
269.862
257.511
300.201
286.741
276.103
250.115
301.385
263.949
236.076
273.335
306.666
270.569
246.418
223.473
301.873
271.069
253.731
256.46
289.182
263.059
267.073
312.756
299.513
249.827
305.65
311.81
295.103
270.299
280.482
267.887
337.583
257.175
286.271
309.49
273.103
239.904
291.762
285.624
300.457
319.338
303.365
322.32
247.115
263.897
293.161
303.584
284.6
228.053
266.458
294.226
276.379
279.167
350.87
329.735
262.245
300.708
313.337
293.896
276.014
276.324
277.649
302.836
327.601
283.934
253.616
231.204
273.319
337.393
256.25
302.996
264.001
290.172
330.987
293.976
220.914
275.572
302.547
278.953
297.123
254.486
291.147
274.699
332.728
300.435
336.55
271.909
311.023
271.828
324.236
253.533
311.493
264.376
288.422
256.684
251.707
317.698
300.342
267.346
258.563
353.417
312.426
241.609
319.634
343.825
223.55
320.275
337.172
292.406
261.959
286.814
214.184
282.819
378.455
295.843
253.636
274.774
287.822
280.264
267.57
224.04
268.016
270
264.325
288.999
256.691
274.699
306.501
280.518
253.718
231.542
289.955
294.048
265.884
299.209
285.175
304.206
294.68
335.239
317.736
302.25
296.845
302.13
270.739
229.498
306.736
236.832
276.485
239.04
229.795
283.54
316.969
315.35
244.548
263.013
261.978
275.568
323.134
303.579
284.382
271.984
340.113
269.835
236.173
299.322
285.761
230.445
260.561
242.672
290.853
302.13
285.374
285.161
291.146
311.437
257.906
309.803
286.988
241.178
298.473
277.727
281.183
308.717
329.013
293.027
281.44
235.484
295.913
313.336
266.495
266.694
299.014
270.486
341.3
296.46
272.058
232.805
252.845
235.704
284.05
234.863
289.742
332.608
223.633
293.53
276.613
303.398
277.852
281.746
294.348
276.584
234.805
271.895
259.328
301.782
248.317
294.455
303.795
288.336
241.253
286.335
269.949
247.089
228.489
240.961
275.53
313.121
282.969
278.85
283.327
290.006
293.947
333.778
274.268
264.47
220.106
368.352
282.864
302.426
239.739
289.614
305.871
289.377
310.307
203.361
229.807
326.026
282.516
281.742
236.962
331.882
246.133
289.348
268.986
263.817
275.763
274.711
287.86
261.571
254.256
323.488
245.952
346.857
255.529
271.221
271.223
258.05
299.492
275.824
269.411
318.813
234.51
292.105
327.921
299.946
299.612
262.506
258.99
303.722
266.852
276.717
321.254
275.17
318.542
247.129
287.086
272.612
292.096
284.702
242.088
260.965
263.868
236.247
287.28
328.463
254.524
254.59
338.096
264.116
272.453
319.22
251.724
270.037
312.083
210.843
275.971
325.279
273.985
321.572
245.965
309.949
245.048
234.833
291.698
310.545
368.534
314.239
329.668
311.763
278.42
272.073
232.227
256.706
282.405
248.567
295.066
305.807
252.247
308.26
253.356
273.915
277.045
273.728
277.009
273.774
294.401
310.604
289.883
268.682
264.766
268.038
272.834
298.181
284.87
239.89
273.431
300.691
278.366
239.596
287.243
322.979
245.358
300.225
277.587
239.244
250.331
215.205
311.12
254.414
214.751
298.582
261.833
245.853
292.704
304.59
350.36
300.728
279.603
256.29
294.496
268.41
229.535
282.28
331.134
260.579
263.371
278.431
291.237
300.015
334.22
303.258
244.609
315.167
343.131
265.814
244.053
238.605
250.455
280.952
284.1
281.562
306.376
237.554
302.151
253.005
258.323
288.864
305.222
279.044
276.937
271.362
268.122
290.461
312.991
294.448
253.872
235.311
289.923
276.237
266.637
267.211
317.477
259.264
258.627
299.984
288.909
286.205
357.786
299.304
261.58
294.534
305.822
290.564
321.137
229.924
286.782
311.784
300.15
295.573
284.679
291.491
280.574
324.03
277.246
225.243
267.719
266.374
299.298
275.188
305.976
288.123
330.311
253.805
284.168
269.075
306.58
298.823
328.559
312.95
245.58
317.243
366.133
249.212
255.581
253.982
290.461
307.063
318.161
325.045
267.769
293.703
291.126
349.455
285.098
311.498
279.421
244.298
271.946
282.698
274.113
283.308
282.957
240.199
252.609
318.418
268.12
241.865
267.467
270.017
275.342
261.955
359.24
276.077
297.771
299.21
258.544
242.16
256.916
284.183
257.677
272.853
299.629
319.959
280.263
281.001
295.364
289.909
217.923
243.7
218.558
310.211
292.074
240.136
255.839
299.412
265.301
281.891
236.585
286.264
267.874
280.146
341.763
264.263
312.674
281.373
306.436
267.253
252.786
238.192
319.76
257.798
225.192
307.65
297.155
269.878
284.45
342.347
315.377
332.045
265.203
340.496
303.131
288.059
245.688
257.223
288.629
309.802
257.382
250.704
252.734
296.279
298.633
320.894
275.13
296.185
232.291
241.707
291.724
272.864
289.95
266.905
286.343
227.113
323.003
307.466
304.187
263.076
332.773
281.741
327.271
284.779
346.869
271.774
293.706
255.97
274.735
290.278
282.132
253.227
287.892
255.108
288.292
236.996
270.271
251.336
265.108
314.871
272.036
315.419
357.777
337.976
261.745
268.888
273.469
310.669
259.8
269.223
256.235
238.346
240.86
287.313
283.238
249.817
274.663
258.599
288.9
279.742
249.447
266.798
247.446
297.682
307.405
267.409
330.714
312.766
271.599
246.45
303.394
246.793
274.399
286.703
315.058
268.798
235.376
286.883
231.571
266.541
347.294
284.637
261.615
331.639
252.754
352.926
328.061
284.982
262.294
271.625
265.244
321.388
276.778
319.434
298.169
292.65
269.265
308.335
268.187
273.36
282.744
341.558
305.477
294.375
260.948
252.231
338.509
239.194
304.191
263.704
280.371
320.737
253.402
304.625
307.542
259.145
339.89
307.986
271.215
280.352
261.542
290.235
261.419
271.835
312.87
285.854
321.047
351.843
291.69
279.066
326.583
267.816
283.739
350.159
278.956
271.986
261.085
235.916
326.976
270.575
287.384
299.814
243.251
219.442
243.264
307.077
296.285
293.703
313.557
265.656
290.673
350.384
266.66
292.029
272.294
404.923
289.734
207.925
299.949
311.302
323.54
283.174
332.853
241.828
354.363
283.952
321.984
304.718
268.666
259.722
270.253
295.746
264.434
294.934
301.531
277.887
266.631
286.304
287.52
287.185
306.122
246.177
288.196
253.223
273.177
308.126
265.875
305.252
269.794
256.273
259.53
262.599
244.099
280.673
261.768
261.518
261.176
289.254
311.384
314.468
297.944
270.004
271.276
312.969
221.865
235.297
260.892
295.757
318.218
275.088
202.513
245.805
241.041
305.756
335.187
257.604
284.783
309.885
308.341
323.758
323.127
242.45
269.293
315.684
262.656
352.871
245.685
349.967
303.238
259.839
215.893
273.054
298.314
247.854
311.787
232.234
306.746
274.283
290.245
272.311
280.13
293.28
329.545
275.567
285.898
288.442
305.928
333.557
221.491
339.431
318.469
317.606
284.056
319.561
270.716
349.672
307.298
284.749
337.842
281.949
293.075
309.665
284.177
289.146
251.196
326.424
293.353
292.151
287.099
312.252
271.166
269.888
276.164
270.251
268.075
288.482
258.749
271.965
310.177
252.951
310.918
323.929
321.647
293.669
297.996
301.364
282.109
268.184
292.328
277.576
383.244
277.232
342.876
278.526
261.753
262.444
266.33
250.539
322.541
278.263
310.487
263.397
353.319
263.935
262.8
321.317
299.646
304.954
299.978
314.305
256.467
302.829
238.285
290.66
268.856
259.304
298.158
261.485
275.316
270.223
261.855
337.44
293.078
278.248
277.116
251.448
294.616
304.007
341.479
296.928
309.577
275.388
261.59
301.863
217.096
313.219
241.133
314.053
300.085
306.224
262.974
341.404
289.503
253.394
282.441
266.05
305.007
279.693
300.013
277.486
260.047
269.329
211.554
234.078
267.86
315.436
272.399
294.821
230.385
292.505
354.255
269.749
269.377
259.805
286.24
278.192
279.971
241.585
289.195
267.13
298.353
233.016
249.033
314.169
285.191
291.88
303.168
267.116
277.848
323.565
312.513
326.757
282.007
283.11
264.572
243.443
253.79
245.542
312.619
313.849
261.911
298.31
253.481
253.745
307.527
234.678
309.836
289.942
348.821
250.779
297.279
323.31
284.637
280.873
338.286
244.494
323.315
277.681
310.12
276.334
247.003
246.5
334.964
206.964
264.495
270.629
245.488
307.598
322.151
265.247
270.043
243.694
278.291
244.393
328.826
228.319
244.747
218.538
298.787
222.149
296.887
257.93
313.032
310.798
258.977
290.337
290.971
246.705
289.593
294.919
275.613
315.399
276.93
355.429
254.248
235.723
330.71
278.904
274.463
248.809
310.469
292.42
274.344
276.571
286.329
353.464
234.684
310.818
281.768
269.764
295.505
297.111
250.888
245.098
277.874
314.508
316.867
253.86
238.104
249.696
279.985
285.522
308.66
240.312
288.852
312.942
297.636
289.425
352.119
261.309
270.527
236.491
270.262
361.559
276.963
334.99
317.348
261.262
261.079
247.47
262.146
337.301
291.689
294.205
218.081
312.722
222.62
299.457
272.648
294.187
257.328
276.998
298.058
281.853
317.551
287.792
305.058
277.739
307.166
242.33
264.119
279.64
275.909
263.859
240.983
234.256
275.707
298.599
245.768
294.298
243.992
236.102
256.858
260.785
288.803
300.197
276.253
334.653
266.759
281.621
296.813
293.729
244.733
244.261
300.191
268.517
276.802
336.358
340.95
320.778
272.724
328.777
260.551
233.822
302.025
293.837
242.207
340.487
269.103
283.613
345.047
327.295
225.316
285.253
302.615
314.916
308.826
258.569
262.376
324.449
360.822
250.765
289.781
292.719
297.416
290.262
255.658
269.512
275.855
285.98
304.632
231.113
262.499
252.241
283.765
247.296
252.876
285.989
312.778
292.32
326.054
267.869
289.651
206.799
235.738
270.206
267.548
297.109
273.538
310.948
322.923
298.661
285.138
262.823
273.117
279.998
246.776
314.721
230.835
299.896
299.983
299.031
290.764
242.741
284.386
284.357
287.224
308.293
327.465
257.166
280.72
285.292
317.308
264.733
280.016
344.953
312.334
337.792
317.147
248.54
255.666
268.249
386.443
318.898
272.823
308.938
235.14
306.062
269.306
337.004
293.656
262.293
238.492
319.744
322.299
253.103
225.963
322.084
293.552
240.228
279.197
281.969
249.856
288.658
288.116
303.165
298.823
223.777
264.27
289.063
251.644
420.638
337.629
342.15
256.806
285.305
292.369
296.101
268.535
276.088
323.606
278.601
258.164
353.196
327.634
302.638
320.716
272.973
294.436
258.906
264.488
294.941
213.956
340.265
339.056
301.131
221.37
268.033
271.699
283.514
286.628
262.753
253.491
263.013
284.555
288.102
273.985
276.087
260.32
326.958
271.698
285.844
248.963
252.624
289.245
320.679
354.277
293.955
310.533
283.564
308.809
239.149
243.187
251.237
270.596
310.232
253.939
293.673
270.432
280.983
318.921
286.225
324.692
282.183
305.841
277.5
258.296
315.379
240.665
259.81
279.999
289.145
283.959
370.294
282.98
304.702
271.33
274.698
261.67
266.156
324.075
257.676
284.278
280.583
249.209
278.343
285.587
250.268
300.802
264.568
257.866
281.327
287.911
311.971
321.995
261.945
290.838
285.772
254.83
297.578
306.756
304.727
309.513
297.901
291.993
247.629
311.47
316.994
230.143
318.219
289.588
310.115
308.776
308.332
286.674
266.636
247.193
300.596
241.692
285.325
286.814
307.731
287.606
224.413
285.453
289.884
281.17
273.304
318.734
257.502
313.08
245.738
320.892
296.943
251.92
284.12
276.597
297.23
310.624
288.135
207.038
286.688
286.914
264.338
358.484
283.814
288.626
320.315
286.757
318.797
265.871
290.608
319.703
287.937
263.228
315.198
279.612
266.798
304.205
297.809
279.776
301.503
267.849
273.53
283.421
277.882
211.482
272.402
312.577
252.877
281.848
287.618
286.667
212.954
280.106
305.494
290.471
347.484
281.783
236.405
320.02
267.665
288.101
276.14
311.942
286.673
308.488
273.892
281.027
305.707
287.7
338.492
214.342
281.805
261.303
247.182
260.635
356.153
291.178
291.738
275.201
279.145
313.993
296.81
259.026
283.016
299.591
325.598
270.997
295.391
268.041
252.396
339.531
241.347
275.125
339.181
313.057
333.167
288.082
311.412
249.808
280.587
276.052
301.655
331.349
224.576
306.393
267.612
228.73
268.14
256.317
296.388
316.18
287.625
276.011
275.28
251.58
304.476
242.181
268.614
307.061
268.722
270.114
292.776
275.856
265.43
337.39
317.407
307.981
278.677
277.573
236.347
266.319
301.594
268.586
343.981
276.465
292.467
355.073
289.543
310.656
322.69
289.366
258.884
264.916
294.533
319.379
236.885
279.566
240.04
238.356
326.059
314.448
258.377
293.022
337.074
249.5
233.648
284.374
328.819
306.034
260.346
315.83
282.825
296.565
212.74
241.856
239.869
272.262
267.22
277.892
375.002
347.796
295.169
294.865
255.398
298.759
255.846
288.251
245.006
320.499
275.917
253.454
240.258
270.865
252.607
297.262
274.125
277.2
326.258
252.241
276.25
302.766
254.464
277.827
232.364
269.591
266.1
262.585
301.864
302.753
273.128
248.544
261.402
321.22
293.245
273.17
223.245
262.373
310.269
283.854
270.574
292.643
266.809
290.599
286.839
311.276
287.616
322.496
235.46
298.431
267.78
250.859
295.564
301.001
301.178
270.482
294.412
266.01
237.995
291.322
335.993
335.624
287.683
334.62
243.016
264.54
274.989
305.144
335.264
304.188
370.094
290.923
290.52
294.041
294.117
308.634
256.662
275.514
282.804
284.539
310.529
306.301
290.827
275.325
299.116
279.997
360.585
254.915
271.421
285.814
257.792
261.404
268.775
336.466
293.446
286.423
299.503
288.367
278.642
228.855
316.149
281.388
219.526
292.212
306.364
316.418
309.486
304.232
238.776
282.77
302.983
290.144
299.681
311.248
315.069
310.584
304.341
298.011
296.82
320.579
230.132
228.673
324.739
301.401
282.88
294.704
322.378
335.478
263.285
316.808
260.96
273.547
325.654
272.096
272.355
236.482
279.824
283.228
310.748
230.155
292.91
281.854
284.111
218.658
288.155
279.784
259.567
275.594
285.61
311.092
264.762
334.982
331.298
241.014
284.77
252.617
276.561
287.987
333.906
211.977
309.862
264.744
289.797
264.635
287.942
301.227
352.973
265.893
264.673
299.999
255.97
317.779
316.22
301.349
286.166
260.636
334.253
290.574
306.101
304.391
270.975
290.077
289.172
228.379
284.826
279.141
308.724
221.701
210.632
268.903
290.909
273.846
314.052
280.865
274.998
271.476
313.44
309.661
294.536
302.908
235.382
273.487
231.546
360.663
294.237
308.15
333.918
228.503
331.304
277.225
268.751
322.325
260.618
292.767
302.507
264.745
331.174
331.185
256.029
201.038
317.508
339.881
271.131
276.205
340.357
281.46
266.08
343.686
277.791
325.839
241.198
275.598
302.538
317.164
271.273
276.78
325.854
269.348
254.756
263.302
312.217
304.883
281.096
328.771
253.874
219.567
286.149
287.83
302.106
274.164
287.576
253.081
300.788
288.378
285.777
302.085
253.012
263.826
261.359
301.487
275.801
301.476
245.626
321.471
399.949
292.611
285.927
331.9
264.122
236.336
257.421
261.658
219.735
232.631
337.023
218.919
340.897
247.88
353.209
316.057
252.588
337.088
288.998
260.872
342.324
268.471
307.872
273.725
356.11
281.063
281.054
227.565
310.442
334.051
362.241
256.233
235.285
346.487
256.477
278.611
279.392
284.73
257.4
253.887
294.356
268.954
281.539
323.132
272.403
311.902
309.624
247.911
266.923
262.062
290.486
293.442
362.314
257.07
220.04
260.251
322.465
282.794
292.781
266.066
252.497
290.461
324.863
330.753
266.041
280.879
333.245
290.582
258.58
259.674
290.901
290.393
303.864
234.743
274.985
278.627
304.217
266.341
316.972
248.902
258.299
351.433
238.384
231.159
279.425
292.742
284.111
268.233
238.154
292.761
330.693
282.681
286.435
310.126
336.456
297.919
291.864
276.156
269.958
374.228
300.625
319.65
304.96
289.324
240.141
241.858
312.789
327.59
293.719
305.849
263.135
325.351
290.4
217.384
297.507
331.476
307.407
316.575
259.959
327.025
262.881
286.063
264.183
280.108
291.26
337.047
247.599
287.834
278.905
261.556
280.061
243.537
328.059
287.918
315.101
251.637
323.561
259.722
314.794
290.826
292.408
275.461
271.794
250.025
352.025
301.382
334.381
261.222
279.621
264.846
268.843
259.686
299.562
279.918
252.305
325.55
337.086
304.056
349.286
278.201
291.647
308.65
297.197
323.609
305.252
285.903
242.426
255.152
253.972
367.432
340.788
297.69
258.287
270.385
317.967
366.857
280.528
274.33
277.394
270.51
258.03
318.133
346.673
283.689
248.746
304.452
258.818
311.998
256.053
268.195
313.232
265.736
270.424
295.61
246.564
242.217
305.285
280.544
312.646
264.078
281.276
281.959
306.147
323.055
260.006
317.254
274.061
307.83
307.727
338.499
300.869
274.3
296.245
288.633
288.098
218.408
298.978
306.374
305.566
245.812
265.493
274.659
231.26
316.942
305.434
296.739
374.276
282.02
254.55
297.824
305.389
338.415
236.037
266.702
308.087
230.489
326.462
238.614
278.805
308.86
349.096
288.135
260.514
282.466
272.355
308.17
236.073
262.068
276.15
304.173
298.41
284.938
252.058
236.611
284.795
297.89
256.724
300.424
261.292
237.812
285.213
291.455
287.974
304.708
267.893
308.835
302.319
239.067
329.868
279.519
274.642
305.455
276.847
245.335
325.48
296.421
329.856
335.923
286.984
257.528
306.682
275.827
246.263
255.637
304.382
275.915
285.268
220.162
261.153
274.141
321.829
256.907
287.098
318.406
259.85
265.538
308.05
319.948
315.655
269.57
257.474
326.743
303.131
270.693
275.687
315.272
263.148
288.923
304.806
312.036
326.094
311.162
302.171
280.826
317.815
256.028
347.847
338.373
312.247
292.07
281.593
294.205
313.518
303.786
272.085
269.627
357.013
310.097
341.794
279.015
273.363
229.417
280.663
297.258
305.692
350.651
317.597
277.091
281.156
349.443
302.328
279.048
273.508
259.391
289.731
231.335
246.866
309.214
298.446
253.691
280.583
313.127
265.451
264.52
311.239
257.686
345.676
276.368
330.28
324.605
307.595
310.826
277.862
283.798
308.978
320.638
283.787
280.638
313.22
280.914
298.89
263.322
287.594
282.111
273.226
288.649
269.242
306.263
310.54
268.477
302.737
236.947
257.696
284.957
298.041
247.359
251.664
304.879
319.581
280.965
372.473
295.591
252.947
300.075
255.611
266.388
266.701
301.76
281.062
266.106
322.531
293.947
291.98
322.86
321.559
282.671
242.96
265.198
285.377
308.931
339.278
252.986
312.805
317.78
319.435
315.383
274.195
312.191
286.674
290.472
273.594
282.263
271.229
275.766
251.319
279.049
250.752
349.526
298.883
293.159
350.533
296.229
258.692
241.944
310.08
276.442
248.933
317.061
288.63
296.08
309.123
290.058
268.29
347.872
299.297
281.509
281.967
314.971
308.592
322.119
261.927
273.911
274.522
278.803
214.359
293.776
301.723
330.649
282.037
339.85
246.899
250.426
285.096
326.119
217.347
301.411
246.772
360.031
219.105
323.585
270.523
291.691
297.454
266.894
251.297
306.703
297.755
272.848
214.978
249.817
265.169
243.186
267.667
280.678
234.333
247.415
296.109
215.31
254.595
291.387
263.235
292.372
305.355
239.298
261.202
271.146
336.369
301.47
280.283
307.049
268.44
279.671
271.375
281.342
269.169
262.24
268.723
287.197
200.569
309.614
272.609
293.699
250.812
297.224
285.117
261.641
259.417
300.6
318.643
283.914
274.225
292.498
265.401
249.111
280.995
249.883
312.329
295.989
256.522
337.162
277.61
271.681
232.956
279.706
298.029
279.238
254.326
259.396
310.04
296.798
273.803
290.145
290.054
227.399
317.096
287.361
298.202
265.112
301.675
265.859
298.687
270.654
351.092
269.041
272.913
339.589
277.799
277.373
239.893
308.623
296.391
304.545
237.765
268.197
236.683
256.794
280.48
249.595
307.575
274.453
315.273
301.797
240.606
279.846
284.12
278.506
280.787
315.813
258.047
345.454
292.87
297.328
225.599
300.072
326.353
300.2
293.479
277.158
265.889
276.906
311.64
253.944
318.207
353.504
334.741
297.972
217.444
306.089
312.449
288.874
307.809
322.063
299.34
277.08
272.106
248.413
292.241
230.625
294.373
297.251
294.165
298.491
264.477
298.108
324.482
313.28
304.129
283.447
270.209
257.472
304.642
293.083
273.513
340.725
293.669
259.983
282.956
210.284
321.041
275.545
312.082
317.898
317.822
316.459
278.144
268.069
324.289
296.589
315.732
268.018
255.503
292.54
259.643
317.22
292.395
289.788
227.463
339.148
310.652
310.756
265.278
295.517
317.548
258.669
306.596
320.992
390.67
276.175
288.789
218.303
274.664
294.002
292.257
254.957
314.631
260.844
294.888
290.682
359.47
263.457
274.233
253.774
258.358
299.596
279.866
336.022
263.488
258.825
320.329
260.963
268.085
340.13
305.491
286.266
267.942
285.975
314.386
249.454
279.768
285.129
236.804
259.058
257.181
274.433
316.583
275.561
286.105
261.93
321.962
254.527
322.169
281.501
268.127
299.695
290.826
311.84
299.82
276.923
260.285
258.216
247.864
265.126
310.77
311.937
330.793
286.878
243.025
264.552
280.967
263.646
286.615
250.643
255.982
276.64
250.326
292.153
289.367
267.521
257.839
259.705
297.188
265.831
281.996
322.005
236.594
249.585
275.89
258.472
253.592
316.908
261.998
267.923
289.629
268.329
284.604
290.051
293.933
274.107
296.888
283.683
292.944
292.496
336.823
329.742
316.405
259.499
290.872
245.862
286.248
284.947
301.666
274.998
281.936
246.548
257.492
252.984
251.562
272.624
250.393
266.849
239.886
303.175
384.127
301.375
252.792
298.81
230.183
260.911
303.043
273.708
235.004
289.498
220.753
279.699
305.209
257.568
288.712
286.867
251.875
313.536
274.749
313.74
302.009
322.566
263.996
349.059
252.981
272.556
258.587
279.344
280.185
283.081
377.112
286.065
279.314
268.315
240.378
288.161
314.75
292.54
331.726
271.237
281.851
323.899
272.642
227.933
329.865
296.258
273.477
305.817
265.639
354.934
306.143
364.941
232.801
270.928
291.378
308.041
310.361
276.926
293.496
349.49
239.835
260.647
239.843
214.543
230.818
271.139
304.671
289.826
283.496
282.184
242.589
274.832
276.507
271.2
299.907
268.828
228.615
308.076
284.358
314.092
251.25
304.578
300.032
343.366
257.632
272
301.25
268.09
312.323
275.55
293.845
272.784
255.446
291.786
343.714
298.864
277.518
302.227
233.359
323.577
286.274
323.703
292.905
315.377
284.054
283.367
325.328
254.969
299.602
257.181
258.088
308.049
263.545
271.849
230.701
291.868
290.288
337.657
294.987
268.772
283.11
307.918
296.464
261.597
224.715
317.484
279.199
339.682
277.213
267.946
188.18
258.371
322.931
312.249
309.838
306.366
342.589
272.414
283.76
326.979
258.074
276.726
281.344
264.432
303.879
286.833
329.524
314.265
252.19
263.15
270.963
290.675
345.512
226.005
254.69
266.919
290.726
302.756
247.474
265.682
243.551
306.224
267.446
269.592
241.062
288.434
309.062
277.379
303.475
262.708
242.249
270.757
288.845
312.454
242.305
284.016
300.623
258.919
335.987
250.456
283.267
269.3
337.585
235.453
280.413
312.291
271.168
269.945
288.055
305.236
311.963
244.448
289.486
300.212
283.998
285.245
299.341
321.585
229.948
277.062
243.846
321.426
291.202
230.024
320.595
292.15
326.88
255.347
275.132
254.891
316.311
286.78
297.715
261.218
274.695
348.989
257.552
281.196
279.806
271.641
243.465
353.882
267.869
249.742
264.79
320.83
265.538
227.205
253.422
311.042
266.687
291.121
241.095
287.538
261.097
271.904
278.766
325.37
251.092
321.046
254.027
231.208
297.653
306.216
297.094
280.097
319.281
227.653
233.388
235.526
305.305
293.631
281.134
292.618
267.804
267.739
272.927
233.811
258.364
303.702
288.425
243.882
218.384
263.172
330.957
350.746
274.903
287.63
300.806
263.173
292.337
289.8
273.768
308.049
237.053
263.903
331.627
270.906
285.418
240.743
291.289
316.609
264.764
286.201
339.625
307.084
305.194
244.121
274.04
270.581
304.565
261.342
292.726
344.477
302.497
284.44
252.97
284.8
252.667
296.93
274.566
304.644
276.178
343.247
256.949
254.538
303.618
303.717
281.871
296.469
313.509
303.002
335.056
263.227
299.767
298.569
277.702
265.6
270.242
293.923
240.133
233.177
279.451
326.504
294.045
247.571
315.335
291.599
277.335
274.122
311.906
357.102
308.744
285.739
271.232
348.012
309.611
269.444
304.407
297.949
278.903
236.671
329.296
297.051
274.015
272.901
241.576
272.663
320.424
330.734
308.046
279.583
323.595
263.028
231.315
242.537
240.862
276.072
291.651
283.405
315.101
304.264
314.925
299.471
278.157
228.583
314.743
299.475
292.677
292.771
317.123
276.775
281.749
299.209
308.146
281.519
251.272
301.032
309.229
295.065
260.527
290.564
331.546
315.307
261.697
277.813
218.885
282.098
262.671
278.65
326.899
317.812
290.572
259.073
230.455
242.065
319.851
299.165
259.236
256.237
251.928
281.478
273.63
257.379
239.106
265.849
296.509
349.548
302.031
275.847
306.666
282.794
284.92
319.032
265.205
250.561
241.51
284.774
256.808
268.481
266.822
256.649
250.415
301.87
256.964
294.841
315.116
278.607
256.005
227.646
291.218
321.956
288.801
252.539
277.32
242.536
268.924
281.344
336.817
251.904
275.234
280.146
279.984
288.298
284.52
251.74
268.905
273.572
316.775
328.904
284.508
224.811
242.051
227.077
263.512
289.76
277.339
311.497
344.17
278.113
342.469
259.16
293.631
268.59
334.199
315.675
316.733
335.181
287.318
280.156
278.374
253.112
216.79
326.663
351.841
295.246
265.469
296.248
285.451
334.586
300.996
278.741
312.875
257.462
269.481
282.179
244.954
305.65
346.764
306.548
272.883
306.003
276.394
306.276
337.226
276.35
256.336
292.914
279.821
309.973
267.981
264.566
258.05
275.974
290.109
234.519
266.72
275.607
282.743
313.204
250.595
274.627
300.621
244.042
274.06
412.414
231.468
274.543
279.069
298.62
271.675
305.358
247.348
284.981
334.747
295.573
362.856
262.172
329.896
295.086
278.558
264.774
270.062
253.366
302.225
301.785
302.807
287.435
286.068
310.075
349.04
262.542
342.995
316.013
301.855
320.879
250.11
257.101
296.13
284.502
234.511
298.048
318.995
267.718
310.103
267.079
294.841
229.599
285.794
332.457
314.763
284.305
283.424
279.968
335.236
336.255
273.498
318.092
264.173
296.282
325.687
273.112
281.928
260.916
277.147
248.951
223.673
276.732
346.4
255.245
252.564
268.928
255.959
355.763
308.573
313.899
277.196
335.233
305.484
268.922
294.575
280.978
302.545
262.231
288.687
264.247
270.343
311.375
258.617
258.644
297.279
355.869
265.794
284.63
285.804
240.104
261.199
287.017
283.292
301.532
319.533
299.17
280.056
249.424
296.242
352.386
246.376
292.672
251.535
331.479
260.205
280.236
262.617
269.216
239.937
278.958
221.999
245.662
249.55
258.714
260.644
315.846
251.937
328.77
250.086
306.243
273.885
313.045
254.147
258.986
330.568
324.701
306.399
268.174
281.242
296.831
331.5
286.002
293.177
284.978
324.773
262.714
266.274
240.219
334.085
297.659
286.875
276.34
342.771
293.612
280.949
256.852
267.979
299.473
255.28
307.561
258.314
249.214
278.097
257.948
274.862
275.552
313.347
278.273
239.231
253.734
306.988
280.945
321.803
272.34
265.892
257.133
278.345
263.103
303.194
300.365
267.275
301.504
303.411
249.654
250.585
325.511
272.479
279.618
291.957
252.319
340.102
328.121
306.56
329.708
276.243
256.377
321.789
288.391
307.081
290.461
277.387
336.114
305.877
270.642
270.291
232.608
319.669
240.133
340.466
256.051
240.734
266.145
264.074
353.189
277.388
282.138
233.163
298.311
276.632
267.061
327.885
327.325
231.012
277.27
241.075
328.924
308.647
294.714
288.76
346.038
285.559
246.632
280.948
266.275
358.518
225.468
300.762
273.841
275.675
272.892
314.458
338.053
220.792
298.593
300.76
248.579
261.898
283.232
244.438
364.928
284.374
256.45
298.574
290.472
288.606
332.509
289.925
302.322
266.16
330.592
332.497
255.52
322.298
262.453
268.378
331.849
291.287
356.795
257.97
210.621
262.595
278.709
259.349
255.496
334.147
257.918
305.43
234.211
331.494
277.394
274.77
251.557
254.133
263.389
275.961
395.417
291.859
244.162
288.003
356.526
265.553
284.953
353.16
300.701
290.765
303.852
285.665
312.157
306.125
253.282
328.672
230.011
329.972
305.038
230.717
314.502
295.034
330.655
250.666
282.943
261.748
325.714
277.748
321.371
225.399
323.256
253.688
253.679
262.304
275.363
321.743
306.337
298.093
294.202
251.183
278.781
263.06
267.306
326.773
261.014
288.837
280.821
340.487
296.306
286.425
291.864
307.712
329.401
310.348
277.509
318.292
262.477
309.853
276.946
285.813
274.647
336.428
311.144
325.77
330.507
265.998
307.358
248.931
220.192
268.657
284.371
281.478
297.806
348.353
229.773
328.917
276.121
292.182
322.102
287.665
277.857
214.022
271.1
241.538
316.244
297.646
306.372
342.228
283.359
253.509
229.616
261.78
281.744
253.324
297.639
300.452
296.796
263.54
265.649
314.557
292.753
250.784
269.875
272.052
281.858
280.693
251.452
256.113
280.518
304.116
277.655
272.464
245.5
234.902
329.571
296.394
298.814
271.079
242.618
299.452
291.816
269.041
299.21
302.588
337.579
271.671
280.327
313.331
270.211
301.369
305.664
250.258
341.5
294.389
247.519
269.056
333.871
349.599
268.436
266.765
252.302
311.044
276.731
273.583
244.549
258.133
296.706
381.978
260.052
230.159
274.804
326.794
284.303
305.206
227.147
251.04
305.964
255.348
288.523
305.197
241.95
278.986
312.958
264.889
272.659
283.757
319.469
290.43
358.167
250.081
291.945
266.43
262.12
298.629
285.317
226.971
274.297
253.529
347.715
263.128
283.137
235.606
320.492
326.187
286.289
262.663
320.552
288.058
245.463
290.319
267.911
320.547
264.04
256.449
273.265
297.762
241.691
300.416
277.152
283.844
299.473
271.439
260.562
242.407
291.359
314.084
259.961
294.058
290.638
265.363
234.478
237.199
345.859
248.985
285.822
250.072
317.394
268.929
287.639
298.686
293.387
261.635
276.439
319.253
276.149
257.479
277.011
260.253
290.129
318.738
328.328
297.604
274.353
350.657
311.05
263.364
273.058
312.562
255.742
272.672
249.821
321.687
334.39
308.214
271.036
273.186
288.215
308.222
267.878
265.343
287.279
251.067
270.292
310.383
272.639
277.912
302.727
312.106
184.049
331.525
225.562
264.945
288.843
260.591
290.153
333.04
329.375
302.476
307.54
308.225
253.785
280.598
243.286
321.701
319.588
270.58
289.739
252.681
247.664
333.608
329.378
344.361
313.895
267.712
264.56
323.743
348.357
289.501
287.393
234.393
320.172
292.558
295.805
280.927
268.182
283.929
330.489
283.282
271.724
273.79
256.859
253.053
262.596
306.54
356.081
284.185
299.559
315.402
290.717
273.564
298.672
271.675
240.626
249.208
247.239
230.507
257.705
312.586
275.352
305.358
232.991
317.219
281.248
295.203
277.776
340.265
296.423
312.962
219.909
251.227
258.431
302.419
246.453
306.102
269.12
299.202
309.558
282.268
285.672
256.072
314.589
196.304
258.935
311.542
294.009
241.991
264.504
278.24
298.783
233.978
298.711
312.376
333.785
286.603
258.245
244.76
286.961
327.555
286.662
329.235
302.969
281.969
312.469
328.791
256.37
234.868
314.726
276.285
265.055
285.703
276.281
291.102
272.784
239.636
333.349
281.617
264.197
414.838
247.14
294.38
298.97
249.512
274.408
300.612
280.412
304.585
290.564
334.078
293.237
310.982
269.406
286.874
315.747
304.792
283.275
282.783
319.115
339.428
304.976
310.384
274.408
312.227
300.017
288.295
282.249
347.637
310.563
254.157
258.332
287.144
287.257
296.236
302.587
290.447
302.683
257.38
289.781
262.437
296.077
279.844
255.638
309.346
248.057
270.349
337.192
305.019
310.998
264.23
310.273
303.617
274.695
280.131
301.397
249.307
341.94
269.518
300.627
293.26
288.631
284.555
311.551
304.832
263.845
247.218
255.402
299.076
219.904
300.541
304.752
311.445
298.954
356.113
288.499
218.483
293.117
267.644
232.102
269.953
272.219
277.419
309.334
287.542
319.126
262.661
280.08
263.571
334.846
315.394
317.76
270.356
269.16
288.691
305.384
298.394
247.889
250.151
308.314
239.659
294.548
254.125
280.552
342.254
249.02
279.318
335.418
291.202
273.33
255.375
266.106
259.628
322.568
282.407
285.159
317.623
263.14
273.41
278.455
285.516
290.602
340.823
353.457
291.538
267.352
264.682
314.56
267.002
298.113
257.786
302.545
302.679
277.641
266.26
276.686
330.898
293.16
257.657
319.978
287.441
322.269
380.936
282.258
328.82
328.762
252.832
283.319
222.591
289.144
257.381
307.566
288.923
240.41
286.872
289.582
288.673
255.213
299.767
260.79
265.92
233.281
325.061
284.324
278.383
274.383
267.974
351.001
266.543
325.339
360.819
233.005
303.531
262.877
249.279
272.45
280.854
269.007
322.215
324.451
315.784
290.423
238.557
273.919
307.094
290.585
241.523
237.852
287.491
267.025
213.818
272.621
293.819
270.119
341.721
222.061
240.349
260.108
353.912
238.405
238.521
243.348
271.081
254.813
261.857
306.102
258.277
277.885
274.473
291.322
276.999
322.791
292.567
334.534
325.837
276.246
290.744
252.454
306.371
293.551
293.243
299.898
306.235
241.13
277.853
259.663
249.816
264.347
281.726
301.017
282.378
279.455
284.995
280.833
279.802
297.735
200.661
352.775
248.326
279.129
280.298
259.064
341.275
291.363
239.193
309.313
284.681
231.743
227.337
322.018
330.376
294.813
324.69
261.892
269.885
298.6
311.323
289.782
298.877
299.765
312.669
237.6
301.626
301.524
264.136
303.16
356.64
326.775
276.106
284.315
237.817
255.311
242.947
298.034
270.88
273.482
267.698
308.767
265.324
266.846
261.921
242.483
300.61
294.905
247.643
266.998
315.559
297.207
311.397
286.713
275.114
327.468
259.598
310.798
247.863
243.625
251.378
322.93
286.686
229.767
296.719
298.208
234.988
251.597
311.812
307.472
269.61
265.704
310.84
340.148
268.779
242.194
252.783
290.908
289.001
343.224
290.16
314.853
320.146
240.68
267.973
289.672
302.621
337.167
283.348
281.177
265.392
325.462
275.349
275.347
265.185
310.864
346.592
335.158
324.932
284.468
371.121
284.164
252.758
312.733
294.682
332.435
254.401
276.661
324.938
291.094
299.399
327.146
229.124
299.799
289.369
283.782
282.316
280.67
310.994
328.557
223.671
331.661
262.764
267.272
291.186
256.772
320.481
295.312
233.808
271.628
295.991
298.377
301.965
292.901
273.575
251.888
332.595
299.209
260.64
337.841
289.545
326.658
273.679
292.707
278.976
258.936
283.03
252.508
279.393
310.025
369.521
269.555
339.561
283.114
264.117
240.763
316.005
267.873
300.931
248.018
242.702
326.84
323.056
311.437
286.795
238.377
273.302
250.867
279.499
244.45
301.899
339.05
207.244
285.214
316.791
283.376
305.711
256.89
310.102
230.963
304.956
279.879
262.302
262.42
311.827
297.924
273.704
215.743
309.747
280.345
291.487
263.132
308.453
254.046
299.699
245.318
271.664
240.793
281.81
281.449
302.603
255.389
334.172
343.699
277.306
323.504
372.292
258.562
229.245
308.791
321.629
242.495
315.372
291.386
246.431
291.352
302.196
250.199
265.89
280.058
285.082
331.544
349.609
341.004
281.098
332.253
302.056
269.146
327.264
296.342
229.209
256.72
294.481
254.552
280.044
271.045
297.226
286.057
287.327
286.619
258.523
277.202
274.624
205.818
299.403
238.351
313.869
238.303
235.929
278.114
245.426
294.669
240.894
262.133
235.287
339.511
276.876
282.357
281.297
236.511
272.438
304.809
269.664
325.952
305.504
270.387
292.084
312.948
210.163
222.474
287.589
270.69
293.738
306.781
299.605
256.081
261.526
273.574
343.252
282.822
315.115
283.117
296.798
327.248
320.279
305.03
252.289
290.625
267.556
255.577
295.294
261.665
283.082
276.4
287.523
315.883
288.23
292.138
350.575
240.214
325.332
307.69
237.289
270.081
371.67
309.936
263.734
248.913
300.306
297.59
283.791
275.38
256.307
317.501
297.798
291.031
314.472
255.768
286.714
266.43
366.264
292.931
317.649
274.92
255.436
336.863
281.095
267.036
266.468
307.102
257.462
309.114
308.601
322.736
321.895
357.996
311.698
323.8
290.692
292.262
287.012
271.305
294.107
280.741
309.467
273.521
276.291
272.509
309.796
227.506
284.33
260.318
323.807
296.142
268.439
366.732
298.155
284.206
241.621
314.411
250.255
249.053
308.134
241.456
308.764
333.941
230.469
221.772
326.099
354.6
280.535
306.149
264.54
375.809
251.527
285.715
282.598
264.758
264.712
314.681
338.233
288.883
280.489
280.919
331.484
259.518
296.143
274.72
308.375
293.079
261.07
281.994
261.395
311.273
273.493
234.59
255.2
226.764
244.933
261.682
276.633
245.55
267.292
273.723
324.675
269.654
312.685
277.333
368.884
292.374
275.794
292.666
253.598
237.876
286.841
282.552
277.742
285.465
275.099
281.454
282.52
295.772
255.039
273.764
261.65
292.931
309.138
314.667
260.338
296.546
267.945
287.929
295.005
272.661
236
273.067
308.201
282.464
280.125
358.298
266.112
246.993
317.62
274.074
298.323
289.072
250.061
320.563
326.101
295.29
271.062
295.319
273.165
255.938
314.781
278.485
287.189
339.342
291.54
268.936
262.624
333.558
282.494
273.641
280.666
290.009
319.423
302.789
276.106
310.16
299.495
328.419
275.051
292.988
255.744
280.806
281.311
319.859
299.893
292.681
235.458
299.079
354.978
292.94
289.219
275.626
260.658
269.825
285.521
283.075
313.067
264.753
355.134
276.242
285.303
295.259
278.982
289.816
293.913
274.37
349.807
298.226
280.902
317.623
290.708
291.343
244.286
295.275
310.187
349.287
230.391
281.927
297.077
317.16
289.184
321.147
323.19
285.324
289.267
272.839
272.271
300.468
306.889
327.814
245.501
233.255
312.987
320.482
309.813
318.896
298.971
303.534
293.921
288.464
291.322
291.624
293.306
324.253
298.113
280.958
282.049
268.174
256.97
280.876
304.626
271.103
264.589
268.428
346.855
293.919
310.143
282.154
286.176
359.361
242.948
320.251
273.846
237.729
288.82
280.92
247.441
237.205
295.433
243.693
336.639
222.328
284.11
196.177
297.969
272.43
255.307
322.362
300.624
294.602
219.406
291.655
237.404
265.811
340.923
261.125
282.007
291.97
234.079
251.671
280.152
305.826
286.093
261.602
323.508
261.325
271.947
291.383
305.061
231.892
254.668
256.85
349.201
255.517
328.501
283.831
236.804
287.09
323.619
275.71
335.94
303.649
273.358
306.939
266.366
255.215
334.664
315.504
242.738
284.838
295.298
301.961
280.167
332.857
314.137
249.398
279.611
309.18
319.517
219.977
276.972
245.166
312.97
320.253
305.033
302.806
314.014
301.876
305.62
311.803
251.871
293.337
321.298
271.886
318.471
263.324
272.691
197.384
344.92
261.278
242.964
248.28
255.582
277.323
282.01
280.352
333.577
313.184
311.608
341.325
279.899
316.381
331.201
253.836
350.325
267.625
332.063
229.761
338.987
307.411
287.045
344.447
312.897
270.617
287.538
293.639
243.288
294.437
251.157
295.443
272.919
229.738
348.666
356.095
306.248
285.981
314.483
284.496
232.186
290.924
250.243
315.324
340.828
287.927
315.477
304.648
297.344
276.928
282.807
268.104
307.296
250.505
236.003
339.365
291.363
213.879
286.264
259.769
294.299
270.892
281.206
280.213
274.722
295.413
275.286
334.274
357.709
360.972
297.78
269.343
304.908
286.159
262.921
321.482
276.204
300.324
292.406
302.599
289.332
267.494
302.876
340.907
265.578
264.989
305.51
264.205
287.044
258.783
238.684
275.978
287.594
296.499
311.951
278.701
275.114
315.212
318.832
356.082
260.18
259.515
305.991
289.069
290.417
352.302
256.683
284.388
259.019
300.171
294.858
246.037
290.834
351.862
271.963
267.928
220.561
323.802
297.117
272.042
287.162
314.703
315.835
280.469
270.374
304.361
282.863
277.766
287.353
272.527
266.007
303.226
287.216
266.734
246.47
311.558
254.237
262.336
313.287
352.645
262.934
257.479
279.564
309.005
297.203
277.994
240.272
251.656
273.447
216.813
260.934
237.577
234.434
304.901
304.982
283.226
265.096
267.333
314.965
215.355
240.068
344.742
273.122
249.407
359.961
268.25
265.815
260.74
322.775
258.906
300.001
323.616
265.981
321.244
297.978
234.81
236.572
282.101
290.394
264.735
212.904
295.326
293.122
289.22
310.088
267.456
338.473
316.314
316.548
288.74
254.449
241.816
288.814
286.034
286.431
279.892
227.738
292.269
279.885
291.958
252.874
289.694
273.331
328.095
297.059
283.159
322.986
259.372
278.951
237.196
261.532
319.22
288.785
271.305
268.387
311.876
281.767
338.167
294.775
280.952
201.373
228.355
339.854
285.703
312.888
326.101
271.995
271.5
270.128
277.192
252.997
292.814
243.186
283.769
288.462
240.986
237.651
258.089
326.378
291.112
231.823
321.515
264.284
292.776
304.709
263.947
264.793
263.694
250.244
265.456
325.386
266.1
227.401
265.94
244.358
272.67
276.547
262.946
316.577
233.964
202.777
252.536
249.884
226.619
258.824
301.456
251.894
263.443
279.538
270.867
285.113
240.709
286.096
310.387
338.268
316.996
249.671
232.489
228.302
281.804
265.27
294.218
305.007
309.918
247.738
275.521
315.485
332.168
285.627
279.888
341.439
276.805
286.99
307.497
273.221
233.084
259.459
289.966
274.553
299.409
251.686
328.696
295.383
278.024
262.413
313.643
299.903
289.022
290.188
331.218
278.966
242.406
294.322
348.983
256.63
266.501
334.399
298.425
312.113
260.314
258.404
305.154
250.706
296.758
358.126
258.574
311.056
286.176
302.081
302.52
279.779
223.211
291.182
232.579
291.211
342.377
291.074
311.785
326.429
300.992
244.708
253.822
329.818
252.353
305.226
283.957
309.631
254.191
256.754
291.269
282.71
339.21
261.841
319.673
269.75
241.047
305.472
260.021
335.47
243.394
243.167
302.574
301.368
268.084
277.513
282.443
266.566
239.816
245.878
310.961
283.398
275.789
223.129
273.164
300.235
296.314
285.238
312.501
334.193
280.654
308.013
333.342
300.45
318.171
316.908
262.433
334.052
247.37
305.938
292.519
268.416
358.505
333.867
254.777
269.19
298.24
292.153
352.739
289.176
306.003
282.332
328.073
326.685
285.092
316.231
295.968
290.356
327.709
335.189
305.613
267.735
251.088
313.367
269.543
297.452
323.845
301.585
301.941
247.357
286.416
255.649
290.552
311.495
232.784
315.23
275.093
290.357
254.626
290.521
296.282
258.739
282.133
303.482
312.073
305.518
307.999
241.577
274.624
298.894
331.707
228.756
313.714
288.163
323.136
251.911
304.284
319.247
308.034
312.371
333.681
300.656
264.397
260.188
247.895
261.618
289.002
254.43
261.591
327.968
276.301
275.591
236.807
256.864
297.306
275.237
276.824
266.8
244.416
261.275
298.789
331.202
223.901
276.237
265.351
281.795
254.077
318.799
264.995
261.704
270.593
286.379
237.843
270.565
262.359
261.193
272.878
285.153
307.5
289.412
311.686
266.679
252.995
260.315
283.367
240.826
256.687
288.054
241.134
264.634
252.251
281.774
243.621
309.976
287.636
272.588
262.285
291.962
338.06
241.769
260.848
280.015
277.311
272.946
258.007
266.621
345.016
281.192
254.356
261.173
278.631
296.172
283.31
274.898
224.561
285.497
255.329
304.878
312.758
286.797
314.434
274.435
290.571
302.308
253.59
338.248
284.666
311.909
230.721
295.83
327.396
291.17
264.784
284.881
338.443
290.59
254.466
284.863
255.097
274.677
256.707
247.367
286.749
273.582
302.71
262.164
270.228
239.104
309.492
293.369
250.226
276.098
243.554
300.405
247.258
282.706
341.639
314.577
287.141
303.073
297.76
270.646
274.147
280.383
324.101
265.74
311.905
234.855
274.848
306.886
263.735
279.444
309.84
245.16
329.024
300.177
323.514
238.866
288.935
253.838
282.853
315.613
267.066
254.435
282.394
291.963
292.545
230.609
279.697
263.434
248.078
332.196
261.687
307.275
310.979
291.232
274.41
312.048
264.535
267.954
275.841
290.193
281.278
289.329
279.282
264.123
303.233
312.306
307.267
245.948
237.117
313.782
385.61
242.373
273.295
245.342
297.871
272.591
324.565
317.944
257.74
289.057
281.706
255.761
354.113
226.245
278.871
283.911
268.651
266.59
313.64
236.141
276.031
234.589
279.463
254.814
285.322
253.255
311.828
311.635
265.086
289.157
276.777
294.01
267.342
319.113
331.51
278.491
325.8
316.52
264.03
285.771
340.081
292.097
241.324
263.233
276.685
276.091
375.975
280.866
290.219
260.996
259.163
337.426
246.265
269.991
368.956
309.591
221.524
273.401
278.92
264.713
307.129
283.086
221.978
264.32
259.823
250.299
252.319
286.022
310.334
255.669
299.96
323.138
316.759
302.738
281.669
266.674
269.578
301.521
284.402
264.652
253.105
208.134
295.481
228.709
291.528
264.04
274.73
264.025
271.516
287.002
294.752
287.04
263.796
284.265
248.286
347.809
344.737
232.428
254.52
273.597
298.737
306.205
230.308
256.823
327.393
263.7
258.057
336.25
324.077
267.29
297.547
220.569
279.686
295.961
228.575
230.551
296.777
290.806
278.475
283.511
293.867
289.109
290.744
278.339
257.584
248.789
256.514
304.856
313.381
303.17
307.028
274.704
298.073
280.605
303.531
284.708
350.524
256.537
314.816
266.258
264.387
319.848
281.794
227.324
309.425
311.322
292.356
279.44
354.697
277.052
248.827
389.449
273.897
285.884
300.457
277.833
283.052
263.798
264.862
272.357
277.106
253.706
304.304
283.299
285.579
245.98
288.454
306.563
329.624
308.181
292.428
220.885
277.496
333.555
249.465
321.826
324.668
249.17
292.036
257.143
328.246
279.169
341.333
325.03
286.926
347.442
293.967
304.232
297.689
290.523
311.626
212.289
327.515
309.09
262.447
345.564
313.647
362.664
287.204
253.107
231.524
255.678
278.829
293.6
346.74
243.583
281.83
287.637
314.849
269.561
270.876
306.436
232.078
302.881
280.325
312.752
314.862
233.732
243.081
271.556
248.424
232.794
263.087
293.099
300.847
236.146
258.583
283.966
277.767
307.422
263.944
293.101
315.815
263.417
252.968
276.93
286.696
355.973
252.12
311.187
319.903
264.778
233.927
293.324
299.682
320.34
315.706
307.195
279.303
285.385
246.764
275.972
309.323
259.838
254.338
246.456
298.453
304.652
263.495
291.008
312.466
229.458
241.847
325.283
304.977
332.935
268.313
261.317
276.808
280.2
283.775
312.552
260.751
282.861
263.233
234.159
273.829
317.954
262.19
282.307
291.535
331.471
292.677
339.016
271.804
309.543
299.904
317.58
341.485
284.338
279.768
310.684
277.584
216.354
270.949
332.447
280.684
278.613
248.109
299.891
272.843
296.536
321.341
258.821
287.616
237.849
269.574
292.775
251.411
308.655
265.627
248.574
282.155
237.518
251.891
280.795
261.63
312.44
305.963
318.495
287.395
306.637
284.641
318.116
264.869
298.128
291.829
312.566
265.761
262.965
309.551
312.969
322.44
388.923
277.539
259.766
298.375
270.754
300.156
234.065
302.848
313.964
237.517
342.577
331.35
330.556
317.173
323.961
331.497
298.019
244.945
282.146
305.155
284.865
282.347
231.647
324.244
262.092
298.563
292.55
326.658
317.694
283.298
314.097
291.517
304.339
315.066
276.539
272.506
306.473
312.064
326.524
230.199
310.253
259.406
318.143
284.868
269.145
356.531
338.958
282.911
255.556
225.879
237.841
294.248
300.938
300.953
363.815
341.041
327.888
269.389
288.662
265.502
346.767
271.352
246.724
210.346
284.324
299.357
247.687
257.406
240.1
286.796
272.23
292.307
272.77
227.532
285.224
296.494
306.805
311.235
331.809
270.674
231.541
326.734
342.329
269.822
285.201
296.257
338.224
250.519
276.898
228.184
299.687
306.793
332.911
293.039
279.891
265.872
258.624
321.539
239.522
306.61
355.417
304.198
254.301
287.991
254.24
262.949
258.621
265.499
384.138
276.054
329.655
316.939
302.464
283.524
250.266
232.836
290.97
274.788
257.265
294.674
261.539
325.639
316.706
298.994
264.01
284.216
293.04
255.418
285.916
251.399
339.609
275.567
309.449
337.833
274.39
301.668
266.299
248.282
233.705
337.134
244.352
284.822
239.454
273.682
282.967
236.215
263.612
274.956
267.526
297.646
307.498
297.24
279.997
277.193
275.818
325.456
235.899
305.598
324.622
236.057
315.618
266.456
303.899
272.558
298.389
305.639
256.063
269.761
280.207
345.829
286.416
273.884
260.44
302.33
269.998
368.269
280.759
275.901
299.829
319.411
288.311
292.637
257.995
270.181
313.939
277.599
342.617
288.803
280.467
370.744
287.243
286.859
242.243
298.388
324.964
252.524
305.644
303.674
316.557
267.63
253.58
247.68
288.673
339.351
311.27
325.218
291.226
301.069
294.007
284.077
238.226
285.377
275.688
267.989
265.316
296.376
274.43
284.87
255.013
264.936
314.165
289.996
324.906
253.983
282.394
296.653
249.055
299.506
287.335
282.904
326.275
327.603
338.683
323.8
291.778
281.28
314.924
293.92
277.649
271.428
286.806
287.494
273.042
229.727
317.762
342.081
307.467
310.926
265.446
233.186
293.536
259.05
247.291
283.253
323.522
303.187
356.666
284.476
289.007
306.297
316.664
282.634
278.844
298.92
235.637
271.128
269.323
277.412
276.456
247.454
309.868
257.207
317.892
289.177
277.9
287.945
266.806
300.278
279.557
304.14
343.966
330.557
198.792
341.034
310.707
321.764
314.53
284.529
281.079
292.738
250.137
268.916
265.846
315.726
313.402
258.356
338.659
262.809
253.468
341.944
309.311
289.954
250.052
323.833
265.722
244.292
324.033
263.507
267.427
232.184
338.107
308.877
309.189
244.273
287.554
279.617
260.184
304.8
225.171
302.477
334.718
260.519
292.104
278.984
280.354
294.278
307.273
313.213
368.148
285.88
273.827
280.265
280.207
326.853
299.7
303.489
259.299
293.278
280.308
311.371
296.439
320.592
310.468
269.433
278.404
324.452
269.203
338.5
296.365
267.38
285.473
278.971
247.714
336.821
263.513
275.242
314.088
253.528
298.827
265.252
266.758
294.892
349.358
317.765
259.902
294.53
262.396
278.817
297.479
253.454
260.247
250.55
295.492
284.213
294.548
263.368
261.244
337.891
255.348
269.491
267.32
279.262
290.514
298.591
346.119
261.598
348.136
270.123
311.673
293.949
255.52
290.033
316.326
258.135
294.126
285.215
255.838
295.928
299.065
317.534
259.688
258.437
284.523
242.413
298.558
283.058
303.934
305.381
307.612
262.777
291.845
305.993
264.258
272.7
280.899
312.996
320.273
320.615
274.646
229.258
258.137
271.716
307.574
292.251
253.506
310.706
296.498
274.944
261.658
258.703
274.674
291.161
263.526
306.546
288.958
281.043
261.735
255.389
296.604
252.061
251.824
313.269
327.233
250.799
289.344
341.248
335.129
328.34
229.607
313.699
277.082
319.835
245.928
313.499
301.23
209.853
242.024
258.863
269.149
246.107
251.848
339.481
321.802
267.199
281.259
310.15
279.118
279.923
236.86
267.775
319.431
259.079
304.622
320.47
273.639
272.829
284.149
259.034
275.653
314.39
234.964
254.182
306.17
282.236
273.462
294.112
282.663
279.339
239.148
303.378
236.411
254.391
276.529
276.576
284.006
258.292
299.218
258.001
292.948
324.737
278.538
301.296
290.31
263.381
326.511
285.183
283.819
313.469
259.334
290.505
283.487
302.727
220.931
295.739
333.355
300.665
227.885
264.433
270.963
298.712
267.857
295.21
286.807
299.635
326.168
265.378
330.105
274.887
299.186
310.841
338.125
273.638
311.556
321.275
264.2
278.822
311.948
282.228
338.953
313.769
273.371
283.529
302.876
325.153
296.956
311.976
256.026
224.204
293.022
272.963
285.991
346.369
301.412
322.204
270.022
257.143
292.218
271.667
277.776
316.749
255.947
302.933
291.655
372.932
273.988
285.693
306.139
311.014
231.505
284.503
261.73
291.303
283.083
304.391
294.93
289.418
305.788
270.735
296.985
312.867
317.772
301.313
277.967
290.12
300.402
287.086
266.667
319.221
219.982
290.384
282.193
272.999
273.853
285.058
302.824
337.163
284.599
297.052
257.737
287.715
254.405
346.729
290.252
333.307
281.593
279.425
324.53
291.709
259.687
228.33
298.251
261.91
346.081
204.581
241.919
305.979
274.699
270.048
307.789
226.495
312.6
321.868
287.089
282.635
264.247
292.131
275.032
318.243
270.456
325.433
339.493
278.226
277.811
297.415
245.958
315.932
292
298.611
279.482
315.774
258.713
263.842
280.366
358.214
333.658
307.848
308.314
303.235
299.457
252.243
273.081
302.483
333.846
299.882
290.349
288.089
336.406
305.075
255.75
331.905
222.109
298.326
307.749
317.428
282.336
299.711
277.777
332.398
285.432
267.102
316.214
276.935
355.588
304.128
307.495
333.645
206.722
288.641
310.377
271.47
279.079
282.187
303.17
337.089
311.612
313.534
298.705
239.928
272.35
268.994
284.51
308.559
201.544
247.997
298.784
296.42
315.885
310.234
257.365
313.337
259.616
298.528
322.921
291.026
322.365
308.132
287.554
309.9
351.466
284.545
308.803
267.323
329.15
276.625
276.645
239.01
291.217
313.436
334.092
238.983
274.266
274.005
265.735
339.886
298.33
313.225
283.556
308.045
268.809
274.891
296.334
282.128
265.118
306.656
275.2
322.897
276.719
278.916
302.36
331.387
322.908
298.624
288.072
320.581
270.448
279.318
285.845
312.382
277.413
230.559
316.868
290.771
239.98
283.869
292.416
329.858
265.285
297.521
253.583
304.424
309.958
261.413
319.143
310.302
256.698
280.364
344.333
314.13
331.637
316.39
278.949
258.249
212.358
286.734
310.623
246.455
288.524
247.475
294.936
319.009
303.964
326.711
323.667
330.6
352.141
266.262
266.578
290.506
350.3
245.39
291.432
335.864
311.026
288.771
296.267
252.677
279.96
316.086
268.788
342.207
298.213
248.613
322.744
297.445
297.871
310.152
231.341
278.299
270.017
324.099
229.428
298.569
274.575
238.307
332.658
265.944
234.12
250.881
320.836
268.659
284.595
328.164
273.385
258.384
303.114
297.165
295.773
306.266
270.344
273.154
298.918
246.383
289.675
299.453
240.683
256.828
255.778
285.629
252.902
315.614
271.295
283.812
228.907
255.108
303.041
287.251
265.012
246.581
284.801
251.951
307.896
273.77
282.12
248.463
259.859
281.545
302.129
270.497
278.053
280.335
335.793
248.467
303.135
310.698
307.049
273.577
268.841
279.747
273.016
245.737
289.245
367.946
264.209
263.279
236.682
277.361
266.89
241.883
287.209
303.512
311.885
313.346
301.53
359.595
272.011
265.28
356.647
276.371
280.663
221.432
307.324
292.589
307.755
298.527
286.458
216.05
253.911
270.784
290.118
235.935
270.139
262.74
256.428
298.46
307.325
293.776
281.15
286.268
351.01
274.187
255.143
219.571
248.253
250.899
341.355
247.022
293.748
284.056
266.692
265.946
315.469
308.708
302.626
276.573
224.494
283.277
336.629
332.941
319.697
279.582
283.293
254.636
284.88
274.177
275.26
327.824
260.926
278.866
277.121
382.986
338.27
311.047
272.835
259.506
261.352
285.808
281.074
298.995
313.832
279.112
299.937
284.268
320.253
308.205
287.54
222.678
297.895
304.274
244.469
308.837
337.72
284.418
301.862
246.736
264.849
315.678
253.646
321.861
268.512
288.992
306.332
303.382
240.79
272.334
278.072
290.458
259.476
342.974
270.28
321.82
293.505
288.825
324.544
284.268
334.323
196.992
247.36
318.686
285.026
277.77
257.219
235.335
287.443
211.573
260.877
268.268
368.469
281.757
289.433
329.822
289.469
279.963
279.706
268.913
280.516
294.153
255.647
320.957
263.502
259.179
292.766
286.743
287.694
232.278
290.907
353.841
296.332
287.288
326.662
243.318
288.999
296.614
295.234
266.087
210.391
278.652
381.812
231.107
260.438
295.032
293.434
283.68
380.323
283.736
255.929
291.5
282.219
288.382
256.224
225.175
234.156
254.182
342.484
295.132
275.106
228.267
307.569
285.253
284.968
335.769
279.402
338.939
214.93
280.333
291.943
264.237
251.844
318.136
254.974
267.123
263.513
303.916
272.047
247.794
234.742
288.113
268.423
330.058
362.183
290.676
286.479
262.016
319.371
264.84
288.489
334.934
272.739
291.003
268.351
319.015
278.134
301.777
319.459
319.923
264.377
236.505
294.068
207.467
297.839
253.338
310.502
294.427
257.682
332.589
265.737
271.324
315.43
286.191
342.849
296.937
305.845
286.097
281.055
252.312
309.641
244.789
289.99
291.807
254.865
242.88
226.411
268.417
320.11
308.023
300.444
236.719
294.877
301.268
327.656
342.036
291.381
278.001
255.429
263.915
361.161
272.154
222.059
237.672
304.456
264.575
278.768
266.635
332.198
321.465
309.003
269.661
282.015
282.346
301.136
340.94
292.242
282.403
230.208
272.081
306.665
300.114
233.584
275.594
247.495
330.465
375.278
269.756
297.307
252.371
298.248
338.481
304.583
259.044
314.702
272.135
307.065
271.43
287.458
331.581
275.963
268.737
301.459
287.01
409.394
280.204
259.204
293.345
258.667
304.55
221.838
322.458
216.523
255.613
250.028
243.753
288.046
245.063
289.894
274.205
356.281
296.745
268.332
298.081
305.307
296.61
342.307
257.991
248.285
297.067
272.648
237.118
286.209
289.57
327.564
287.719
258.952
295.915
336.436
247.188
345.65
258.371
302.217
285.993
277.571
314.237
254.073
291.702
276.541
280.424
266.954
371.671
312.757
244.272
266.467
327.475
301.156
255.642
312.585
271.517
299.344
293.396
295.663
254.666
349.292
356.478
283.851
315.128
279.562
318.709
296.93
282.382
297.201
315.27
243.585
299.213
314.755
270.643
281.614
352.414
306.743
241.016
247.78
305.481
227.78
316.73
273.694
248.432
302.003
305.319
303.842
294.283
266.058
249.159
266.235
273.94
267.416
256.437
291.275
267.692
323.127
306.576
276.071
291.688
282.278
339.1
304.015
319.311
360.126
273.682
284.57
300.985
276.314
253.094
274.226
226.667
281.885
310.676
285.601
287.532
377.953
260.274
260.96
256.225
308.16
298.302
349.061
263.106
286.896
242.36
308.863
345.564
262.228
328.926
251.287
226.964
273.737
286.656
302.148
253.142
349.66
288.551
253.159
287.041
303.466
297.217
289.118
241.089
283.194
294.661
309.74
290.63
294.722
249.182
311.006
239.624
255.833
274.599
369.411
295.856
289.351
264.297
292.802
238.914
278.48
248.895
341.241
310.73
278.252
280.503
289.237
268.384
256.971
311.454
292.245
334.234
248.19
290.473
279.455
293.2
303.004
313.904
297.59
278.667
305.837
219.07
282.982
246.089
332.365
249.813
267.824
245.398
254.708
301.291
257.401
291.201
270.594
289.283
294.076
296.348
264.998
238.882
326.334
289.42
307.855
274.362
341.868
294.643
274.243
299.866
302.802
352.363
256.48
314.186
297.911
272.213
353.894
269.317
274.305
289.039
295.121
329.002
269.602
310.397
302.946
311.6
259.992
285.495
339.059
278.981
305.693
337.897
285.14
272.619
324.162
276.706
259.662
333.134
261.694
304.179
288.779
300.499
313.046
288.223
267.668
247.986
264.958
286.452
268.811
244.057
246.083
290.726
276.281
292.262
273.633
297.042
297.32
249.554
262.601
299.329
274.615
298.05
290.977
315.934
248.573
277.646
274.124
259.366
314.351
269.464
232.976
328.245
289.956
318.29
296.732
289.031
266.179
248.796
272.668
270.099
332.361
272.557
273.382
327.62
328.796
342.865
331.274
255.573
291.286
278.391
348.87
255.944
267.594
322.904
300.28
344.217
276.567
295.747
254.732
254.865
278.503
273.551
371.149
317.028
349.076
322.677
368.927
222.333
253.632
337.043
312.906
286.718
298.73
324.043
226.163
257.886
268.915
293.432
346.27
242.028
273.786
263.035
313.108
383.106
287.765
255.968
287.154
335.699
340.366
302.003
265.66
231.17
295.647
280.078
297.383
317.129
308.589
377.505
238.07
299.639
333.399
312.585
295.135
282.767
264.233
305.171
270.283
264.84
283.787
354.177
245.263
226.596
307.15
277.103
221.061
235.161
260.192
283.554
237.393
305.456
297.083
254.402
224.461
260.016
289.133
350.552
345.252
278.957
312.59
248.951
319.671
261.785
318.009
332.023
341.701
300.79
287.376
250.941
287.012
355.213
328.093
304.832
287.446
279.305
318.901
274.346
273.605
260.677
237.049
308.915
273.191
302.496
286.547
311.023
290.427
259.162
304.149
271.155
264.439
309.559
276.936
279.877
319.619
251.05
277.459
271.463
280.425
236.45
313.804
300.742
286.491
244.53
294.093
266.143
213.661
210.801
314.597
268.47
267.601
240.297
240.405
295.09
224.565
293.16
248.797
290.306
237.183
286.467
356.531
346.809
316.399
247.776
258.825
229.367
286.238
269.375
292.96
236.653
287.772
304.158
282.453
325.315
312.68
292.417
221.327
274.067
277.891
272.969
275.264
300.327
284.325
280.435
286.473
294.178
256.331
298.535
279.571
294.775
295.86
335.548
266.747
232.682
260.783
294.457
248.671
233.2
305.407
345.653
295.881
358.888
278.948
287.833
310.81
259.26
274.73
279.827
254.257
239.913
253.218
275.509
321.667
252.359
240.277
255.563
311.756
276.539
264.669
289.663
319.885
312.78
334.222
282.288
285.952
317.694
243.334
229.938
334.417
321.969
317.052
338.222
275.396
319.404
303.409
271.636
250.289
259.703
356.335
261.624
256.682
308.622
290.747
295.723
261.164
308.437
315.776
312.256
262.062
315.014
237.845
291.844
332.357
285.52
275.982
239.823
309.971
264.287
232.687
254.762
250.411
251.306
285.179
282.413
298.062
269.618
366.356
293.507
232.259
262.909
224.707
248.602
276.224
250.939
287.751
325.257
269.703
258.218
246.548
264.746
246.427
278.484
281.613
259.537
260.373
295.848
248.758
298.575
255.153
278.975
323.454
275.451
292.153
317.847
324.894
267.499
264.96
282.793
285.403
270.203
278.726
262.976
267.121
270.778
268.07
298.408
254.174
297.575
296.488
326.304
268.252
336.495
328.554
293.82
240.163
270.781
335.146
255.961
281.851
245.683
309.456
308.806
292.584
298.952
318.764
308.724
319.648
322.688
287.159
296.629
313.669
279.501
315.547
302.765
299.471
322.919
317.318
356.12
293.581
323.013
331.472
249.464
276.306
293.222
267.678
287.043
237.869
274.928
243.412
331.219
255.31
277.415
322.496
283.155
291.241
286.127
313.579
307.584
253.084
267.42
286.311
296.063
315.918
326.214
236.482
257.048
324.444
295.203
315.285
248.586
244.614
295.847
280.765
268.194
278.161
348.699
267.53
313.591
263.527
285.89
231.225
298.897
292.515
346.728
246.425
350.788
343.257
307.331
268.452
254.379
319.659
310.383
374.73
295.406
276.971
272.349
251.161
277.515
351.358
330.727
227.235
290.928
330.537
278.723
336.6
294.179
243.062
261.925
317.46
279.136
333.255
243.588
287.901
293.977
242.203
290.512
355.75
289.674
280.238
224.189
259.444
289.988
269.027
240.477
234.447
342.009
269.655
223.882
254.531
271.334
238.417
286.71
249.146
247.347
306.928
301.693
307.185
280.256
276.607
268.88
297.838
271.481
328.297
230.964
350.833
265.307
259.924
265.211
289.549
377.913
305.794
368.114
281.383
247.652
281.565
244.264
344.391
312.039
252.812
292.355
237.827
301.487
350.183
242.028
333.712
320.383
247.688
286.703
274.139
240.675
271.839
277.132
248.29
330.571
292.337
293.172
297.67
352.332
264.052
285.316
276.99
287.866
234.565
311.876
280.015
297.508
319.142
318.904
331.7
291.941
288.541
311.978
272.772
231.619
254.614
294.477
310.363
329.689
291.375
241.149
298.856
325.429
211.172
238.515
244.228
278.726
245.17
279.453
238.109
359.622
288.603
251.842
260.845
289.537
239.016
261.42
298.109
302.92
289.095
254.15
248.775
308.606
211.763
280.437
248.346
374.807
256.354
284.361
293.623
276.476
249.802
321.131
272.313
305.159
238.06
282.216
244.711
274.954
289.991
292.865
284.271
330.631
372.352
288.269
353.58
297.392
301.477
262.024
277.771
276.657
282.659
338.402
285.196
285.72
261.605
285.975
300.614
264.293
304.441
315.387
291.135
261.558
256.595
313.19
254.547
276.178
249.711
249.246
313.282
272.46
308.755
300.298
279.705
283.804
257.326
279.843
279.987
346.288
304.184
283.121
310.783
261.25
280.709
292.215
258.365
270.864
247.266
296.342
294.053
267.349
314.767
236.861
224.248
274.774
333.192
231.372
290.712
302.949
315.857
308.395
291.591
308.131
337.981
288.101
321.259
261.513
300.729
266.246
281.454
268.105
290.645
247.261
259.362
296.361
292.935
294.78
244.775
254.234
266.302
292.512
330.214
216.559
325.572
317.883
294.877
296.034
255.252
305.609
275.887
279.026
288.323
355.445
276.298
293.865
291.45
301.608
275.1
316.778
241.331
274.787
299.65
236.003
288.383
278.421
304.545
250.666
283.972
320.136
234.96
253.921
290.02
319.162
279.023
321.346
269.872
292.752
272.533
316.321
288.835
278.41
317.291
334.32
275.906
258.203
258.248
230.39
308.96
310.331
288.829
286.709
261.428
321.946
275.62
304.184
263.358
380.956
272.823
337.264
327.116
305.044
283.202
314.209
300.474
338.262
288.248
282.553
307.464
350.756
212.427
307.713
313.731
321.862
326.67
299.134
249.449
296.504
299.811
278.719
318.517
286.461
344.145
303.209
261.406
358.56
317.141
268.148
324.501
319.988
241.809
275.866
240.081
310.608
240.281
289.915
334.027
240.757
303.9
287.67
312.946
310.504
291.384
255.921
318.014
299.679
303.084
283.657
241.11
326.228
322.714
247.723
334.146
283.891
288.822
377.759
271
278.942
342.737
298.827
307.552
328.66
281.983
325.99
331.097
309.846
271.525
230.39
261.411
232.857
252.917
256.819
310.618
299.364
276.028
266.474
275.499
281.474
307.445
301.772
287.582
328.372
273.427
343.691
328.507
268.423
295.632
244.361
272.663
305.016
220.777
255.211
276.56
311.486
305.006
313.61
280.455
288.404
261.156
315.294
290.99
274.967
296.351
284.079
275.931
321.704
314.035
279.229
334.33
316.845
295.019
290.516
298.975
296.357
285.374
379.4
259.162
246.806
277.015
277.592
392.414
249.891
298.003
291.914
286.315
354.223
315.635
307.861
274.679
278.087
303.263
247.672
241.073
252.051
246.657
328.321
329.206
271.256
273.769
283.07
297.721
284.935
238.23
394.873
266.964
280.32
298.288
290.746
272.204
276.272
264.284
291.584
237.967
226.781
299.526
317.498
310.859
272.635
270.476
304.711
262.649
273.871
214.605
305.617
234.769
263.674
270.032
272.903
295.941
281.331
266.538
308.615
253.829
253.289
248.857
274.24
288.622
278.206
256.407
314.199
267.14
286.803
245.72
318.98
318.53
257.274
276.082
330.075
300.644
291.435
290.746
307.258
278.579
331.21
280.564
284.385
232.036
278.165
210.644
305.029
344.946
298.804
239.683
312.117
305.179
313.861
260.758
289.13
275.083
317.966
272.436
262.551
263.88
249.026
314.528
279.979
351.201
362.922
297.983
285.838
273.053
279.182
291.475
245.528
273.68
288.766
279.711
238.405
251.694
298.849
303.523
307.479
260.939
333.827
296.031
234.108
287.129
283.589
256.11
297.476
260.33
294.578
242.098
268.542
310.757
247.122
242.606
304.654
290.296
267.106
286.061
278.738
252.418
318.435
307.605
335.751
237.237
272.617
284.069
292.872
239.741
279.239
298.371
266.509
294.93
329.213
280.726
337.161
297.396
302.951
247.596
321.919
302.576
296.45
230.984
312.107
243.563
295.798
232.135
310.251
247.26
286.416
242.035
316.808
216.537
259.464
282.096
253.55
316.323
234.988
272.047
261.519
329.549
254.655
245.367
245.545
312.595
314
262.747
286.941
254.508
298.38
312.058
318.545
305.067
224.426
297.767
296.637
301.951
243.246
332.665
337.237
261.951
307.507
306.039
322.525
268.76
257.016
289.173
251.291
306.291
294.389
276.359
232.851
259.831
296.427
218.092
292.084
273.497
317.486
255.767
240.055
342.075
260.383
269.965
257.497
307.88
303.513
275.59
266.238
297.466
208.562
274.937
336.074
295.626
261.561
307.823
300.338
271.977
281.111
271.261
270.127
280.878
260.107
286.821
267.577
281.169
301.493
282.724
261.842
308.599
281.998
287.756
334.108
247.474
299.236
288.465
310.048
276.451
274.113
264.373
278.938
315.888
315.798
214.74
347.533
317.311
281.82
266.723
260.424
230.247
307.016
299.429
288.898
314.826
286.105
307.446
292.353
309.014
339.119
331.942
306.869
321.195
243.222
286.014
334.605
277.404
361.164
330.763
276.216
228.655
310.772
258.014
298.68
260.596
282.029
256.806
280.467
327.995
272.21
329.55
324.688
366.91
298.015
315.96
273.134
274.534
279.614
271.644
246.173
252.135
263.22
260.299
251.338
245.259
332.374
320.764
271.717
259.985
250.751
294.366
263.615
265.363
331.417
292.108
245.769
215.986
282.89
313.33
265.352
259.402
323.798
316.894
293.804
243.445
349.792
294.391
282.839
279.033
271.516
330.635
303.722
305.254
346.468
253.437
332.758
276.214
300.805
258.27
318.078
269.618
248.795
244.551
228.297
280.637
289.52
283.195
251.381
280.605
272.851
241.443
270.273
269.248
264.903
236.153
345.781
250.337
279.426
355.086
248.871
284.586
278.043
295.213
241.821
307.538
283.355
228.74
319.924
282.389
298.134
241.273
339.851
304.434
267.574
260.723
260.293
198.509
310.495
282.47
318.029
257.375
