235.673
225.26
232.058
299.031
268.557
260.237
291.22
265.467
275.796
244.374
205.132
260.123
238.016
255.979
251.593
277.998
232.108
293.544
236.241
264.601
222.681
238.836
261.761
249.596
267.493
312.868
251.462
218.505
223.263
237.126
223.46
234.706
282.7
315.008
307.893
335.234
243.733
246.422
236.313
275.241
236.774
286.654
290.005
275.489
270.164
246.54
242.704
260.519
260.333
274.982
280.421
236.146
191.632
222.741
207.407
229.153
189.869
243.829
256.083
245.977
208.319
294.961
275.675
263.675
256.982
294.192
242.749
259.583
241.194
237.712
256.973
251.439
279.702
217.368
281.924
272.404
269.545
294.445
207.476
238.258
241.476
278.566
253.322
261.006
227.82
292.797
204.288
227.311
287.509
262.032
249.899
181.222
273.198
245.36
229.703
257.916
267.277
244.323
263.339
253.255
209.145
230.499
265.681
281.794
200.174
293.139
242.449
281.355
309.368
252.167
221.045
308
246.519
281.878
230.589
254.152
251.504
230.149
268.912
189.298
283.002
274.934
288.192
238.19
252.304
239.775
289.181
256.563
266.228
229.391
257.653
276.848
182.47
239.34
203.876
279.575
232.408
267.124
232.871
255.459
248.368
265.124
285.28
260.894
231.675
232.405
295.804
233.429
248.702
234.337
231.591
257.505
260.773
257.343
266.973
220.509
265.707
280.808
275.624
269.457
234.225
230.791
264.379
229.595
216.739
296.172
310.999
249.751
237.484
267.11
292.789
217.789
201.047
242.782
220.021
255.313
211.264
231.08
217.072
211.039
285.518
299.706
264.397
276.124
269.419
225.307
250.515
226.459
267.438
264.054
230.105
207.415
224.394
274.519
229.292
234.197
219.951
248.145
260.197
231.081
277.462
234.65
211.957
250.696
279.798
279.998
231.571
217.206
282.939
237.177
334.893
244.162
203.977
245.425
283.154
294.242
227.226
224.301
234.266
244.561
252.969
221.031
230.037
204.501
292.451
256.815
224.281
284.298
268.331
285.307
232.629
335.2
250.828
265.226
258.523
318.604
238.256
241.381
264.608
246.196
272.134
227.208
240.961
283.314
287.457
350.387
246.065
293.593
271.664
295.542
285.19
211.932
230.713
209.57
300.141
253.772
331.688
282.818
201.224
277.315
250.911
257
241.547
205.104
244.412
231.386
241.133
240.846
204.158
200.753
238.971
265.887
260.323
298.189
220.134
254.882
183.479
245.879
218.005
256.613
292.089
262.376
226.663
249.084
256.005
255.839
283.599
290.628
327.065
247.424
273.904
263.773
257.396
236.471
283.425
265.796
226.301
286.196
209.923
213.748
237.26
233.322
256.823
201.406
260.122
210.737
238.413
255.546
350.738
262.114
315.066
242.581
232.024
271.192
248.385
217.416
262.209
239.78
196.824
294.962
241.431
259.553
300.212
237.651
224.963
236.076
282.71
255.908
227.944
271.062
229.754
257.801
250.839
305.356
237.022
262.095
224.606
272.097
262.277
211.339
293.826
304.089
248.876
226.446
225.814
258.43
219.832
290.931
216.723
234.728
281.639
253.376
307.273
227.575
269.84
224.806
263.175
262.126
210.088
216.328
210.138
263.849
280.862
264.852
201.158
239.025
303.503
257.117
241.369
277.507
309.737
253.35
243.199
277.754
296.511
299.649
265.171
297.97
270.198
249.001
283.626
239.573
224.457
218.876
246.935
179.938
252.92
216.308
248.93
241.209
226.646
321.501
312.883
226.433
247.718
217.511
224.555
232.319
309.646
296.688
250.828
271.465
214.544
218.992
280.566
251.821
269.836
259.468
260.962
239.523
236.352
278.002
213.181
243.213
227.81
280.659
265.594
240.289
214.288
271.822
258.873
239.024
273.616
281.461
256.748
289.577
260.296
248.468
208.295
253.848
266.034
289.346
265.26
305.368
236.998
238.099
219.076
222.523
296.318
269.727
262.098
251.599
252.847
277.695
202.278
270.997
235.449
258.661
244.338
258.994
288.181
213.181
155.546
292.703
289.944
266.458
283.785
187.185
241.775
247.746
247.622
225
263.396
280.337
304.069
298.806
262.126
257.067
273.832
240.545
294.776
270.076
246.65
256.551
253.935
274.761
279.852
272.953
228.015
207.561
243.919
228.347
279.144
273.148
233.15
283.7
182.638
263.137
235.432
279.032
257.226
205.726
204.983
295.293
216.978
291.517
248.147
261.884
248.673
227.701
245.251
219.791
253.727
244.79
245.436
225.143
279.566
334.737
243.174
218.118
222.648
207.028
320.016
273.187
245.307
233.426
254.721
230.939
251.218
230.881
265.651
255.017
237.582
233.71
213.956
266.347
260.957
258.455
285.638
289.808
257.376
229.241
299.996
212.264
220.929
242.806
203.193
229.909
303.255
223.886
210.345
235.721
207.229
289.475
207.76
279.985
259.705
209.447
200.08
243.227
263.287
240.288
293.08
236.136
268.637
263.447
222.088
197.654
240.746
278.864
358.664
289.209
253.893
291.211
250.228
208.117
252.347
256.074
261.124
288.099
259.696
232.995
249.358
210.773
259.783
359.553
282.001
263.611
250.969
233.818
238.148
258.608
222.815
258.969
220.548
241.763
226.936
219.392
272.023
267.753
234.815
218.188
271.538
225.866
250.349
274.428
278.65
212.384
228.187
270.11
278.193
223.398
244.207
304.645
290.593
207.281
287.898
251.213
272.574
281.69
220.912
274.483
238.03
266.081
200.683
242.875
215.095
282.115
236.768
237.969
263.981
276.454
228.669
197.519
232.267
228.38
252.151
222.065
259.267
317.675
269.195
233.345
276.4
304.971
225.166
249.923
233.02
264.22
242.889
273.237
249.765
254.728
211.115
312.761
206.773
295.203
248.831
195.312
241.571
254.884
218.74
258.284
233.673
268.482
265.849
301.829
302.655
266.098
204.256
238.018
262.273
233.567
286.105
281.465
226.124
294.268
256.217
270.079
250.341
231.376
265.386
244.94
281.596
276.653
224.868
256.465
301.905
333.493
233.699
236.346
240.445
195.818
271.035
264.024
218.733
207.303
234.634
252.677
201.457
253.743
236.732
300.92
291.683
313.329
261.629
260.585
220.263
268.041
278.757
270.197
258.661
295.642
229.148
240.539
276.088
309.014
267.71
239.24
313.829
251.563
269.901
256.343
274.023
254.147
217.492
258.148
280.027
266.959
277.109
214.591
240.372
239.435
285.066
280.539
279.644
240.652
249.902
281.031
286.056
247.605
223.589
227.643
233.577
295.037
226.435
243.199
271.433
254.14
214.585
247.369
243.133
267.978
222.902
196.194
271.76
215.986
263.009
278.206
173.261
285.814
283.577
199.44
200.626
249.595
251.88
233.589
264.875
204.346
250.382
294.993
261.532
285.466
218.576
238.852
259.651
239.316
235.184
243.809
240.045
237.865
246.198
262.088
200.242
299.55
267.136
291.487
265.585
261.123
222.576
303.685
289.756
201.488
198.589
256.75
222.642
221.091
269.75
215.375
254.656
292.265
322.834
259.208
254.184
290.01
231.579
244.273
222.103
255.909
223.706
265.064
295.026
298.526
194.06
321.59
288.866
247.549
186.48
304.938
241.548
274.63
276.605
274.321
223.753
245.925
228.985
245.272
196.405
282.717
264.604
196.451
285.797
258.589
299.396
321.789
261.082
292.13
235.557
273.209
277.416
252.996
267.051
299.357
266.025
276.839
273.836
271.768
270.133
213.265
254.598
208.663
246.597
243.145
329
231.937
256.063
291.523
292.513
292.047
238.46
257.896
289.195
219.874
288.415
220.778
259.791
335.757
251
242.673
234.214
244.955
289.505
229.149
222.733
233.891
208.676
256.772
210.516
255.043
271.511
233.577
194.257
255.671
265.425
224.729
218.726
254.81
223.794
228.721
198.584
248.25
262.403
282.77
217.158
237.735
255.873
281.568
301.673
236.753
232.39
257.038
186.854
221.162
239.905
313.622
261.506
246.576
274.345
249.129
208.387
218.126
290.242
243.161
189.672
219.594
249.813
221.253
300.026
246.822
255.281
174.852
229.487
231.376
239.679
243.074
293.044
297.714
272.807
247.818
273.185
221.54
248.386
277.104
288.608
276.571
230.732
265.537
287.476
234.547
216.886
221.439
260.864
227.595
260.319
256.839
240.197
260.823
263.024
273.008
222.84
256
205.046
298.743
299.827
230.316
216.142
254.777
233.973
233.872
248.396
311.732
281.551
264.965
230.917
295.838
260.067
249.809
248.062
248.045
226.57
282.227
267.175
274.933
175.667
271.287
217.045
260.987
307.319
248.218
235.891
236.824
278.967
256.76
254.767
258.985
250.704
290.785
237.598
304.13
243.225
266.64
274.036
249.241
226.374
216.12
224.848
221.37
230.609
268.571
255.84
238.244
252.368
239.422
256.332
233.455
235.59
248.197
234.458
260.623
274.009
277.175
224.461
243.271
290.817
335.125
205.031
261.693
270.595
273.956
235.495
219.596
275.794
298.455
282.617
233.861
311.167
228.879
214.21
237.117
215.451
267.46
193.351
255.479
223.208
262.533
242.011
272.209
285.469
193.732
236.484
231.816
290.273
240.787
295.229
262.647
185.566
224.512
286.762
226.229
239.176
240.175
214.41
251.866
250.029
239.748
245.904
261.592
287.221
268.918
238.184
249.145
265.683
291.446
238.64
236.848
237.837
188.546
257.785
322.502
257.002
242.497
226.956
221.343
226.776
238.848
297.284
243.284
230.937
238.703
242.578
301.309
271.465
257.945
325.278
238.552
262.454
216.88
311.41
234.441
289.15
223.638
309.455
231.034
330.499
272.995
247.935
264.559
258.593
272.763
224.769
251.347
244.994
293.628
206.559
257.807
254.82
300.353
237.385
266.614
241.104
226.144
261.645
344.855
247.086
232.615
242.985
284.022
220.445
274.645
262.992
282.583
241.967
262.929
245.418
239.233
321.858
214.922
212.413
275.737
231.129
213.533
263.872
242.893
208.55
266.857
263.881
230.485
292.058
234.165
244.222
258.716
281.216
278.512
312.613
246.292
281.133
302.607
260.585
332.11
239.925
224.544
279.42
290.569
240.909
252.216
287.918
247.153
279.721
301.181
180.128
234.392
239.846
286.343
251.081
267.342
298.086
248.883
233.68
244.232
200.248
231.458
243.374
286.652
250.814
225.555
239.336
259.738
234.019
237.25
225.379
248.162
255.32
275.795
259.123
234.589
248.121
220.984
215.316
228.788
267.204
261.158
233.487
246.048
252.652
244.334
210.096
219.238
217.185
268.553
303.589
288.941
309.556
267.135
281.689
248.914
242.319
227.973
237.947
231.394
238.931
270.063
248.4
270.783
244.035
268.173
236.656
244.591
276.947
264.844
245.15
272.162
270.072
217.562
269.111
258.85
235.025
219.187
276.92
290.928
244.053
232.478
248.277
196.88
208.109
205.764
291.621
234.473
230.121
248.846
231.372
267.877
224.234
261.635
270.123
267.647
243.549
210.262
263.136
263.152
260.102
238.752
233.736
300.803
208.247
228.51
244.035
245.939
255.522
227.336
238.61
287.48
218.563
229.637
256.853
275.657
228.864
254.795
254.253
245.64
265.141
252.362
249.27
277.977
282.385
265.805
274.295
241.227
279.441
212.651
212.752
268.745
259.736
261.332
224.176
222.665
222.916
266.566
251.799
198.497
275.253
231.945
268.78
278.67
218.501
229.625
229.634
277.734
308.823
262
224.991
314.761
236.086
250.475
263.432
246.133
253.551
268.935
303.114
247.693
262.503
290.139
300.439
256.619
234.758
284.194
251.641
238.462
224.995
212.673
251.076
263.172
201.139
210.279
266.358
268.957
297.359
243.929
263.83
199.211
271.195
226.119
241.512
238.504
287.392
208.796
218.434
310.877
319.198
245.83
284.148
251.714
259.438
194.283
273.631
295.009
265.59
221.603
277.3
194.855
239.14
228.466
268.163
273.058
222.028
280.631
218.006
210.02
225.729
282.505
230.269
269.04
254.293
269.874
230.214
238.76
273.009
298.937
241.694
250.602
238.166
252.559
197.152
239.784
225.955
250.165
207.929
295.55
207.824
328.394
256.752
266.609
188.95
235.132
247.202
215.432
253.825
258.473
210.667
276.584
247.332
204.134
273.58
208.351
236.212
244.865
267.548
265.398
218.28
226.401
240.675
250.905
245.515
205.352
270.323
231.859
301.041
308.229
228.178
252.665
251.301
268.625
265.725
200.33
248.423
192.774
220.647
261.828
253
271.998
188.497
263.573
233.568
211.755
278.159
287.303
240.648
231.488
259.763
284.126
212.916
263.944
232.996
230.272
222.174
288.668
246.656
291.923
234.967
220.954
225.19
268.673
242.343
228.466
227.657
257.721
262.674
205.489
278.191
272.007
253.18
205.595
244.801
183.955
247.077
267.052
271.228
270.094
290.758
228.342
250.045
222.578
189.952
199.389
282.031
285.522
254.415
222.772
258.205
315.179
233.808
265.243
195.157
197.926
232.046
261.574
295.567
273.328
282.415
285.683
280.468
231.698
245.75
258.025
225.802
253.834
201.238
293.303
254.68
305.43
238.911
277.975
193.748
245.478
272.627
264.323
261.815
227.19
287.469
196.24
234.162
229.718
269.051
315.516
286.256
249.81
207.463
241.07
194.974
261.527
276.715
268.484
228.731
262.825
233.56
231.255
261.387
275.278
239.678
273.851
238.745
227.916
304.166
280.985
245.613
311.134
258.05
233.017
200.62
266.321
197.032
220.487
277.633
281.197
242.828
232.548
243.701
249.32
298.256
225.539
232.076
247.681
275.857
228.135
272.355
258.701
258.438
293.13
241.792
274.89
328.704
222.891
242.252
248.852
274.714
282.233
247.204
252.435
259.851
286.262
190.647
247.108
251.389
219.824
276.83
237.728
284.888
275.267
249.025
267.942
253.196
247.741
227.878
264.293
243.87
211.048
224.299
238.824
215.489
209.703
254.705
244.416
268.446
189.287
228.035
237.828
249.105
232.733
343.481
235.388
260.527
233.36
257.951
288.035
283.506
275.294
239.537
250.415
228.655
252.546
239.646
289.73
230.353
262.672
276.682
249.905
281.127
245.454
226.339
267.284
264.942
257.312
249.079
257.021
227.154
221.872
226.31
265.913
286.256
318.836
229.337
258.185
254.29
304.976
239.878
290.175
206.714
249.065
228.862
213.903
217.023
195.858
287.544
316.253
266.653
228.918
221.312
241.721
226.781
256.598
264.442
231.665
217.65
232.1
282.258
284.042
220.022
249.556
281.385
254.412
226.967
228.282
252.206
254.431
258.576
265.68
238.021
231.242
255.936
248.949
240.628
210.703
258.61
258.363
229.711
269.297
195.719
208.431
212.432
219.814
274.461
226.217
261.299
302.006
253.858
266.838
235.216
276.262
241.662
282.821
224.123
273.631
251.548
283.378
243.48
288.051
265.042
260.833
220.236
252.137
247.679
253.363
297.04
231.216
269.118
258.463
251.373
238.936
229.372
235.602
304.327
265.959
242.862
304.711
241.122
284.909
234.325
270.934
326.311
242.557
239.161
248.937
217.882
310.146
246.701
272.189
218.289
250.032
289.393
251.976
332.19
271.03
236.388
226.224
221.466
249.349
214.478
232.501
255.894
254.133
282.563
222.801
255.542
291.804
249.729
196.379
224.244
258.531
226.368
317.809
239.526
308.592
276.339
220.2
294.48
278.957
265.122
283.548
256.703
300.714
242.405
320.58
281.228
250.877
210.625
257.308
234.274
269.812
249.348
293.269
223.466
293.98
278.128
206.451
185.308
287.274
226.732
258.893
226.823
253.036
243.882
261.054
250.785
240.074
268.081
224.248
254.801
268.066
252.368
285.726
228.122
235.714
241.387
259.735
281.633
219.064
322.997
203.755
306.476
261.527
213.349
297.68
269.712
255
278.607
195.745
263.569
203.959
247.497
287.04
295.475
228.955
227.029
260.438
223.222
277.956
275.586
179.767
273.571
234.904
248.733
288.439
245.771
234.02
235.397
265.273
235.646
250.892
230.123
248.851
235.007
292.056
268.979
223.969
233.256
249.71
274.288
247.859
247.484
228.304
249.298
252.256
270.937
267.7
238.629
261.55
214.392
253.934
301.155
265.912
277.191
253.126
257.113
246.33
239.648
229.064
233.824
257.821
265.617
261
257.979
224.521
293.526
268.099
255.612
240.482
252.726
254.623
245.199
235.733
250.876
257.883
294.673
255.699
257.205
212.393
215.012
198.661
258.777
272.633
251.577
271.113
249.703
328.295
244.343
251.206
227.048
225.114
229.332
260.45
256.618
260.806
328.494
243.616
225.044
233.718
270.737
231.814
264.217
263.975
223.724
259.504
259.194
252.264
218.386
190.02
198.236
269.033
264.699
322.332
263.738
253.314
295.927
283.407
280.971
289.144
280.612
240.712
223.36
302.7
248.538
239.843
275.032
269.253
284.431
206.29
237.665
231.721
300.162
280.91
270.061
253.789
249.926
278.837
193.153
259.026
246.894
262.333
249.969
305.562
251.339
234.661
202.444
269.479
263.473
249.531
231.188
245.643
234.62
250.169
289.008
304.857
225.714
251.447
237.882
280.941
235.71
263.299
205.855
292.345
279.887
301.085
240.628
315.657
238.092
216.463
293.25
238.188
276.262
244.149
214.244
242.164
249.206
214.583
266.207
272.921
253.694
256.233
211.383
216.574
357.855
211.374
302.687
298.239
287.454
245.209
233.217
187.316
218.962
234.023
283.956
296.595
217.238
273.042
281.768
295.647
244.249
215.803
244.182
215.206
201.083
205.715
211.155
260.372
240.309
228.365
304.259
248.833
214.184
279.434
274.805
239.881
225.82
274.959
205.453
241.245
224.33
254.613
271.651
240.613
284.788
245.195
322.161
249.002
241.503
193.996
214.889
270.37
265.756
272.983
252.411
209.805
276.635
240.947
246.744
246.481
195.328
244.34
265.846
242.364
218.131
274.337
277.536
248.73
271.705
282.112
250.221
216.335
283.721
265.245
249.448
242.334
250.059
201.446
279.106
230.734
222.753
217.198
251.447
219.624
284.513
247.228
253.711
235.519
253.772
321.128
237.841
261.483
190.806
250.498
275.368
226.284
218.961
271.561
238.239
209.934
227.499
314.506
191.39
223.698
242.405
238.343
228.624
245.698
263.603
250.163
237.645
248.971
220.365
262.359
258.468
268.33
227.72
246.097
285.334
258.154
265.684
239.255
267.884
333.416
246.898
232.669
230.36
221.42
267.257
221.302
260.046
236.373
293.528
251.66
235.743
251.249
255.154
250.926
235.828
253.145
301.424
239.977
254.943
274.646
243.414
248.47
212.696
303.554
311.067
234.314
232.917
252.96
252.04
247.998
258.902
259.223
261.832
263.709
244.651
278.191
293.105
243.628
242.35
250.804
216.905
243.581
255.787
247.663
241.206
276.135
268.118
267.115
204.236
214.567
287.113
251.537
263.985
218.198
241.503
267.301
249.2
212.392
235.852
250.73
261.412
266.836
255.131
248.866
302.83
247.278
247.18
282.68
230.744
199.06
261.205
276.998
266.203
263.36
272.484
261.059
211.224
224.238
247.51
270.305
222.822
228.939
233.226
250.937
294.452
246.714
252.946
300.33
258.441
204.442
255.07
264.214
250.25
196.863
267.489
220.361
268.837
222.708
244.494
242.332
268.078
275.504
235.503
264.129
226.603
241.815
275.858
303.757
228.954
215.873
217.197
271.243
277.749
248.893
287.026
301.929
270.928
295.604
232.023
272.403
241.152
233.853
209.745
244.577
306.271
240.579
251.782
223.332
241.026
237.598
244.645
284.605
332.152
262.196
210.232
271.595
258.019
201.702
235.616
237.702
270.589
254.761
233.35
248.806
247.419
260.68
238.653
248.899
289.006
245.81
295.175
328.563
287.698
270.714
223.54
278.305
231.754
249.132
269.239
251.055
251.653
252.373
259.092
250.251
268.106
310.458
230.493
270.813
226.189
203.097
339.638
215.437
277.323
267.271
275.521
223.288
294.376
222.705
238.988
230.955
215.104
262.043
267.397
202.159
251.106
288.415
248.863
326.196
280.925
279.722
247.315
225.198
256.059
280.475
270.888
315.506
286.687
300.891
258.153
242.836
281.188
228.365
246.701
288.803
269.664
250.925
245.845
231.906
225.086
223.867
202.751
231.492
185.707
278.142
273.658
271.92
251.247
202.736
241.98
234.987
271.28
260.151
310.559
221.462
192.879
212.698
225.227
230.401
266.12
229.285
223.659
244.656
275.799
227.84
238.781
235.522
288.207
240.424
207.377
274.517
260.395
310.327
235.909
219.856
247.134
252.522
245.378
234.435
231.039
254.593
241.119
199.226
313.325
271.521
257.804
269.983
192.567
254.409
280.283
265.496
250.576
274.089
242.845
230.036
271.523
257.133
267.124
235.743
227.814
282.125
286.273
282.711
299.317
242.95
272.107
263.579
250.664
279.738
242.46
242.741
266.575
272.54
263.988
275.433
266.456
259.591
267.594
212.844
342.41
263.59
283.458
218.451
258.943
223.886
257.082
249.556
253.993
234.52
296.911
253.209
264.646
259.826
264.321
199.492
257.394
241.616
265.458
288.094
277.593
296.309
259.788
290.271
289.28
221.536
220.311
234.165
266.929
246.858
218.463
239.071
249.993
287.719
243.402
259.747
254.444
236.357
209.645
307.409
315.106
232.493
254.397
283.429
330.53
306.159
261.673
275.642
219.026
288.551
262.597
213.553
258.215
235.155
229.011
273.006
260.016
219.982
245.756
224.894
242.793
243.894
255.616
293.539
309.095
256.996
274.637
248.068
225.987
276.761
301.594
269.13
195.228
188.641
248.808
240.57
272.612
250.898
277.42
240.021
248.18
272.777
273.969
248.317
229.892
201.121
276.051
215.222
286.575
268.091
267.73
272.9
206.988
228.896
298.124
231.267
294.777
268.163
271.949
255.926
266.32
229.473
234.492
221.712
260.87
269.514
221.302
259.659
227.927
261.822
209.519
198.979
312.657
245.623
215.68
229.671
274.471
233.635
266.01
250.5
225.595
256.472
216.597
247.19
244.561
248.411
229.671
290.055
244.614
266.205
264.621
247.844
255.511
285.217
194.742
243.278
275.433
215.592
251.825
243.501
284.475
229.688
288.891
243.63
295.76
261.495
291.146
255.673
279.469
263.486
224.934
269.785
235.626
244.54
284.865
197.998
304.207
272.77
227.03
218.483
243.116
276.49
264.76
242.644
270.194
230.655
244.415
251.655
266.506
262.504
282.435
273.759
298.933
225.766
224.204
308.315
206.363
241.739
273.728
248.152
245.201
217.184
328.213
193.218
278.429
285.102
261.921
299.582
280.245
207.743
236.961
217.233
262.667
282.84
249.74
250.284
238.975
234.904
223.988
260.903
255.876
277.809
252.781
280.606
326.709
233.864
248.193
221.78
245.297
263.345
248.268
240.086
249.052
213.543
283.216
266.988
257.49
207.867
252.659
218.635
256.375
272.773
248.176
327.087
300.089
193.205
256.831
270.037
267.817
267.033
257.572
218.922
243.636
280.811
241.888
260.839
282.066
252.837
263.931
294.462
260.323
236.526
233.682
217.885
240.999
240.359
222.442
216.205
285.083
249.936
211.118
267.965
211.925
237.894
236.471
278.698
287.825
241.284
245.466
270.149
262.779
254.812
270.393
286.415
287.466
234.737
231.314
208.138
281.101
214.666
247.44
264.546
258.993
223.618
192.514
236.528
208.317
179.095
302.112
240.126
232.871
255.545
310.05
265.745
259.765
205.812
278.658
222.431
194.346
248.672
182.415
249.858
250.387
247.91
295.096
230.012
170.407
327.743
263.539
236.429
246.481
312.162
208.307
256.456
262.407
250.936
231.102
211.71
241.138
249.911
298.326
240.958
253.972
256.106
260.401
246.953
256.184
258.008
247.424
273.019
229.379
274.901
273.565
241.638
204.525
261.284
280.32
230.313
228.228
243.05
261.645
235.488
279.185
284.728
247.592
269.388
256.818
282.207
288.983
304.243
303.513
262.765
257.836
269.464
269.954
295.081
247.936
285.918
255.175
308.675
222.646
324.122
244.645
269.726
267.61
289.012
267.83
277.998
234.258
234.667
248.23
272.146
262.632
254.905
260.811
286.828
259.805
255.432
241.854
265.601
269.65
306.606
246.539
250.667
275.106
221.49
238.306
258.464
198.77
265.578
252.637
235.657
249.218
268.699
267.701
250.925
307.118
246.632
284.746
253.674
251.219
268.604
243.441
256.532
238.536
258.642
235.759
248.012
245.019
215.941
269.375
281.129
238.04
272.662
201.737
250.815
229.259
282.669
198.904
241.75
243.356
280.049
214.556
204.497
199.574
243.009
235.743
284.285
236.701
245.028
288.898
246.85
241.824
223.051
236.727
265.615
247.88
232.812
235.114
224.166
256.909
188.959
223.669
281.087
310.632
218.273
224.417
277.703
197.294
209.911
266.199
247.665
274.978
311.55
241.783
216.577
279.524
261.076
271.942
235.434
328.545
256.513
256.296
248.063
251.76
289.917
211.715
268.282
235.921
255.927
268.909
311.908
232.902
260.094
230.841
234.814
237.188
265.71
183.563
318.85
273.296
245.548
258.979
256.539
286.139
253.067
182.7
301.119
208.99
269.64
258.291
265.609
201.968
240.386
262.215
282.283
253.325
283.198
236.663
222.57
261.322
211.126
229.358
241.621
250.298
229.308
298.517
289.905
278.583
212.369
280.956
257.287
304.863
280.465
298.374
268.558
250.95
263.554
265.004
311.659
229.249
272.486
290.158
244.378
254.874
239.029
224.529
216.224
233.424
251.21
298.754
253.348
227.61
287.84
250.113
244.065
270.604
223.894
267.527
234.167
253.675
281.69
238.825
251.654
256.884
264.174
214.928
247.996
260.088
286.709
225.623
230.408
224.285
235.958
269.216
239.148
256.018
219.56
232.11
278.202
214.857
257.607
271.49
234.926
251.4
242.672
240.525
223.93
245.624
280.366
252.759
236.71
254.601
273.311
242.23
238.12
257.482
193.283
245.41
257.931
255.558
253.179
256.032
256.735
281.001
245.351
193.967
260.548
276.759
265.819
321.887
214.875
286.467
273.044
296.494
293.493
245.491
242.061
304.475
266.313
248.337
230.22
292.742
229.652
250.476
239.412
206.671
240.386
235.19
218.319
288.141
207.307
280.598
258.826
291.455
265.126
233.63
257.595
229.649
268.438
198.945
254.247
225.373
302.794
238.593
304.199
273.764
228.163
275.03
242.037
248.111
292.955
259.521
272.441
240.255
254.618
245.865
230.559
289.489
239.254
251.449
233.334
270.699
233.921
304.796
261.517
253.249
307.854
220.63
231.008
295.857
279.079
226.168
255.114
268.808
256.397
197.262
230.441
238.883
254.324
277.715
277.662
285.167
275.303
203.308
252.638
300.155
245.785
288.289
260.427
251.855
289.212
246.246
298.989
292.094
250.18
259.986
234.422
219.856
233.814
268.576
304.066
235.733
285.095
242.47
283.083
241.632
276.55
291.288
250.633
264.424
256.052
209.419
277.42
237.153
303.68
280.028
196.695
205.197
261.402
193.052
255.351
221.577
195.295
173.066
278.062
262.654
232.958
224.211
230.483
239.785
266.654
210.467
271.166
226.544
236.175
226.074
245.445
227.393
234.165
253.602
246.75
224.087
226.649
215.813
255.678
243.829
213.408
263.241
250.814
313.416
201.493
214.878
256.095
274.043
271.949
203.956
261.174
260.052
260.102
207.39
298.555
217.614
235.217
220.779
271.974
262.212
259.773
284.765
192.778
228.001
184.743
289.341
291.957
274.786
249.37
291.426
225.096
269.692
237.687
216.121
258.575
229.847
240.063
274.089
209.463
283.114
226.671
235.186
279.628
257.265
254.082
256.309
266.387
240.236
219.635
262.914
221.662
265.894
234.249
244.578
256.123
236.038
235.223
228.056
250.151
260.347
195.77
280.824
200.523
219.802
246.555
308.337
254.134
237.11
223.15
291.688
245.018
262.667
239.589
276.608
262.987
232.422
260.526
215
267.653
259.899
242.56
285.158
243.385
277.229
268.985
232.495
273.21
238.535
266.387
219.998
194.963
227.818
199.593
288.033
263.458
234.718
293.594
278.95
268.185
243.703
309.21
247.57
212.919
269.972
243.033
272.615
230.593
242.144
230.874
244.446
267.288
232.586
279.916
270.067
243.946
272.367
196.9
202.521
240.098
257.564
244.836
304.306
218.845
280.094
243.167
217.225
263.975
276.802
214.561
247.112
291.209
242.045
237.995
258.44
227.13
230.571
278.111
268.584
265.341
228.701
288.932
252.035
289.13
234.394
221.431
245.232
193.623
261.46
262.19
247.288
263.038
197.04
290.635
237.465
265.57
237.359
246.074
266.591
302.4
222.611
254.111
293.612
263.43
273.479
210.081
248.854
222.426
267.049
193.803
243.245
231.839
231.719
260.233
232.854
202.637
238.8
274.183
249.363
249.345
277.226
239.827
321.793
309.512
275.232
302.899
279.263
216.46
272.97
291.313
249.134
287.64
272.795
290.865
249.498
205.25
234.596
233.111
279.4
284.618
250.121
287.795
293.869
181.676
274.493
241.148
243.031
224.705
254.489
272.781
272.263
256.506
221.615
238.541
266.642
230.716
268.766
230.789
244.261
213.267
250.418
273.534
288.411
293.598
214.172
241.246
256.932
304.679
214.203
202.678
233.816
263.907
237.779
260.838
250.805
240.659
206.461
285.047
268.416
259.84
336.352
274.403
221.248
230.952
227.599
324.62
229.046
273.271
289.084
268.3
230.885
263.74
278.777
226.283
297.955
223.419
241.025
275.72
240.875
283.452
244.631
259.653
300.629
239.219
229.301
252.676
267.833
216.249
250.178
198.848
220.284
234.833
265.019
212.866
270.733
247.674
250.336
223.822
226.919
266.973
287.681
322.556
234.422
237.548
275.144
270.737
237.536
211.28
245.17
216.406
252.562
216.557
237.379
227.908
254.256
227.394
334.262
320.867
268.468
240.605
247.19
254.189
218.545
247.419
248.382
238.943
226.739
298.777
162.621
248.59
247.793
229.114
240.781
242.695
255.426
255.83
294.993
246.576
241.654
225.105
340.245
246.178
247.16
217.301
256.926
256.77
251.07
261.627
266.976
231.548
208.963
270.56
255.076
248.461
249.121
187.934
253.946
295.299
268.858
252.653
304.182
215.143
246.5
259.301
295.46
224.876
262.71
250.284
240.56
294.61
235.176
281.504
206.332
255.31
213.916
254.169
318.697
217.45
291.392
273.439
248.504
243.881
233.495
276.363
281.13
265.808
236.898
254.683
245.342
224.001
259.119
197.964
234.058
263.821
257.41
238.714
259.119
213.047
259.752
213.235
283.799
229.332
248.905
243.434
239.924
234.387
227.921
232.076
257.922
249.809
252.224
247.669
196.873
258.209
223.467
271.938
242.793
244.703
258.298
253.323
263.851
269.833
286.791
223.164
226.635
231.219
254.884
278.26
288.392
290.561
204.763
284.118
294.227
238.561
256.634
227.912
261.311
276.554
245.483
193.386
245.35
238.995
220.199
270.046
181.638
240.142
193.129
251.727
289.003
190.831
232.2
239.642
258.08
307.984
263.478
238.683
270.708
215.841
211.667
235.371
274.788
252.164
292.981
246.381
261.914
323.805
197.943
320.426
226.852
273.07
252.016
233.206
303.248
278.832
280.775
312.446
261.449
285.773
280.573
286.904
222.984
228.291
237.329
284.449
329.204
264.834
250.49
251.809
245.479
234.365
248.195
213.395
288.928
288.514
205.671
274.831
245.736
256.368
257.331
244.606
301.543
211.1
303.531
310.087
194.7
229.328
254.247
281.34
215.696
211.448
245.727
263.429
232.486
230.652
252.927
243.746
222.477
277.288
245.495
244.376
224.932
268.332
276.256
232.421
237.504
246.26
245.49
283.041
282.985
295.757
268.624
262.856
232.426
231.394
289.953
248.932
214.655
237.285
260.685
244.033
222.166
228.402
261.537
242.309
247.884
250.54
257.862
279.409
258.023
257.169
277.307
255.927
236.565
276.496
186.266
207.375
255.296
239.773
232.548
237.798
224.243
238.511
229.54
271.401
267.809
331.029
260.478
301.128
290.085
244.88
292.998
279.835
265.958
259.169
267.164
264.144
215.8
274.603
230.064
251.976
285.366
221.516
266.161
281.841
256.662
326.584
242.046
239.093
269.339
248.837
248.015
245.521
244.912
269.39
300.67
202.04
234.691
217.923
226.33
255.954
209.801
229.066
253.868
300.241
237.692
280.21
256.38
245.351
284.414
310.386
240.458
307.162
287.411
229.329
248.306
244.448
271.611
247.045
262.693
244.547
213.457
312.701
262.782
293.438
265.212
267.894
220.013
245.418
232.838
210.396
275.81
291.906
213.267
236.773
267.326
243.426
259.349
275.03
241.018
236.056
234.792
236.868
199.242
275.252
216.34
202.815
265.606
262.94
281.355
271.443
274.793
311.367
230.486
287.584
262.023
234.272
253.781
260.677
260.09
272.991
222.536
253.323
231.02
277.361
226.199
331.255
191.107
261.315
190.412
209.82
237.898
238.227
279.006
301.198
259.014
242.178
270.044
255.502
232.075
225.275
273.408
215.217
213.75
262.1
316.158
234.132
224.347
287.731
220.232
246.007
262.485
283.002
268.632
277.116
306.497
258.891
251.798
255.208
269.495
225.397
264.391
292.742
259.542
276.626
261.365
251.174
252.028
195.819
265.458
244.943
256.926
267.076
225.6
229.306
243.868
290.168
257.676
204.152
226.454
257.951
234.921
228.889
200.799
248.859
286.098
276.771
251.871
293.704
241.447
249.291
269.99
301.441
313.34
216.333
295.989
242.543
268.646
218.541
237.872
261.273
240.746
225.868
280.463
244.461
231.723
268.058
197.828
297.224
290.375
226.027
203.738
245.915
217.612
234.572
329.151
231.262
246.424
261.775
223.725
281.528
230.847
302.974
232.31
258.142
272.983
270.446
278.184
254.238
251.266
187.818
218.197
283.181
272.123
245.813
284.321
188.082
245.2
250.074
250.533
267.078
266.12
265.923
255.13
258.729
274.437
297.795
219.135
235.036
181.36
211.381
266.648
265.019
254.798
232.857
257.593
248.479
237.188
228.776
246.537
317.406
282.33
275.166
225.292
262.958
245.295
268.045
322.915
220.278
300.423
288.453
254.878
245.951
238.534
212.583
208.259
282.663
231.123
199.928
252.269
243.982
226.445
213.953
250.271
313.844
273.111
251.807
297.418
287.148
309.104
261.237
249.319
303.378
281.821
242.26
205.925
298.892
271.604
266.351
287.614
257.871
220.606
246.622
260.711
221.219
245.022
221.005
276.234
246.438
224.071
254.668
232.233
263.605
236.696
242.751
300.924
292.087
287.521
211.749
260.707
245.763
224.981
294.897
292.761
197.038
240.637
258.389
253.598
240.21
312.026
219.719
244.254
207.587
247.35
256.817
248.914
224.849
250.986
215.376
288.409
251.945
286.088
284.626
211.018
264.433
273.092
198.148
215.552
177.983
293.891
254.082
217.551
250.005
252.444
231.4
271.125
203.395
245.942
274.297
210.732
231.703
245.325
227.316
312.683
207.693
214.836
225.027
257.378
223.249
231.635
250.7
209.672
205.241
214.669
238.498
282.105
266.649
234.334
227.788
205.942
298.916
206.299
239.523
195.545
214.618
261.946
266.637
206.103
259.557
265.356
221.551
317.493
257.898
278.305
267.113
286.224
277.717
282.174
268.34
249.551
265.426
250.763
299.782
244.91
231.613
260.935
289.914
229.16
240.649
237.343
274.329
255.727
241.982
297.144
264.941
185.893
288.116
268.137
210.49
265.386
249.976
233.848
241.248
249.743
251.566
229.839
236.129
294.045
239.965
286.582
283.899
255.137
241.358
243.375
268.408
264.614
247.049
223.24
258.167
253.076
297.409
253.352
292.579
232.412
254.13
258.005
342.011
274.153
257.995
257.232
265.755
258.036
282.921
285.134
277.782
267.2
310.882
276.177
253.614
279.179
244.271
240.832
238.63
322.398
211.97
278.97
259.744
269.227
233.74
261.216
235.544
255.109
235.104
281.37
236.016
286.226
244.311
219.061
255.599
226.501
274.955
248.617
248.372
269.555
201.316
241.152
288.646
281.368
265.989
278.178
261.294
274.063
329.503
282.765
264.127
277.537
254.93
229.887
233.244
222.007
237.684
221.31
240.858
213.204
202.917
207.362
232.422
263.096
214.204
246.204
229.023
245.98
193.03
210.737
265.41
222.474
238.355
257.28
230.121
268.322
234.999
234.028
318.179
246.744
236.653
286.393
262.079
261.351
248.192
225.936
271.171
303.786
276.207
238.607
222.335
212.79
269.54
267.77
249.517
241.213
270.544
259.232
229.829
220.629
270.809
214.013
242.117
279.312
205.248
237.392
258.948
242.34
253.439
266.95
177.37
190.046
225.901
253.77
259.329
225.999
287.473
257.162
300.954
213.579
291.914
238.499
261.633
245.535
219.351
257.512
244.735
279.791
263.179
252.207
270.651
272.162
330.986
230.658
238.212
256.596
250.257
247.449
229.135
235.188
224.04
256.025
278.276
195.946
263.701
255.456
212.344
284.59
281.996
279.118
207.41
268.069
237.252
266.082
208.338
244.4
275.324
271.477
257.236
271.715
292.546
280.197
298.172
222.093
213.142
263.918
253.995
226.85
184.361
253.067
237.79
264.061
264.105
247.52
272.479
307.974
186.742
209.488
203.683
218.444
295.764
248.277
216.74
264.987
271.034
217.894
254.521
269.269
213.084
247.345
267.394
276.757
220.218
263.41
228.798
250.58
220.068
271.986
244.427
240.467
270.048
300.586
273.25
224.182
224.77
290.12
281.684
217.142
244.131
281.456
269.454
285.966
229.924
272.388
262.578
265.731
229.634
200.747
276.382
249.496
222.758
210.166
198.592
246.291
284.031
282.325
298.309
253.723
235.652
248.993
292.026
233.824
225.089
289.316
212.082
261.275
253.083
226.196
240.718
270.466
303.939
236.37
250.274
217.643
164.359
303.075
194.227
274.201
263.702
256.276
312.373
313.831
227.528
236.705
280.153
242.907
262.826
256.437
282.56
229.341
220.483
293.347
243.872
280.038
242.494
217.11
205.368
268.366
245.081
293.643
217.434
225.406
277.796
288.018
295.604
232.873
250.931
258.568
231.46
261.981
247.031
232.922
253.616
258.78
239.473
255.913
227.606
290.382
247.782
241.035
228.912
257.909
226.379
219.097
219.199
247.38
263.077
274.74
220.944
231.115
257.969
250.556
172.641
259.997
217.68
216.036
264.207
248.261
255.538
219.69
272.881
247.21
228.937
237.164
248.403
228.64
284.798
253.363
275.99
237.276
254.815
263.234
271.685
239.283
252.821
244.526
305.481
223.397
252.109
231.535
278.819
293.729
261.184
266.968
245.513
240.898
250.055
227.807
280.041
254.991
201.63
248.405
214.921
264.182
233.598
245.257
254.353
234.851
274.78
246.874
265.981
241
249.893
251.01
227.011
227.935
264.324
228.74
260.201
285.638
266.583
259.546
277.177
231.144
274.505
194.649
271.096
212.459
259.135
259.558
284.192
248.308
185.915
306.627
260.192
241.844
212.104
219.155
221.759
272.319
219.854
238.902
243.319
255.94
221.533
253.834
243.837
261.899
277.097
267.72
284.826
297.569
224.156
301.435
249.751
255.746
290.428
291.585
234.219
254.961
334.852
249.692
277.642
237.709
229.075
205.551
203.473
254.175
294.708
209.682
261.188
255.92
240.685
289.45
265.172
253.294
239.407
245.045
237.607
250.612
269.207
252.694
236.177
225.493
270.666
274.108
276.848
235.756
286.208
224.555
224.005
268.493
212.241
228.121
220.339
294.36
227.384
287.336
254.808
236.81
269.528
266.107
301.802
290.815
253.337
232.55
248.098
238.637
298.059
217.272
246.178
228.583
252.264
269.199
257.073
238.316
257.274
255.107
234.368
240.556
272.999
250.436
262.784
254.007
200.06
263.919
297.464
255.458
271.73
254.884
251.479
244.181
318.684
260.88
197.279
204.445
237.422
262.915
248.354
285.341
360.28
226.623
298.96
305.213
286.562
290.019
270.585
241.152
222.3
258.25
269.657
281.431
236.929
280.867
271.365
249.776
271.003
212.221
216.194
224.693
266.114
277.003
234.993
301.184
250.918
253.811
262.027
260.402
245.342
283.133
227.595
248.538
281.573
270.593
284.539
250.581
225.981
234.863
269.139
249.563
230.799
249.806
255.43
245.471
227.275
187.541
287.812
256.42
217.691
262.288
276.062
272.244
228.464
313.869
241.107
208.204
249.436
245.48
256.39
235.972
296.931
276.743
212.662
243.961
255.118
291.416
252.766
254.029
244.333
248.135
218.485
225.08
249.58
255.368
289.85
213.145
258.138
263.352
222.078
252.576
239.668
321.011
249.488
242.457
245.141
304.089
232.834
213.302
204.914
258.044
220.608
237.67
247.662
245.891
283.338
255.238
238.988
230.35
283.964
267.432
282.228
269.469
317.186
194.086
270.048
225.659
266.456
276.28
259.28
253.031
228.627
263.416
250.524
223.505
243.867
257.945
232.491
254.368
244.662
254.296
242.289
267.436
239.973
242.551
253.052
262.395
239.326
222.046
282.653
306.687
250.231
253.67
201.67
229.836
267.413
249.135
223.162
256.872
240.723
243.836
265.903
236.592
255.968
241.883
262.887
252.332
307.545
226.017
236.949
290.995
237.969
234.818
261.521
244.57
291.547
240.826
245.631
249.403
282
240.492
257.39
261.566
278.365
234.609
239.695
238.917
205.078
246.87
217.095
321.539
223.262
276.568
232.418
305.815
249.205
223.153
307.215
242.802
234.195
300.357
236.618
290.075
187.521
192.482
241.176
276.696
237.579
260.024
241.603
249.135
273.267
314.426
243.317
250.165
265.311
239.606
316.904
290.673
262.023
273.84
271.359
274.984
258.949
304.955
221.57
252.223
273.643
229.04
260.023
188.588
260.702
306.366
266.777
240.464
216.363
215.663
251.823
332.284
247.646
237.265
278.232
232.981
246.074
213.174
221.092
269.908
219.533
269.844
252.074
200.551
269.104
230.767
222.144
250.698
220.648
240.887
267.413
226.693
219.627
229.713
211.727
247.588
242.609
330.019
299.673
223.981
266.678
254.438
246.085
207.377
216.528
235.441
250.864
222.036
260.069
241.641
277.755
264.718
248.98
248.847
264.772
250.737
301.21
269.194
257.103
247.831
218.291
235.652
291.94
297.52
244.375
269.506
282.751
237.214
248.49
269.487
275.09
272.296
301.444
240.953
262.683
278.862
233.547
260.529
288.365
266.64
191.237
243.171
199.342
232.769
269.528
278.458
276.663
234.789
227.016
243.218
265.243
249.134
257.711
260.092
277.318
262.611
287.807
238.137
222.853
244.092
280.917
235.931
247.41
264.835
202.691
263.077
244.955
251.904
315.85
233.12
240.844
252.494
285.435
295.169
260.088
214.106
234.793
235.19
187.859
237.332
268.023
219.001
255.236
246.928
236.647
284.976
242.222
237.569
242.48
276.033
264.745
265.628
294.125
266.61
235.787
253.989
285.973
269.615
223.68
264.722
224.832
257.041
208.433
228.815
218.411
275.242
295.737
224.146
261.902
260.022
255.912
205.659
298.491
188.745
271.459
218.05
220.315
236.099
243.158
244.778
230.381
248.175
331.459
224.511
263.436
247.195
232.396
226.223
302.795
269.607
255.47
226.857
218.358
272.387
234.215
198.32
278.492
314.265
222.116
267.875
239.029
252.743
237.036
279.743
258.046
240.608
251.17
283.962
245.822
265.263
255.689
229.437
177.973
228.304
245.659
266.409
250.938
293.15
229.081
254.159
298.333
276.119
259.033
227.661
259.212
257.391
248.429
226.318
280.496
270.751
283.056
262.387
288.257
265.04
287.942
248.136
218.148
282.894
257.147
231.096
242.122
249.722
269.183
241.596
261.085
274.888
250.07
235.601
273.051
220.416
202.647
277.804
259.792
273.741
255.725
205.484
307.004
248.711
269.716
255.555
257.68
236.366
218.088
235.283
236.996
231.517
289.392
279.238
241.439
221.375
216.476
251.22
265.562
245.386
205.56
284.878
191.915
232.141
204.498
291.33
271.002
242.356
243.133
256.804
286.013
237.307
247.807
296.819
276.44
225.217
243.198
231.525
265.432
324.891
275.276
229.952
259.797
251.092
222.037
196.969
270.701
264.619
262.821
225.643
212.978
238.282
262.787
252.532
244.714
312.942
260.819
262.541
271.865
289.882
243.537
260.039
242.373
283.224
307.327
236.445
204.165
260.482
241.388
268.001
243.778
249.103
185.71
208.751
263.2
263.228
247.255
263.576
233.558
279.619
262.212
283.923
212.857
333.105
280.801
252.772
237.794
266.317
194.552
215.163
255.848
224.012
239.834
255.967
228.769
299.421
236.522
297.874
280.406
235.974
239.929
254.249
236.15
257.886
271.473
277.071
255.278
303.941
272.007
282.474
239.067
231.413
276.409
271.508
273.422
249.653
250.429
239.935
212.913
215.406
203.101
314.947
254.068
258.057
227.722
266.428
237.283
205.453
253.771
222.735
278.662
270.968
203.994
293.262
217.971
254.549
273.35
292.532
326.814
235.752
242.2
252.016
252.665
265.309
224.464
256.426
251.09
201.209
301.317
203.06
232.223
283.534
229.525
312.453
208.242
228.861
269.78
237.48
242.48
286.976
268.006
271.428
275.084
239.729
201.693
243.799
196.835
266.325
271.534
234.167
225.597
275.633
245.493
275.368
225.095
235.6
199.827
241.316
283.547
233.16
233.632
218.268
299.686
215.513
281.64
220.026
227.658
284.535
240.435
192.772
285.535
251.529
293.355
260.171
273.283
264.916
279.792
263.551
247.101
219.287
247.234
237.161
207.865
281.256
281.34
246.159
279.399
246.005
268.726
301.133
263.577
266.687
270.277
248.999
230.496
288.18
303.38
239.165
260.404
208.323
213.124
239.538
258.884
282.049
327.853
231.425
214.599
295.353
245.018
259.563
203.327
235.919
269.499
255.868
250.105
223.565
255.337
248.515
237.342
292.462
239.678
177.843
239.401
255.285
224.281
236.102
268.736
229.154
260.303
235.604
226.157
262.016
257.433
285.994
245.009
251.793
250.614
244.391
291.694
272.998
236.113
270.73
314.104
263.313
261.346
264.446
224.641
270.629
219.263
255.162
250.127
277.142
265.29
302.219
218.111
293.604
218.718
309.942
275.883
217.571
254.628
236.453
298.551
268.19
237.848
244.268
200.657
244.368
273.655
247.272
281.867
178.625
215.905
290.395
278.142
167.792
209.58
249.894
278.922
258.532
232.645
267.282
215.885
281.126
228.634
235.797
258.432
217.99
317.548
276.433
250.66
303.68
233.096
283.719
213.011
316.649
253.873
230.383
275.681
236.977
252.215
259.704
227.377
259.564
279.998
185.234
212.621
243.673
244.974
272.167
260.128
257.785
201.254
230.84
241.464
256.714
274.213
248.783
233.937
197.341
264.45
267.281
268.848
323.18
291.476
230.408
237.513
244.849
289.53
318.47
260.612
236.5
285.921
280.934
227.162
204.285
286.276
227.271
243.031
207.455
208.537
221.081
270.656
207.376
226.879
248.965
260.002
273.666
240.917
270.92
243.085
265.181
212.01
226.426
231.548
210.729
209.853
249.745
277.272
274.251
259.739
257.555
220.995
269.11
309.235
267.17
282.757
250.486
247.249
219.267
312.383
264.118
248.878
319.77
297.045
236.506
269.165
258.74
296.914
259.716
223.167
261.648
193.593
253.291
251.983
294.242
315.708
265.72
252.155
238.395
220.995
286.99
283.298
281.368
295.878
276.639
251.416
244.496
224.694
239.828
268.861
225.704
298.492
198.994
249.822
222.456
273.777
278.548
250.033
263.69
250.999
267.52
242.956
292.275
267.463
248.875
272.543
272.469
243.037
260.155
225.497
233.764
263.716
225.73
273.299
234.389
265.721
267.558
248.283
259.827
211.634
226.351
242.862
278.118
307.031
268.018
282.329
261.635
247.918
240.228
229.429
213.998
248.801
298.079
240.281
256.652
262.844
263.392
243.222
196.205
247.203
236.215
239.184
225.95
218.89
244.8
232.597
273.815
281.509
220.228
279.897
264.466
253.661
254.188
228.624
198.537
241.152
225.415
212.194
263.842
245.196
283.02
268.631
230.333
285.979
223.398
218.294
232.004
263.506
239.475
276.842
224.34
203.379
219.732
240.037
254.448
239.496
266.752
241.019
247.751
263.467
263.223
242.183
265.012
253.518
212.078
220.725
243.133
232.968
296.11
230.987
263.99
230.694
182.613
221.78
250.505
236.922
220.242
250.673
234.875
213.876
217.088
258.751
203.618
234.418
229.573
306.342
250.703
228.844
305.816
234.098
222.47
241.838
204.254
214.811
260.574
265.439
236.725
214.693
238.046
260.809
245.526
187.083
223.473
242.001
221.22
231.058
183.389
311.423
204.405
233.271
246.661
198.208
262.273
241.195
247.308
262.3
228.756
233.398
251.739
245.53
285.024
245.561
256.941
242.216
225.855
307.675
270.513
235.235
251.047
232.181
234.32
271.05
303.193
237.981
204.564
270.312
236.6
201.026
228.482
243.852
189.477
231.562
227.175
239.606
310.211
271.455
249.889
213.78
241.393
246.988
255.165
185.868
221.49
246.836
259.928
274.505
371.937
225.776
277.762
258.297
275.732
263.653
237.19
313.499
271.867
270.956
271.938
271.484
289.578
275.478
265.079
235.741
239.114
293.085
233.638
234.477
244.569
295.931
252.605
262.399
295.68
245.604
232.735
216.671
249.312
225.463
270.403
207.15
242.965
292.332
311.688
302.137
271.448
215.537
260.504
293.259
243.55
236.869
251.948
183.569
286.881
278.389
289.287
216.184
254.877
269.556
267.267
304.602
232.172
263.316
238.445
267.005
247.168
273.552
300.173
279.938
288.422
291.072
216.748
277.299
258.229
336.445
210.714
280.057
277.75
241.898
315.908
269.499
285.306
321.631
272.071
258.17
254.631
225.223
226.471
260.939
247.244
302.417
215.173
261.883
253.441
273.294
255.774
240.174
203.759
233.705
275.205
295.204
247.086
271.693
245.723
277.234
273.345
256.733
237.493
262.421
231.932
239.734
267.861
268.146
298.924
286.92
202.501
215.383
265.429
277.174
251.919
244.005
318.152
235.472
267.247
254.12
223.798
218.142
233.866
221.74
259.99
261.334
245.184
267.653
250.42
234.745
269.803
274.429
213.839
292.151
249.073
228.877
272.732
207.041
209.936
246.292
203.06
264.91
257.582
232.019
241.981
258.524
282.665
244.409
248.639
282.802
259.853
226.888
251.092
261.221
250.24
315.982
250.33
254.413
261.62
231.89
212.011
304.672
297.966
193.576
238.094
228.749
277.308
291.615
246.476
292.646
222.738
225.151
286
275.264
273.711
339.715
211.667
263.127
331.665
237.175
219.612
273.007
216.86
270.649
255.4
246.994
190.25
256.382
250.349
282.268
254.124
261.614
251.435
266.378
315.933
243.789
226.77
231.813
229.879
229.295
255.898
234.177
274.07
232.087
291.907
230.766
246.035
232.13
198.533
287.576
275.657
237.565
263.857
301.783
238.321
250.989
208.372
225.464
253.402
258.078
232.616
249.001
246.761
294.359
291.993
288.516
302.661
240.795
258.393
262.48
248.03
328.838
211.035
204.891
286.168
251.845
215.419
255.551
252.295
240.735
281.518
226.178
289.211
275.278
229.905
251.628
212.492
280.459
238.207
197.609
281.829
255.796
257.865
227.872
280.23
234.236
199.22
220.299
232.002
270.587
315.33
265.87
263.962
253.407
260.391
238.233
251.073
256.3
265.828
292.433
244.848
279.334
276.048
228.869
277.562
291.905
322.23
250.625
235.908
286.875
237.952
228.259
263.503
238.077
253.614
253.715
224.096
267.933
244.95
257.136
201.998
296.759
202.926
223.118
250.117
301.392
246.726
267.129
248.484
201.389
227.184
275.043
249.751
242.599
248.926
301.749
241.767
237.648
228.363
225.663
229.684
262.11
253.34
264.074
268.066
215.016
324.423
216.996
218.921
257.814
317.555
253.169
225.915
230.687
242.008
262.65
254.73
280.03
232.768
221.892
254.29
247.594
247.56
192.692
237.632
275.197
251.843
260.205
259.674
233.353
213.558
242.554
205.14
202.99
269.119
276.862
269.229
260.808
302.327
245.799
199.232
236.492
256.471
264.344
263.791
208.209
259.296
263.327
229.409
258.852
183.522
249.708
251.256
320.46
238.613
230.673
320.235
236.667
200.392
305.656
232.038
220.464
243.48
240.961
275.877
262.442
201.551
242.357
273.967
277.091
225.274
222.103
246.933
265.752
271.783
234.922
268.224
236.399
254.976
261.61
265.577
260.871
244.188
253.015
231.267
248.013
259.541
252.951
218.875
236.016
214.104
248.537
259.462
262.408
270.416
257.131
248.908
296.762
267.377
286.782
317.547
229.504
269.79
287.83
230.064
246.652
228.953
200.034
218.847
246.258
271.297
255.508
230.688
258.893
206.333
234.362
211.234
265.623
267.97
252.549
307.664
260.958
237.013
207.86
224.942
260.279
169.299
254.776
260.253
249.415
288.276
268.299
274.142
269.68
276.988
265.268
268.717
289.528
241.033
300.369
247.036
272.529
244.622
246.769
212.341
340.248
231.742
226.357
312.732
232.704
279.934
262.744
223.222
315.211
222.963
292.931
197.053
215.48
265.024
266.62
237.935
223.916
224.255
246.052
255.164
275.125
281.093
275.823
343.501
247.703
321.531
342.485
242.418
285.488
251.133
242.894
243.527
241.475
260.941
276.431
290.834
239.596
222.128
275.692
249.047
276.372
284.685
206.378
277.678
264.727
252.352
245.738
259.758
297.88
267.079
285.845
251.563
215.207
281.568
274.959
253.264
201.616
257.168
284.24
261.444
273.686
214.079
231.1
212.843
246.53
255.917
259.642
271.35
201.87
244.743
218.28
318.694
242.159
242.338
262.573
254.639
252.349
253.722
222.523
265.134
175.064
212.527
269.053
290.101
235.428
288.975
242.57
271.661
289.213
260.736
230.083
229.525
256.59
296.893
268.57
252.465
228.175
217.224
274.311
274.589
235.854
238.849
292.977
237.944
238.397
248.605
259.194
300.269
224.369
262.535
231.52
205.017
245.43
242.689
209.103
220.249
258.605
309.656
245.804
291.559
276.868
219.756
232.173
224.344
257.73
232.777
300.476
237.311
245.106
269.191
272.869
260.398
349.244
248.708
264.155
200.218
273.19
265.11
231.032
237.026
275.949
267.351
277.461
229.221
302.46
272.813
257.153
217.662
246.796
210.991
274.921
224.278
275.666
233.461
232.734
271.694
255.349
263.582
263.854
176.134
240.031
302.627
206.615
257.143
268.661
279.339
206.497
263.265
313.699
274.785
225.866
267.225
250.429
221.895
275.577
288.106
261.405
252.7
264.775
332.458
228.929
296.352
286.082
295.037
260.104
198.848
224.769
357.006
241.052
263.521
247.583
230.51
246.042
184.471
307.445
237.496
242.362
240.66
190.987
315.934
259.805
255.083
277.861
265.9
219.715
268.048
205.513
189.432
235.683
234.033
289.754
269.218
298.014
237.725
234.088
234.398
291.822
264.863
261.156
241.328
247.73
200.107
217.225
256.439
221.223
219.318
215.448
224.867
265.639
283.092
272.908
285.297
265.068
244.964
269.829
212.621
218.549
276.637
270.183
237.517
240.838
288.98
239.893
264.545
252.39
221.671
188.369
274.089
302.344
263.696
204.177
287.353
267.353
188.977
245.574
242.953
264.656
253.511
275.595
257.381
286.459
230.4
289.958
274.877
316.824
310.563
246.472
204
334.14
232.546
275.698
288.013
243.429
216.611
272.801
290.769
229.916
256.431
243.029
269.016
290.54
241.33
285.65
246.957
233.15
237.598
270.796
240.034
281.497
249.122
299.251
275.961
332.818
238.977
217.811
284.781
278.157
230.982
254.939
240.496
245.734
218.779
256.83
245.95
257.879
253.565
312.621
268.099
252.63
256.435
232.826
251.188
262.33
239.674
215.096
206.175
269.852
241.119
257.395
282.259
246.379
267.084
215.638
344.363
245.779
298.757
224.348
218.484
227.58
233.936
238.638
251.183
247.354
241.209
227.448
205.659
232.77
285.528
221.837
257.733
291.584
230.575
247.95
300.795
237.624
228.177
221.344
252.746
168.25
264.487
244.675
233.128
242.732
257.245
240.012
223.598
269.238
305.217
272.957
287.869
242.344
274.892
221.273
233.664
239.341
260.165
260.504
233.894
232.842
278.871
198.651
248.34
233.077
240.195
311.401
207.512
240.337
293.922
264.655
231.495
238.132
227.753
248.599
223.207
252.513
273.563
279.747
270.858
261.603
219.51
250.002
313.788
211.969
271.304
220.608
261.616
222.146
258.614
264.828
208.97
246.619
272.354
234.071
290.286
218.281
243.369
261.195
234.517
230.557
248.289
272.655
188.104
216.135
279.052
281.619
243.32
270.778
230.993
242.891
261.505
291.837
285.643
246.157
229.551
257.394
250.143
205.678
267.782
249.289
298.183
261.695
218.509
260.272
262.231
251.652
266.441
273.54
264.454
267.627
182.924
234.887
267.975
275.092
246.603
233.71
300.666
314.026
257.183
235.997
318.271
287.53
245.51
254.63
260.228
241.953
251.141
227.353
242.212
236.796
231.019
223.6
283.879
209.711
251.045
264.068
310.766
218.104
268.167
261.91
233.27
278.768
278.557
240.105
180.123
282.547
254.726
249.806
262.388
224.958
236.824
295.441
268.923
224.721
240.059
237.636
215.284
253.203
294.023
281.981
232.688
270.234
201.151
295.269
243.302
266.098
213.246
274.438
275.219
301.573
246.534
206.86
273.653
274.468
238.013
222.987
212.072
286.37
227.753
237.485
267.441
257.135
320.592
236.697
238.77
245.716
280.702
273.177
219.056
291.877
258.489
285.038
263.165
233.854
253.793
265.995
302.426
239.71
248.16
246.661
231.13
265.563
264.532
263.507
298.247
243.847
224.811
322.9
229.998
251.118
212.978
251.82
253.461
250.408
219.476
226.387
257.473
273.694
270.668
270.254
235.186
211.808
282.542
328.576
261.089
178.611
258.846
255.277
300.13
290.323
292.303
207.152
239.822
208.403
247.162
280.278
239.29
256.116
254.002
254.842
227.29
261.53
246.086
282.829
336.875
213.185
185.35
270.98
270.022
247.666
258.695
292.28
217.619
292.906
271.455
302.607
307.684
303.207
270.027
231.146
257.422
218.901
258.295
247.889
268.765
268.431
252.655
253.943
245.783
204.507
262.224
237.262
286.141
250.572
235.448
223.68
215.42
255.733
274.519
302.817
191.009
266.663
259.454
227.739
251.909
290.864
211.864
296.819
306.516
295.618
230.306
220.119
287.78
288.506
217.527
288.424
211.846
271.139
247.548
276.39
285.533
215.346
240.597
262.235
225.422
227.307
221.139
249.56
249.513
248.402
250.883
242.424
274.972
261.621
265.221
238.307
284.091
225.669
252.992
232.254
215.167
217.802
252.12
252.462
259.645
260.347
215.296
232.575
252.264
255.107
261.633
254.184
282.787
228.177
260.818
229.059
248.623
229.18
286.193
231.512
232.945
276.535
222.358
273.008
209.691
242.795
287.099
275.675
256.627
274.915
286.327
211.816
236.019
264.806
256.599
254.005
241.008
240.004
239.083
289.387
246.744
211.085
244.982
312.449
278.028
222.086
300.878
225.753
265.593
262.506
247.548
267.862
276.193
277.319
225.063
242.229
271.416
264.021
274.561
236.755
244.132
255.188
267.874
217.423
267.617
261.727
232.391
228.941
220.907
251.627
224.68
246.853
230.683
251.519
233.413
254.831
272.289
254.308
271.849
219.398
264.93
279.491
219.133
245.521
221.186
253.229
265.176
264.674
268.514
243.758
244.447
231.692
226.391
283.861
262.192
239.934
256.099
241.381
258.055
253.662
252.215
281.025
287.179
260.941
283.433
274.001
201.651
260.223
258.466
251.749
234.149
246.09
224.134
288.868
237.085
266.903
265.955
207.484
322.516
258.94
262.885
259.83
245.374
222.238
258.195
240.64
259.542
232.146
223.644
222.849
306.48
223.759
269.528
303.086
287.338
237.414
241.03
242.468
255.414
211.062
235.232
262.108
275.114
249.355
271.437
207.543
299.584
258.476
200.081
279.93
267.833
210.964
239.838
259.259
250.202
283.959
308.159
279.512
278.183
224.525
260.794
248.803
200.706
237.468
251.871
258.168
236.492
277.527
255.317
195.936
243.191
265.004
281.088
246.396
232.997
248.745
281.211
275.512
208.907
306.798
252.193
264.235
206.015
240.012
265.448
251.19
296.655
251.384
213.856
254.14
249.462
209.714
272.677
251.975
221.85
260.315
247.971
230.914
245.224
190.311
262.777
268.264
259.221
278.195
201.891
264.353
222.512
203.286
209.34
231.318
251.396
284.727
236.159
266.684
236.174
238.684
271.685
269.321
241.515
284.584
245.902
300.227
250.829
250.634
226.229
259.013
235.891
217.755
210.489
241.734
200.76
221.726
265.408
247.57
321.969
239.038
314.382
233.975
237.451
276.712
267.101
221.301
346.601
239.681
261.194
285.589
215.954
218.756
226.22
217.16
231.568
185.68
260.85
264.534
211.143
230.371
248.559
275.118
271.482
252.282
281.664
261.573
267.691
225.055
213.897
203.318
259.078
237.426
242.239
227.931
206.175
257.519
233.681
212.508
234.45
232.009
198.523
259.055
252.807
236.924
257.413
229.299
240.663
194.759
287.748
215.795
187.732
263.989
267.502
220.34
210.839
271.485
232.21
224.601
253.139
273.199
265.669
260.998
222.091
264.248
219.604
272.491
277.085
239.341
243.486
304.509
253.329
223.748
274.67
230.727
310.713
242.308
214.626
263.546
287.457
269.275
273.938
247.048
269.076
254.368
279.117
233.016
220.551
245.456
252.982
225.752
290.129
274.307
294.79
288.366
182.619
220.615
267.086
214.616
220.316
248.131
276.573
243.747
226.157
238.877
239.604
243.481
232.26
295.705
264.153
242.257
219.603
218.191
228.418
223.751
218.253
212.515
278.103
282.273
266.464
216.54
219.712
224.078
311.68
259.383
270.669
276.335
248.011
218.168
288.152
304.843
226.193
248.043
264.419
285.749
233.504
263.521
333.457
217.572
269.978
206.477
252.051
232.536
301.403
212.441
236.465
250.334
254.378
249.171
291.824
202.476
246.644
229.868
268.855
312.717
283.597
242.907
277.711
236.243
262.588
260.037
235.731
257.441
223.536
297.234
240.845
240.945
315.27
266.871
251.344
273.063
230.775
247.878
272.89
254.919
259.018
231.043
208.944
292.485
233.525
222.555
243.421
269.06
319.399
272.224
268.632
271.729
247.416
235.848
240.559
218.502
265.303
223.756
284.396
246.769
353.86
215.409
286.57
231.998
263.825
256.324
271.132
250.964
238.943
232.599
272.624
270.436
252.561
188.372
279.223
285.664
239.837
227.528
245.167
248.36
243.735
218.808
236.105
251.72
322.922
285.182
254.545
249.31
268.889
188.169
225.386
237.305
221.16
342.207
231.601
248.11
255.528
262.166
256.443
227.44
255.172
285.077
238.256
246.198
270.145
232.39
259.05
263.322
229.043
199.802
225.556
257.479
316.855
241.315
284.638
272.364
237.47
231.175
312.664
251.149
238.346
280.355
273.944
293.331
259.673
302.673
301.623
229.009
213.122
248.557
210.202
251.085
294.071
206.019
267.805
250.553
333.832
312.623
298.648
254.081
273.879
237.245
263.393
230.609
219.888
228.529
294.148
246.219
259.696
292.861
267.481
261.076
257.49
292.945
252.529
331.681
307.949
207.707
205.093
256.239
205.246
275.319
237.685
208.317
247.664
280.073
247.659
304.538
233.471
252.48
252.468
205.259
237.287
237.052
236.316
230.765
249.675
232.048
252.68
256.555
276.884
262.176
244.43
283.043
301.988
191.564
252.1
227.967
262.915
259.347
223.9
254.276
268.399
292.955
250.24
267.908
286.455
259.691
210.177
267.638
234.454
243.781
249.09
218.977
234.684
212.601
251.266
247.253
266.206
243.25
267.11
233.159
281.269
186.591
235.084
227.052
308.07
296.903
268.919
267.824
255.893
174.171
247.178
284.57
243.163
259.727
210.004
222.621
259.309
270.668
245.229
283.758
304.536
229.966
258.668
206.876
271.622
221.451
249.009
219.5
228.531
207.53
242.918
253.04
327.294
244.842
247.135
267.597
205.116
234.677
255.615
328.815
233.489
278.121
206.146
250.539
226.845
231.721
245.876
240.565
204.334
276.923
237.154
262.72
287.069
249.147
253.896
321.038
254.122
277.916
224.247
265.933
244.442
273.782
202.742
220.446
237.268
228.393
243.148
265.02
276.378
264.959
216.73
219.946
245.847
244.588
250.442
251.184
221.539
247.676
239.699
277.644
231.669
221.584
263.357
206.26
270.914
278.779
284.174
274.138
237.958
279.421
243.496
204.269
278.867
256.355
253.975
290.02
275.842
327.129
278.433
233.881
271.752
264.434
232.795
219.166
231.356
238.388
305.984
260.416
257.511
243.83
270.335
310.306
266.386
248.476
254.213
249.501
244.544
251.987
317.216
311.962
296.145
242.291
238.353
254.361
254.618
229.303
329.742
252.334
302.377
266.127
274.942
288.347
236.284
261.098
232.65
248.168
246.886
271.238
274.021
240.235
274.933
309.347
233.606
183.541
237.556
238.501
237.959
318.598
212.718
300.513
231.894
238.716
222.414
222.837
262.469
273.407
312.114
233.751
236.808
291.229
205.225
252.557
292.358
215.837
284.082
230.854
245.75
268.529
270.278
280.184
219.589
210.022
241.951
271.995
258.562
271.484
290.984
243.062
236.535
259.29
216.721
278.872
276.619
234.466
218.468
210.487
264.542
292.849
273.032
252.239
274.88
297.344
252.984
297.423
279.989
255.419
226.642
208.924
283.674
234.85
326.299
262.576
250.828
270.515
257.355
303.653
228.8
250.288
254.307
275.669
274.171
267.087
255.098
236.927
240.224
243.695
255.783
253.279
241.337
255.629
243.532
239.72
275.433
271.351
271.439
228.113
325.053
233.535
244.738
245.186
271.449
210.662
249.147
243.574
225.976
225.374
277.209
198.158
284.18
242.582
252.612
217.786
180.996
254.727
289.057
292.004
243.003
266.155
280.69
225.146
261.292
209.456
276.318
234.509
254.978
239.142
191.306
229.528
231.135
237.762
241.562
241.104
255.219
305.52
259.124
263.401
262.701
300.773
222.257
249.255
207.805
230.061
292.359
314.018
219.157
253.355
209.786
214.917
222.422
263.681
263.956
205.458
300.733
272.367
284.326
219.213
273.673
258.286
240.551
306.454
250.092
271.579
220.311
257.877
265.762
208.905
252.661
248.295
277.205
254.674
232.293
247.264
204.346
225.512
257.392
247.69
256.887
218.101
227.638
217.523
265.462
267.845
283.028
220.87
260.158
225.899
231.577
293.024
256.43
269.818
306.887
235.623
192.808
221.636
218.842
274.197
227.167
213.806
282.67
235.412
252.469
279.962
264.083
259.969
289.399
318.714
276.935
264.644
229.899
255.677
246.48
230.409
232.973
250.826
281.105
293.844
192.623
232.261
225.073
258.119
266.671
266.016
202.389
252.165
289.326
225.568
275.753
168.713
227.799
215.553
256.361
257.982
256.43
278.245
267.874
259.071
252.488
284.584
286.831
255.412
269.766
226.421
271.04
246.043
271.27
240.565
210.907
263.055
270.563
308.969
226.391
289.653
241.796
267.065
277.626
251.257
260.964
310.685
257.706
283.777
234.257
294.374
263.284
251.49
246.963
248.224
229.984
203.466
195.061
271.291
203.592
252.119
227.447
240.694
228.746
234.796
211.844
222.189
239.28
225.701
217.934
261.452
237.058
301.872
225.819
291.547
291.16
262.297
229.714
239.406
311.833
230.243
225.787
241.521
220.287
235.702
199.227
335.384
260.975
250.728
244.949
273.698
268.753
236.913
288.834
278.115
264.455
235.886
244.764
197.73
227.865
259.887
223.625
231.321
250.876
299.119
231.423
308.706
250.802
280.767
288.686
248.379
250.248
250.679
270.901
247.227
259.067
216.15
243.947
229.18
252.029
260.452
222.468
198.257
292.213
261.592
204.326
251.225
270.245
289.34
196.032
237.339
238.541
300.211
243.116
294.9
300.007
226.43
267.878
252.979
245.862
193.794
232.244
237.752
260.445
277.816
271.01
328.996
227.421
246.151
290.916
273.261
273.798
282.436
235.373
217.841
232.898
252.787
264.542
260.871
296.182
244.807
236.468
231.37
254.132
270.771
274.301
287.289
234.763
256.164
252.919
183.853
244.591
234.368
217.183
235.814
269.367
233.901
228.24
251.533
239.456
253.505
236.88
243.409
287.102
275.716
204.158
259.64
248.98
238.44
256.963
283.268
241.517
287.402
198.845
245.128
233.45
191.438
253.547
214.087
235.245
253.614
257.386
228.867
213.776
232.415
240.7
259.882
242.289
217.379
274.475
248.03
308.52
236.399
239.967
244.854
243.43
305.555
322.466
283.903
252.186
263.541
226.458
279.799
203.007
210.898
311.704
232.816
234.341
252.677
267.545
227.102
232.839
248.675
227.422
255.585
231.705
266.42
228.042
250.215
280.512
267.319
271.019
259.628
231.311
241.53
287.684
234.809
259.189
252.616
244.486
213.546
252.637
241.738
253.789
231.275
262.892
275.751
231.219
285.234
249.779
270.996
207.836
274.025
265.078
271.729
269.183
239.289
264.79
192.595
298.425
242.974
250.823
234.379
243.703
295.811
233.849
242.019
215.233
261.929
223.651
309.948
285.229
261.675
304.962
265.972
245.865
205.274
244.1
217.914
251.342
216.861
268.335
255.247
272.339
249.17
231.199
242.452
246.282
238.942
279.318
252.022
287.981
289.573
294.354
273.159
270.007
257.058
217.668
266.12
287.038
219.752
279.24
261.184
237.242
245.188
252.254
231.196
275.468
269.1
305.11
253.345
301.961
238.642
224.198
220.71
274.222
249.122
316.091
244.419
234.155
249.802
275.437
233.825
286.123
259.661
254.855
241.803
262.613
239.485
223.518
234.75
273.809
263.622
255.429
217.117
213.29
251.678
225.773
274.859
227.456
253.032
245.042
258.479
234.023
275.556
221.667
250.848
275.36
244.951
238.14
292.305
260.41
241.93
261.173
197.568
214.145
223.477
257.564
253.74
234.64
244.244
228.294
253.272
256.734
254.822
261.566
277.253
272.681
262.409
281.862
212.226
216.555
274.791
227.978
224.12
233.419
257.423
301.846
217.657
201.938
229.075
240.165
267.217
299.503
245.195
259.568
307.401
254.888
281.159
246.375
286.841
240.101
251.319
274.439
308.464
260.395
271.618
282.618
215.241
213.258
255.431
243.971
217.71
273.331
272.556
268.933
279.522
234.463
218.441
324.79
213.277
279.951
274.253
257.063
240.77
256.131
284.796
274.221
250.03
236.758
282.238
214.678
246.914
230.646
314.553
244.787
232.364
299.935
231.698
280.193
249.515
246.897
283.265
315.62
256.912
209.318
216.636
253.628
251.368
247.359
314.034
294.982
298.429
278.129
221.898
238.909
216.871
258.372
242.619
229.069
256.617
214.113
270.893
227.531
247.488
223.947
315.155
251.375
301.06
242.507
229.912
236.557
231.72
236.392
199.805
244.411
219.178
247.498
295.204
267.202
263.109
252.439
359.6
215.641
240.708
266.988
269.515
282.949
238.207
273.205
220.088
311.039
228.518
287.31
312.753
244.713
235.398
264.203
238.127
279.46
245.795
254.551
279.511
312.241
265.331
365.63
204.083
246.179
252.502
237.589
217.026
258.48
232.453
263.018
237.118
244.816
258.821
243.917
263.79
269.144
241.383
302.792
219.037
213.678
270.604
215.566
253.886
269.031
272.308
243.131
243.216
300.769
299.493
242.076
299.302
281.288
289.559
264.462
227.552
217.156
270.683
224.85
265.763
220.571
254.407
269.725
257.708
241.4
250.086
300.824
293.109
286.774
233.007
208.222
212.103
226.09
258.829
271.41
261.103
273.396
253.383
237.723
300.408
239.116
221.296
218.806
244.67
287.994
248.999
261.47
267.228
221.667
232.972
267.82
297.528
224.224
253.401
303.989
218.002
229.145
245.461
221.439
284.464
279.461
263.901
235.794
237.534
219.04
239.72
253.647
304.18
247.77
232.4
284.211
250.256
248.26
249.654
206.648
274.828
270.25
315.337
288.628
240.05
247.962
201.622
272.584
253.713
283.155
270.351
259.266
245.324
236.852
206.491
295.286
218.65
291.034
262.05
307.226
207.396
278.441
256.741
256.896
209.685
291.894
279.093
197.409
209.438
252.37
237.065
261.441
279.285
314.394
244.894
278.979
251.279
279.462
269.379
270.943
286.406
253.733
252.694
275.26
221.677
204.057
293.805
263.216
266.514
242.336
218.48
237.238
245.104
272.052
248.503
252.882
278.631
230.762
242.761
264.192
236.505
258.955
211.172
258.146
246.709
290.775
238.85
311.87
303.686
265.853
247.482
267.107
237.615
258.663
247.255
206.462
245.998
252.382
224.888
286.316
271.25
292.737
261.052
287.22
274.304
273.987
254.214
260.57
245.476
206.929
239.417
265.3
261.656
227.744
209.377
245.841
221.75
283.439
258.782
240.347
259.038
214.251
207.146
193.55
293.581
265.677
229.433
218.689
268.938
246.915
229.147
242.669
286.978
246.104
281.877
267.475
290.336
304.23
257.328
236.308
243.694
237.567
252.636
282.492
232.373
208.37
272.63
298.509
305.703
287.361
275.46
265.166
212.421
219.91
253.114
273.582
216.674
275.432
223.582
269.329
265.357
237.203
228.081
246.653
222.479
243.809
237.378
317.368
290.454
215.537
254.617
244.056
183.008
281.536
283.985
210.387
244.692
255.295
326.07
225.777
226.149
277.939
236.038
231.74
294.891
275.657
190.863
234.75
241.336
275.681
330.001
271.72
248.464
234.594
261.74
275.643
198.901
251.263
226.129
249.124
255.222
258.803
263.779
269.5
279.864
235.271
235.853
264.784
233.283
278.784
262.983
226.985
264.921
213.426
293.354
293.673
232.048
259.425
222.622
256.222
224.468
249.385
243.968
253.093
208.688
227.969
297.386
241.736
256.294
202.425
270.215
260.993
209.797
221.605
196.454
226.074
251.846
214.031
224.747
255.441
280.091
212.908
254.315
288.061
287.573
216.691
280.544
220.982
215.373
287.545
265.536
274.363
266.093
225.649
281.592
287.007
263.332
246.161
193.714
208.744
252.622
303.009
264.67
235.58
275.761
292.624
280.702
288.059
264.414
247.879
276.76
269.723
264.983
208.314
229.127
247.404
214.021
237.79
249.096
299.75
224.5
196.622
225.028
292.233
237.672
292.563
243.46
230.369
226.902
307.71
260.989
264.839
267.488
251.198
280.598
263.889
247.567
241.619
255.542
191.126
230.008
223.061
239.564
221.502
289.397
252.129
349.196
250.737
243.929
261.11
271.834
224.777
194.787
228.648
259.496
240.103
279.126
288.62
197.508
229.251
212.817
296.505
228.411
253.071
299.119
284.679
247.67
288.683
245.934
293.96
253.26
262.947
315.732
236.052
218.535
246.374
252.859
255.905
265.999
274.163
228.244
221.417
233.886
308.825
282.369
288.837
297.726
307.434
292.426
280.957
235.255
222.838
209.726
266.162
215.377
307.68
283.633
266.611
190.611
268.816
249.826
223.855
297.785
254.618
209.77
296.104
287.38
208.28
257.058
291.071
232.041
269.42
242.36
263.148
273.5
187.865
283.895
269.831
316.413
282.035
263.685
254.872
212.993
254.778
233.456
237.36
263.879
267.419
222.206
300.035
239.06
259.88
228.752
220.045
278.086
287.939
288.443
269.374
238.436
250.588
254.827
205.268
271.684
254.123
201.555
233.29
315.548
257.799
239.56
260.376
233.533
249.188
248.208
269.422
231.629
224.649
246.614
242.006
291.941
265.081
290.069
256.125
254.782
249.8
270.592
280.77
221.864
233.027
273.715
277.41
228.718
262.664
278.436
304.619
276.129
283.985
246.16
223.457
234.837
214.801
241.257
295.015
312.752
300.293
211.796
240.564
261.562
204.786
197.374
300.867
253.59
267.71
218.214
248.417
208.913
252.043
224.245
236.171
239.534
223.479
262.423
264.041
268.504
203.241
186.484
277.398
269.495
196.495
283.34
206.353
271.835
281.672
299.052
223.155
274.587
245.357
307.711
243.419
254.13
226.946
264.634
253.303
279.456
213.858
241.866
235.257
245.977
256.263
235.09
289.906
218.239
268.429
288.93
243.986
226.058
226.406
250.442
217.59
288.613
225.088
254.252
231.198
267.401
230.468
281.533
256.112
237.586
245.802
262.224
252.603
245.431
271.686
281.476
235.847
263.127
290.256
220.802
264.483
236.268
306.746
257.815
296.785
243.611
218.463
269.292
263.703
235.264
286.483
248.446
231.844
279.98
209.865
221.967
284.42
238.702
262.856
237.516
250.097
286.526
206.68
248.955
263.151
221.704
252.045
236.74
200.065
265.319
267.72
220.496
235.531
289.869
255.647
285.352
286.245
226.166
248.271
224.17
272.582
246.723
249.487
266.385
243.206
224.86
222.242
227.251
235.9
232.231
232.01
263.332
248.192
271.793
200.109
231.359
259.833
199.826
247.963
321.526
255.869
190.308
294.168
282.501
259.271
268.68
217.888
287.669
216.802
252.174
240.444
258.61
274.031
237.989
268.147
213.441
231.073
259.692
308.936
246.936
261.297
260.45
255.178
240.39
256.081
237.113
277.994
223.93
227.309
258.686
291.899
305.227
264.821
258.897
233.729
297.907
264.166
294.214
230.45
258.704
237.142
262.177
226.266
248.783
253.231
249.357
230.506
220.025
274.657
240.09
222.734
340.72
270.612
240.289
241.669
238.747
234.843
241.807
275.968
259.035
252.551
246.771
243.486
216.902
223.305
309.104
223.716
262.225
246.637
239.464
283.022
263.683
209.119
197.838
265.629
200.224
273.18
206.77
230.898
325.372
253.876
247.053
232.807
256.002
233.215
220.874
205.739
212.89
228.298
262.47
220.929
298.475
248.528
275.577
201.996
260.674
208.366
299.954
253.162
234.147
305.791
270.786
225.735
284.499
250.065
263.353
300.808
261.977
251.239
244.8
208.516
227.902
265.25
238.347
231.507
256.868
239.474
227.598
255.289
252.067
243.966
233.841
247.818
258.461
230.53
237.343
255.912
306.476
224.998
249.066
274.269
255.648
232.45
228.945
195.829
258.216
275.273
240.273
227.2
297.282
255.123
283.91
265.814
218.115
259.624
251.724
297.872
254.475
277.555
272.56
236.011
242.874
222.641
302.125
288.939
235.81
306.705
229.214
258.412
298.421
256.171
256.108
254.672
321.315
232.81
244.925
244.006
242.982
260.759
185.481
268.887
235.943
288.61
209.975
286.901
239.613
273.568
268.541
215.832
244.62
246.955
239.851
248.668
235.799
226.243
244.073
191.24
227.748
280.838
268.805
256.876
281.517
236.703
300.916
270.672
221.683
342.275
319.537
192.018
264.436
255.058
200.352
298.373
294.298
280.645
258.723
254.935
265.262
282.399
206.94
296.976
216.066
183.523
265.227
235.846
211.886
268.01
235.087
261.41
244.018
218.994
262.029
193.42
240.053
223.226
279.872
277.732
303.341
262.82
264.608
279.627
282.734
261.873
266.452
251.571
241.869
224.941
244.599
297.004
224.635
276.137
298.643
226.151
245.218
205.624
291.807
234.713
274.649
251.927
236.358
350.144
307.78
264.291
295.863
220.048
231.569
277.25
232.795
241.19
221.329
203.583
269.402
260.715
257.285
213.459
289.208
317.82
191.01
253.374
245.073
301.138
254.077
286.054
268.274
211.61
228.888
254.145
251.262
253.581
281.659
256.446
214.593
308.438
280.608
284.897
281.792
252.879
214.632
286.988
286.224
277.005
324.164
230.211
241.644
268.735
199.873
260.845
210.401
260.45
241.407
204.309
231.536
278.633
264.456
246.105
236.055
224.631
269.308
245.073
262.82
272.511
249.492
200.115
221.418
226.669
290.949
261.701
228.506
321.771
220.346
283.423
277.641
219.015
239.399
248.38
265.552
255.424
246.883
264.277
242.371
243.297
216.504
212.366
222.684
233.919
257.344
224.341
266.947
255.2
211.167
246.621
253.144
216.077
238.372
287.54
205.709
244.953
278.202
253.004
225.992
202.391
221.034
267.176
240.394
237.781
237.263
293.338
267.203
244.762
242.177
232.587
231.664
237.006
235.12
304.345
218.432
260.365
232.047
283.754
272.173
284.851
248.16
223.744
253.996
234.237
285.064
277.049
287.876
229.983
256.062
242.065
241.768
232.782
280.774
204.72
247.622
260.777
229.057
192.667
296.557
256.66
221.797
225.732
305.266
230.484
226.688
265.721
247.726
272.416
247.752
274.121
291.45
281.388
274.975
266.905
252.664
238.261
241.593
286.028
260.257
260.921
290.644
203.209
292.765
248.705
271.516
219.444
252.487
206.156
269.32
284.827
248.519
274.646
208.01
215.996
190.276
281.934
209.747
205.54
302.741
250.965
242.194
184.002
216.065
216.064
219.3
269.399
317.756
248.347
244.056
250.606
253.612
257.336
241.189
212.633
268.217
199.326
268.638
210.164
293.242
265.543
305.912
249.786
310.878
251.68
274.283
230.919
275.918
216.329
210.698
243.032
238.54
276.107
268.958
191.738
247.329
296.749
266.718
266.379
276.696
287.369
224.941
262.11
292.96
214.691
216.785
216.758
230.707
261.913
217.061
218.236
237.04
233.894
295.58
263.463
266.762
214.067
228.225
241.078
265.294
253.907
265.672
233.62
211.787
265.921
308.034
231.872
237.777
335.52
286.657
283.486
266.114
206.519
206.254
285.009
207.705
253.965
272.696
236.184
246.452
218.939
274.64
217.518
239.424
276.117
253.749
275.64
258.98
206.647
258.9
226.819
233.071
298.717
253.571
214.968
268.481
238.629
264.763
298.24
217.91
205.509
240.859
248.006
286.396
230.691
196.703
224.703
280.939
264.632
295.56
235.665
210.335
205.897
276.439
300.29
229.867
196.207
283.832
291.126
238.513
226.935
246.129
236.995
210.559
231.754
221.886
218.555
256.653
273.728
360.905
276.763
287.281
230.057
262.434
193.26
255.155
266.774
301.819
232.967
314.286
272.299
353.245
290.309
224.829
215.035
228.694
239.684
269.61
254.899
222.268
253.758
269.513
278.939
289.778
250.95
232.401
251.892
280.365
261.305
285.824
249.353
254.547
278.558
316.124
296.187
274.259
250.166
264.309
271.795
259.182
259.864
262.33
261.804
242.906
287.124
244.142
224.694
257.364
243.252
224.315
218.587
241.373
219.031
214.658
255.468
223.674
242.925
299.361
253.69
274.609
270.404
282.619
215.882
232.625
251.334
238.209
269.924
304.674
253.046
300.841
273.54
273.2
259.117
248.493
280.411
246.651
237.393
323.041
206.122
227.961
265.453
283.743
304.641
267.194
270.232
299.941
288.096
304.856
207.389
272.735
240.881
243.474
238.6
214.158
209.053
254.628
251.196
281.275
259.403
215.797
225.174
238.969
193.974
214.958
304.491
223.456
265.038
250.502
235.124
299.509
254.844
269.497
259.664
315.388
253.21
306.807
277.921
242.851
210.908
208.033
255.819
260.449
285.846
219.36
233.577
189.094
250.627
296.347
292.119
216.657
259.848
230.297
204.58
266.604
216.343
226.81
265.402
220.828
257.651
311.191
239.506
225.06
255.598
237.987
243.454
264.5
247.547
262.586
244.509
237.864
250.123
243.181
283.913
222.409
243.504
229.796
277.497
215.588
252.941
211.093
273.171
251.665
256.207
250.04
261.488
238.146
205.195
246.13
207.359
261.862
247.245
242.804
276.333
242.507
224.013
241.309
251.25
272.417
273.028
269.268
198.896
241.093
269.362
262.523
212.749
277.04
260.384
255.865
286.946
258.985
237.198
206.636
270.667
235.475
309.611
262.811
293.49
239.986
228.922
254.751
207.685
317.253
273.49
241.294
241.615
201.481
253.143
240.43
249.934
264.124
222.747
223.363
232.167
256.367
259.952
281.227
259.563
277.654
231.15
224.927
252.92
239.122
246.285
241.311
282.382
207.19
201.681
210.577
249.677
306.879
223.814
261.881
248.509
244.852
236.698
280.677
219.806
300.291
228.816
221.819
224.933
210.15
248.385
229.067
278.065
232.077
271.278
221.622
253.927
235.998
250.771
203.496
270.553
268.906
236.424
270.711
237.383
237.48
278.771
256.306
261.633
212.522
307.763
254.49
234.798
226.006
256.822
274.619
313.975
256.752
234.089
232.071
257.688
206.344
265.003
266.773
281.291
281.19
273.9
278.324
266.906
285.54
292.698
278.315
283.302
221.249
315.564
276.565
197.953
199.669
267.565
265.354
238.973
276.839
259.742
255.272
263.593
242.097
232.528
288.422
238.192
243.921
288.267
251.151
270.277
271.613
272.668
234.319
231.769
260.437
244.459
231.706
261.334
212.536
247.601
260.151
233.16
313.751
235.491
232.973
337.699
249.899
277.302
263.325
257.627
253.833
285.046
289.115
261.851
282.297
280.986
252.424
272.981
261.306
223.384
229.041
227.487
238.701
270.285
247.003
257.661
247.884
243.647
262.83
192.391
230.591
211.873
225.016
257.411
199.26
245.044
271.125
242.104
240.9
200.681
273.464
234.854
271.425
229.95
205.282
213.772
302.182
242.558
232.628
236.306
283.722
273.514
254.393
237.668
229.854
195.222
276.549
238.617
292.695
266.748
220.023
265.644
236.527
267.169
308.827
262.973
240.654
260.937
282.845
219.044
279.256
228.445
274.602
260.043
270.528
252.18
246.87
252.019
266.059
293.391
270.91
282.53
212.163
228.275
214.399
295.715
276.423
264.045
305.6
279.443
246.406
220.481
254.049
217.772
251.879
223.954
276.706
261.261
256.357
297.76
262.316
272.641
225.246
249.668
209.186
300.22
236.962
228.57
233.969
293.255
226.862
267.576
240.575
291.287
277.362
270.941
239.439
245.323
263.045
264.627
246.799
279.079
300.777
265.417
291.672
240.097
249.548
253.233
259.384
259.273
238.112
272.107
236.912
240.788
227.526
268.068
201.683
255.162
232.309
302.731
264.304
284.233
193.211
268.881
214.687
189.528
226.992
289.828
304.575
259.713
235.659
266.921
299.782
252.488
280.067
244.821
251.491
250.086
210.95
214.524
367.608
262.331
249.112
214.363
223.077
227.37
217.091
280.495
227.114
240.255
232.773
298.694
290.083
310.05
248.692
252.544
242.397
318.257
238.624
280.79
257.753
240.547
235.66
252.097
214.059
236.728
303.657
259.423
250.751
244.979
265.27
259.925
279.307
220.071
230.273
213.706
259.792
209.94
258.749
232.743
284.804
269.232
233.577
211.201
266.326
269.164
275.853
303.268
282.495
329.06
206.841
220.864
225.037
244.459
260.07
301.056
255.663
238.308
284.748
271.8
220.36
280.417
260.51
258.251
241.504
303.743
264.752
257.028
198.127
203.883
288.341
270.141
241.526
291.979
273.477
193.185
363.023
222.782
256.606
277.089
250.794
226.424
280.225
236.402
268.649
279.434
271.049
272.074
209.142
268.76
242.801
253.93
251.579
314.126
228.398
248.298
237.502
230.246
242.153
283.611
199
252.793
253.867
254.193
271.696
299.699
224.746
252.316
224.286
250.8
256.099
285.607
240.858
244.634
229.854
273.094
264.169
258.499
271.05
258.528
311.925
253.936
244.719
262.598
233.85
246.784
251.433
237.447
233.94
249.206
243.776
265.814
249.366
195.56
236.367
287.462
263.62
267.241
248.716
234.35
273.793
241.924
255.871
235.031
266.475
240.639
220.581
207.493
224.611
231.113
272.514
264.431
301.503
194.112
274.594
225.26
205.039
289.826
210.56
291.305
291.889
212.367
306.894
235.567
258.703
248.615
300.101
213.672
233.675
268.767
286.653
241.258
269.641
217.045
296.366
257.663
221.311
224.257
232.282
275.863
243.456
248.042
206.915
325.958
244.909
261.272
259.771
228.11
235.574
285.961
235.59
277.379
289.886
292.583
224.309
255.196
303.193
241.27
284.196
239.622
238.295
270.038
291.801
276.471
232.551
271.258
262.792
241.225
297.368
229.905
249.299
262.263
207.295
254.425
261.058
