540.605
543.856
554.342
492.378
567.3
541.385
544.232
603.453
635.438
583.943
465.028
590.605
482.24
523.561
561.23
529.791
594.564
493.134
511.138
578.552
544.198
486.751
548.899
555.467
514.055
526.469
462.018
501.632
525.512
512.128
527.058
531.458
575.418
547.676
570.533
606.174
533.789
590.83
545.667
523.026
587.041
577.245
497.397
597.255
467.96
600.079
442.87
582.283
586.343
678.898
661.159
544.083
503.36
474.532
529.193
434.211
569.287
582.439
553.759
573.989
593.935
619.597
582.118
462.903
594.972
561.242
534.235
465.555
619.556
592.358
502.817
555.913
521.644
564.06
499.528
551.422
533.214
523.876
498.623
521.766
469.985
498.504
611.096
581.074
448.61
614.747
560.234
584.381
563.521
611.901
515.148
564.505
611.417
545.961
604.574
586.032
473.601
543.956
649.681
490.466
555.583
532.598
549.055
564.875
547.559
590.596
566.537
567.491
579.471
648.597
510.086
636.234
533.595
553.439
560.514
627.372
524.366
582.344
520.002
515.438
577.192
507.542
531.841
608.079
526.83
595.212
595.327
643.098
519.386
571.56
589.843
537.554
523.196
584.912
559.13
518.215
585.184
571.011
503.042
498.622
564.793
509.139
636.736
532.915
534.013
484.338
627.85
494.306
640.318
504.707
558.214
508.5
553.73
562.854
594.326
516.768
510.618
539.541
530.552
545.678
567.827
597.56
599.419
563.792
584.764
501.513
589.222
536.991
564.744
560.233
551.625
586.901
545.029
501.126
589.572
635.895
461.903
509.709
514.64
548.304
460.67
559.492
597.364
536.214
587.914
471.983
623.063
528.649
551.355
514.495
570.869
528.903
448.38
557.558
550.85
620.356
550.439
579.479
568.53
579.3
514.05
501.815
581.98
523.705
594.162
545.814
537.901
669.266
565.795
567.003
590.923
512.381
600.97
489.884
525.3
532.277
450.624
546.489
497.432
459.639
515.149
501.528
602.47
585.971
608.68
490.876
502.604
559.609
533.343
529.573
555.184
494.95
604.492
584.425
498.369
505.879
525.827
520.73
533.336
540.966
536.01
548.06
528.361
502.297
583.549
566.748
592.785
499.801
531.724
509.68
477.717
574.954
601.437
570.86
610.078
532.079
462.185
517.683
600.764
540.554
499.771
529.92
604.646
485.324
579.73
481.181
532.349
602.555
606.5
482.866
553.901
608.955
519.136
483.298
543.578
525.705
568.239
589.81
547.375
602.775
584.432
564.456
510.723
553.56
531.001
537.593
651.084
635.531
530.069
548.183
575.334
559.109
581.12
585.099
515.693
624.112
592.635
617.024
573.096
549.78
589.09
549.588
606.592
529.688
515.261
624.562
576.634
581.388
530.982
571.252
529.998
510.025
612.112
529.181
503.6
571.175
527.087
576.646
491.624
584.661
579.591
600.713
563.381
567.658
535.357
568.51
564.228
504.162
540.986
607.478
484.572
492.819
532.787
493.843
592.446
568.515
496.194
555.49
465.26
496.015
469.322
487.409
636.641
518.996
510.172
512.942
502.535
562.989
611.904
487.228
639.064
558.315
619.607
572.393
541.957
516.004
641.622
613.726
463.075
503.211
580.694
481.74
510.962
578.66
466.708
582.053
680.446
518.091
528.298
552.33
576.592
582.942
550.633
541.359
496.151
538.484
612.309
601.305
508.51
564.87
576.211
583.287
535.319
522.254
531.202
510.42
537.308
542.545
453.399
563.869
465.118
546.586
502.829
460.119
500.592
541.349
612.095
567.979
512.926
648.704
488.506
581.438
547.926
516.073
617.103
558.778
518.851
501.454
568.993
568.126
527.078
496.886
471.399
608.18
526.728
555.446
539.648
516.376
583.868
565.717
479.912
507.057
545.536
573.838
568.972
544.803
505.232
541.369
474.305
604.701
508.761
540.522
537.041
558.612
550.365
525.412
547.626
482.29
578.02
557.827
554.11
566.028
585.92
578.13
604.375
508.473
545.769
515.175
551.886
584.037
608.36
559.028
577.057
606.403
590.795
512.808
526.46
579.028
507.214
519.626
547.61
532.508
551.531
526.91
559.752
477.419
538.618
485.115
533.037
542.109
532.951
520.562
473.248
488.042
536.925
560.164
570.929
517.086
544.999
621.591
493.325
552.862
626.325
548.341
579.985
468.092
561.749
468.337
598.457
583.169
554.688
613.735
560.458
556.897
609.8
528.912
496.676
501.656
473.71
545.558
513.659
568.033
484.166
537.816
535.005
503.037
590.933
519.682
549.629
447.284
510.223
525.83
546.617
470.876
510.056
540.817
516.62
503.962
424.585
606.781
652.963
608.812
613.039
587.441
568.327
535.422
466.67
553.128
574.415
509.646
557.162
522.386
623.648
564.805
491.869
585.218
504.638
533.249
521.676
528.221
527.213
534.095
562.138
479.111
513.457
446.038
537.172
577.343
577.574
549.213
501.563
530.252
569.157
603.132
515.717
608.153
531.418
540.537
589.09
461.407
557.818
523.284
545.87
593.286
519.581
613.957
517.711
554.073
565.546
595.736
491.929
581.875
497.99
507.844
570.322
554.845
528.579
595.434
490.021
508.248
523.031
522.399
499.607
493.87
451.265
399.805
470.436
539.379
551.46
549.064
619.501
608.908
593.678
620.437
578.041
646.308
550.414
522.133
518.511
523.516
558.767
638.664
553.502
502.17
626.721
571.758
557.662
577.158
541.135
496.026
551.092
554.963
601.557
612.448
573.433
501.275
516.002
533.783
577.536
550.301
598.479
622.041
566.163
572.863
531.414
586.282
580.943
536.642
516.742
494.894
628.789
505.699
507.76
536.631
500.701
587.06
565.537
493.741
567.994
630.886
623.882
444.823
584.597
537
581.217
570.399
532.52
519.22
503.391
470.66
537.06
558.51
539.56
527.066
529.199
576.685
521.918
497.385
475.482
666.084
661.668
513.807
602.509
573.609
476.473
527.519
591.156
527.661
560.05
606.473
559.867
507.36
618.461
500.976
595.816
639.567
515.854
562.705
563.829
558.3
588.477
505.013
509.067
566.183
541.887
486.306
536.986
659.338
509.59
571.502
520.142
591.07
525.128
572.787
481.005
466.707
519.888
559.142
511.52
464.044
547.508
547.999
548.412
525.429
584.378
584.604
537.457
573.671
566.265
580.489
536.065
472.905
567.03
479.037
584.008
524.246
494.918
572.76
539.503
527.942
546.743
622.169
556.42
608.311
579.202
464.955
592.36
615.769
561.414
615.628
522.277
484.183
626.527
560.42
478.723
567.99
531.969
460.459
532.852
489.78
586.618
498.233
513.758
560.847
532.587
538.452
579.412
512.569
548.475
604.767
509.444
478.706
542.16
595.071
557.362
563.931
590.205
538.626
520.378
497.627
551.035
445.237
543.103
627.216
512.225
474.007
538.466
580.095
541.433
500.873
543.454
555.563
523.223
488.684
572.359
569.92
555.258
444.306
501.383
539.067
524.381
553.161
612.759
565.474
560.85
562.903
481.375
612.542
518.397
669.423
634.829
446.849
499.196
638.078
535.414
480.055
527.644
516.247
522.091
576.031
555
565.837
514.158
518.51
564.383
512.773
562.885
574.979
516.652
516.794
514.626
505.66
533.826
534.387
513.723
477.314
537.306
481.487
641.283
543.972
607.154
564.205
487.725
541.837
486.934
546.854
560.968
521.363
499.128
676.685
532.31
451.712
521.097
672.315
620.066
513.093
531.112
470.207
526.684
558.2
582.704
464.157
464.482
519.423
546.599
558.282
582.224
653.903
571.709
555.709
574.372
524.281
559.922
565.459
522.299
515.616
596.61
513.725
509.589
547.48
543.105
655.477
524.855
529.009
546.356
558.231
462.947
598.615
574.649
518.288
516.778
615.433
514.378
536.95
580.819
578.023
497.149
514.429
505.163
541.901
605.15
587.73
505.954
637.237
538.858
618.928
567.832
637.343
580.777
489.947
548.339
531.665
475.876
585.152
545.743
570.825
572.448
515.949
558.249
622.226
631.278
535.81
560.645
572.983
590.015
604.004
538.023
530.434
556.626
537.78
585.709
534.738
500.557
594.37
528.44
591.233
538.458
514.491
589.581
535.256
595.719
556.691
506.477
575.619
572.896
552.8
480.7
542.324
516.521
576.476
578.478
597.595
582.259
567.279
580.181
555.666
547.371
565.14
510.635
492.055
591.886
580.045
508.617
593.379
534.302
482.85
528.996
490.115
633.343
568.179
552.551
431.914
416.861
552.659
532.594
568.558
534.395
584.551
546.39
576.323
617.463
477.029
595.243
540.49
568.762
544.811
602.917
561.193
631.984
631.189
608.868
486.17
559.993
503.862
517.251
580.201
563.934
618.963
539.673
653.104
576.589
561.541
493.673
508.658
537.813
615.479
573.937
572.299
502.438
553.605
628.878
663.978
509.696
569.694
559.904
589.895
518.986
524.002
514.159
546.112
537.159
526.096
596.819
569.852
547.646
546.677
555.443
602.505
565.514
437.629
539.45
581.235
530.961
477.229
503.66
594.045
623.357
520.516
496.398
540.727
656.484
486.466
517.301
537.2
533.676
614.009
486.269
576.006
548.729
573.593
559.419
464.991
560.125
524.219
616.971
568.426
533.404
516.784
458.672
621.322
521.137
537.042
512.186
504.465
564.732
545.206
600.999
629.058
605.047
621.505
492.355
546.966
526.675
536.654
506.211
545.475
614.288
534.057
507.512
573.455
598.929
581.546
541.197
522.74
566.659
500.845
554.595
556.192
572.55
537.094
563.377
557.779
569.39
524.889
601.914
576.814
501.088
530.229
576.13
565.027
523.35
490.907
506.454
569.693
534.361
482.931
504.496
506.36
551.392
509.387
515.132
510.486
507.876
550.377
605.807
561.65
581.659
477.224
498.281
540.541
574.165
562.814
580.167
520.113
542.222
553.264
582.775
515.687
454.533
528.105
567.933
618.427
649.93
515.46
563.04
480.705
595.247
542.44
644.157
554.127
585.537
614.231
650.009
580.33
576.259
526
488.419
559.635
553.506
533.872
471.449
560.737
520.476
567.166
564.514
464.988
602.764
584.156
501.43
622.907
528.109
554.721
538.301
557.218
498.285
595.509
496.51
525.513
504.308
585.35
501.106
540.57
601.937
610.658
521.722
518.941
574.746
630.794
539.802
486.872
619.932
533.247
623.762
595.619
586.597
483.795
612.811
519.976
539.391
568.044
582.562
616.097
481.027
592.391
529.637
566.818
506.025
607.909
521.784
527.948
551.317
531.447
501.015
535.559
532.683
598.3
483.182
605.851
567.554
557.567
564.759
485.519
517.749
600.189
537.228
589.061
502.458
561.779
587.566
559.029
627.667
480.83
591.089
536.798
563.711
493.937
578.757
642.775
494.483
592.199
626.706
638.13
529.639
585.069
650.506
495.92
510.067
545.054
504.971
553.28
520.331
530.666
551.081
615.078
505.997
533.936
458.913
545.369
480.243
501.001
531.072
623.061
579.004
622.85
553.387
543.845
569.214
543.865
514.597
544.794
598.116
490.258
529.508
474.633
486.567
485.178
635.739
513.735
494.431
636.906
519.877
563.136
522.197
525.327
595.759
618.732
487.798
486.253
556.242
553.279
721.831
531.846
502.464
561.674
516.147
522.737
548.498
522.525
628.457
524.944
537.238
576.498
562.25
574.352
460.986
546.27
505.037
567.211
506.676
548.8
478.071
535.636
470.935
499.221
485.754
505.152
517.615
475.065
505.267
516.432
464.772
564.38
521.785
539.53
495.237
524.709
536.408
532.525
509.957
593.457
532.488
472.26
486.323
544.812
537.877
484.454
558.378
528.679
609.063
479.897
439.923
484.655
601.233
616.017
567.952
521.556
542.792
548.608
552.223
489.013
537.644
587.229
516.856
613.158
594.358
591.643
501.343
560.021
557.887
542.393
488.167
613.229
552.59
569.769
540.774
559.436
609.968
533.263
538.644
431.586
477.53
632.553
611.708
591.22
555.287
505.883
531.725
566.829
477.233
528
509.477
492.786
505.739
612.336
582.041
520.143
471.132
588.303
575.809
466.992
529.747
544.021
574.893
579.093
582.04
504.435
559.051
538.142
540.32
599.026
527.287
543.869
495.909
559.23
572.927
525.483
606.177
604.77
588.08
503.605
576.943
471.87
482.345
531.121
538.674
512.06
588.72
529.697
535.608
540.002
607.493
550.787
489.455
615.444
629.628
488.803
596.821
596.452
413.179
507.983
580.96
585.821
508.532
564.704
589.169
504.543
529.49
572.963
527.668
650.316
524.324
464.009
595.644
568.271
578.239
452.462
481.602
548.531
557.469
530.927
543.95
553.34
535.954
543.224
621.793
545.269
480.755
563.286
613.39
571.163
554.18
525.68
555.638
497.871
479.969
589.005
532.739
592.872
513.995
589.268
501.485
574.298
514.045
541.247
519.632
549.354
492.323
542.769
484.526
486.167
564.86
557.947
512.816
473.712
592.645
513.025
516.971
548.708
594.438
539.75
573.645
576.612
615.784
559.934
599.089
501.037
552.195
540.044
557.87
491.971
599.514
610.612
514.284
582.225
593.21
497.593
562.085
511.162
461.901
519.486
562.813
595.745
545.06
481.196
609.803
585.258
534.543
584.81
625.829
498.148
453.728
506.555
453.917
583.852
592.646
463.88
653.362
456.066
494.028
598.186
523.109
505.549
552.46
538.708
526.859
557.813
515.354
604.108
621.764
606.191
588.707
528.114
567.009
578.183
547.677
481.552
548.824
534.692
503.348
519.525
585.321
540.944
544.464
587.254
478.36
498.859
584.75
557.785
500.279
555.132
456.667
569.043
596.19
652.71
624.681
553.106
540.409
648.929
532.436
552.058
588.579
537.386
498.469
563.062
510.885
542.253
623.374
525.853
522.878
494.439
490.329
585.998
543.935
518.566
508.81
697.436
585.475
526.092
592.975
565.271
541.9
519.552
514.585
498.301
651.869
521.174
506.397
539.873
471.318
554.686
474.908
491.393
575.616
606.692
519.61
477.119
521.339
570.766
592.421
547.978
508.373
551.478
462.293
531.535
624.755
500.776
536.337
544.178
564.406
677.517
590.754
592.36
532.628
492.485
567.712
515.603
619.526
503.412
543.332
626.786
612.744
588.482
540.03
531.988
587.416
509.642
472.399
590.014
574.202
590.138
613.636
453.084
536.881
489.119
529.843
562.329
537.942
559.453
610.141
508.314
497.923
535.306
581.028
522.912
569.627
486.15
597.621
548.409
526.988
498.24
559.562
497.7
556.552
528.521
591.554
586.231
567.973
517.308
555.668
516.251
553.401
609.063
533.043
645.289
533.475
549.785
529.753
473.29
564.847
591.126
555
549.152
532.235
559.599
561.397
494.174
544.457
473.334
496.693
512.582
559.691
513.121
500.485
607.886
577.869
579.187
514.85
502.406
594.243
614.118
547.788
481.419
629.335
493.277
460.584
568.347
500.937
534.637
579.307
527.364
556.828
506.528
497.738
598.045
630.332
601.012
504.727
552.72
547.407
507.107
549.058
513.389
517.284
498.604
528.322
446.767
556.069
608.341
579.786
549.025
564.627
559.809
624.671
571.383
558.611
501.223
517.402
596.358
578.106
596.328
548.78
646.053
486.719
548.729
632.454
570.519
503.248
553.976
500.176
562.756
550.145
527.752
584.815
484.879
520.183
545.841
603.436
562.38
587.465
566.713
528.898
537.092
635.087
507.583
573.959
575.843
495.558
531.965
476.272
578.514
506.413
494.675
545.132
507.587
532.932
473.317
587.709
494.297
572.037
550.605
616.166
534.226
537.348
544.856
540.728
522.253
525.011
551.653
560.339
496.154
577.915
550.017
577.844
605.886
588.221
542.213
530.397
508.092
551.794
537.754
574.574
567.282
530.524
561.334
636.995
580.961
565.213
494.861
539.702
574.156
613.456
511.677
488.311
496.393
454.903
594.694
552.941
549.019
503.897
531.311
614.898
550.27
515.563
550.865
546.651
576.117
570.467
480.699
475.219
526.986
551.41
560.278
559.769
605.381
522.978
649.191
462.64
531.326
560.432
486.912
550.379
577.553
516.922
535.112
517.153
494.506
449.543
563.042
532.353
496.556
561.097
591.792
595.988
482.025
576.428
542.93
621.269
521.298
582.026
587.315
532.366
564.705
503.598
546.888
513.966
536.671
565.791
524.064
540.867
579.927
501.488
554.304
560.293
554.437
508.504
535.087
576.936
537.751
546.243
555.775
557.313
509.441
589.141
520.376
624.166
542.934
575.934
597.867
531.666
559.5
536.751
611.797
501.538
476.868
448.042
573.914
446.451
563.836
522.04
544.19
573.801
476.541
561.085
590.128
595.95
592.147
529.118
609.391
531.559
568.873
506.817
604.885
512.081
498.01
491.811
527.518
555.033
563.217
570.535
472.29
567.576
570.457
466.045
565.807
493.271
590.803
532.48
580.464
551.378
593.831
522.482
599.699
551.303
478.298
546.438
540.138
584.273
589.226
624.481
576.843
567.887
586.175
579.785
523.608
556.033
487.968
643.208
488.534
488.746
484.124
568.14
603.799
645.746
563.288
540.213
621.154
603.396
585.354
543.638
629.09
582.385
510.849
482.066
536.693
559.852
530.485
485.174
602.643
514.983
567.025
573.407
527.534
548.988
533.352
480.051
546.142
520.255
533.814
501.847
475.445
548.376
572.13
632.088
554.863
562.099
538.99
553.004
516.72
591.378
581.792
579.327
677.125
508.981
544.844
527.418
485.193
530.63
552.67
519.502
574.37
561.648
543.253
562.854
566.639
537.661
595.044
557.128
571.777
475.252
487.054
555.234
562.067
525.896
515.687
614.465
606.43
553.058
548.839
531.389
543.515
561.344
512.867
532.795
564.304
461.838
552.689
538.562
468.373
589.372
568.919
470.609
458.43
542.009
475.125
507.681
539.967
545.803
639.503
595.498
567.083
564.37
528.353
560.7
488.615
545.484
534.83
557.09
476.647
532.759
629.258
577.129
526.145
532.686
555.841
534.989
617.039
537.783
561.474
603.137
609.144
652.802
612.401
529.693
463.401
523.103
534.79
493.546
484.114
499.222
554.1
565.058
467.191
578.595
585.093
477.094
529.751
487.849
474.986
591.995
647.688
528.161
621.836
500.024
480.326
528.503
592.311
534.307
488.614
516.137
545.746
577.237
518.753
531.666
563.284
515.926
505.956
525.189
592.775
571.258
515.961
511.664
591.826
483.436
544.735
573.552
543.986
519.212
521.26
522.17
482.876
534.458
593.317
471.134
533.832
545.347
547.692
561.671
611.966
500.473
583.503
499.237
458.354
677.057
541.367
584.311
538.016
523.698
562.641
513.023
544.218
579.876
552.947
539.67
549.588
629.21
611.354
556.619
566.913
447.031
635.128
603.305
607.647
579.258
459.346
584.984
534.413
520.658
511.274
522.9
531.576
534.7
446.925
499.088
546.699
573.443
456.865
549.698
544.861
477.79
557.308
549.997
536.132
589.098
564.238
606.656
563.336
621.069
560.14
539.481
521.843
525.992
611.905
578.701
534.476
461.749
534.873
640.088
557.856
534.84
520.295
578.891
568.311
527.531
553.479
526.341
525.062
521.865
530.771
542.653
529.488
462.183
566.032
475.947
502.101
507.352
527.928
532.631
561.423
554.52
524.455
565.355
545.31
625.658
558.609
507.293
579.331
503.961
550.068
556.479
561.996
480.953
525.748
500.86
609.527
564.172
480.52
556.469
557.444
578.205
450.005
627.867
585.996
582.985
517.924
472.722
649.67
545.4
539.18
492.432
538.005
524.983
492.018
586.766
560.301
462.362
537.349
535.076
477.641
528.415
503.4
510.243
575.983
528.489
508.791
460.836
577.111
516.844
486.419
533.618
549.212
604.146
676.96
615.527
523.665
541.459
602.343
511.391
648.336
474.973
533.697
568.205
514.924
538.636
562.15
515.531
474.838
611.796
554.259
548.972
605.352
592.991
515.614
563.349
522.677
536
525.667
498.587
569.829
492.468
479.327
619.069
535.494
524.03
548.571
584.529
502.061
610.322
556.482
521.382
491.343
583.378
518.661
619.356
626.47
574.278
545.399
637.932
616.157
584.781
578.562
486.913
479.098
497.313
499.217
559.822
569.405
485.807
537.947
583.955
574.83
612.375
571.701
554.249
501.384
639.166
556.976
567.396
564.689
495.107
517.666
630.326
549.702
497.08
549.226
623.019
546.786
582.029
567.271
496.303
523.573
508.447
523.689
526.348
584.855
593.985
576.289
585.689
538.925
613.192
454.138
553.933
468.697
622.094
565.221
585.384
524.371
596.602
537.463
531.37
574.493
588.426
615.869
546.886
609.619
501.254
485.437
480.435
545.087
522.703
581.751
557.233
591.686
589.087
552.304
523.758
628.569
557.399
528.244
534.377
547.002
580.869
521.08
536.01
475.584
589.94
597.072
534.04
549.612
519.914
530.264
541.244
545.015
569.021
533.52
504.927
556.515
531.833
551.091
520.814
537.075
531.164
518.561
526.666
528.573
549.622
533.995
600.427
567.861
588.914
573.991
456.474
534.203
551.584
514.509
557.165
518.062
525.528
525.301
489.889
521.645
523.682
493.748
608.639
593.262
510.11
555.971
580.498
548.218
604.103
594.693
555.815
542.301
512.636
584.272
564.712
476.929
494.508
599.889
574.741
530.824
571.406
527.34
527.925
613.158
622.866
566.998
519.905
533.174
552.743
599.752
527.12
557.844
633.679
549.597
533.54
524.897
600.113
538.953
517.125
550.68
483.071
549.227
649.719
543.762
467.122
578.931
566.486
512.055
560.096
575.22
549.932
588.292
483.251
571.685
627.064
623.616
539.645
557.102
520.798
517.484
548.044
510.962
520.041
523.677
615.679
504.378
442.347
542.071
609.124
586.68
594.69
570.082
575.425
579.995
575.293
557.518
533.65
556.785
520.997
586.313
547.657
520.473
631.461
514.906
543.665
530.501
497.027
556.113
504.85
620.115
502.251
643.942
577.618
535.801
510.134
553.898
665.667
526.287
529.295
592.174
558.068
555.297
613.981
537.514
621.035
563.333
521.569
610.263
559.041
520.543
593.978
549.927
519.007
618.573
532.934
435.766
607.746
574.023
511.734
546.028
485.614
505.525
619.97
575.007
536.053
618.994
664.169
501.532
572.913
561.964
581.184
528.445
523.491
563.979
529.635
557.15
519.884
515.442
528.876
558.884
526.151
612.286
556.268
637.601
504.36
538.005
579.142
480.489
492.616
607.441
496.457
578.41
498.498
562.328
581.814
457.003
466.278
498.596
524.594
585.565
547.748
571.054
570.126
596.537
478.894
570.801
627.48
567.238
581.315
640.886
528.679
591.747
556.201
566.848
501.494
610.918
546.314
518.964
498.549
572.926
697.823
543.075
543.843
590.401
570.074
634.127
600.756
543.25
570.299
542.874
564.863
484.792
558.699
622.633
559.813
627.483
513.035
483.325
633.372
580.561
518.843
515.586
597.113
509.312
543.326
493.583
519.866
531.74
612.543
522.936
527.378
515.954
583.054
523.49
535.351
531.633
622.619
535.585
535.499
506.889
545.328
509.116
548.182
599.782
529.679
564.452
517.436
599.397
530.607
522.552
613.447
505.019
505.529
539.14
537.388
495.46
560.874
506.832
572.666
541.964
622.584
529.596
530.635
534.052
436.091
542.241
511.939
513.319
630.41
612.839
563.676
539.074
588.095
549.622
516.042
530.808
501.121
609.907
448.107
473.054
486.823
608.959
546.589
548.741
512.704
506.897
591.559
527.637
546.978
495.943
619.055
563.394
535.4
558.918
594.35
546.634
600.985
570.316
553.992
595.778
583.915
596.514
576.683
540.389
524.76
545.117
481.369
558.179
568.262
533.809
487.96
584.879
582.851
460.744
562.904
493.829
568.674
473.39
559.638
507.314
527.193
597.127
520.065
577.045
602.865
576.528
472.749
543.17
568.039
521.115
549.756
508.121
523.365
567.217
534.177
537.784
617.418
616.462
486.01
602.025
473.554
589.226
603.326
643.418
520.381
596.183
468.674
474.848
562.529
601.703
599.869
479.357
577.031
567.88
667.876
589.039
551.22
482.604
538.085
518.065
499.261
588.071
632.044
598.02
579.279
544.425
481.195
585.024
585.061
578.665
473.984
538.353
516.392
456.002
524.145
572.161
569.152
496.172
521.544
489.893
529.652
540.484
523.305
591.272
522.151
639.806
562.811
526.931
498.064
554.994
550.618
573.521
638.424
600.017
538.183
507.462
516.217
548.072
576.743
503.958
482.286
473.032
545.352
430.503
588.731
507.546
576.027
552.217
520.944
580.507
528.877
532.503
559.514
539.683
601.95
519.973
496.194
545.963
573.526
455.575
567.127
542.332
582.339
512.497
530.541
562.589
554.536
536.559
542.427
581.315
541.941
464.154
479.619
495.226
516.987
472.264
548.761
538.467
578.111
636.246
544.753
493.14
531.858
552.45
521.957
510.227
577.911
622.619
548.777
557.832
639.816
523.768
509.716
485.531
613.174
470.842
577.03
528.568
509.318
558.988
456.535
528.62
595.706
616.894
569.922
530.01
549.259
570.297
638.814
545.906
532.567
511.321
550.161
612.578
559.451
529.056
506.4
542.832
546.691
628.088
523.409
560.885
566.861
554.251
519.407
581.27
529.946
544.757
479.6
549.49
582.483
517.205
569.325
566.287
591.125
527.322
538.91
526.915
537.593
572.018
525.933
509.928
555.325
516.741
660.908
548.001
589.339
611.342
504.534
550.143
500.481
511.848
503.208
462.625
497.865
597.801
555.262
462.674
488.106
533.476
533.925
571.276
637.873
535.403
546.282
526.729
534.347
478.168
547.689
580.683
554.727
694.187
499.401
555.086
542.716
576.391
553.91
542.638
565.002
519.482
523.026
497.305
470.789
521.648
517.292
558.627
520.175
524.239
588.085
532.681
604.955
474.006
542.865
449.604
503.631
514.919
622.104
561.328
600.922
507.985
631.043
570.241
586.605
481.339
682.291
574.274
486.096
614.62
611.823
548.127
541.869
580.744
590.572
544.02
502.514
555.2
531.697
580.288
564.074
659.334
573.425
643.521
570.426
569.226
522.294
563.924
576.471
507.389
539.98
532.211
528.536
539.226
486.789
571.85
569.24
527.39
560.085
593.285
512.762
536.727
611.434
551.168
616.858
547.339
558.861
480.866
490.392
539.001
605.346
582.824
473.335
556.631
577.544
472.955
557.056
635.704
531.633
468.458
555.688
558.839
472.39
558.322
559.51
480.557
523.283
545.29
547.873
505.4
637.534
584.658
598.08
638.152
473.511
507.294
496.52
572.66
432.464
483.996
562.795
639.801
567.22
585.776
554.498
470.05
611.93
626.571
558.187
582.378
542.254
531.179
557.337
517.584
559.067
472.04
560.881
526.785
627.506
564.216
620.172
611.928
535.54
597.315
564.582
580.031
540.834
586.458
552.842
614.998
602.305
563.912
510.121
508.562
589.629
515.891
477.543
545.676
552.489
537.171
519.557
529.927
592.233
568.25
485.76
386.331
488.369
542.501
558.312
587.271
535.066
530.914
528.266
527.706
560.333
583.267
497.78
496.193
543.545
535.333
489.643
537.702
545.976
651.683
593.939
549.676
570.137
599.245
562.178
553.458
600.686
513.965
558.599
611.139
544.364
565.7
541.92
566.894
538.169
600.101
455.802
587.314
463.365
562.004
567.096
488.581
568.852
577.08
563.863
503.16
588.737
552.73
558.947
492.423
531.802
568.982
539.389
594.275
523.325
519.928
557.913
549.622
548.707
517.43
580.847
507.917
533.308
630.494
574.431
581.863
523.535
557.323
592.425
490.247
514.536
555.789
507.285
546.068
530.206
470.416
551.552
540.439
462.811
537.006
542.991
547.345
621.882
557.571
580.443
624.965
481.578
518.98
601.064
514.418
528.42
508.01
507.71
601.208
528.797
584.195
596.305
552.769
554.415
442.771
547.296
552.497
612.417
558.139
458.501
628.212
574.919
579.4
533.118
474.11
581.486
505.316
529.766
530.036
537.489
530.29
578.203
536.631
516.51
539.945
449.436
521.905
559.109
595.56
529.559
584.305
447.318
550.972
515.934
498.851
498.915
437.31
606.166
566.009
606.661
488.893
492.689
568.519
518.404
536.174
586.966
478.382
493.349
549.878
567.624
575.79
541.649
530.176
550.981
600.04
514.325
570.623
510.578
581.121
579.176
548.318
643.203
572.187
537.832
635.71
591.368
590.479
530.052
575.112
605.41
564.851
460.381
522.452
469.897
497.289
618.653
500.237
515.03
584.624
485.304
558.903
457.286
581.693
536.635
536.667
458.833
512.675
489.343
561.265
532.654
510.418
509.544
571.464
553.341
467.23
531.829
654.397
579.296
577.661
569.604
534.259
576.844
535.803
435.892
603.897
576.963
654.73
579.067
484.086
547.154
565.796
634.764
589.746
525.292
600.861
579.535
538.405
527.828
521.887
586.443
550.552
515.276
549.243
571.863
562.156
527.585
579.855
624.933
552.232
543.366
458.608
517.9
582.262
560.633
567.082
531.005
515.159
549.107
479.39
585.111
524.395
558.842
548.1
517.815
559.841
631.839
496.913
649.763
642.507
502.791
507.712
469.651
556.13
533.537
531.878
469.581
494.219
546.901
604.425
507.787
581.457
457.939
495.517
528.426
519.082
587.112
514.512
527.617
558.258
530.62
537.621
633.042
627.589
518.561
503.132
589.279
557.642
489.846
585.761
534.596
571.585
575.82
556.141
542.744
583.876
585.646
627.461
474.832
595.209
566.369
518.063
479.338
548.788
605.805
525.923
496.487
552.91
550.191
539.683
464.785
552.053
589.972
578.302
518.333
515.726
560.174
521.345
508.436
603.053
498.09
552.51
509.777
484.627
456.725
537.645
545.182
508.929
559.309
535.413
516.131
483.079
532.454
634.377
533.858
579.066
542.859
499.839
518.014
571.161
545.998
526.655
543.543
490.603
571.324
506.583
451.674
564.499
576.092
511.221
581.75
546.492
500.099
519.131
580.062
530.109
639.92
582.253
571.906
627.349
554.316
435.768
441.72
534.994
488.482
557.675
544.73
546.953
466.211
581.782
656.7
501.941
577.519
640.945
579.06
589.879
534.495
520.041
524.295
559.053
625.739
512.1
582.59
561.255
568.043
530.475
588.518
577.397
519.906
567.687
505.182
617.72
587.1
492.881
529.792
543.777
493.525
535.242
539.768
601.94
544.396
483.096
503.885
543.559
588.65
500.778
667.687
566.019
623.307
445.366
561.472
537.07
503.572
526.673
586.701
498.651
563.503
529.118
472.158
569.458
541.835
678.051
586.746
481.481
492.795
548.563
569.089
474.101
557.254
585.284
524.379
539.615
574.177
536.138
538.512
503.76
536.268
588.486
519.067
529.457
627.777
493.097
430.219
509.278
667.317
487.726
525.264
637.812
540.262
615.572
527.609
638.111
502.516
550.289
468.225
661.892
560.522
581.109
555.322
483.106
592.486
580.912
637.685
560.065
500.01
523.151
614.398
483.614
540.513
587.056
541.174
498.622
573.598
523.919
622.716
471.771
554.617
556.346
524.786
534.18
446.482
595.963
504.053
545.827
562.228
474.796
522.202
568.892
620.402
505.592
580.378
516.462
535.094
478.414
604.366
532.291
613.634
554.19
535.907
599.684
520.132
528.246
517.881
523.682
560.909
600.472
532.337
618.873
614.781
432.12
548.786
557.852
611.655
586.275
581.249
463.868
565.315
552.837
544.911
542.716
662.314
564.655
541.036
515.011
497.003
548.838
597.264
565.368
545.991
523.148
505.191
521.669
525.968
497.557
564.136
535.241
541.306
492.049
492.364
531.687
515.498
605.207
471.128
514.935
526.156
520.892
546.83
572.081
548.678
627.451
558.304
535.562
482.738
513.755
559.003
520.515
555.291
578.587
566.342
598.245
537.521
579.528
588.46
528.607
455.924
431.869
570.239
534.41
574.102
488.283
605.734
545.172
544.435
512.235
501.382
509.544
504.864
492.228
531.059
492.149
539.985
557.918
546.916
537.871
507.502
478.962
493.933
582.978
512.415
566.502
580.053
578.275
526.136
518.302
563.363
529.951
526.299
514.24
623.315
605.034
564.378
568.188
517.227
550.44
576.042
587.779
482.701
509.158
516.82
586.782
555.702
496.174
540.585
569.611
564.688
529.321
587.647
554.398
602.024
553.996
475.923
510.118
507.956
582.655
564.036
612.383
533.963
570.727
503.875
533.318
511.597
495.38
558.138
514.961
548.137
538.288
586.644
512.062
549.507
480.085
508.97
594.038
560.082
500.398
534.501
595.912
502.58
501.604
475.115
551.494
460.536
528.356
564.938
489.902
596.942
627.593
573.695
503.783
622.615
568.454
522.677
597.442
530.763
531.154
488.4
495.585
580.001
547.461
584.326
592.492
541.762
505.665
570.535
518.24
466.981
572.144
540.613
592.331
560.308
604.088
544.049
523.469
495.051
608.875
656.884
581.412
599.064
506.902
535.125
571.905
544.017
565.276
489.471
591.758
603.647
561.72
565.987
547.365
573.13
545.873
479.642
546.052
546.683
552.866
565.721
617.091
614.857
470.709
568.173
533.919
601.214
569.379
520.927
528.442
562.704
510.483
491.649
566.934
542.149
542.599
551.44
539.055
530.4
633.282
564.867
513.228
606.374
593.379
624.439
505.4
511.487
591.152
603.316
542.172
543.093
481.374
528.632
512.622
546.54
551.401
543.585
480.597
545.75
537.629
503.17
543.097
666.91
513.733
561.233
521.958
621.243
551.409
584.508
606.369
539.104
548.35
540.501
552.642
615.338
617.527
566.23
599.748
575.31
549.459
618.022
433.939
544.605
526.06
561.251
567.181
579.457
668.006
622.448
533.484
480.306
587.695
517.481
498.707
537.717
530.644
536.725
523.014
695.309
517.21
536.591
558.358
504.746
552.998
597.78
552.934
579.197
539.454
497.993
566.55
503.473
507.422
523.796
514.288
472.741
581.607
576.847
490.343
622.687
547.482
489.796
540.475
580.326
552.522
573.808
476.66
584.069
527.258
478.456
552.228
538.434
672.796
548.099
633.15
538.999
540.281
591.388
490.32
574.172
538.53
540.035
530.597
501.775
513.813
510.287
590.807
474.486
637.789
478.01
597.093
508.569
640.818
652.918
511.668
539.322
602.151
518.643
579.348
635.321
561.089
500.636
510
525.244
500.263
577.371
478.174
580.665
549.582
568.009
484.125
573.684
534.975
593.598
595.26
534.175
547.336
503.91
553.989
607.711
531.496
549.471
609.416
466.637
564.515
525.635
567.802
471.281
533.797
541.231
569.537
567.488
484.129
566.438
495.261
501.168
547.337
485.03
481.186
458.529
552.227
652.524
568.62
525.221
533.002
535.201
540.178
590.379
474.429
606.213
558.073
501.155
587.442
524.245
547.369
548.835
556.187
519.34
553.234
547.543
591.26
555.713
583.446
614.61
532.234
566.763
526.234
573.805
534.333
466.935
606.987
488.754
575.475
553.224
590.212
534.341
477.495
534.209
574.374
633.244
504.863
536.03
563.725
563.997
542.994
605.651
577.333
542.692
568.406
537.689
570.846
468.958
622.477
578.561
577.018
543.292
592.572
468.448
620.572
627.438
551.333
486.307
461.451
520.5
567.114
529.366
505.806
634.515
549.668
556.767
583.02
569.662
590.825
524.76
560.067
501.415
550.809
564.762
512.739
585.626
569.189
561.024
568.839
524.131
555.335
547.466
483.489
452.768
617.303
575.249
526.812
523.172
538.574
537.889
459.426
557.983
571.525
545.126
599.087
570.891
522.94
447.569
415.187
535.748
553.401
531.005
546.12
515.205
535.482
567.276
627.107
558.714
605.597
498.578
593.692
616.478
523.778
591.029
447.082
612.858
490.572
478.338
489.541
515.019
600.181
628.748
562.3
528.948
518.01
479.648
595.56
606.303
514.92
475.41
563
649.6
493.765
529.733
490.614
604.229
583.748
524.32
549.285
586.472
552.956
528.067
604.34
476.235
537.336
608.757
565.711
543.734
487.992
563.195
529.782
543.275
616.614
542.925
535.375
534.263
537.101
526.64
562.762
526.88
548.293
584.533
568.443
518.494
514.11
527.695
558.678
505.483
485.092
575.737
496.02
521.478
490.048
524.067
542.136
543.42
543.523
561.756
457.336
555.626
519.72
498.141
541.189
509.346
568.735
581.207
550.432
513.576
500.055
531.878
561.445
544.792
461.538
504.87
514.022
597.093
610.298
635.895
571.758
529.409
651.649
514.766
484.518
538.1
479.432
597.961
565.664
584.044
529.476
570.936
505.578
540.9
535.785
515.867
554.344
552.478
604.969
569.923
594.737
633.733
573.067
523.808
514.203
518.061
455.785
592.631
588.092
599.279
531.514
579.841
539.727
525.737
478.248
604.436
586.391
550.994
559.019
616.997
526.282
548.941
457.714
557.788
515.064
505.771
496.831
589.769
517.865
540.237
542.426
577.187
572.818
591.368
570.417
643.226
468.695
533.7
596.996
570.682
561.629
495.815
660.525
499.547
599.887
523.677
617.531
511.878
523.772
568.802
557.957
586.497
488.438
564.365
539.248
476.305
551.43
461.151
581.75
562.703
605.098
487.029
607.106
611.033
590.799
545.991
537.688
553.028
559.1
496.88
541.481
554.835
550.854
565.747
620.722
540.987
541.369
619.974
641.162
499.104
507.365
554.431
505.479
583.141
583.307
560.848
598.052
561.361
537.11
608.109
547.129
607.474
568.529
500.666
562.752
568.03
593.633
548.145
550.949
629.04
562.738
591.817
629.65
528.561
518.926
579.483
533.335
558.82
535.011
575.948
556.268
620.241
554.711
501.247
568.981
517.382
515.801
561.36
562.495
503.206
525.571
506.92
470.867
560.621
540.19
479.77
612.163
504.774
542.949
517.654
590.02
548.528
562.625
555.792
617.55
630.838
584.301
574.842
605.39
581.002
504.081
490.443
613.248
560.453
562.766
512.584
568.559
504.184
538.556
524.79
556.644
548.797
564.051
573.795
566.959
539.353
623.797
554.291
551.303
558.709
547.519
549.386
477.411
553.818
550.002
554.747
488.985
565.8
528.99
512.469
543.709
486.383
593.825
614.816
529.532
550.328
492.837
515.497
568.814
537.17
518.672
546.029
548.331
582.493
534.008
526.714
592.557
601.169
611.752
476.048
613.625
568.472
526.471
568.859
577.732
514.14
545.142
477.116
571.024
554.904
521.032
601.19
508.859
549.727
518.856
666.994
489.379
498.731
554.046
686.106
539.708
573.313
499.241
513.289
583.466
512.054
496.963
473.263
533.673
616.543
561.768
622.858
515.199
571.295
552.363
540.157
489.066
492.065
551.614
543.479
533.571
544.006
559.665
490.946
509.531
527.753
579.435
616.133
541.622
531.676
518.304
549.429
600.058
492.954
514.479
497.763
527.748
552.794
602.567
561.938
548.125
523.611
528.088
441.393
619.078
472.763
477.366
513.966
609.222
572.729
543.357
521.745
591.217
570.774
514.627
554.174
440.209
496.977
509.378
540.409
552.532
586.031
600.307
541.967
574.329
519.593
588.048
520.42
564.871
560.11
613.624
546.074
538.131
571.863
492.753
513.256
507.734
595.717
564.12
568.85
555.433
602.142
591.28
501.84
464.763
588.443
529.401
524.016
508.786
556.454
562.103
579.408
536.866
503.668
508.379
548.904
661.728
521.422
531.09
444.527
563.459
556.984
536.636
639.93
542.857
481.942
591.242
505.762
561.173
566.111
505.348
523.875
548.805
529.043
501.191
513.677
600.911
602.031
520.757
480.274
540.653
497.68
511.108
554.983
594.348
608.24
559.902
549.766
610.456
514.111
517.515
534.146
599.23
498.944
548.146
512.251
578.095
607.08
540.306
500.334
531.578
602.261
481.352
511.743
471.464
609.332
579.428
584.504
611.363
601.482
527.893
581.879
560.912
623.621
515.579
571.054
581.476
541.359
597.842
563.467
601.89
555.235
613.839
505.347
523.7
614.106
474.585
645.43
546.601
570.859
661.731
495.753
503.633
477.967
523.266
501.553
518.781
535.084
647.866
551.071
584.166
418.031
480.538
524.85
557.954
589.679
601.586
535.501
519.92
574.206
517.227
589.571
506.732
513.877
551.761
544.212
668.038
603.492
541.04
496.006
478.982
559.139
534.115
613.557
542.714
580.788
502.546
533.634
497.642
582.089
555.293
500.383
585.067
485.452
561.922
553.505
627.582
555.52
578.818
500.809
503.051
525.181
554.059
549.017
494.386
543.227
527.534
583.118
534.629
510.451
538.703
531.738
552.673
538.918
619.425
583.373
561.158
535.244
653.033
540.014
510.417
559.994
602.424
541.032
532.767
477.23
562.26
480.301
503.467
550.419
508.257
495.245
547.375
591.318
532.057
501.564
578.885
566.498
639.721
573.959
545.963
612.586
674.528
485.409
481.666
571.349
623.524
475.175
615.866
604.613
542.327
563.238
493.343
489.272
538.852
559.492
467.541
546.721
654.223
534.617
483.606
597.513
559.33
501.691
559.717
536.845
447.431
616.631
534.887
566.543
578.991
587.489
499.83
470.521
560.928
615.083
516.146
540.683
547.567
689.378
515.506
564.534
546.045
530.289
496.99
465.849
520.912
423.718
568.355
546.817
558.489
569.583
577.292
551.49
490.749
556.241
597.88
530.504
546.145
555.317
505.208
617.929
560.664
553.103
490.458
569.339
535.828
616.189
540.731
606.043
578.754
568.683
516.786
589.58
523.753
523.876
545.167
526.28
535.653
544.874
499.143
527.472
536.874
494.11
528.137
594.151
505.013
523.635
548.198
581.92
668.65
592.557
499.604
576.696
484.32
526.789
625.394
571.008
511.151
554.213
580.253
538.786
533.312
534.582
551.031
576.51
576.24
462.665
535.172
526.603
552.221
556.198
482.396
560.764
558.47
517.515
494.807
556.997
521.537
505.354
545.111
670.545
569.16
587.508
614.017
506.872
541.761
629.458
563.42
540.085
599.195
553.635
566.585
533.461
570.248
512.047
517.096
540.86
478.835
611.639
569.78
511.908
517.921
584.389
490.907
514.025
514.417
567.716
634.68
475.74
558.704
553.771
594.679
553.45
571.939
582.086
542.786
517.083
523.186
586.122
460.562
575.787
535.209
522.694
602.817
619.992
505.465
509.091
543.667
506.276
451.44
500.691
543.878
586.189
495.876
522.999
599.827
506.266
538.641
583.251
569.548
567.177
515.699
535.438
541.333
556.03
605.522
453.276
537.996
543.386
666.27
657.531
483.193
593.231
510.773
565.512
573.331
546.522
548.878
493.181
571.456
546.341
535.627
578.958
517.379
568.893
488.36
611.427
480.456
517.119
529.739
558.242
488.888
503.139
481.069
499.076
616.218
565.323
608.859
502.526
587.727
520.108
493.106
572.636
511.844
515.707
600.017
548.493
506.416
522.249
458.711
500.955
529.758
547.463
560.137
467.71
516.332
547.097
581.91
619.564
590.747
490.638
533.08
578.377
541.602
613.591
563.508
453.226
508.307
593.566
591.866
610.179
599.245
573.618
532.684
570.338
542.037
512.748
534.322
650.757
528.41
551.461
517.123
567.756
522.929
560.344
511.191
709.373
501.034
507.664
549.05
533.995
524.927
555.87
523.121
601.286
557.15
534.475
548.884
603.196
587.517
587.88
457.404
498.875
524.82
548.11
591.903
500.45
530.791
499.547
550.589
602.815
545.788
589.565
561.483
545.235
532.016
541.913
525.294
528.327
523.219
619.746
539.495
597.218
652.401
586.028
585.964
509.152
545.312
561.852
517.016
542.079
475.266
558.775
514.807
520.181
584.637
562.812
528.419
522
618.859
538.846
614.016
524.744
628.862
505.976
477.739
580.123
510.687
558.647
552.958
526.37
523.07
565.539
577.555
584.94
510.672
598.428
563.512
570.048
555.71
532.67
540.252
468.946
567.705
557.112
521.147
542.137
493.977
469.622
587.473
567.558
657.113
498.296
478.095
506.283
515.352
547.223
527.147
589.584
544.441
570.942
444.682
609.994
554.961
605.667
570.563
657.898
571.565
563.677
532.016
523.439
534.382
515.328
580.983
536.477
475.985
602.516
493.741
580.448
496.277
565.485
480.852
491.366
521.818
609.771
449.415
620.831
592.472
531.796
511.321
631.339
528.722
575.925
580.943
588.268
534.016
603.592
567.644
530.966
592.939
697.418
588.298
520.081
570.893
510.489
548.196
419.56
513.059
595.387
580.37
506.431
576.726
522.425
413.499
565.326
618.129
562.587
594.809
588.659
535.945
519.485
616.068
522.612
503.225
456.127
507.122
577.94
537.657
551.258
572.024
550.474
563.394
513.072
532.142
507.423
538.9
491.64
549.052
545.242
551.513
522.84
579.958
583.036
530.874
531.469
522.04
478.901
562.571
543.286
496.556
495.105
557.374
480.643
592.691
566.642
574.771
624.327
573.911
472.727
554.872
549.321
537.609
575.962
532.571
588.32
502.312
621.7
525.044
586.035
592.862
530.025
621.055
550.977
502.634
548.127
614.157
536.419
489.276
565.451
473.408
557.59
628.293
596.481
449.427
611.212
550.743
526.897
522.239
585.401
548.8
436.335
525.183
543.602
523.119
589.413
537.743
595.91
505.337
562.772
571.91
533.814
574.305
518.713
568.27
458.892
577.281
535.539
580.466
527.397
501.892
554.472
572.63
633.721
584.683
528.516
553.975
547.472
543.852
522.422
615.992
439.559
558.432
564.226
518.557
562.83
581.747
523.743
605.07
553.663
535.105
568.283
562.845
577.182
627.75
636.949
549.915
613.899
540
553.718
534.423
544.026
582.888
630.894
567.642
478.846
525.849
565.317
565.644
560.985
594.092
588.052
575.881
623.043
482.759
589.662
478.924
563.24
503.687
513.782
517.572
489.565
583.152
547.689
570.226
507.216
569.86
595.473
529.177
647.836
515.578
543.015
524.331
584.81
569.676
545.783
495.586
503.476
557.859
506.23
566.62
555.569
516.992
601.648
564.887
585.794
565.335
510.996
534.685
519.54
493.698
584.161
556.883
533.488
536.008
491.294
629.334
650.109
587.684
503.26
573.635
577.157
564.371
534.071
490.695
555.809
555.649
538.968
541.963
502.884
500.817
554.665
515.611
442.203
603.118
628.667
531.385
520.412
528.801
584.835
607.608
484.671
621.783
551.374
503.061
528.152
531.174
522.055
613.214
583.295
481.959
507.495
507.93
556.132
546.838
597.535
606.685
562.988
526.456
515.878
554.307
540.291
592.124
584.348
620.639
556.912
540.965
546.591
651.657
521.14
475.305
521.196
508.088
577.014
504.752
606.3
556.502
548.101
596.346
541.88
530.611
509.478
556.149
488.779
584.713
556.284
552.766
575.515
548.069
590.184
526.269
561.713
631.25
515.233
553.994
604.585
515.321
469.267
527.487
506.157
528.39
526.963
605.97
527.928
513.108
548.576
522.612
539.618
537.061
575.637
634.025
517.821
558.537
520.292
521.799
522.487
581.901
517.081
607.911
538.266
521.201
573.586
551.671
556.272
583.835
599.383
482.428
588.853
521.345
580.651
465.011
457.587
539.979
553.4
539.834
564.412
498.084
578.215
590.957
589.607
521.009
555.592
602.257
530.723
531.023
636.419
521.655
466.614
570.057
530.472
598.276
536.728
586.401
522.896
566.558
544.622
536.295
499.116
508.288
511.8
573.196
488.178
623.644
584.401
570.437
497.435
527.95
619.696
694.675
574.041
568.212
514.195
538.514
516.753
536.462
559.794
526.492
528.422
601.386
465.702
604.097
509.644
620.617
625.8
464.741
490.292
571.038
573.032
678.541
486.415
487.988
511.139
619.851
592.438
574.02
593.431
564.131
570.214
609.383
618.383
581.433
591.596
534.969
459.896
573.279
574.005
515.64
588.649
473.095
532.39
564.422
590.525
586.427
493.82
578.021
618.777
554.387
561.63
574.259
588.373
621.236
596.426
562.852
500.36
534.764
645.705
524.687
569.092
580.389
582.799
521.247
584.225
535.482
541.896
662.941
567.539
510.378
576.304
532.913
513.28
585.584
529.213
486.701
568.551
637.331
585.728
435.214
567.079
606.127
578.651
500.919
574.073
644.909
558.415
538.137
510.2
512.307
568.908
518.463
537.589
598.382
539.89
587.744
633.273
587.155
639.164
560.012
660.127
523.243
622.15
571.673
544.6
581.209
526.806
493.75
533.6
570.415
562.272
571.018
522.752
581.289
505.603
569.934
512.9
550.409
556.611
507.899
473.72
578.83
505.157
498.821
565.935
503.99
558.555
589.42
528.683
538.16
563.841
505.006
463.783
647.23
508.905
585.166
505.124
624.13
512.524
515.921
561.702
536.914
564.221
454.035
540.492
575.294
590.024
477.151
527.462
619.504
616.324
472.873
626.377
590.035
573.438
567.785
527.784
590.774
515.615
513.663
491.3
628.89
501.43
561.67
535.766
503.241
500.721
599.181
531.531
620.635
517.545
545.252
515.697
566.262
502.953
520.36
544.358
611.695
514.932
624.576
558.999
500.32
447.802
528.69
559.344
605.432
630.733
505.313
516.597
515.508
589.107
545.037
549.167
515.255
476.574
482.895
495.165
598.719
482.235
466.807
551.15
562.932
501.28
541.499
553.328
478.978
554.541
527.018
478.019
575.456
530.238
543.338
565.065
464.376
599.26
633.739
507.305
561.434
629.359
621.259
520.961
584.056
615.119
501.877
533.343
544.404
534.565
493.342
612.368
542.411
616.377
463.848
582.631
458.421
623.44
539.678
547.922
455.033
518.994
570.77
513.079
627.044
596.831
491.437
464.768
594.443
621.501
518.329
528.746
616.23
431.57
566.058
602.76
530.284
590.767
684.15
572.645
578.647
608.26
525.867
552.36
516.71
519.55
530.976
510.358
621.484
534.191
553.295
588.446
489.084
533.604
505.763
579.506
542.311
606.914
562.694
485.794
560.991
516.793
533.927
543.813
473.988
545.514
488.572
583.514
514.292
589.454
557.113
504.471
550.654
596.085
615.697
568.198
500.218
520.33
447.87
551.59
581.451
596.792
522.477
620.256
557.302
608.861
570.109
606.497
565.835
594.249
579.571
499.307
549.424
517.822
571.455
451.689
542.497
487.274
513.815
586.508
518.662
578.828
526.061
519.048
472.743
536.211
514.933
587.526
526.989
576.968
586.738
573.873
475.717
593.545
555.19
547.093
508.055
547.375
534.885
556.987
626.071
493.553
585.987
555.262
494.051
645.829
534.286
506.077
547.372
534.999
467.216
553.469
573.232
573.191
631.488
589.526
458.055
543.844
615.596
585.019
557.704
549.252
586.353
581.533
470.26
568.613
544.575
658.429
584.148
533.057
572.158
554.797
591.753
430.303
545.195
513.226
494.491
570.435
534.669
484.55
527.176
608.554
505.086
482.107
555.57
568.921
544.786
589.392
535.898
515.828
528.434
613.176
531.813
500.188
549.388
449.159
666.343
600.015
547.513
598.563
540.524
512.267
609.092
599.098
499.569
561.457
618.157
592.544
533.236
526.201
571.068
548.575
569.255
555.321
513.133
650.115
546.718
544.501
682.139
575.48
604.836
623.7
610.888
526.355
552.116
549.552
535.417
508.937
547.206
628.461
520.021
493.094
512.234
512.975
531.999
540.366
614.799
535.421
576.233
582.139
482.574
511.012
532.359
624.035
548.845
609.921
597.783
522.622
431.538
537.474
636.128
483.662
508.719
504.013
542.278
551.464
511.27
599.807
515.517
488.111
523.275
568.102
661.249
572.924
520.636
526.055
483.144
535.051
539.423
552.714
577.8
491.503
533.784
575.839
548.521
548.461
451.843
547.923
495.602
477.329
565.456
513.63
451.807
639.943
629.133
542.719
521.62
719.119
568.4
590.531
572.233
465.835
444.351
579.075
467.658
464.311
491.397
566.009
525.75
602.778
441.534
597.763
544.139
606.547
563.695
557.642
566.654
552.473
488.282
446.327
597.738
543.399
611.068
509.423
586.161
585.985
525.825
546.924
455.311
546.661
477.425
491.538
529.657
491.465
507.138
570.389
550.166
567.799
584.976
503.979
449.84
544.779
568.341
556.129
478.176
566.51
552.715
570.494
500.519
598.829
657.124
529.823
501.454
585.796
581.375
567.723
632.021
643.879
543.86
573.729
548.343
561.839
566.166
563.636
540.167
574.063
586.721
556.525
628.985
513.197
544.434
441.483
470.679
507.558
535.461
526.281
542.759
569.502
569.568
447.402
532.303
581.625
586.519
552.749
598.026
529.184
509.769
492.528
558.732
588.404
573.024
589.983
534.461
524.077
589.178
591.925
530.274
483.02
593.547
478.842
526.691
585.601
612.966
511.335
493.73
581.179
652.429
489.27
578.043
562.446
549.926
586.725
569.255
552.934
539.166
643.06
620.364
573.408
623.569
512.142
535.927
556.453
481.923
571.865
591.467
575.072
539.224
508.644
580.604
578.951
463.428
467.517
527.166
522.754
544.827
574.966
538.031
489.349
528.187
597.317
535.424
613.772
520.767
570.534
608.63
529.514
495.517
627.004
604.463
543.188
497.488
578.926
536.184
599.046
541.348
530.66
506.049
581.942
572.096
646.483
617.444
542.835
668.112
574.713
614.582
608.776
561.995
521.082
576.192
591.95
586.347
531.582
498.951
476.551
552.102
522.182
609.669
531.585
512.51
514.346
551.801
538.976
601.415
624.846
551.51
513.638
513.777
438.386
526.274
461.669
528.181
587.972
532.174
517.642
603.884
612.653
534.871
520.339
553.499
546.738
493.719
593.027
578.901
552.447
588.798
584.377
553.103
578.257
543.958
522.87
523.999
548.112
484.491
597.675
546.782
580.424
536.357
571.373
595.84
615.012
509.171
580.258
512.963
470.202
589.544
563.082
512.148
597.733
601.013
443.234
480.719
548.286
571.948
652.551
600.737
553.364
661.1
664.044
645.292
598.783
567.572
499.928
593.62
501.121
551.399
516.814
504.704
563.71
596.94
527.691
557.246
594.214
527.36
478.323
575.694
605.1
584.539
550.688
572.694
628.567
521.879
547.309
502.482
605.627
618.848
496.36
549.838
531.183
524.295
527.131
452.509
536.491
588.871
561.207
522.356
504.694
595.684
637.266
554.506
558.671
560.442
531.66
579.405
607.986
528.785
529.135
553.253
566.298
480.437
581.436
463.6
505.553
455.052
543.126
550.842
608.211
462.654
504.818
540.354
565.185
499.725
502.322
540.472
566.86
586.412
511.759
620.84
495.11
590.843
573.899
531.614
603.999
569.053
496.183
488.822
500.247
644.103
600.994
526.299
509.513
478.754
604.671
528.31
484.639
528.466
574.846
499.722
469.248
623.468
540.95
596.118
499.606
559.285
545.088
521.572
499.979
544.71
542.167
532.1
543.425
486.49
664.319
585.662
489.972
529.723
567.192
594.621
528.023
583.619
527.989
570.313
563.963
572.828
468.596
540.564
527.281
512.024
473.074
518.569
538.376
533.284
518.721
546.243
599.614
569.542
540.641
636.944
558.946
524.267
548.615
610.84
512.746
497.272
553.245
550.792
625.029
568.568
652.745
515.385
510.631
446.661
549.703
565.999
595.386
485.877
545.358
552.984
606.449
559.973
494.327
547.883
493.822
487.634
602.015
476.6
607.468
615.327
577.345
556.807
563.012
511.256
503.983
559.257
594.718
531.514
519.376
504.814
560.512
498.368
570.157
613.026
576.034
532.538
541.331
569.587
553.529
531.207
524.028
525.91
544.199
514.699
554.707
499.384
568.216
484.619
585.001
700.687
606.264
579.106
572.922
429.063
561.717
557.06
512.181
543.128
522.581
523.134
588.143
554.413
622.34
550.382
509.121
583.676
496.03
543.631
562.003
618.551
586.236
586.58
563.29
478.516
510.675
532.638
577.102
579.355
521.202
571.222
554.112
564.264
571.12
562.435
521.912
637.952
552.339
510.423
533.937
538.149
553.458
565.598
502.846
562.444
536.941
533.965
540.078
521.119
554.435
620.971
503.222
568.123
468.601
629.614
502.921
558.074
551.247
525.531
511.119
526.358
627.84
573.596
596.489
680.364
547.285
582.491
549.695
570.191
541.844
565.364
534.429
523.238
554.035
537.873
533.988
565.9
546.668
545.195
516.388
473.425
581.122
528.861
644.971
568.283
570.547
614.301
558.395
548.665
513.254
592.223
518.921
556.947
529.243
568.514
595.869
535.945
556.911
498.306
580.315
590.54
563.685
455.524
471.675
526.579
546.249
574.459
481.65
538.105
536.845
463.693
586.949
550.281
507.235
504.33
559.966
586.67
524.744
547.649
502.166
569.517
525.229
491.321
525.671
629.373
581.227
567.404
516.78
557.979
546.978
513.284
520.633
547.969
513.24
570.844
510.334
572.741
524.538
517.286
618.756
529.022
490.25
558.043
501.821
630.436
564.641
562.767
579.718
563.097
559.73
592.981
664.422
526.827
550.701
518.282
537.138
568.541
516.906
600.428
511.334
568.193
590.69
583.536
581.966
550.496
501.61
574.586
612.822
513.261
491.691
496.367
495.707
467.679
565.711
523.134
586.648
521.692
545.655
542.599
524.499
511.243
560.355
510.86
550.906
574.79
542.058
514.79
594.379
575.456
499.019
629.436
517.407
533.768
538.783
572.67
596.125
628.831
529.895
538.801
594.975
530.039
492.491
527.661
523.978
573.132
530.357
464.469
585.755
541.594
580.266
508.445
573.575
591.36
507.922
550.747
555.598
552.436
569.506
536.144
541.741
452.054
585.109
531.188
603.717
538.222
471.962
584.884
533.016
570.261
459.558
526.382
612.759
635.232
476.611
683.556
530.839
519.492
581.964
493.021
478.442
567.52
521.186
527.947
512.801
489.102
516.532
576.587
528.677
571.685
648.479
529.028
561.853
472.192
511.002
577.292
562.577
515.919
492.381
646.885
580.332
571.41
484.828
571.291
531.696
565.525
522.673
480.176
612.829
528.081
487.519
565.692
648.76
513.763
484.61
503.775
555.44
587.5
662.738
545.322
559.545
491.23
576.63
564.715
610.746
601.892
558.717
560.036
668.184
485.706
518.389
528.995
506.752
609.939
553.714
474.832
547.934
518.628
613.16
551.415
534.724
524.032
480.661
533.859
605.574
515.373
552.489
543.392
523.616
480.752
546.303
567.879
556.656
594.509
463.992
521.267
545.353
531.952
569.657
513.559
564.996
570.483
584.596
624.831
470.79
531.462
530.359
516.618
548.477
614.885
540.496
553.083
557.536
565.474
553.578
600.42
573.504
565.021
506.027
585.36
525.788
499.4
619.682
476.839
577.514
550.931
551.974
480.35
490.345
546.589
460.015
595.515
568.643
533.428
559.254
611.491
531.733
538.584
517.693
499.917
529.784
457.493
483.74
580.518
573.709
581.606
572.354
577.775
619.675
542.823
612.804
599.589
559.273
550.186
495.515
483.159
481.581
543.278
598.661
550.911
589.611
505.713
592.854
547.648
542.255
542.078
567.526
481.93
579.713
554.397
498.168
534.038
534.555
492.641
520.867
522.291
578.459
536.533
556.623
535.645
530.232
554.819
618.297
526.288
588.953
589.694
580.784
555.337
560.559
519.509
551.342
542.214
516.727
582.929
573.243
529.356
594.105
516.871
534.843
515.142
575.338
557.403
510.415
549.903
480.78
472.192
542.808
582.393
559.728
530.061
550.724
524.882
496.985
560.666
570.375
504.279
456.507
537.491
520.191
540.675
498.382
511.684
531.121
567.129
554.17
553.399
526.257
511.88
574.835
608.865
497.589
635.556
545.895
632.114
567.111
565.437
607.558
500.021
443.746
564.399
599.453
470.503
634.508
558.737
596.961
539.112
553.227
508.989
522.714
524.022
556.331
529.658
614.515
566.41
492.163
536.997
517.268
531.877
512.127
561.972
613.36
553.305
468.717
572.437
585.883
537.091
529.712
642.708
579.109
474.859
541.938
567.255
473.816
547.917
509.352
563.575
503.173
561.44
579.256
626.191
578.258
496.544
554.77
593.689
576.577
541.11
553.117
605.469
504.861
575.133
525.789
483.644
495.901
560.083
530.496
530.221
535.251
558.62
531.486
530.503
500.096
537.731
577.612
519.337
607.552
545.531
600.906
578.002
556.287
576.088
573.746
506.575
486.634
576.274
487.342
549.815
563.917
499.509
617.703
512.194
521.552
542.022
549.205
515.061
570.173
557.518
526.119
515.727
562.249
584.87
578.237
523.28
594.54
530.532
595.083
510.458
630.046
576.978
494.785
527.236
494.517
591.096
502.177
526.302
510.188
510.021
439.981
524.607
571.126
596.586
552.321
505.14
628.36
533.655
558.204
590.055
537.095
615.075
600.455
627.751
588.051
594.192
553.435
516.182
615.331
568.022
494.298
637.772
661.647
515.872
513.359
476.624
610.497
600.374
500.502
534.514
507.794
511.986
505.3
541.924
612.587
495.141
489.371
564.895
502.153
562.482
585.904
591.142
493.53
550.055
652.431
523.045
576.304
591.966
509.45
491.701
468.13
560.28
519.216
453.584
565.706
434.935
481.549
457.366
557.133
568.05
541.756
574.658
543.389
469.956
651
526.55
517.916
592.824
486.293
646.292
635.145
590.731
502.437
565.474
563.955
569.015
482.351
556.387
572.402
577.322
596.768
619.333
557.607
499.52
562.236
587.77
567.532
535.728
550.797
468.874
590.719
534.518
616.278
603.483
493.936
519.98
576.261
448.543
558.844
592.323
515.144
488.387
532.01
553.54
476.807
516.633
530.436
551.575
683.472
540.665
548.31
588.897
620.85
549.517
469.591
543.674
538.829
493.664
642.711
567.225
569.39
553.893
509.312
592.874
689.953
463.192
474.888
481.008
495.642
511.145
579.778
534.234
620.68
571.406
508.028
548.745
570.228
521.802
582.98
549.768
574.78
668.224
621.366
504.296
523.312
535.91
472.528
408.113
535.997
540.476
578.933
519.058
575.489
521.295
640.71
498.493
476.375
602.589
501.728
553.999
493.039
547.412
564.464
575.549
560.561
528.235
551.456
645.656
540.919
468.876
472.544
564.266
518.5
507.113
559.541
521.986
542.924
480.353
526.69
523.364
513.862
518.005
553.676
570.945
643.371
568.927
507.701
528.931
536.616
583.255
598.333
505.521
578.768
596.941
550.373
514.603
592.951
594.712
449.988
578.294
586.171
459.535
501.373
526.048
601.981
496.266
583.228
576.683
510.094
522.07
521.129
495.998
519.405
682.792
529.027
575.529
504.947
588.902
599.601
510.927
574.025
546.295
562.393
596.175
514.176
603.075
562.344
491.077
556.725
631.325
619.701
516.589
583.902
471.95
635.636
485.185
558.477
507.293
434.279
508.688
492.019
547.538
505.896
589.59
544.158
580.423
553.365
586.548
521.501
513.545
566.177
542.721
527.943
561.873
548.253
472.901
535.95
527.394
522.695
542.847
445.192
564.993
586.169
477.878
500.041
580.09
548.705
568.075
675.429
410.786
614.831
612.07
656.204
525.977
593.466
508.249
522.338
603.105
555.118
574.487
495.555
482.699
554.497
526.568
515.661
465.18
613.033
480.623
551.399
578.81
530.285
553.084
558.864
497.058
566.968
514.271
570.113
562.133
511.229
615.369
544.526
516.547
540.728
569.03
584.294
504.144
521.93
566.533
546.907
551.444
569.784
585.066
556.032
545.034
561.165
537.666
527.046
515.109
470.278
474.525
570.783
553.876
571.138
571.273
545.46
549.898
523.171
458.47
541.053
544.661
518.969
567.563
629.961
586.714
630.48
536.566
540.811
560.755
546.734
496.499
481.198
582.491
516.889
539.11
564.788
478.826
533.197
601.136
486.334
490.45
546.011
553.057
526.552
625.92
556.419
523.204
458.535
606.842
540.642
578.655
611.77
554.585
581.103
582.524
613.086
574.758
549.038
454.501
564.602
499.181
588.536
509.881
548.781
628.457
556.337
534.225
560.067
478.177
634.551
527.734
490.479
499.103
552.453
567.211
485.899
546.261
551.712
473.617
556.071
525.18
511.293
549.757
465.655
583.015
616.858
598.446
476.818
510.489
577.301
566.023
664.076
512.983
521.295
556.384
550.588
609.637
554.56
607.337
637.776
527.212
550.742
564.848
550.763
524.434
585.609
525.471
501.437
550.026
571.897
505.993
605.574
528.039
595.706
565.247
586.606
556.416
487.533
480.35
607.914
476.089
642.959
548.516
497.692
495.647
467.263
584.148
521.958
501.323
526.866
635.51
444.972
566.263
414.067
515.244
562.707
481.165
583.482
511.142
616.822
491.805
492.66
521.601
485.742
551.368
567.955
539.202
634.903
568.511
551.375
501.698
567.548
516.105
562.361
511.321
492.806
541.109
523.059
522.648
598.92
561.776
513.037
596.666
538.944
539.892
526.228
500.73
531.922
587.571
553.225
444.622
594.812
576.81
570.562
473.911
510.904
620.253
522.646
579.378
466.888
576.406
608.452
564.283
612.861
631.203
543.571
562.809
602.22
514.866
531.012
446.485
529.183
493.068
490.797
593.575
540.811
546.309
566.7
633.239
560.695
553.244
541.701
496.819
520.528
575.686
504.06
555.456
577.709
621.264
515.129
507.081
595.591
566.721
612.461
561.318
565.979
546.474
564.981
547.541
542.684
619.546
627.431
553.765
582.278
575.975
568.327
519.33
543.654
521.991
598.624
568.753
514.388
546.13
549.58
506.95
583.171
497.257
560.62
568.615
516.917
544.34
552.984
517.489
585.214
539.947
556.828
553.024
582.44
595.892
540.917
583.474
528.264
559.799
500.597
599.521
554.683
580.674
628.957
619.389
531.666
575.227
586.315
478.531
561.462
544.409
553.063
556.327
523.184
550.745
587.978
574.028
470.399
552.006
636.814
582.979
571.68
645.906
552.018
616.128
478.461
463.947
638.56
563.42
594.47
509.322
603.993
474.314
512.651
597.55
545.483
551.908
558.613
476.642
522.129
504.365
557.145
662.271
541.273
521.729
564.829
572.351
503.891
539.878
521.481
512.845
516.098
485.603
571.734
646.527
547.066
591.837
504.959
516.716
445.094
482.288
510.757
575.003
502.143
536.173
623.26
555.371
563.683
509.491
511.999
541.703
496.646
545.842
532.16
612.581
535.112
500.946
504.507
513.649
567.032
445.571
584.502
531.379
673.842
508.325
544.034
531.166
538.426
549.924
525.949
499.215
566.918
517.894
529.571
571.495
578.28
622.013
456.845
539.297
560.475
569.113
564.31
537.566
538.457
502.018
663.062
563.791
538.057
550.214
499.583
540.378
654.551
551.059
530.493
527.035
523.506
553.485
504.193
478.45
503.619
546.364
453.585
468.162
512.413
591.836
553.711
571.844
557.346
521.857
600.612
595.518
554.833
628.174
563.119
616.853
543.934
515.933
493.475
535.736
597.887
601.518
577.954
599.717
473.101
517.224
562.294
573.473
489.974
440.016
490.282
591.503
582.706
527.139
561.327
508.679
537.073
557.094
519.459
564.32
572.246
558.444
537.998
532.136
496.098
476.988
486.793
515.976
561.211
602.088
580.258
582.52
540.891
485.223
638.494
455.256
497.83
519.576
540.297
521.896
507.093
593.099
557.08
514.768
542.713
543.304
580.299
562.886
540.051
569.06
659.68
634.059
563.25
537.474
666.377
581.434
539.666
517.165
548.338
467.92
583.245
548.951
540.235
587.25
561.133
573.122
575.761
563.572
554.534
547.072
504.384
611.332
550.403
550.822
560.59
595.16
468.5
575.681
517.076
541.758
552.449
579.048
497.656
584.338
534.4
558.22
602.31
556.659
602.211
530.888
530.3
598.568
538.642
503.701
565.489
524.286
563.6
514.46
544.3
640.608
615.946
574.902
530.352
505.437
622.954
508.031
581.279
571.106
557.544
482.78
556.009
580.468
517.913
512.925
540.903
531.376
518.36
514.681
584.466
546.745
590.093
589.858
541.753
537.536
530.718
523.688
532.311
589.254
552.241
565.426
636.004
527.879
537.863
612.852
587.87
541.149
533.043
559.977
549.729
528.023
535.702
540.611
606.736
608.569
538.368
558.381
503.75
491.12
549.885
548.015
612.866
511.718
463.055
546.212
603.832
486.775
488.378
469.92
603.374
629.518
563.146
524.314
583.794
550.387
503.222
543.605
594.668
534.43
548.016
496.655
547.148
657.739
464.419
506.671
514.443
495.62
498.901
553.431
543.055
575.37
638.587
559.461
554.249
576.509
496.396
514.923
542.628
559.699
599.675
585.648
617.253
610.278
447.121
564.034
543.734
533.399
561.115
579.748
541.906
576.284
575.803
459.403
567.616
603.953
551.196
514.84
517.613
530.586
567.706
547.032
535.494
575.33
603.585
543.977
510.523
476.917
484.203
573.551
563.966
527.615
557.643
483.05
566.958
545.238
536.821
496.377
552.172
576.703
513.144
598.718
601.512
477.146
532.179
537.122
546.294
559.539
511.873
521.13
499.481
564.241
510.363
464.882
547.721
519.43
500.79
554.613
517.721
561.682
656.002
502.9
537.44
597.645
570.015
561.725
547.236
532.64
526.454
569.31
534.058
569.284
546.406
472.045
528.761
576.425
527.76
572.129
602.793
492.056
553.471
585.131
510.508
457.924
592.133
539.413
483.581
493.276
491.001
505.376
536.214
546.387
515.531
569.201
542.255
536.891
522.677
604.507
528.881
571.168
571.703
567.34
477.684
471.623
607.461
614.745
490.206
500.353
494.487
584.755
517.387
513.948
668.216
556.913
587.926
597.342
531.021
525.15
546.38
526.519
546.387
482.184
510.13
609.727
519.448
560.247
556.485
535.537
520.788
516.944
655.981
404.719
549.523
522.455
638.412
600.126
529.135
539.026
494.604
567.955
520.999
477.579
536.586
551.52
566.286
556.239
547.318
520.41
517.902
552.581
562.956
590.561
551.078
603.345
609.963
498.819
564.269
641.72
586.864
506.998
566.987
499.87
545.951
548.426
602.778
608.679
437.73
594.426
527.926
542.791
548.776
720.226
474.01
530.96
586.434
543.226
513.067
533.611
538.418
633.114
541.182
681.714
528.986
594.098
539.258
509.954
491.189
566.657
560.325
468.746
575.38
520.616
532.368
552.376
527.947
484.098
541.867
542.428
511.006
594.992
618.793
514.085
653.183
572.941
505.399
524.588
569.837
602.576
549.955
538.896
467.295
589.875
578.112
554.243
438.058
550.594
564.922
546.042
548.33
632.887
597.694
528.057
594.152
562.841
573.363
572.209
541.453
468.315
549.847
549.928
553.365
523.066
506.197
596.351
628.436
549.081
489.853
605.41
546.706
509.916
552.973
586.632
470.016
538.03
515.438
486.201
556.443
548.234
505.879
509.103
504.767
586.608
547.746
499.204
566.64
509.28
534.831
564.781
554.93
521.327
591.063
534.831
607.004
544.596
535.212
523.438
545.321
587.483
597.263
561.703
519.593
529.861
604.958
557.929
626.322
508.169
527.01
458.852
504.705
578.534
539.162
575.059
542.369
495.912
522.063
556.982
556.898
512.011
467.213
534.368
572.705
512.595
555.265
526.354
565.693
569.126
582.534
569.24
499.841
529.206
520.514
478.234
549.373
512.776
513.385
468.236
576.199
565.904
589.406
598.178
546.33
581.661
497.666
562.227
613.493
563.346
599.211
590.259
618.486
569.262
577.418
586.406
551.056
447.36
543.238
491.985
596.85
576.537
480.013
458.342
573.449
517.404
529.968
550.751
496.748
575.937
628.3
549.393
545.946
556.799
551.405
578.021
550.359
597.873
559.408
563.254
518.558
613.517
529.932
460.294
530.91
593.382
585.594
495.908
541.75
515.241
570.449
523.296
611.216
479.109
554.99
598.368
556.27
579.869
518.979
510.018
558.687
611.2
602.821
538.548
537.234
528.066
535.683
575.445
570.116
552.051
599.839
557.486
583.955
478.212
470.494
601.114
616.201
636.129
575.679
488.648
590.763
620.129
508.233
546.158
511.001
618.342
541.594
570.648
598.597
522.333
580.432
572.105
555.293
536.03
596.81
595.461
590.591
524.447
534.911
604.052
585.454
519.722
574.649
543.054
600.675
609.059
559.461
653.709
483.395
465.16
604.67
482.429
495.154
549.537
530.487
615.502
559.64
590.858
591.407
519.468
564.344
519.26
505.817
541.192
550.068
494.796
569.853
600.523
619.767
538.03
547.863
581.405
537.595
557.538
513.811
570.746
520.753
492.518
588.408
520.306
604.194
559.199
500.228
485.502
686.266
490.533
614.572
496.537
533.686
530.249
573.555
594.352
522.098
546.704
581.443
552.684
475.347
541.556
507.021
584.874
548.864
604.566
485.809
564.401
478.512
564.574
531.839
540.828
588.137
521.126
547.684
555.166
475.971
585.541
475.645
564.879
563.299
586.785
537.288
545.689
474.614
484.259
571.689
436.887
599.542
482.135
470.262
588.102
548.757
488.711
545.355
509.49
563.397
623.26
449.961
586.883
511.792
641.477
503.764
501.766
549.787
538.807
543.298
624.595
514.798
535.115
519.193
575.415
535.437
557.938
493.422
550.722
541.568
545.333
571.561
554.052
598.033
572.657
531.795
636.409
584.539
601.437
441.867
596.164
480.477
535.603
612.096
490.041
534.014
614.538
435.248
575.741
593.281
580.526
580.375
501.639
526.631
504.057
588.349
553.77
504.953
520.114
535.802
560.685
493.735
509.574
571.741
513.184
538.801
606.978
546.874
508.91
514.322
534.12
549.846
529.411
576.533
544.592
622.253
559.364
572.48
571.575
545.993
523.018
552.502
506.632
526.662
443.985
655.741
467.727
490.888
658.618
532.604
587.085
581.393
550.66
617.487
564.557
507.229
500.158
519.168
559.076
590.595
585.424
516.217
493.879
533.537
521.931
507.963
568.688
488.704
507.746
480.341
515.476
553.931
652.527
564.585
579.293
520.895
553.973
475.798
681.329
452.231
580.129
563.882
474.9
561.951
603.98
550.438
490.213
571.889
509.68
590.456
548.793
469.554
598.849
495.01
514.669
642.628
593.112
528.093
488.745
534.424
520.86
544.858
572.881
529.706
628.295
577.324
487.916
527.616
578.253
479.46
534.941
531.963
458.112
510.121
532.337
563.986
477.522
594.92
568.423
517.958
539.605
663.123
502.751
510.376
495.965
497.986
507.428
531.517
514.845
559.977
494.695
575.384
590.462
488.023
500.311
610.414
483.401
578.545
556.876
585.459
620.852
526.263
565.363
518.672
542.857
495.211
561.866
556.141
559.12
569.791
579.518
491.509
507.584
492.793
511.077
473.725
589.089
610.207
584.052
571.053
581.137
516.318
536.361
551.315
490.895
564.229
586.305
561.441
502.227
549.716
478.377
580.753
529.779
599.913
557.747
570.438
549.283
624.622
590.308
583.37
523.215
506.58
590.575
570.151
485.786
550.773
638.233
471.564
539.288
589.823
634.456
603.831
522.785
491.019
525.641
493.256
469.967
505.465
476.893
584.967
519.072
560.446
492.652
489.08
544.788
519.921
549.007
519.417
522.887
499.708
509.661
552.974
515.383
551.946
543.482
512.094
583.697
593.755
589.45
563.96
556.846
555.395
605.286
538.471
548.346
554.049
549.589
460.003
542.461
592.737
567.464
629.076
538.732
516.195
523.82
515.988
528.689
629.704
581.413
562.475
489.783
545.609
528.588
556.929
474.474
572.897
583.161
513.278
565.269
467.855
581.55
580.148
461.544
580.63
520.465
574.288
486.67
548.324
581.269
469.888
533.314
565.666
552.207
566.376
510.969
470.802
552.497
532.286
558.764
545.323
547.388
676.822
534.863
554.964
544.535
566.242
530.825
578.404
614.901
532.752
543.824
600.722
534.642
624.289
582.605
492.168
493.057
509.067
519.925
534.245
518.71
613.989
444.738
561.782
535.326
522.839
579.916
624.7
528.002
513.876
533.089
545.873
561.088
643.917
627.365
582.234
593.336
498.461
484.507
541.093
562.638
534.172
463.27
544.079
523.123
496.268
476.79
556.252
594.553
580.225
473.548
589.153
642.297
538.324
570.893
603.735
563.693
566.227
623.209
618.967
510.605
544.946
572.613
466.912
547.312
634.426
500.028
535.011
594.923
504.403
529.647
491.412
510.059
537.159
573.854
570.042
505.939
604.739
488.746
531.351
609.405
498.015
512.584
544.033
540.099
578.941
571.496
504.627
539.555
594.896
506.632
536.121
567.132
509.766
548.21
514.478
629.63
529.806
511.398
439.487
486.535
570.327
548.544
541.311
519.485
530.14
531.368
530.579
499.048
511.634
556.823
562.164
659.153
519.998
521.804
501.769
547.709
534.417
613.417
666.897
592.825
572.162
605.843
523.762
548.949
564.814
515.788
496.399
508.394
577.936
577.327
416.641
533.678
559.366
446.257
520.017
564.294
494.795
521.571
498.101
591.17
579.538
564.794
612.47
576.949
598.574
566.235
524.884
592.92
434.726
548.464
518.337
551.827
577.246
537.197
506.264
586.561
521.448
560.55
518.911
491.855
587.473
540.817
496.337
537.052
588.627
497.56
581.323
562.678
528.248
563.511
518.647
553.929
549.643
490.451
602.872
629.127
549.766
579.729
496.66
539.382
544.414
577.807
480.048
518.115
547.79
496.122
461.201
565.534
524.762
548.927
552.512
519.286
555.638
616.918
552.594
544.873
592.075
592.027
592.245
508.283
480.408
624.136
542.06
541.489
577.785
582.938
562.791
519.624
617.423
523.854
495.488
562.49
497.726
624.927
553.078
446.032
602.515
451.396
565.665
586.105
589.891
516.647
494.141
492.068
441.309
499.726
505.515
565.592
511.763
512.299
576.222
601.373
558.708
518.545
512.232
551.553
569.429
491.542
489.25
520.113
546.958
491.845
616.258
570.089
527.298
470.803
625.686
591.545
538.779
533.94
519.765
509.292
474.134
495.591
662.134
501.192
544.774
492.54
395.612
561.11
603.132
526.087
610.74
565.338
534.52
653.235
547.233
539.914
611.407
523.497
565.984
517.239
566.701
561.203
604.822
537.81
545.984
514.203
533.097
574.534
580.895
536.713
527.762
529.642
511.514
493.636
613.263
611.939
572
583.646
581.006
462.122
478.433
579.873
504.669
507.32
419.096
544.574
525.938
545.902
556.946
581.051
556.659
546.242
538.611
512.379
531.494
542.258
493.298
565.401
559.665
557.649
481.146
602.896
526.927
639.586
503.13
564.613
491.265
503.8
562.69
581.511
630.468
562.581
547.92
582.295
571.134
615.71
637.176
525.262
547.923
593.806
496.52
551.533
570.577
478.045
490.952
575.913
564.559
572.591
555.03
575.543
589.911
553.487
578.395
452.914
622.831
466.309
606.928
497.167
646.657
524.387
591.419
645.334
509.616
506.004
572.17
499.696
526.254
519.184
459.174
518.239
572.163
430.253
590.592
562.276
544.333
561.91
508.524
561.654
524.344
613.276
508.453
509.921
632.793
539.288
570.751
567.75
472.367
521.503
615.302
535.03
533.087
547.119
471.027
526.165
452.803
525.234
511.19
593.035
567.349
573.1
538.939
552.451
526.71
551.803
496.236
469.678
496.547
606.297
588.146
522.304
547.805
568.769
597.454
526.566
492.648
568.081
544.38
501.683
544.491
417.392
549.31
529.537
551.364
467.33
543.189
550.555
627.751
544.736
564.53
580.975
569.365
480.371
499.779
585.511
565.191
539.618
506.723
621.762
554.09
507.712
614.929
595.932
577.638
542.43
526.999
681.277
508.037
595.898
591.333
510.973
480.465
501.118
506.884
498.802
551.804
487.997
551.547
555.33
536.528
557.085
517.048
571.225
557.85
605.962
538.433
580.166
563.238
535.934
595.682
543.479
591.803
489.996
553.59
444.447
491.8
539.104
638.6
582.519
584.671
517.866
530.454
530.917
543.524
585.632
503.918
590.277
493.277
646.996
559.796
573.044
532.475
571.894
581.002
531.601
562.377
464.453
540.453
545.836
463.587
560.222
578.269
534.53
483.751
630.273
527.042
583.84
565.855
535.795
515.536
535.42
554.801
542.662
480
558.854
517.338
551.26
580.76
584.624
490.659
561.241
565.677
612.58
614.963
589.684
543.176
529.354
562.513
518.014
602.324
564.911
548.123
544.457
532.48
511.19
534.304
596.133
598.374
595.795
534.931
578.342
572.354
537.025
473.605
649.853
515.873
574.995
646.96
591.459
466.354
479.751
475.315
609.458
627.505
561.007
566.265
566.519
497.37
481.808
583.589
514.359
584.265
593.073
639.328
563.128
550.253
506.198
499.207
543.893
583.826
458.727
622.826
460.74
561.599
642.49
679.659
534.277
552.205
522.597
555.43
517.343
606.626
464.761
598.948
550.575
527.007
499.277
526.134
574.974
566.157
487.547
566.982
560.267
573.749
592.482
491.196
603.901
589.282
493.944
552.118
521.501
635.422
544.019
561.607
525.752
556.282
561.342
651.096
484.041
519.686
597.889
622.187
482.724
556.132
490.059
526.895
486.357
554.174
493.822
547.123
653.177
482.325
570.936
623.616
570.978
624.167
536.854
547.866
557.221
462.302
539.566
645.711
602.582
600.181
591.62
629.61
499.124
511.437
542.497
521.364
486.004
583.647
595.379
548.934
519.272
590.95
552.358
536.553
488.278
499.134
468.564
534.929
585.192
529.064
522.95
549.592
547.637
598.536
500.906
521.407
579.454
511.503
548.789
533.556
604.354
546.29
587.498
592.869
535.464
512.496
555.083
544.361
513.904
585.805
561.653
641.171
530.864
577.968
522.006
539.254
561.669
523.866
466.569
521.742
531.813
545.76
545.022
575.991
552.038
487.468
582.522
610.763
484.747
531.171
553.95
534.903
494.894
570.881
544.661
545.58
554.296
508.365
535.646
574.655
547.746
500.509
595.138
582.485
565.491
575.34
540.552
549.928
635.769
567.984
591.701
520.851
605.963
560.852
567.779
596.954
588.913
558.77
568.886
581.484
527.162
530.74
602.473
537.075
453.961
584.131
423.929
583.477
620.193
470.012
610.034
581.521
557.544
580.036
581.404
577.374
505.215
533.107
518.022
520.632
561.011
602.672
452.277
579.465
559.129
596.099
511.963
572.878
531.643
623.815
540.04
595.808
566.814
517.411
590.514
615.566
576.161
575.837
532.706
538.464
514.073
614.052
573.366
531.446
576.638
544.022
520.066
516.39
491.721
631.94
581.999
506.143
570.87
524.052
612.082
516.971
601.572
577.731
566.018
481.121
502.068
577.348
492.796
567.501
542.555
561.282
613.074
501.91
497.385
519.585
534.571
659.112
594.847
531.639
569.47
513.074
535.755
534.251
583.912
579.834
572.955
631.375
554.492
508.88
547.175
533.397
552.893
474.233
548.25
486.289
548.874
509.792
532.232
536.632
533.675
581.453
610.157
522.717
496.733
589.656
478.701
529.201
579.891
546.099
562.665
552.843
533.02
514.154
468.447
517.64
530.845
579.685
496.69
559.313
501.401
553.724
488.257
512.371
606.714
500.606
579.85
571.068
650.759
530.39
568.632
603.468
574.802
583.202
532.939
487.908
636.485
494.78
487.265
651.782
549.589
459.629
476.719
562.881
480.013
552.734
612.881
580.051
587.925
499.807
585.613
524.677
552.303
554.771
557.919
502.021
618.762
569.406
501.581
523.8
586.158
594.682
590.659
481.187
527.973
528.193
525.82
552.212
533.885
581.187
650.678
536.814
559.611
506.138
475.933
516.307
548.813
544.462
531.713
564.27
514.86
566.456
461.195
552.539
559.537
589.158
570.569
540.474
563.472
533.336
502.096
574.517
611.989
520.409
517.834
444.416
498.816
632.335
523.297
563.898
585.368
481.816
480.964
530.383
586.055
534.612
537.607
521.32
495.531
605.813
579.971
581.414
546.672
479.767
540.02
438.369
525.621
487.843
564.29
610.713
522.308
545.591
533.648
557.494
593.91
565.946
526.024
545.606
599.03
588.658
654.335
564.461
506.978
494.555
543.132
643.424
523.004
568.067
551.064
571.332
510.358
484.088
579.753
596.81
573.952
496.581
538.668
559.437
551.137
506.439
554.789
608.151
618.415
519.212
562.376
525.79
547.852
580.696
631.86
581.555
543.716
593.407
516.753
419.481
591.633
556.15
497.42
514.43
526.159
591.034
605.674
562.255
502.936
481.068
443.046
608.783
495.849
541.7
517.927
540.732
590.549
601.026
582.11
582.252
477.318
504.314
558.017
537.321
516.974
531.106
562.568
552.964
583.096
517.864
568.4
538.843
562.942
551.334
569.562
516.044
569.006
495.401
497.887
446.298
526.655
518.904
588.512
604.607
561.94
547.216
564.891
481.461
642.416
557.615
525.594
502.858
504.656
507.273
557.103
555.101
562.468
617.387
527.465
562.225
534.698
592.495
546.201
509.507
512.551
498.215
565.888
459.458
597.964
544.781
468.622
601.42
558.926
458.751
488.338
521.975
657.961
505.561
549.115
502.61
607.411
589.013
519.13
542.131
599.839
537.674
464.871
642.747
482.111
571.008
493.92
561.671
484.842
627.536
538.129
557.883
516.295
503.013
521.458
592.137
566.221
568.688
513.153
539.01
504.993
528.538
499.149
558.369
604.858
583.4
588.413
533.329
557.382
627.983
595.624
542.413
473.445
524.291
504.995
522.496
542.538
557.028
602.641
545.114
534.918
495.128
485.192
514.259
563.094
670.348
583.681
490.977
543.983
546.54
528.307
553.565
492.709
563.789
500.87
502.28
558.517
538.716
500.317
529.382
658.239
578.265
477.372
487.219
481.257
520.217
589.498
506.923
557.167
579.816
551.282
488.549
555.589
527.664
528.431
631.541
532.717
510.874
598.623
484.765
510.005
527.328
466.266
520.189
605.624
548.556
519.555
538.816
510.177
547.345
556.378
554.653
534.063
487.906
529.775
553.652
566.295
523.134
501.133
532.405
545.766
600.447
509.196
517.207
646.939
525.294
552.468
501.475
633.779
530.472
497.438
528.568
566.744
555.405
535.138
559.32
561.664
540.628
547.561
577.253
594.332
529.914
533.283
441.961
519.498
491.66
508.714
467.146
544.736
578.447
497.781
521.974
493.99
589.219
495.286
541.461
538.96
558.198
623.083
551.801
544.199
523.175
587.964
523.626
529.998
577.044
470.923
560.485
506.666
563.809
552.508
526.785
471.831
566.855
508.353
550.722
558.399
644.586
548.811
549.735
572.4
626.42
485.173
593.773
612.285
477.173
500.973
574.453
576.766
523.503
562.234
520.49
574.382
547.363
528.029
646.682
480.794
558.105
592.992
601.01
606.306
540.842
549.781
577.971
576.893
633.456
562.745
538.786
510.699
510.069
473.593
532.954
539.503
489.327
512.263
514.747
617.018
515.46
573.722
489.58
633.16
566.009
523.075
555.566
458.9
532.737
524.425
587.633
556.966
536.076
466.952
540.995
503.202
485.181
633.928
541.599
576.418
592.332
565.957
582.841
634.668
548.921
455.813
511.455
581.221
567.704
501.612
534.775
567.659
557.097
518.087
519.918
642.31
556.259
599.639
495.402
559.332
597.581
585.235
532.714
577.075
620.556
529.294
587.449
522.882
539.58
542.839
561.451
498.368
543.159
524.31
523.827
567.893
618.423
551.396
609.169
556.013
527.181
518.516
511.383
547.839
532.344
560.697
534.859
599.473
600.805
483.946
510.901
565.482
542.031
511.228
535.201
510.745
582.837
514.995
591.772
588.807
499.789
500.825
454.559
551.787
538.79
558.91
678.438
554.511
506.647
597.137
595.001
645.902
526.953
524.911
513.094
531.671
557.582
615.528
592.454
576.998
632.472
518.069
559.378
552.154
557.423
575.901
523.933
612.662
555.88
447.429
667.757
479.14
577.585
476.545
492.99
572.023
495.977
584.842
437.414
596.553
614.964
516.325
588.684
653.627
503.627
529.237
528.443
598.034
594.315
586.592
524.483
553.802
632.039
581.891
506.771
622.967
494.071
502.694
576.528
605.377
491.255
540.95
499.745
629.063
590.97
599.294
494.079
596.194
539.721
568.426
593.431
576.479
540.154
508.802
510.486
441.063
537.195
535.148
535.739
595.398
567.063
531.043
569.041
517.318
536.915
605.697
502.089
470.534
529.569
559.758
501.791
541.966
489.095
617.388
549.409
602.276
577.839
493.082
495.534
465.265
458.209
583.775
520.54
577.766
548.191
451.181
572.989
523.82
619.219
564.278
502.022
556.922
538.662
609.625
496.384
539.488
531.367
556.972
510.231
485.515
605.689
440.899
492.231
500.841
532.961
528.515
515.977
547.474
560.116
644.722
505.223
636.3
530.323
602.275
505.964
471.273
551.509
514.446
558.452
569.129
608.136
525.868
563.142
542.772
563.525
598.718
551.893
601.705
491.696
494.084
